timestamp,src_ip,dest_ip,src_port,dest_port,proto,event_type,app_proto,flow_id,pkt_src,has_flow,pkts_toserver,pkts_toclient,bytes_toserver,bytes_toclient,duration,total_pkts,total_bytes,has_alert,alert_category,alert_severity,alert_signature,alert_signature_id,label_evidence_alert,label_evidence_compromised_ip,label_status,label_reason,Target_prelim,application,app_filter_reason
2025-07-19T23:02:24.929571+0700,103.195.142.74,202.134.0.155,30645,53,UDP,dns,,51831149349770,wire/pcap,0,0,0,0,0,0.0,0,0,0,none,0,none,0,0,0,no_alert_unknown,no_alert_not_final_benign,-1,dns,port
2025-07-19T23:02:24.933012+0700,103.195.142.74,118.98.44.20,11529,53,UDP,dns,,66609608714492,wire/pcap,0,0,0,0,0,0.0,0,0,0,none,0,none,0,0,0,no_alert_unknown,no_alert_not_final_benign,-1,dns,port
2025-07-19T23:02:24.946140+0700,103.195.142.74,118.98.44.50,61211,53,UDP,dns,,122992017046334,wire/pcap,0,0,0,0,0,0.0,0,0,0,none,0,none,0,0,0,no_alert_unknown,no_alert_not_final_benign,-1,dns,port
2025-07-19T23:02:24.956379+0700,103.195.142.74,202.134.0.155,11218,53,UDP,dns,,166967142868362,wire/pcap,0,0,0,0,0,0.0,0,0,0,none,0,none,0,0,0,no_alert_unknown,no_alert_not_final_benign,-1,dns,port
2025-07-19T23:02:24.963714+0700,103.195.142.74,118.98.44.100,38218,53,UDP,dns,,198473814978391,wire/pcap,0,0,0,0,0,0.0,0,0,0,none,0,none,0,0,0,no_alert_unknown,no_alert_not_final_benign,-1,dns,port
2025-07-19T23:02:24.979226+0700,103.195.142.74,118.98.44.20,49880,53,UDP,dns,,265095024653050,wire/pcap,0,0,0,0,0,0.0,0,0,0,none,0,none,0,0,0,no_alert_unknown,no_alert_not_final_benign,-1,dns,port
2025-07-19T23:02:24.983742+0700,103.195.142.74,118.98.44.50,40524,53,UDP,dns,,3016249411304,wire/pcap,0,0,0,0,0,0.0,0,0,0,none,0,none,0,0,0,no_alert_unknown,no_alert_not_final_benign,-1,dns,port
2025-07-19T23:02:25.015311+0700,103.195.142.74,202.134.0.155,29969,53,UDP,dns,,347239393246021,wire/pcap,0,0,0,0,0,0.0,0,0,0,none,0,none,0,0,0,no_alert_unknown,no_alert_not_final_benign,-1,dns,port
2025-07-19T23:02:25.022941+0700,103.195.142.74,118.98.44.20,57269,53,UDP,dns,,380007559708519,wire/pcap,0,0,0,0,0,0.0,0,0,0,none,0,none,0,0,0,no_alert_unknown,no_alert_not_final_benign,-1,dns,port
2025-07-19T23:02:25.042970+0700,103.195.142.74,118.98.44.50,28363,53,UDP,dns,,466032506916184,wire/pcap,0,0,0,0,0,0.0,0,0,0,none,0,none,0,0,0,no_alert_unknown,no_alert_not_final_benign,-1,dns,port
2025-07-19T23:02:25.077617+0700,103.195.142.74,118.98.44.50,62579,53,UDP,dns,,333365320288903,wire/pcap,0,0,0,0,0,0.0,0,0,0,none,0,none,0,0,0,no_alert_unknown,no_alert_not_final_benign,-1,dns,port
2025-07-19T23:02:26.190272+0700,103.195.142.83,87.98.154.119,53,5791,UDP,flow,failed,112602109229893,,1,1,0,1190,0,0.0,1,1190,0,none,0,none,0,0,0,no_alert_unknown,no_alert_not_final_benign,-1,dns,port
2025-07-19T23:02:25.145295+0700,103.195.142.74,202.134.0.155,14761,53,UDP,dns,,342563424029336,wire/pcap,0,0,0,0,0,0.0,0,0,0,none,0,none,0,0,0,no_alert_unknown,no_alert_not_final_benign,-1,dns,port
2025-07-19T23:02:25.460189+0700,103.195.142.83,87.98.154.119,53,29336,UDP,flow,failed,444149245825294,,1,1,0,1190,0,0.0,1,1190,0,none,0,none,0,0,0,no_alert_unknown,no_alert_not_final_benign,-1,dns,port
2025-07-19T23:02:25.059921+0700,103.195.142.74,118.98.44.50,50913,53,UDP,dns,,538836212234499,wire/pcap,0,0,0,0,0,0.0,0,0,0,none,0,none,0,0,0,no_alert_unknown,no_alert_not_final_benign,-1,dns,port
2025-07-19T23:02:26.190373+0700,103.195.142.46,87.98.154.215,53,10799,UDP,flow,failed,253632252957013,,1,1,0,1437,0,0.0,1,1437,0,none,0,none,0,0,0,no_alert_unknown,no_alert_not_final_benign,-1,dns,port
2025-07-19T23:02:26.190699+0700,103.195.142.83,87.98.154.14,53,6131,UDP,flow,failed,2049735075582361,,1,1,0,1190,0,0.0,1,1190,0,none,0,none,0,0,0,no_alert_unknown,no_alert_not_final_benign,-1,dns,port
2025-07-19T23:02:24.973019+0700,103.195.142.74,118.98.44.20,54873,53,UDP,dns,,238436919140119,wire/pcap,0,0,0,0,0,0.0,0,0,0,none,0,none,0,0,0,no_alert_unknown,no_alert_not_final_benign,-1,dns,port
2025-07-19T23:02:26.190738+0700,103.195.142.46,87.98.154.119,53,47107,UDP,flow,failed,26298270175668,,1,1,0,1437,0,0.0,1,1437,0,none,0,none,0,0,0,no_alert_unknown,no_alert_not_final_benign,-1,dns,port
2025-07-19T23:02:26.191190+0700,103.195.142.195,87.98.154.116,53,54050,UDP,flow,failed,1508246621868565,,1,3,0,4311,0,10.0,3,4311,0,none,0,none,0,0,0,no_alert_unknown,no_alert_not_final_benign,-1,dns,port
2025-07-19T23:02:26.191358+0700,103.195.142.195,87.98.154.172,53,14416,UDP,flow,failed,196787649598034,,1,1,0,1437,0,0.0,1,1437,0,none,0,none,0,0,0,no_alert_unknown,no_alert_not_final_benign,-1,dns,port
2025-07-19T23:02:26.191368+0700,103.195.142.76,87.98.154.74,53,19903,UDP,flow,failed,2215739862700665,,1,1,0,1469,0,0.0,1,1469,0,none,0,none,0,0,0,no_alert_unknown,no_alert_not_final_benign,-1,dns,port
2025-07-19T23:02:26.191528+0700,103.195.142.109,87.98.154.17,53,2008,UDP,flow,failed,412551106810766,,1,1,0,1437,0,0.0,1,1437,0,none,0,none,0,0,0,no_alert_unknown,no_alert_not_final_benign,-1,dns,port
2025-07-19T23:02:26.191540+0700,103.195.142.3,20.44.24.96,53,63559,UDP,flow,failed,481955345814599,,1,1,0,125,0,0.0,1,125,0,none,0,none,0,0,0,no_alert_unknown,no_alert_not_final_benign,-1,dns,port
2025-07-19T23:02:26.191553+0700,103.195.142.76,87.98.154.119,53,4232,UDP,flow,failed,2115772688782598,,1,1,0,1469,0,0.0,1,1469,0,none,0,none,0,0,0,no_alert_unknown,no_alert_not_final_benign,-1,dns,port
2025-07-19T23:02:26.191569+0700,103.185.193.21,1.1.1.1,38342,53,UDP,flow,dns,2143186744792416,,1,1,0,80,0,0.0,1,80,0,none,0,none,0,0,0,no_alert_unknown,no_alert_not_final_benign,-1,dns,app_proto+port
2025-07-19T23:02:26.191577+0700,103.195.142.83,87.98.154.102,53,20289,UDP,flow,failed,2153309961409936,,1,3,0,3570,0,9.0,3,3570,0,none,0,none,0,0,0,no_alert_unknown,no_alert_not_final_benign,-1,dns,port
2025-07-19T23:02:26.191590+0700,103.195.142.74,118.98.44.100,4024,53,UDP,flow,dns,487921908667868,,1,1,0,83,0,0.0,1,83,0,none,0,none,0,0,0,no_alert_unknown,no_alert_not_final_benign,-1,dns,app_proto+port
2025-07-19T23:02:26.191597+0700,103.195.142.75,8.8.8.8,3230,53,UDP,flow,dns,539123806655995,,1,1,0,68,0,0.0,1,68,0,none,0,none,0,0,0,no_alert_unknown,no_alert_not_final_benign,-1,dns,app_proto+port
2025-07-19T23:02:26.191605+0700,103.195.142.196,87.98.154.109,53,5455,UDP,flow,failed,2029654252017159,,1,1,0,1437,0,0.0,1,1437,0,none,0,none,0,0,0,no_alert_unknown,no_alert_not_final_benign,-1,dns,port
2025-07-19T23:02:26.191621+0700,103.195.142.74,118.98.44.50,27887,53,UDP,flow,dns,485640133563985,,1,1,0,72,0,0.0,1,72,0,none,0,none,0,0,0,no_alert_unknown,no_alert_not_final_benign,-1,dns,app_proto+port
2025-07-19T23:02:26.191628+0700,103.195.142.74,118.98.44.20,14197,53,UDP,flow,dns,60468153636524,,1,1,0,142,0,0.0,1,142,0,none,0,none,0,0,0,no_alert_unknown,no_alert_not_final_benign,-1,dns,app_proto+port
2025-07-19T23:02:26.191636+0700,103.195.142.165,87.98.154.229,53,44250,UDP,flow,failed,2187106291504851,,1,1,0,1437,0,0.0,1,1437,0,none,0,none,0,0,0,no_alert_unknown,no_alert_not_final_benign,-1,dns,port
2025-07-19T23:02:26.191666+0700,103.195.142.109,87.98.154.241,53,44209,UDP,flow,failed,2058062869715104,,1,1,0,1437,0,0.0,1,1437,0,none,0,none,0,0,0,no_alert_unknown,no_alert_not_final_benign,-1,dns,port
2025-07-19T23:02:26.191683+0700,103.195.142.109,87.98.154.93,53,37731,UDP,flow,failed,480288474552560,,1,1,0,1437,0,0.0,1,1437,0,none,0,none,0,0,0,no_alert_unknown,no_alert_not_final_benign,-1,dns,port
2025-07-19T23:02:26.191690+0700,103.195.142.2,202.152.254.230,53,45818,UDP,flow,failed,391644825213312,,1,1,0,135,0,0.0,1,135,0,none,0,none,0,0,0,no_alert_unknown,no_alert_not_final_benign,-1,dns,port
2025-07-19T23:02:25.204591+0700,103.195.142.74,118.98.44.20,59106,53,UDP,dns,,315764824989304,wire/pcap,0,0,0,0,0,0.0,0,0,0,none,0,none,0,0,0,no_alert_unknown,no_alert_not_final_benign,-1,dns,port
2025-07-19T23:02:26.191703+0700,103.195.142.76,87.98.154.117,53,2971,UDP,flow,failed,377541522708968,,1,1,0,1469,0,0.0,1,1469,0,none,0,none,0,0,0,no_alert_unknown,no_alert_not_final_benign,-1,dns,port
2025-07-19T23:02:26.191735+0700,103.195.142.3,5.255.252.237,53,19236,UDP,flow,failed,324212884265901,,1,1,0,154,0,0.0,1,154,0,none,0,none,0,0,0,no_alert_unknown,no_alert_not_final_benign,-1,dns,port
2025-07-19T23:02:26.191743+0700,103.195.142.75,8.8.8.8,50308,53,UDP,flow,dns,2046377952697296,,1,1,0,80,0,0.0,1,80,0,none,0,none,0,0,0,no_alert_unknown,no_alert_not_final_benign,-1,dns,app_proto+port
2025-07-19T23:02:26.191751+0700,103.195.142.76,87.98.154.117,53,23252,UDP,flow,failed,2191693476420566,,1,1,0,1469,0,0.0,1,1469,0,none,0,none,0,0,0,no_alert_unknown,no_alert_not_final_benign,-1,dns,port
2025-07-19T23:02:26.191758+0700,103.195.142.165,87.98.154.119,53,62098,UDP,flow,failed,426206780480491,,1,1,0,1437,0,0.0,1,1437,0,none,0,none,0,0,0,no_alert_unknown,no_alert_not_final_benign,-1,dns,port
2025-07-19T23:02:26.191772+0700,103.195.142.74,118.98.44.100,43532,53,UDP,flow,dns,123145850739885,,1,1,0,73,0,0.0,1,73,0,none,0,none,0,0,0,no_alert_unknown,no_alert_not_final_benign,-1,dns,app_proto+port
2025-07-19T23:02:26.191789+0700,103.195.142.165,87.98.154.201,53,38202,UDP,flow,failed,2187403769371967,,1,1,0,1437,0,0.0,1,1437,0,none,0,none,0,0,0,no_alert_unknown,no_alert_not_final_benign,-1,dns,port
2025-07-19T23:02:26.191796+0700,103.195.142.74,118.98.44.100,25361,53,UDP,flow,dns,524453798763870,,1,1,0,148,0,0.0,1,148,0,none,0,none,0,0,0,no_alert_unknown,no_alert_not_final_benign,-1,dns,app_proto+port
2025-07-19T23:02:26.191819+0700,103.195.142.196,87.98.154.225,53,9829,UDP,flow,failed,2169019540659648,,1,3,0,4311,0,9.0,3,4311,0,none,0,none,0,0,0,no_alert_unknown,no_alert_not_final_benign,-1,dns,port
2025-07-19T23:02:26.191842+0700,103.195.142.165,87.98.154.201,53,32290,UDP,flow,failed,2005373736542073,,1,1,0,1437,0,0.0,1,1437,0,none,0,none,0,0,0,no_alert_unknown,no_alert_not_final_benign,-1,dns,port
2025-07-19T23:02:26.191849+0700,103.195.142.195,87.98.154.119,53,55277,UDP,flow,failed,204609525407744,,1,1,0,1437,0,0.0,1,1437,0,none,0,none,0,0,0,no_alert_unknown,no_alert_not_final_benign,-1,dns,port
2025-07-19T23:02:26.191865+0700,103.195.142.109,87.98.154.119,53,12347,UDP,flow,failed,88192710959265,,1,1,0,1437,0,0.0,1,1437,0,none,0,none,0,0,0,no_alert_unknown,no_alert_not_final_benign,-1,dns,port
2025-07-19T23:02:26.192000+0700,103.195.142.195,87.98.154.118,53,44775,UDP,flow,failed,2057638462120145,,1,1,0,1437,0,0.0,1,1437,0,none,0,none,0,0,0,no_alert_unknown,no_alert_not_final_benign,-1,dns,port
2025-07-19T23:02:25.005833+0700,103.195.142.74,118.98.44.100,22247,53,UDP,dns,,306529098691820,wire/pcap,0,0,0,0,0,0.0,0,0,0,none,0,none,0,0,0,no_alert_unknown,no_alert_not_final_benign,-1,dns,port
2025-07-19T23:02:26.192009+0700,103.195.142.46,87.98.154.117,53,39006,UDP,flow,failed,330452769595691,,1,1,0,1437,0,0.0,1,1437,0,none,0,none,0,0,0,no_alert_unknown,no_alert_not_final_benign,-1,dns,port
2025-07-19T23:02:25.086482+0700,103.195.142.74,208.91.112.55,40996,53,UDP,dns,,371437959945250,wire/pcap,0,0,0,0,0,0.0,0,0,0,none,0,none,0,0,0,no_alert_unknown,no_alert_not_final_benign,-1,dns,port
2025-07-19T23:02:26.192245+0700,103.195.142.109,87.98.154.119,53,12798,UDP,flow,failed,1989150749253992,,1,1,0,1437,0,0.0,1,1437,0,none,0,none,0,0,0,no_alert_unknown,no_alert_not_final_benign,-1,dns,port
2025-07-19T23:02:26.192262+0700,103.195.142.195,87.98.154.117,53,63747,UDP,flow,failed,528923657396617,,1,1,0,1437,0,0.0,1,1437,0,none,0,none,0,0,0,no_alert_unknown,no_alert_not_final_benign,-1,dns,port
2025-07-19T23:02:26.192322+0700,103.195.142.109,87.98.154.119,53,62697,UDP,flow,failed,34900077208136,,1,1,0,1437,0,0.0,1,1437,0,none,0,none,0,0,0,no_alert_unknown,no_alert_not_final_benign,-1,dns,port
2025-07-19T23:02:26.192329+0700,103.195.142.46,87.98.154.119,53,15612,UDP,flow,failed,2116726173688448,,1,1,0,1437,0,0.0,1,1437,0,none,0,none,0,0,0,no_alert_unknown,no_alert_not_final_benign,-1,dns,port
2025-07-19T23:02:25.236157+0700,103.195.142.75,8.8.8.8,11383,53,UDP,dns,,451340753898660,wire/pcap,0,0,0,0,0,0.0,0,0,0,none,0,none,0,0,0,no_alert_unknown,no_alert_not_final_benign,-1,dns,port
2025-07-19T23:02:26.192357+0700,103.195.142.46,87.98.154.131,53,9874,UDP,flow,failed,2024662161842832,,1,1,0,1437,0,0.0,1,1437,0,none,0,none,0,0,0,no_alert_unknown,no_alert_not_final_benign,-1,dns,port
2025-07-19T23:02:26.192398+0700,103.195.142.83,87.98.154.94,53,18074,UDP,flow,failed,308903618306712,,1,1,0,1190,0,0.0,1,1190,0,none,0,none,0,0,0,no_alert_unknown,no_alert_not_final_benign,-1,dns,port
2025-07-19T23:02:26.192407+0700,103.195.142.165,87.98.154.119,53,34661,UDP,flow,failed,236164254818987,,1,1,0,1437,0,0.0,1,1437,0,none,0,none,0,0,0,no_alert_unknown,no_alert_not_final_benign,-1,dns,port
2025-07-19T23:02:25.024014+0700,103.195.142.74,118.98.44.50,5258,53,UDP,dns,,384617579755612,wire/pcap,0,0,0,0,0,0.0,0,0,0,none,0,none,0,0,0,no_alert_unknown,no_alert_not_final_benign,-1,dns,port
2025-07-19T23:02:25.257037+0700,103.195.142.75,8.8.8.8,50661,53,UDP,dns,,541019093445648,wire/pcap,0,0,0,0,0,0.0,0,0,0,none,0,none,0,0,0,no_alert_unknown,no_alert_not_final_benign,-1,dns,port
2025-07-19T23:02:25.059064+0700,103.195.142.74,208.91.112.55,57877,53,UDP,dns,,535156662826127,wire/pcap,0,0,0,0,0,0.0,0,0,0,none,0,none,0,0,0,no_alert_unknown,no_alert_not_final_benign,-1,dns,port
2025-07-19T23:02:26.192845+0700,103.195.142.3,182.1.160.139,53,53185,UDP,flow,failed,259513566454749,,1,1,0,168,0,0.0,1,168,0,none,0,none,0,0,0,no_alert_unknown,no_alert_not_final_benign,-1,dns,port
2025-07-19T23:02:26.192862+0700,103.195.142.196,87.98.154.119,53,39539,UDP,flow,failed,465674334069799,,1,1,0,1437,0,0.0,1,1437,0,none,0,none,0,0,0,no_alert_unknown,no_alert_not_final_benign,-1,dns,port
2025-07-19T23:02:26.192869+0700,103.195.142.165,87.98.154.61,53,32524,UDP,flow,failed,2007515718706219,,1,3,0,4311,0,9.0,3,4311,0,none,0,none,0,0,0,no_alert_unknown,no_alert_not_final_benign,-1,dns,port
2025-07-19T23:02:25.145223+0700,103.195.142.74,118.98.44.20,6178,53,UDP,dns,,342256640347063,wire/pcap,0,0,0,0,0,0.0,0,0,0,none,0,none,0,0,0,no_alert_unknown,no_alert_not_final_benign,-1,dns,port
2025-07-19T23:02:26.192898+0700,103.195.142.76,87.98.154.210,53,25242,UDP,flow,failed,149854287586553,,1,1,0,1469,0,0.0,1,1469,0,none,0,none,0,0,0,no_alert_unknown,no_alert_not_final_benign,-1,dns,port
2025-07-19T23:02:26.192907+0700,103.195.142.83,87.98.154.119,53,31756,UDP,flow,failed,156918770722156,,1,1,0,1190,0,0.0,1,1190,0,none,0,none,0,0,0,no_alert_unknown,no_alert_not_final_benign,-1,dns,port
2025-07-19T23:02:26.192914+0700,103.195.142.3,202.152.254.4,53,7015,UDP,flow,failed,540783537120625,,1,1,0,215,0,0.0,1,215,0,none,0,none,0,0,0,no_alert_unknown,no_alert_not_final_benign,-1,dns,port
2025-07-19T23:02:25.100182+0700,103.195.142.74,118.98.44.20,2828,53,UDP,dns,,430278592407260,wire/pcap,0,0,0,0,0,0.0,0,0,0,none,0,none,0,0,0,no_alert_unknown,no_alert_not_final_benign,-1,dns,port
2025-07-19T23:02:26.192921+0700,103.195.142.74,202.134.0.155,43049,53,UDP,flow,dns,2014305892853121,,1,1,0,202,0,0.0,1,202,0,none,0,none,0,0,0,no_alert_unknown,no_alert_not_final_benign,-1,dns,app_proto+port
2025-07-19T23:02:26.192929+0700,103.195.142.195,87.98.154.119,53,58735,UDP,flow,failed,140653117859265,,1,1,0,1437,0,0.0,1,1437,0,none,0,none,0,0,0,no_alert_unknown,no_alert_not_final_benign,-1,dns,port
2025-07-19T23:02:26.192936+0700,103.195.142.3,202.152.254.4,53,7017,UDP,flow,failed,549882454697421,,1,1,0,127,0,0.0,1,127,0,none,0,none,0,0,0,no_alert_unknown,no_alert_not_final_benign,-1,dns,port
2025-07-19T23:02:26.192942+0700,103.195.142.76,87.98.154.158,53,41612,UDP,flow,failed,2107623784277525,,1,1,0,1469,0,0.0,1,1469,0,none,0,none,0,0,0,no_alert_unknown,no_alert_not_final_benign,-1,dns,port
2025-07-19T23:02:25.009959+0700,103.195.142.75,8.8.8.8,21671,53,UDP,dns,,324251793980779,wire/pcap,0,0,0,0,0,0.0,0,0,0,none,0,none,0,0,0,no_alert_unknown,no_alert_not_final_benign,-1,dns,port
2025-07-19T23:02:26.192957+0700,103.195.142.76,87.98.154.190,53,5188,UDP,flow,failed,2094824564549273,,1,1,0,1469,0,0.0,1,1469,0,none,0,none,0,0,0,no_alert_unknown,no_alert_not_final_benign,-1,dns,port
2025-07-19T23:02:25.578668+0700,103.195.142.74,118.98.44.20,63567,53,UDP,dns,,515035346596250,wire/pcap,0,0,0,0,0,0.0,0,0,0,none,0,none,0,0,0,no_alert_unknown,no_alert_not_final_benign,-1,dns,port
2025-07-19T23:02:26.192981+0700,103.195.142.74,118.98.44.100,40431,53,UDP,flow,dns,244158017660663,,1,1,0,214,0,0.0,1,214,0,none,0,none,0,0,0,no_alert_unknown,no_alert_not_final_benign,-1,dns,app_proto+port
2025-07-19T23:02:26.193000+0700,103.195.142.3,172.217.44.208,53,40915,UDP,flow,failed,2078348286519129,,1,1,0,210,0,0.0,1,210,0,none,0,none,0,0,0,no_alert_unknown,no_alert_not_final_benign,-1,dns,port
2025-07-19T23:02:26.193007+0700,103.195.142.46,87.98.154.215,53,20008,UDP,flow,failed,48361890474049,,1,1,0,1437,0,0.0,1,1437,0,none,0,none,0,0,0,no_alert_unknown,no_alert_not_final_benign,-1,dns,port
2025-07-19T23:02:26.193014+0700,103.195.142.74,202.134.0.155,17385,53,UDP,flow,dns,355767012649063,,1,1,0,102,0,0.0,1,102,0,none,0,none,0,0,0,no_alert_unknown,no_alert_not_final_benign,-1,dns,app_proto+port
2025-07-19T23:02:26.193025+0700,103.195.142.165,87.98.154.57,53,21208,UDP,flow,failed,2153983696988288,,1,1,0,1437,0,0.0,1,1437,0,none,0,none,0,0,0,no_alert_unknown,no_alert_not_final_benign,-1,dns,port
2025-07-19T23:02:25.064619+0700,103.195.142.74,118.98.44.50,16061,53,UDP,dns,,559013929102011,wire/pcap,0,0,0,0,0,0.0,0,0,0,none,0,none,0,0,0,no_alert_unknown,no_alert_not_final_benign,-1,dns,port
2025-07-19T23:02:25.096803+0700,103.195.142.75,8.8.8.8,21999,53,UDP,dns,,415766791951315,wire/pcap,0,0,0,0,0,0.0,0,0,0,none,0,none,0,0,0,no_alert_unknown,no_alert_not_final_benign,-1,dns,port
2025-07-19T23:02:25.039915+0700,103.195.142.75,8.8.8.8,19403,53,UDP,dns,,452911327277638,wire/pcap,0,0,0,0,0,0.0,0,0,0,none,0,none,0,0,0,no_alert_unknown,no_alert_not_final_benign,-1,dns,port
2025-07-19T23:02:26.193073+0700,103.195.142.195,87.98.154.52,53,32382,UDP,flow,failed,560590222289103,,1,1,0,1437,0,0.0,1,1437,0,none,0,none,0,0,0,no_alert_unknown,no_alert_not_final_benign,-1,dns,port
2025-07-19T23:02:26.193080+0700,103.195.142.196,87.98.154.119,53,13102,UDP,flow,failed,316338929166710,,1,1,0,1437,0,0.0,1,1437,0,none,0,none,0,0,0,no_alert_unknown,no_alert_not_final_benign,-1,dns,port
2025-07-19T23:02:26.193117+0700,103.195.142.74,199.253.183.183,29630,53,UDP,flow,dns,94155198065352,,1,1,0,99,0,0.0,1,99,0,none,0,none,0,0,0,no_alert_unknown,no_alert_not_final_benign,-1,dns,app_proto+port
2025-07-19T23:02:26.193129+0700,103.195.142.109,87.98.154.117,53,31711,UDP,flow,failed,453772148959993,,1,1,0,1437,0,0.0,1,1437,0,none,0,none,0,0,0,no_alert_unknown,no_alert_not_final_benign,-1,dns,port
2025-07-19T23:02:26.193136+0700,103.195.142.195,87.98.154.119,53,25045,UDP,flow,failed,428069296564993,,1,1,0,1437,0,0.0,1,1437,0,none,0,none,0,0,0,no_alert_unknown,no_alert_not_final_benign,-1,dns,port
2025-07-19T23:02:26.193150+0700,103.195.142.3,173.252.107.130,53,60330,UDP,flow,failed,1978584606075678,,1,1,0,135,0,0.0,1,135,0,none,0,none,0,0,0,no_alert_unknown,no_alert_not_final_benign,-1,dns,port
2025-07-19T23:02:26.193183+0700,103.195.142.46,87.98.154.159,53,21201,UDP,flow,failed,1570858627132394,,1,3,0,4311,0,10.0,3,4311,0,none,0,none,0,0,0,no_alert_unknown,no_alert_not_final_benign,-1,dns,port
2025-07-19T23:02:25.614609+0700,103.195.142.74,118.98.44.50,14355,53,UDP,dns,,387929645682028,wire/pcap,0,0,0,0,0,0.0,0,0,0,none,0,none,0,0,0,no_alert_unknown,no_alert_not_final_benign,-1,dns,port
2025-07-19T23:02:26.193190+0700,103.195.142.83,87.98.154.186,53,50309,UDP,flow,failed,522669472639988,,1,1,0,1190,0,0.0,1,1190,0,none,0,none,0,0,0,no_alert_unknown,no_alert_not_final_benign,-1,dns,port
2025-07-19T23:02:26.193212+0700,103.195.142.74,118.98.44.100,36122,53,UDP,flow,dns,158070422465641,,1,1,0,220,0,0.0,1,220,0,none,0,none,0,0,0,no_alert_unknown,no_alert_not_final_benign,-1,dns,app_proto+port
2025-07-19T23:02:26.193220+0700,103.195.142.196,87.98.154.53,53,29403,UDP,flow,failed,517862609874032,,1,1,0,1437,0,0.0,1,1437,0,none,0,none,0,0,0,no_alert_unknown,no_alert_not_final_benign,-1,dns,port
2025-07-19T23:02:26.193227+0700,103.195.142.83,87.98.154.119,53,9242,UDP,flow,failed,530038639914125,,1,1,0,1190,0,0.0,1,1190,0,none,0,none,0,0,0,no_alert_unknown,no_alert_not_final_benign,-1,dns,port
2025-07-19T23:02:26.193233+0700,103.195.142.75,8.8.8.8,52535,53,UDP,flow,dns,294574664150237,,1,1,0,77,0,0.0,1,77,0,none,0,none,0,0,0,no_alert_unknown,no_alert_not_final_benign,-1,dns,app_proto+port
2025-07-19T23:02:26.193242+0700,103.195.142.76,87.98.154.18,53,40410,UDP,flow,failed,106577993034983,,1,1,0,1469,0,0.0,1,1469,0,none,0,none,0,0,0,no_alert_unknown,no_alert_not_final_benign,-1,dns,port
2025-07-19T23:02:26.193256+0700,103.195.142.2,172.253.5.21,53,64378,UDP,flow,failed,15286528011755,,1,1,0,301,0,0.0,1,301,0,none,0,none,0,0,0,no_alert_unknown,no_alert_not_final_benign,-1,dns,port
2025-07-19T23:02:26.193276+0700,103.195.142.3,202.152.254.4,53,7698,UDP,flow,failed,486137428799238,,1,1,0,140,0,0.0,1,140,0,none,0,none,0,0,0,no_alert_unknown,no_alert_not_final_benign,-1,dns,port
2025-07-19T23:02:26.193293+0700,103.195.142.83,87.98.154.150,53,37380,UDP,flow,failed,44186353823743,,1,1,0,1190,0,0.0,1,1190,0,none,0,none,0,0,0,no_alert_unknown,no_alert_not_final_benign,-1,dns,port
2025-07-19T23:02:26.193316+0700,103.195.142.74,118.98.44.50,25564,53,UDP,flow,dns,549461042426046,,1,1,0,214,0,0.0,1,214,0,none,0,none,0,0,0,no_alert_unknown,no_alert_not_final_benign,-1,dns,app_proto+port
2025-07-19T23:02:26.193340+0700,103.195.142.76,87.98.154.119,53,20638,UDP,flow,failed,123248388567402,,1,1,0,1469,0,0.0,1,1469,0,none,0,none,0,0,0,no_alert_unknown,no_alert_not_final_benign,-1,dns,port
2025-07-19T23:02:26.193347+0700,103.195.142.74,118.98.44.100,60369,53,UDP,flow,dns,45130940903792,,1,1,0,184,0,0.0,1,184,0,none,0,none,0,0,0,no_alert_unknown,no_alert_not_final_benign,-1,dns,app_proto+port
2025-07-19T23:02:26.193358+0700,103.195.142.3,172.253.5.155,53,33889,UDP,flow,failed,2201861810385308,,1,1,0,167,0,0.0,1,167,0,none,0,none,0,0,0,no_alert_unknown,no_alert_not_final_benign,-1,dns,port
2025-07-19T23:02:25.113584+0700,103.195.142.74,202.134.0.155,12961,53,UDP,dns,,487842248340292,wire/pcap,0,0,0,0,0,0.0,0,0,0,none,0,none,0,0,0,no_alert_unknown,no_alert_not_final_benign,-1,dns,port
2025-07-19T23:02:26.193372+0700,103.195.142.46,87.98.154.187,53,1066,UDP,flow,failed,562894185460280,,1,1,0,1437,0,0.0,1,1437,0,none,0,none,0,0,0,no_alert_unknown,no_alert_not_final_benign,-1,dns,port
2025-07-19T23:02:26.193380+0700,103.195.142.75,8.8.8.8,10035,53,UDP,flow,dns,2081961649402432,,1,1,0,103,0,0.0,1,103,0,none,0,none,0,0,0,no_alert_unknown,no_alert_not_final_benign,-1,dns,app_proto+port
2025-07-19T23:02:26.193395+0700,103.195.142.46,87.98.154.119,53,59350,UDP,flow,failed,2245233851593332,,1,1,0,1437,0,0.0,1,1437,0,none,0,none,0,0,0,no_alert_unknown,no_alert_not_final_benign,-1,dns,port
2025-07-19T23:02:26.193404+0700,103.195.142.76,87.98.154.154,53,25874,UDP,flow,failed,438180746326736,,1,1,0,1469,0,0.0,1,1469,0,none,0,none,0,0,0,no_alert_unknown,no_alert_not_final_benign,-1,dns,port
2025-07-19T23:02:26.193411+0700,103.195.142.3,173.252.83.132,53,5488,UDP,flow,failed,2032060551361275,,1,1,0,141,0,0.0,1,141,0,none,0,none,0,0,0,no_alert_unknown,no_alert_not_final_benign,-1,dns,port
2025-07-19T23:02:26.193417+0700,103.195.142.83,87.98.154.202,53,16362,UDP,flow,failed,2178371667129085,,1,1,0,1190,0,0.0,1,1190,0,none,0,none,0,0,0,no_alert_unknown,no_alert_not_final_benign,-1,dns,port
2025-07-19T23:02:26.193424+0700,103.195.142.74,118.98.44.20,45542,53,UDP,flow,dns,2029507470193657,,1,1,0,81,0,0.0,1,81,0,none,0,none,0,0,0,no_alert_unknown,no_alert_not_final_benign,-1,dns,app_proto+port
2025-07-19T23:02:26.193440+0700,103.195.142.165,87.98.154.137,53,54088,UDP,flow,failed,2199687585952773,,1,1,0,1437,0,0.0,1,1437,0,none,0,none,0,0,0,no_alert_unknown,no_alert_not_final_benign,-1,dns,port
2025-07-19T23:02:26.193462+0700,103.195.142.196,87.98.154.119,53,6411,UDP,flow,failed,321042274874531,,1,1,0,1437,0,0.0,1,1437,0,none,0,none,0,0,0,no_alert_unknown,no_alert_not_final_benign,-1,dns,port
2025-07-19T23:02:26.193468+0700,103.195.142.46,87.98.154.119,53,43384,UDP,flow,failed,262475406210249,,1,1,0,1437,0,0.0,1,1437,0,none,0,none,0,0,0,no_alert_unknown,no_alert_not_final_benign,-1,dns,port
2025-07-19T23:02:26.193475+0700,103.195.142.76,87.98.154.119,53,43102,UDP,flow,failed,560138594055435,,1,1,0,1469,0,0.0,1,1469,0,none,0,none,0,0,0,no_alert_unknown,no_alert_not_final_benign,-1,dns,port
2025-07-19T23:02:26.193488+0700,103.195.142.165,87.98.154.77,53,22731,UDP,flow,failed,435960238798178,,1,1,0,1437,0,0.0,1,1437,0,none,0,none,0,0,0,no_alert_unknown,no_alert_not_final_benign,-1,dns,port
2025-07-19T23:02:25.253374+0700,103.195.142.74,69.16.230.48,53577,53,UDP,dns,,525283210828616,wire/pcap,0,0,0,0,0,0.0,0,0,0,none,0,none,0,0,0,no_alert_unknown,no_alert_not_final_benign,-1,dns,port
2025-07-19T23:02:26.193503+0700,103.195.142.76,87.98.154.118,53,29671,UDP,flow,failed,223424735901175,,1,1,0,1469,0,0.0,1,1469,0,none,0,none,0,0,0,no_alert_unknown,no_alert_not_final_benign,-1,dns,port
2025-07-19T23:02:26.193527+0700,103.195.142.76,87.98.154.119,53,45451,UDP,flow,failed,276372765898476,,1,1,0,1469,0,0.0,1,1469,0,none,0,none,0,0,0,no_alert_unknown,no_alert_not_final_benign,-1,dns,port
2025-07-19T23:02:26.193534+0700,103.195.142.76,87.98.154.119,53,33578,UDP,flow,failed,352926924699455,,1,1,0,1469,0,0.0,1,1469,0,none,0,none,0,0,0,no_alert_unknown,no_alert_not_final_benign,-1,dns,port
2025-07-19T23:02:26.193541+0700,103.195.142.83,87.98.154.242,53,2724,UDP,flow,failed,2204759683266389,,1,1,0,1190,0,0.0,1,1190,0,none,0,none,0,0,0,no_alert_unknown,no_alert_not_final_benign,-1,dns,port
2025-07-19T23:02:26.193555+0700,103.195.142.46,87.98.154.119,53,49367,UDP,flow,failed,345216121599883,,1,1,0,1437,0,0.0,1,1437,0,none,0,none,0,0,0,no_alert_unknown,no_alert_not_final_benign,-1,dns,port
2025-07-19T23:02:26.193571+0700,103.195.142.195,87.98.154.56,53,59197,UDP,flow,failed,1978102298343576,,1,1,0,1437,0,0.0,1,1437,0,none,0,none,0,0,0,no_alert_unknown,no_alert_not_final_benign,-1,dns,port
2025-07-19T23:02:26.193580+0700,103.195.142.195,87.98.154.119,53,46653,UDP,flow,failed,319416040061087,,1,1,0,1437,0,0.0,1,1437,0,none,0,none,0,0,0,no_alert_unknown,no_alert_not_final_benign,-1,dns,port
2025-07-19T23:02:26.193593+0700,103.195.142.75,8.8.8.8,33483,53,UDP,flow,dns,389359335405927,,1,1,0,184,0,0.0,1,184,0,none,0,none,0,0,0,no_alert_unknown,no_alert_not_final_benign,-1,dns,app_proto+port
2025-07-19T23:02:26.193608+0700,103.195.142.3,18.136.1.202,53,19448,UDP,flow,failed,58541763754436,,1,1,0,134,0,0.0,1,134,0,none,0,none,0,0,0,no_alert_unknown,no_alert_not_final_benign,-1,dns,port
2025-07-19T23:02:26.193620+0700,103.195.142.75,8.8.8.8,47821,53,UDP,flow,dns,1343598340176358,,1,2,0,528,0,4.0,2,528,0,none,0,none,0,0,0,no_alert_unknown,no_alert_not_final_benign,-1,dns,app_proto+port
2025-07-19T23:02:25.681238+0700,103.195.142.75,8.8.8.8,56023,53,UDP,dns,,392623791448260,wire/pcap,0,0,0,0,0,0.0,0,0,0,none,0,none,0,0,0,no_alert_unknown,no_alert_not_final_benign,-1,dns,port
2025-07-19T23:02:26.193645+0700,103.195.142.74,118.98.44.50,52902,53,UDP,flow,dns,269760789838502,,1,1,0,100,0,0.0,1,100,0,none,0,none,0,0,0,no_alert_unknown,no_alert_not_final_benign,-1,dns,app_proto+port
2025-07-19T23:02:26.193653+0700,103.195.142.165,87.98.154.173,53,23042,UDP,flow,failed,131192187222812,,1,1,0,1437,0,0.0,1,1437,0,none,0,none,0,0,0,no_alert_unknown,no_alert_not_final_benign,-1,dns,port
2025-07-19T23:02:26.193659+0700,103.195.142.196,87.98.154.119,53,19339,UDP,flow,failed,252729997359908,,1,1,0,1437,0,0.0,1,1437,0,none,0,none,0,0,0,no_alert_unknown,no_alert_not_final_benign,-1,dns,port
2025-07-19T23:02:26.193666+0700,103.195.142.76,87.98.154.119,53,3054,UDP,flow,failed,547145284483909,,1,1,0,1469,0,0.0,1,1469,0,none,0,none,0,0,0,no_alert_unknown,no_alert_not_final_benign,-1,dns,port
2025-07-19T23:02:26.193691+0700,103.195.142.195,87.98.154.172,53,2174,UDP,flow,failed,250828715686800,,1,1,0,1437,0,0.0,1,1437,0,none,0,none,0,0,0,no_alert_unknown,no_alert_not_final_benign,-1,dns,port
2025-07-19T23:02:26.193698+0700,103.195.142.75,8.8.8.8,13046,53,UDP,flow,dns,14978169535378,,1,1,0,77,0,0.0,1,77,0,none,0,none,0,0,0,no_alert_unknown,no_alert_not_final_benign,-1,dns,app_proto+port
2025-07-19T23:02:26.193713+0700,103.195.142.165,87.98.154.119,53,63563,UDP,flow,failed,40417714797561,,1,1,0,1437,0,0.0,1,1437,0,none,0,none,0,0,0,no_alert_unknown,no_alert_not_final_benign,-1,dns,port
2025-07-19T23:02:25.869784+0700,103.195.142.74,202.134.0.155,50375,53,UDP,dns,,357998084411851,wire/pcap,0,0,0,0,0,0.0,0,0,0,none,0,none,0,0,0,no_alert_unknown,no_alert_not_final_benign,-1,dns,port
2025-07-19T23:02:26.193725+0700,103.195.142.76,87.98.154.119,53,63938,UDP,flow,failed,230692867374116,,1,1,0,1469,0,0.0,1,1469,0,none,0,none,0,0,0,no_alert_unknown,no_alert_not_final_benign,-1,dns,port
2025-07-19T23:02:26.193758+0700,103.195.142.3,173.252.107.139,53,4276,UDP,flow,failed,1998533185403982,,1,1,0,135,0,0.0,1,135,0,none,0,none,0,0,0,no_alert_unknown,no_alert_not_final_benign,-1,dns,port
2025-07-19T23:02:25.370743+0700,103.195.142.74,185.67.45.232,57472,53,UDP,dns,,466432047291578,wire/pcap,0,0,0,0,0,0.0,0,0,0,none,0,none,0,0,0,no_alert_unknown,no_alert_not_final_benign,-1,dns,port
2025-07-19T23:02:25.386631+0700,103.195.142.75,8.8.8.8,51875,53,UDP,dns,,534668531358123,wire/pcap,0,0,0,0,0,0.0,0,0,0,none,0,none,0,0,0,no_alert_unknown,no_alert_not_final_benign,-1,dns,port
2025-07-19T23:02:25.393019+0700,103.195.142.74,118.98.44.50,23064,53,UDP,dns,,562106539280230,wire/pcap,0,0,0,0,0,0.0,0,0,0,none,0,none,0,0,0,no_alert_unknown,no_alert_not_final_benign,-1,dns,port
2025-07-19T23:02:25.236271+0700,103.195.142.74,118.98.44.50,27592,53,UDP,dns,,451827670968849,wire/pcap,0,0,0,0,0,0.0,0,0,0,none,0,none,0,0,0,no_alert_unknown,no_alert_not_final_benign,-1,dns,port
2025-07-19T23:02:25.511603+0700,103.195.142.75,8.8.8.8,63011,53,UDP,dns,,508470999572567,wire/pcap,0,0,0,0,0,0.0,0,0,0,none,0,none,0,0,0,no_alert_unknown,no_alert_not_final_benign,-1,dns,port
2025-07-19T23:02:26.193866+0700,103.195.142.196,87.98.154.81,53,59163,UDP,flow,failed,2580611497502,,1,1,0,1437,0,0.0,1,1437,0,none,0,none,0,0,0,no_alert_unknown,no_alert_not_final_benign,-1,dns,port
2025-07-19T23:02:26.193872+0700,103.195.142.109,87.98.154.119,53,4200,UDP,flow,failed,214489206521390,,1,1,0,1437,0,0.0,1,1437,0,none,0,none,0,0,0,no_alert_unknown,no_alert_not_final_benign,-1,dns,port
2025-07-19T23:02:26.193881+0700,103.195.142.109,87.98.154.117,53,41240,UDP,flow,failed,216326850248282,,1,1,0,1437,0,0.0,1,1437,0,none,0,none,0,0,0,no_alert_unknown,no_alert_not_final_benign,-1,dns,port
2025-07-19T23:02:26.193902+0700,103.195.142.165,87.98.154.119,53,10412,UDP,flow,failed,1998300193652383,,1,1,0,1437,0,0.0,1,1437,0,none,0,none,0,0,0,no_alert_unknown,no_alert_not_final_benign,-1,dns,port
2025-07-19T23:02:26.193916+0700,103.195.142.109,87.98.154.213,53,38650,UDP,flow,failed,2104146616352488,,1,1,0,1437,0,0.0,1,1437,0,none,0,none,0,0,0,no_alert_unknown,no_alert_not_final_benign,-1,dns,port
2025-07-19T23:02:26.193932+0700,103.195.142.3,13.250.186.193,53,35667,UDP,flow,failed,58527037030377,,1,1,0,177,0,0.0,1,177,0,none,0,none,0,0,0,no_alert_unknown,no_alert_not_final_benign,-1,dns,port
2025-07-19T23:02:25.785940+0700,103.195.142.75,8.8.8.8,9903,53,UDP,dns,,560839639507055,wire/pcap,0,0,0,0,0,0.0,0,0,0,none,0,none,0,0,0,no_alert_unknown,no_alert_not_final_benign,-1,dns,port
2025-07-19T23:02:25.437476+0700,103.195.142.74,118.98.44.50,2114,53,UDP,dns,,471570375382632,wire/pcap,0,0,0,0,0,0.0,0,0,0,none,0,none,0,0,0,no_alert_unknown,no_alert_not_final_benign,-1,dns,port
2025-07-19T23:02:25.713228+0700,103.195.142.74,118.98.44.100,6438,53,UDP,dns,,530020001325657,wire/pcap,0,0,0,0,0,0.0,0,0,0,none,0,none,0,0,0,no_alert_unknown,no_alert_not_final_benign,-1,dns,port
2025-07-19T23:02:26.193974+0700,103.195.142.165,87.98.154.145,53,60470,UDP,flow,failed,345944920522781,,1,1,0,1437,0,0.0,1,1437,0,none,0,none,0,0,0,no_alert_unknown,no_alert_not_final_benign,-1,dns,port
2025-07-19T23:02:25.786024+0700,103.195.142.74,202.134.0.155,41640,53,UDP,dns,,561199307761044,wire/pcap,0,0,0,0,0,0.0,0,0,0,none,0,none,0,0,0,no_alert_unknown,no_alert_not_final_benign,-1,dns,port
2025-07-19T23:02:26.150681+0700,103.195.142.74,118.98.44.20,1962,53,UDP,dns,,647170546095005,wire/pcap,0,0,0,0,0,0.0,0,0,0,none,0,none,0,0,0,no_alert_unknown,no_alert_not_final_benign,-1,dns,port
2025-07-19T23:02:26.193986+0700,103.195.142.74,202.134.0.155,10549,53,UDP,flow,dns,2147630335492152,,1,1,0,82,0,0.0,1,82,0,none,0,none,0,0,0,no_alert_unknown,no_alert_not_final_benign,-1,dns,app_proto+port
2025-07-19T23:02:26.194002+0700,103.195.142.2,173.252.83.133,53,18923,UDP,flow,failed,2180297693364298,,1,1,0,178,0,0.0,1,178,0,none,0,none,0,0,0,no_alert_unknown,no_alert_not_final_benign,-1,dns,port
2025-07-19T23:02:25.437336+0700,103.195.142.74,202.134.0.155,62750,53,UDP,dns,,470970590997669,wire/pcap,0,0,0,0,0,0.0,0,0,0,none,0,none,0,0,0,no_alert_unknown,no_alert_not_final_benign,-1,dns,port
2025-07-19T23:02:26.194009+0700,103.195.142.109,87.98.154.213,53,21161,UDP,flow,failed,1974412808388897,,1,1,0,1437,0,0.0,1,1437,0,none,0,none,0,0,0,no_alert_unknown,no_alert_not_final_benign,-1,dns,port
2025-07-19T23:02:26.194021+0700,103.195.142.109,87.98.154.45,53,6771,UDP,flow,failed,34962828656937,,1,1,0,1437,0,0.0,1,1437,0,none,0,none,0,0,0,no_alert_unknown,no_alert_not_final_benign,-1,dns,port
2025-07-19T23:02:26.194028+0700,103.195.142.74,202.134.0.155,62649,53,UDP,flow,dns,39943520813400,,1,1,0,204,0,0.0,1,204,0,none,0,none,0,0,0,no_alert_unknown,no_alert_not_final_benign,-1,dns,app_proto+port
2025-07-19T23:02:26.194036+0700,103.195.142.165,87.98.154.29,53,32071,UDP,flow,failed,137396581466634,,1,1,0,1437,0,0.0,1,1437,0,none,0,none,0,0,0,no_alert_unknown,no_alert_not_final_benign,-1,dns,port
2025-07-19T23:02:26.194043+0700,103.195.142.165,87.98.154.33,53,39463,UDP,flow,failed,91409037296214,,1,3,0,4311,0,9.0,3,4311,0,none,0,none,0,0,0,no_alert_unknown,no_alert_not_final_benign,-1,dns,port
2025-07-19T23:02:26.194049+0700,103.195.142.195,87.98.154.200,53,33030,UDP,flow,failed,77800492139240,,1,1,0,1437,0,0.0,1,1437,0,none,0,none,0,0,0,no_alert_unknown,no_alert_not_final_benign,-1,dns,port
2025-07-19T23:02:25.451426+0700,103.195.142.75,8.8.8.8,28963,53,UDP,dns,,531488422444513,wire/pcap,0,0,0,0,0,0.0,0,0,0,none,0,none,0,0,0,no_alert_unknown,no_alert_not_final_benign,-1,dns,port
2025-07-19T23:02:25.490376+0700,103.195.142.74,118.98.44.20,40727,53,UDP,dns,,417302038480172,wire/pcap,0,0,0,0,0,0.0,0,0,0,none,0,none,0,0,0,no_alert_unknown,no_alert_not_final_benign,-1,dns,port
2025-07-19T23:02:25.889118+0700,103.195.142.74,118.98.44.50,32965,53,UDP,dns,,441036937157454,wire/pcap,0,0,0,0,0,0.0,0,0,0,none,0,none,0,0,0,no_alert_unknown,no_alert_not_final_benign,-1,dns,port
2025-07-19T23:02:26.194102+0700,103.195.142.83,87.98.154.119,53,51783,UDP,flow,failed,256294232425369,,1,1,0,1190,0,0.0,1,1190,0,none,0,none,0,0,0,no_alert_unknown,no_alert_not_final_benign,-1,dns,port
2025-07-19T23:02:26.194143+0700,103.195.142.46,87.98.154.119,53,42217,UDP,flow,failed,335573628191900,,1,1,0,1437,0,0.0,1,1437,0,none,0,none,0,0,0,no_alert_unknown,no_alert_not_final_benign,-1,dns,port
2025-07-19T23:02:26.194150+0700,103.195.142.3,13.105.68.218,53,45304,UDP,flow,failed,450560877692092,,1,1,0,154,0,0.0,1,154,0,none,0,none,0,0,0,no_alert_unknown,no_alert_not_final_benign,-1,dns,port
2025-07-19T23:02:26.194157+0700,103.195.142.109,87.98.154.118,53,61903,UDP,flow,failed,371966842078400,,1,1,0,1437,0,0.0,1,1437,0,none,0,none,0,0,0,no_alert_unknown,no_alert_not_final_benign,-1,dns,port
2025-07-19T23:02:25.533633+0700,103.195.142.74,118.98.44.100,39713,53,UDP,dns,,321611790699438,wire/pcap,0,0,0,0,0,0.0,0,0,0,none,0,none,0,0,0,no_alert_unknown,no_alert_not_final_benign,-1,dns,port
2025-07-19T23:02:26.194169+0700,103.195.142.2,202.152.254.4,53,51090,UDP,flow,failed,490767612150994,,1,1,0,151,0,0.0,1,151,0,none,0,none,0,0,0,no_alert_unknown,no_alert_not_final_benign,-1,dns,port
2025-07-19T23:02:25.113649+0700,103.195.142.74,118.98.44.100,50082,53,UDP,dns,,488119300386233,wire/pcap,0,0,0,0,0,0.0,0,0,0,none,0,none,0,0,0,no_alert_unknown,no_alert_not_final_benign,-1,dns,port
2025-07-19T23:02:26.194187+0700,103.195.142.74,118.98.44.100,22431,53,UDP,flow,dns,2027667004228894,,1,1,0,102,0,0.0,1,102,0,none,0,none,0,0,0,no_alert_unknown,no_alert_not_final_benign,-1,dns,app_proto+port
2025-07-19T23:02:26.194218+0700,103.195.142.74,118.98.44.50,44007,53,UDP,flow,dns,446288455894432,,1,1,0,87,0,0.0,1,87,0,none,0,none,0,0,0,no_alert_unknown,no_alert_not_final_benign,-1,dns,app_proto+port
2025-07-19T23:02:26.194242+0700,103.195.142.3,5.255.252.237,53,30166,UDP,flow,failed,323740862809702,,1,1,0,154,0,0.0,1,154,0,none,0,none,0,0,0,no_alert_unknown,no_alert_not_final_benign,-1,dns,port
2025-07-19T23:02:26.194257+0700,103.195.142.46,87.98.154.119,53,55693,UDP,flow,failed,2165472814860023,,1,1,0,1437,0,0.0,1,1437,0,none,0,none,0,0,0,no_alert_unknown,no_alert_not_final_benign,-1,dns,port
2025-07-19T23:02:26.194263+0700,103.195.142.2,5.255.252.237,53,65483,UDP,flow,failed,322002761451273,,1,1,0,174,0,0.0,1,174,0,none,0,none,0,0,0,no_alert_unknown,no_alert_not_final_benign,-1,dns,port
2025-07-19T23:02:26.194277+0700,103.195.142.2,173.252.83.131,53,8362,UDP,flow,failed,2066236582627208,,1,1,0,184,0,0.0,1,184,0,none,0,none,0,0,0,no_alert_unknown,no_alert_not_final_benign,-1,dns,port
2025-07-19T23:02:26.194283+0700,103.195.142.83,87.98.154.119,53,9763,UDP,flow,failed,2146331263469452,,1,1,0,1190,0,0.0,1,1190,0,none,0,none,0,0,0,no_alert_unknown,no_alert_not_final_benign,-1,dns,port
2025-07-19T23:02:25.392645+0700,103.195.142.74,202.134.0.155,47348,53,UDP,dns,,560501554259262,wire/pcap,0,0,0,0,0,0.0,0,0,0,none,0,none,0,0,0,no_alert_unknown,no_alert_not_final_benign,-1,dns,port
2025-07-19T23:02:26.194311+0700,103.195.142.83,87.98.154.158,53,47985,UDP,flow,failed,1510220190550065,,1,3,0,3570,0,10.0,3,3570,0,none,0,none,0,0,0,no_alert_unknown,no_alert_not_final_benign,-1,dns,port
2025-07-19T23:02:26.194330+0700,103.195.142.76,87.98.154.119,53,34384,UDP,flow,failed,1117476757151326,,1,1,0,1469,0,0.0,1,1469,0,none,0,none,0,0,0,no_alert_unknown,no_alert_not_final_benign,-1,dns,port
2025-07-19T23:02:26.194346+0700,103.195.142.2,5.255.252.237,53,29887,UDP,flow,failed,338992164735305,,1,1,0,135,0,0.0,1,135,0,none,0,none,0,0,0,no_alert_unknown,no_alert_not_final_benign,-1,dns,port
2025-07-19T23:02:26.194354+0700,103.195.142.74,118.98.44.100,56749,53,UDP,flow,dns,2164167619414417,,1,1,0,214,0,0.0,1,214,0,none,0,none,0,0,0,no_alert_unknown,no_alert_not_final_benign,-1,dns,app_proto+port
2025-07-19T23:02:26.194369+0700,103.195.142.109,87.98.154.73,53,17459,UDP,flow,failed,2074150278171185,,1,3,0,4311,0,9.0,3,4311,0,none,0,none,0,0,0,no_alert_unknown,no_alert_not_final_benign,-1,dns,port
2025-07-19T23:02:26.194383+0700,103.195.142.165,87.98.154.117,53,41755,UDP,flow,failed,1645275325041348,,1,3,0,4311,0,10.0,3,4311,0,none,0,none,0,0,0,no_alert_unknown,no_alert_not_final_benign,-1,dns,port
2025-07-19T23:02:26.194390+0700,103.195.142.75,8.8.8.8,39554,53,UDP,flow,dns,293971699010296,,1,1,0,77,0,0.0,1,77,0,none,0,none,0,0,0,no_alert_unknown,no_alert_not_final_benign,-1,dns,app_proto+port
2025-07-19T23:02:26.194431+0700,103.195.142.2,52.231.16.91,53,51062,UDP,flow,failed,444868252568670,,1,1,0,133,0,0.0,1,133,0,none,0,none,0,0,0,no_alert_unknown,no_alert_not_final_benign,-1,dns,port
2025-07-19T23:02:26.194438+0700,103.195.142.74,202.134.0.155,47594,53,UDP,flow,dns,446195700632689,,1,1,0,214,0,0.0,1,214,0,none,0,none,0,0,0,no_alert_unknown,no_alert_not_final_benign,-1,dns,app_proto+port
2025-07-19T23:02:26.194447+0700,103.195.142.46,87.98.154.243,53,59665,UDP,flow,failed,186959763115196,,1,1,0,1437,0,0.0,1,1437,0,none,0,none,0,0,0,no_alert_unknown,no_alert_not_final_benign,-1,dns,port
2025-07-19T23:02:26.194462+0700,103.195.142.74,118.98.44.100,56656,53,UDP,flow,dns,271243738516748,,1,1,0,130,0,0.0,1,130,0,none,0,none,0,0,0,no_alert_unknown,no_alert_not_final_benign,-1,dns,app_proto+port
2025-07-19T23:02:26.194491+0700,103.195.142.3,121.54.78.46,53,40797,UDP,flow,failed,420673899826498,,1,1,0,178,0,0.0,1,178,0,none,0,none,0,0,0,no_alert_unknown,no_alert_not_final_benign,-1,dns,port
2025-07-19T23:02:25.690348+0700,103.195.142.74,118.98.44.20,61691,53,UDP,dns,,431749372760517,wire/pcap,0,0,0,0,0,0.0,0,0,0,none,0,none,0,0,0,no_alert_unknown,no_alert_not_final_benign,-1,dns,port
2025-07-19T23:02:26.194503+0700,103.195.142.46,87.98.154.119,53,2784,UDP,flow,failed,179913424735601,,1,1,0,1437,0,0.0,1,1437,0,none,0,none,0,0,0,no_alert_unknown,no_alert_not_final_benign,-1,dns,port
2025-07-19T23:02:26.194524+0700,103.195.142.195,87.98.154.119,53,55873,UDP,flow,failed,132285206597249,,1,1,0,1437,0,0.0,1,1437,0,none,0,none,0,0,0,no_alert_unknown,no_alert_not_final_benign,-1,dns,port
2025-07-19T23:02:25.976587+0700,103.195.142.74,118.98.44.20,43796,53,UDP,dns,,535238028950212,wire/pcap,0,0,0,0,0,0.0,0,0,0,none,0,none,0,0,0,no_alert_unknown,no_alert_not_final_benign,-1,dns,port
2025-07-19T23:02:26.194533+0700,103.195.142.76,87.98.154.246,53,23764,UDP,flow,failed,320064791023266,,1,1,0,1469,0,0.0,1,1469,0,none,0,none,0,0,0,no_alert_unknown,no_alert_not_final_benign,-1,dns,port
2025-07-19T23:02:26.194536+0700,103.195.142.109,87.98.154.129,53,28124,UDP,flow,failed,733348269941334,,1,1,0,1437,0,0.0,1,1437,0,none,0,none,0,0,0,no_alert_unknown,no_alert_not_final_benign,-1,dns,port
2025-07-19T23:02:26.194546+0700,103.195.142.46,87.98.154.99,53,6091,UDP,flow,failed,2054052683746983,,1,1,0,1437,0,0.0,1,1437,0,none,0,none,0,0,0,no_alert_unknown,no_alert_not_final_benign,-1,dns,port
2025-07-19T23:02:26.194561+0700,103.195.142.196,87.98.154.119,53,27685,UDP,flow,failed,2119766787526324,,1,1,0,1437,0,0.0,1,1437,0,none,0,none,0,0,0,no_alert_unknown,no_alert_not_final_benign,-1,dns,port
2025-07-19T23:02:26.194568+0700,103.195.142.46,87.98.154.15,53,62214,UDP,flow,failed,2102463913627352,,1,1,0,1437,0,0.0,1,1437,0,none,0,none,0,0,0,no_alert_unknown,no_alert_not_final_benign,-1,dns,port
2025-07-19T23:02:26.194593+0700,103.195.142.3,121.54.78.44,53,37996,UDP,flow,failed,326527098261477,,1,1,0,135,0,0.0,1,135,0,none,0,none,0,0,0,no_alert_unknown,no_alert_not_final_benign,-1,dns,port
2025-07-19T23:02:26.194615+0700,103.195.142.76,87.98.154.119,53,24210,UDP,flow,failed,168474809438379,,1,1,0,1469,0,0.0,1,1469,0,none,0,none,0,0,0,no_alert_unknown,no_alert_not_final_benign,-1,dns,port
2025-07-19T23:02:26.194628+0700,103.195.142.74,118.98.44.50,22125,53,UDP,flow,dns,93324207952288,,1,1,0,220,0,0.0,1,220,0,none,0,none,0,0,0,no_alert_unknown,no_alert_not_final_benign,-1,dns,app_proto+port
2025-07-19T23:02:26.194637+0700,103.195.142.83,87.98.154.102,53,31949,UDP,flow,failed,2057091239416230,,1,1,0,1190,0,0.0,1,1190,0,none,0,none,0,0,0,no_alert_unknown,no_alert_not_final_benign,-1,dns,port
2025-07-19T23:02:26.194644+0700,103.195.142.83,87.98.154.74,53,12157,UDP,flow,failed,1973405118009769,,1,3,0,3570,0,10.0,3,3570,0,none,0,none,0,0,0,no_alert_unknown,no_alert_not_final_benign,-1,dns,port
2025-07-19T23:02:26.194650+0700,103.195.142.195,87.98.154.228,53,6692,UDP,flow,failed,2078497961316849,,1,1,0,1437,0,0.0,1,1437,0,none,0,none,0,0,0,no_alert_unknown,no_alert_not_final_benign,-1,dns,port
2025-07-19T23:02:26.194658+0700,103.195.142.74,118.98.44.100,60410,53,UDP,flow,dns,342621164442109,,1,1,0,184,0,0.0,1,184,0,none,0,none,0,0,0,no_alert_unknown,no_alert_not_final_benign,-1,dns,app_proto+port
2025-07-19T23:02:26.194666+0700,103.195.142.75,8.8.8.8,42265,53,UDP,flow,dns,1993835137765965,,1,1,0,78,0,0.0,1,78,0,none,0,none,0,0,0,no_alert_unknown,no_alert_not_final_benign,-1,dns,app_proto+port
2025-07-19T23:02:26.194674+0700,103.195.142.74,118.98.44.20,46241,53,UDP,flow,dns,16462678430290,,1,1,0,85,0,0.0,1,85,0,none,0,none,0,0,0,no_alert_unknown,no_alert_not_final_benign,-1,dns,app_proto+port
2025-07-19T23:02:26.194689+0700,103.195.142.3,5.255.252.254,53,24701,UDP,flow,failed,491344603812613,,1,1,0,131,0,0.0,1,131,0,none,0,none,0,0,0,no_alert_unknown,no_alert_not_final_benign,-1,dns,port
2025-07-19T23:02:26.194704+0700,103.195.142.76,87.98.154.106,53,38066,UDP,flow,failed,297410535199688,,1,1,0,1469,0,0.0,1,1469,0,none,0,none,0,0,0,no_alert_unknown,no_alert_not_final_benign,-1,dns,port
2025-07-19T23:02:26.194710+0700,103.195.142.2,52.231.16.101,53,54398,UDP,flow,failed,328105258881994,,1,1,0,133,0,0.0,1,133,0,none,0,none,0,0,0,no_alert_unknown,no_alert_not_final_benign,-1,dns,port
2025-07-19T23:02:26.194717+0700,103.195.142.74,34.8.38.57,38944,53,UDP,flow,dns,2217959683494882,,1,1,0,195,0,0.0,1,195,0,none,0,none,0,0,0,no_alert_unknown,no_alert_not_final_benign,-1,dns,app_proto+port
2025-07-19T23:02:26.194739+0700,103.195.142.2,13.105.68.218,53,44214,UDP,flow,failed,449297527706876,,1,1,0,154,0,0.0,1,154,0,none,0,none,0,0,0,no_alert_unknown,no_alert_not_final_benign,-1,dns,port
2025-07-19T23:02:26.194745+0700,103.195.142.2,173.252.83.133,53,58372,UDP,flow,failed,2074383461815673,,1,1,0,154,0,0.0,1,154,0,none,0,none,0,0,0,no_alert_unknown,no_alert_not_final_benign,-1,dns,port
2025-07-19T23:02:26.194753+0700,103.195.142.74,118.98.44.50,4167,53,UDP,flow,dns,2062347528869244,,1,1,0,87,0,0.0,1,87,0,none,0,none,0,0,0,no_alert_unknown,no_alert_not_final_benign,-1,dns,app_proto+port
2025-07-19T23:02:26.194761+0700,103.195.142.46,87.98.154.131,53,4410,UDP,flow,failed,1885965612783026,,1,3,0,4311,0,10.0,3,4311,0,none,0,none,0,0,0,no_alert_unknown,no_alert_not_final_benign,-1,dns,port
2025-07-19T23:02:26.194775+0700,103.195.142.74,118.98.44.50,27957,53,UDP,flow,dns,148208956118478,,1,1,0,250,0,0.0,1,250,0,none,0,none,0,0,0,no_alert_unknown,no_alert_not_final_benign,-1,dns,app_proto+port
2025-07-19T23:02:26.194791+0700,103.195.142.74,118.98.44.20,42193,53,UDP,flow,dns,271095531345528,,1,1,0,220,0,0.0,1,220,0,none,0,none,0,0,0,no_alert_unknown,no_alert_not_final_benign,-1,dns,app_proto+port
2025-07-19T23:02:26.194799+0700,103.195.142.196,87.98.154.169,53,58193,UDP,flow,failed,461536458348173,,1,1,0,1437,0,0.0,1,1437,0,none,0,none,0,0,0,no_alert_unknown,no_alert_not_final_benign,-1,dns,port
2025-07-19T23:02:26.194830+0700,103.195.142.3,202.152.254.230,53,31530,UDP,flow,failed,499864200582971,,1,1,0,134,0,0.0,1,134,0,none,0,none,0,0,0,no_alert_unknown,no_alert_not_final_benign,-1,dns,port
2025-07-19T23:02:26.194844+0700,103.195.142.76,87.98.154.246,53,8626,UDP,flow,failed,344857373611921,,1,1,0,1469,0,0.0,1,1469,0,none,0,none,0,0,0,no_alert_unknown,no_alert_not_final_benign,-1,dns,port
2025-07-19T23:02:26.194857+0700,103.195.142.2,202.152.254.230,53,31532,UDP,flow,failed,498830647400461,,1,1,0,127,0,0.0,1,127,0,none,0,none,0,0,0,no_alert_unknown,no_alert_not_final_benign,-1,dns,port
2025-07-19T23:02:26.194865+0700,103.195.142.46,87.98.154.117,53,24126,UDP,flow,failed,515507406018588,,1,1,0,1437,0,0.0,1,1437,0,none,0,none,0,0,0,no_alert_unknown,no_alert_not_final_benign,-1,dns,port
2025-07-19T23:02:26.194872+0700,103.195.142.3,172.217.32.147,53,35738,UDP,flow,failed,168656441022693,,1,1,0,214,0,0.0,1,214,0,none,0,none,0,0,0,no_alert_unknown,no_alert_not_final_benign,-1,dns,port
2025-07-19T23:02:26.194878+0700,103.195.142.75,8.8.8.8,26439,53,UDP,flow,dns,362822074996979,,1,1,0,102,0,0.0,1,102,0,none,0,none,0,0,0,no_alert_unknown,no_alert_not_final_benign,-1,dns,app_proto+port
2025-07-19T23:02:26.194885+0700,103.195.142.83,87.98.154.119,53,42098,UDP,flow,failed,171945619790079,,1,1,0,1190,0,0.0,1,1190,0,none,0,none,0,0,0,no_alert_unknown,no_alert_not_final_benign,-1,dns,port
2025-07-19T23:02:26.194892+0700,103.195.142.74,118.98.44.20,13028,53,UDP,flow,dns,108420128545105,,1,1,0,220,0,0.0,1,220,0,none,0,none,0,0,0,no_alert_unknown,no_alert_not_final_benign,-1,dns,app_proto+port
2025-07-19T23:02:26.194899+0700,103.195.142.196,87.98.154.119,53,57979,UDP,flow,failed,114504635292050,,1,1,0,1437,0,0.0,1,1437,0,none,0,none,0,0,0,no_alert_unknown,no_alert_not_final_benign,-1,dns,port
2025-07-19T23:02:26.194906+0700,103.195.142.74,202.134.0.155,48362,53,UDP,flow,dns,218282860452375,,1,1,0,99,0,0.0,1,99,0,none,0,none,0,0,0,no_alert_unknown,no_alert_not_final_benign,-1,dns,app_proto+port
2025-07-19T23:02:26.194913+0700,103.195.142.75,8.8.8.8,15894,53,UDP,flow,dns,28731475204977,,1,1,0,68,0,0.0,1,68,0,none,0,none,0,0,0,no_alert_unknown,no_alert_not_final_benign,-1,dns,app_proto+port
2025-07-19T23:02:26.194922+0700,103.195.142.196,87.98.154.117,53,52031,UDP,flow,failed,218154174749628,,1,1,0,1437,0,0.0,1,1437,0,none,0,none,0,0,0,no_alert_unknown,no_alert_not_final_benign,-1,dns,port
2025-07-19T23:02:26.194943+0700,103.195.142.165,87.98.154.119,53,10681,UDP,flow,failed,315243660549592,,1,1,0,1437,0,0.0,1,1437,0,none,0,none,0,0,0,no_alert_unknown,no_alert_not_final_benign,-1,dns,port
2025-07-19T23:02:26.194958+0700,103.195.142.74,118.98.44.100,21785,53,UDP,flow,dns,514867135225441,,1,1,0,106,0,0.0,1,106,0,none,0,none,0,0,0,no_alert_unknown,no_alert_not_final_benign,-1,dns,app_proto+port
2025-07-19T23:02:26.194965+0700,103.195.142.3,162.158.153.76,53,57700,UDP,flow,failed,87906610683571,,1,1,0,137,0,0.0,1,137,0,none,0,none,0,0,0,no_alert_unknown,no_alert_not_final_benign,-1,dns,port
2025-07-19T23:02:25.599347+0700,103.195.142.74,118.98.44.100,20796,53,UDP,dns,,322378958429198,wire/pcap,0,0,0,0,0,0.0,0,0,0,none,0,none,0,0,0,no_alert_unknown,no_alert_not_final_benign,-1,dns,port
2025-07-19T23:02:26.194992+0700,103.195.142.74,118.98.44.100,3823,53,UDP,flow,dns,445851771641675,,1,1,0,85,0,0.0,1,85,0,none,0,none,0,0,0,no_alert_unknown,no_alert_not_final_benign,-1,dns,app_proto+port
2025-07-19T23:02:26.194999+0700,103.195.142.83,87.98.154.119,53,27277,UDP,flow,failed,28815574998933,,1,1,0,1190,0,0.0,1,1190,0,none,0,none,0,0,0,no_alert_unknown,no_alert_not_final_benign,-1,dns,port
2025-07-19T23:02:26.195005+0700,103.195.142.46,87.98.154.119,53,60444,UDP,flow,failed,437351059857466,,1,1,0,1437,0,0.0,1,1437,0,none,0,none,0,0,0,no_alert_unknown,no_alert_not_final_benign,-1,dns,port
2025-07-19T23:02:26.195019+0700,103.195.142.46,87.98.154.119,53,30491,UDP,flow,failed,374299011948680,,1,1,0,1437,0,0.0,1,1437,0,none,0,none,0,0,0,no_alert_unknown,no_alert_not_final_benign,-1,dns,port
2025-07-19T23:02:26.195049+0700,103.195.142.109,87.98.154.13,53,13920,UDP,flow,failed,244691343876625,,1,1,0,1437,0,0.0,1,1437,0,none,0,none,0,0,0,no_alert_unknown,no_alert_not_final_benign,-1,dns,port
2025-07-19T23:02:26.195062+0700,103.195.142.74,202.134.0.155,53675,53,UDP,flow,dns,360869889155980,,1,1,0,77,0,0.0,1,77,0,none,0,none,0,0,0,no_alert_unknown,no_alert_not_final_benign,-1,dns,app_proto+port
2025-07-19T23:02:26.195070+0700,103.195.142.3,5.255.252.194,53,62649,UDP,flow,failed,479721103926267,,1,1,0,174,0,0.0,1,174,0,none,0,none,0,0,0,no_alert_unknown,no_alert_not_final_benign,-1,dns,port
2025-07-19T23:02:26.195076+0700,103.195.142.74,118.98.44.20,10228,53,UDP,flow,dns,51177438291023,,1,1,0,68,0,0.0,1,68,0,none,0,none,0,0,0,no_alert_unknown,no_alert_not_final_benign,-1,dns,app_proto+port
2025-07-19T23:02:26.195086+0700,103.195.142.195,87.98.154.144,53,8093,UDP,flow,failed,488982144787563,,1,1,0,1437,0,0.0,1,1437,0,none,0,none,0,0,0,no_alert_unknown,no_alert_not_final_benign,-1,dns,port
2025-07-19T23:02:26.195093+0700,103.195.142.165,87.98.154.105,53,10511,UDP,flow,failed,151892482892912,,1,1,0,1437,0,0.0,1,1437,0,none,0,none,0,0,0,no_alert_unknown,no_alert_not_final_benign,-1,dns,port
2025-07-19T23:02:26.195105+0700,103.195.142.76,87.98.154.119,53,45341,UDP,flow,failed,311733738317311,,1,1,0,1469,0,0.0,1,1469,0,none,0,none,0,0,0,no_alert_unknown,no_alert_not_final_benign,-1,dns,port
2025-07-19T23:02:26.195112+0700,103.195.142.195,87.98.154.108,53,25386,UDP,flow,failed,68491412022866,,1,1,0,1437,0,0.0,1,1437,0,none,0,none,0,0,0,no_alert_unknown,no_alert_not_final_benign,-1,dns,port
2025-07-19T23:02:26.195118+0700,103.195.142.74,118.98.44.50,31992,53,UDP,flow,dns,312598438782549,,1,1,0,78,0,0.0,1,78,0,none,0,none,0,0,0,no_alert_unknown,no_alert_not_final_benign,-1,dns,app_proto+port
2025-07-19T23:02:25.653363+0700,103.195.142.74,118.98.44.50,10995,53,UDP,dns,,554374258502368,wire/pcap,0,0,0,0,0,0.0,0,0,0,none,0,none,0,0,0,no_alert_unknown,no_alert_not_final_benign,-1,dns,port
2025-07-19T23:02:26.195149+0700,103.195.142.196,87.98.154.117,53,62029,UDP,flow,failed,551627643660067,,1,1,0,1437,0,0.0,1,1437,0,none,0,none,0,0,0,no_alert_unknown,no_alert_not_final_benign,-1,dns,port
2025-07-19T23:02:26.195156+0700,103.195.142.165,87.98.154.201,53,54909,UDP,flow,failed,265461990598439,,1,1,0,1437,0,0.0,1,1437,0,none,0,none,0,0,0,no_alert_unknown,no_alert_not_final_benign,-1,dns,port
2025-07-19T23:02:26.195162+0700,103.195.142.109,87.98.154.117,53,60145,UDP,flow,failed,70927426430920,,1,1,0,1437,0,0.0,1,1437,0,none,0,none,0,0,0,no_alert_unknown,no_alert_not_final_benign,-1,dns,port
2025-07-19T23:02:26.195177+0700,103.195.142.109,87.98.154.157,53,42821,UDP,flow,failed,419121289340993,,1,1,0,1437,0,0.0,1,1437,0,none,0,none,0,0,0,no_alert_unknown,no_alert_not_final_benign,-1,dns,port
2025-07-19T23:02:26.195184+0700,103.195.142.75,8.8.8.8,46217,53,UDP,flow,dns,1299442269727185,,1,2,0,456,0,4.0,2,456,0,none,0,none,0,0,0,no_alert_unknown,no_alert_not_final_benign,-1,dns,app_proto+port
2025-07-19T23:02:26.195201+0700,103.195.142.195,87.98.154.118,53,16434,UDP,flow,failed,397308374788915,,1,1,0,1437,0,0.0,1,1437,0,none,0,none,0,0,0,no_alert_unknown,no_alert_not_final_benign,-1,dns,port
2025-07-19T23:02:25.743386+0700,103.195.142.75,8.8.8.8,36304,53,UDP,dns,,378070410907650,wire/pcap,0,0,0,0,0,0.0,0,0,0,none,0,none,0,0,0,no_alert_unknown,no_alert_not_final_benign,-1,dns,port
2025-07-19T23:02:26.195208+0700,103.195.142.75,8.8.8.8,57142,53,UDP,flow,dns,275671883426619,,1,1,0,88,0,0.0,1,88,0,none,0,none,0,0,0,no_alert_unknown,no_alert_not_final_benign,-1,dns,app_proto+port
2025-07-19T23:02:26.195240+0700,103.195.142.46,87.98.154.103,53,25375,UDP,flow,failed,2233821739920414,,1,3,0,4311,0,10.0,3,4311,0,none,0,none,0,0,0,no_alert_unknown,no_alert_not_final_benign,-1,dns,port
2025-07-19T23:02:26.195246+0700,103.195.142.74,118.98.44.50,2189,53,UDP,flow,dns,276474572745871,,1,1,0,89,0,0.0,1,89,0,none,0,none,0,0,0,no_alert_unknown,no_alert_not_final_benign,-1,dns,app_proto+port
2025-07-19T23:02:26.195255+0700,103.195.142.3,13.250.186.193,53,53601,UDP,flow,failed,780926338641059,,1,1,0,170,0,0.0,1,170,0,none,0,none,0,0,0,no_alert_unknown,no_alert_not_final_benign,-1,dns,port
2025-07-19T23:02:26.195262+0700,103.195.142.75,8.8.8.8,14351,53,UDP,flow,dns,815356944362786,,1,1,0,196,0,0.0,1,196,0,none,0,none,0,0,0,no_alert_unknown,no_alert_not_final_benign,-1,dns,app_proto+port
2025-07-19T23:02:25.720667+0700,103.195.142.74,202.134.0.155,46666,53,UDP,dns,,561968177989814,wire/pcap,0,0,0,0,0,0.0,0,0,0,none,0,none,0,0,0,no_alert_unknown,no_alert_not_final_benign,-1,dns,port
2025-07-19T23:02:25.628021+0700,103.195.142.74,118.98.44.100,44173,53,UDP,dns,,445530841727800,wire/pcap,0,0,0,0,0,0.0,0,0,0,none,0,none,0,0,0,no_alert_unknown,no_alert_not_final_benign,-1,dns,port
2025-07-19T23:02:25.966607+0700,103.195.142.74,118.98.44.20,53635,53,UDP,dns,,492371379368452,wire/pcap,0,0,0,0,0,0.0,0,0,0,none,0,none,0,0,0,no_alert_unknown,no_alert_not_final_benign,-1,dns,port
2025-07-19T23:02:26.150599+0700,103.195.142.75,8.8.8.8,9051,53,UDP,dns,,646821879447726,wire/pcap,0,0,0,0,0,0.0,0,0,0,none,0,none,0,0,0,no_alert_unknown,no_alert_not_final_benign,-1,dns,port
2025-07-19T23:02:25.648267+0700,103.195.142.74,118.98.44.100,58724,53,UDP,dns,,532486240454050,wire/pcap,0,0,0,0,0,0.0,0,0,0,none,0,none,0,0,0,no_alert_unknown,no_alert_not_final_benign,-1,dns,port
2025-07-19T23:02:26.177472+0700,103.195.142.74,118.98.44.50,54175,53,UDP,dns,,762240199795150,wire/pcap,0,0,0,0,0,0.0,0,0,0,none,0,none,0,0,0,no_alert_unknown,no_alert_not_final_benign,-1,dns,port
2025-07-19T23:02:25.882014+0700,103.195.142.75,8.8.8.8,48463,53,UDP,dns,,410522459528450,wire/pcap,0,0,0,0,0,0.0,0,0,0,none,0,none,0,0,0,no_alert_unknown,no_alert_not_final_benign,-1,dns,port
2025-07-19T23:02:25.754782+0700,103.195.142.74,202.134.0.155,42535,53,UDP,dns,,427017480229213,wire/pcap,0,0,0,0,0,0.0,0,0,0,none,0,none,0,0,0,no_alert_unknown,no_alert_not_final_benign,-1,dns,port
2025-07-19T23:02:25.889664+0700,103.195.142.74,185.67.45.232,1391,53,UDP,dns,,443382288527508,wire/pcap,0,0,0,0,0,0.0,0,0,0,none,0,none,0,0,0,no_alert_unknown,no_alert_not_final_benign,-1,dns,port
2025-07-19T23:02:26.036648+0700,103.195.142.75,8.8.8.8,62306,53,UDP,dns,,720351947038722,wire/pcap,0,0,0,0,0,0.0,0,0,0,none,0,none,0,0,0,no_alert_unknown,no_alert_not_final_benign,-1,dns,port
2025-07-19T23:02:26.019372+0700,103.195.142.74,118.98.44.20,29489,53,UDP,dns,,646155062560401,wire/pcap,0,0,0,0,0,0.0,0,0,0,none,0,none,0,0,0,no_alert_unknown,no_alert_not_final_benign,-1,dns,port
2025-07-19T23:02:26.045020+0700,103.195.142.74,202.134.0.155,3350,53,UDP,dns,,756313445582823,wire/pcap,0,0,0,0,0,0.0,0,0,0,none,0,none,0,0,0,no_alert_unknown,no_alert_not_final_benign,-1,dns,port
2025-07-19T23:02:25.909441+0700,103.195.142.108,8.8.8.8,1900,53,UDP,dns,,1216074754602613,wire/pcap,0,0,0,0,0,0.0,0,0,0,none,0,none,0,0,0,no_alert_unknown,no_alert_not_final_benign,-1,dns,port
2025-07-19T23:02:26.196515+0700,103.195.142.74,118.98.44.100,41548,53,UDP,flow,dns,970736052805869,,1,1,0,214,0,0.0,1,214,0,none,0,none,0,0,0,no_alert_unknown,no_alert_not_final_benign,-1,dns,app_proto+port
2025-07-19T23:02:26.004243+0700,103.195.142.75,8.8.8.8,24089,53,UDP,dns,,581173812538125,wire/pcap,0,0,0,0,0,0.0,0,0,0,none,0,none,0,0,0,no_alert_unknown,no_alert_not_final_benign,-1,dns,port
2025-07-19T23:02:26.114611+0700,103.195.142.75,8.8.8.8,54911,53,UDP,dns,,773729138074178,wire/pcap,0,0,0,0,0,0.0,0,0,0,none,0,none,0,0,0,no_alert_unknown,no_alert_not_final_benign,-1,dns,port
2025-07-19T23:02:25.648242+0700,103.195.142.74,118.98.44.20,4780,53,UDP,dns,,532382403315074,wire/pcap,0,0,0,0,0,0.0,0,0,0,none,0,none,0,0,0,no_alert_unknown,no_alert_not_final_benign,-1,dns,port
2025-07-19T23:02:25.966590+0700,103.195.142.74,118.98.44.50,25638,53,UDP,dns,,492299220701949,wire/pcap,0,0,0,0,0,0.0,0,0,0,none,0,none,0,0,0,no_alert_unknown,no_alert_not_final_benign,-1,dns,port
2025-07-19T23:02:25.328776+0700,103.195.142.75,8.8.8.8,5056,53,UDP,dns,,286184059585136,wire/pcap,0,0,0,0,0,0.0,0,0,0,none,0,none,0,0,0,no_alert_unknown,no_alert_not_final_benign,-1,dns,port
2025-07-19T23:02:25.716945+0700,103.195.142.75,8.8.8.8,56104,53,UDP,dns,,545983491776260,wire/pcap,0,0,0,0,0,0.0,0,0,0,none,0,none,0,0,0,no_alert_unknown,no_alert_not_final_benign,-1,dns,port
2025-07-19T23:02:25.060418+0700,103.195.142.74,118.98.44.50,8253,53,UDP,dns,,540971490345217,wire/pcap,0,0,0,0,0,0.0,0,0,0,none,0,none,0,0,0,no_alert_unknown,no_alert_not_final_benign,-1,dns,port
2025-07-19T23:02:25.829518+0700,103.195.142.74,118.98.44.50,51118,53,UDP,dns,,466529870610413,wire/pcap,0,0,0,0,0,0.0,0,0,0,none,0,none,0,0,0,no_alert_unknown,no_alert_not_final_benign,-1,dns,port
2025-07-19T23:02:25.924166+0700,103.195.142.74,202.134.0.155,23086,53,UDP,dns,,310089064030265,wire/pcap,0,0,0,0,0,0.0,0,0,0,none,0,none,0,0,0,no_alert_unknown,no_alert_not_final_benign,-1,dns,port
2025-07-19T23:02:25.931620+0700,103.195.142.74,118.98.44.100,56980,53,UDP,dns,,342104441656990,wire/pcap,0,0,0,0,0,0.0,0,0,0,none,0,none,0,0,0,no_alert_unknown,no_alert_not_final_benign,-1,dns,port
2025-07-19T23:02:26.119904+0700,103.195.142.74,118.98.44.100,38403,53,UDP,dns,,796461449366820,wire/pcap,0,0,0,0,0,0.0,0,0,0,none,0,none,0,0,0,no_alert_unknown,no_alert_not_final_benign,-1,dns,port
2025-07-19T23:02:25.118607+0700,103.195.142.75,8.8.8.8,26867,53,UDP,dns,,509416936949979,wire/pcap,0,0,0,0,0,0.0,0,0,0,none,0,none,0,0,0,no_alert_unknown,no_alert_not_final_benign,-1,dns,port
2025-07-19T23:02:25.599411+0700,103.195.142.74,202.134.0.155,46241,53,UDP,dns,,322652812477683,wire/pcap,0,0,0,0,0,0.0,0,0,0,none,0,none,0,0,0,no_alert_unknown,no_alert_not_final_benign,-1,dns,port
2025-07-19T23:02:25.625518+0700,103.195.142.74,202.134.0.155,12879,53,UDP,dns,,434780816999373,wire/pcap,0,0,0,0,0,0.0,0,0,0,none,0,none,0,0,0,no_alert_unknown,no_alert_not_final_benign,-1,dns,port
2025-07-19T23:02:25.690411+0700,103.195.142.74,118.98.44.20,45467,53,UDP,dns,,432017953953373,wire/pcap,0,0,0,0,0,0.0,0,0,0,none,0,none,0,0,0,no_alert_unknown,no_alert_not_final_benign,-1,dns,port
2025-07-19T23:02:25.794549+0700,103.195.142.74,202.134.0.155,43144,53,UDP,dns,,316340361284250,wire/pcap,0,0,0,0,0,0.0,0,0,0,none,0,none,0,0,0,no_alert_unknown,no_alert_not_final_benign,-1,dns,port
2025-07-19T23:02:25.145108+0700,103.195.142.74,118.98.44.50,47945,53,UDP,dns,,341760524739592,wire/pcap,0,0,0,0,0,0.0,0,0,0,none,0,none,0,0,0,no_alert_unknown,no_alert_not_final_benign,-1,dns,port
2025-07-19T23:02:25.194905+0700,103.195.142.74,118.98.44.50,15347,53,UDP,dns,,555636695401750,wire/pcap,0,0,0,0,0,0.0,0,0,0,none,0,none,0,0,0,no_alert_unknown,no_alert_not_final_benign,-1,dns,port
2025-07-19T23:02:25.477483+0700,103.195.142.74,118.98.44.50,17072,53,UDP,dns,,361925555647157,wire/pcap,0,0,0,0,0,0.0,0,0,0,none,0,none,0,0,0,no_alert_unknown,no_alert_not_final_benign,-1,dns,port
2025-07-19T23:02:25.566455+0700,103.195.142.74,118.98.44.100,59286,53,UDP,dns,,462583707941238,wire/pcap,0,0,0,0,0,0.0,0,0,0,none,0,none,0,0,0,no_alert_unknown,no_alert_not_final_benign,-1,dns,port
2025-07-19T23:02:25.248731+0700,103.195.142.75,8.8.8.8,58932,53,UDP,dns,,505344569094174,wire/pcap,0,0,0,0,0,0.0,0,0,0,none,0,none,0,0,0,no_alert_unknown,no_alert_not_final_benign,-1,dns,port
2025-07-19T23:02:25.611508+0700,103.195.142.75,8.8.8.8,50190,53,UDP,dns,,374609780878519,wire/pcap,0,0,0,0,0,0.0,0,0,0,none,0,none,0,0,0,no_alert_unknown,no_alert_not_final_benign,-1,dns,port
2025-07-19T23:02:26.224723+0700,103.195.142.74,118.98.44.20,62131,53,UDP,dns,,683705837014617,wire/pcap,0,0,0,0,0,0.0,0,0,0,none,0,none,0,0,0,no_alert_unknown,no_alert_not_final_benign,-1,dns,port
2025-07-19T23:02:25.312548+0700,103.195.142.74,69.16.230.48,14215,53,UDP,dns,,497962524455385,wire/pcap,0,0,0,0,0,0.0,0,0,0,none,0,none,0,0,0,no_alert_unknown,no_alert_not_final_benign,-1,dns,port
2025-07-19T23:02:25.336804+0700,103.195.142.74,185.67.45.232,65206,53,UDP,dns,,320665068754910,wire/pcap,0,0,0,0,0,0.0,0,0,0,none,0,none,0,0,0,no_alert_unknown,no_alert_not_final_benign,-1,dns,port
2025-07-19T23:02:25.415230+0700,103.195.142.74,118.98.44.50,7674,53,UDP,dns,,376027195969443,wire/pcap,0,0,0,0,0,0.0,0,0,0,none,0,none,0,0,0,no_alert_unknown,no_alert_not_final_benign,-1,dns,port
2025-07-19T23:02:25.621353+0700,103.195.142.74,202.134.0.155,30583,53,UDP,dns,,416891626630606,wire/pcap,0,0,0,0,0,0.0,0,0,0,none,0,none,0,0,0,no_alert_unknown,no_alert_not_final_benign,-1,dns,port
2025-07-19T23:02:25.671332+0700,103.195.142.75,8.8.8.8,29194,53,UDP,dns,,350075044838239,wire/pcap,0,0,0,0,0,0.0,0,0,0,none,0,none,0,0,0,no_alert_unknown,no_alert_not_final_benign,-1,dns,port
2025-07-19T23:02:25.845383+0700,103.195.142.74,118.98.44.50,2072,53,UDP,dns,,534670541075675,wire/pcap,0,0,0,0,0,0.0,0,0,0,none,0,none,0,0,0,no_alert_unknown,no_alert_not_final_benign,-1,dns,port
2025-07-19T23:02:25.974304+0700,103.195.142.74,202.134.0.155,61065,53,UDP,dns,,525431262417815,wire/pcap,0,0,0,0,0,0.0,0,0,0,none,0,none,0,0,0,no_alert_unknown,no_alert_not_final_benign,-1,dns,port
2025-07-19T23:02:26.299917+0700,103.195.142.74,118.98.44.20,23866,53,UDP,dns,,725187878252137,wire/pcap,0,0,0,0,0,0.0,0,0,0,none,0,none,0,0,0,no_alert_unknown,no_alert_not_final_benign,-1,dns,port
2025-07-19T23:02:26.313787+0700,103.195.142.74,118.98.44.20,16715,53,UDP,dns,,784758956284631,wire/pcap,0,0,0,0,0,0.0,0,0,0,none,0,none,0,0,0,no_alert_unknown,no_alert_not_final_benign,-1,dns,port
2025-07-19T23:02:26.313883+0700,103.195.142.75,8.8.8.8,27706,53,UDP,dns,,785170883158154,wire/pcap,0,0,0,0,0,0.0,0,0,0,none,0,none,0,0,0,no_alert_unknown,no_alert_not_final_benign,-1,dns,port
2025-07-19T23:02:26.325492+0700,103.195.142.74,202.134.0.155,54513,53,UDP,dns,,835031357402221,wire/pcap,0,0,0,0,0,0.0,0,0,0,none,0,none,0,0,0,no_alert_unknown,no_alert_not_final_benign,-1,dns,port
2025-07-19T23:02:26.409092+0700,103.195.142.74,202.134.0.155,42729,53,UDP,dns,,631139172203104,wire/pcap,0,0,0,0,0,0.0,0,0,0,none,0,none,0,0,0,no_alert_unknown,no_alert_not_final_benign,-1,dns,port
2025-07-19T23:02:26.409830+0700,103.195.142.74,118.98.44.50,18089,53,UDP,dns,,634310080699760,wire/pcap,0,0,0,0,0,0.0,0,0,0,none,0,none,0,0,0,no_alert_unknown,no_alert_not_final_benign,-1,dns,port
2025-07-19T23:02:26.426115+0700,103.195.142.74,202.134.0.155,49748,53,UDP,dns,,704250232914455,wire/pcap,0,0,0,0,0,0.0,0,0,0,none,0,none,0,0,0,no_alert_unknown,no_alert_not_final_benign,-1,dns,port
2025-07-19T23:02:26.426495+0700,103.195.142.74,118.98.44.50,20482,53,UDP,dns,,705884448924245,wire/pcap,0,0,0,0,0,0.0,0,0,0,none,0,none,0,0,0,no_alert_unknown,no_alert_not_final_benign,-1,dns,port
2025-07-19T23:02:26.443071+0700,103.195.142.83,87.98.154.119,53,59879,UDP,flow,failed,680881979633391,,1,1,0,1190,0,0.0,1,1190,0,none,0,none,0,0,0,no_alert_unknown,no_alert_not_final_benign,-1,dns,port
2025-07-19T23:02:26.443309+0700,103.195.142.109,87.98.154.45,53,8998,UDP,flow,failed,128399654825774,,1,3,0,4311,0,9.0,3,4311,0,none,0,none,0,0,0,no_alert_unknown,no_alert_not_final_benign,-1,dns,port
2025-07-19T23:02:26.443403+0700,103.195.142.165,87.98.154.119,53,58935,UDP,flow,failed,99917287894919,,1,1,0,1437,0,0.0,1,1437,0,none,0,none,0,0,0,no_alert_unknown,no_alert_not_final_benign,-1,dns,port
2025-07-19T23:02:26.443424+0700,103.195.142.76,87.98.154.246,53,43028,UDP,flow,failed,332637272584153,,1,1,0,1469,0,0.0,1,1469,0,none,0,none,0,0,0,no_alert_unknown,no_alert_not_final_benign,-1,dns,port
2025-07-19T23:02:26.443443+0700,103.195.142.2,202.152.254.230,53,45812,UDP,flow,failed,384552862789643,,1,1,0,127,0,0.0,1,127,0,none,0,none,0,0,0,no_alert_unknown,no_alert_not_final_benign,-1,dns,port
2025-07-19T23:02:26.443462+0700,103.195.142.74,202.134.0.155,44136,53,UDP,flow,dns,204241157861457,,1,1,0,214,0,0.0,1,214,0,none,0,none,0,0,0,no_alert_unknown,no_alert_not_final_benign,-1,dns,app_proto+port
2025-07-19T23:02:26.443533+0700,103.195.142.109,87.98.154.119,53,5329,UDP,flow,failed,595774791528640,,1,1,0,1437,0,0.0,1,1437,0,none,0,none,0,0,0,no_alert_unknown,no_alert_not_final_benign,-1,dns,port
2025-07-19T23:02:26.443577+0700,103.195.142.76,87.98.154.18,53,8393,UDP,flow,failed,102643032896003,,1,1,0,1469,0,0.0,1,1469,0,none,0,none,0,0,0,no_alert_unknown,no_alert_not_final_benign,-1,dns,port
2025-07-19T23:02:26.443658+0700,103.195.142.46,87.98.154.119,53,33578,UDP,flow,failed,111994376729106,,1,1,0,1437,0,0.0,1,1437,0,none,0,none,0,0,0,no_alert_unknown,no_alert_not_final_benign,-1,dns,port
2025-07-19T23:02:26.443805+0700,103.195.142.83,87.98.154.246,53,26770,UDP,flow,failed,591135710295087,,1,1,0,1190,0,0.0,1,1190,0,none,0,none,0,0,0,no_alert_unknown,no_alert_not_final_benign,-1,dns,port
2025-07-19T23:02:26.443841+0700,103.195.142.196,87.98.154.217,53,2243,UDP,flow,failed,308179683161151,,1,1,0,1437,0,0.0,1,1437,0,none,0,none,0,0,0,no_alert_unknown,no_alert_not_final_benign,-1,dns,port
2025-07-19T23:02:26.443862+0700,103.195.142.74,118.98.44.20,7009,53,UDP,flow,dns,495371775358100,,1,1,0,81,0,0.0,1,81,0,none,0,none,0,0,0,no_alert_unknown,no_alert_not_final_benign,-1,dns,app_proto+port
2025-07-19T23:02:26.443957+0700,103.195.142.195,87.98.154.24,53,61131,UDP,flow,failed,816648304309459,,1,1,0,1437,0,0.0,1,1437,0,none,0,none,0,0,0,no_alert_unknown,no_alert_not_final_benign,-1,dns,port
2025-07-19T23:02:26.443996+0700,103.195.142.165,87.98.154.5,53,63237,UDP,flow,failed,318737060377835,,1,1,0,1437,0,0.0,1,1437,0,none,0,none,0,0,0,no_alert_unknown,no_alert_not_final_benign,-1,dns,port
2025-07-19T23:02:26.444019+0700,103.195.142.2,202.152.254.230,53,45811,UDP,flow,failed,392663069013276,,1,1,0,145,0,0.0,1,145,0,none,0,none,0,0,0,no_alert_unknown,no_alert_not_final_benign,-1,dns,port
2025-07-19T23:02:26.444132+0700,103.195.142.74,118.98.44.20,13316,53,UDP,flow,dns,518814895748907,,1,1,0,131,0,0.0,1,131,0,none,0,none,0,0,0,no_alert_unknown,no_alert_not_final_benign,-1,dns,app_proto+port
2025-07-19T23:02:26.444201+0700,103.195.142.196,87.98.154.119,53,39342,UDP,flow,failed,254282501044242,,1,1,0,1437,0,0.0,1,1437,0,none,0,none,0,0,0,no_alert_unknown,no_alert_not_final_benign,-1,dns,port
2025-07-19T23:02:26.444246+0700,103.195.142.74,118.98.44.100,7018,53,UDP,flow,dns,161319665186887,,1,1,0,68,0,0.0,1,68,0,none,0,none,0,0,0,no_alert_unknown,no_alert_not_final_benign,-1,dns,app_proto+port
2025-07-19T23:02:26.444267+0700,103.195.142.83,87.98.154.46,53,16831,UDP,flow,failed,18036876687626,,1,3,0,3570,0,10.0,3,3570,0,none,0,none,0,0,0,no_alert_unknown,no_alert_not_final_benign,-1,dns,port
2025-07-19T23:02:26.444287+0700,103.195.142.76,87.98.154.119,53,18918,UDP,flow,failed,775614022793553,,1,1,0,1469,0,0.0,1,1469,0,none,0,none,0,0,0,no_alert_unknown,no_alert_not_final_benign,-1,dns,port
2025-07-19T23:02:26.444310+0700,103.195.142.83,87.98.154.122,53,5266,UDP,flow,failed,332178031229363,,1,1,0,1190,0,0.0,1,1190,0,none,0,none,0,0,0,no_alert_unknown,no_alert_not_final_benign,-1,dns,port
2025-07-19T23:02:26.444329+0700,103.195.142.165,87.98.154.119,53,9066,UDP,flow,failed,258455503616600,,1,1,0,1437,0,0.0,1,1437,0,none,0,none,0,0,0,no_alert_unknown,no_alert_not_final_benign,-1,dns,port
2025-07-19T23:02:26.444348+0700,103.195.142.195,87.98.154.60,53,35978,UDP,flow,failed,2133365879454422,,1,3,0,4311,0,9.0,3,4311,0,none,0,none,0,0,0,no_alert_unknown,no_alert_not_final_benign,-1,dns,port
2025-07-19T23:02:26.444389+0700,103.195.142.195,87.98.154.119,53,16660,UDP,flow,failed,679309528578860,,1,1,0,1437,0,0.0,1,1437,0,none,0,none,0,0,0,no_alert_unknown,no_alert_not_final_benign,-1,dns,port
2025-07-19T23:02:26.444418+0700,103.195.142.195,87.98.154.117,53,58021,UDP,flow,failed,193643119426415,,1,1,0,1437,0,0.0,1,1437,0,none,0,none,0,0,0,no_alert_unknown,no_alert_not_final_benign,-1,dns,port
2025-07-19T23:02:26.444440+0700,103.195.142.46,87.98.154.47,53,39702,UDP,flow,failed,530311864630223,,1,1,0,1437,0,0.0,1,1437,0,none,0,none,0,0,0,no_alert_unknown,no_alert_not_final_benign,-1,dns,port
2025-07-19T23:02:26.444464+0700,103.195.142.74,118.98.44.20,51834,53,UDP,flow,dns,813622910893023,,1,1,0,184,0,0.0,1,184,0,none,0,none,0,0,0,no_alert_unknown,no_alert_not_final_benign,-1,dns,app_proto+port
2025-07-19T23:02:26.444494+0700,103.195.142.195,87.98.154.28,53,39077,UDP,flow,failed,233370053360616,,1,1,0,1437,0,0.0,1,1437,0,none,0,none,0,0,0,no_alert_unknown,no_alert_not_final_benign,-1,dns,port
2025-07-19T23:02:26.444514+0700,103.195.142.76,87.98.154.119,53,22554,UDP,flow,failed,124072972827646,,1,1,0,1469,0,0.0,1,1469,0,none,0,none,0,0,0,no_alert_unknown,no_alert_not_final_benign,-1,dns,port
2025-07-19T23:02:26.444552+0700,103.195.142.76,87.98.154.106,53,28920,UDP,flow,failed,134798962310282,,1,3,0,4407,0,10.0,3,4407,0,none,0,none,0,0,0,no_alert_unknown,no_alert_not_final_benign,-1,dns,port
2025-07-19T23:02:26.444571+0700,103.195.142.83,87.98.154.119,53,42284,UDP,flow,failed,514167387962699,,1,1,0,1190,0,0.0,1,1190,0,none,0,none,0,0,0,no_alert_unknown,no_alert_not_final_benign,-1,dns,port
2025-07-19T23:02:26.444610+0700,103.195.142.46,87.98.154.43,53,54182,UDP,flow,failed,304319128387064,,1,1,0,1437,0,0.0,1,1437,0,none,0,none,0,0,0,no_alert_unknown,no_alert_not_final_benign,-1,dns,port
2025-07-19T23:02:26.444689+0700,103.195.142.196,87.98.154.109,53,41628,UDP,flow,failed,567551135301142,,1,1,0,1437,0,0.0,1,1437,0,none,0,none,0,0,0,no_alert_unknown,no_alert_not_final_benign,-1,dns,port
2025-07-19T23:02:26.444725+0700,103.195.142.165,87.98.154.119,53,35172,UDP,flow,failed,214813687004952,,1,1,0,1437,0,0.0,1,1437,0,none,0,none,0,0,0,no_alert_unknown,no_alert_not_final_benign,-1,dns,port
2025-07-19T23:02:26.444747+0700,103.195.142.195,87.98.154.200,53,28495,UDP,flow,failed,799961860325163,,1,1,0,1437,0,0.0,1,1437,0,none,0,none,0,0,0,no_alert_unknown,no_alert_not_final_benign,-1,dns,port
2025-07-19T23:02:26.444771+0700,103.195.142.165,87.98.154.119,53,49743,UDP,flow,failed,641684693106485,,1,1,0,1437,0,0.0,1,1437,0,none,0,none,0,0,0,no_alert_unknown,no_alert_not_final_benign,-1,dns,port
2025-07-19T23:02:26.444790+0700,103.195.142.3,5.255.252.237,53,50381,UDP,flow,failed,333495066935244,,1,1,0,127,0,0.0,1,127,0,none,0,none,0,0,0,no_alert_unknown,no_alert_not_final_benign,-1,dns,port
2025-07-19T23:02:26.444967+0700,103.195.142.196,87.98.154.197,53,41798,UDP,flow,failed,123366161563921,,1,1,0,1437,0,0.0,1,1437,0,none,0,none,0,0,0,no_alert_unknown,no_alert_not_final_benign,-1,dns,port
2025-07-19T23:02:26.445010+0700,103.195.142.75,8.8.8.8,49625,53,UDP,flow,dns,211957996044668,,1,1,0,86,0,0.0,1,86,0,none,0,none,0,0,0,no_alert_unknown,no_alert_not_final_benign,-1,dns,app_proto+port
2025-07-19T23:02:26.445032+0700,103.195.142.74,118.98.44.100,53505,53,UDP,flow,dns,237267873743248,,1,1,0,77,0,0.0,1,77,0,none,0,none,0,0,0,no_alert_unknown,no_alert_not_final_benign,-1,dns,app_proto+port
2025-07-19T23:02:26.445111+0700,103.195.142.76,87.98.154.134,53,52932,UDP,flow,failed,234522707542570,,1,1,0,1469,0,0.0,1,1469,0,none,0,none,0,0,0,no_alert_unknown,no_alert_not_final_benign,-1,dns,port
2025-07-19T23:02:26.445131+0700,103.195.142.109,87.98.154.117,53,38229,UDP,flow,failed,169344246989448,,1,1,0,1437,0,0.0,1,1437,0,none,0,none,0,0,0,no_alert_unknown,no_alert_not_final_benign,-1,dns,port
2025-07-19T23:02:26.445149+0700,103.195.142.2,13.105.68.218,53,29422,UDP,flow,failed,450279199589104,,1,1,0,178,0,0.0,1,178,0,none,0,none,0,0,0,no_alert_unknown,no_alert_not_final_benign,-1,dns,port
2025-07-19T23:02:26.445168+0700,103.195.142.74,202.134.0.155,17909,53,UDP,flow,dns,761669753750266,,1,1,0,184,0,0.0,1,184,0,none,0,none,0,0,0,no_alert_unknown,no_alert_not_final_benign,-1,dns,app_proto+port
2025-07-19T23:02:26.445189+0700,103.195.142.165,87.98.154.53,53,9675,UDP,flow,failed,438085156520799,,1,1,0,1437,0,0.0,1,1437,0,none,0,none,0,0,0,no_alert_unknown,no_alert_not_final_benign,-1,dns,port
2025-07-19T23:02:26.445233+0700,103.195.142.196,87.98.154.245,53,64273,UDP,flow,failed,559823797994495,,1,1,0,1437,0,0.0,1,1437,0,none,0,none,0,0,0,no_alert_unknown,no_alert_not_final_benign,-1,dns,port
2025-07-19T23:02:26.445252+0700,103.195.142.74,118.98.44.50,10561,53,UDP,flow,dns,616920087774313,,1,1,0,91,0,0.0,1,91,0,none,0,none,0,0,0,no_alert_unknown,no_alert_not_final_benign,-1,dns,app_proto+port
2025-07-19T23:02:26.445273+0700,103.195.142.2,172.217.32.156,53,45845,UDP,flow,failed,105696305857823,,1,1,0,235,0,0.0,1,235,0,none,0,none,0,0,0,no_alert_unknown,no_alert_not_final_benign,-1,dns,port
2025-07-19T23:02:26.445293+0700,103.195.142.83,87.98.154.186,53,3675,UDP,flow,failed,502499950839122,,1,1,0,1190,0,0.0,1,1190,0,none,0,none,0,0,0,no_alert_unknown,no_alert_not_final_benign,-1,dns,port
2025-07-19T23:02:26.445326+0700,103.195.142.165,87.98.154.117,53,9072,UDP,flow,failed,411300699358570,,1,1,0,1437,0,0.0,1,1437,0,none,0,none,0,0,0,no_alert_unknown,no_alert_not_final_benign,-1,dns,port
2025-07-19T23:02:26.445355+0700,103.195.142.195,87.98.154.119,53,56402,UDP,flow,failed,345141284947345,,1,1,0,1437,0,0.0,1,1437,0,none,0,none,0,0,0,no_alert_unknown,no_alert_not_final_benign,-1,dns,port
2025-07-19T23:02:26.445375+0700,103.195.142.75,8.8.8.8,59086,53,UDP,flow,dns,756969397601942,,1,1,0,109,0,0.0,1,109,0,none,0,none,0,0,0,no_alert_unknown,no_alert_not_final_benign,-1,dns,app_proto+port
2025-07-19T23:02:26.445478+0700,103.195.142.2,202.152.254.230,53,31531,UDP,flow,failed,474518094268122,,1,1,0,135,0,0.0,1,135,0,none,0,none,0,0,0,no_alert_unknown,no_alert_not_final_benign,-1,dns,port
2025-07-19T23:02:26.445498+0700,103.195.142.74,118.98.44.50,20890,53,UDP,flow,dns,476056273471329,,1,1,0,109,0,0.0,1,109,0,none,0,none,0,0,0,no_alert_unknown,no_alert_not_final_benign,-1,dns,app_proto+port
2025-07-19T23:02:26.445539+0700,103.195.142.165,87.98.154.33,53,11729,UDP,flow,failed,254858679469965,,1,1,0,1437,0,0.0,1,1437,0,none,0,none,0,0,0,no_alert_unknown,no_alert_not_final_benign,-1,dns,port
2025-07-19T23:02:26.445558+0700,103.195.142.46,87.98.154.119,53,36082,UDP,flow,failed,144060182022035,,1,1,0,1437,0,0.0,1,1437,0,none,0,none,0,0,0,no_alert_unknown,no_alert_not_final_benign,-1,dns,port
2025-07-19T23:02:26.445609+0700,103.195.142.76,87.98.154.78,53,53171,UDP,flow,failed,635618010384414,,1,1,0,1469,0,0.0,1,1469,0,none,0,none,0,0,0,no_alert_unknown,no_alert_not_final_benign,-1,dns,port
2025-07-19T23:02:26.445629+0700,103.195.142.74,118.98.44.100,33636,53,UDP,flow,dns,408204946294907,,1,1,0,211,0,0.0,1,211,0,none,0,none,0,0,0,no_alert_unknown,no_alert_not_final_benign,-1,dns,app_proto+port
2025-07-19T23:02:26.445669+0700,103.195.142.83,87.98.154.119,53,20279,UDP,flow,failed,339555704686793,,1,1,0,1190,0,0.0,1,1190,0,none,0,none,0,0,0,no_alert_unknown,no_alert_not_final_benign,-1,dns,port
2025-07-19T23:02:26.445687+0700,103.195.142.195,87.98.154.119,53,33228,UDP,flow,failed,804069498603757,,1,1,0,1437,0,0.0,1,1437,0,none,0,none,0,0,0,no_alert_unknown,no_alert_not_final_benign,-1,dns,port
2025-07-19T23:02:26.445707+0700,103.195.142.46,87.98.154.119,53,56970,UDP,flow,failed,553067069884655,,1,1,0,1437,0,0.0,1,1437,0,none,0,none,0,0,0,no_alert_unknown,no_alert_not_final_benign,-1,dns,port
2025-07-19T23:02:26.445753+0700,103.195.142.3,74.125.180.19,53,58612,UDP,flow,failed,157002262563086,,1,1,0,188,0,0.0,1,188,0,none,0,none,0,0,0,no_alert_unknown,no_alert_not_final_benign,-1,dns,port
2025-07-19T23:02:26.445772+0700,103.195.142.165,87.98.154.119,53,48111,UDP,flow,failed,475403035068744,,1,1,0,1437,0,0.0,1,1437,0,none,0,none,0,0,0,no_alert_unknown,no_alert_not_final_benign,-1,dns,port
2025-07-19T23:02:26.445796+0700,103.195.142.74,118.98.44.100,7546,53,UDP,flow,dns,676420201990491,,1,1,0,77,0,0.0,1,77,0,none,0,none,0,0,0,no_alert_unknown,no_alert_not_final_benign,-1,dns,app_proto+port
2025-07-19T23:02:26.445826+0700,103.195.142.46,87.98.154.119,53,24691,UDP,flow,failed,423356558133604,,1,1,0,1437,0,0.0,1,1437,0,none,0,none,0,0,0,no_alert_unknown,no_alert_not_final_benign,-1,dns,port
2025-07-19T23:02:26.445845+0700,103.195.142.74,118.98.44.100,64884,53,UDP,flow,dns,765408716769671,,1,1,0,250,0,0.0,1,250,0,none,0,none,0,0,0,no_alert_unknown,no_alert_not_final_benign,-1,dns,app_proto+port
2025-07-19T23:02:26.445870+0700,103.195.142.3,192.178.92.19,53,60966,UDP,flow,failed,601837879871949,,1,1,0,207,0,0.0,1,207,0,none,0,none,0,0,0,no_alert_unknown,no_alert_not_final_benign,-1,dns,port
2025-07-19T23:02:26.445910+0700,103.195.142.196,87.98.154.119,53,46447,UDP,flow,failed,708198834555396,,1,1,0,1437,0,0.0,1,1437,0,none,0,none,0,0,0,no_alert_unknown,no_alert_not_final_benign,-1,dns,port
2025-07-19T23:02:26.445931+0700,103.195.142.3,172.70.116.71,53,13987,UDP,flow,failed,196238444120585,,1,1,0,143,0,0.0,1,143,0,none,0,none,0,0,0,no_alert_unknown,no_alert_not_final_benign,-1,dns,port
2025-07-19T23:02:26.445999+0700,103.195.142.109,87.98.154.119,53,25844,UDP,flow,failed,702361192418033,,1,1,0,1437,0,0.0,1,1437,0,none,0,none,0,0,0,no_alert_unknown,no_alert_not_final_benign,-1,dns,port
2025-07-19T23:02:26.446040+0700,103.195.142.83,87.98.154.130,53,25625,UDP,flow,failed,781238842018600,,1,1,0,1190,0,0.0,1,1190,0,none,0,none,0,0,0,no_alert_unknown,no_alert_not_final_benign,-1,dns,port
2025-07-19T23:02:26.446214+0700,103.195.142.75,8.8.8.8,3909,53,UDP,flow,dns,621869022301291,,1,1,0,87,0,0.0,1,87,0,none,0,none,0,0,0,no_alert_unknown,no_alert_not_final_benign,-1,dns,app_proto+port
2025-07-19T23:02:26.446260+0700,103.195.142.74,118.98.44.100,14612,53,UDP,flow,dns,669025312296322,,1,1,0,130,0,0.0,1,130,0,none,0,none,0,0,0,no_alert_unknown,no_alert_not_final_benign,-1,dns,app_proto+port
2025-07-19T23:02:26.446287+0700,103.195.142.109,87.98.154.121,53,7928,UDP,flow,failed,249845300252088,,1,1,0,1437,0,0.0,1,1437,0,none,0,none,0,0,0,no_alert_unknown,no_alert_not_final_benign,-1,dns,port
2025-07-19T23:02:26.446325+0700,103.195.142.109,87.98.154.157,53,49510,UDP,flow,failed,477499535642146,,1,1,0,1437,0,0.0,1,1437,0,none,0,none,0,0,0,no_alert_unknown,no_alert_not_final_benign,-1,dns,port
2025-07-19T23:02:26.446343+0700,103.195.142.46,87.98.154.119,53,59147,UDP,flow,failed,802542580452994,,1,1,0,1437,0,0.0,1,1437,0,none,0,none,0,0,0,no_alert_unknown,no_alert_not_final_benign,-1,dns,port
2025-07-19T23:02:26.446390+0700,103.195.142.2,52.231.17.84,53,52967,UDP,flow,failed,318821655629516,,1,1,0,176,0,0.0,1,176,0,none,0,none,0,0,0,no_alert_unknown,no_alert_not_final_benign,-1,dns,port
2025-07-19T23:02:26.446507+0700,103.195.142.196,87.98.154.169,53,9693,UDP,flow,failed,29832155942778,,1,3,0,4311,0,10.0,3,4311,0,none,0,none,0,0,0,no_alert_unknown,no_alert_not_final_benign,-1,dns,port
2025-07-19T23:02:26.446526+0700,103.195.142.74,118.98.44.100,63330,53,UDP,flow,dns,69139889704847,,1,1,0,91,0,0.0,1,91,0,none,0,none,0,0,0,no_alert_unknown,no_alert_not_final_benign,-1,dns,app_proto+port
2025-07-19T23:02:26.446576+0700,103.195.142.75,8.8.8.8,54855,53,UDP,flow,dns,278986134245336,,1,1,0,84,0,0.0,1,84,0,none,0,none,0,0,0,no_alert_unknown,no_alert_not_final_benign,-1,dns,app_proto+port
2025-07-19T23:02:26.446597+0700,103.195.142.195,87.98.154.32,53,49575,UDP,flow,failed,126694184308765,,1,1,0,1437,0,0.0,1,1437,0,none,0,none,0,0,0,no_alert_unknown,no_alert_not_final_benign,-1,dns,port
2025-07-19T23:02:26.446639+0700,103.195.142.83,87.98.154.117,53,19612,UDP,flow,failed,570162078929061,,1,1,0,1190,0,0.0,1,1190,0,none,0,none,0,0,0,no_alert_unknown,no_alert_not_final_benign,-1,dns,port
2025-07-19T23:02:26.446658+0700,103.195.142.196,87.98.154.119,53,54214,UDP,flow,failed,492504352543126,,1,1,0,1437,0,0.0,1,1437,0,none,0,none,0,0,0,no_alert_unknown,no_alert_not_final_benign,-1,dns,port
2025-07-19T23:02:26.446676+0700,103.195.142.74,118.98.44.50,37382,53,UDP,flow,dns,608023498903988,,1,1,0,85,0,0.0,1,85,0,none,0,none,0,0,0,no_alert_unknown,no_alert_not_final_benign,-1,dns,app_proto+port
2025-07-19T23:02:26.446720+0700,103.195.142.195,87.98.154.4,53,53594,UDP,flow,failed,26658340852462,,1,3,0,4311,0,10.0,3,4311,0,none,0,none,0,0,0,no_alert_unknown,no_alert_not_final_benign,-1,dns,port
2025-07-19T23:02:26.446746+0700,103.195.142.165,87.98.154.145,53,40327,UDP,flow,failed,348267695297264,,1,1,0,1437,0,0.0,1,1437,0,none,0,none,0,0,0,no_alert_unknown,no_alert_not_final_benign,-1,dns,port
2025-07-19T23:02:26.446764+0700,103.195.142.74,118.98.44.50,44773,53,UDP,flow,dns,481843670602512,,1,1,0,68,0,0.0,1,68,0,none,0,none,0,0,0,no_alert_unknown,no_alert_not_final_benign,-1,dns,app_proto+port
2025-07-19T23:02:26.446785+0700,103.195.142.109,87.98.154.89,53,28918,UDP,flow,failed,501432330015674,,1,1,0,1437,0,0.0,1,1437,0,none,0,none,0,0,0,no_alert_unknown,no_alert_not_final_benign,-1,dns,port
2025-07-19T23:02:26.446825+0700,103.195.142.74,118.98.44.20,35414,53,UDP,flow,dns,287040813454436,,1,1,0,141,0,0.0,1,141,0,none,0,none,0,0,0,no_alert_unknown,no_alert_not_final_benign,-1,dns,app_proto+port
2025-07-19T23:02:26.446846+0700,103.195.142.74,118.98.44.50,21058,53,UDP,flow,dns,143342145557697,,1,1,0,184,0,0.0,1,184,0,none,0,none,0,0,0,no_alert_unknown,no_alert_not_final_benign,-1,dns,app_proto+port
2025-07-19T23:02:26.446866+0700,103.195.142.75,8.8.8.8,8373,53,UDP,flow,dns,407024438203605,,1,1,0,106,0,0.0,1,106,0,none,0,none,0,0,0,no_alert_unknown,no_alert_not_final_benign,-1,dns,app_proto+port
2025-07-19T23:02:26.446933+0700,103.195.142.165,87.98.154.81,53,56266,UDP,flow,failed,408276319458749,,1,1,0,1437,0,0.0,1,1437,0,none,0,none,0,0,0,no_alert_unknown,no_alert_not_final_benign,-1,dns,port
2025-07-19T23:02:26.446952+0700,103.195.142.196,87.98.154.119,53,8369,UDP,flow,failed,151516016989710,,1,1,0,1437,0,0.0,1,1437,0,none,0,none,0,0,0,no_alert_unknown,no_alert_not_final_benign,-1,dns,port
2025-07-19T23:02:26.446971+0700,103.195.142.83,87.98.154.119,53,44392,UDP,flow,failed,431479319287339,,1,1,0,1190,0,0.0,1,1190,0,none,0,none,0,0,0,no_alert_unknown,no_alert_not_final_benign,-1,dns,port
2025-07-19T23:02:26.446989+0700,103.195.142.74,118.98.44.50,11479,53,UDP,flow,dns,616609225365043,,1,1,0,91,0,0.0,1,91,0,none,0,none,0,0,0,no_alert_unknown,no_alert_not_final_benign,-1,dns,app_proto+port
2025-07-19T23:02:26.447109+0700,103.195.142.75,8.8.8.8,41500,53,UDP,flow,dns,187431668668052,,1,1,0,250,0,0.0,1,250,0,none,0,none,0,0,0,no_alert_unknown,no_alert_not_final_benign,-1,dns,app_proto+port
2025-07-19T23:02:26.447150+0700,103.195.142.74,118.98.44.100,10078,53,UDP,flow,dns,610087058265753,,1,1,0,73,0,0.0,1,73,0,none,0,none,0,0,0,no_alert_unknown,no_alert_not_final_benign,-1,dns,app_proto+port
2025-07-19T23:02:26.447173+0700,103.195.142.74,118.98.44.20,24387,53,UDP,flow,dns,208291973813950,,1,1,0,184,0,0.0,1,184,0,none,0,none,0,0,0,no_alert_unknown,no_alert_not_final_benign,-1,dns,app_proto+port
2025-07-19T23:02:26.447193+0700,103.195.142.74,118.98.44.50,35916,53,UDP,flow,dns,414035905468200,,1,1,0,82,0,0.0,1,82,0,none,0,none,0,0,0,no_alert_unknown,no_alert_not_final_benign,-1,dns,app_proto+port
2025-07-19T23:02:26.447245+0700,103.195.142.74,202.134.0.155,44942,53,UDP,flow,dns,764397454678021,,1,1,0,94,0,0.0,1,94,0,none,0,none,0,0,0,no_alert_unknown,no_alert_not_final_benign,-1,dns,app_proto+port
2025-07-19T23:02:26.447355+0700,103.195.142.75,8.8.8.8,43696,53,UDP,flow,dns,684919348713666,,1,1,0,83,0,0.0,1,83,0,none,0,none,0,0,0,no_alert_unknown,no_alert_not_final_benign,-1,dns,app_proto+port
2025-07-19T23:02:26.447399+0700,103.195.142.46,87.98.154.175,53,60792,UDP,flow,failed,269201657354726,,1,1,0,1437,0,0.0,1,1437,0,none,0,none,0,0,0,no_alert_unknown,no_alert_not_final_benign,-1,dns,port
2025-07-19T23:02:26.447418+0700,103.195.142.46,87.98.154.119,53,32697,UDP,flow,failed,653808277707266,,1,1,0,1437,0,0.0,1,1437,0,none,0,none,0,0,0,no_alert_unknown,no_alert_not_final_benign,-1,dns,port
2025-07-19T23:02:26.447453+0700,103.195.142.109,87.98.154.185,53,44340,UDP,flow,failed,196786178611797,,1,1,0,1437,0,0.0,1,1437,0,none,0,none,0,0,0,no_alert_unknown,no_alert_not_final_benign,-1,dns,port
2025-07-19T23:02:26.447502+0700,103.195.142.2,172.253.211.30,53,49412,UDP,flow,failed,782213626125147,,1,1,0,218,0,0.0,1,218,0,none,0,none,0,0,0,no_alert_unknown,no_alert_not_final_benign,-1,dns,port
2025-07-19T23:02:26.447520+0700,103.195.142.83,87.98.154.119,53,44492,UDP,flow,failed,779593905724292,,1,1,0,1190,0,0.0,1,1190,0,none,0,none,0,0,0,no_alert_unknown,no_alert_not_final_benign,-1,dns,port
2025-07-19T23:02:26.447551+0700,103.195.142.196,87.98.154.119,53,60392,UDP,flow,failed,175484115934187,,1,1,0,1437,0,0.0,1,1437,0,none,0,none,0,0,0,no_alert_unknown,no_alert_not_final_benign,-1,dns,port
2025-07-19T23:02:26.447617+0700,103.195.142.195,87.98.154.48,53,55281,UDP,flow,failed,833670038543419,,1,1,0,1437,0,0.0,1,1437,0,none,0,none,0,0,0,no_alert_unknown,no_alert_not_final_benign,-1,dns,port
2025-07-19T23:02:26.447634+0700,103.195.142.196,87.98.154.53,53,14859,UDP,flow,failed,499068358614081,,1,1,0,1437,0,0.0,1,1437,0,none,0,none,0,0,0,no_alert_unknown,no_alert_not_final_benign,-1,dns,port
2025-07-19T23:02:26.447806+0700,103.195.142.165,87.98.154.89,53,9561,UDP,flow,failed,1712221715029553,,1,3,0,4311,0,10.0,3,4311,0,none,0,none,0,0,0,no_alert_unknown,no_alert_not_final_benign,-1,dns,port
2025-07-19T23:02:26.447844+0700,103.195.142.83,87.98.154.119,53,63115,UDP,flow,failed,272596806131336,,1,1,0,1190,0,0.0,1,1190,0,none,0,none,0,0,0,no_alert_unknown,no_alert_not_final_benign,-1,dns,port
2025-07-19T23:02:26.447867+0700,103.195.142.195,87.98.154.119,53,59646,UDP,flow,failed,69933752770313,,1,1,0,1437,0,0.0,1,1437,0,none,0,none,0,0,0,no_alert_unknown,no_alert_not_final_benign,-1,dns,port
2025-07-19T23:02:26.447885+0700,103.195.142.195,87.98.154.119,53,14926,UDP,flow,failed,483382255673101,,1,1,0,1437,0,0.0,1,1437,0,none,0,none,0,0,0,no_alert_unknown,no_alert_not_final_benign,-1,dns,port
2025-07-19T23:02:26.447919+0700,103.195.142.74,118.98.44.100,36657,53,UDP,flow,dns,333831903108906,,1,1,0,80,0,0.0,1,80,0,none,0,none,0,0,0,no_alert_unknown,no_alert_not_final_benign,-1,dns,app_proto+port
2025-07-19T23:02:26.447956+0700,103.195.142.2,20.44.24.105,53,53437,UDP,flow,failed,355139152830531,,1,1,0,147,0,0.0,1,147,0,none,0,none,0,0,0,no_alert_unknown,no_alert_not_final_benign,-1,dns,port
2025-07-19T23:02:26.447990+0700,103.195.142.195,87.98.154.116,53,19533,UDP,flow,failed,703996931465369,,1,1,0,1437,0,0.0,1,1437,0,none,0,none,0,0,0,no_alert_unknown,no_alert_not_final_benign,-1,dns,port
2025-07-19T23:02:26.448029+0700,103.195.142.165,87.98.154.119,53,17783,UDP,flow,failed,27289186132163,,1,1,0,1437,0,0.0,1,1437,0,none,0,none,0,0,0,no_alert_unknown,no_alert_not_final_benign,-1,dns,port
2025-07-19T23:02:26.448066+0700,103.195.142.74,118.98.44.100,60288,53,UDP,flow,dns,370846560608548,,1,1,0,68,0,0.0,1,68,0,none,0,none,0,0,0,no_alert_unknown,no_alert_not_final_benign,-1,dns,app_proto+port
2025-07-19T23:02:26.448084+0700,103.195.142.196,87.98.154.109,53,30287,UDP,flow,failed,157371786256684,,1,1,0,1437,0,0.0,1,1437,0,none,0,none,0,0,0,no_alert_unknown,no_alert_not_final_benign,-1,dns,port
2025-07-19T23:02:26.448117+0700,103.195.142.76,87.98.154.119,53,32915,UDP,flow,failed,480462243488153,,1,1,0,1469,0,0.0,1,1469,0,none,0,none,0,0,0,no_alert_unknown,no_alert_not_final_benign,-1,dns,port
2025-07-19T23:02:26.448135+0700,103.195.142.2,202.152.254.4,53,50455,UDP,flow,failed,542787754516926,,1,1,0,135,0,0.0,1,135,0,none,0,none,0,0,0,no_alert_unknown,no_alert_not_final_benign,-1,dns,port
2025-07-19T23:02:26.448151+0700,103.195.142.46,87.98.154.187,53,32028,UDP,flow,failed,522401880596958,,1,1,0,1437,0,0.0,1,1437,0,none,0,none,0,0,0,no_alert_unknown,no_alert_not_final_benign,-1,dns,port
2025-07-19T23:02:26.448173+0700,103.195.142.196,87.98.154.189,53,11068,UDP,flow,failed,577074316042835,,1,1,0,1437,0,0.0,1,1437,0,none,0,none,0,0,0,no_alert_unknown,no_alert_not_final_benign,-1,dns,port
2025-07-19T23:02:26.448190+0700,103.195.142.74,118.98.44.100,51668,53,UDP,flow,dns,77972704453234,,1,1,0,220,0,0.0,1,220,0,none,0,none,0,0,0,no_alert_unknown,no_alert_not_final_benign,-1,dns,app_proto+port
2025-07-19T23:02:26.448209+0700,103.195.142.195,87.98.154.119,53,14503,UDP,flow,failed,462780362711721,,1,1,0,1437,0,0.0,1,1437,0,none,0,none,0,0,0,no_alert_unknown,no_alert_not_final_benign,-1,dns,port
2025-07-19T23:02:26.448227+0700,103.195.142.165,87.98.154.119,53,23894,UDP,flow,failed,180878502322946,,1,1,0,1437,0,0.0,1,1437,0,none,0,none,0,0,0,no_alert_unknown,no_alert_not_final_benign,-1,dns,port
2025-07-19T23:02:26.448244+0700,103.195.142.46,87.98.154.119,53,56465,UDP,flow,failed,546686738096951,,1,1,0,1437,0,0.0,1,1437,0,none,0,none,0,0,0,no_alert_unknown,no_alert_not_final_benign,-1,dns,port
2025-07-19T23:02:26.448261+0700,103.195.142.2,18.140.177.114,53,14710,UDP,flow,failed,781762890294146,,1,1,0,170,0,0.0,1,170,0,none,0,none,0,0,0,no_alert_unknown,no_alert_not_final_benign,-1,dns,port
2025-07-19T23:02:26.448278+0700,103.195.142.74,118.98.44.20,58722,53,UDP,flow,dns,334176022225808,,1,1,0,178,0,0.0,1,178,0,none,0,none,0,0,0,no_alert_unknown,no_alert_not_final_benign,-1,dns,app_proto+port
2025-07-19T23:02:26.448297+0700,103.195.142.74,202.134.0.155,2884,53,UDP,flow,dns,719495754998722,,1,1,0,76,0,0.0,1,76,0,none,0,none,0,0,0,no_alert_unknown,no_alert_not_final_benign,-1,dns,app_proto+port
2025-07-19T23:02:26.448324+0700,103.195.142.76,87.98.154.74,53,46634,UDP,flow,failed,403797422171214,,1,1,0,1469,0,0.0,1,1469,0,none,0,none,0,0,0,no_alert_unknown,no_alert_not_final_benign,-1,dns,port
2025-07-19T23:02:26.448357+0700,103.185.193.21,8.8.8.8,50343,53,UDP,flow,dns,29425321567552,,1,1,0,80,0,0.0,1,80,0,none,0,none,0,0,0,no_alert_unknown,no_alert_not_final_benign,-1,dns,app_proto+port
2025-07-19T23:02:26.448460+0700,103.195.142.75,8.8.8.8,35040,53,UDP,flow,dns,63593753273729,,1,1,0,202,0,0.0,1,202,0,none,0,none,0,0,0,no_alert_unknown,no_alert_not_final_benign,-1,dns,app_proto+port
2025-07-19T23:02:26.448481+0700,103.195.142.75,8.8.8.8,20815,53,UDP,flow,dns,593915028104656,,1,1,0,82,0,0.0,1,82,0,none,0,none,0,0,0,no_alert_unknown,no_alert_not_final_benign,-1,dns,app_proto+port
2025-07-19T23:02:26.448519+0700,103.195.142.195,87.98.154.172,53,44152,UDP,flow,failed,266748038604302,,1,1,0,1437,0,0.0,1,1437,0,none,0,none,0,0,0,no_alert_unknown,no_alert_not_final_benign,-1,dns,port
2025-07-19T23:02:26.448536+0700,103.195.142.74,202.134.0.155,14556,53,UDP,flow,dns,183745524000346,,1,1,0,220,0,0.0,1,220,0,none,0,none,0,0,0,no_alert_unknown,no_alert_not_final_benign,-1,dns,app_proto+port
2025-07-19T23:02:26.448554+0700,103.195.142.76,87.98.154.162,53,21289,UDP,flow,failed,2011463210886793,,1,3,0,4407,0,9.0,3,4407,0,none,0,none,0,0,0,no_alert_unknown,no_alert_not_final_benign,-1,dns,port
2025-07-19T23:02:26.448577+0700,103.195.142.75,8.8.8.8,25451,53,UDP,flow,dns,488722205173394,,1,1,0,184,0,0.0,1,184,0,none,0,none,0,0,0,no_alert_unknown,no_alert_not_final_benign,-1,dns,app_proto+port
2025-07-19T23:02:26.448616+0700,103.195.142.46,87.98.154.103,53,9145,UDP,flow,failed,48826196224110,,1,1,0,1437,0,0.0,1,1437,0,none,0,none,0,0,0,no_alert_unknown,no_alert_not_final_benign,-1,dns,port
2025-07-19T23:02:26.448634+0700,103.195.142.74,118.98.44.100,63213,53,UDP,flow,dns,610459352098967,,1,1,0,250,0,0.0,1,250,0,none,0,none,0,0,0,no_alert_unknown,no_alert_not_final_benign,-1,dns,app_proto+port
2025-07-19T23:02:26.448707+0700,103.195.142.74,118.98.44.100,26325,53,UDP,flow,dns,822600920852883,,1,1,0,184,0,0.0,1,184,0,none,0,none,0,0,0,no_alert_unknown,no_alert_not_final_benign,-1,dns,app_proto+port
2025-07-19T23:02:26.448748+0700,103.195.142.195,87.98.154.228,53,39364,UDP,flow,failed,545935134157316,,1,1,0,1437,0,0.0,1,1437,0,none,0,none,0,0,0,no_alert_unknown,no_alert_not_final_benign,-1,dns,port
2025-07-19T23:02:26.448790+0700,103.195.142.196,87.98.154.81,53,21170,UDP,flow,failed,207549880920660,,1,1,0,1437,0,0.0,1,1437,0,none,0,none,0,0,0,no_alert_unknown,no_alert_not_final_benign,-1,dns,port
2025-07-19T23:02:26.448864+0700,103.195.142.74,118.98.44.50,8102,53,UDP,flow,dns,692278650989475,,1,1,0,214,0,0.0,1,214,0,none,0,none,0,0,0,no_alert_unknown,no_alert_not_final_benign,-1,dns,app_proto+port
2025-07-19T23:02:26.448888+0700,103.195.142.109,87.98.154.241,53,7253,UDP,flow,failed,511950313483335,,1,1,0,1437,0,0.0,1,1437,0,none,0,none,0,0,0,no_alert_unknown,no_alert_not_final_benign,-1,dns,port
2025-07-19T23:02:26.448930+0700,103.195.142.195,87.98.154.119,53,35298,UDP,flow,failed,497455495507112,,1,1,0,1437,0,0.0,1,1437,0,none,0,none,0,0,0,no_alert_unknown,no_alert_not_final_benign,-1,dns,port
2025-07-19T23:02:26.448948+0700,103.195.142.83,87.98.154.46,53,12420,UDP,flow,failed,462551195380963,,1,1,0,1190,0,0.0,1,1190,0,none,0,none,0,0,0,no_alert_unknown,no_alert_not_final_benign,-1,dns,port
2025-07-19T23:02:26.448984+0700,103.195.142.74,118.98.44.50,4695,53,UDP,flow,dns,792007815195978,,1,1,0,184,0,0.0,1,184,0,none,0,none,0,0,0,no_alert_unknown,no_alert_not_final_benign,-1,dns,app_proto+port
2025-07-19T23:02:26.449020+0700,103.195.142.46,87.98.154.243,53,8531,UDP,flow,failed,154455814565249,,1,1,0,1437,0,0.0,1,1437,0,none,0,none,0,0,0,no_alert_unknown,no_alert_not_final_benign,-1,dns,port
2025-07-19T23:02:26.449042+0700,103.195.142.109,87.98.154.119,53,52068,UDP,flow,failed,677708357234073,,1,1,0,1437,0,0.0,1,1437,0,none,0,none,0,0,0,no_alert_unknown,no_alert_not_final_benign,-1,dns,port
2025-07-19T23:02:26.449059+0700,103.195.142.195,87.98.154.0,53,64469,UDP,flow,failed,31642204958196,,1,1,0,1437,0,0.0,1,1437,0,none,0,none,0,0,0,no_alert_unknown,no_alert_not_final_benign,-1,dns,port
2025-07-19T23:02:26.449097+0700,103.195.142.74,118.98.44.50,51404,53,UDP,flow,dns,351359585349127,,1,1,0,81,0,0.0,1,81,0,none,0,none,0,0,0,no_alert_unknown,no_alert_not_final_benign,-1,dns,app_proto+port
2025-07-19T23:02:26.449144+0700,103.195.142.195,87.98.154.119,53,38282,UDP,flow,failed,391530589253139,,1,1,0,1437,0,0.0,1,1437,0,none,0,none,0,0,0,no_alert_unknown,no_alert_not_final_benign,-1,dns,port
2025-07-19T23:02:26.449165+0700,103.195.142.75,8.8.8.8,25349,53,UDP,flow,dns,578475321388721,,1,1,0,118,0,0.0,1,118,0,none,0,none,0,0,0,no_alert_unknown,no_alert_not_final_benign,-1,dns,app_proto+port
2025-07-19T23:02:26.449317+0700,103.195.142.75,8.8.8.8,18864,53,UDP,flow,dns,802007597903698,,1,1,0,211,0,0.0,1,211,0,none,0,none,0,0,0,no_alert_unknown,no_alert_not_final_benign,-1,dns,app_proto+port
2025-07-19T23:02:26.449439+0700,103.195.142.74,202.134.0.155,6644,53,UDP,flow,dns,63586502176986,,1,1,0,89,0,0.0,1,89,0,none,0,none,0,0,0,no_alert_unknown,no_alert_not_final_benign,-1,dns,app_proto+port
2025-07-19T23:02:26.449459+0700,103.195.142.165,87.98.154.109,53,11187,UDP,flow,failed,178258713440491,,1,1,0,1437,0,0.0,1,1437,0,none,0,none,0,0,0,no_alert_unknown,no_alert_not_final_benign,-1,dns,port
2025-07-19T23:02:26.449476+0700,103.195.142.46,87.98.154.119,53,53043,UDP,flow,failed,390238101958938,,1,1,0,1437,0,0.0,1,1437,0,none,0,none,0,0,0,no_alert_unknown,no_alert_not_final_benign,-1,dns,port
2025-07-19T23:02:26.449494+0700,103.195.142.74,118.98.44.50,26793,53,UDP,flow,dns,674283111117339,,1,1,0,196,0,0.0,1,196,0,none,0,none,0,0,0,no_alert_unknown,no_alert_not_final_benign,-1,dns,app_proto+port
2025-07-19T23:02:26.449522+0700,103.195.142.165,87.98.154.117,53,26006,UDP,flow,failed,640668450615839,,1,1,0,1437,0,0.0,1,1437,0,none,0,none,0,0,0,no_alert_unknown,no_alert_not_final_benign,-1,dns,port
2025-07-19T23:02:26.449540+0700,103.195.142.109,87.98.154.119,53,6981,UDP,flow,failed,319641248592626,,1,1,0,1437,0,0.0,1,1437,0,none,0,none,0,0,0,no_alert_unknown,no_alert_not_final_benign,-1,dns,port
2025-07-19T23:02:26.449577+0700,103.195.142.76,87.98.154.119,53,37889,UDP,flow,failed,603286733976504,,1,1,0,1469,0,0.0,1,1469,0,none,0,none,0,0,0,no_alert_unknown,no_alert_not_final_benign,-1,dns,port
2025-07-19T23:02:26.449612+0700,103.195.142.109,87.98.154.119,53,45905,UDP,flow,failed,380432080368749,,1,1,0,1437,0,0.0,1,1437,0,none,0,none,0,0,0,no_alert_unknown,no_alert_not_final_benign,-1,dns,port
2025-07-19T23:02:26.449633+0700,103.195.142.2,13.105.68.218,53,16371,UDP,flow,failed,816685325677861,,1,1,0,135,0,0.0,1,135,0,none,0,none,0,0,0,no_alert_unknown,no_alert_not_final_benign,-1,dns,port
2025-07-19T23:02:26.449650+0700,103.195.142.75,8.8.8.8,53525,53,UDP,flow,dns,762341529613649,,1,1,0,114,0,0.0,1,114,0,none,0,none,0,0,0,no_alert_unknown,no_alert_not_final_benign,-1,dns,app_proto+port
2025-07-19T23:02:26.449669+0700,103.195.142.76,87.98.154.118,53,24347,UDP,flow,failed,685835370952076,,1,1,0,1469,0,0.0,1,1469,0,none,0,none,0,0,0,no_alert_unknown,no_alert_not_final_benign,-1,dns,port
2025-07-19T23:02:26.449686+0700,103.195.142.46,87.98.154.95,53,40152,UDP,flow,failed,583645233018271,,1,1,0,1437,0,0.0,1,1437,0,none,0,none,0,0,0,no_alert_unknown,no_alert_not_final_benign,-1,dns,port
2025-07-19T23:02:26.449704+0700,103.195.142.74,118.98.44.20,22189,53,UDP,flow,dns,282278640285316,,1,1,0,211,0,0.0,1,211,0,none,0,none,0,0,0,no_alert_unknown,no_alert_not_final_benign,-1,dns,app_proto+port
2025-07-19T23:02:26.449722+0700,103.195.142.195,87.98.154.144,53,26271,UDP,flow,failed,461662160287379,,1,1,0,1437,0,0.0,1,1437,0,none,0,none,0,0,0,no_alert_unknown,no_alert_not_final_benign,-1,dns,port
2025-07-19T23:02:26.449739+0700,103.195.142.75,8.8.8.8,55661,53,UDP,flow,dns,701878113597105,,1,1,0,74,0,0.0,1,74,0,none,0,none,0,0,0,no_alert_unknown,no_alert_not_final_benign,-1,dns,app_proto+port
2025-07-19T23:02:26.449794+0700,103.195.142.196,87.98.154.119,53,62653,UDP,flow,failed,595732442445756,,1,1,0,1437,0,0.0,1,1437,0,none,0,none,0,0,0,no_alert_unknown,no_alert_not_final_benign,-1,dns,port
2025-07-19T23:02:26.449834+0700,103.195.142.195,87.98.154.116,53,46345,UDP,flow,failed,763117972355407,,1,1,0,1437,0,0.0,1,1437,0,none,0,none,0,0,0,no_alert_unknown,no_alert_not_final_benign,-1,dns,port
2025-07-19T23:02:26.449852+0700,103.195.142.109,87.98.154.37,53,53624,UDP,flow,failed,794496547092951,,1,1,0,1437,0,0.0,1,1437,0,none,0,none,0,0,0,no_alert_unknown,no_alert_not_final_benign,-1,dns,port
2025-07-19T23:02:26.449893+0700,103.195.142.76,87.98.154.46,53,33912,UDP,flow,failed,648459974146546,,1,1,0,1469,0,0.0,1,1469,0,none,0,none,0,0,0,no_alert_unknown,no_alert_not_final_benign,-1,dns,port
2025-07-19T23:02:26.449915+0700,103.195.142.83,87.98.154.119,53,42999,UDP,flow,failed,698136833489479,,1,1,0,1190,0,0.0,1,1190,0,none,0,none,0,0,0,no_alert_unknown,no_alert_not_final_benign,-1,dns,port
2025-07-19T23:02:26.449932+0700,103.195.142.74,118.98.44.20,59025,53,UDP,flow,dns,659763988855519,,1,1,0,68,0,0.0,1,68,0,none,0,none,0,0,0,no_alert_unknown,no_alert_not_final_benign,-1,dns,app_proto+port
2025-07-19T23:02:26.449969+0700,103.195.142.76,87.98.154.150,53,29664,UDP,flow,failed,667875266132794,,1,1,0,1469,0,0.0,1,1469,0,none,0,none,0,0,0,no_alert_unknown,no_alert_not_final_benign,-1,dns,port
2025-07-19T23:02:26.450089+0700,103.195.142.76,87.98.154.178,53,50531,UDP,flow,failed,385737638018768,,1,1,0,1469,0,0.0,1,1469,0,none,0,none,0,0,0,no_alert_unknown,no_alert_not_final_benign,-1,dns,port
2025-07-19T23:02:26.450138+0700,103.195.142.165,87.98.154.25,53,53348,UDP,flow,failed,693917677649719,,1,1,0,1437,0,0.0,1,1437,0,none,0,none,0,0,0,no_alert_unknown,no_alert_not_final_benign,-1,dns,port
2025-07-19T23:02:26.450155+0700,103.195.142.46,87.98.154.123,53,29272,UDP,flow,failed,307664488103810,,1,1,0,1437,0,0.0,1,1437,0,none,0,none,0,0,0,no_alert_unknown,no_alert_not_final_benign,-1,dns,port
2025-07-19T23:02:26.450190+0700,103.195.142.2,5.255.252.194,53,44235,UDP,flow,failed,482965517762521,,1,1,0,131,0,0.0,1,131,0,none,0,none,0,0,0,no_alert_unknown,no_alert_not_final_benign,-1,dns,port
2025-07-19T23:02:26.450260+0700,103.195.142.109,87.98.154.157,53,27663,UDP,flow,failed,432619780243682,,1,1,0,1437,0,0.0,1,1437,0,none,0,none,0,0,0,no_alert_unknown,no_alert_not_final_benign,-1,dns,port
2025-07-19T23:02:26.450278+0700,103.195.142.46,87.98.154.118,53,52760,UDP,flow,failed,479892132528590,,1,1,0,1437,0,0.0,1,1437,0,none,0,none,0,0,0,no_alert_unknown,no_alert_not_final_benign,-1,dns,port
2025-07-19T23:02:26.450295+0700,103.195.142.74,202.134.0.155,30383,53,UDP,flow,dns,540656525050319,,1,1,0,76,0,0.0,1,76,0,none,0,none,0,0,0,no_alert_unknown,no_alert_not_final_benign,-1,dns,app_proto+port
2025-07-19T23:02:26.450314+0700,103.195.142.83,87.98.154.242,53,33174,UDP,flow,failed,826334555800084,,1,1,0,1190,0,0.0,1,1190,0,none,0,none,0,0,0,no_alert_unknown,no_alert_not_final_benign,-1,dns,port
2025-07-19T23:02:26.450377+0700,103.195.142.3,202.152.254.4,53,50449,UDP,flow,failed,543767234478746,,1,1,0,127,0,0.0,1,127,0,none,0,none,0,0,0,no_alert_unknown,no_alert_not_final_benign,-1,dns,port
2025-07-19T23:02:26.450446+0700,103.195.142.74,202.134.0.155,20749,53,UDP,flow,dns,309960048444200,,1,1,0,250,0,0.0,1,250,0,none,0,none,0,0,0,no_alert_unknown,no_alert_not_final_benign,-1,dns,app_proto+port
2025-07-19T23:02:26.450464+0700,103.195.142.74,202.134.0.155,5237,53,UDP,flow,dns,808901285643254,,1,1,0,111,0,0.0,1,111,0,none,0,none,0,0,0,no_alert_unknown,no_alert_not_final_benign,-1,dns,app_proto+port
2025-07-19T23:02:26.450488+0700,103.195.142.165,87.98.154.117,53,37137,UDP,flow,failed,636692696728595,,1,1,0,1437,0,0.0,1,1437,0,none,0,none,0,0,0,no_alert_unknown,no_alert_not_final_benign,-1,dns,port
2025-07-19T23:02:26.450526+0700,103.195.142.74,118.98.44.20,7528,53,UDP,flow,dns,826448179889277,,1,1,0,89,0,0.0,1,89,0,none,0,none,0,0,0,no_alert_unknown,no_alert_not_final_benign,-1,dns,app_proto+port
2025-07-19T23:02:26.450604+0700,103.195.142.83,87.98.154.90,53,36019,UDP,flow,failed,573120097223948,,1,1,0,1190,0,0.0,1,1190,0,none,0,none,0,0,0,no_alert_unknown,no_alert_not_final_benign,-1,dns,port
2025-07-19T23:02:26.450625+0700,103.195.142.195,87.98.154.80,53,35249,UDP,flow,failed,529540440261978,,1,1,0,1437,0,0.0,1,1437,0,none,0,none,0,0,0,no_alert_unknown,no_alert_not_final_benign,-1,dns,port
2025-07-19T23:02:26.450663+0700,103.195.142.46,87.98.154.119,53,56338,UDP,flow,failed,513240926783043,,1,1,0,1437,0,0.0,1,1437,0,none,0,none,0,0,0,no_alert_unknown,no_alert_not_final_benign,-1,dns,port
2025-07-19T23:02:26.450791+0700,103.195.142.74,202.134.0.155,4041,53,UDP,flow,dns,293277900277813,,1,1,0,93,0,0.0,1,93,0,none,0,none,0,0,0,no_alert_unknown,no_alert_not_final_benign,-1,dns,app_proto+port
2025-07-19T23:02:26.450831+0700,103.195.142.165,87.98.154.119,53,39941,UDP,flow,failed,663290979223666,,1,1,0,1437,0,0.0,1,1437,0,none,0,none,0,0,0,no_alert_unknown,no_alert_not_final_benign,-1,dns,port
2025-07-19T23:02:26.450854+0700,103.195.142.109,87.98.154.17,53,20961,UDP,flow,failed,243078625233108,,1,3,0,4311,0,10.0,3,4311,0,none,0,none,0,0,0,no_alert_unknown,no_alert_not_final_benign,-1,dns,port
2025-07-19T23:02:26.450871+0700,103.195.142.74,118.98.44.20,5683,53,UDP,flow,dns,384035638937995,,1,1,0,77,0,0.0,1,77,0,none,0,none,0,0,0,no_alert_unknown,no_alert_not_final_benign,-1,dns,app_proto+port
2025-07-19T23:02:26.450955+0700,103.195.142.46,87.98.154.117,53,11291,UDP,flow,failed,604883030706952,,1,1,0,1437,0,0.0,1,1437,0,none,0,none,0,0,0,no_alert_unknown,no_alert_not_final_benign,-1,dns,port
2025-07-19T23:02:26.451034+0700,103.195.142.74,118.98.44.100,1466,53,UDP,flow,dns,415026609326963,,1,1,0,76,0,0.0,1,76,0,none,0,none,0,0,0,no_alert_unknown,no_alert_not_final_benign,-1,dns,app_proto+port
2025-07-19T23:02:26.451075+0700,103.195.142.195,87.98.154.119,53,4713,UDP,flow,failed,1010675468340304,,1,1,0,1437,0,0.0,1,1437,0,none,0,none,0,0,0,no_alert_unknown,no_alert_not_final_benign,-1,dns,port
2025-07-19T23:02:26.463783+0700,103.195.142.75,216.38.8.121,64534,53,UDP,dns,,584558392955233,wire/pcap,0,0,0,0,0,0.0,0,0,0,none,0,none,0,0,0,no_alert_unknown,no_alert_not_final_benign,-1,dns,port
2025-07-19T23:02:26.478196+0700,103.195.142.74,118.98.44.100,41471,53,UDP,dns,,646461898409340,wire/pcap,0,0,0,0,0,0.0,0,0,0,none,0,none,0,0,0,no_alert_unknown,no_alert_not_final_benign,-1,dns,port
2025-07-19T23:02:26.478284+0700,103.195.142.74,202.134.0.155,58208,53,UDP,dns,,646842164040351,wire/pcap,0,0,0,0,0,0.0,0,0,0,none,0,none,0,0,0,no_alert_unknown,no_alert_not_final_benign,-1,dns,port
2025-07-19T23:02:26.478780+0700,103.195.142.74,185.67.45.232,31283,53,UDP,dns,,648973052838213,wire/pcap,0,0,0,0,0,0.0,0,0,0,none,0,none,0,0,0,no_alert_unknown,no_alert_not_final_benign,-1,dns,port
2025-07-19T23:02:26.485965+0700,103.195.142.74,118.98.44.100,42088,53,UDP,dns,,679832811796132,wire/pcap,0,0,0,0,0,0.0,0,0,0,none,0,none,0,0,0,no_alert_unknown,no_alert_not_final_benign,-1,dns,port
2025-07-19T23:02:26.486042+0700,103.195.142.74,118.98.44.100,11620,53,UDP,dns,,680163460072625,wire/pcap,0,0,0,0,0,0.0,0,0,0,none,0,none,0,0,0,no_alert_unknown,no_alert_not_final_benign,-1,dns,port
2025-07-19T23:02:26.527713+0700,103.195.142.74,118.98.44.20,35923,53,UDP,dns,,577661893775445,wire/pcap,0,0,0,0,0,0.0,0,0,0,none,0,none,0,0,0,no_alert_unknown,no_alert_not_final_benign,-1,dns,port
2025-07-19T23:02:26.560528+0700,103.195.142.74,118.98.44.100,59613,53,UDP,dns,,718602132323407,wire/pcap,0,0,0,0,0,0.0,0,0,0,none,0,none,0,0,0,no_alert_unknown,no_alert_not_final_benign,-1,dns,port
2025-07-19T23:02:26.564626+0700,103.195.142.74,69.16.230.48,28416,53,UDP,dns,,736202064954045,wire/pcap,0,0,0,0,0,0.0,0,0,0,none,0,none,0,0,0,no_alert_unknown,no_alert_not_final_benign,-1,dns,port
2025-07-19T23:02:26.569430+0700,103.195.142.74,118.98.44.20,35055,53,UDP,dns,,756836468280073,wire/pcap,0,0,0,0,0,0.0,0,0,0,none,0,none,0,0,0,no_alert_unknown,no_alert_not_final_benign,-1,dns,port
2025-07-19T23:02:26.572696+0700,103.195.142.74,202.134.0.155,55843,53,UDP,dns,,770861584349919,wire/pcap,0,0,0,0,0,0.0,0,0,0,none,0,none,0,0,0,no_alert_unknown,no_alert_not_final_benign,-1,dns,port
2025-07-19T23:02:26.598432+0700,103.195.142.74,69.16.230.48,56539,53,UDP,dns,,599924283300449,wire/pcap,0,0,0,0,0,0.0,0,0,0,none,0,none,0,0,0,no_alert_unknown,no_alert_not_final_benign,-1,dns,port
2025-07-19T23:02:26.606795+0700,103.195.142.75,8.8.8.8,18259,53,UDP,dns,,635842717799895,wire/pcap,0,0,0,0,0,0.0,0,0,0,none,0,none,0,0,0,no_alert_unknown,no_alert_not_final_benign,-1,dns,port
2025-07-19T23:02:26.643171+0700,103.195.142.75,8.8.8.8,3411,53,UDP,dns,,792076008532751,wire/pcap,0,0,0,0,0,0.0,0,0,0,none,0,none,0,0,0,no_alert_unknown,no_alert_not_final_benign,-1,dns,port
2025-07-19T23:02:26.646230+0700,103.195.142.75,8.8.8.8,29325,53,UDP,dns,,805214286956740,wire/pcap,0,0,0,0,0,0.0,0,0,0,none,0,none,0,0,0,no_alert_unknown,no_alert_not_final_benign,-1,dns,port
2025-07-19T23:02:26.646335+0700,103.195.142.75,8.8.8.8,45590,53,UDP,dns,,805664452587077,wire/pcap,0,0,0,0,0,0.0,0,0,0,none,0,none,0,0,0,no_alert_unknown,no_alert_not_final_benign,-1,dns,port
2025-07-19T23:02:26.691764+0700,103.195.142.195,87.98.154.119,53,29081,UDP,flow,failed,1006979065342681,,1,1,0,1437,0,0.0,1,1437,0,none,0,none,0,0,0,no_alert_unknown,no_alert_not_final_benign,-1,dns,port
2025-07-19T23:02:26.731290+0700,103.195.142.108,8.8.8.8,23122,53,UDP,dns,,607592906266713,wire/pcap,0,0,0,0,0,0.0,0,0,0,none,0,none,0,0,0,no_alert_unknown,no_alert_not_final_benign,-1,dns,port
2025-07-19T23:02:26.746170+0700,103.195.142.239,8.8.8.8,59931,53,UDP,dns,,1984056319393614,wire/pcap,0,0,0,0,0,0.0,0,0,0,none,0,none,0,0,0,no_alert_unknown,no_alert_not_final_benign,-1,dns,port
2025-07-19T23:02:26.746796+0700,103.195.142.74,118.98.44.100,8886,53,UDP,dns,,674192602390490,wire/pcap,0,0,0,0,0,0.0,0,0,0,none,0,none,0,0,0,no_alert_unknown,no_alert_not_final_benign,-1,dns,port
2025-07-19T23:02:26.768236+0700,103.195.142.74,202.134.0.155,33108,53,UDP,dns,,766275962108127,wire/pcap,0,0,0,0,0,0.0,0,0,0,none,0,none,0,0,0,no_alert_unknown,no_alert_not_final_benign,-1,dns,port
2025-07-19T23:02:26.776824+0700,103.195.142.75,8.8.8.8,52525,53,UDP,dns,,803161749797190,wire/pcap,0,0,0,0,0,0.0,0,0,0,none,0,none,0,0,0,no_alert_unknown,no_alert_not_final_benign,-1,dns,port
2025-07-19T23:02:26.791061+0700,103.195.142.74,118.98.44.100,35224,53,UDP,dns,,582832745502392,wire/pcap,0,0,0,0,0,0.0,0,0,0,none,0,none,0,0,0,no_alert_unknown,no_alert_not_final_benign,-1,dns,port
2025-07-19T23:02:26.812028+0700,103.195.142.74,118.98.44.20,18975,53,UDP,dns,,672886506315510,wire/pcap,0,0,0,0,0,0.0,0,0,0,none,0,none,0,0,0,no_alert_unknown,no_alert_not_final_benign,-1,dns,port
2025-07-19T23:02:26.826085+0700,103.195.142.74,118.98.44.100,11849,53,UDP,dns,,733259666061309,wire/pcap,0,0,0,0,0,0.0,0,0,0,none,0,none,0,0,0,no_alert_unknown,no_alert_not_final_benign,-1,dns,port
2025-07-19T23:02:26.833677+0700,103.195.142.74,118.98.44.100,5335,53,UDP,dns,,765866180422093,wire/pcap,0,0,0,0,0,0.0,0,0,0,none,0,none,0,0,0,no_alert_unknown,no_alert_not_final_benign,-1,dns,port
2025-07-19T23:02:26.853695+0700,103.195.142.74,118.98.44.100,22823,53,UDP,dns,,570368803702372,wire/pcap,0,0,0,0,0,0.0,0,0,0,none,0,none,0,0,0,no_alert_unknown,no_alert_not_final_benign,-1,dns,port
2025-07-19T23:02:26.855495+0700,103.195.142.83,87.98.154.38,53,2234,UDP,flow,failed,861415922129226,,1,1,0,1190,0,0.0,1,1190,0,none,0,none,0,0,0,no_alert_unknown,no_alert_not_final_benign,-1,dns,port
2025-07-19T23:02:26.858238+0700,103.195.142.74,118.98.44.50,34155,53,UDP,dns,,589879535775654,wire/pcap,0,0,0,0,0,0.0,0,0,0,none,0,none,0,0,0,no_alert_unknown,no_alert_not_final_benign,-1,dns,port
2025-07-19T23:02:26.863081+0700,103.195.142.74,118.98.44.100,33206,53,UDP,dns,,610680068194506,wire/pcap,0,0,0,0,0,0.0,0,0,0,none,0,none,0,0,0,no_alert_unknown,no_alert_not_final_benign,-1,dns,port
2025-07-19T23:02:26.863107+0700,103.195.142.75,8.8.8.8,19262,53,UDP,dns,,610792365428770,wire/pcap,0,0,0,0,0,0.0,0,0,0,none,0,none,0,0,0,no_alert_unknown,no_alert_not_final_benign,-1,dns,port
2025-07-19T23:02:26.880684+0700,103.195.142.74,118.98.44.20,56358,53,UDP,dns,,686288284580885,wire/pcap,0,0,0,0,0,0.0,0,0,0,none,0,none,0,0,0,no_alert_unknown,no_alert_not_final_benign,-1,dns,port
2025-07-19T23:02:26.891284+0700,103.195.142.74,202.134.0.155,31341,53,UDP,dns,,731812767778044,wire/pcap,0,0,0,0,0,0.0,0,0,0,none,0,none,0,0,0,no_alert_unknown,no_alert_not_final_benign,-1,dns,port
2025-07-19T23:02:26.900584+0700,103.195.142.74,118.98.44.20,35866,53,UDP,dns,,771756344133924,wire/pcap,0,0,0,0,0,0.0,0,0,0,none,0,none,0,0,0,no_alert_unknown,no_alert_not_final_benign,-1,dns,port
2025-07-19T23:02:26.901332+0700,103.195.142.74,118.98.44.20,40791,53,UDP,dns,,774970296445235,wire/pcap,0,0,0,0,0,0.0,0,0,0,none,0,none,0,0,0,no_alert_unknown,no_alert_not_final_benign,-1,dns,port
2025-07-19T23:02:26.916320+0700,103.195.142.108,8.8.8.8,1900,53,UDP,dns,,1216074754602613,wire/pcap,0,0,0,0,0,0.0,0,0,0,none,0,none,0,0,0,no_alert_unknown,no_alert_not_final_benign,-1,dns,port
2025-07-19T23:02:26.918101+0700,103.195.142.74,118.98.44.50,20566,53,UDP,dns,,565517155752626,wire/pcap,0,0,0,0,0,0.0,0,0,0,none,0,none,0,0,0,no_alert_unknown,no_alert_not_final_benign,-1,dns,port
2025-07-19T23:02:26.925632+0700,103.195.142.74,202.134.0.155,18380,53,UDP,dns,,597863516973492,wire/pcap,0,0,0,0,0,0.0,0,0,0,none,0,none,0,0,0,no_alert_unknown,no_alert_not_final_benign,-1,dns,port
2025-07-19T23:02:26.931689+0700,103.195.142.75,8.8.8.8,58790,53,UDP,dns,,623877044464767,wire/pcap,0,0,0,0,0,0.0,0,0,0,none,0,none,0,0,0,no_alert_unknown,no_alert_not_final_benign,-1,dns,port
2025-07-19T23:02:26.931843+0700,103.195.142.75,8.8.8.8,57576,53,UDP,dns,,624538827592124,wire/pcap,0,0,0,0,0,0.0,0,0,0,none,0,none,0,0,0,no_alert_unknown,no_alert_not_final_benign,-1,dns,port
2025-07-19T23:02:26.942068+0700,103.195.142.74,118.98.44.50,27402,53,UDP,dns,,668454159360632,wire/pcap,0,0,0,0,0,0.0,0,0,0,none,0,none,0,0,0,no_alert_unknown,no_alert_not_final_benign,-1,dns,port
2025-07-19T23:02:26.951111+0700,103.195.142.74,118.98.44.50,7250,53,UDP,dns,,707294669537841,wire/pcap,0,0,0,0,0,0.0,0,0,0,none,0,none,0,0,0,no_alert_unknown,no_alert_not_final_benign,-1,dns,port
2025-07-19T23:02:26.951213+0700,103.195.142.74,118.98.44.20,53607,53,UDP,dns,,707730221109105,wire/pcap,0,0,0,0,0,0.0,0,0,0,none,0,none,0,0,0,no_alert_unknown,no_alert_not_final_benign,-1,dns,port
2025-07-19T23:02:26.955145+0700,103.195.142.74,118.98.44.100,9941,53,UDP,dns,,724618404850201,wire/pcap,0,0,0,0,0,0.0,0,0,0,none,0,none,0,0,0,no_alert_unknown,no_alert_not_final_benign,-1,dns,port
2025-07-19T23:02:26.993644+0700,103.195.142.74,202.134.0.155,57650,53,UDP,dns,,608495238036354,wire/pcap,0,0,0,0,0,0.0,0,0,0,none,0,none,0,0,0,no_alert_unknown,no_alert_not_final_benign,-1,dns,port
2025-07-19T23:02:27.005215+0700,103.195.142.83,87.98.154.119,53,62030,UDP,flow,failed,1187092973028963,,1,1,0,1190,0,0.0,1,1190,0,none,0,none,0,0,0,no_alert_unknown,no_alert_not_final_benign,-1,dns,port
2025-07-19T23:02:27.014985+0700,103.195.142.74,202.134.0.155,23858,53,UDP,dns,,908787644105745,wire/pcap,0,0,0,0,0,0.0,0,0,0,none,0,none,0,0,0,no_alert_unknown,no_alert_not_final_benign,-1,dns,port
2025-07-19T23:02:27.030779+0700,103.195.142.74,118.98.44.50,8940,53,UDP,dns,,976622519580468,wire/pcap,0,0,0,0,0,0.0,0,0,0,none,0,none,0,0,0,no_alert_unknown,no_alert_not_final_benign,-1,dns,port
2025-07-19T23:02:27.043089+0700,103.195.142.74,118.98.44.50,35094,53,UDP,dns,,1029491238704637,wire/pcap,0,0,0,0,0,0.0,0,0,0,none,0,none,0,0,0,no_alert_unknown,no_alert_not_final_benign,-1,dns,port
2025-07-19T23:02:27.055086+0700,103.195.142.75,8.8.8.8,33775,53,UDP,dns,,1081021782933202,wire/pcap,0,0,0,0,0,0.0,0,0,0,none,0,none,0,0,0,no_alert_unknown,no_alert_not_final_benign,-1,dns,port
2025-07-19T23:02:27.079365+0700,103.195.142.46,87.98.154.187,53,55631,UDP,flow,failed,1313830446171225,,1,1,0,1437,0,0.0,1,1437,0,none,0,none,0,0,0,no_alert_unknown,no_alert_not_final_benign,-1,dns,port
2025-07-19T23:02:27.094557+0700,103.195.142.74,202.134.0.155,12306,53,UDP,dns,,969073344790486,wire/pcap,0,0,0,0,0,0.0,0,0,0,none,0,none,0,0,0,no_alert_unknown,no_alert_not_final_benign,-1,dns,port
2025-07-19T23:02:27.095557+0700,103.195.142.74,202.134.0.155,24235,53,UDP,dns,,973366601171479,wire/pcap,0,0,0,0,0,0.0,0,0,0,none,0,none,0,0,0,no_alert_unknown,no_alert_not_final_benign,-1,dns,port
2025-07-19T23:02:27.117396+0700,103.195.142.74,69.16.230.48,42570,53,UDP,dns,,1067164805675550,wire/pcap,0,0,0,0,0,0.0,0,0,0,none,0,none,0,0,0,no_alert_unknown,no_alert_not_final_benign,-1,dns,port
2025-07-19T23:02:27.130002+0700,103.195.142.74,118.98.44.50,25739,53,UDP,dns,,1121305709922776,wire/pcap,0,0,0,0,0,0.0,0,0,0,none,0,none,0,0,0,no_alert_unknown,no_alert_not_final_benign,-1,dns,port
2025-07-19T23:02:27.141058+0700,103.195.142.75,8.8.8.8,44184,53,UDP,dns,,887316496707065,wire/pcap,0,0,0,0,0,0.0,0,0,0,none,0,none,0,0,0,no_alert_unknown,no_alert_not_final_benign,-1,dns,port
2025-07-19T23:02:27.144408+0700,103.195.142.74,118.98.44.20,31705,53,UDP,dns,,901705108112122,wire/pcap,0,0,0,0,0,0.0,0,0,0,none,0,none,0,0,0,no_alert_unknown,no_alert_not_final_benign,-1,dns,port
2025-07-19T23:02:27.169856+0700,103.195.142.74,202.134.0.155,45801,53,UDP,dns,,1011004824435419,wire/pcap,0,0,0,0,0,0.0,0,0,0,none,0,none,0,0,0,no_alert_unknown,no_alert_not_final_benign,-1,dns,port
2025-07-19T23:02:27.218697+0700,103.195.142.74,202.134.0.155,59145,53,UDP,dns,,939299354498275,wire/pcap,0,0,0,0,0,0.0,0,0,0,none,0,none,0,0,0,no_alert_unknown,no_alert_not_final_benign,-1,dns,port
2025-07-19T23:02:27.241383+0700,103.195.142.74,118.98.44.50,2990,53,UDP,dns,,1036734345068431,wire/pcap,0,0,0,0,0,0.0,0,0,0,none,0,none,0,0,0,no_alert_unknown,no_alert_not_final_benign,-1,dns,port
2025-07-19T23:02:27.261657+0700,103.195.142.74,118.98.44.50,56282,53,UDP,dns,,1123811344110216,wire/pcap,0,0,0,0,0,0.0,0,0,0,none,0,none,0,0,0,no_alert_unknown,no_alert_not_final_benign,-1,dns,port
2025-07-19T23:02:27.264833+0700,103.195.142.75,8.8.8.8,18776,53,UDP,dns,,855974208186778,wire/pcap,0,0,0,0,0,0.0,0,0,0,none,0,none,0,0,0,no_alert_unknown,no_alert_not_final_benign,-1,dns,port
2025-07-19T23:02:27.290159+0700,103.195.142.74,118.98.44.20,4493,53,UDP,dns,,152393632164786,wire/pcap,0,0,0,0,0,0.0,0,0,0,none,0,none,0,0,0,no_alert_unknown,no_alert_not_final_benign,-1,dns,port
2025-07-19T23:02:27.295630+0700,103.195.142.74,118.98.44.20,65023,53,UDP,dns,,988246260100043,wire/pcap,0,0,0,0,0,0.0,0,0,0,none,0,none,0,0,0,no_alert_unknown,no_alert_not_final_benign,-1,dns,port
2025-07-19T23:02:27.303141+0700,103.195.142.74,118.98.44.100,35002,53,UDP,dns,,1020508813655718,wire/pcap,0,0,0,0,0,0.0,0,0,0,none,0,none,0,0,0,no_alert_unknown,no_alert_not_final_benign,-1,dns,port
2025-07-19T23:02:27.303306+0700,103.195.142.74,118.98.44.50,7595,53,UDP,dns,,1021218030431228,wire/pcap,0,0,0,0,0,0.0,0,0,0,none,0,none,0,0,0,no_alert_unknown,no_alert_not_final_benign,-1,dns,port
2025-07-19T23:02:27.304803+0700,103.195.142.74,202.134.0.155,12965,53,UDP,dns,,1027645263053529,wire/pcap,0,0,0,0,0,0.0,0,0,0,none,0,none,0,0,0,no_alert_unknown,no_alert_not_final_benign,-1,dns,port
2025-07-19T23:02:27.305027+0700,103.195.142.74,118.98.44.100,20483,53,UDP,dns,,1028609571334954,wire/pcap,0,0,0,0,0,0.0,0,0,0,none,0,none,0,0,0,no_alert_unknown,no_alert_not_final_benign,-1,dns,port
2025-07-19T23:02:27.323317+0700,103.195.142.74,118.98.44.100,1806,53,UDP,dns,,1107163854732429,wire/pcap,0,0,0,0,0,0.0,0,0,0,none,0,none,0,0,0,no_alert_unknown,no_alert_not_final_benign,-1,dns,port
2025-07-19T23:02:27.350843+0700,103.195.142.74,118.98.44.20,13698,53,UDP,dns,,943910124498629,wire/pcap,0,0,0,0,0,0.0,0,0,0,none,0,none,0,0,0,no_alert_unknown,no_alert_not_final_benign,-1,dns,port
2025-07-19T23:02:27.358112+0700,103.195.142.74,118.98.44.20,25679,53,UDP,dns,,975130511647372,wire/pcap,0,0,0,0,0,0.0,0,0,0,none,0,none,0,0,0,no_alert_unknown,no_alert_not_final_benign,-1,dns,port
2025-07-19T23:02:27.382943+0700,103.195.142.74,118.98.44.50,9823,53,UDP,dns,,1081780478716856,wire/pcap,0,0,0,0,0,0.0,0,0,0,none,0,none,0,0,0,no_alert_unknown,no_alert_not_final_benign,-1,dns,port
2025-07-19T23:02:27.383724+0700,103.195.142.74,118.98.44.50,42813,53,UDP,dns,,1085133031053875,wire/pcap,0,0,0,0,0,0.0,0,0,0,none,0,none,0,0,0,no_alert_unknown,no_alert_not_final_benign,-1,dns,port
2025-07-19T23:02:27.418645+0700,103.195.142.74,202.134.0.155,19223,53,UDP,dns,,953643532072068,wire/pcap,0,0,0,0,0,0.0,0,0,0,none,0,none,0,0,0,no_alert_unknown,no_alert_not_final_benign,-1,dns,port
2025-07-19T23:02:27.425385+0700,103.195.142.46,87.98.154.131,53,25183,UDP,flow,failed,891304005537041,,1,1,0,1437,0,0.0,1,1437,0,none,0,none,0,0,0,no_alert_unknown,no_alert_not_final_benign,-1,dns,port
2025-07-19T23:02:27.425485+0700,103.195.142.76,87.98.154.126,53,55966,UDP,flow,failed,666397935734072,,1,1,0,1469,0,0.0,1,1469,0,none,0,none,0,0,0,no_alert_unknown,no_alert_not_final_benign,-1,dns,port
2025-07-19T23:02:27.425506+0700,103.195.142.109,87.98.154.129,53,22498,UDP,flow,failed,690759272893812,,1,1,0,1437,0,0.0,1,1437,0,none,0,none,0,0,0,no_alert_unknown,no_alert_not_final_benign,-1,dns,port
2025-07-19T23:02:27.425541+0700,103.195.142.74,118.98.44.20,31097,53,UDP,flow,dns,1025606669700489,,1,1,0,68,0,0.0,1,68,0,none,0,none,0,0,0,no_alert_unknown,no_alert_not_final_benign,-1,dns,app_proto+port
2025-07-19T23:02:27.425583+0700,103.195.142.74,118.98.44.50,34422,53,UDP,flow,dns,438690906115519,,1,1,0,184,0,0.0,1,184,0,none,0,none,0,0,0,no_alert_unknown,no_alert_not_final_benign,-1,dns,app_proto+port
2025-07-19T23:02:27.425630+0700,103.195.142.74,118.98.44.50,21078,53,UDP,flow,dns,708974204948049,,1,1,0,211,0,0.0,1,211,0,none,0,none,0,0,0,no_alert_unknown,no_alert_not_final_benign,-1,dns,app_proto+port
2025-07-19T23:02:27.425651+0700,103.195.142.2,13.105.68.218,53,25555,UDP,flow,failed,795254444396147,,1,1,0,127,0,0.0,1,127,0,none,0,none,0,0,0,no_alert_unknown,no_alert_not_final_benign,-1,dns,port
2025-07-19T23:02:27.425670+0700,103.195.142.75,8.8.8.8,22106,53,UDP,flow,dns,979673930665618,,1,1,0,220,0,0.0,1,220,0,none,0,none,0,0,0,no_alert_unknown,no_alert_not_final_benign,-1,dns,app_proto+port
2025-07-19T23:02:27.425690+0700,103.195.142.83,87.98.154.119,53,16859,UDP,flow,failed,752102429888251,,1,1,0,1190,0,0.0,1,1190,0,none,0,none,0,0,0,no_alert_unknown,no_alert_not_final_benign,-1,dns,port
2025-07-19T23:02:27.425742+0700,103.195.142.74,118.98.44.50,43034,53,UDP,flow,dns,351036157792181,,1,1,0,81,0,0.0,1,81,0,none,0,none,0,0,0,no_alert_unknown,no_alert_not_final_benign,-1,dns,app_proto+port
2025-07-19T23:02:27.425831+0700,103.195.142.74,118.98.44.100,64985,53,UDP,flow,dns,1069509209559104,,1,1,0,88,0,0.0,1,88,0,none,0,none,0,0,0,no_alert_unknown,no_alert_not_final_benign,-1,dns,app_proto+port
2025-07-19T23:02:27.425859+0700,103.195.142.2,46.38.225.220,53,31300,UDP,flow,failed,859356170293321,,1,1,0,129,0,0.0,1,129,0,none,0,none,0,0,0,no_alert_unknown,no_alert_not_final_benign,-1,dns,port
2025-07-19T23:02:27.425928+0700,103.195.142.165,87.98.154.119,53,44065,UDP,flow,failed,855422282174627,,1,1,0,1437,0,0.0,1,1437,0,none,0,none,0,0,0,no_alert_unknown,no_alert_not_final_benign,-1,dns,port
2025-07-19T23:02:27.425963+0700,103.195.142.46,87.98.154.15,53,1202,UDP,flow,failed,333698575438098,,1,1,0,1437,0,0.0,1,1437,0,none,0,none,0,0,0,no_alert_unknown,no_alert_not_final_benign,-1,dns,port
2025-07-19T23:02:27.426020+0700,103.195.142.165,87.98.154.119,53,59767,UDP,flow,failed,583007285481770,,1,1,0,1437,0,0.0,1,1437,0,none,0,none,0,0,0,no_alert_unknown,no_alert_not_final_benign,-1,dns,port
2025-07-19T23:02:27.426045+0700,103.195.142.46,87.98.154.39,53,7232,UDP,flow,failed,945742586515834,,1,1,0,1437,0,0.0,1,1437,0,none,0,none,0,0,0,no_alert_unknown,no_alert_not_final_benign,-1,dns,port
2025-07-19T23:02:27.426064+0700,103.195.142.46,87.98.154.119,53,62724,UDP,flow,failed,472565215400649,,1,1,0,1437,0,0.0,1,1437,0,none,0,none,0,0,0,no_alert_unknown,no_alert_not_final_benign,-1,dns,port
2025-07-19T23:02:27.426174+0700,103.195.142.109,87.98.154.33,53,32586,UDP,flow,failed,1064638603596592,,1,1,0,1437,0,0.0,1,1437,0,none,0,none,0,0,0,no_alert_unknown,no_alert_not_final_benign,-1,dns,port
2025-07-19T23:02:27.426236+0700,103.195.142.46,87.98.154.119,53,34810,UDP,flow,failed,755379793761229,,1,1,0,1437,0,0.0,1,1437,0,none,0,none,0,0,0,no_alert_unknown,no_alert_not_final_benign,-1,dns,port
2025-07-19T23:02:27.426285+0700,103.195.142.46,87.98.154.119,53,11520,UDP,flow,failed,1087934198977489,,1,1,0,1437,0,0.0,1,1437,0,none,0,none,0,0,0,no_alert_unknown,no_alert_not_final_benign,-1,dns,port
2025-07-19T23:02:27.426318+0700,103.195.142.2,5.255.252.254,53,44205,UDP,flow,failed,482286206588082,,1,1,0,174,0,0.0,1,174,0,none,0,none,0,0,0,no_alert_unknown,no_alert_not_final_benign,-1,dns,port
2025-07-19T23:02:27.426358+0700,103.195.142.46,87.98.154.131,53,29727,UDP,flow,failed,1115974485284027,,1,1,0,1437,0,0.0,1,1437,0,none,0,none,0,0,0,no_alert_unknown,no_alert_not_final_benign,-1,dns,port
2025-07-19T23:02:27.426422+0700,103.195.142.165,87.98.154.119,53,57204,UDP,flow,failed,310297948263938,,1,1,0,1437,0,0.0,1,1437,0,none,0,none,0,0,0,no_alert_unknown,no_alert_not_final_benign,-1,dns,port
2025-07-19T23:02:27.426440+0700,103.195.142.76,87.98.154.119,53,14266,UDP,flow,failed,441441884050966,,1,1,0,1469,0,0.0,1,1469,0,none,0,none,0,0,0,no_alert_unknown,no_alert_not_final_benign,-1,dns,port
2025-07-19T23:02:27.426458+0700,103.195.142.75,8.8.8.8,35015,53,UDP,flow,dns,850068766725777,,1,1,0,78,0,0.0,1,78,0,none,0,none,0,0,0,no_alert_unknown,no_alert_not_final_benign,-1,dns,app_proto+port
2025-07-19T23:02:27.426502+0700,103.195.142.195,87.98.154.32,53,18405,UDP,flow,failed,179962756011778,,1,3,0,4311,0,9.0,3,4311,0,none,0,none,0,0,0,no_alert_unknown,no_alert_not_final_benign,-1,dns,port
2025-07-19T23:02:27.426399+0700,103.195.142.75,8.8.8.8,6530,53,UDP,dns,,986948432689977,wire/pcap,0,0,0,0,0,0.0,0,0,0,none,0,none,0,0,0,no_alert_unknown,no_alert_not_final_benign,-1,dns,port
2025-07-19T23:02:27.426616+0700,103.195.142.74,202.134.0.155,17066,53,UDP,flow,dns,387439208044312,,1,1,0,76,0,0.0,1,76,0,none,0,none,0,0,0,no_alert_unknown,no_alert_not_final_benign,-1,dns,app_proto+port
2025-07-19T23:02:27.426668+0700,103.195.142.74,118.98.44.20,20741,53,UDP,flow,dns,589150760540001,,1,1,0,220,0,0.0,1,220,0,none,0,none,0,0,0,no_alert_unknown,no_alert_not_final_benign,-1,dns,app_proto+port
2025-07-19T23:02:27.426708+0700,103.195.142.74,118.98.44.100,12301,53,UDP,flow,dns,882586164336669,,1,1,0,211,0,0.0,1,211,0,none,0,none,0,0,0,no_alert_unknown,no_alert_not_final_benign,-1,dns,app_proto+port
2025-07-19T23:02:27.426729+0700,103.195.142.196,87.98.154.141,53,57491,UDP,flow,failed,345702460495926,,1,3,0,4311,0,10.0,3,4311,0,none,0,none,0,0,0,no_alert_unknown,no_alert_not_final_benign,-1,dns,port
2025-07-19T23:02:27.426772+0700,103.195.142.76,87.98.154.134,53,35252,UDP,flow,failed,32577287624787,,1,3,0,4407,0,9.0,3,4407,0,none,0,none,0,0,0,no_alert_unknown,no_alert_not_final_benign,-1,dns,port
2025-07-19T23:02:27.426810+0700,103.195.142.74,118.98.44.50,24525,53,UDP,flow,dns,657600659724433,,1,1,0,184,0,0.0,1,184,0,none,0,none,0,0,0,no_alert_unknown,no_alert_not_final_benign,-1,dns,app_proto+port
2025-07-19T23:02:27.426958+0700,103.195.142.74,118.98.44.20,56445,53,UDP,flow,dns,775782156409275,,1,1,0,250,0,0.0,1,250,0,none,0,none,0,0,0,no_alert_unknown,no_alert_not_final_benign,-1,dns,app_proto+port
2025-07-19T23:02:27.426978+0700,103.195.142.195,87.98.154.119,53,9136,UDP,flow,failed,578932125800989,,1,1,0,1437,0,0.0,1,1437,0,none,0,none,0,0,0,no_alert_unknown,no_alert_not_final_benign,-1,dns,port
2025-07-19T23:02:27.427081+0700,103.195.142.74,202.134.0.155,56798,53,UDP,flow,dns,802764904733350,,1,1,0,184,0,0.0,1,184,0,none,0,none,0,0,0,no_alert_unknown,no_alert_not_final_benign,-1,dns,app_proto+port
2025-07-19T23:02:27.427115+0700,103.195.142.109,87.98.154.119,53,19404,UDP,flow,failed,341656984689510,,1,1,0,1437,0,0.0,1,1437,0,none,0,none,0,0,0,no_alert_unknown,no_alert_not_final_benign,-1,dns,port
2025-07-19T23:02:27.427134+0700,103.195.142.74,118.98.44.100,17714,53,UDP,flow,dns,341360527154025,,1,1,0,86,0,0.0,1,86,0,none,0,none,0,0,0,no_alert_unknown,no_alert_not_final_benign,-1,dns,app_proto+port
2025-07-19T23:02:27.427153+0700,103.195.142.2,20.44.24.105,53,53770,UDP,flow,failed,459419377933188,,1,1,0,176,0,0.0,1,176,0,none,0,none,0,0,0,no_alert_unknown,no_alert_not_final_benign,-1,dns,port
2025-07-19T23:02:27.427171+0700,103.195.142.83,87.98.154.66,53,26463,UDP,flow,failed,577812303190959,,1,1,0,1190,0,0.0,1,1190,0,none,0,none,0,0,0,no_alert_unknown,no_alert_not_final_benign,-1,dns,port
2025-07-19T23:02:27.427195+0700,103.195.142.74,118.98.44.50,10935,53,UDP,flow,dns,1090129998191545,,1,1,0,184,0,0.0,1,184,0,none,0,none,0,0,0,no_alert_unknown,no_alert_not_final_benign,-1,dns,app_proto+port
2025-07-19T23:02:27.427272+0700,103.195.142.46,87.98.154.75,53,2098,UDP,flow,failed,266044606258191,,1,3,0,4311,0,9.0,3,4311,0,none,0,none,0,0,0,no_alert_unknown,no_alert_not_final_benign,-1,dns,port
2025-07-19T23:02:27.427338+0700,103.195.142.165,87.98.154.177,53,8369,UDP,flow,failed,1016701503609895,,1,1,0,1437,0,0.0,1,1437,0,none,0,none,0,0,0,no_alert_unknown,no_alert_not_final_benign,-1,dns,port
2025-07-19T23:02:27.427358+0700,103.195.142.83,87.98.154.158,53,56247,UDP,flow,failed,736478069529642,,1,1,0,1190,0,0.0,1,1190,0,none,0,none,0,0,0,no_alert_unknown,no_alert_not_final_benign,-1,dns,port
2025-07-19T23:02:27.427395+0700,103.195.142.74,202.134.0.155,6466,53,UDP,flow,dns,290134409878668,,1,1,0,184,0,0.0,1,184,0,none,0,none,0,0,0,no_alert_unknown,no_alert_not_final_benign,-1,dns,app_proto+port
2025-07-19T23:02:27.427432+0700,103.195.142.46,87.98.154.67,53,13660,UDP,flow,failed,615616141466773,,1,1,0,1437,0,0.0,1,1437,0,none,0,none,0,0,0,no_alert_unknown,no_alert_not_final_benign,-1,dns,port
2025-07-19T23:02:27.427452+0700,103.195.142.76,87.98.154.218,53,35488,UDP,flow,failed,839641977068717,,1,1,0,1469,0,0.0,1,1469,0,none,0,none,0,0,0,no_alert_unknown,no_alert_not_final_benign,-1,dns,port
2025-07-19T23:02:27.427678+0700,103.195.142.74,202.134.0.155,51382,53,UDP,flow,dns,960890494393647,,1,1,0,77,0,0.0,1,77,0,none,0,none,0,0,0,no_alert_unknown,no_alert_not_final_benign,-1,dns,app_proto+port
2025-07-19T23:02:27.427698+0700,103.195.142.109,87.98.154.118,53,58458,UDP,flow,failed,1099654029778281,,1,1,0,1437,0,0.0,1,1437,0,none,0,none,0,0,0,no_alert_unknown,no_alert_not_final_benign,-1,dns,port
2025-07-19T23:02:27.427717+0700,103.195.142.75,8.8.8.8,44698,53,UDP,flow,dns,1005556593401204,,1,1,0,84,0,0.0,1,84,0,none,0,none,0,0,0,no_alert_unknown,no_alert_not_final_benign,-1,dns,app_proto+port
2025-07-19T23:02:27.427761+0700,103.195.142.74,202.134.0.155,43234,53,UDP,flow,dns,672555508571646,,1,1,0,184,0,0.0,1,184,0,none,0,none,0,0,0,no_alert_unknown,no_alert_not_final_benign,-1,dns,app_proto+port
2025-07-19T23:02:27.427798+0700,103.195.142.83,87.98.154.186,53,45923,UDP,flow,failed,484213860539910,,1,1,0,1190,0,0.0,1,1190,0,none,0,none,0,0,0,no_alert_unknown,no_alert_not_final_benign,-1,dns,port
2025-07-19T23:02:27.427818+0700,103.195.142.2,202.152.254.4,53,50448,UDP,flow,failed,542761216056852,,1,1,0,237,0,0.0,1,237,0,none,0,none,0,0,0,no_alert_unknown,no_alert_not_final_benign,-1,dns,port
2025-07-19T23:02:27.427838+0700,103.195.142.196,87.98.154.119,53,28837,UDP,flow,failed,427301237956137,,1,1,0,1437,0,0.0,1,1437,0,none,0,none,0,0,0,no_alert_unknown,no_alert_not_final_benign,-1,dns,port
2025-07-19T23:02:27.427870+0700,103.195.142.74,202.134.0.155,23099,53,UDP,flow,dns,594575425543765,,1,1,0,87,0,0.0,1,87,0,none,0,none,0,0,0,no_alert_unknown,no_alert_not_final_benign,-1,dns,app_proto+port
2025-07-19T23:02:27.427908+0700,103.195.142.74,118.98.44.20,37784,53,UDP,flow,dns,295203184123548,,1,1,0,184,0,0.0,1,184,0,none,0,none,0,0,0,no_alert_unknown,no_alert_not_final_benign,-1,dns,app_proto+port
2025-07-19T23:02:27.427970+0700,103.195.142.74,118.98.44.100,63771,53,UDP,flow,dns,376404766892207,,1,1,0,77,0,0.0,1,77,0,none,0,none,0,0,0,no_alert_unknown,no_alert_not_final_benign,-1,dns,app_proto+port
2025-07-19T23:02:27.428060+0700,103.195.142.109,87.98.154.119,53,25634,UDP,flow,failed,532654946919137,,1,1,0,1437,0,0.0,1,1437,0,none,0,none,0,0,0,no_alert_unknown,no_alert_not_final_benign,-1,dns,port
2025-07-19T23:02:27.428078+0700,103.195.142.165,87.98.154.119,53,30911,UDP,flow,failed,806248469504753,,1,1,0,1437,0,0.0,1,1437,0,none,0,none,0,0,0,no_alert_unknown,no_alert_not_final_benign,-1,dns,port
2025-07-19T23:02:27.428105+0700,103.195.142.46,87.98.154.215,53,45382,UDP,flow,failed,496016489259797,,1,1,0,1437,0,0.0,1,1437,0,none,0,none,0,0,0,no_alert_unknown,no_alert_not_final_benign,-1,dns,port
2025-07-19T23:02:27.428127+0700,103.195.142.109,87.98.154.119,53,29508,UDP,flow,failed,433830026093451,,1,1,0,1437,0,0.0,1,1437,0,none,0,none,0,0,0,no_alert_unknown,no_alert_not_final_benign,-1,dns,port
2025-07-19T23:02:27.428148+0700,103.195.142.76,87.98.154.119,53,56952,UDP,flow,failed,1116045597221850,,1,1,0,1469,0,0.0,1,1469,0,none,0,none,0,0,0,no_alert_unknown,no_alert_not_final_benign,-1,dns,port
2025-07-19T23:02:27.428167+0700,103.195.142.196,87.98.154.119,53,10239,UDP,flow,failed,692391839278234,,1,1,0,1437,0,0.0,1,1437,0,none,0,none,0,0,0,no_alert_unknown,no_alert_not_final_benign,-1,dns,port
2025-07-19T23:02:27.428191+0700,103.195.142.195,87.98.154.119,53,60046,UDP,flow,failed,827871060501689,,1,1,0,1437,0,0.0,1,1437,0,none,0,none,0,0,0,no_alert_unknown,no_alert_not_final_benign,-1,dns,port
2025-07-19T23:02:27.428213+0700,103.195.142.46,87.98.154.119,53,38784,UDP,flow,failed,1002765183493381,,1,1,0,1437,0,0.0,1,1437,0,none,0,none,0,0,0,no_alert_unknown,no_alert_not_final_benign,-1,dns,port
2025-07-19T23:02:27.428294+0700,103.195.142.74,118.98.44.50,16286,53,UDP,flow,dns,747614650508778,,1,1,0,77,0,0.0,1,77,0,none,0,none,0,0,0,no_alert_unknown,no_alert_not_final_benign,-1,dns,app_proto+port
2025-07-19T23:02:27.428316+0700,103.195.142.109,87.98.154.118,53,53289,UDP,flow,failed,483389402392046,,1,1,0,1437,0,0.0,1,1437,0,none,0,none,0,0,0,no_alert_unknown,no_alert_not_final_benign,-1,dns,port
2025-07-19T23:02:27.428335+0700,103.195.142.74,202.134.0.155,63634,53,UDP,flow,dns,875820941846301,,1,1,0,214,0,0.0,1,214,0,none,0,none,0,0,0,no_alert_unknown,no_alert_not_final_benign,-1,dns,app_proto+port
2025-07-19T23:02:27.428355+0700,103.195.142.109,87.98.154.119,53,9181,UDP,flow,failed,384171609499456,,1,1,0,1437,0,0.0,1,1437,0,none,0,none,0,0,0,no_alert_unknown,no_alert_not_final_benign,-1,dns,port
2025-07-19T23:02:27.428395+0700,103.195.142.74,118.98.44.20,12220,53,UDP,flow,dns,993980452448160,,1,1,0,184,0,0.0,1,184,0,none,0,none,0,0,0,no_alert_unknown,no_alert_not_final_benign,-1,dns,app_proto+port
2025-07-19T23:02:27.428498+0700,103.195.142.83,87.98.154.119,53,2776,UDP,flow,failed,819792954599461,,1,1,0,1190,0,0.0,1,1190,0,none,0,none,0,0,0,no_alert_unknown,no_alert_not_final_benign,-1,dns,port
2025-07-19T23:02:27.428518+0700,103.195.142.74,202.134.0.155,63522,53,UDP,flow,dns,838191401805913,,1,1,0,68,0,0.0,1,68,0,none,0,none,0,0,0,no_alert_unknown,no_alert_not_final_benign,-1,dns,app_proto+port
2025-07-19T23:02:27.428555+0700,103.195.142.46,87.98.154.47,53,48753,UDP,flow,failed,293312767010956,,1,3,0,4311,0,9.0,3,4311,0,none,0,none,0,0,0,no_alert_unknown,no_alert_not_final_benign,-1,dns,port
2025-07-19T23:02:27.428617+0700,103.195.142.196,87.98.154.113,53,53158,UDP,flow,failed,576780147042661,,1,1,0,1437,0,0.0,1,1437,0,none,0,none,0,0,0,no_alert_unknown,no_alert_not_final_benign,-1,dns,port
2025-07-19T23:02:27.428724+0700,103.195.142.74,118.98.44.50,11619,53,UDP,flow,dns,649032095509208,,1,1,0,81,0,0.0,1,81,0,none,0,none,0,0,0,no_alert_unknown,no_alert_not_final_benign,-1,dns,app_proto+port
2025-07-19T23:02:27.428744+0700,103.195.142.74,202.134.0.155,35497,53,UDP,flow,dns,541360187517670,,1,1,0,76,0,0.0,1,76,0,none,0,none,0,0,0,no_alert_unknown,no_alert_not_final_benign,-1,dns,app_proto+port
2025-07-19T23:02:27.428842+0700,103.195.142.165,87.98.154.119,53,14530,UDP,flow,failed,284673375808306,,1,1,0,1437,0,0.0,1,1437,0,none,0,none,0,0,0,no_alert_unknown,no_alert_not_final_benign,-1,dns,port
2025-07-19T23:02:27.428868+0700,103.195.142.76,87.98.154.182,53,42925,UDP,flow,failed,403259728210776,,1,1,0,1469,0,0.0,1,1469,0,none,0,none,0,0,0,no_alert_unknown,no_alert_not_final_benign,-1,dns,port
2025-07-19T23:02:27.428887+0700,103.195.142.75,8.8.8.8,8263,53,UDP,flow,dns,842825440308083,,1,1,0,184,0,0.0,1,184,0,none,0,none,0,0,0,no_alert_unknown,no_alert_not_final_benign,-1,dns,app_proto+port
2025-07-19T23:02:27.428930+0700,103.195.142.76,87.98.154.98,53,19068,UDP,flow,failed,974313501699165,,1,1,0,1469,0,0.0,1,1469,0,none,0,none,0,0,0,no_alert_unknown,no_alert_not_final_benign,-1,dns,port
2025-07-19T23:02:27.428964+0700,103.195.142.83,87.98.154.130,53,39601,UDP,flow,failed,1073101274819729,,1,1,0,1190,0,0.0,1,1190,0,none,0,none,0,0,0,no_alert_unknown,no_alert_not_final_benign,-1,dns,port
2025-07-19T23:02:27.428990+0700,103.195.142.74,118.98.44.20,32701,53,UDP,flow,dns,478985144642732,,1,1,0,96,0,0.0,1,96,0,none,0,none,0,0,0,no_alert_unknown,no_alert_not_final_benign,-1,dns,app_proto+port
2025-07-19T23:02:27.429045+0700,103.195.142.165,87.98.154.89,53,13969,UDP,flow,failed,1119380663577797,,1,1,0,1437,0,0.0,1,1437,0,none,0,none,0,0,0,no_alert_unknown,no_alert_not_final_benign,-1,dns,port
2025-07-19T23:02:27.429083+0700,103.195.142.46,87.98.154.159,53,29054,UDP,flow,failed,590311577431276,,1,1,0,1437,0,0.0,1,1437,0,none,0,none,0,0,0,no_alert_unknown,no_alert_not_final_benign,-1,dns,port
2025-07-19T23:02:27.429208+0700,103.195.142.46,87.98.154.119,53,40319,UDP,flow,failed,852950602820910,,1,1,0,1437,0,0.0,1,1437,0,none,0,none,0,0,0,no_alert_unknown,no_alert_not_final_benign,-1,dns,port
2025-07-19T23:02:27.429241+0700,103.195.142.74,118.98.44.100,24975,53,UDP,flow,dns,704336521932097,,1,1,0,79,0,0.0,1,79,0,none,0,none,0,0,0,no_alert_unknown,no_alert_not_final_benign,-1,dns,app_proto+port
2025-07-19T23:02:27.429263+0700,103.195.142.2,80.12.242.65,53,35360,UDP,flow,failed,980703348141439,,1,1,0,243,0,0.0,1,243,0,none,0,none,0,0,0,no_alert_unknown,no_alert_not_final_benign,-1,dns,port
2025-07-19T23:02:27.429332+0700,103.195.142.196,87.98.154.119,53,47435,UDP,flow,failed,1090130973961745,,1,1,0,1437,0,0.0,1,1437,0,none,0,none,0,0,0,no_alert_unknown,no_alert_not_final_benign,-1,dns,port
2025-07-19T23:02:27.429370+0700,103.195.142.196,87.98.154.119,53,10028,UDP,flow,failed,1114925797027416,,1,1,0,1437,0,0.0,1,1437,0,none,0,none,0,0,0,no_alert_unknown,no_alert_not_final_benign,-1,dns,port
2025-07-19T23:02:27.429389+0700,103.195.142.76,87.98.154.218,53,31999,UDP,flow,failed,607513297497688,,1,1,0,1469,0,0.0,1,1469,0,none,0,none,0,0,0,no_alert_unknown,no_alert_not_final_benign,-1,dns,port
2025-07-19T23:02:27.429407+0700,103.195.142.46,87.98.154.119,53,13590,UDP,flow,failed,871418829680308,,1,1,0,1437,0,0.0,1,1437,0,none,0,none,0,0,0,no_alert_unknown,no_alert_not_final_benign,-1,dns,port
2025-07-19T23:02:27.429452+0700,103.195.142.74,118.98.44.20,3281,53,UDP,flow,dns,854579109900031,,1,1,0,82,0,0.0,1,82,0,none,0,none,0,0,0,no_alert_unknown,no_alert_not_final_benign,-1,dns,app_proto+port
2025-07-19T23:02:27.429493+0700,103.195.142.46,87.98.154.187,53,33730,UDP,flow,failed,282199203786529,,1,1,0,1437,0,0.0,1,1437,0,none,0,none,0,0,0,no_alert_unknown,no_alert_not_final_benign,-1,dns,port
2025-07-19T23:02:27.429512+0700,103.195.142.74,118.98.44.50,33052,53,UDP,flow,dns,526594071080817,,1,1,0,71,0,0.0,1,71,0,none,0,none,0,0,0,no_alert_unknown,no_alert_not_final_benign,-1,dns,app_proto+port
2025-07-19T23:02:27.429553+0700,103.195.142.76,87.98.154.190,53,52634,UDP,flow,failed,1056509059674064,,1,1,0,1469,0,0.0,1,1469,0,none,0,none,0,0,0,no_alert_unknown,no_alert_not_final_benign,-1,dns,port
2025-07-19T23:02:27.429572+0700,103.195.142.75,8.8.8.8,31182,53,UDP,flow,dns,762980627132371,,1,1,0,68,0,0.0,1,68,0,none,0,none,0,0,0,no_alert_unknown,no_alert_not_final_benign,-1,dns,app_proto+port
2025-07-19T23:02:27.429594+0700,103.195.142.109,87.98.154.73,53,5950,UDP,flow,failed,1125022054428866,,1,1,0,1437,0,0.0,1,1437,0,none,0,none,0,0,0,no_alert_unknown,no_alert_not_final_benign,-1,dns,port
2025-07-19T23:02:27.429668+0700,103.195.142.74,118.98.44.100,37792,53,UDP,flow,dns,798458358149447,,1,1,0,81,0,0.0,1,81,0,none,0,none,0,0,0,no_alert_unknown,no_alert_not_final_benign,-1,dns,app_proto+port
2025-07-19T23:02:27.429689+0700,103.195.142.165,87.98.154.119,53,5293,UDP,flow,failed,950961527140690,,1,1,0,1437,0,0.0,1,1437,0,none,0,none,0,0,0,no_alert_unknown,no_alert_not_final_benign,-1,dns,port
2025-07-19T23:02:27.429738+0700,103.195.142.196,87.98.154.137,53,29351,UDP,flow,failed,297146363949427,,1,1,0,1437,0,0.0,1,1437,0,none,0,none,0,0,0,no_alert_unknown,no_alert_not_final_benign,-1,dns,port
2025-07-19T23:02:27.429789+0700,103.195.142.195,87.98.154.119,53,63856,UDP,flow,failed,721366012670454,,1,1,0,1437,0,0.0,1,1437,0,none,0,none,0,0,0,no_alert_unknown,no_alert_not_final_benign,-1,dns,port
2025-07-19T23:02:27.429807+0700,103.195.142.3,202.152.254.4,53,8314,UDP,flow,failed,437145171604017,,1,1,0,140,0,0.0,1,140,0,none,0,none,0,0,0,no_alert_unknown,no_alert_not_final_benign,-1,dns,port
2025-07-19T23:02:27.429827+0700,103.195.142.74,118.98.44.50,37979,53,UDP,flow,dns,589476991152757,,1,1,0,68,0,0.0,1,68,0,none,0,none,0,0,0,no_alert_unknown,no_alert_not_final_benign,-1,dns,app_proto+port
2025-07-19T23:02:27.429847+0700,103.195.142.195,87.98.154.116,53,60854,UDP,flow,failed,751126258135814,,1,1,0,1437,0,0.0,1,1437,0,none,0,none,0,0,0,no_alert_unknown,no_alert_not_final_benign,-1,dns,port
2025-07-19T23:02:27.429871+0700,103.195.142.74,118.98.44.20,2431,53,UDP,flow,dns,1098143058703299,,1,1,0,211,0,0.0,1,211,0,none,0,none,0,0,0,no_alert_unknown,no_alert_not_final_benign,-1,dns,app_proto+port
2025-07-19T23:02:27.429891+0700,103.195.142.83,87.98.154.119,53,63636,UDP,flow,failed,460762813969395,,1,1,0,1190,0,0.0,1,1190,0,none,0,none,0,0,0,no_alert_unknown,no_alert_not_final_benign,-1,dns,port
2025-07-19T23:02:27.429909+0700,103.195.142.83,87.98.154.119,53,49981,UDP,flow,failed,1060811049153587,,1,1,0,1190,0,0.0,1,1190,0,none,0,none,0,0,0,no_alert_unknown,no_alert_not_final_benign,-1,dns,port
2025-07-19T23:02:27.429927+0700,103.195.142.46,87.98.154.119,53,38823,UDP,flow,failed,501406850757725,,1,1,0,1437,0,0.0,1,1437,0,none,0,none,0,0,0,no_alert_unknown,no_alert_not_final_benign,-1,dns,port
2025-07-19T23:02:27.429946+0700,103.195.142.195,87.98.154.88,53,37486,UDP,flow,failed,1063554743547188,,1,1,0,1437,0,0.0,1,1437,0,none,0,none,0,0,0,no_alert_unknown,no_alert_not_final_benign,-1,dns,port
2025-07-19T23:02:27.429964+0700,103.195.142.74,118.98.44.20,20082,53,UDP,flow,dns,779620095440362,,1,1,0,81,0,0.0,1,81,0,none,0,none,0,0,0,no_alert_unknown,no_alert_not_final_benign,-1,dns,app_proto+port
2025-07-19T23:02:27.429984+0700,103.195.142.165,87.98.154.119,53,31969,UDP,flow,failed,335004348986911,,1,1,0,1437,0,0.0,1,1437,0,none,0,none,0,0,0,no_alert_unknown,no_alert_not_final_benign,-1,dns,port
2025-07-19T23:02:27.430028+0700,103.195.142.109,87.98.154.101,53,51871,UDP,flow,failed,1010242401679287,,1,1,0,1437,0,0.0,1,1437,0,none,0,none,0,0,0,no_alert_unknown,no_alert_not_final_benign,-1,dns,port
2025-07-19T23:02:27.430084+0700,103.195.142.165,87.98.154.119,53,3185,UDP,flow,failed,978875043035448,,1,1,0,1437,0,0.0,1,1437,0,none,0,none,0,0,0,no_alert_unknown,no_alert_not_final_benign,-1,dns,port
2025-07-19T23:02:27.430141+0700,103.195.142.83,87.98.154.119,53,38259,UDP,flow,failed,1070962221922834,,1,1,0,1190,0,0.0,1,1190,0,none,0,none,0,0,0,no_alert_unknown,no_alert_not_final_benign,-1,dns,port
2025-07-19T23:02:27.430186+0700,103.195.142.196,87.98.154.119,53,12352,UDP,flow,failed,460594643417795,,1,1,0,1437,0,0.0,1,1437,0,none,0,none,0,0,0,no_alert_unknown,no_alert_not_final_benign,-1,dns,port
2025-07-19T23:02:27.430225+0700,103.195.142.3,20.44.24.96,53,62986,UDP,flow,failed,355089364237070,,1,1,0,136,0,0.0,1,136,0,none,0,none,0,0,0,no_alert_unknown,no_alert_not_final_benign,-1,dns,port
2025-07-19T23:02:27.430273+0700,103.195.142.196,87.98.154.119,53,41648,UDP,flow,failed,650448436935564,,1,1,0,1437,0,0.0,1,1437,0,none,0,none,0,0,0,no_alert_unknown,no_alert_not_final_benign,-1,dns,port
2025-07-19T23:02:27.430292+0700,103.195.142.74,118.98.44.100,16659,53,UDP,flow,dns,882586209893281,,1,1,0,85,0,0.0,1,85,0,none,0,none,0,0,0,no_alert_unknown,no_alert_not_final_benign,-1,dns,app_proto+port
2025-07-19T23:02:27.430312+0700,103.195.142.74,202.134.0.155,45526,53,UDP,flow,dns,441867469077452,,1,1,0,68,0,0.0,1,68,0,none,0,none,0,0,0,no_alert_unknown,no_alert_not_final_benign,-1,dns,app_proto+port
2025-07-19T23:02:27.430332+0700,103.195.142.83,87.98.154.158,53,38394,UDP,flow,failed,797750032415770,,1,1,0,1190,0,0.0,1,1190,0,none,0,none,0,0,0,no_alert_unknown,no_alert_not_final_benign,-1,dns,port
2025-07-19T23:02:27.430352+0700,103.195.142.74,118.98.44.50,17015,53,UDP,flow,dns,521678622112797,,1,1,0,214,0,0.0,1,214,0,none,0,none,0,0,0,no_alert_unknown,no_alert_not_final_benign,-1,dns,app_proto+port
2025-07-19T23:02:27.430466+0700,103.195.142.196,87.98.154.53,53,10027,UDP,flow,failed,518988355550687,,1,1,0,1437,0,0.0,1,1437,0,none,0,none,0,0,0,no_alert_unknown,no_alert_not_final_benign,-1,dns,port
2025-07-19T23:02:27.430505+0700,103.195.142.74,118.98.44.50,55445,53,UDP,flow,dns,356344073895431,,1,1,0,250,0,0.0,1,250,0,none,0,none,0,0,0,no_alert_unknown,no_alert_not_final_benign,-1,dns,app_proto+port
2025-07-19T23:02:27.430550+0700,103.195.142.74,118.98.44.100,18297,53,UDP,flow,dns,650340795498106,,1,1,0,108,0,0.0,1,108,0,none,0,none,0,0,0,no_alert_unknown,no_alert_not_final_benign,-1,dns,app_proto+port
2025-07-19T23:02:27.430569+0700,103.195.142.165,87.98.154.233,53,41439,UDP,flow,failed,485986324070077,,1,3,0,4311,0,10.0,3,4311,0,none,0,none,0,0,0,no_alert_unknown,no_alert_not_final_benign,-1,dns,port
2025-07-19T23:02:27.430588+0700,103.195.142.74,118.98.44.20,1095,53,UDP,flow,dns,513121736212283,,1,1,0,132,0,0.0,1,132,0,none,0,none,0,0,0,no_alert_unknown,no_alert_not_final_benign,-1,dns,app_proto+port
2025-07-19T23:02:27.430627+0700,103.195.142.83,87.98.154.119,53,17948,UDP,flow,failed,303245900398655,,1,1,0,1190,0,0.0,1,1190,0,none,0,none,0,0,0,no_alert_unknown,no_alert_not_final_benign,-1,dns,port
2025-07-19T23:02:27.430647+0700,103.195.142.74,118.98.44.20,48978,53,UDP,flow,dns,886861736788058,,1,1,0,68,0,0.0,1,68,0,none,0,none,0,0,0,no_alert_unknown,no_alert_not_final_benign,-1,dns,app_proto+port
2025-07-19T23:02:27.430667+0700,103.195.142.46,87.98.154.119,53,13626,UDP,flow,failed,836547423780979,,1,1,0,1437,0,0.0,1,1437,0,none,0,none,0,0,0,no_alert_unknown,no_alert_not_final_benign,-1,dns,port
2025-07-19T23:02:27.430714+0700,103.195.142.196,87.98.154.25,53,40982,UDP,flow,failed,796410610663852,,1,1,0,1437,0,0.0,1,1437,0,none,0,none,0,0,0,no_alert_unknown,no_alert_not_final_benign,-1,dns,port
2025-07-19T23:02:27.430818+0700,103.195.142.74,118.98.44.50,9998,53,UDP,flow,dns,775286433596223,,1,1,0,77,0,0.0,1,77,0,none,0,none,0,0,0,no_alert_unknown,no_alert_not_final_benign,-1,dns,app_proto+port
2025-07-19T23:02:27.430844+0700,103.195.142.165,87.98.154.145,53,55471,UDP,flow,failed,350364107162771,,1,1,0,1437,0,0.0,1,1437,0,none,0,none,0,0,0,no_alert_unknown,no_alert_not_final_benign,-1,dns,port
2025-07-19T23:02:27.430863+0700,103.195.142.83,87.98.154.14,53,37013,UDP,flow,failed,561845668299943,,1,1,0,1190,0,0.0,1,1190,0,none,0,none,0,0,0,no_alert_unknown,no_alert_not_final_benign,-1,dns,port
2025-07-19T23:02:27.430904+0700,103.195.142.196,87.98.154.197,53,42799,UDP,flow,failed,2241182585931005,,1,3,0,4311,0,10.0,3,4311,0,none,0,none,0,0,0,no_alert_unknown,no_alert_not_final_benign,-1,dns,port
2025-07-19T23:02:27.430923+0700,103.195.142.74,118.98.44.50,1874,53,UDP,flow,dns,885949215819010,,1,1,0,81,0,0.0,1,81,0,none,0,none,0,0,0,no_alert_unknown,no_alert_not_final_benign,-1,dns,app_proto+port
2025-07-19T23:02:27.430943+0700,103.195.142.74,118.98.44.100,48350,53,UDP,flow,dns,1025565253977425,,1,1,0,223,0,0.0,1,223,0,none,0,none,0,0,0,no_alert_unknown,no_alert_not_final_benign,-1,dns,app_proto+port
2025-07-19T23:02:27.430986+0700,103.195.142.108,8.8.8.8,19524,53,UDP,flow,dns,551540989314613,,1,1,0,68,0,0.0,1,68,0,none,0,none,0,0,0,no_alert_unknown,no_alert_not_final_benign,-1,dns,app_proto+port
2025-07-19T23:02:27.431011+0700,103.195.142.109,87.98.154.119,53,58784,UDP,flow,failed,631742990796446,,1,1,0,1437,0,0.0,1,1437,0,none,0,none,0,0,0,no_alert_unknown,no_alert_not_final_benign,-1,dns,port
2025-07-19T23:02:27.431112+0700,103.195.142.74,118.98.44.20,32112,53,UDP,flow,dns,757360522381399,,1,1,0,202,0,0.0,1,202,0,none,0,none,0,0,0,no_alert_unknown,no_alert_not_final_benign,-1,dns,app_proto+port
2025-07-19T23:02:27.431159+0700,103.195.142.76,87.98.154.119,53,11484,UDP,flow,failed,1005799008454947,,1,1,0,1469,0,0.0,1,1469,0,none,0,none,0,0,0,no_alert_unknown,no_alert_not_final_benign,-1,dns,port
2025-07-19T23:02:27.431179+0700,103.195.142.195,87.98.154.144,53,4321,UDP,flow,failed,479146025109897,,1,1,0,1437,0,0.0,1,1437,0,none,0,none,0,0,0,no_alert_unknown,no_alert_not_final_benign,-1,dns,port
2025-07-19T23:02:27.431197+0700,103.195.142.165,87.98.154.229,53,35887,UDP,flow,failed,440039200475585,,1,1,0,1437,0,0.0,1,1437,0,none,0,none,0,0,0,no_alert_unknown,no_alert_not_final_benign,-1,dns,port
2025-07-19T23:02:27.431216+0700,103.195.142.74,202.134.0.155,24036,53,UDP,flow,dns,374566853560780,,1,1,0,83,0,0.0,1,83,0,none,0,none,0,0,0,no_alert_unknown,no_alert_not_final_benign,-1,dns,app_proto+port
2025-07-19T23:02:27.431235+0700,103.195.142.74,118.98.44.20,13404,53,UDP,flow,dns,876007867959758,,1,1,0,220,0,0.0,1,220,0,none,0,none,0,0,0,no_alert_unknown,no_alert_not_final_benign,-1,dns,app_proto+port
2025-07-19T23:02:27.431280+0700,103.195.142.109,87.98.154.65,53,50648,UDP,flow,failed,512483266939518,,1,1,0,1437,0,0.0,1,1437,0,none,0,none,0,0,0,no_alert_unknown,no_alert_not_final_benign,-1,dns,port
2025-07-19T23:02:27.431304+0700,103.195.142.75,8.8.8.8,53491,53,UDP,flow,dns,578274588445373,,1,1,0,184,0,0.0,1,184,0,none,0,none,0,0,0,no_alert_unknown,no_alert_not_final_benign,-1,dns,app_proto+port
2025-07-19T23:02:27.431345+0700,103.195.142.196,87.98.154.119,53,7932,UDP,flow,failed,796920108370639,,1,1,0,1437,0,0.0,1,1437,0,none,0,none,0,0,0,no_alert_unknown,no_alert_not_final_benign,-1,dns,port
2025-07-19T23:02:27.431386+0700,103.195.142.109,87.98.154.73,53,31911,UDP,flow,failed,925644795366216,,1,1,0,1437,0,0.0,1,1437,0,none,0,none,0,0,0,no_alert_unknown,no_alert_not_final_benign,-1,dns,port
2025-07-19T23:02:27.431427+0700,103.195.142.76,87.98.154.119,53,29900,UDP,flow,failed,928305533111221,,1,1,0,1469,0,0.0,1,1469,0,none,0,none,0,0,0,no_alert_unknown,no_alert_not_final_benign,-1,dns,port
2025-07-19T23:02:27.431451+0700,103.195.142.2,202.152.254.4,53,7023,UDP,flow,failed,541724849097822,,1,1,0,135,0,0.0,1,135,0,none,0,none,0,0,0,no_alert_unknown,no_alert_not_final_benign,-1,dns,port
2025-07-19T23:02:27.431491+0700,103.195.142.195,87.98.154.88,53,34126,UDP,flow,failed,1084956159921399,,1,1,0,1437,0,0.0,1,1437,0,none,0,none,0,0,0,no_alert_unknown,no_alert_not_final_benign,-1,dns,port
2025-07-19T23:02:27.431510+0700,103.195.142.109,87.98.154.129,53,55561,UDP,flow,failed,728103264931078,,1,1,0,1437,0,0.0,1,1437,0,none,0,none,0,0,0,no_alert_unknown,no_alert_not_final_benign,-1,dns,port
2025-07-19T23:02:27.431528+0700,103.195.142.74,118.98.44.50,14363,53,UDP,flow,dns,842129777380697,,1,1,0,74,0,0.0,1,74,0,none,0,none,0,0,0,no_alert_unknown,no_alert_not_final_benign,-1,dns,app_proto+port
2025-07-19T23:02:27.431548+0700,103.195.142.74,202.134.0.155,46760,53,UDP,flow,dns,631610893749653,,1,1,0,111,0,0.0,1,111,0,none,0,none,0,0,0,no_alert_unknown,no_alert_not_final_benign,-1,dns,app_proto+port
2025-07-19T23:02:27.431675+0700,103.195.142.74,202.134.0.155,59937,53,UDP,flow,dns,480479892033087,,1,1,0,96,0,0.0,1,96,0,none,0,none,0,0,0,no_alert_unknown,no_alert_not_final_benign,-1,dns,app_proto+port
2025-07-19T23:02:27.431694+0700,103.195.142.76,87.98.154.218,53,13477,UDP,flow,failed,613638977441453,,1,1,0,1469,0,0.0,1,1469,0,none,0,none,0,0,0,no_alert_unknown,no_alert_not_final_benign,-1,dns,port
2025-07-19T23:02:27.431757+0700,103.195.142.196,87.98.154.119,53,6286,UDP,flow,failed,773464051634040,,1,1,0,1437,0,0.0,1,1437,0,none,0,none,0,0,0,no_alert_unknown,no_alert_not_final_benign,-1,dns,port
2025-07-19T23:02:27.431776+0700,103.195.142.46,87.98.154.243,53,18593,UDP,flow,failed,580846734823480,,1,1,0,1437,0,0.0,1,1437,0,none,0,none,0,0,0,no_alert_unknown,no_alert_not_final_benign,-1,dns,port
2025-07-19T23:02:27.431800+0700,103.195.142.76,87.98.154.18,53,5573,UDP,flow,failed,902687070834902,,1,1,0,1469,0,0.0,1,1469,0,none,0,none,0,0,0,no_alert_unknown,no_alert_not_final_benign,-1,dns,port
2025-07-19T23:02:27.431819+0700,103.195.142.74,118.98.44.50,55167,53,UDP,flow,dns,880627099652564,,1,1,0,68,0,0.0,1,68,0,none,0,none,0,0,0,no_alert_unknown,no_alert_not_final_benign,-1,dns,app_proto+port
2025-07-19T23:02:27.431860+0700,103.195.142.195,87.98.154.252,53,20925,UDP,flow,failed,1125713345532688,,1,1,0,1437,0,0.0,1,1437,0,none,0,none,0,0,0,no_alert_unknown,no_alert_not_final_benign,-1,dns,port
2025-07-19T23:02:27.431899+0700,103.195.142.195,87.98.154.118,53,2384,UDP,flow,failed,834231055111175,,1,1,0,1437,0,0.0,1,1437,0,none,0,none,0,0,0,no_alert_unknown,no_alert_not_final_benign,-1,dns,port
2025-07-19T23:02:27.431923+0700,103.195.142.46,87.98.154.119,53,10029,UDP,flow,failed,803211093103719,,1,1,0,1437,0,0.0,1,1437,0,none,0,none,0,0,0,no_alert_unknown,no_alert_not_final_benign,-1,dns,port
2025-07-19T23:02:27.431960+0700,103.195.142.74,202.134.0.155,31350,53,UDP,flow,dns,747385633068465,,1,1,0,77,0,0.0,1,77,0,none,0,none,0,0,0,no_alert_unknown,no_alert_not_final_benign,-1,dns,app_proto+port
2025-07-19T23:02:27.431980+0700,103.195.142.76,87.98.154.119,53,19847,UDP,flow,failed,1083127556298408,,1,1,0,1469,0,0.0,1,1469,0,none,0,none,0,0,0,no_alert_unknown,no_alert_not_final_benign,-1,dns,port
2025-07-19T23:02:27.431998+0700,103.195.142.213,8.8.8.8,5678,53,UDP,flow,dns,1317953401149103,,1,2,0,156,0,6.0,2,156,0,none,0,none,0,0,0,no_alert_unknown,no_alert_not_final_benign,-1,dns,app_proto+port
2025-07-19T23:02:27.432018+0700,103.195.142.195,87.98.154.119,53,50985,UDP,flow,failed,638644838815792,,1,1,0,1437,0,0.0,1,1437,0,none,0,none,0,0,0,no_alert_unknown,no_alert_not_final_benign,-1,dns,port
2025-07-19T23:02:27.432059+0700,103.195.142.46,87.98.154.19,53,40549,UDP,flow,failed,577761497864427,,1,1,0,1437,0,0.0,1,1437,0,none,0,none,0,0,0,no_alert_unknown,no_alert_not_final_benign,-1,dns,port
2025-07-19T23:02:27.432118+0700,103.195.142.74,118.98.44.100,54771,53,UDP,flow,dns,595845845834920,,1,1,0,68,0,0.0,1,68,0,none,0,none,0,0,0,no_alert_unknown,no_alert_not_final_benign,-1,dns,app_proto+port
2025-07-19T23:02:27.432139+0700,103.195.142.83,87.98.154.158,53,6126,UDP,flow,failed,757472110271667,,1,1,0,1190,0,0.0,1,1190,0,none,0,none,0,0,0,no_alert_unknown,no_alert_not_final_benign,-1,dns,port
2025-07-19T23:02:27.432185+0700,103.195.142.75,8.8.8.8,38814,53,UDP,flow,dns,862773611486592,,1,1,0,68,0,0.0,1,68,0,none,0,none,0,0,0,no_alert_unknown,no_alert_not_final_benign,-1,dns,app_proto+port
2025-07-19T23:02:27.432211+0700,103.195.142.196,87.98.154.53,53,40072,UDP,flow,failed,1079276095888781,,1,1,0,1437,0,0.0,1,1437,0,none,0,none,0,0,0,no_alert_unknown,no_alert_not_final_benign,-1,dns,port
2025-07-19T23:02:27.432230+0700,103.195.142.109,87.98.154.119,53,28674,UDP,flow,failed,939475518905900,,1,1,0,1437,0,0.0,1,1437,0,none,0,none,0,0,0,no_alert_unknown,no_alert_not_final_benign,-1,dns,port
2025-07-19T23:02:27.432266+0700,103.195.142.165,87.98.154.119,53,36719,UDP,flow,failed,919561136201305,,1,1,0,1437,0,0.0,1,1437,0,none,0,none,0,0,0,no_alert_unknown,no_alert_not_final_benign,-1,dns,port
2025-07-19T23:02:27.432285+0700,103.195.142.75,8.8.8.8,49689,53,UDP,flow,dns,613787526782557,,1,1,0,72,0,0.0,1,72,0,none,0,none,0,0,0,no_alert_unknown,no_alert_not_final_benign,-1,dns,app_proto+port
2025-07-19T23:02:27.432304+0700,103.195.142.165,87.98.154.5,53,46286,UDP,flow,failed,165234407726757,,1,3,0,4311,0,10.0,3,4311,0,none,0,none,0,0,0,no_alert_unknown,no_alert_not_final_benign,-1,dns,port
2025-07-19T23:02:27.432371+0700,103.195.142.76,87.98.154.119,53,25056,UDP,flow,failed,633790026047435,,1,1,0,1469,0,0.0,1,1469,0,none,0,none,0,0,0,no_alert_unknown,no_alert_not_final_benign,-1,dns,port
2025-07-19T23:02:27.432390+0700,103.195.142.2,172.217.32.149,53,55017,UDP,flow,failed,781189856845808,,1,1,0,164,0,0.0,1,164,0,none,0,none,0,0,0,no_alert_unknown,no_alert_not_final_benign,-1,dns,port
2025-07-19T23:02:27.432409+0700,103.195.142.195,87.98.154.119,53,31989,UDP,flow,failed,873040125321251,,1,1,0,1437,0,0.0,1,1437,0,none,0,none,0,0,0,no_alert_unknown,no_alert_not_final_benign,-1,dns,port
2025-07-19T23:02:27.432428+0700,103.195.142.76,87.98.154.119,53,50069,UDP,flow,failed,829032873812276,,1,1,0,1469,0,0.0,1,1469,0,none,0,none,0,0,0,no_alert_unknown,no_alert_not_final_benign,-1,dns,port
2025-07-19T23:02:27.432494+0700,103.195.142.75,8.8.8.8,32499,53,UDP,flow,dns,694269841596977,,1,1,0,184,0,0.0,1,184,0,none,0,none,0,0,0,no_alert_unknown,no_alert_not_final_benign,-1,dns,app_proto+port
2025-07-19T23:02:27.432611+0700,103.195.142.46,87.98.154.159,53,14863,UDP,flow,failed,782112151790386,,1,1,0,1437,0,0.0,1,1437,0,none,0,none,0,0,0,no_alert_unknown,no_alert_not_final_benign,-1,dns,port
2025-07-19T23:02:27.432635+0700,103.195.142.83,87.98.154.102,53,62346,UDP,flow,failed,1116363627520874,,1,1,0,1190,0,0.0,1,1190,0,none,0,none,0,0,0,no_alert_unknown,no_alert_not_final_benign,-1,dns,port
2025-07-19T23:02:27.432673+0700,103.195.142.3,108.136.122.41,53,24832,UDP,flow,failed,1121779248686092,,1,1,0,170,0,0.0,1,170,0,none,0,none,0,0,0,no_alert_unknown,no_alert_not_final_benign,-1,dns,port
2025-07-19T23:02:27.432714+0700,103.195.142.109,87.98.154.117,53,57558,UDP,flow,failed,1077815390135524,,1,1,0,1437,0,0.0,1,1437,0,none,0,none,0,0,0,no_alert_unknown,no_alert_not_final_benign,-1,dns,port
2025-07-19T23:02:27.432732+0700,103.195.142.74,118.98.44.20,31595,53,UDP,flow,dns,852176310920521,,1,1,0,81,0,0.0,1,81,0,none,0,none,0,0,0,no_alert_unknown,no_alert_not_final_benign,-1,dns,app_proto+port
2025-07-19T23:02:27.432751+0700,103.195.142.195,87.98.154.224,53,31174,UDP,flow,failed,1128860355814730,,1,1,0,1437,0,0.0,1,1437,0,none,0,none,0,0,0,no_alert_unknown,no_alert_not_final_benign,-1,dns,port
2025-07-19T23:02:27.441400+0700,103.195.142.74,118.98.44.50,5327,53,UDP,dns,,1051374615500441,wire/pcap,0,0,0,0,0,0.0,0,0,0,none,0,none,0,0,0,no_alert_unknown,no_alert_not_final_benign,-1,dns,port
2025-07-19T23:02:27.441488+0700,103.195.142.74,118.98.44.100,31482,53,UDP,dns,,1051753619239919,wire/pcap,0,0,0,0,0,0.0,0,0,0,none,0,none,0,0,0,no_alert_unknown,no_alert_not_final_benign,-1,dns,port
2025-07-19T23:02:27.453083+0700,103.195.142.74,118.98.44.100,51741,53,UDP,dns,,1101552108309113,wire/pcap,0,0,0,0,0,0.0,0,0,0,none,0,none,0,0,0,no_alert_unknown,no_alert_not_final_benign,-1,dns,port
2025-07-19T23:02:27.477529+0700,103.195.142.74,202.134.0.155,2795,53,UDP,dns,,925073732188271,wire/pcap,0,0,0,0,0,0.0,0,0,0,none,0,none,0,0,0,no_alert_unknown,no_alert_not_final_benign,-1,dns,port
2025-07-19T23:02:27.478726+0700,103.195.142.74,118.98.44.20,58884,53,UDP,dns,,930215188503815,wire/pcap,0,0,0,0,0,0.0,0,0,0,none,0,none,0,0,0,no_alert_unknown,no_alert_not_final_benign,-1,dns,port
2025-07-19T23:02:27.486230+0700,103.195.142.74,118.98.44.100,26033,53,UDP,dns,,962445278776022,wire/pcap,0,0,0,0,0,0.0,0,0,0,none,0,none,0,0,0,no_alert_unknown,no_alert_not_final_benign,-1,dns,port
2025-07-19T23:02:27.486363+0700,103.195.142.74,118.98.44.50,33150,53,UDP,dns,,963015292563030,wire/pcap,0,0,0,0,0,0.0,0,0,0,none,0,none,0,0,0,no_alert_unknown,no_alert_not_final_benign,-1,dns,port
2025-07-19T23:02:27.494998+0700,103.195.142.74,118.98.44.20,31422,53,UDP,dns,,1000102361978163,wire/pcap,0,0,0,0,0,0.0,0,0,0,none,0,none,0,0,0,no_alert_unknown,no_alert_not_final_benign,-1,dns,port
2025-07-19T23:02:27.495060+0700,103.195.142.31,8.8.8.8,47406,53,UDP,dns,,1000368393867153,wire/pcap,0,0,0,0,0,0.0,0,0,0,none,0,none,0,0,0,no_alert_unknown,no_alert_not_final_benign,-1,dns,port
2025-07-19T23:02:27.496479+0700,103.195.142.74,118.98.44.50,41347,53,UDP,dns,,1006465185462756,wire/pcap,0,0,0,0,0,0.0,0,0,0,none,0,none,0,0,0,no_alert_unknown,no_alert_not_final_benign,-1,dns,port
2025-07-19T23:02:27.496658+0700,103.195.142.74,202.134.0.155,23495,53,UDP,dns,,1007233127790966,wire/pcap,0,0,0,0,0,0.0,0,0,0,none,0,none,0,0,0,no_alert_unknown,no_alert_not_final_benign,-1,dns,port
2025-07-19T23:02:27.497941+0700,103.195.142.74,118.98.44.20,6808,53,UDP,dns,,1012743084942713,wire/pcap,0,0,0,0,0,0.0,0,0,0,none,0,none,0,0,0,no_alert_unknown,no_alert_not_final_benign,-1,dns,port
2025-07-19T23:02:27.500069+0700,103.195.142.74,118.98.44.20,41611,53,UDP,dns,,1021882438408465,wire/pcap,0,0,0,0,0,0.0,0,0,0,none,0,none,0,0,0,no_alert_unknown,no_alert_not_final_benign,-1,dns,port
2025-07-19T23:02:27.501610+0700,103.195.142.74,118.98.44.100,17970,53,UDP,dns,,1028502525320588,wire/pcap,0,0,0,0,0,0.0,0,0,0,none,0,none,0,0,0,no_alert_unknown,no_alert_not_final_benign,-1,dns,port
2025-07-19T23:02:27.521815+0700,103.195.142.74,202.134.0.155,2891,53,UDP,dns,,1115282034983612,wire/pcap,0,0,0,0,0,0.0,0,0,0,none,0,none,0,0,0,no_alert_unknown,no_alert_not_final_benign,-1,dns,port
2025-07-19T23:02:27.526763+0700,103.195.142.74,118.98.44.20,19572,53,UDP,dns,,855055384029378,wire/pcap,0,0,0,0,0,0.0,0,0,0,none,0,none,0,0,0,no_alert_unknown,no_alert_not_final_benign,-1,dns,port
2025-07-19T23:02:27.526830+0700,103.195.142.74,118.98.44.50,21289,53,UDP,dns,,855345598605776,wire/pcap,0,0,0,0,0,0.0,0,0,0,none,0,none,0,0,0,no_alert_unknown,no_alert_not_final_benign,-1,dns,port
2025-07-19T23:02:27.527113+0700,103.195.142.75,8.8.8.8,44618,53,UDP,dns,,856561679570178,wire/pcap,0,0,0,0,0,0.0,0,0,0,none,0,none,0,0,0,no_alert_unknown,no_alert_not_final_benign,-1,dns,port
2025-07-19T23:02:27.544602+0700,103.195.142.74,202.134.0.155,57998,53,UDP,dns,,931676480568100,wire/pcap,0,0,0,0,0,0.0,0,0,0,none,0,none,0,0,0,no_alert_unknown,no_alert_not_final_benign,-1,dns,port
2025-07-19T23:02:27.547494+0700,103.195.142.2,192.178.116.22,53,64186,UDP,flow,failed,1259383876086096,,1,1,0,160,0,0.0,1,160,0,none,0,none,0,0,0,no_alert_unknown,no_alert_not_final_benign,-1,dns,port
2025-07-19T23:02:27.558966+0700,103.195.142.74,118.98.44.100,7924,53,UDP,dns,,993368444676814,wire/pcap,0,0,0,0,0,0.0,0,0,0,none,0,none,0,0,0,no_alert_unknown,no_alert_not_final_benign,-1,dns,port
2025-07-19T23:02:27.566533+0700,103.195.142.74,118.98.44.20,64383,53,UDP,dns,,1025869735773240,wire/pcap,0,0,0,0,0,0.0,0,0,0,none,0,none,0,0,0,no_alert_unknown,no_alert_not_final_benign,-1,dns,port
2025-07-19T23:02:27.566721+0700,103.195.142.74,118.98.44.100,26160,53,UDP,dns,,1026677351295801,wire/pcap,0,0,0,0,0,0.0,0,0,0,none,0,none,0,0,0,no_alert_unknown,no_alert_not_final_benign,-1,dns,port
2025-07-19T23:02:27.590665+0700,103.195.142.74,202.134.0.155,58911,53,UDP,dns,,848040607167772,wire/pcap,0,0,0,0,0,0.0,0,0,0,none,0,none,0,0,0,no_alert_unknown,no_alert_not_final_benign,-1,dns,port
2025-07-19T23:02:27.590806+0700,103.195.142.74,118.98.44.50,13048,53,UDP,dns,,848646367046828,wire/pcap,0,0,0,0,0,0.0,0,0,0,none,0,none,0,0,0,no_alert_unknown,no_alert_not_final_benign,-1,dns,port
2025-07-19T23:02:27.595231+0700,103.195.142.74,118.98.44.100,8778,53,UDP,dns,,867651347614142,wire/pcap,0,0,0,0,0,0.0,0,0,0,none,0,none,0,0,0,no_alert_unknown,no_alert_not_final_benign,-1,dns,port
2025-07-19T23:02:27.613677+0700,103.195.142.74,118.98.44.100,21016,53,UDP,dns,,946873439647276,wire/pcap,0,0,0,0,0,0.0,0,0,0,none,0,none,0,0,0,no_alert_unknown,no_alert_not_final_benign,-1,dns,port
2025-07-19T23:02:27.625830+0700,103.195.142.74,118.98.44.50,2461,53,UDP,dns,,999072892945579,wire/pcap,0,0,0,0,0,0.0,0,0,0,none,0,none,0,0,0,no_alert_unknown,no_alert_not_final_benign,-1,dns,port
2025-07-19T23:02:27.627458+0700,103.195.142.74,118.98.44.20,56872,53,UDP,dns,,1006064502791168,wire/pcap,0,0,0,0,0,0.0,0,0,0,none,0,none,0,0,0,no_alert_unknown,no_alert_not_final_benign,-1,dns,port
2025-07-19T23:02:27.627985+0700,103.195.142.74,118.98.44.100,43201,53,UDP,dns,,1008326389388919,wire/pcap,0,0,0,0,0,0.0,0,0,0,none,0,none,0,0,0,no_alert_unknown,no_alert_not_final_benign,-1,dns,port
2025-07-19T23:02:27.646630+0700,103.195.142.74,118.98.44.50,47485,53,UDP,dns,,1088407152831538,wire/pcap,0,0,0,0,0,0.0,0,0,0,none,0,none,0,0,0,no_alert_unknown,no_alert_not_final_benign,-1,dns,port
2025-07-19T23:02:27.651601+0700,103.195.142.75,8.8.8.8,58017,53,UDP,dns,,1109757699618384,wire/pcap,0,0,0,0,0,0.0,0,0,0,none,0,none,0,0,0,no_alert_unknown,no_alert_not_final_benign,-1,dns,port
2025-07-19T23:02:27.663285+0700,103.195.142.75,8.8.8.8,11553,53,UDP,dns,,878465301202065,wire/pcap,0,0,0,0,0,0.0,0,0,0,none,0,none,0,0,0,no_alert_unknown,no_alert_not_final_benign,-1,dns,port
2025-07-19T23:02:27.677243+0700,103.195.142.74,118.98.44.100,10306,53,UDP,dns,,938412019830928,wire/pcap,0,0,0,0,0,0.0,0,0,0,none,0,none,0,0,0,no_alert_unknown,no_alert_not_final_benign,-1,dns,port
2025-07-19T23:02:27.678065+0700,103.195.142.74,118.98.44.20,50516,53,UDP,dns,,941942433638386,wire/pcap,0,0,0,0,0,0.0,0,0,0,none,0,none,0,0,0,no_alert_unknown,no_alert_not_final_benign,-1,dns,port
2025-07-19T23:02:27.681012+0700,103.195.142.74,118.98.44.50,41630,53,UDP,dns,,954603548061857,wire/pcap,0,0,0,0,0,0.0,0,0,0,none,0,none,0,0,0,no_alert_unknown,no_alert_not_final_benign,-1,dns,port
2025-07-19T23:02:27.683543+0700,103.195.142.74,50.28.102.86,13678,53,UDP,dns,,965470826997402,wire/pcap,0,0,0,0,0,0.0,0,0,0,none,0,none,0,0,0,no_alert_unknown,no_alert_not_final_benign,-1,dns,port
2025-07-19T23:02:27.705039+0700,103.195.142.74,118.98.44.50,14108,53,UDP,dns,,1057794729883815,wire/pcap,0,0,0,0,0,0.0,0,0,0,none,0,none,0,0,0,no_alert_unknown,no_alert_not_final_benign,-1,dns,port
2025-07-19T23:02:27.706517+0700,103.195.142.74,69.39.238.36,47506,53,UDP,dns,,1064145117544388,wire/pcap,0,0,0,0,0,0.0,0,0,0,none,0,none,0,0,0,no_alert_unknown,no_alert_not_final_benign,-1,dns,port
2025-07-19T23:02:27.710841+0700,103.195.142.196,87.98.154.119,53,1285,UDP,flow,failed,990099079296750,,1,1,0,1437,0,0.0,1,1437,0,none,0,none,0,0,0,no_alert_unknown,no_alert_not_final_benign,-1,dns,port
2025-07-19T23:02:27.737961+0700,103.195.142.74,202.134.0.155,9491,53,UDP,dns,,917722651877225,wire/pcap,0,0,0,0,0,0.0,0,0,0,none,0,none,0,0,0,no_alert_unknown,no_alert_not_final_benign,-1,dns,port
2025-07-19T23:02:27.738078+0700,103.195.142.74,118.98.44.20,1562,53,UDP,dns,,918224804872980,wire/pcap,0,0,0,0,0,0.0,0,0,0,none,0,none,0,0,0,no_alert_unknown,no_alert_not_final_benign,-1,dns,port
2025-07-19T23:02:27.746544+0700,103.195.142.74,118.98.44.50,30384,53,UDP,dns,,954585544734890,wire/pcap,0,0,0,0,0,0.0,0,0,0,none,0,none,0,0,0,no_alert_unknown,no_alert_not_final_benign,-1,dns,port
2025-07-19T23:02:27.747943+0700,103.195.142.75,8.8.8.8,54005,53,UDP,dns,,960592004265363,wire/pcap,0,0,0,0,0,0.0,0,0,0,none,0,none,0,0,0,no_alert_unknown,no_alert_not_final_benign,-1,dns,port
2025-07-19T23:02:27.750750+0700,103.195.142.74,202.134.0.155,25724,53,UDP,dns,,972647370451054,wire/pcap,0,0,0,0,0,0.0,0,0,0,none,0,none,0,0,0,no_alert_unknown,no_alert_not_final_benign,-1,dns,port
2025-07-19T23:02:27.790064+0700,103.195.142.75,45.79.197.241,63074,53,UDP,dns,,860025896593218,wire/pcap,0,0,0,0,0,0.0,0,0,0,none,0,none,0,0,0,no_alert_unknown,no_alert_not_final_benign,-1,dns,port
2025-07-19T23:02:27.812159+0700,103.195.142.74,118.98.44.20,26229,53,UDP,dns,,954925541772263,wire/pcap,0,0,0,0,0,0.0,0,0,0,none,0,none,0,0,0,no_alert_unknown,no_alert_not_final_benign,-1,dns,port
2025-07-19T23:02:27.823868+0700,103.195.142.75,45.79.197.241,25263,53,UDP,dns,,1005213037735574,wire/pcap,0,0,0,0,0,0.0,0,0,0,none,0,none,0,0,0,no_alert_unknown,no_alert_not_final_benign,-1,dns,port
2025-07-19T23:02:27.828543+0700,103.195.142.74,118.98.44.20,25433,53,UDP,dns,,1025292039412552,wire/pcap,0,0,0,0,0,0.0,0,0,0,none,0,none,0,0,0,no_alert_unknown,no_alert_not_final_benign,-1,dns,port
2025-07-19T23:02:27.852106+0700,103.195.142.74,202.134.0.155,9886,53,UDP,dns,,845018660046017,wire/pcap,0,0,0,0,0,0.0,0,0,0,none,0,none,0,0,0,no_alert_unknown,no_alert_not_final_benign,-1,dns,port
2025-07-19T23:02:27.876207+0700,103.195.142.75,8.8.8.8,31951,53,UDP,dns,,948533480832903,wire/pcap,0,0,0,0,0,0.0,0,0,0,none,0,none,0,0,0,no_alert_unknown,no_alert_not_final_benign,-1,dns,port
2025-07-19T23:02:27.876346+0700,103.195.142.75,8.8.8.8,15579,53,UDP,dns,,949130212599676,wire/pcap,0,0,0,0,0,0.0,0,0,0,none,0,none,0,0,0,no_alert_unknown,no_alert_not_final_benign,-1,dns,port
2025-07-19T23:02:27.884287+0700,103.195.142.74,118.98.44.100,38753,53,UDP,dns,,983234272553066,wire/pcap,0,0,0,0,0,0.0,0,0,0,none,0,none,0,0,0,no_alert_unknown,no_alert_not_final_benign,-1,dns,port
2025-07-19T23:02:27.903372+0700,103.195.142.74,202.134.0.155,7663,53,UDP,dns,,1065204689779481,wire/pcap,0,0,0,0,0,0.0,0,0,0,none,0,none,0,0,0,no_alert_unknown,no_alert_not_final_benign,-1,dns,port
2025-07-19T23:02:27.910383+0700,103.195.142.195,87.98.154.119,53,41825,UDP,flow,failed,1388310272209761,,1,1,0,1437,0,0.0,1,1437,0,none,0,none,0,0,0,no_alert_unknown,no_alert_not_final_benign,-1,dns,port
2025-07-19T23:02:27.913918+0700,103.195.142.74,118.98.44.50,33332,53,UDP,dns,,1110501435841225,wire/pcap,0,0,0,0,0,0.0,0,0,0,none,0,none,0,0,0,no_alert_unknown,no_alert_not_final_benign,-1,dns,port
2025-07-19T23:02:27.915210+0700,103.195.142.108,8.8.8.8,1900,53,UDP,dns,,1216074754602613,wire/pcap,0,0,0,0,0,0.0,0,0,0,none,0,none,0,0,0,no_alert_unknown,no_alert_not_final_benign,-1,dns,port
2025-07-19T23:02:27.916282+0700,103.195.142.75,8.8.8.8,55338,53,UDP,dns,,1120654140617641,wire/pcap,0,0,0,0,0,0.0,0,0,0,none,0,none,0,0,0,no_alert_unknown,no_alert_not_final_benign,-1,dns,port
2025-07-19T23:02:27.925691+0700,103.195.142.195,87.98.154.119,53,35959,UDP,flow,failed,1356676050861077,,1,1,0,1437,0,0.0,1,1437,0,none,0,none,0,0,0,no_alert_unknown,no_alert_not_final_benign,-1,dns,port
2025-07-19T23:02:27.940569+0700,103.195.142.195,87.98.154.119,53,46555,UDP,flow,failed,966679626516349,,1,1,0,1437,0,0.0,1,1437,0,none,0,none,0,0,0,no_alert_unknown,no_alert_not_final_benign,-1,dns,port
2025-07-19T23:02:27.953988+0700,103.195.142.74,118.98.44.100,16714,53,UDP,dns,,1001125968010326,wire/pcap,0,0,0,0,0,0.0,0,0,0,none,0,none,0,0,0,no_alert_unknown,no_alert_not_final_benign,-1,dns,port
2025-07-19T23:02:27.972861+0700,103.195.142.74,118.98.44.100,41195,53,UDP,dns,,1082181717971760,wire/pcap,0,0,0,0,0,0.0,0,0,0,none,0,none,0,0,0,no_alert_unknown,no_alert_not_final_benign,-1,dns,port
2025-07-19T23:02:28.002420+0700,103.195.142.76,87.98.154.119,53,4902,UDP,flow,failed,1521996759828256,,1,1,0,1469,0,0.0,1,1469,0,none,0,none,0,0,0,no_alert_unknown,no_alert_not_final_benign,-1,dns,port
2025-07-19T23:02:28.007203+0700,103.195.142.74,118.98.44.50,46730,53,UDP,dns,,1156837409956450,wire/pcap,0,0,0,0,0,0.0,0,0,0,none,0,none,0,0,0,no_alert_unknown,no_alert_not_final_benign,-1,dns,port
2025-07-19T23:02:28.011325+0700,103.195.142.74,202.134.0.155,55766,53,UDP,dns,,1174543679219263,wire/pcap,0,0,0,0,0,0.0,0,0,0,none,0,none,0,0,0,no_alert_unknown,no_alert_not_final_benign,-1,dns,port
2025-07-19T23:02:28.023905+0700,103.195.142.74,118.98.44.50,52236,53,UDP,dns,,1228574319696418,wire/pcap,0,0,0,0,0,0.0,0,0,0,none,0,none,0,0,0,no_alert_unknown,no_alert_not_final_benign,-1,dns,port
2025-07-19T23:02:28.024768+0700,103.195.142.109,8.8.8.8,2580,53,UDP,dns,,1232277931197443,wire/pcap,0,0,0,0,0,0.0,0,0,0,none,0,none,0,0,0,no_alert_unknown,no_alert_not_final_benign,-1,dns,port
2025-07-19T23:02:28.036516+0700,103.195.142.74,118.98.44.50,49166,53,UDP,dns,,1282737484331028,wire/pcap,0,0,0,0,0,0.0,0,0,0,none,0,none,0,0,0,no_alert_unknown,no_alert_not_final_benign,-1,dns,port
2025-07-19T23:02:28.036632+0700,103.195.142.74,202.134.0.155,29587,53,UDP,dns,,1283234957658595,wire/pcap,0,0,0,0,0,0.0,0,0,0,none,0,none,0,0,0,no_alert_unknown,no_alert_not_final_benign,-1,dns,port
2025-07-19T23:02:28.071789+0700,103.195.142.74,118.98.44.50,14651,53,UDP,dns,,1152757376638749,wire/pcap,0,0,0,0,0,0.0,0,0,0,none,0,none,0,0,0,no_alert_unknown,no_alert_not_final_benign,-1,dns,port
2025-07-19T23:02:28.086534+0700,103.195.142.74,118.98.44.20,52699,53,UDP,dns,,1216089704784805,wire/pcap,0,0,0,0,0,0.0,0,0,0,none,0,none,0,0,0,no_alert_unknown,no_alert_not_final_benign,-1,dns,port
2025-07-19T23:02:28.086740+0700,103.195.142.74,118.98.44.100,12792,53,UDP,dns,,1216974351802417,wire/pcap,0,0,0,0,0,0.0,0,0,0,none,0,none,0,0,0,no_alert_unknown,no_alert_not_final_benign,-1,dns,port
2025-07-19T23:02:28.092111+0700,103.195.142.74,118.98.44.100,3769,53,UDP,dns,,1240039676932728,wire/pcap,0,0,0,0,0,0.0,0,0,0,none,0,none,0,0,0,no_alert_unknown,no_alert_not_final_benign,-1,dns,port
2025-07-19T23:02:28.119348+0700,103.195.142.75,8.8.8.8,60294,53,UDP,dns,,1357021535339058,wire/pcap,0,0,0,0,0,0.0,0,0,0,none,0,none,0,0,0,no_alert_unknown,no_alert_not_final_benign,-1,dns,port
2025-07-19T23:02:28.119511+0700,103.195.142.75,8.8.8.8,61575,53,UDP,dns,,1357724563389101,wire/pcap,0,0,0,0,0,0.0,0,0,0,none,0,none,0,0,0,no_alert_unknown,no_alert_not_final_benign,-1,dns,port
2025-07-19T23:02:28.119606+0700,103.195.142.74,118.98.44.100,38667,53,UDP,dns,,1358129728100170,wire/pcap,0,0,0,0,0,0.0,0,0,0,none,0,none,0,0,0,no_alert_unknown,no_alert_not_final_benign,-1,dns,port
2025-07-19T23:02:28.119628+0700,103.195.142.74,202.134.0.155,42890,53,UDP,dns,,1358224691052492,wire/pcap,0,0,0,0,0,0.0,0,0,0,none,0,none,0,0,0,no_alert_unknown,no_alert_not_final_benign,-1,dns,port
2025-07-19T23:02:28.138247+0700,103.195.142.75,8.8.8.8,23677,53,UDP,dns,,1156720012718462,wire/pcap,0,0,0,0,0,0.0,0,0,0,none,0,none,0,0,0,no_alert_unknown,no_alert_not_final_benign,-1,dns,port
2025-07-19T23:02:28.145409+0700,103.195.142.74,118.98.44.20,27359,53,UDP,dns,,1187478631381855,wire/pcap,0,0,0,0,0,0.0,0,0,0,none,0,none,0,0,0,no_alert_unknown,no_alert_not_final_benign,-1,dns,port
2025-07-19T23:02:28.171613+0700,103.195.142.74,202.134.0.155,38996,53,UDP,dns,,1300022406429437,wire/pcap,0,0,0,0,0,0.0,0,0,0,none,0,none,0,0,0,no_alert_unknown,no_alert_not_final_benign,-1,dns,port
2025-07-19T23:02:28.207252+0700,103.195.142.74,202.134.0.155,33152,53,UDP,dns,,1171616685174802,wire/pcap,0,0,0,0,0,0.0,0,0,0,none,0,none,0,0,0,no_alert_unknown,no_alert_not_final_benign,-1,dns,port
2025-07-19T23:02:28.209569+0700,103.195.142.75,8.8.8.8,49401,53,UDP,dns,,1181570427369485,wire/pcap,0,0,0,0,0,0.0,0,0,0,none,0,none,0,0,0,no_alert_unknown,no_alert_not_final_benign,-1,dns,port
2025-07-19T23:02:28.242651+0700,103.195.142.75,8.8.8.8,25682,53,UDP,dns,,1323655901662931,wire/pcap,0,0,0,0,0,0.0,0,0,0,none,0,none,0,0,0,no_alert_unknown,no_alert_not_final_benign,-1,dns,port
2025-07-19T23:02:28.242770+0700,103.195.142.74,118.98.44.100,25794,53,UDP,dns,,1324168393008540,wire/pcap,0,0,0,0,0,0.0,0,0,0,none,0,none,0,0,0,no_alert_unknown,no_alert_not_final_benign,-1,dns,port
2025-07-19T23:02:28.296815+0700,103.195.142.74,118.98.44.50,8529,53,UDP,dns,,1274812282498770,wire/pcap,0,0,0,0,0,0.0,0,0,0,none,0,none,0,0,0,no_alert_unknown,no_alert_not_final_benign,-1,dns,port
2025-07-19T23:02:28.303120+0700,103.195.142.74,118.98.44.50,52183,53,UDP,dns,,1301890654208723,wire/pcap,0,0,0,0,0,0.0,0,0,0,none,0,none,0,0,0,no_alert_unknown,no_alert_not_final_benign,-1,dns,port
2025-07-19T23:02:28.342905+0700,103.195.142.75,45.79.197.241,28442,53,UDP,dns,,1191293419720394,wire/pcap,0,0,0,0,0,0.0,0,0,0,none,0,none,0,0,0,no_alert_unknown,no_alert_not_final_benign,-1,dns,port
2025-07-19T23:02:28.347515+0700,103.195.142.74,118.98.44.100,29024,53,UDP,dns,,1211094323405746,wire/pcap,0,0,0,0,0,0.0,0,0,0,none,0,none,0,0,0,no_alert_unknown,no_alert_not_final_benign,-1,dns,port
2025-07-19T23:02:28.352236+0700,103.195.142.74,118.98.44.50,23846,53,UDP,dns,,1231369288032979,wire/pcap,0,0,0,0,0,0.0,0,0,0,none,0,none,0,0,0,no_alert_unknown,no_alert_not_final_benign,-1,dns,port
2025-07-19T23:02:28.355472+0700,103.195.142.74,118.98.44.50,13393,53,UDP,dns,,1245269824359748,wire/pcap,0,0,0,0,0,0.0,0,0,0,none,0,none,0,0,0,no_alert_unknown,no_alert_not_final_benign,-1,dns,port
2025-07-19T23:02:28.386411+0700,103.195.142.75,8.8.8.8,10359,53,UDP,flow,dns,1485883517165448,,1,1,0,202,0,0.0,1,202,0,none,0,none,0,0,0,no_alert_unknown,no_alert_not_final_benign,-1,dns,app_proto+port
2025-07-19T23:02:28.387123+0700,103.195.142.74,118.98.44.50,36291,53,UDP,dns,,1381208174938677,wire/pcap,0,0,0,0,0,0.0,0,0,0,none,0,none,0,0,0,no_alert_unknown,no_alert_not_final_benign,-1,dns,port
2025-07-19T23:02:28.403222+0700,103.195.142.74,118.98.44.100,16517,53,UDP,dns,,1168875992924451,wire/pcap,0,0,0,0,0,0.0,0,0,0,none,0,none,0,0,0,no_alert_unknown,no_alert_not_final_benign,-1,dns,port
2025-07-19T23:02:28.404909+0700,103.195.142.74,118.98.44.20,32828,53,UDP,dns,,1176122448608344,wire/pcap,0,0,0,0,0,0.0,0,0,0,none,0,none,0,0,0,no_alert_unknown,no_alert_not_final_benign,-1,dns,port
2025-07-19T23:02:28.408091+0700,103.195.142.74,118.98.44.20,22533,53,UDP,flow,dns,1367718110062181,,1,1,0,83,0,0.0,1,83,0,none,0,none,0,0,0,no_alert_unknown,no_alert_not_final_benign,-1,dns,app_proto+port
2025-07-19T23:02:28.408175+0700,103.195.142.74,118.98.44.50,56277,53,UDP,flow,dns,1037336678786846,,1,1,0,68,0,0.0,1,68,0,none,0,none,0,0,0,no_alert_unknown,no_alert_not_final_benign,-1,dns,app_proto+port
2025-07-19T23:02:28.408271+0700,103.195.142.83,87.98.154.119,53,11847,UDP,flow,failed,862073787148113,,1,1,0,1190,0,0.0,1,1190,0,none,0,none,0,0,0,no_alert_unknown,no_alert_not_final_benign,-1,dns,port
2025-07-19T23:02:28.408340+0700,103.195.142.165,87.98.154.119,53,5579,UDP,flow,failed,1294522770089832,,1,1,0,1437,0,0.0,1,1437,0,none,0,none,0,0,0,no_alert_unknown,no_alert_not_final_benign,-1,dns,port
2025-07-19T23:02:28.408387+0700,103.195.142.76,87.98.154.119,53,23069,UDP,flow,failed,927546509125572,,1,1,0,1469,0,0.0,1,1469,0,none,0,none,0,0,0,no_alert_unknown,no_alert_not_final_benign,-1,dns,port
2025-07-19T23:02:28.408512+0700,103.195.142.75,8.8.8.8,43760,53,UDP,flow,dns,900126107854997,,1,1,0,223,0,0.0,1,223,0,none,0,none,0,0,0,no_alert_unknown,no_alert_not_final_benign,-1,dns,app_proto+port
2025-07-19T23:02:28.408532+0700,103.195.142.195,87.98.154.119,53,18556,UDP,flow,failed,975775517730968,,1,1,0,1437,0,0.0,1,1437,0,none,0,none,0,0,0,no_alert_unknown,no_alert_not_final_benign,-1,dns,port
2025-07-19T23:02:28.408556+0700,103.195.142.46,87.98.154.117,53,60653,UDP,flow,failed,1231207878453572,,1,1,0,1437,0,0.0,1,1437,0,none,0,none,0,0,0,no_alert_unknown,no_alert_not_final_benign,-1,dns,port
2025-07-19T23:02:28.408600+0700,103.195.142.195,87.98.154.232,53,19056,UDP,flow,failed,760787250407826,,1,1,0,1437,0,0.0,1,1437,0,none,0,none,0,0,0,no_alert_unknown,no_alert_not_final_benign,-1,dns,port
2025-07-19T23:02:28.408791+0700,103.195.142.74,118.98.44.20,49639,53,UDP,flow,dns,700093465127915,,1,1,0,184,0,0.0,1,184,0,none,0,none,0,0,0,no_alert_unknown,no_alert_not_final_benign,-1,dns,app_proto+port
2025-07-19T23:02:28.408811+0700,103.195.142.74,118.98.44.20,32076,53,UDP,flow,dns,906328698874884,,1,1,0,184,0,0.0,1,184,0,none,0,none,0,0,0,no_alert_unknown,no_alert_not_final_benign,-1,dns,app_proto+port
2025-07-19T23:02:28.408881+0700,103.195.142.165,87.98.154.61,53,45070,UDP,flow,failed,1232604336057424,,1,1,0,1437,0,0.0,1,1437,0,none,0,none,0,0,0,no_alert_unknown,no_alert_not_final_benign,-1,dns,port
2025-07-19T23:02:28.408974+0700,103.195.142.195,87.98.154.60,53,38205,UDP,flow,failed,1363478002887827,,1,1,0,1437,0,0.0,1,1437,0,none,0,none,0,0,0,no_alert_unknown,no_alert_not_final_benign,-1,dns,port
2025-07-19T23:02:28.408997+0700,103.195.142.74,118.98.44.20,30609,53,UDP,flow,dns,577434087943342,,1,1,0,117,0,0.0,1,117,0,none,0,none,0,0,0,no_alert_unknown,no_alert_not_final_benign,-1,dns,app_proto+port
2025-07-19T23:02:28.409017+0700,103.195.142.74,118.98.44.50,6354,53,UDP,flow,dns,663085147581616,,1,1,0,88,0,0.0,1,88,0,none,0,none,0,0,0,no_alert_unknown,no_alert_not_final_benign,-1,dns,app_proto+port
2025-07-19T23:02:28.409037+0700,103.195.142.83,87.98.154.130,53,42567,UDP,flow,failed,1075311759879441,,1,1,0,1190,0,0.0,1,1190,0,none,0,none,0,0,0,no_alert_unknown,no_alert_not_final_benign,-1,dns,port
2025-07-19T23:02:28.409056+0700,103.195.142.76,87.98.154.162,53,51076,UDP,flow,failed,1237193501994294,,1,1,0,1469,0,0.0,1,1469,0,none,0,none,0,0,0,no_alert_unknown,no_alert_not_final_benign,-1,dns,port
2025-07-19T23:02:28.409165+0700,103.195.142.165,87.98.154.119,53,18743,UDP,flow,failed,1216606001983082,,1,1,0,1437,0,0.0,1,1437,0,none,0,none,0,0,0,no_alert_unknown,no_alert_not_final_benign,-1,dns,port
2025-07-19T23:02:28.409198+0700,103.195.142.2,206.126.112.186,53,38746,UDP,flow,failed,995911019294390,,1,1,0,135,0,0.0,1,135,0,none,0,none,0,0,0,no_alert_unknown,no_alert_not_final_benign,-1,dns,port
2025-07-19T23:02:28.409217+0700,103.195.142.74,118.98.44.100,30725,53,UDP,flow,dns,1294544879251127,,1,1,0,204,0,0.0,1,204,0,none,0,none,0,0,0,no_alert_unknown,no_alert_not_final_benign,-1,dns,app_proto+port
2025-07-19T23:02:28.409242+0700,103.195.142.74,118.98.44.100,36654,53,UDP,flow,dns,1277728294399698,,1,1,0,75,0,0.0,1,75,0,none,0,none,0,0,0,no_alert_unknown,no_alert_not_final_benign,-1,dns,app_proto+port
2025-07-19T23:02:28.409262+0700,103.195.142.74,202.134.0.155,51017,53,UDP,flow,dns,704777552555799,,1,1,0,68,0,0.0,1,68,0,none,0,none,0,0,0,no_alert_unknown,no_alert_not_final_benign,-1,dns,app_proto+port
2025-07-19T23:02:28.409282+0700,103.195.142.76,87.98.154.94,53,4153,UDP,flow,failed,1252327584722887,,1,1,0,1469,0,0.0,1,1469,0,none,0,none,0,0,0,no_alert_unknown,no_alert_not_final_benign,-1,dns,port
2025-07-19T23:02:28.409301+0700,103.195.142.74,118.98.44.20,63640,53,UDP,flow,dns,1194095418896475,,1,1,0,214,0,0.0,1,214,0,none,0,none,0,0,0,no_alert_unknown,no_alert_not_final_benign,-1,dns,app_proto+port
2025-07-19T23:02:28.409343+0700,103.195.142.74,202.134.0.155,58163,53,UDP,flow,dns,1218447682466061,,1,1,0,111,0,0.0,1,111,0,none,0,none,0,0,0,no_alert_unknown,no_alert_not_final_benign,-1,dns,app_proto+port
2025-07-19T23:02:28.409363+0700,103.195.142.75,8.8.8.8,10002,53,UDP,flow,dns,712084429369637,,1,1,0,78,0,0.0,1,78,0,none,0,none,0,0,0,no_alert_unknown,no_alert_not_final_benign,-1,dns,app_proto+port
2025-07-19T23:02:28.409407+0700,103.195.142.74,202.134.0.155,7441,53,UDP,flow,dns,634010919334253,,1,1,0,110,0,0.0,1,110,0,none,0,none,0,0,0,no_alert_unknown,no_alert_not_final_benign,-1,dns,app_proto+port
2025-07-19T23:02:28.409427+0700,103.195.142.46,87.98.154.131,53,10541,UDP,flow,failed,985254671774073,,1,1,0,1437,0,0.0,1,1437,0,none,0,none,0,0,0,no_alert_unknown,no_alert_not_final_benign,-1,dns,port
2025-07-19T23:02:28.409446+0700,103.195.142.196,87.98.154.197,53,37965,UDP,flow,failed,1312857110376839,,1,1,0,1437,0,0.0,1,1437,0,none,0,none,0,0,0,no_alert_unknown,no_alert_not_final_benign,-1,dns,port
2025-07-19T23:02:28.409509+0700,103.195.142.165,87.98.154.118,53,45007,UDP,flow,failed,715807742980553,,1,1,0,1437,0,0.0,1,1437,0,none,0,none,0,0,0,no_alert_unknown,no_alert_not_final_benign,-1,dns,port
2025-07-19T23:02:28.409604+0700,103.195.142.165,87.98.154.173,53,22244,UDP,flow,failed,923920874435018,,1,1,0,1437,0,0.0,1,1437,0,none,0,none,0,0,0,no_alert_unknown,no_alert_not_final_benign,-1,dns,port
2025-07-19T23:02:28.409648+0700,103.195.142.76,87.98.154.119,53,18106,UDP,flow,failed,1145127629058662,,1,1,0,1469,0,0.0,1,1469,0,none,0,none,0,0,0,no_alert_unknown,no_alert_not_final_benign,-1,dns,port
2025-07-19T23:02:28.409675+0700,103.195.142.165,87.98.154.201,53,62315,UDP,flow,failed,686408408199839,,1,1,0,1437,0,0.0,1,1437,0,none,0,none,0,0,0,no_alert_unknown,no_alert_not_final_benign,-1,dns,port
2025-07-19T23:02:28.409694+0700,103.195.142.195,87.98.154.117,53,5689,UDP,flow,failed,830709427696315,,1,1,0,1437,0,0.0,1,1437,0,none,0,none,0,0,0,no_alert_unknown,no_alert_not_final_benign,-1,dns,port
2025-07-19T23:02:28.409713+0700,103.195.142.76,87.98.154.162,53,10902,UDP,flow,failed,1174204832510730,,1,1,0,1469,0,0.0,1,1469,0,none,0,none,0,0,0,no_alert_unknown,no_alert_not_final_benign,-1,dns,port
2025-07-19T23:02:28.409750+0700,103.195.142.75,8.8.8.8,52956,53,UDP,flow,dns,658594676044706,,1,1,0,88,0,0.0,1,88,0,none,0,none,0,0,0,no_alert_unknown,no_alert_not_final_benign,-1,dns,app_proto+port
2025-07-19T23:02:28.409855+0700,103.195.142.74,118.98.44.20,15754,53,UDP,flow,dns,1396714767676365,,1,1,0,184,0,0.0,1,184,0,none,0,none,0,0,0,no_alert_unknown,no_alert_not_final_benign,-1,dns,app_proto+port
2025-07-19T23:02:28.409903+0700,103.195.142.75,8.8.8.8,23150,53,UDP,flow,dns,632451791287348,,1,1,0,75,0,0.0,1,75,0,none,0,none,0,0,0,no_alert_unknown,no_alert_not_final_benign,-1,dns,app_proto+port
2025-07-19T23:02:28.409947+0700,103.195.142.165,87.98.154.233,53,27037,UDP,flow,failed,657341061494029,,1,1,0,1437,0,0.0,1,1437,0,none,0,none,0,0,0,no_alert_unknown,no_alert_not_final_benign,-1,dns,port
2025-07-19T23:02:28.409998+0700,103.195.142.83,87.98.154.118,53,21934,UDP,flow,failed,884934290732420,,1,1,0,1190,0,0.0,1,1190,0,none,0,none,0,0,0,no_alert_unknown,no_alert_not_final_benign,-1,dns,port
2025-07-19T23:02:28.410089+0700,103.195.142.74,118.98.44.100,10636,53,UDP,flow,dns,1158746595030583,,1,1,0,85,0,0.0,1,85,0,none,0,none,0,0,0,no_alert_unknown,no_alert_not_final_benign,-1,dns,app_proto+port
2025-07-19T23:02:28.410149+0700,103.195.142.196,87.98.154.119,53,57423,UDP,flow,failed,870337224472248,,1,1,0,1437,0,0.0,1,1437,0,none,0,none,0,0,0,no_alert_unknown,no_alert_not_final_benign,-1,dns,port
2025-07-19T23:02:28.410222+0700,103.195.142.76,87.98.154.119,53,24786,UDP,flow,failed,915483639183080,,1,1,0,1469,0,0.0,1,1469,0,none,0,none,0,0,0,no_alert_unknown,no_alert_not_final_benign,-1,dns,port
2025-07-19T23:02:28.410330+0700,103.195.142.74,202.134.0.155,38209,53,UDP,flow,dns,630414671378455,,1,1,0,80,0,0.0,1,80,0,none,0,none,0,0,0,no_alert_unknown,no_alert_not_final_benign,-1,dns,app_proto+port
2025-07-19T23:02:28.410487+0700,103.195.142.76,87.98.154.119,53,17530,UDP,flow,failed,1102341243500862,,1,1,0,1469,0,0.0,1,1469,0,none,0,none,0,0,0,no_alert_unknown,no_alert_not_final_benign,-1,dns,port
2025-07-19T23:02:28.410769+0700,103.195.142.46,87.98.154.118,53,9547,UDP,flow,failed,643609986431796,,1,1,0,1437,0,0.0,1,1437,0,none,0,none,0,0,0,no_alert_unknown,no_alert_not_final_benign,-1,dns,port
2025-07-19T23:02:28.410924+0700,103.195.142.196,87.98.154.25,53,6377,UDP,flow,failed,1315171279010817,,1,1,0,1437,0,0.0,1,1437,0,none,0,none,0,0,0,no_alert_unknown,no_alert_not_final_benign,-1,dns,port
2025-07-19T23:02:28.410960+0700,103.195.142.195,87.98.154.119,53,61298,UDP,flow,failed,1278287326248022,,1,1,0,1437,0,0.0,1,1437,0,none,0,none,0,0,0,no_alert_unknown,no_alert_not_final_benign,-1,dns,port
2025-07-19T23:02:28.411003+0700,103.195.142.75,8.8.8.8,27062,53,UDP,flow,dns,1401416258321598,,1,1,0,68,0,0.0,1,68,0,none,0,none,0,0,0,no_alert_unknown,no_alert_not_final_benign,-1,dns,app_proto+port
2025-07-19T23:02:28.411200+0700,103.195.142.109,87.98.154.161,53,28606,UDP,flow,failed,1403609470893511,,1,1,0,1437,0,0.0,1,1437,0,none,0,none,0,0,0,no_alert_unknown,no_alert_not_final_benign,-1,dns,port
2025-07-19T23:02:28.411220+0700,103.195.142.83,87.98.154.119,53,5257,UDP,flow,failed,680986893778386,,1,1,0,1190,0,0.0,1,1190,0,none,0,none,0,0,0,no_alert_unknown,no_alert_not_final_benign,-1,dns,port
2025-07-19T23:02:28.411239+0700,103.195.142.74,118.98.44.100,50994,53,UDP,flow,dns,594829012991571,,1,1,0,184,0,0.0,1,184,0,none,0,none,0,0,0,no_alert_unknown,no_alert_not_final_benign,-1,dns,app_proto+port
2025-07-19T23:02:28.411312+0700,103.195.142.195,87.98.154.119,53,1679,UDP,flow,failed,1316338119507646,,1,1,0,1437,0,0.0,1,1437,0,none,0,none,0,0,0,no_alert_unknown,no_alert_not_final_benign,-1,dns,port
2025-07-19T23:02:28.411349+0700,103.195.142.74,118.98.44.20,10351,53,UDP,flow,dns,928283213201264,,1,1,0,214,0,0.0,1,214,0,none,0,none,0,0,0,no_alert_unknown,no_alert_not_final_benign,-1,dns,app_proto+port
2025-07-19T23:02:28.411369+0700,103.195.142.83,87.98.154.186,53,29525,UDP,flow,failed,1120287988875132,,1,1,0,1190,0,0.0,1,1190,0,none,0,none,0,0,0,no_alert_unknown,no_alert_not_final_benign,-1,dns,port
2025-07-19T23:02:28.411409+0700,103.195.142.196,87.98.154.253,53,7489,UDP,flow,failed,958925627621439,,1,1,0,1437,0,0.0,1,1437,0,none,0,none,0,0,0,no_alert_unknown,no_alert_not_final_benign,-1,dns,port
2025-07-19T23:02:28.411455+0700,103.195.142.74,118.98.44.20,16790,53,UDP,flow,dns,1395411087884442,,1,1,0,83,0,0.0,1,83,0,none,0,none,0,0,0,no_alert_unknown,no_alert_not_final_benign,-1,dns,app_proto+port
2025-07-19T23:02:28.411475+0700,103.195.142.3,180.250.120.197,53,52705,UDP,flow,failed,1132982302048566,,1,1,0,138,0,0.0,1,138,0,none,0,none,0,0,0,no_alert_unknown,no_alert_not_final_benign,-1,dns,port
2025-07-19T23:02:28.411494+0700,103.195.142.195,87.98.154.32,53,11592,UDP,flow,failed,1138835911770438,,1,1,0,1437,0,0.0,1,1437,0,none,0,none,0,0,0,no_alert_unknown,no_alert_not_final_benign,-1,dns,port
2025-07-19T23:02:28.411512+0700,103.195.142.75,8.8.8.8,39098,53,UDP,flow,dns,630885183816107,,1,1,0,80,0,0.0,1,80,0,none,0,none,0,0,0,no_alert_unknown,no_alert_not_final_benign,-1,dns,app_proto+port
2025-07-19T23:02:28.411533+0700,103.195.142.109,87.98.154.245,53,10005,UDP,flow,failed,724448061129136,,1,1,0,1437,0,0.0,1,1437,0,none,0,none,0,0,0,no_alert_unknown,no_alert_not_final_benign,-1,dns,port
2025-07-19T23:02:28.411551+0700,103.195.142.74,202.134.0.155,33088,53,UDP,flow,dns,1071338035249616,,1,1,0,87,0,0.0,1,87,0,none,0,none,0,0,0,no_alert_unknown,no_alert_not_final_benign,-1,dns,app_proto+port
2025-07-19T23:02:28.411571+0700,103.195.142.74,118.98.44.20,49129,53,UDP,flow,dns,563843221193301,,1,1,0,68,0,0.0,1,68,0,none,0,none,0,0,0,no_alert_unknown,no_alert_not_final_benign,-1,dns,app_proto+port
2025-07-19T23:02:28.411716+0700,103.195.142.75,8.8.8.8,47168,53,UDP,flow,dns,1159176668873667,,1,1,0,211,0,0.0,1,211,0,none,0,none,0,0,0,no_alert_unknown,no_alert_not_final_benign,-1,dns,app_proto+port
2025-07-19T23:02:28.411737+0700,103.195.142.72,8.8.8.8,5678,53,UDP,flow,dns,850997341094868,,1,2,0,200,0,0.0,2,200,0,none,0,none,0,0,0,no_alert_unknown,no_alert_not_final_benign,-1,dns,app_proto+port
2025-07-19T23:02:28.411780+0700,103.195.142.76,87.98.154.119,53,7277,UDP,flow,failed,574130004788257,,1,1,0,1469,0,0.0,1,1469,0,none,0,none,0,0,0,no_alert_unknown,no_alert_not_final_benign,-1,dns,port
2025-07-19T23:02:28.411798+0700,103.195.142.109,87.98.154.119,53,1626,UDP,flow,failed,600141693748306,,1,1,0,1437,0,0.0,1,1437,0,none,0,none,0,0,0,no_alert_unknown,no_alert_not_final_benign,-1,dns,port
2025-07-19T23:02:28.411817+0700,103.195.142.74,118.98.44.100,63778,53,UDP,flow,dns,750956372067434,,1,1,0,106,0,0.0,1,106,0,none,0,none,0,0,0,no_alert_unknown,no_alert_not_final_benign,-1,dns,app_proto+port
2025-07-19T23:02:28.411843+0700,103.195.142.3,206.126.112.186,53,34553,UDP,flow,failed,1006798463534257,,1,1,0,135,0,0.0,1,135,0,none,0,none,0,0,0,no_alert_unknown,no_alert_not_final_benign,-1,dns,port
2025-07-19T23:02:28.411862+0700,103.195.142.83,87.98.154.119,53,5538,UDP,flow,failed,1368646330385601,,1,1,0,1190,0,0.0,1,1190,0,none,0,none,0,0,0,no_alert_unknown,no_alert_not_final_benign,-1,dns,port
2025-07-19T23:02:28.411901+0700,103.195.142.195,87.98.154.119,53,16307,UDP,flow,failed,758393545983256,,1,1,0,1437,0,0.0,1,1437,0,none,0,none,0,0,0,no_alert_unknown,no_alert_not_final_benign,-1,dns,port
2025-07-19T23:02:28.411919+0700,103.195.142.196,87.98.154.117,53,41525,UDP,flow,failed,1264035638576584,,1,1,0,1437,0,0.0,1,1437,0,none,0,none,0,0,0,no_alert_unknown,no_alert_not_final_benign,-1,dns,port
2025-07-19T23:02:28.411937+0700,103.195.142.74,118.98.44.20,39049,53,UDP,flow,dns,742781032171019,,1,1,0,184,0,0.0,1,184,0,none,0,none,0,0,0,no_alert_unknown,no_alert_not_final_benign,-1,dns,app_proto+port
2025-07-19T23:02:28.411977+0700,103.195.142.75,208.74.121.116,20360,53,UDP,flow,dns,577271086483019,,1,1,0,88,0,0.0,1,88,0,none,0,none,0,0,0,no_alert_unknown,no_alert_not_final_benign,-1,dns,app_proto+port
2025-07-19T23:02:28.412002+0700,103.195.142.109,87.98.154.9,53,13040,UDP,flow,failed,1072671326439041,,1,1,0,1437,0,0.0,1,1437,0,none,0,none,0,0,0,no_alert_unknown,no_alert_not_final_benign,-1,dns,port
2025-07-19T23:02:28.412021+0700,103.195.142.83,87.98.154.18,53,57280,UDP,flow,failed,775598104020628,,1,1,0,1190,0,0.0,1,1190,0,none,0,none,0,0,0,no_alert_unknown,no_alert_not_final_benign,-1,dns,port
2025-07-19T23:02:28.412040+0700,103.195.142.75,8.8.8.8,8408,53,UDP,flow,dns,763607647946390,,1,1,0,94,0,0.0,1,94,0,none,0,none,0,0,0,no_alert_unknown,no_alert_not_final_benign,-1,dns,app_proto+port
2025-07-19T23:02:28.412059+0700,103.195.142.74,202.134.0.155,23601,53,UDP,flow,dns,1155963677149083,,1,1,0,68,0,0.0,1,68,0,none,0,none,0,0,0,no_alert_unknown,no_alert_not_final_benign,-1,dns,app_proto+port
2025-07-19T23:02:28.412080+0700,103.195.142.196,87.98.154.197,53,16198,UDP,flow,failed,1219324208252835,,1,1,0,1437,0,0.0,1,1437,0,none,0,none,0,0,0,no_alert_unknown,no_alert_not_final_benign,-1,dns,port
2025-07-19T23:02:28.412107+0700,103.195.142.74,202.134.0.155,16669,53,UDP,flow,dns,690016002345015,,1,1,0,91,0,0.0,1,91,0,none,0,none,0,0,0,no_alert_unknown,no_alert_not_final_benign,-1,dns,app_proto+port
2025-07-19T23:02:28.412233+0700,103.195.142.74,118.98.44.50,24832,53,UDP,flow,dns,1089711154956726,,1,1,0,86,0,0.0,1,86,0,none,0,none,0,0,0,no_alert_unknown,no_alert_not_final_benign,-1,dns,app_proto+port
2025-07-19T23:02:28.412252+0700,103.195.142.165,87.98.154.89,53,8415,UDP,flow,failed,936418409089497,,1,1,0,1437,0,0.0,1,1437,0,none,0,none,0,0,0,no_alert_unknown,no_alert_not_final_benign,-1,dns,port
2025-07-19T23:02:28.412273+0700,103.195.142.46,87.98.154.219,53,45746,UDP,flow,failed,1161297789815328,,1,1,0,1437,0,0.0,1,1437,0,none,0,none,0,0,0,no_alert_unknown,no_alert_not_final_benign,-1,dns,port
2025-07-19T23:02:28.412359+0700,103.195.142.75,8.8.8.8,50012,53,UDP,flow,dns,1042314928491134,,1,1,0,77,0,0.0,1,77,0,none,0,none,0,0,0,no_alert_unknown,no_alert_not_final_benign,-1,dns,app_proto+port
2025-07-19T23:02:28.412407+0700,103.195.142.74,202.134.0.155,23254,53,UDP,flow,dns,634723253848747,,1,1,0,71,0,0.0,1,71,0,none,0,none,0,0,0,no_alert_unknown,no_alert_not_final_benign,-1,dns,app_proto+port
2025-07-19T23:02:28.412427+0700,103.195.142.46,87.98.154.91,53,49329,UDP,flow,failed,620739139898060,,1,1,0,1437,0,0.0,1,1437,0,none,0,none,0,0,0,no_alert_unknown,no_alert_not_final_benign,-1,dns,port
2025-07-19T23:02:28.412484+0700,103.195.142.74,118.98.44.50,22076,53,UDP,flow,dns,1111180357503745,,1,1,0,74,0,0.0,1,74,0,none,0,none,0,0,0,no_alert_unknown,no_alert_not_final_benign,-1,dns,app_proto+port
2025-07-19T23:02:28.412534+0700,103.195.142.75,8.8.8.8,62978,53,UDP,flow,dns,815197383724060,,1,1,0,91,0,0.0,1,91,0,none,0,none,0,0,0,no_alert_unknown,no_alert_not_final_benign,-1,dns,app_proto+port
2025-07-19T23:02:28.412625+0700,103.195.142.74,118.98.44.20,42487,53,UDP,flow,dns,704274185686131,,1,1,0,79,0,0.0,1,79,0,none,0,none,0,0,0,no_alert_unknown,no_alert_not_final_benign,-1,dns,app_proto+port
2025-07-19T23:02:28.412650+0700,103.195.142.165,87.98.154.205,53,48075,UDP,flow,failed,812969176304820,,1,3,0,4311,0,10.0,3,4311,0,none,0,none,0,0,0,no_alert_unknown,no_alert_not_final_benign,-1,dns,port
2025-07-19T23:02:28.412669+0700,103.195.142.76,87.98.154.119,53,33472,UDP,flow,failed,1830200354376905,,1,2,0,2938,0,4.0,2,2938,0,none,0,none,0,0,0,no_alert_unknown,no_alert_not_final_benign,-1,dns,port
2025-07-19T23:02:28.412708+0700,103.195.142.83,87.98.154.102,53,23957,UDP,flow,failed,1002079304256764,,1,1,0,1190,0,0.0,1,1190,0,none,0,none,0,0,0,no_alert_unknown,no_alert_not_final_benign,-1,dns,port
2025-07-19T23:02:28.412749+0700,103.195.142.196,87.98.154.253,53,23637,UDP,flow,failed,1048289199689064,,1,1,0,1437,0,0.0,1,1437,0,none,0,none,0,0,0,no_alert_unknown,no_alert_not_final_benign,-1,dns,port
2025-07-19T23:02:28.412839+0700,103.195.142.46,87.98.154.119,53,39434,UDP,flow,failed,810543069171332,,1,1,0,1437,0,0.0,1,1437,0,none,0,none,0,0,0,no_alert_unknown,no_alert_not_final_benign,-1,dns,port
2025-07-19T23:02:28.412903+0700,103.195.142.195,87.98.154.119,53,16784,UDP,flow,failed,1342833547644724,,1,1,0,1437,0,0.0,1,1437,0,none,0,none,0,0,0,no_alert_unknown,no_alert_not_final_benign,-1,dns,port
2025-07-19T23:02:28.412968+0700,103.195.142.74,118.98.44.100,21467,53,UDP,flow,dns,1286679488008084,,1,1,0,184,0,0.0,1,184,0,none,0,none,0,0,0,no_alert_unknown,no_alert_not_final_benign,-1,dns,app_proto+port
2025-07-19T23:02:28.412992+0700,103.195.142.75,8.8.8.8,60545,53,UDP,flow,dns,1324245575831631,,1,1,0,78,0,0.0,1,78,0,none,0,none,0,0,0,no_alert_unknown,no_alert_not_final_benign,-1,dns,app_proto+port
2025-07-19T23:02:28.413043+0700,103.195.142.74,202.134.0.155,44915,53,UDP,flow,dns,1278211268317555,,1,1,0,211,0,0.0,1,211,0,none,0,none,0,0,0,no_alert_unknown,no_alert_not_final_benign,-1,dns,app_proto+port
2025-07-19T23:02:28.413076+0700,103.195.142.74,118.98.44.50,50931,53,UDP,flow,dns,1168591937900930,,1,1,0,68,0,0.0,1,68,0,none,0,none,0,0,0,no_alert_unknown,no_alert_not_final_benign,-1,dns,app_proto+port
2025-07-19T23:02:28.413175+0700,103.195.142.74,118.98.44.50,8497,53,UDP,flow,dns,1092467339137603,,1,1,0,68,0,0.0,1,68,0,none,0,none,0,0,0,no_alert_unknown,no_alert_not_final_benign,-1,dns,app_proto+port
2025-07-19T23:02:28.413195+0700,103.195.142.46,87.98.154.119,53,36592,UDP,flow,failed,1315862483669572,,1,1,0,1437,0,0.0,1,1437,0,none,0,none,0,0,0,no_alert_unknown,no_alert_not_final_benign,-1,dns,port
2025-07-19T23:02:28.413214+0700,103.195.142.196,87.98.154.119,53,11728,UDP,flow,failed,1081791290512001,,1,1,0,1437,0,0.0,1,1437,0,none,0,none,0,0,0,no_alert_unknown,no_alert_not_final_benign,-1,dns,port
2025-07-19T23:02:28.413233+0700,103.195.142.75,8.8.8.8,25635,53,UDP,flow,dns,1107136294392467,,1,1,0,84,0,0.0,1,84,0,none,0,none,0,0,0,no_alert_unknown,no_alert_not_final_benign,-1,dns,app_proto+port
2025-07-19T23:02:28.413286+0700,103.195.142.109,87.98.154.213,53,5404,UDP,flow,failed,788249355522753,,1,1,0,1437,0,0.0,1,1437,0,none,0,none,0,0,0,no_alert_unknown,no_alert_not_final_benign,-1,dns,port
2025-07-19T23:02:28.413346+0700,103.195.142.74,118.98.44.100,26701,53,UDP,flow,dns,712553874494373,,1,1,0,78,0,0.0,1,78,0,none,0,none,0,0,0,no_alert_unknown,no_alert_not_final_benign,-1,dns,app_proto+port
2025-07-19T23:02:28.413366+0700,103.195.142.74,202.134.0.155,48052,53,UDP,flow,dns,1084882292151325,,1,1,0,72,0,0.0,1,72,0,none,0,none,0,0,0,no_alert_unknown,no_alert_not_final_benign,-1,dns,app_proto+port
2025-07-19T23:02:28.413480+0700,103.195.142.74,118.98.44.100,18671,53,UDP,flow,dns,1291951948862701,,1,1,0,68,0,0.0,1,68,0,none,0,none,0,0,0,no_alert_unknown,no_alert_not_final_benign,-1,dns,app_proto+port
2025-07-19T23:02:28.413500+0700,103.195.142.196,87.98.154.25,53,42328,UDP,flow,failed,784002103154044,,1,1,0,1437,0,0.0,1,1437,0,none,0,none,0,0,0,no_alert_unknown,no_alert_not_final_benign,-1,dns,port
2025-07-19T23:02:28.413539+0700,103.195.142.74,118.98.44.50,22210,53,UDP,flow,dns,1156454023337362,,1,1,0,68,0,0.0,1,68,0,none,0,none,0,0,0,no_alert_unknown,no_alert_not_final_benign,-1,dns,app_proto+port
2025-07-19T23:02:28.413584+0700,103.195.142.46,87.98.154.119,53,32944,UDP,flow,failed,647263055877567,,1,1,0,1437,0,0.0,1,1437,0,none,0,none,0,0,0,no_alert_unknown,no_alert_not_final_benign,-1,dns,port
2025-07-19T23:02:28.413603+0700,103.195.142.76,87.98.154.246,53,64195,UDP,flow,failed,1133314975503857,,1,1,0,1469,0,0.0,1,1469,0,none,0,none,0,0,0,no_alert_unknown,no_alert_not_final_benign,-1,dns,port
2025-07-19T23:02:28.413622+0700,103.195.142.74,118.98.44.50,9280,53,UDP,flow,dns,604993901598283,,1,1,0,184,0,0.0,1,184,0,none,0,none,0,0,0,no_alert_unknown,no_alert_not_final_benign,-1,dns,app_proto+port
2025-07-19T23:02:28.413642+0700,103.195.142.196,87.98.154.25,53,43756,UDP,flow,failed,768705548359290,,1,1,0,1437,0,0.0,1,1437,0,none,0,none,0,0,0,no_alert_unknown,no_alert_not_final_benign,-1,dns,port
2025-07-19T23:02:28.413666+0700,103.195.142.76,87.98.154.218,53,42529,UDP,flow,failed,1145448147228322,,1,1,0,1469,0,0.0,1,1469,0,none,0,none,0,0,0,no_alert_unknown,no_alert_not_final_benign,-1,dns,port
2025-07-19T23:02:28.413764+0700,103.195.142.74,118.98.44.20,48490,53,UDP,flow,dns,1395487610214316,,1,1,0,70,0,0.0,1,70,0,none,0,none,0,0,0,no_alert_unknown,no_alert_not_final_benign,-1,dns,app_proto+port
2025-07-19T23:02:28.413785+0700,103.195.142.74,118.98.44.20,44449,53,UDP,flow,dns,754578476865560,,1,1,0,85,0,0.0,1,85,0,none,0,none,0,0,0,no_alert_unknown,no_alert_not_final_benign,-1,dns,app_proto+port
2025-07-19T23:02:28.413825+0700,103.195.142.109,87.98.154.117,53,56525,UDP,flow,failed,760983001667731,,1,1,0,1437,0,0.0,1,1437,0,none,0,none,0,0,0,no_alert_unknown,no_alert_not_final_benign,-1,dns,port
2025-07-19T23:02:28.413886+0700,103.195.142.83,87.98.154.119,53,52880,UDP,flow,failed,1062223378290884,,1,1,0,1190,0,0.0,1,1190,0,none,0,none,0,0,0,no_alert_unknown,no_alert_not_final_benign,-1,dns,port
2025-07-19T23:02:28.413940+0700,103.195.142.196,87.98.154.118,53,15655,UDP,flow,failed,577389505124606,,1,1,0,1437,0,0.0,1,1437,0,none,0,none,0,0,0,no_alert_unknown,no_alert_not_final_benign,-1,dns,port
2025-07-19T23:02:28.413980+0700,103.195.142.109,87.98.154.73,53,56920,UDP,flow,failed,1283223605319937,,1,1,0,1437,0,0.0,1,1437,0,none,0,none,0,0,0,no_alert_unknown,no_alert_not_final_benign,-1,dns,port
2025-07-19T23:02:28.414040+0700,103.195.142.74,202.134.0.155,16324,53,UDP,flow,dns,563689881442716,,1,1,0,68,0,0.0,1,68,0,none,0,none,0,0,0,no_alert_unknown,no_alert_not_final_benign,-1,dns,app_proto+port
2025-07-19T23:02:28.414065+0700,103.195.142.2,18.140.177.121,53,48385,UDP,flow,failed,1297742398396901,,1,1,0,138,0,0.0,1,138,0,none,0,none,0,0,0,no_alert_unknown,no_alert_not_final_benign,-1,dns,port
2025-07-19T23:02:28.414119+0700,103.195.142.75,8.8.8.8,38557,53,UDP,flow,dns,756535235680766,,1,1,0,68,0,0.0,1,68,0,none,0,none,0,0,0,no_alert_unknown,no_alert_not_final_benign,-1,dns,app_proto+port
2025-07-19T23:02:28.414161+0700,103.195.142.74,118.98.44.100,45323,53,UDP,flow,dns,1063587025623706,,1,1,0,68,0,0.0,1,68,0,none,0,none,0,0,0,no_alert_unknown,no_alert_not_final_benign,-1,dns,app_proto+port
2025-07-19T23:02:28.414180+0700,103.195.142.2,172.217.32.151,53,56252,UDP,flow,failed,670051224296159,,1,1,0,164,0,0.0,1,164,0,none,0,none,0,0,0,no_alert_unknown,no_alert_not_final_benign,-1,dns,port
2025-07-19T23:02:28.414221+0700,103.195.142.196,87.98.154.225,53,17461,UDP,flow,failed,999711331425167,,1,1,0,1437,0,0.0,1,1437,0,none,0,none,0,0,0,no_alert_unknown,no_alert_not_final_benign,-1,dns,port
2025-07-19T23:02:28.414246+0700,103.195.142.74,118.98.44.50,8413,53,UDP,flow,dns,892191726148573,,1,1,0,81,0,0.0,1,81,0,none,0,none,0,0,0,no_alert_unknown,no_alert_not_final_benign,-1,dns,app_proto+port
2025-07-19T23:02:28.414309+0700,103.195.142.74,202.134.0.155,36161,53,UDP,flow,dns,968261349710929,,1,1,0,92,0,0.0,1,92,0,none,0,none,0,0,0,no_alert_unknown,no_alert_not_final_benign,-1,dns,app_proto+port
2025-07-19T23:02:28.414373+0700,103.195.142.165,87.98.154.117,53,17347,UDP,flow,failed,588087046216862,,1,1,0,1437,0,0.0,1,1437,0,none,0,none,0,0,0,no_alert_unknown,no_alert_not_final_benign,-1,dns,port
2025-07-19T23:02:28.414392+0700,103.195.142.75,8.8.8.8,39267,53,UDP,flow,dns,660960505666736,,1,1,0,80,0,0.0,1,80,0,none,0,none,0,0,0,no_alert_unknown,no_alert_not_final_benign,-1,dns,app_proto+port
2025-07-19T23:02:28.414412+0700,103.195.142.76,87.98.154.118,53,54710,UDP,flow,failed,1007494331735396,,1,1,0,1469,0,0.0,1,1469,0,none,0,none,0,0,0,no_alert_unknown,no_alert_not_final_benign,-1,dns,port
2025-07-19T23:02:28.414495+0700,103.195.142.165,87.98.154.117,53,57384,UDP,flow,failed,1150767327256221,,1,1,0,1437,0,0.0,1,1437,0,none,0,none,0,0,0,no_alert_unknown,no_alert_not_final_benign,-1,dns,port
2025-07-19T23:02:28.414514+0700,103.195.142.83,87.98.154.119,53,44732,UDP,flow,failed,1282730009927399,,1,1,0,1190,0,0.0,1,1190,0,none,0,none,0,0,0,no_alert_unknown,no_alert_not_final_benign,-1,dns,port
2025-07-19T23:02:28.414551+0700,103.195.142.74,118.98.44.100,15909,53,UDP,flow,dns,740371409051565,,1,1,0,184,0,0.0,1,184,0,none,0,none,0,0,0,no_alert_unknown,no_alert_not_final_benign,-1,dns,app_proto+port
2025-07-19T23:02:28.414595+0700,103.195.142.165,87.98.154.221,53,25163,UDP,flow,failed,1355585720852795,,1,1,0,1437,0,0.0,1,1437,0,none,0,none,0,0,0,no_alert_unknown,no_alert_not_final_benign,-1,dns,port
2025-07-19T23:02:28.414635+0700,103.195.142.74,202.134.0.155,50672,53,UDP,flow,dns,668946432958883,,1,1,0,85,0,0.0,1,85,0,none,0,none,0,0,0,no_alert_unknown,no_alert_not_final_benign,-1,dns,app_proto+port
2025-07-19T23:02:28.414683+0700,103.195.142.76,87.98.154.117,53,17907,UDP,flow,failed,1287657423872440,,1,1,0,1469,0,0.0,1,1469,0,none,0,none,0,0,0,no_alert_unknown,no_alert_not_final_benign,-1,dns,port
2025-07-19T23:02:28.414722+0700,103.195.142.83,87.98.154.34,53,9878,UDP,flow,failed,905689846686219,,1,1,0,1190,0,0.0,1,1190,0,none,0,none,0,0,0,no_alert_unknown,no_alert_not_final_benign,-1,dns,port
2025-07-19T23:02:28.414740+0700,103.195.142.83,87.98.154.246,53,60558,UDP,flow,failed,645327339889212,,1,3,0,3570,0,10.0,3,3570,0,none,0,none,0,0,0,no_alert_unknown,no_alert_not_final_benign,-1,dns,port
2025-07-19T23:02:28.414759+0700,103.195.142.74,202.134.0.155,63306,53,UDP,flow,dns,1406441091343026,,1,1,0,75,0,0.0,1,75,0,none,0,none,0,0,0,no_alert_unknown,no_alert_not_final_benign,-1,dns,app_proto+port
2025-07-19T23:02:28.414778+0700,103.195.142.165,87.98.154.119,53,25006,UDP,flow,failed,1111644534252272,,1,1,0,1437,0,0.0,1,1437,0,none,0,none,0,0,0,no_alert_unknown,no_alert_not_final_benign,-1,dns,port
2025-07-19T23:02:28.414796+0700,103.195.142.195,87.98.154.119,53,51329,UDP,flow,failed,1333870869979956,,1,1,0,1437,0,0.0,1,1437,0,none,0,none,0,0,0,no_alert_unknown,no_alert_not_final_benign,-1,dns,port
2025-07-19T23:02:28.414856+0700,103.195.142.46,87.98.154.119,53,13606,UDP,flow,failed,1379410023064425,,1,1,0,1437,0,0.0,1,1437,0,none,0,none,0,0,0,no_alert_unknown,no_alert_not_final_benign,-1,dns,port
2025-07-19T23:02:28.414875+0700,103.195.142.196,87.98.154.119,53,57932,UDP,flow,failed,757702567633859,,1,1,0,1437,0,0.0,1,1437,0,none,0,none,0,0,0,no_alert_unknown,no_alert_not_final_benign,-1,dns,port
2025-07-19T23:02:28.414916+0700,103.195.142.75,8.8.8.8,49406,53,UDP,flow,dns,1980467121529904,,1,2,0,298,0,20.0,2,298,0,none,0,none,0,0,0,no_alert_unknown,no_alert_not_final_benign,-1,dns,app_proto+port
2025-07-19T23:02:28.414976+0700,103.195.142.74,118.98.44.50,41474,53,UDP,flow,dns,564833652352254,,1,1,0,92,0,0.0,1,92,0,none,0,none,0,0,0,no_alert_unknown,no_alert_not_final_benign,-1,dns,app_proto+port
2025-07-19T23:02:28.414996+0700,103.195.142.196,87.98.154.141,53,15377,UDP,flow,failed,783312755992081,,1,1,0,1437,0,0.0,1,1437,0,none,0,none,0,0,0,no_alert_unknown,no_alert_not_final_benign,-1,dns,port
2025-07-19T23:02:28.415086+0700,103.195.142.76,87.98.154.119,53,43717,UDP,flow,failed,1059792538936915,,1,1,0,1469,0,0.0,1,1469,0,none,0,none,0,0,0,no_alert_unknown,no_alert_not_final_benign,-1,dns,port
2025-07-19T23:02:28.415125+0700,103.195.142.83,87.98.154.119,53,6203,UDP,flow,failed,756793744270998,,1,1,0,1190,0,0.0,1,1190,0,none,0,none,0,0,0,no_alert_unknown,no_alert_not_final_benign,-1,dns,port
2025-07-19T23:02:28.415146+0700,103.195.142.3,74.125.181.213,53,55126,UDP,flow,failed,1238499921208998,,1,1,0,214,0,0.0,1,214,0,none,0,none,0,0,0,no_alert_unknown,no_alert_not_final_benign,-1,dns,port
2025-07-19T23:02:28.415167+0700,103.195.142.74,202.134.0.155,37557,53,UDP,flow,dns,1115599422662358,,1,1,0,184,0,0.0,1,184,0,none,0,none,0,0,0,no_alert_unknown,no_alert_not_final_benign,-1,dns,app_proto+port
2025-07-19T23:02:28.415187+0700,103.195.142.74,118.98.44.100,31861,53,UDP,flow,dns,583092644194033,,1,1,0,68,0,0.0,1,68,0,none,0,none,0,0,0,no_alert_unknown,no_alert_not_final_benign,-1,dns,app_proto+port
2025-07-19T23:02:28.415228+0700,103.195.142.196,87.98.154.129,53,4629,UDP,flow,failed,1199089202931457,,1,1,0,1437,0,0.0,1,1437,0,none,0,none,0,0,0,no_alert_unknown,no_alert_not_final_benign,-1,dns,port
2025-07-19T23:02:28.415298+0700,103.195.142.3,108.136.122.39,53,58664,UDP,flow,failed,1121672955471692,,1,1,0,170,0,0.0,1,170,0,none,0,none,0,0,0,no_alert_unknown,no_alert_not_final_benign,-1,dns,port
2025-07-19T23:02:28.415308+0700,103.195.142.46,87.98.154.159,53,35348,UDP,flow,failed,837435481433964,,1,1,0,1437,0,0.0,1,1437,0,none,0,none,0,0,0,no_alert_unknown,no_alert_not_final_benign,-1,dns,port
2025-07-19T23:02:28.415334+0700,103.195.142.74,118.98.44.100,20059,53,UDP,flow,dns,1069013052663868,,1,1,0,84,0,0.0,1,84,0,none,0,none,0,0,0,no_alert_unknown,no_alert_not_final_benign,-1,dns,app_proto+port
2025-07-19T23:02:28.415358+0700,103.195.142.74,202.134.0.155,48645,53,UDP,flow,dns,1047053967403132,,1,1,0,68,0,0.0,1,68,0,none,0,none,0,0,0,no_alert_unknown,no_alert_not_final_benign,-1,dns,app_proto+port
2025-07-19T23:02:28.415380+0700,103.195.142.109,87.98.154.119,53,49592,UDP,flow,failed,1007674120841503,,1,1,0,1437,0,0.0,1,1437,0,none,0,none,0,0,0,no_alert_unknown,no_alert_not_final_benign,-1,dns,port
2025-07-19T23:02:28.415429+0700,103.195.142.195,87.98.154.32,53,6346,UDP,flow,failed,1279977656199775,,1,1,0,1437,0,0.0,1,1437,0,none,0,none,0,0,0,no_alert_unknown,no_alert_not_final_benign,-1,dns,port
2025-07-19T23:02:28.415477+0700,103.195.142.74,118.98.44.100,32508,53,UDP,flow,dns,951255161416460,,1,1,0,83,0,0.0,1,83,0,none,0,none,0,0,0,no_alert_unknown,no_alert_not_final_benign,-1,dns,app_proto+port
2025-07-19T23:02:28.415500+0700,103.195.142.165,87.98.154.117,53,29650,UDP,flow,failed,709910754405181,,1,1,0,1437,0,0.0,1,1437,0,none,0,none,0,0,0,no_alert_unknown,no_alert_not_final_benign,-1,dns,port
2025-07-19T23:02:28.415551+0700,103.195.142.195,87.98.154.117,53,62966,UDP,flow,failed,1158670106864785,,1,1,0,1437,0,0.0,1,1437,0,none,0,none,0,0,0,no_alert_unknown,no_alert_not_final_benign,-1,dns,port
2025-07-19T23:02:28.415572+0700,103.195.142.74,118.98.44.20,59696,53,UDP,flow,dns,1101515726040380,,1,1,0,178,0,0.0,1,178,0,none,0,none,0,0,0,no_alert_unknown,no_alert_not_final_benign,-1,dns,app_proto+port
2025-07-19T23:02:28.415601+0700,103.195.142.46,87.98.154.119,53,3176,UDP,flow,failed,1169196015988089,,1,1,0,1437,0,0.0,1,1437,0,none,0,none,0,0,0,no_alert_unknown,no_alert_not_final_benign,-1,dns,port
2025-07-19T23:02:28.415612+0700,103.195.142.109,87.98.154.45,53,53147,UDP,flow,failed,1145127795142131,,1,1,0,1437,0,0.0,1,1437,0,none,0,none,0,0,0,no_alert_unknown,no_alert_not_final_benign,-1,dns,port
2025-07-19T23:02:28.415628+0700,103.195.142.74,202.134.0.155,59701,53,UDP,flow,dns,1333580224114230,,1,1,0,114,0,0.0,1,114,0,none,0,none,0,0,0,no_alert_unknown,no_alert_not_final_benign,-1,dns,app_proto+port
2025-07-19T23:02:28.415640+0700,103.195.142.46,87.98.154.119,53,39968,UDP,flow,failed,1355960226065996,,1,1,0,1437,0,0.0,1,1437,0,none,0,none,0,0,0,no_alert_unknown,no_alert_not_final_benign,-1,dns,port
2025-07-19T23:02:28.415651+0700,103.195.142.74,118.98.44.20,30528,53,UDP,flow,dns,1131552936144827,,1,1,0,202,0,0.0,1,202,0,none,0,none,0,0,0,no_alert_unknown,no_alert_not_final_benign,-1,dns,app_proto+port
2025-07-19T23:02:28.415685+0700,103.195.142.195,87.98.154.119,53,39301,UDP,flow,failed,1043152408719536,,1,1,0,1437,0,0.0,1,1437,0,none,0,none,0,0,0,no_alert_unknown,no_alert_not_final_benign,-1,dns,port
2025-07-19T23:02:28.415710+0700,103.195.142.165,87.98.154.119,53,4259,UDP,flow,failed,1245207855870152,,1,1,0,1437,0,0.0,1,1437,0,none,0,none,0,0,0,no_alert_unknown,no_alert_not_final_benign,-1,dns,port
2025-07-19T23:02:28.415737+0700,103.195.142.74,202.134.0.155,8237,53,UDP,flow,dns,1235905780756750,,1,1,0,75,0,0.0,1,75,0,none,0,none,0,0,0,no_alert_unknown,no_alert_not_final_benign,-1,dns,app_proto+port
2025-07-19T23:02:28.415748+0700,103.195.142.195,87.98.154.172,53,51773,UDP,flow,failed,1062372705087796,,1,1,0,1437,0,0.0,1,1437,0,none,0,none,0,0,0,no_alert_unknown,no_alert_not_final_benign,-1,dns,port
2025-07-19T23:02:28.415809+0700,103.195.142.109,87.98.154.157,53,51109,UDP,flow,failed,1012224951955921,,1,1,0,1437,0,0.0,1,1437,0,none,0,none,0,0,0,no_alert_unknown,no_alert_not_final_benign,-1,dns,port
2025-07-19T23:02:28.415831+0700,103.195.142.165,87.98.154.119,53,63495,UDP,flow,failed,855129125532339,,1,1,0,1437,0,0.0,1,1437,0,none,0,none,0,0,0,no_alert_unknown,no_alert_not_final_benign,-1,dns,port
2025-07-19T23:02:28.415842+0700,103.195.142.109,87.98.154.119,53,57562,UDP,flow,failed,889572627887017,,1,1,0,1437,0,0.0,1,1437,0,none,0,none,0,0,0,no_alert_unknown,no_alert_not_final_benign,-1,dns,port
2025-07-19T23:02:28.415860+0700,103.195.142.109,87.98.154.119,53,30653,UDP,flow,failed,897468986733560,,1,1,0,1437,0,0.0,1,1437,0,none,0,none,0,0,0,no_alert_unknown,no_alert_not_final_benign,-1,dns,port
2025-07-19T23:02:28.415871+0700,103.195.142.46,87.98.154.119,53,30758,UDP,flow,failed,1093828077401172,,1,1,0,1437,0,0.0,1,1437,0,none,0,none,0,0,0,no_alert_unknown,no_alert_not_final_benign,-1,dns,port
2025-07-19T23:02:28.415881+0700,103.195.142.195,87.98.154.119,53,6656,UDP,flow,failed,1043812837209186,,1,1,0,1437,0,0.0,1,1437,0,none,0,none,0,0,0,no_alert_unknown,no_alert_not_final_benign,-1,dns,port
2025-07-19T23:02:28.415906+0700,103.195.142.196,87.98.154.119,53,17940,UDP,flow,failed,970195807548627,,1,1,0,1437,0,0.0,1,1437,0,none,0,none,0,0,0,no_alert_unknown,no_alert_not_final_benign,-1,dns,port
2025-07-19T23:02:28.415918+0700,103.195.142.196,87.98.154.197,53,59317,UDP,flow,failed,1165307838772495,,1,1,0,1437,0,0.0,1,1437,0,none,0,none,0,0,0,no_alert_unknown,no_alert_not_final_benign,-1,dns,port
2025-07-19T23:02:28.415928+0700,103.195.142.195,87.98.154.148,53,61278,UDP,flow,failed,1168662867653936,,1,1,0,1437,0,0.0,1,1437,0,none,0,none,0,0,0,no_alert_unknown,no_alert_not_final_benign,-1,dns,port
2025-07-19T23:02:28.415989+0700,103.195.142.76,87.98.154.134,53,7830,UDP,flow,failed,1131665091114621,,1,1,0,1469,0,0.0,1,1469,0,none,0,none,0,0,0,no_alert_unknown,no_alert_not_final_benign,-1,dns,port
2025-07-19T23:02:28.415999+0700,103.195.142.196,87.98.154.117,53,1451,UDP,flow,failed,862761652238088,,1,1,0,1437,0,0.0,1,1437,0,none,0,none,0,0,0,no_alert_unknown,no_alert_not_final_benign,-1,dns,port
2025-07-19T23:02:28.416010+0700,103.195.142.196,87.98.154.185,53,54206,UDP,flow,failed,856834757146405,,1,1,0,1437,0,0.0,1,1437,0,none,0,none,0,0,0,no_alert_unknown,no_alert_not_final_benign,-1,dns,port
2025-07-19T23:02:28.416032+0700,103.195.142.165,87.98.154.119,53,23287,UDP,flow,failed,1218256899913628,,1,1,0,1437,0,0.0,1,1437,0,none,0,none,0,0,0,no_alert_unknown,no_alert_not_final_benign,-1,dns,port
2025-07-19T23:02:28.416042+0700,103.195.142.46,87.98.154.119,53,14630,UDP,flow,failed,1161976656213935,,1,1,0,1437,0,0.0,1,1437,0,none,0,none,0,0,0,no_alert_unknown,no_alert_not_final_benign,-1,dns,port
2025-07-19T23:02:28.416052+0700,103.195.142.76,87.98.154.162,53,51727,UDP,flow,failed,1105757221861302,,1,1,0,1469,0,0.0,1,1469,0,none,0,none,0,0,0,no_alert_unknown,no_alert_not_final_benign,-1,dns,port
2025-07-19T23:02:28.416077+0700,103.195.142.83,87.98.154.119,53,33735,UDP,flow,failed,959859902494849,,1,1,0,1190,0,0.0,1,1190,0,none,0,none,0,0,0,no_alert_unknown,no_alert_not_final_benign,-1,dns,port
2025-07-19T23:02:28.416087+0700,103.195.142.165,87.98.154.253,53,20326,UDP,flow,failed,1003717239290021,,1,1,0,1437,0,0.0,1,1437,0,none,0,none,0,0,0,no_alert_unknown,no_alert_not_final_benign,-1,dns,port
2025-07-19T23:02:28.416102+0700,103.195.142.46,87.98.154.103,53,63433,UDP,flow,failed,1130161576458452,,1,1,0,1437,0,0.0,1,1437,0,none,0,none,0,0,0,no_alert_unknown,no_alert_not_final_benign,-1,dns,port
2025-07-19T23:02:28.416115+0700,103.195.142.76,87.98.154.119,53,13116,UDP,flow,failed,1281414747502856,,1,1,0,1469,0,0.0,1,1469,0,none,0,none,0,0,0,no_alert_unknown,no_alert_not_final_benign,-1,dns,port
2025-07-19T23:02:28.416125+0700,103.195.142.195,87.98.154.232,53,26362,UDP,flow,failed,314834392299791,,1,3,0,4311,0,10.0,3,4311,0,none,0,none,0,0,0,no_alert_unknown,no_alert_not_final_benign,-1,dns,port
2025-07-19T23:02:28.416136+0700,103.195.142.196,87.98.154.119,53,36950,UDP,flow,failed,1037353641621820,,1,1,0,1437,0,0.0,1,1437,0,none,0,none,0,0,0,no_alert_unknown,no_alert_not_final_benign,-1,dns,port
2025-07-19T23:02:28.416146+0700,103.195.142.76,87.98.154.119,53,10696,UDP,flow,failed,1406327257741680,,1,1,0,1469,0,0.0,1,1469,0,none,0,none,0,0,0,no_alert_unknown,no_alert_not_final_benign,-1,dns,port
2025-07-19T23:02:28.416159+0700,103.195.142.74,118.98.44.100,22712,53,UDP,flow,dns,1344405233187233,,1,1,0,85,0,0.0,1,85,0,none,0,none,0,0,0,no_alert_unknown,no_alert_not_final_benign,-1,dns,app_proto+port
2025-07-19T23:02:28.416171+0700,103.195.142.74,118.98.44.50,4486,53,UDP,flow,dns,946640823237279,,1,1,0,178,0,0.0,1,178,0,none,0,none,0,0,0,no_alert_unknown,no_alert_not_final_benign,-1,dns,app_proto+port
2025-07-19T23:02:28.416182+0700,103.195.142.74,118.98.44.50,46442,53,UDP,flow,dns,1176888052988601,,1,1,0,87,0,0.0,1,87,0,none,0,none,0,0,0,no_alert_unknown,no_alert_not_final_benign,-1,dns,app_proto+port
2025-07-19T23:02:28.416193+0700,103.195.142.196,87.98.154.119,53,58930,UDP,flow,failed,1298290821675859,,1,1,0,1437,0,0.0,1,1437,0,none,0,none,0,0,0,no_alert_unknown,no_alert_not_final_benign,-1,dns,port
2025-07-19T23:02:28.416239+0700,103.195.142.109,87.98.154.119,53,21043,UDP,flow,failed,1239401920118336,,1,1,0,1437,0,0.0,1,1437,0,none,0,none,0,0,0,no_alert_unknown,no_alert_not_final_benign,-1,dns,port
2025-07-19T23:02:28.416253+0700,103.195.142.74,118.98.44.50,9236,53,UDP,flow,dns,976050192432816,,1,1,0,68,0,0.0,1,68,0,none,0,none,0,0,0,no_alert_unknown,no_alert_not_final_benign,-1,dns,app_proto+port
2025-07-19T23:02:28.416277+0700,103.195.142.76,87.98.154.119,53,42303,UDP,flow,failed,1234942082465694,,1,1,0,1469,0,0.0,1,1469,0,none,0,none,0,0,0,no_alert_unknown,no_alert_not_final_benign,-1,dns,port
2025-07-19T23:02:28.416287+0700,103.195.142.83,87.98.154.119,53,14153,UDP,flow,failed,1112548131979196,,1,1,0,1190,0,0.0,1,1190,0,none,0,none,0,0,0,no_alert_unknown,no_alert_not_final_benign,-1,dns,port
2025-07-19T23:02:28.416310+0700,103.195.142.46,87.98.154.119,53,34230,UDP,flow,failed,951116477022414,,1,1,0,1437,0,0.0,1,1437,0,none,0,none,0,0,0,no_alert_unknown,no_alert_not_final_benign,-1,dns,port
2025-07-19T23:02:28.416347+0700,103.195.142.195,87.98.154.118,53,17522,UDP,flow,failed,869606169428197,,1,1,0,1437,0,0.0,1,1437,0,none,0,none,0,0,0,no_alert_unknown,no_alert_not_final_benign,-1,dns,port
2025-07-19T23:02:28.416357+0700,103.195.142.74,118.98.44.50,45673,53,UDP,flow,dns,1340107248025837,,1,1,0,114,0,0.0,1,114,0,none,0,none,0,0,0,no_alert_unknown,no_alert_not_final_benign,-1,dns,app_proto+port
2025-07-19T23:02:28.416393+0700,103.195.142.74,118.98.44.100,46951,53,UDP,flow,dns,1326528018629065,,1,1,0,111,0,0.0,1,111,0,none,0,none,0,0,0,no_alert_unknown,no_alert_not_final_benign,-1,dns,app_proto+port
2025-07-19T23:02:28.416432+0700,103.195.142.83,87.98.154.18,53,25726,UDP,flow,failed,343281935565343,,1,3,0,3570,0,10.0,3,3570,0,none,0,none,0,0,0,no_alert_unknown,no_alert_not_final_benign,-1,dns,port
2025-07-19T23:02:28.416465+0700,103.195.142.46,87.98.154.215,53,28781,UDP,flow,failed,1122730351706786,,1,1,0,1437,0,0.0,1,1437,0,none,0,none,0,0,0,no_alert_unknown,no_alert_not_final_benign,-1,dns,port
2025-07-19T23:02:28.416488+0700,103.195.142.195,87.98.154.119,53,13078,UDP,flow,failed,1051363315794802,,1,1,0,1437,0,0.0,1,1437,0,none,0,none,0,0,0,no_alert_unknown,no_alert_not_final_benign,-1,dns,port
2025-07-19T23:02:28.426098+0700,103.195.142.75,8.8.8.8,57649,53,UDP,dns,,1267127795383133,wire/pcap,0,0,0,0,0,0.0,0,0,0,none,0,none,0,0,0,no_alert_unknown,no_alert_not_final_benign,-1,dns,port
2025-07-19T23:02:28.437624+0700,103.195.142.165,87.98.154.33,53,30714,UDP,flow,failed,1159870486762360,,1,1,0,1437,0,0.0,1,1437,0,none,0,none,0,0,0,no_alert_unknown,no_alert_not_final_benign,-1,dns,port
2025-07-19T23:02:28.439593+0700,103.195.142.74,118.98.44.50,56345,53,UDP,dns,,1325088383855438,wire/pcap,0,0,0,0,0,0.0,0,0,0,none,0,none,0,0,0,no_alert_unknown,no_alert_not_final_benign,-1,dns,port
2025-07-19T23:02:28.464820+0700,103.195.142.74,118.98.44.20,60338,53,UDP,flow,dns,1559017965242245,,1,1,0,211,0,0.0,1,211,0,none,0,none,0,0,0,no_alert_unknown,no_alert_not_final_benign,-1,dns,app_proto+port
2025-07-19T23:02:28.503570+0700,103.195.142.74,118.98.44.20,43117,53,UDP,dns,,1318393391214936,wire/pcap,0,0,0,0,0,0.0,0,0,0,none,0,none,0,0,0,no_alert_unknown,no_alert_not_final_benign,-1,dns,port
2025-07-19T23:02:28.503645+0700,103.195.142.75,8.8.8.8,14935,53,UDP,dns,,1318714163275294,wire/pcap,0,0,0,0,0,0.0,0,0,0,none,0,none,0,0,0,no_alert_unknown,no_alert_not_final_benign,-1,dns,port
2025-07-19T23:02:28.517630+0700,103.195.142.74,118.98.44.100,28756,53,UDP,dns,,1378780885285069,wire/pcap,0,0,0,0,0,0.0,0,0,0,none,0,none,0,0,0,no_alert_unknown,no_alert_not_final_benign,-1,dns,port
2025-07-19T23:02:28.524757+0700,103.195.142.74,202.134.0.155,4533,53,UDP,dns,,1127918491265428,wire/pcap,0,0,0,0,0,0.0,0,0,0,none,0,none,0,0,0,no_alert_unknown,no_alert_not_final_benign,-1,dns,port
2025-07-19T23:02:28.551001+0700,103.195.142.74,202.134.0.155,57736,53,UDP,dns,,1240634607666185,wire/pcap,0,0,0,0,0,0.0,0,0,0,none,0,none,0,0,0,no_alert_unknown,no_alert_not_final_benign,-1,dns,port
2025-07-19T23:02:28.562583+0700,103.195.142.74,118.98.44.100,17642,53,UDP,dns,,1290377859732365,wire/pcap,0,0,0,0,0,0.0,0,0,0,none,0,none,0,0,0,no_alert_unknown,no_alert_not_final_benign,-1,dns,port
2025-07-19T23:02:28.562912+0700,103.195.142.74,118.98.44.100,9815,53,UDP,dns,,1291788736258474,wire/pcap,0,0,0,0,0,0.0,0,0,0,none,0,none,0,0,0,no_alert_unknown,no_alert_not_final_benign,-1,dns,port
2025-07-19T23:02:28.582063+0700,103.195.142.74,118.98.44.100,4268,53,UDP,dns,,1374042763389724,wire/pcap,0,0,0,0,0,0.0,0,0,0,none,0,none,0,0,0,no_alert_unknown,no_alert_not_final_benign,-1,dns,port
2025-07-19T23:02:28.582167+0700,103.195.142.74,202.134.0.155,62914,53,UDP,dns,,1374491445639958,wire/pcap,0,0,0,0,0,0.0,0,0,0,none,0,none,0,0,0,no_alert_unknown,no_alert_not_final_benign,-1,dns,port
2025-07-19T23:02:28.582615+0700,103.195.142.74,118.98.44.50,31112,53,UDP,dns,,1376412650009515,wire/pcap,0,0,0,0,0,0.0,0,0,0,none,0,none,0,0,0,no_alert_unknown,no_alert_not_final_benign,-1,dns,port
2025-07-19T23:02:28.619590+0700,103.195.142.74,118.98.44.20,57470,53,UDP,dns,,1253747336113310,wire/pcap,0,0,0,0,0,0.0,0,0,0,none,0,none,0,0,0,no_alert_unknown,no_alert_not_final_benign,-1,dns,port
2025-07-19T23:02:28.622018+0700,103.195.142.74,118.98.44.100,50042,53,UDP,dns,,1264175662662654,wire/pcap,0,0,0,0,0,0.0,0,0,0,none,0,none,0,0,0,no_alert_unknown,no_alert_not_final_benign,-1,dns,port
2025-07-19T23:02:28.635602+0700,103.195.142.74,118.98.44.50,26638,53,UDP,dns,,1322516937032852,wire/pcap,0,0,0,0,0,0.0,0,0,0,none,0,none,0,0,0,no_alert_unknown,no_alert_not_final_benign,-1,dns,port
2025-07-19T23:02:28.642202+0700,103.195.142.74,118.98.44.100,25225,53,UDP,dns,,1350861764468511,wire/pcap,0,0,0,0,0,0.0,0,0,0,none,0,none,0,0,0,no_alert_unknown,no_alert_not_final_benign,-1,dns,port
2025-07-19T23:02:28.653835+0700,103.195.142.75,8.8.8.8,21075,53,UDP,dns,,1400827551893742,wire/pcap,0,0,0,0,0,0.0,0,0,0,none,0,none,0,0,0,no_alert_unknown,no_alert_not_final_benign,-1,dns,port
2025-07-19T23:02:28.658001+0700,103.195.142.74,202.134.0.155,59946,53,UDP,dns,,1137245040119650,wire/pcap,0,0,0,0,0,0.0,0,0,0,none,0,none,0,0,0,no_alert_unknown,no_alert_not_final_benign,-1,dns,port
2025-07-19T23:02:28.680594+0700,103.195.142.74,202.134.0.155,25132,53,UDP,dns,,1234279257701917,wire/pcap,0,0,0,0,0,0.0,0,0,0,none,0,none,0,0,0,no_alert_unknown,no_alert_not_final_benign,-1,dns,port
2025-07-19T23:02:28.680769+0700,103.195.142.74,118.98.44.50,55348,53,UDP,dns,,1235032346750437,wire/pcap,0,0,0,0,0,0.0,0,0,0,none,0,none,0,0,0,no_alert_unknown,no_alert_not_final_benign,-1,dns,port
2025-07-19T23:02:28.687146+0700,103.195.142.74,118.98.44.20,14929,53,UDP,dns,,1262421289437422,wire/pcap,0,0,0,0,0,0.0,0,0,0,none,0,none,0,0,0,no_alert_unknown,no_alert_not_final_benign,-1,dns,port
2025-07-19T23:02:28.719338+0700,103.195.142.74,118.98.44.100,55416,53,UDP,dns,,1400685839494721,wire/pcap,0,0,0,0,0,0.0,0,0,0,none,0,none,0,0,0,no_alert_unknown,no_alert_not_final_benign,-1,dns,port
2025-07-19T23:02:28.732384+0700,103.195.142.74,202.134.0.155,9745,53,UDP,dns,,1175242873372339,wire/pcap,0,0,0,0,0,0.0,0,0,0,none,0,none,0,0,0,no_alert_unknown,no_alert_not_final_benign,-1,dns,port
2025-07-19T23:02:28.738090+0700,103.195.142.74,202.134.0.155,36013,53,UDP,dns,,1199751335666830,wire/pcap,0,0,0,0,0,0.0,0,0,0,none,0,none,0,0,0,no_alert_unknown,no_alert_not_final_benign,-1,dns,port
2025-07-19T23:02:28.741793+0700,103.195.142.74,118.98.44.50,6132,53,UDP,dns,,1215652814936410,wire/pcap,0,0,0,0,0,0.0,0,0,0,none,0,none,0,0,0,no_alert_unknown,no_alert_not_final_benign,-1,dns,port
2025-07-19T23:02:28.784701+0700,103.195.142.74,118.98.44.100,9173,53,UDP,dns,,1399941261192948,wire/pcap,0,0,0,0,0,0.0,0,0,0,none,0,none,0,0,0,no_alert_unknown,no_alert_not_final_benign,-1,dns,port
2025-07-19T23:02:28.787568+0700,103.195.142.74,118.98.44.50,4066,53,UDP,dns,,1130780635406667,wire/pcap,0,0,0,0,0,0.0,0,0,0,none,0,none,0,0,0,no_alert_unknown,no_alert_not_final_benign,-1,dns,port
2025-07-19T23:02:28.790261+0700,103.195.142.74,118.98.44.50,7294,53,UDP,dns,,1142348519619474,wire/pcap,0,0,0,0,0,0.0,0,0,0,none,0,none,0,0,0,no_alert_unknown,no_alert_not_final_benign,-1,dns,port
2025-07-19T23:02:28.823673+0700,103.195.142.74,118.98.44.50,3381,53,UDP,dns,,1285850156331794,wire/pcap,0,0,0,0,0,0.0,0,0,0,none,0,none,0,0,0,no_alert_unknown,no_alert_not_final_benign,-1,dns,port
2025-07-19T23:02:28.839280+0700,103.195.142.74,118.98.44.20,26210,53,UDP,dns,,1352884064308966,wire/pcap,0,0,0,0,0,0.0,0,0,0,none,0,none,0,0,0,no_alert_unknown,no_alert_not_final_benign,-1,dns,port
2025-07-19T23:02:28.861566+0700,103.195.142.74,202.134.0.155,58375,53,UDP,dns,,1167123393420041,wire/pcap,0,0,0,0,0,0.0,0,0,0,none,0,none,0,0,0,no_alert_unknown,no_alert_not_final_benign,-1,dns,port
2025-07-19T23:02:28.873785+0700,103.195.142.74,118.98.44.100,33301,53,UDP,dns,,1219604563430124,wire/pcap,0,0,0,0,0,0.0,0,0,0,none,0,none,0,0,0,no_alert_unknown,no_alert_not_final_benign,-1,dns,port
2025-07-19T23:02:28.899826+0700,103.195.142.74,202.134.0.155,34340,53,UDP,dns,,1331448802718845,wire/pcap,0,0,0,0,0,0.0,0,0,0,none,0,none,0,0,0,no_alert_unknown,no_alert_not_final_benign,-1,dns,port
2025-07-19T23:02:28.914317+0700,103.195.142.108,8.8.8.8,1900,53,UDP,dns,,1216074754602613,wire/pcap,0,0,0,0,0,0.0,0,0,0,none,0,none,0,0,0,no_alert_unknown,no_alert_not_final_benign,-1,dns,port
2025-07-19T23:02:28.922677+0700,103.195.142.74,118.98.44.50,41646,53,UDP,dns,,1148119957651022,wire/pcap,0,0,0,0,0,0.0,0,0,0,none,0,none,0,0,0,no_alert_unknown,no_alert_not_final_benign,-1,dns,port
2025-07-19T23:02:28.924688+0700,103.195.142.74,118.98.44.50,40557,53,UDP,dns,,1156758040681210,wire/pcap,0,0,0,0,0,0.0,0,0,0,none,0,none,0,0,0,no_alert_unknown,no_alert_not_final_benign,-1,dns,port
2025-07-19T23:02:28.924782+0700,103.195.142.74,118.98.44.20,43218,53,UDP,dns,,1157160194655227,wire/pcap,0,0,0,0,0,0.0,0,0,0,none,0,none,0,0,0,no_alert_unknown,no_alert_not_final_benign,-1,dns,port
2025-07-19T23:02:28.947774+0700,103.195.142.75,45.79.197.241,44550,53,UDP,dns,,1255908582067206,wire/pcap,0,0,0,0,0,0.0,0,0,0,none,0,none,0,0,0,no_alert_unknown,no_alert_not_final_benign,-1,dns,port
2025-07-19T23:02:28.950981+0700,103.195.142.75,69.16.230.48,7697,53,UDP,dns,,1269685319275729,wire/pcap,0,0,0,0,0,0.0,0,0,0,none,0,none,0,0,0,no_alert_unknown,no_alert_not_final_benign,-1,dns,port
2025-07-19T23:02:28.953055+0700,103.195.142.75,8.8.8.8,18273,53,UDP,dns,,1278594177350690,wire/pcap,0,0,0,0,0,0.0,0,0,0,none,0,none,0,0,0,no_alert_unknown,no_alert_not_final_benign,-1,dns,port
2025-07-19T23:02:28.953231+0700,103.195.142.74,118.98.44.20,30748,53,UDP,dns,,1279346622428503,wire/pcap,0,0,0,0,0,0.0,0,0,0,none,0,none,0,0,0,no_alert_unknown,no_alert_not_final_benign,-1,dns,port
2025-07-19T23:02:28.955037+0700,103.195.142.74,202.134.0.155,64549,53,UDP,dns,,1287105670376086,wire/pcap,0,0,0,0,0,0.0,0,0,0,none,0,none,0,0,0,no_alert_unknown,no_alert_not_final_benign,-1,dns,port
2025-07-19T23:02:28.955287+0700,103.195.142.75,8.8.8.8,47350,53,UDP,dns,,1288179598088152,wire/pcap,0,0,0,0,0,0.0,0,0,0,none,0,none,0,0,0,no_alert_unknown,no_alert_not_final_benign,-1,dns,port
2025-07-19T23:02:28.959273+0700,103.195.142.75,8.8.8.8,37716,53,UDP,dns,,1305298955135203,wire/pcap,0,0,0,0,0,0.0,0,0,0,none,0,none,0,0,0,no_alert_unknown,no_alert_not_final_benign,-1,dns,port
2025-07-19T23:02:28.982731+0700,103.195.142.74,118.98.44.100,46111,53,UDP,dns,,1406051567642042,wire/pcap,0,0,0,0,0,0.0,0,0,0,none,0,none,0,0,0,no_alert_unknown,no_alert_not_final_benign,-1,dns,port
2025-07-19T23:02:28.986054+0700,103.195.142.74,118.98.44.20,39233,53,UDP,dns,,1138846202760724,wire/pcap,0,0,0,0,0,0.0,0,0,0,none,0,none,0,0,0,no_alert_unknown,no_alert_not_final_benign,-1,dns,port
2025-07-19T23:02:28.994414+0700,103.195.142.74,118.98.44.100,9470,53,UDP,dns,,1174751130528619,wire/pcap,0,0,0,0,0,0.0,0,0,0,none,0,none,0,0,0,no_alert_unknown,no_alert_not_final_benign,-1,dns,port
2025-07-19T23:02:29.002319+0700,103.195.142.74,118.98.44.100,51315,53,UDP,dns,,1417335551067897,wire/pcap,0,0,0,0,0,0.0,0,0,0,none,0,none,0,0,0,no_alert_unknown,no_alert_not_final_benign,-1,dns,port
2025-07-19T23:02:29.003790+0700,103.195.142.31,8.8.8.8,39964,53,UDP,dns,,1423654061149985,wire/pcap,0,0,0,0,0,0.0,0,0,0,none,0,none,0,0,0,no_alert_unknown,no_alert_not_final_benign,-1,dns,port
2025-07-19T23:02:29.004129+0700,103.195.142.31,9.9.9.9,39964,53,UDP,dns,,1425109567113759,wire/pcap,0,0,0,0,0,0.0,0,0,0,none,0,none,0,0,0,no_alert_unknown,no_alert_not_final_benign,-1,dns,port
2025-07-19T23:02:29.003812+0700,103.195.142.31,8.8.8.8,28733,53,UDP,dns,,1423750674980540,wire/pcap,0,0,0,0,0,0.0,0,0,0,none,0,none,0,0,0,no_alert_unknown,no_alert_not_final_benign,-1,dns,port
2025-07-19T23:02:29.010199+0700,103.195.142.74,118.98.44.100,45853,53,UDP,dns,,1451182013606074,wire/pcap,0,0,0,0,0,0.0,0,0,0,none,0,none,0,0,0,no_alert_unknown,no_alert_not_final_benign,-1,dns,port
2025-07-19T23:02:29.016501+0700,103.195.142.75,8.8.8.8,49077,53,UDP,dns,,1478249874767885,wire/pcap,0,0,0,0,0,0.0,0,0,0,none,0,none,0,0,0,no_alert_unknown,no_alert_not_final_benign,-1,dns,port
2025-07-19T23:02:29.022369+0700,103.195.142.74,118.98.44.20,29761,53,UDP,dns,,1503449467144994,wire/pcap,0,0,0,0,0,0.0,0,0,0,none,0,none,0,0,0,no_alert_unknown,no_alert_not_final_benign,-1,dns,port
2025-07-19T23:02:29.033498+0700,103.195.142.74,118.98.44.20,29432,53,UDP,dns,,1551248992411861,wire/pcap,0,0,0,0,0,0.0,0,0,0,none,0,none,0,0,0,no_alert_unknown,no_alert_not_final_benign,-1,dns,port
2025-07-19T23:02:29.040405+0700,103.195.142.74,118.98.44.20,53019,53,UDP,dns,,1580913531748059,wire/pcap,0,0,0,0,0,0.0,0,0,0,none,0,none,0,0,0,no_alert_unknown,no_alert_not_final_benign,-1,dns,port
2025-07-19T23:02:29.056563+0700,103.195.142.74,118.98.44.20,45175,53,UDP,dns,,1650313263995786,wire/pcap,0,0,0,0,0,0.0,0,0,0,none,0,none,0,0,0,no_alert_unknown,no_alert_not_final_benign,-1,dns,port
2025-07-19T23:02:29.056679+0700,103.195.142.74,118.98.44.50,51276,53,UDP,dns,,1650810477654051,wire/pcap,0,0,0,0,0,0.0,0,0,0,none,0,none,0,0,0,no_alert_unknown,no_alert_not_final_benign,-1,dns,port
2025-07-19T23:02:29.057237+0700,103.195.142.74,69.39.238.36,35348,53,UDP,dns,,1653209638124467,wire/pcap,0,0,0,0,0,0.0,0,0,0,none,0,none,0,0,0,no_alert_unknown,no_alert_not_final_benign,-1,dns,port
2025-07-19T23:02:29.091048+0700,103.195.142.74,69.39.238.36,44385,53,UDP,dns,,1516950234113555,wire/pcap,0,0,0,0,0,0.0,0,0,0,none,0,none,0,0,0,no_alert_unknown,no_alert_not_final_benign,-1,dns,port
2025-07-19T23:02:29.097658+0700,103.195.142.74,202.134.0.155,49323,53,UDP,dns,,1545341061472043,wire/pcap,0,0,0,0,0,0.0,0,0,0,none,0,none,0,0,0,no_alert_unknown,no_alert_not_final_benign,-1,dns,port
2025-07-19T23:02:29.147339+0700,103.195.142.75,8.8.8.8,38411,53,UDP,dns,,1477242364777016,wire/pcap,0,0,0,0,0,0.0,0,0,0,none,0,none,0,0,0,no_alert_unknown,no_alert_not_final_benign,-1,dns,port
2025-07-19T23:02:29.164052+0700,103.195.142.74,118.98.44.100,32939,53,UDP,dns,,1549026484055717,wire/pcap,0,0,0,0,0,0.0,0,0,0,none,0,none,0,0,0,no_alert_unknown,no_alert_not_final_benign,-1,dns,port
2025-07-19T23:02:29.183529+0700,103.195.142.75,8.8.8.8,1387,53,UDP,dns,,1632677432867377,wire/pcap,0,0,0,0,0,0.0,0,0,0,none,0,none,0,0,0,no_alert_unknown,no_alert_not_final_benign,-1,dns,port
2025-07-19T23:02:29.183543+0700,103.195.142.74,118.98.44.50,47227,53,UDP,dns,,1632737897937453,wire/pcap,0,0,0,0,0,0.0,0,0,0,none,0,none,0,0,0,no_alert_unknown,no_alert_not_final_benign,-1,dns,port
2025-07-19T23:02:29.228564+0700,103.195.142.74,118.98.44.100,63106,53,UDP,dns,,1544627582754150,wire/pcap,0,0,0,0,0,0.0,0,0,0,none,0,none,0,0,0,no_alert_unknown,no_alert_not_final_benign,-1,dns,port
2025-07-19T23:02:29.228678+0700,103.195.142.75,8.8.8.8,43418,53,UDP,dns,,1545118559569809,wire/pcap,0,0,0,0,0,0.0,0,0,0,none,0,none,0,0,0,no_alert_unknown,no_alert_not_final_benign,-1,dns,port
2025-07-19T23:02:29.259319+0700,103.195.142.74,202.134.0.155,28724,53,UDP,dns,,1676717220691522,wire/pcap,0,0,0,0,0,0.0,0,0,0,none,0,none,0,0,0,no_alert_unknown,no_alert_not_final_benign,-1,dns,port
2025-07-19T23:02:29.296191+0700,103.195.142.74,118.98.44.50,44296,53,UDP,dns,,1553609675465577,wire/pcap,0,0,0,0,0,0.0,0,0,0,none,0,none,0,0,0,no_alert_unknown,no_alert_not_final_benign,-1,dns,port
2025-07-19T23:02:29.308289+0700,103.195.142.74,118.98.44.100,57122,53,UDP,dns,,1605567621135159,wire/pcap,0,0,0,0,0,0.0,0,0,0,none,0,none,0,0,0,no_alert_unknown,no_alert_not_final_benign,-1,dns,port
2025-07-19T23:02:29.321353+0700,103.195.142.75,8.8.8.8,48772,53,UDP,dns,,1661675879520548,wire/pcap,0,0,0,0,0,0.0,0,0,0,none,0,none,0,0,0,no_alert_unknown,no_alert_not_final_benign,-1,dns,port
2025-07-19T23:02:29.379298+0700,103.195.142.75,8.8.8.8,2852,53,UDP,dns,,1629075247388193,wire/pcap,0,0,0,0,0,0.0,0,0,0,none,0,none,0,0,0,no_alert_unknown,no_alert_not_final_benign,-1,dns,port
2025-07-19T23:02:29.379340+0700,103.195.142.74,118.98.44.100,14714,53,UDP,dns,,1629255406821187,wire/pcap,0,0,0,0,0,0.0,0,0,0,none,0,none,0,0,0,no_alert_unknown,no_alert_not_final_benign,-1,dns,port
2025-07-19T23:02:29.390876+0700,103.195.142.196,87.98.154.225,53,52090,UDP,flow,failed,1323319339500455,,1,1,0,1437,0,0.0,1,1437,0,none,0,none,0,0,0,no_alert_unknown,no_alert_not_final_benign,-1,dns,port
2025-07-19T23:02:29.390946+0700,103.195.142.195,87.98.154.144,53,40745,UDP,flow,failed,1266138667795650,,1,1,0,1437,0,0.0,1,1437,0,none,0,none,0,0,0,no_alert_unknown,no_alert_not_final_benign,-1,dns,port
2025-07-19T23:02:29.390998+0700,103.195.142.76,87.98.154.119,53,21195,UDP,flow,failed,1211269327275346,,1,1,0,1469,0,0.0,1,1469,0,none,0,none,0,0,0,no_alert_unknown,no_alert_not_final_benign,-1,dns,port
2025-07-19T23:02:29.391018+0700,103.195.142.46,87.98.154.247,53,9855,UDP,flow,failed,752379195737493,,1,3,0,4311,0,10.0,3,4311,0,none,0,none,0,0,0,no_alert_unknown,no_alert_not_final_benign,-1,dns,port
2025-07-19T23:02:29.391037+0700,103.195.142.74,118.98.44.50,62260,53,UDP,flow,dns,1618530673083824,,1,1,0,238,0,0.0,1,238,0,none,0,none,0,0,0,no_alert_unknown,no_alert_not_final_benign,-1,dns,app_proto+port
2025-07-19T23:02:29.391059+0700,103.195.142.196,87.98.154.85,53,63452,UDP,flow,failed,986879167677886,,1,3,0,4311,0,9.0,3,4311,0,none,0,none,0,0,0,no_alert_unknown,no_alert_not_final_benign,-1,dns,port
2025-07-19T23:02:29.391191+0700,103.195.142.3,172.253.211.83,53,45531,UDP,flow,failed,920806240798316,,1,1,0,159,0,0.0,1,159,0,none,0,none,0,0,0,no_alert_unknown,no_alert_not_final_benign,-1,dns,port
2025-07-19T23:02:29.391227+0700,103.195.142.75,8.8.8.8,54961,53,UDP,flow,dns,869677115819700,,1,1,0,104,0,0.0,1,104,0,none,0,none,0,0,0,no_alert_unknown,no_alert_not_final_benign,-1,dns,app_proto+port
2025-07-19T23:02:29.391249+0700,103.195.142.109,87.98.154.119,53,39401,UDP,flow,failed,958484384630516,,1,1,0,1437,0,0.0,1,1437,0,none,0,none,0,0,0,no_alert_unknown,no_alert_not_final_benign,-1,dns,port
2025-07-19T23:02:29.391328+0700,103.195.142.196,87.98.154.169,53,26046,UDP,flow,failed,1528341094320056,,1,1,0,1437,0,0.0,1,1437,0,none,0,none,0,0,0,no_alert_unknown,no_alert_not_final_benign,-1,dns,port
2025-07-19T23:02:29.391347+0700,103.195.142.46,87.98.154.19,53,23322,UDP,flow,failed,422195609257931,,1,3,0,4311,0,10.0,3,4311,0,none,0,none,0,0,0,no_alert_unknown,no_alert_not_final_benign,-1,dns,port
2025-07-19T23:02:29.391410+0700,103.195.142.196,87.98.154.118,53,59729,UDP,flow,failed,1566045180840072,,1,1,0,1437,0,0.0,1,1437,0,none,0,none,0,0,0,no_alert_unknown,no_alert_not_final_benign,-1,dns,port
2025-07-19T23:02:29.391457+0700,103.195.142.46,87.98.154.7,53,49125,UDP,flow,failed,1476416336021870,,1,1,0,1437,0,0.0,1,1437,0,none,0,none,0,0,0,no_alert_unknown,no_alert_not_final_benign,-1,dns,port
2025-07-19T23:02:29.391477+0700,103.195.142.165,87.98.154.61,53,25480,UDP,flow,failed,852703788845484,,1,1,0,1437,0,0.0,1,1437,0,none,0,none,0,0,0,no_alert_unknown,no_alert_not_final_benign,-1,dns,port
2025-07-19T23:02:29.391518+0700,103.195.142.109,87.98.154.17,53,42810,UDP,flow,failed,1536493425773057,,1,1,0,1437,0,0.0,1,1437,0,none,0,none,0,0,0,no_alert_unknown,no_alert_not_final_benign,-1,dns,port
2025-07-19T23:02:29.391556+0700,103.195.142.196,87.98.154.81,53,39155,UDP,flow,failed,1066078110665361,,1,1,0,1437,0,0.0,1,1437,0,none,0,none,0,0,0,no_alert_unknown,no_alert_not_final_benign,-1,dns,port
2025-07-19T23:02:29.391622+0700,103.195.142.46,87.98.154.119,53,8113,UDP,flow,failed,1509895939476152,,1,1,0,1437,0,0.0,1,1437,0,none,0,none,0,0,0,no_alert_unknown,no_alert_not_final_benign,-1,dns,port
2025-07-19T23:02:29.391653+0700,103.195.142.2,74.63.20.236,53,23260,UDP,flow,failed,1446394157189832,,1,1,0,127,0,0.0,1,127,0,none,0,none,0,0,0,no_alert_unknown,no_alert_not_final_benign,-1,dns,port
2025-07-19T23:02:29.391724+0700,103.195.142.196,87.98.154.133,53,35535,UDP,flow,failed,1177651655068555,,1,1,0,1437,0,0.0,1,1437,0,none,0,none,0,0,0,no_alert_unknown,no_alert_not_final_benign,-1,dns,port
2025-07-19T23:02:29.391794+0700,103.195.142.74,118.98.44.50,7927,53,UDP,flow,dns,954417966861301,,1,1,0,83,0,0.0,1,83,0,none,0,none,0,0,0,no_alert_unknown,no_alert_not_final_benign,-1,dns,app_proto+port
2025-07-19T23:02:29.391882+0700,103.195.142.83,87.98.154.74,53,62917,UDP,flow,failed,1312742055922813,,1,1,0,1190,0,0.0,1,1190,0,none,0,none,0,0,0,no_alert_unknown,no_alert_not_final_benign,-1,dns,port
2025-07-19T23:02:29.391902+0700,103.195.142.165,87.98.154.119,53,60618,UDP,flow,failed,878680619535535,,1,1,0,1437,0,0.0,1,1437,0,none,0,none,0,0,0,no_alert_unknown,no_alert_not_final_benign,-1,dns,port
2025-07-19T23:02:29.391943+0700,103.195.142.76,87.98.154.119,53,24594,UDP,flow,failed,890073547984096,,1,1,0,1469,0,0.0,1,1469,0,none,0,none,0,0,0,no_alert_unknown,no_alert_not_final_benign,-1,dns,port
2025-07-19T23:02:29.391962+0700,103.195.142.75,8.8.8.8,38359,53,UDP,flow,dns,1117969329081569,,1,1,0,76,0,0.0,1,76,0,none,0,none,0,0,0,no_alert_unknown,no_alert_not_final_benign,-1,dns,app_proto+port
2025-07-19T23:02:29.392004+0700,103.195.142.75,8.8.8.8,2015,53,UDP,flow,dns,1183859048762806,,1,1,0,68,0,0.0,1,68,0,none,0,none,0,0,0,no_alert_unknown,no_alert_not_final_benign,-1,dns,app_proto+port
2025-07-19T23:02:29.392122+0700,103.195.142.109,87.98.154.185,53,20227,UDP,flow,failed,1021905112649338,,1,1,0,1437,0,0.0,1,1437,0,none,0,none,0,0,0,no_alert_unknown,no_alert_not_final_benign,-1,dns,port
2025-07-19T23:02:29.392189+0700,103.195.142.75,8.8.8.8,46484,53,UDP,flow,dns,1463403297296090,,1,1,0,84,0,0.0,1,84,0,none,0,none,0,0,0,no_alert_unknown,no_alert_not_final_benign,-1,dns,app_proto+port
2025-07-19T23:02:29.392234+0700,103.195.142.75,8.8.8.8,43259,53,UDP,flow,dns,1101541342433166,,1,1,0,84,0,0.0,1,84,0,none,0,none,0,0,0,no_alert_unknown,no_alert_not_final_benign,-1,dns,app_proto+port
2025-07-19T23:02:29.392279+0700,103.195.142.76,87.98.154.50,53,21414,UDP,flow,failed,761257992572907,,1,3,0,4407,0,10.0,3,4407,0,none,0,none,0,0,0,no_alert_unknown,no_alert_not_final_benign,-1,dns,port
2025-07-19T23:02:29.392327+0700,103.195.142.196,87.98.154.161,53,32471,UDP,flow,failed,863423619452954,,1,1,0,1437,0,0.0,1,1437,0,none,0,none,0,0,0,no_alert_unknown,no_alert_not_final_benign,-1,dns,port
2025-07-19T23:02:29.392060+0700,103.195.142.74,118.98.44.100,3785,53,UDP,dns,,1683886760210920,wire/pcap,0,0,0,0,0,0.0,0,0,0,none,0,none,0,0,0,no_alert_unknown,no_alert_not_final_benign,-1,dns,port
2025-07-19T23:02:29.392471+0700,103.195.142.196,87.98.154.77,53,2952,UDP,flow,failed,1506691331182718,,1,1,0,1437,0,0.0,1,1437,0,none,0,none,0,0,0,no_alert_unknown,no_alert_not_final_benign,-1,dns,port
2025-07-19T23:02:29.392491+0700,103.195.142.3,173.194.170.26,53,65501,UDP,flow,failed,1235672866083012,,1,1,0,160,0,0.0,1,160,0,none,0,none,0,0,0,no_alert_unknown,no_alert_not_final_benign,-1,dns,port
2025-07-19T23:02:29.392608+0700,103.195.142.76,87.98.154.22,53,50277,UDP,flow,failed,990047872274840,,1,1,0,1469,0,0.0,1,1469,0,none,0,none,0,0,0,no_alert_unknown,no_alert_not_final_benign,-1,dns,port
2025-07-19T23:02:29.392651+0700,103.195.142.196,87.98.154.119,53,37312,UDP,flow,failed,971066345378271,,1,1,0,1437,0,0.0,1,1437,0,none,0,none,0,0,0,no_alert_unknown,no_alert_not_final_benign,-1,dns,port
2025-07-19T23:02:29.392671+0700,103.195.142.46,87.98.154.247,53,46848,UDP,flow,failed,1120518807343709,,1,1,0,1437,0,0.0,1,1437,0,none,0,none,0,0,0,no_alert_unknown,no_alert_not_final_benign,-1,dns,port
2025-07-19T23:02:29.392724+0700,103.195.142.109,87.98.154.119,53,35111,UDP,flow,failed,1306026944156289,,1,1,0,1437,0,0.0,1,1437,0,none,0,none,0,0,0,no_alert_unknown,no_alert_not_final_benign,-1,dns,port
2025-07-19T23:02:29.392860+0700,103.195.142.109,87.98.154.189,53,28851,UDP,flow,failed,1088856580608839,,1,1,0,1437,0,0.0,1,1437,0,none,0,none,0,0,0,no_alert_unknown,no_alert_not_final_benign,-1,dns,port
2025-07-19T23:02:29.392805+0700,103.195.142.75,8.8.8.8,1074,53,UDP,dns,,1687087321270025,wire/pcap,0,0,0,0,0,0.0,0,0,0,none,0,none,0,0,0,no_alert_unknown,no_alert_not_final_benign,-1,dns,port
2025-07-19T23:02:29.392953+0700,103.195.142.83,87.98.154.119,53,49691,UDP,flow,failed,1442464132092866,,1,1,0,1190,0,0.0,1,1190,0,none,0,none,0,0,0,no_alert_unknown,no_alert_not_final_benign,-1,dns,port
2025-07-19T23:02:29.392975+0700,103.195.142.74,118.98.44.20,25137,53,UDP,flow,dns,1371203977073624,,1,1,0,214,0,0.0,1,214,0,none,0,none,0,0,0,no_alert_unknown,no_alert_not_final_benign,-1,dns,app_proto+port
2025-07-19T23:02:29.393020+0700,103.195.142.46,87.98.154.119,53,35156,UDP,flow,failed,1360154616583175,,1,1,0,1437,0,0.0,1,1437,0,none,0,none,0,0,0,no_alert_unknown,no_alert_not_final_benign,-1,dns,port
2025-07-19T23:02:29.393126+0700,103.195.142.74,118.98.44.20,51089,53,UDP,flow,dns,1210117024699525,,1,1,0,202,0,0.0,1,202,0,none,0,none,0,0,0,no_alert_unknown,no_alert_not_final_benign,-1,dns,app_proto+port
2025-07-19T23:02:29.393166+0700,103.195.142.109,87.98.154.245,53,29360,UDP,flow,failed,554272392860886,,1,3,0,4311,0,10.0,3,4311,0,none,0,none,0,0,0,no_alert_unknown,no_alert_not_final_benign,-1,dns,port
2025-07-19T23:02:29.393254+0700,103.195.142.195,87.98.154.204,53,44122,UDP,flow,failed,634222052365680,,1,3,0,4311,0,10.0,3,4311,0,none,0,none,0,0,0,no_alert_unknown,no_alert_not_final_benign,-1,dns,port
2025-07-19T23:02:29.393296+0700,103.195.142.196,87.98.154.118,53,26195,UDP,flow,failed,1497504458594005,,1,1,0,1437,0,0.0,1,1437,0,none,0,none,0,0,0,no_alert_unknown,no_alert_not_final_benign,-1,dns,port
2025-07-19T23:02:29.393315+0700,103.195.142.46,87.98.154.35,53,49039,UDP,flow,failed,1167602698475254,,1,1,0,1437,0,0.0,1,1437,0,none,0,none,0,0,0,no_alert_unknown,no_alert_not_final_benign,-1,dns,port
2025-07-19T23:02:29.393420+0700,103.195.142.74,202.134.0.155,5816,53,UDP,flow,dns,1402279425136644,,1,1,0,84,0,0.0,1,84,0,none,0,none,0,0,0,no_alert_unknown,no_alert_not_final_benign,-1,dns,app_proto+port
2025-07-19T23:02:29.393440+0700,103.195.142.75,8.8.8.8,57963,53,UDP,flow,dns,1559358657583131,,1,1,0,211,0,0.0,1,211,0,none,0,none,0,0,0,no_alert_unknown,no_alert_not_final_benign,-1,dns,app_proto+port
2025-07-19T23:02:29.393459+0700,103.195.142.46,87.98.154.118,53,16622,UDP,flow,failed,953559457650827,,1,1,0,1437,0,0.0,1,1437,0,none,0,none,0,0,0,no_alert_unknown,no_alert_not_final_benign,-1,dns,port
2025-07-19T23:02:29.393497+0700,103.195.142.196,87.98.154.169,53,28942,UDP,flow,failed,1423909502113984,,1,1,0,1437,0,0.0,1,1437,0,none,0,none,0,0,0,no_alert_unknown,no_alert_not_final_benign,-1,dns,port
2025-07-19T23:02:29.393520+0700,103.195.142.83,87.98.154.119,53,63994,UDP,flow,failed,1388920975710422,,1,1,0,1190,0,0.0,1,1190,0,none,0,none,0,0,0,no_alert_unknown,no_alert_not_final_benign,-1,dns,port
2025-07-19T23:02:29.393539+0700,103.195.142.74,118.98.44.100,6553,53,UDP,flow,dns,1331431287216354,,1,1,0,78,0,0.0,1,78,0,none,0,none,0,0,0,no_alert_unknown,no_alert_not_final_benign,-1,dns,app_proto+port
2025-07-19T23:02:29.393582+0700,103.195.142.195,87.98.154.176,53,3133,UDP,flow,failed,863926351288583,,1,1,0,1437,0,0.0,1,1437,0,none,0,none,0,0,0,no_alert_unknown,no_alert_not_final_benign,-1,dns,port
2025-07-19T23:02:29.393650+0700,103.195.142.165,87.98.154.119,53,62722,UDP,flow,failed,1281404634585535,,1,1,0,1437,0,0.0,1,1437,0,none,0,none,0,0,0,no_alert_unknown,no_alert_not_final_benign,-1,dns,port
2025-07-19T23:02:29.393735+0700,103.195.142.75,8.8.8.8,32291,53,UDP,flow,dns,1347216696990491,,1,1,0,196,0,0.0,1,196,0,none,0,none,0,0,0,no_alert_unknown,no_alert_not_final_benign,-1,dns,app_proto+port
2025-07-19T23:02:29.393755+0700,103.195.142.74,118.98.44.100,49295,53,UDP,flow,dns,987849466239824,,1,1,0,76,0,0.0,1,76,0,none,0,none,0,0,0,no_alert_unknown,no_alert_not_final_benign,-1,dns,app_proto+port
2025-07-19T23:02:29.393775+0700,103.195.142.75,8.8.8.8,7952,53,UDP,flow,dns,954533688761182,,1,1,0,75,0,0.0,1,75,0,none,0,none,0,0,0,no_alert_unknown,no_alert_not_final_benign,-1,dns,app_proto+port
2025-07-19T23:02:29.393800+0700,103.195.142.83,87.98.154.119,53,56603,UDP,flow,failed,1611884496345988,,1,1,0,1190,0,0.0,1,1190,0,none,0,none,0,0,0,no_alert_unknown,no_alert_not_final_benign,-1,dns,port
2025-07-19T23:02:29.393840+0700,103.195.142.195,87.98.154.60,53,54021,UDP,flow,failed,976832758602703,,1,1,0,1437,0,0.0,1,1437,0,none,0,none,0,0,0,no_alert_unknown,no_alert_not_final_benign,-1,dns,port
2025-07-19T23:02:29.393859+0700,103.195.142.83,87.98.154.218,53,58702,UDP,flow,failed,887518212643861,,1,1,0,1190,0,0.0,1,1190,0,none,0,none,0,0,0,no_alert_unknown,no_alert_not_final_benign,-1,dns,port
2025-07-19T23:02:29.393878+0700,103.195.142.74,118.98.44.50,51516,53,UDP,flow,dns,1184287458712746,,1,1,0,202,0,0.0,1,202,0,none,0,none,0,0,0,no_alert_unknown,no_alert_not_final_benign,-1,dns,app_proto+port
2025-07-19T23:02:29.393899+0700,103.195.142.83,87.98.154.102,53,39091,UDP,flow,failed,940786206366922,,1,1,0,1190,0,0.0,1,1190,0,none,0,none,0,0,0,no_alert_unknown,no_alert_not_final_benign,-1,dns,port
2025-07-19T23:02:29.393923+0700,103.195.142.109,87.98.154.119,53,5789,UDP,flow,failed,1325478253288714,,1,1,0,1437,0,0.0,1,1437,0,none,0,none,0,0,0,no_alert_unknown,no_alert_not_final_benign,-1,dns,port
2025-07-19T23:02:29.393942+0700,103.195.142.74,118.98.44.20,3286,53,UDP,flow,dns,926397811973456,,1,1,0,178,0,0.0,1,178,0,none,0,none,0,0,0,no_alert_unknown,no_alert_not_final_benign,-1,dns,app_proto+port
2025-07-19T23:02:29.393982+0700,103.195.142.74,118.98.44.20,3870,53,UDP,flow,dns,1054866263105032,,1,1,0,102,0,0.0,1,102,0,none,0,none,0,0,0,no_alert_unknown,no_alert_not_final_benign,-1,dns,app_proto+port
2025-07-19T23:02:29.394023+0700,103.195.142.76,87.98.154.106,53,23726,UDP,flow,failed,1670452300406352,,1,1,0,1469,0,0.0,1,1469,0,none,0,none,0,0,0,no_alert_unknown,no_alert_not_final_benign,-1,dns,port
2025-07-19T23:02:29.394041+0700,103.195.142.74,202.134.0.155,4483,53,UDP,flow,dns,808371531538001,,1,2,0,202,0,3.0,2,202,0,none,0,none,0,0,0,no_alert_unknown,no_alert_not_final_benign,-1,dns,app_proto+port
2025-07-19T23:02:29.394061+0700,103.195.142.83,87.98.154.214,53,22689,UDP,flow,failed,1074764434759275,,1,1,0,1190,0,0.0,1,1190,0,none,0,none,0,0,0,no_alert_unknown,no_alert_not_final_benign,-1,dns,port
2025-07-19T23:02:29.394108+0700,103.195.142.165,87.98.154.119,53,1496,UDP,flow,failed,1539299994361534,,1,1,0,1437,0,0.0,1,1437,0,none,0,none,0,0,0,no_alert_unknown,no_alert_not_final_benign,-1,dns,port
2025-07-19T23:02:29.394145+0700,103.195.142.195,87.98.154.119,53,23809,UDP,flow,failed,1614552198864664,,1,1,0,1437,0,0.0,1,1437,0,none,0,none,0,0,0,no_alert_unknown,no_alert_not_final_benign,-1,dns,port
2025-07-19T23:02:29.394165+0700,103.195.142.196,87.98.154.119,53,29892,UDP,flow,failed,1585693456326466,,1,1,0,1437,0,0.0,1,1437,0,none,0,none,0,0,0,no_alert_unknown,no_alert_not_final_benign,-1,dns,port
2025-07-19T23:02:29.394184+0700,103.195.142.74,202.134.0.155,61446,53,UDP,flow,dns,1059247698665288,,1,1,0,91,0,0.0,1,91,0,none,0,none,0,0,0,no_alert_unknown,no_alert_not_final_benign,-1,dns,app_proto+port
2025-07-19T23:02:29.394233+0700,103.195.142.74,118.98.44.100,28733,53,UDP,flow,dns,1005072198786916,,1,1,0,184,0,0.0,1,184,0,none,0,none,0,0,0,no_alert_unknown,no_alert_not_final_benign,-1,dns,app_proto+port
2025-07-19T23:02:29.394254+0700,103.195.142.76,87.98.154.190,53,34508,UDP,flow,failed,938113118625682,,1,1,0,1469,0,0.0,1,1469,0,none,0,none,0,0,0,no_alert_unknown,no_alert_not_final_benign,-1,dns,port
2025-07-19T23:02:29.394295+0700,103.195.142.74,202.134.0.155,37173,53,UDP,flow,dns,1617933461741714,,1,1,0,214,0,0.0,1,214,0,none,0,none,0,0,0,no_alert_unknown,no_alert_not_final_benign,-1,dns,app_proto+port
2025-07-19T23:02:29.394315+0700,103.195.142.76,87.98.154.119,53,14435,UDP,flow,failed,1165223127343318,,1,1,0,1469,0,0.0,1,1469,0,none,0,none,0,0,0,no_alert_unknown,no_alert_not_final_benign,-1,dns,port
2025-07-19T23:02:29.394341+0700,103.195.142.76,87.98.154.50,53,50495,UDP,flow,failed,893491156148599,,1,1,0,1469,0,0.0,1,1469,0,none,0,none,0,0,0,no_alert_unknown,no_alert_not_final_benign,-1,dns,port
2025-07-19T23:02:29.394361+0700,103.195.142.74,118.98.44.20,26977,53,UDP,flow,dns,1562470945382816,,1,1,0,78,0,0.0,1,78,0,none,0,none,0,0,0,no_alert_unknown,no_alert_not_final_benign,-1,dns,app_proto+port
2025-07-19T23:02:29.394381+0700,103.195.142.46,87.98.154.119,53,21048,UDP,flow,failed,1084945560756854,,1,1,0,1437,0,0.0,1,1437,0,none,0,none,0,0,0,no_alert_unknown,no_alert_not_final_benign,-1,dns,port
2025-07-19T23:02:29.394424+0700,103.195.142.74,118.98.44.20,53999,53,UDP,flow,dns,1077814962283191,,1,1,0,92,0,0.0,1,92,0,none,0,none,0,0,0,no_alert_unknown,no_alert_not_final_benign,-1,dns,app_proto+port
2025-07-19T23:02:29.394483+0700,103.195.142.46,87.98.154.131,53,49211,UDP,flow,failed,1564448701211358,,1,1,0,1437,0,0.0,1,1437,0,none,0,none,0,0,0,no_alert_unknown,no_alert_not_final_benign,-1,dns,port
2025-07-19T23:02:29.394615+0700,103.195.142.46,87.98.154.11,53,9667,UDP,flow,failed,1214057510331174,,1,1,0,1437,0,0.0,1,1437,0,none,0,none,0,0,0,no_alert_unknown,no_alert_not_final_benign,-1,dns,port
2025-07-19T23:02:29.394672+0700,103.195.142.165,87.98.154.205,53,44101,UDP,flow,failed,933787873043261,,1,1,0,1437,0,0.0,1,1437,0,none,0,none,0,0,0,no_alert_unknown,no_alert_not_final_benign,-1,dns,port
2025-07-19T23:02:29.394721+0700,103.195.142.195,87.98.154.4,53,35158,UDP,flow,failed,1677948675613563,,1,1,0,1437,0,0.0,1,1437,0,none,0,none,0,0,0,no_alert_unknown,no_alert_not_final_benign,-1,dns,port
2025-07-19T23:02:29.394743+0700,103.195.142.76,87.98.154.190,53,61974,UDP,flow,failed,886712236761989,,1,1,0,1469,0,0.0,1,1469,0,none,0,none,0,0,0,no_alert_unknown,no_alert_not_final_benign,-1,dns,port
2025-07-19T23:02:29.394762+0700,103.195.142.195,87.98.154.119,53,22273,UDP,flow,failed,1265609776948204,,1,1,0,1437,0,0.0,1,1437,0,none,0,none,0,0,0,no_alert_unknown,no_alert_not_final_benign,-1,dns,port
2025-07-19T23:02:29.394780+0700,103.195.142.75,8.8.8.8,34822,53,UDP,flow,dns,1334511834162167,,1,1,0,101,0,0.0,1,101,0,none,0,none,0,0,0,no_alert_unknown,no_alert_not_final_benign,-1,dns,app_proto+port
2025-07-19T23:02:29.394828+0700,103.195.142.83,87.98.154.46,53,45923,UDP,flow,failed,1536403398059014,,1,1,0,1190,0,0.0,1,1190,0,none,0,none,0,0,0,no_alert_unknown,no_alert_not_final_benign,-1,dns,port
2025-07-19T23:02:29.394846+0700,103.195.142.2,74.114.31.145,53,58175,UDP,flow,failed,1631453945324562,,1,1,0,243,0,0.0,1,243,0,none,0,none,0,0,0,no_alert_unknown,no_alert_not_final_benign,-1,dns,port
2025-07-19T23:02:29.394877+0700,103.195.142.109,87.98.154.119,53,26323,UDP,flow,failed,925524148544581,,1,1,0,1437,0,0.0,1,1437,0,none,0,none,0,0,0,no_alert_unknown,no_alert_not_final_benign,-1,dns,port
2025-07-19T23:02:29.394897+0700,103.195.142.76,87.98.154.117,53,11240,UDP,flow,failed,978700300117155,,1,1,0,1469,0,0.0,1,1469,0,none,0,none,0,0,0,no_alert_unknown,no_alert_not_final_benign,-1,dns,port
2025-07-19T23:02:29.394942+0700,103.195.142.165,87.98.154.225,53,1856,UDP,flow,failed,1287004682904833,,1,1,0,1437,0,0.0,1,1437,0,none,0,none,0,0,0,no_alert_unknown,no_alert_not_final_benign,-1,dns,port
2025-07-19T23:02:29.394980+0700,103.195.142.196,87.98.154.117,53,1999,UDP,flow,failed,1571179743733181,,1,1,0,1437,0,0.0,1,1437,0,none,0,none,0,0,0,no_alert_unknown,no_alert_not_final_benign,-1,dns,port
2025-07-19T23:02:29.395042+0700,103.195.142.74,118.98.44.100,26967,53,UDP,flow,dns,1117695643608629,,1,1,0,84,0,0.0,1,84,0,none,0,none,0,0,0,no_alert_unknown,no_alert_not_final_benign,-1,dns,app_proto+port
2025-07-19T23:02:29.395080+0700,103.195.142.109,87.98.154.233,53,5198,UDP,flow,failed,1401478825961055,,1,1,0,1437,0,0.0,1,1437,0,none,0,none,0,0,0,no_alert_unknown,no_alert_not_final_benign,-1,dns,port
2025-07-19T23:02:29.395159+0700,103.195.142.76,87.98.154.70,53,31691,UDP,flow,failed,1259425277863722,,1,1,0,1469,0,0.0,1,1469,0,none,0,none,0,0,0,no_alert_unknown,no_alert_not_final_benign,-1,dns,port
2025-07-19T23:02:29.395201+0700,103.195.142.74,118.98.44.100,28447,53,UDP,flow,dns,1240307169879938,,1,1,0,87,0,0.0,1,87,0,none,0,none,0,0,0,no_alert_unknown,no_alert_not_final_benign,-1,dns,app_proto+port
2025-07-19T23:02:29.395221+0700,103.195.142.74,118.98.44.100,42297,53,UDP,flow,dns,960747350583349,,1,1,0,106,0,0.0,1,106,0,none,0,none,0,0,0,no_alert_unknown,no_alert_not_final_benign,-1,dns,app_proto+port
2025-07-19T23:02:29.395272+0700,103.195.142.2,143.198.208.124,53,6174,UDP,flow,failed,1326073431124059,,1,1,0,131,0,0.0,1,131,0,none,0,none,0,0,0,no_alert_unknown,no_alert_not_final_benign,-1,dns,port
2025-07-19T23:02:29.395291+0700,103.195.142.76,87.98.154.250,53,21830,UDP,flow,failed,1164428538079327,,1,3,0,4407,0,9.0,3,4407,0,none,0,none,0,0,0,no_alert_unknown,no_alert_not_final_benign,-1,dns,port
2025-07-19T23:02:29.395310+0700,103.195.142.46,87.98.154.75,53,55980,UDP,flow,failed,1364910792698114,,1,1,0,1437,0,0.0,1,1437,0,none,0,none,0,0,0,no_alert_unknown,no_alert_not_final_benign,-1,dns,port
2025-07-19T23:02:29.395328+0700,103.195.142.74,118.98.44.20,64091,53,UDP,flow,dns,1683158259853581,,1,1,0,82,0,0.0,1,82,0,none,0,none,0,0,0,no_alert_unknown,no_alert_not_final_benign,-1,dns,app_proto+port
2025-07-19T23:02:29.395370+0700,103.195.142.46,87.98.154.119,53,46191,UDP,flow,failed,898955467876738,,1,1,0,1437,0,0.0,1,1437,0,none,0,none,0,0,0,no_alert_unknown,no_alert_not_final_benign,-1,dns,port
2025-07-19T23:02:29.395389+0700,103.195.142.75,8.8.8.8,64041,53,UDP,flow,dns,1254686549076381,,1,1,0,204,0,0.0,1,204,0,none,0,none,0,0,0,no_alert_unknown,no_alert_not_final_benign,-1,dns,app_proto+port
2025-07-19T23:02:29.395435+0700,103.195.142.109,87.98.154.217,53,20011,UDP,flow,failed,592169176000996,,1,3,0,4311,0,10.0,3,4311,0,none,0,none,0,0,0,no_alert_unknown,no_alert_not_final_benign,-1,dns,port
2025-07-19T23:02:29.395454+0700,103.195.142.46,87.98.154.119,53,21055,UDP,flow,failed,1686362815916619,,1,1,0,1437,0,0.0,1,1437,0,none,0,none,0,0,0,no_alert_unknown,no_alert_not_final_benign,-1,dns,port
2025-07-19T23:02:29.395803+0700,103.195.142.83,87.98.154.119,53,41675,UDP,flow,failed,991307390315376,,1,1,0,1190,0,0.0,1,1190,0,none,0,none,0,0,0,no_alert_unknown,no_alert_not_final_benign,-1,dns,port
2025-07-19T23:02:29.395822+0700,103.195.142.74,118.98.44.50,14236,53,UDP,flow,dns,1499088445303667,,1,1,0,77,0,0.0,1,77,0,none,0,none,0,0,0,no_alert_unknown,no_alert_not_final_benign,-1,dns,app_proto+port
2025-07-19T23:02:29.395843+0700,103.195.142.109,87.98.154.133,53,1173,UDP,flow,failed,1431637234674588,,1,1,0,1437,0,0.0,1,1437,0,none,0,none,0,0,0,no_alert_unknown,no_alert_not_final_benign,-1,dns,port
2025-07-19T23:02:29.395862+0700,103.195.142.165,87.98.154.33,53,18038,UDP,flow,failed,1360316701076428,,1,1,0,1437,0,0.0,1,1437,0,none,0,none,0,0,0,no_alert_unknown,no_alert_not_final_benign,-1,dns,port
2025-07-19T23:02:29.395880+0700,103.195.142.195,87.98.154.118,53,1891,UDP,flow,failed,1180563410578415,,1,1,0,1437,0,0.0,1,1437,0,none,0,none,0,0,0,no_alert_unknown,no_alert_not_final_benign,-1,dns,port
2025-07-19T23:02:29.395908+0700,103.195.142.3,172.70.116.71,53,49043,UDP,flow,failed,1456037376027668,,1,1,0,147,0,0.0,1,147,0,none,0,none,0,0,0,no_alert_unknown,no_alert_not_final_benign,-1,dns,port
2025-07-19T23:02:29.395970+0700,103.195.142.196,87.98.154.119,53,22223,UDP,flow,failed,1598385471745548,,1,1,0,1437,0,0.0,1,1437,0,none,0,none,0,0,0,no_alert_unknown,no_alert_not_final_benign,-1,dns,port
2025-07-19T23:02:29.395989+0700,103.195.142.109,87.98.154.189,53,8313,UDP,flow,failed,949164724842016,,1,3,0,4311,0,9.0,3,4311,0,none,0,none,0,0,0,no_alert_unknown,no_alert_not_final_benign,-1,dns,port
2025-07-19T23:02:29.396007+0700,103.195.142.74,118.98.44.50,45048,53,UDP,flow,dns,1234421910203966,,1,1,0,75,0,0.0,1,75,0,none,0,none,0,0,0,no_alert_unknown,no_alert_not_final_benign,-1,dns,app_proto+port
2025-07-19T23:02:29.396027+0700,103.195.142.109,87.98.154.217,53,1876,UDP,flow,failed,990570297421458,,1,1,0,1437,0,0.0,1,1437,0,none,0,none,0,0,0,no_alert_unknown,no_alert_not_final_benign,-1,dns,port
2025-07-19T23:02:29.396052+0700,103.195.142.109,87.98.154.119,53,58613,UDP,flow,failed,1373254827241216,,1,1,0,1437,0,0.0,1,1437,0,none,0,none,0,0,0,no_alert_unknown,no_alert_not_final_benign,-1,dns,port
2025-07-19T23:02:29.396071+0700,103.195.142.74,118.98.44.20,18658,53,UDP,flow,dns,1479686113521456,,1,1,0,91,0,0.0,1,91,0,none,0,none,0,0,0,no_alert_unknown,no_alert_not_final_benign,-1,dns,app_proto+port
2025-07-19T23:02:29.396090+0700,103.195.142.74,118.98.44.50,61753,53,UDP,flow,dns,1379208021143345,,1,1,0,92,0,0.0,1,92,0,none,0,none,0,0,0,no_alert_unknown,no_alert_not_final_benign,-1,dns,app_proto+port
2025-07-19T23:02:29.396149+0700,103.195.142.109,87.98.154.119,53,2143,UDP,flow,failed,1246798794321818,,1,1,0,1437,0,0.0,1,1437,0,none,0,none,0,0,0,no_alert_unknown,no_alert_not_final_benign,-1,dns,port
2025-07-19T23:02:29.396168+0700,103.195.142.74,118.98.44.50,20969,53,UDP,flow,dns,1044938782928839,,1,1,0,81,0,0.0,1,81,0,none,0,none,0,0,0,no_alert_unknown,no_alert_not_final_benign,-1,dns,app_proto+port
2025-07-19T23:02:29.396188+0700,103.195.142.74,118.98.44.100,45176,53,UDP,flow,dns,870033482903523,,1,1,0,81,0,0.0,1,81,0,none,0,none,0,0,0,no_alert_unknown,no_alert_not_final_benign,-1,dns,app_proto+port
2025-07-19T23:02:29.396208+0700,103.195.142.109,87.98.154.101,53,43719,UDP,flow,failed,906247197487089,,1,1,0,1437,0,0.0,1,1437,0,none,0,none,0,0,0,no_alert_unknown,no_alert_not_final_benign,-1,dns,port
2025-07-19T23:02:29.396232+0700,103.195.142.76,87.98.154.119,53,7502,UDP,flow,failed,1583271875375134,,1,1,0,1469,0,0.0,1,1469,0,none,0,none,0,0,0,no_alert_unknown,no_alert_not_final_benign,-1,dns,port
2025-07-19T23:02:29.396252+0700,103.195.142.165,87.98.154.119,53,20137,UDP,flow,failed,946462785204282,,1,1,0,1437,0,0.0,1,1437,0,none,0,none,0,0,0,no_alert_unknown,no_alert_not_final_benign,-1,dns,port
2025-07-19T23:02:29.396314+0700,103.195.142.109,87.98.154.101,53,50033,UDP,flow,failed,980548626346135,,1,1,0,1437,0,0.0,1,1437,0,none,0,none,0,0,0,no_alert_unknown,no_alert_not_final_benign,-1,dns,port
2025-07-19T23:02:29.396333+0700,103.195.142.196,87.98.154.119,53,40932,UDP,flow,failed,1339894385209631,,1,1,0,1437,0,0.0,1,1437,0,none,0,none,0,0,0,no_alert_unknown,no_alert_not_final_benign,-1,dns,port
2025-07-19T23:02:29.396407+0700,103.195.142.74,202.134.0.155,40850,53,UDP,flow,dns,1114520487260633,,1,1,0,214,0,0.0,1,214,0,none,0,none,0,0,0,no_alert_unknown,no_alert_not_final_benign,-1,dns,app_proto+port
2025-07-19T23:02:29.396432+0700,103.195.142.196,87.98.154.113,53,22411,UDP,flow,failed,645199747805704,,1,3,0,4311,0,10.0,3,4311,0,none,0,none,0,0,0,no_alert_unknown,no_alert_not_final_benign,-1,dns,port
2025-07-19T23:02:29.396452+0700,103.195.142.74,118.98.44.50,8510,53,UDP,flow,dns,1316872707240499,,1,1,0,75,0,0.0,1,75,0,none,0,none,0,0,0,no_alert_unknown,no_alert_not_final_benign,-1,dns,app_proto+port
2025-07-19T23:02:29.396472+0700,103.195.142.74,118.98.44.50,38097,53,UDP,flow,dns,1234669810217781,,1,1,0,68,0,0.0,1,68,0,none,0,none,0,0,0,no_alert_unknown,no_alert_not_final_benign,-1,dns,app_proto+port
2025-07-19T23:02:29.396491+0700,103.195.142.165,87.98.154.119,53,1215,UDP,flow,failed,1579772922688371,,1,1,0,1437,0,0.0,1,1437,0,none,0,none,0,0,0,no_alert_unknown,no_alert_not_final_benign,-1,dns,port
2025-07-19T23:02:29.396515+0700,103.195.142.74,118.98.44.100,19354,53,UDP,flow,dns,1135552285111193,,1,1,0,82,0,0.0,1,82,0,none,0,none,0,0,0,no_alert_unknown,no_alert_not_final_benign,-1,dns,app_proto+port
2025-07-19T23:02:29.396573+0700,103.195.142.109,87.98.154.129,53,38869,UDP,flow,failed,1226571386385477,,1,1,0,1437,0,0.0,1,1437,0,none,0,none,0,0,0,no_alert_unknown,no_alert_not_final_benign,-1,dns,port
2025-07-19T23:02:29.396592+0700,103.195.142.46,87.98.154.103,53,45164,UDP,flow,failed,1191519417660487,,1,1,0,1437,0,0.0,1,1437,0,none,0,none,0,0,0,no_alert_unknown,no_alert_not_final_benign,-1,dns,port
2025-07-19T23:02:29.396610+0700,103.195.142.76,87.98.154.190,53,1816,UDP,flow,failed,1634510737962169,,1,1,0,1469,0,0.0,1,1469,0,none,0,none,0,0,0,no_alert_unknown,no_alert_not_final_benign,-1,dns,port
2025-07-19T23:02:29.396629+0700,103.195.142.74,118.98.44.100,11360,53,UDP,flow,dns,873793780511980,,1,1,0,214,0,0.0,1,214,0,none,0,none,0,0,0,no_alert_unknown,no_alert_not_final_benign,-1,dns,app_proto+port
2025-07-19T23:02:29.396648+0700,103.195.142.76,87.98.154.119,53,20752,UDP,flow,failed,1166081004139774,,1,1,0,1469,0,0.0,1,1469,0,none,0,none,0,0,0,no_alert_unknown,no_alert_not_final_benign,-1,dns,port
2025-07-19T23:02:29.396754+0700,103.195.142.196,87.98.154.253,53,17264,UDP,flow,failed,1098660295407156,,1,1,0,1437,0,0.0,1,1437,0,none,0,none,0,0,0,no_alert_unknown,no_alert_not_final_benign,-1,dns,port
2025-07-19T23:02:29.396793+0700,103.195.142.3,80.12.242.66,53,24148,UDP,flow,failed,1651978770183883,,1,1,0,243,0,0.0,1,243,0,none,0,none,0,0,0,no_alert_unknown,no_alert_not_final_benign,-1,dns,port
2025-07-19T23:02:29.396812+0700,103.195.142.109,87.98.154.119,53,28672,UDP,flow,failed,1023295248463659,,1,1,0,1437,0,0.0,1,1437,0,none,0,none,0,0,0,no_alert_unknown,no_alert_not_final_benign,-1,dns,port
2025-07-19T23:02:29.396872+0700,103.195.142.196,87.98.154.85,53,43379,UDP,flow,failed,904279843600237,,1,1,0,1437,0,0.0,1,1437,0,none,0,none,0,0,0,no_alert_unknown,no_alert_not_final_benign,-1,dns,port
2025-07-19T23:02:29.396894+0700,103.195.142.76,87.98.154.119,53,17812,UDP,flow,failed,1551664884217716,,1,1,0,1469,0,0.0,1,1469,0,none,0,none,0,0,0,no_alert_unknown,no_alert_not_final_benign,-1,dns,port
2025-07-19T23:02:29.396913+0700,103.195.142.196,87.98.154.118,53,53191,UDP,flow,failed,1206295996725137,,1,1,0,1437,0,0.0,1,1437,0,none,0,none,0,0,0,no_alert_unknown,no_alert_not_final_benign,-1,dns,port
2025-07-19T23:02:29.396931+0700,103.195.142.74,118.98.44.100,52600,53,UDP,flow,dns,1287821878294536,,1,1,0,117,0,0.0,1,117,0,none,0,none,0,0,0,no_alert_unknown,no_alert_not_final_benign,-1,dns,app_proto+port
2025-07-19T23:02:29.396972+0700,103.195.142.109,87.98.154.119,53,23014,UDP,flow,failed,1141568682195040,,1,1,0,1437,0,0.0,1,1437,0,none,0,none,0,0,0,no_alert_unknown,no_alert_not_final_benign,-1,dns,port
2025-07-19T23:02:29.396991+0700,103.195.142.46,87.98.154.163,53,17034,UDP,flow,failed,1567610139769027,,1,1,0,1437,0,0.0,1,1437,0,none,0,none,0,0,0,no_alert_unknown,no_alert_not_final_benign,-1,dns,port
2025-07-19T23:02:29.397039+0700,103.195.142.74,202.134.0.155,3871,53,UDP,flow,dns,1557265513904387,,1,1,0,87,0,0.0,1,87,0,none,0,none,0,0,0,no_alert_unknown,no_alert_not_final_benign,-1,dns,app_proto+port
2025-07-19T23:02:29.397106+0700,103.195.142.83,87.98.154.117,53,56196,UDP,flow,failed,1150775982094758,,1,1,0,1190,0,0.0,1,1190,0,none,0,none,0,0,0,no_alert_unknown,no_alert_not_final_benign,-1,dns,port
2025-07-19T23:02:29.397169+0700,103.195.142.165,87.98.154.119,53,64196,UDP,flow,failed,1108299935840782,,1,1,0,1437,0,0.0,1,1437,0,none,0,none,0,0,0,no_alert_unknown,no_alert_not_final_benign,-1,dns,port
2025-07-19T23:02:29.397234+0700,103.195.142.83,87.98.154.117,53,59140,UDP,flow,failed,1120314334509846,,1,1,0,1190,0,0.0,1,1190,0,none,0,none,0,0,0,no_alert_unknown,no_alert_not_final_benign,-1,dns,port
2025-07-19T23:02:29.397253+0700,103.195.142.196,87.98.154.225,53,46480,UDP,flow,failed,918570627431336,,1,1,0,1437,0,0.0,1,1437,0,none,0,none,0,0,0,no_alert_unknown,no_alert_not_final_benign,-1,dns,port
2025-07-19T23:02:29.397271+0700,103.195.142.74,118.98.44.50,3208,53,UDP,flow,dns,1418382487059408,,1,1,0,214,0,0.0,1,214,0,none,0,none,0,0,0,no_alert_unknown,no_alert_not_final_benign,-1,dns,app_proto+port
2025-07-19T23:02:29.397291+0700,103.195.142.196,87.98.154.119,53,34398,UDP,flow,failed,1380141580614871,,1,1,0,1437,0,0.0,1,1437,0,none,0,none,0,0,0,no_alert_unknown,no_alert_not_final_benign,-1,dns,port
2025-07-19T23:02:29.397310+0700,103.195.142.74,118.98.44.20,52948,53,UDP,flow,dns,898866435783977,,1,1,0,196,0,0.0,1,196,0,none,0,none,0,0,0,no_alert_unknown,no_alert_not_final_benign,-1,dns,app_proto+port
2025-07-19T23:02:29.397330+0700,103.195.142.83,87.98.154.130,53,24895,UDP,flow,failed,1561017142541638,,1,1,0,1190,0,0.0,1,1190,0,none,0,none,0,0,0,no_alert_unknown,no_alert_not_final_benign,-1,dns,port
2025-07-19T23:02:29.397354+0700,103.195.142.165,87.98.154.119,53,20322,UDP,flow,failed,1158024132689280,,1,1,0,1437,0,0.0,1,1437,0,none,0,none,0,0,0,no_alert_unknown,no_alert_not_final_benign,-1,dns,port
2025-07-19T23:02:29.397414+0700,103.195.142.109,87.98.154.118,53,26147,UDP,flow,failed,1490610556894729,,1,1,0,1437,0,0.0,1,1437,0,none,0,none,0,0,0,no_alert_unknown,no_alert_not_final_benign,-1,dns,port
2025-07-19T23:02:29.397432+0700,103.195.142.83,87.98.154.118,53,20362,UDP,flow,failed,1267032324767255,,1,1,0,1190,0,0.0,1,1190,0,none,0,none,0,0,0,no_alert_unknown,no_alert_not_final_benign,-1,dns,port
2025-07-19T23:02:29.397451+0700,103.195.142.195,87.98.154.204,53,62612,UDP,flow,failed,1054611598671394,,1,1,0,1437,0,0.0,1,1437,0,none,0,none,0,0,0,no_alert_unknown,no_alert_not_final_benign,-1,dns,port
2025-07-19T23:02:29.397473+0700,103.195.142.2,172.253.7.221,53,42447,UDP,flow,failed,1236668310289959,,1,1,0,214,0,0.0,1,214,0,none,0,none,0,0,0,no_alert_unknown,no_alert_not_final_benign,-1,dns,port
2025-07-19T23:02:29.397540+0700,103.195.142.83,87.98.154.74,53,49483,UDP,flow,failed,1159203766599251,,1,1,0,1190,0,0.0,1,1190,0,none,0,none,0,0,0,no_alert_unknown,no_alert_not_final_benign,-1,dns,port
2025-07-19T23:02:29.397579+0700,103.195.142.196,87.98.154.119,53,45965,UDP,flow,failed,1006323982597739,,1,1,0,1437,0,0.0,1,1437,0,none,0,none,0,0,0,no_alert_unknown,no_alert_not_final_benign,-1,dns,port
2025-07-19T23:02:29.397730+0700,103.195.142.46,87.98.154.63,53,56300,UDP,flow,failed,885329308942020,,1,1,0,1437,0,0.0,1,1437,0,none,0,none,0,0,0,no_alert_unknown,no_alert_not_final_benign,-1,dns,port
2025-07-19T23:02:29.397805+0700,103.195.142.74,118.98.44.50,57971,53,UDP,flow,dns,931442517737332,,1,1,0,184,0,0.0,1,184,0,none,0,none,0,0,0,no_alert_unknown,no_alert_not_final_benign,-1,dns,app_proto+port
2025-07-19T23:02:29.397875+0700,103.195.142.196,87.98.154.29,53,20488,UDP,flow,failed,1497549588135896,,1,1,0,1437,0,0.0,1,1437,0,none,0,none,0,0,0,no_alert_unknown,no_alert_not_final_benign,-1,dns,port
2025-07-19T23:02:29.397895+0700,103.195.142.74,118.98.44.100,4026,53,UDP,flow,dns,1609220145938452,,1,1,0,81,0,0.0,1,81,0,none,0,none,0,0,0,no_alert_unknown,no_alert_not_final_benign,-1,dns,app_proto+port
2025-07-19T23:02:29.397957+0700,103.195.142.109,87.98.154.117,53,55288,UDP,flow,failed,1172594136580159,,1,1,0,1437,0,0.0,1,1437,0,none,0,none,0,0,0,no_alert_unknown,no_alert_not_final_benign,-1,dns,port
2025-07-19T23:02:29.397976+0700,103.195.142.76,87.98.154.78,53,53626,UDP,flow,failed,466321764450371,,1,3,0,4407,0,10.0,3,4407,0,none,0,none,0,0,0,no_alert_unknown,no_alert_not_final_benign,-1,dns,port
2025-07-19T23:02:29.397999+0700,103.195.142.76,87.98.154.119,53,28962,UDP,flow,failed,1261564135145561,,1,1,0,1469,0,0.0,1,1469,0,none,0,none,0,0,0,no_alert_unknown,no_alert_not_final_benign,-1,dns,port
2025-07-19T23:02:29.398036+0700,103.195.142.165,87.98.154.177,53,13851,UDP,flow,failed,862551891771915,,1,3,0,4311,0,9.0,3,4311,0,none,0,none,0,0,0,no_alert_unknown,no_alert_not_final_benign,-1,dns,port
2025-07-19T23:02:29.398054+0700,103.195.142.109,87.98.154.119,53,26340,UDP,flow,failed,1611967028593291,,1,1,0,1437,0,0.0,1,1437,0,none,0,none,0,0,0,no_alert_unknown,no_alert_not_final_benign,-1,dns,port
2025-07-19T23:02:29.398072+0700,103.195.142.83,87.98.154.218,53,45150,UDP,flow,failed,987873920877216,,1,3,0,3570,0,9.0,3,3570,0,none,0,none,0,0,0,no_alert_unknown,no_alert_not_final_benign,-1,dns,port
2025-07-19T23:02:29.398130+0700,103.195.142.195,87.98.154.88,53,49314,UDP,flow,failed,925124503995173,,1,1,0,1437,0,0.0,1,1437,0,none,0,none,0,0,0,no_alert_unknown,no_alert_not_final_benign,-1,dns,port
2025-07-19T23:02:29.398148+0700,103.195.142.75,8.8.8.8,10577,53,UDP,flow,dns,1367759500411835,,1,1,0,92,0,0.0,1,92,0,none,0,none,0,0,0,no_alert_unknown,no_alert_not_final_benign,-1,dns,app_proto+port
2025-07-19T23:02:29.398174+0700,103.195.142.109,87.98.154.45,53,8389,UDP,flow,failed,1381286083298312,,1,1,0,1437,0,0.0,1,1437,0,none,0,none,0,0,0,no_alert_unknown,no_alert_not_final_benign,-1,dns,port
2025-07-19T23:02:29.398216+0700,103.195.142.3,206.126.112.186,53,31137,UDP,flow,failed,1002714491061348,,1,1,0,127,0,0.0,1,127,0,none,0,none,0,0,0,no_alert_unknown,no_alert_not_final_benign,-1,dns,port
2025-07-19T23:02:29.398255+0700,103.195.142.76,87.98.154.14,53,58115,UDP,flow,failed,1591540778730718,,1,1,0,1469,0,0.0,1,1469,0,none,0,none,0,0,0,no_alert_unknown,no_alert_not_final_benign,-1,dns,port
2025-07-19T23:02:29.398361+0700,103.195.142.75,8.8.8.8,33821,53,UDP,flow,dns,1229275163592271,,1,1,0,68,0,0.0,1,68,0,none,0,none,0,0,0,no_alert_unknown,no_alert_not_final_benign,-1,dns,app_proto+port
2025-07-19T23:02:29.398421+0700,103.195.142.165,87.98.154.89,53,9443,UDP,flow,failed,970634157754085,,1,1,0,1437,0,0.0,1,1437,0,none,0,none,0,0,0,no_alert_unknown,no_alert_not_final_benign,-1,dns,port
2025-07-19T23:02:29.398459+0700,103.195.142.74,118.98.44.50,44945,53,UDP,flow,dns,1176063041472406,,1,1,0,68,0,0.0,1,68,0,none,0,none,0,0,0,no_alert_unknown,no_alert_not_final_benign,-1,dns,app_proto+port
2025-07-19T23:02:29.398483+0700,103.195.142.74,118.98.44.50,28035,53,UDP,flow,dns,1166223009253284,,1,1,0,220,0,0.0,1,220,0,none,0,none,0,0,0,no_alert_unknown,no_alert_not_final_benign,-1,dns,app_proto+port
2025-07-19T23:02:29.398549+0700,103.195.142.74,118.98.44.20,45620,53,UDP,flow,dns,1189245447571644,,1,1,0,178,0,0.0,1,178,0,none,0,none,0,0,0,no_alert_unknown,no_alert_not_final_benign,-1,dns,app_proto+port
2025-07-19T23:02:29.398628+0700,103.195.142.165,87.98.154.5,53,21429,UDP,flow,failed,1669264346516058,,1,1,0,1437,0,0.0,1,1437,0,none,0,none,0,0,0,no_alert_unknown,no_alert_not_final_benign,-1,dns,port
2025-07-19T23:02:29.398801+0700,103.195.142.3,152.42.214.10,53,46984,UDP,flow,failed,1318006535621868,,1,1,0,131,0,0.0,1,131,0,none,0,none,0,0,0,no_alert_unknown,no_alert_not_final_benign,-1,dns,port
2025-07-19T23:02:29.398820+0700,103.195.142.195,87.98.154.168,53,3812,UDP,flow,failed,1458797927992586,,1,1,0,1437,0,0.0,1,1437,0,none,0,none,0,0,0,no_alert_unknown,no_alert_not_final_benign,-1,dns,port
2025-07-19T23:02:29.398883+0700,103.195.142.109,87.98.154.209,53,27145,UDP,flow,failed,1618090942664018,,1,1,0,1437,0,0.0,1,1437,0,none,0,none,0,0,0,no_alert_unknown,no_alert_not_final_benign,-1,dns,port
2025-07-19T23:02:29.398972+0700,103.195.142.74,118.98.44.50,12195,53,UDP,flow,dns,1626543517863734,,1,1,0,81,0,0.0,1,81,0,none,0,none,0,0,0,no_alert_unknown,no_alert_not_final_benign,-1,dns,app_proto+port
2025-07-19T23:02:29.398993+0700,103.195.142.74,202.134.0.155,30553,53,UDP,flow,dns,1559722012970824,,1,1,0,77,0,0.0,1,77,0,none,0,none,0,0,0,no_alert_unknown,no_alert_not_final_benign,-1,dns,app_proto+port
2025-07-19T23:02:29.399034+0700,103.195.142.109,87.98.154.117,53,14791,UDP,flow,failed,1364351200137486,,1,1,0,1437,0,0.0,1,1437,0,none,0,none,0,0,0,no_alert_unknown,no_alert_not_final_benign,-1,dns,port
2025-07-19T23:02:29.399052+0700,103.195.142.195,87.98.154.116,53,48965,UDP,flow,failed,1310018320994702,,1,1,0,1437,0,0.0,1,1437,0,none,0,none,0,0,0,no_alert_unknown,no_alert_not_final_benign,-1,dns,port
2025-07-19T23:02:29.399070+0700,103.195.142.196,87.98.154.119,53,49633,UDP,flow,failed,1518378913042879,,1,1,0,1437,0,0.0,1,1437,0,none,0,none,0,0,0,no_alert_unknown,no_alert_not_final_benign,-1,dns,port
2025-07-19T23:02:29.399125+0700,103.195.142.74,202.134.0.155,52017,53,UDP,flow,dns,1170768383447696,,1,1,0,178,0,0.0,1,178,0,none,0,none,0,0,0,no_alert_unknown,no_alert_not_final_benign,-1,dns,app_proto+port
2025-07-19T23:02:29.399146+0700,103.195.142.74,202.134.0.155,55725,53,UDP,flow,dns,1173112441868962,,1,1,0,74,0,0.0,1,74,0,none,0,none,0,0,0,no_alert_unknown,no_alert_not_final_benign,-1,dns,app_proto+port
2025-07-19T23:02:29.399166+0700,103.195.142.74,118.98.44.100,5088,53,UDP,flow,dns,1560807280480992,,1,1,0,77,0,0.0,1,77,0,none,0,none,0,0,0,no_alert_unknown,no_alert_not_final_benign,-1,dns,app_proto+port
2025-07-19T23:02:29.399186+0700,103.195.142.196,87.98.154.119,53,27344,UDP,flow,failed,1153958469243724,,1,1,0,1437,0,0.0,1,1437,0,none,0,none,0,0,0,no_alert_unknown,no_alert_not_final_benign,-1,dns,port
2025-07-19T23:02:29.399225+0700,103.195.142.83,87.98.154.158,53,17019,UDP,flow,failed,1306468633154588,,1,1,0,1190,0,0.0,1,1190,0,none,0,none,0,0,0,no_alert_unknown,no_alert_not_final_benign,-1,dns,port
2025-07-19T23:02:29.399243+0700,103.195.142.109,87.98.154.119,53,19879,UDP,flow,failed,1534440200868988,,1,1,0,1437,0,0.0,1,1437,0,none,0,none,0,0,0,no_alert_unknown,no_alert_not_final_benign,-1,dns,port
2025-07-19T23:02:29.399290+0700,103.195.142.46,87.98.154.219,53,49596,UDP,flow,failed,1061185581749717,,1,3,0,4311,0,10.0,3,4311,0,none,0,none,0,0,0,no_alert_unknown,no_alert_not_final_benign,-1,dns,port
2025-07-19T23:02:29.399309+0700,103.195.142.75,8.8.8.8,63873,53,UDP,flow,dns,1372107055240662,,1,1,0,110,0,0.0,1,110,0,none,0,none,0,0,0,no_alert_unknown,no_alert_not_final_benign,-1,dns,app_proto+port
2025-07-19T23:02:29.399434+0700,103.195.142.83,87.98.154.162,53,27812,UDP,flow,failed,1487790862440572,,1,1,0,1190,0,0.0,1,1190,0,none,0,none,0,0,0,no_alert_unknown,no_alert_not_final_benign,-1,dns,port
2025-07-19T23:02:29.399498+0700,103.195.142.195,87.98.154.118,53,10932,UDP,flow,failed,1470134582975059,,1,1,0,1437,0,0.0,1,1437,0,none,0,none,0,0,0,no_alert_unknown,no_alert_not_final_benign,-1,dns,port
2025-07-19T23:02:29.399516+0700,103.195.142.196,87.98.154.119,53,59201,UDP,flow,failed,1208705236736619,,1,1,0,1437,0,0.0,1,1437,0,none,0,none,0,0,0,no_alert_unknown,no_alert_not_final_benign,-1,dns,port
2025-07-19T23:02:29.399595+0700,103.195.142.2,13.105.68.219,53,64372,UDP,flow,failed,1455760577206940,,1,1,0,181,0,0.0,1,181,0,none,0,none,0,0,0,no_alert_unknown,no_alert_not_final_benign,-1,dns,port
2025-07-19T23:02:29.399638+0700,103.195.142.83,87.98.154.119,53,48563,UDP,flow,failed,1587331214482205,,1,1,0,1190,0,0.0,1,1190,0,none,0,none,0,0,0,no_alert_unknown,no_alert_not_final_benign,-1,dns,port
2025-07-19T23:02:29.399660+0700,103.195.142.75,8.8.8.8,54286,53,UDP,flow,dns,1666337549458527,,1,1,0,82,0,0.0,1,82,0,none,0,none,0,0,0,no_alert_unknown,no_alert_not_final_benign,-1,dns,app_proto+port
2025-07-19T23:02:29.399685+0700,103.195.142.75,34.8.196.142,55822,53,UDP,flow,dns,1622300891159788,,1,1,0,189,0,0.0,1,189,0,none,0,none,0,0,0,no_alert_unknown,no_alert_not_final_benign,-1,dns,app_proto+port
2025-07-19T23:02:29.399706+0700,103.195.142.165,87.98.154.119,53,17770,UDP,flow,failed,1661122893061454,,1,1,0,1437,0,0.0,1,1437,0,none,0,none,0,0,0,no_alert_unknown,no_alert_not_final_benign,-1,dns,port
2025-07-19T23:02:29.399725+0700,103.195.142.196,87.98.154.119,53,29486,UDP,flow,failed,1682747260214761,,1,1,0,1437,0,0.0,1,1437,0,none,0,none,0,0,0,no_alert_unknown,no_alert_not_final_benign,-1,dns,port
2025-07-19T23:02:29.399743+0700,103.195.142.74,118.98.44.20,65517,53,UDP,flow,dns,1144375536328174,,1,1,0,95,0,0.0,1,95,0,none,0,none,0,0,0,no_alert_unknown,no_alert_not_final_benign,-1,dns,app_proto+port
2025-07-19T23:02:29.399763+0700,103.195.142.76,87.98.154.78,53,60480,UDP,flow,failed,1890400168779247,,1,1,0,1469,0,0.0,1,1469,0,none,0,none,0,0,0,no_alert_unknown,no_alert_not_final_benign,-1,dns,port
2025-07-19T23:02:29.399802+0700,103.195.142.74,118.98.44.20,4100,53,UDP,flow,dns,1525755448073747,,1,1,0,78,0,0.0,1,78,0,none,0,none,0,0,0,no_alert_unknown,no_alert_not_final_benign,-1,dns,app_proto+port
2025-07-19T23:02:29.399823+0700,103.195.142.74,118.98.44.100,58708,53,UDP,flow,dns,1348260012236396,,1,1,0,78,0,0.0,1,78,0,none,0,none,0,0,0,no_alert_unknown,no_alert_not_final_benign,-1,dns,app_proto+port
2025-07-19T23:02:29.399908+0700,103.195.142.74,118.98.44.50,51568,53,UDP,flow,dns,1719678293253982,,1,1,0,178,0,0.0,1,178,0,none,0,none,0,0,0,no_alert_unknown,no_alert_not_final_benign,-1,dns,app_proto+port
2025-07-19T23:02:29.399949+0700,103.195.142.75,8.8.8.8,12645,53,UDP,flow,dns,1427339153186815,,1,1,0,77,0,0.0,1,77,0,none,0,none,0,0,0,no_alert_unknown,no_alert_not_final_benign,-1,dns,app_proto+port
2025-07-19T23:02:29.399968+0700,103.195.142.76,87.98.154.118,53,58407,UDP,flow,failed,1310281125732475,,1,1,0,1469,0,0.0,1,1469,0,none,0,none,0,0,0,no_alert_unknown,no_alert_not_final_benign,-1,dns,port
2025-07-19T23:02:29.400037+0700,103.195.142.165,87.98.154.61,53,63368,UDP,flow,failed,1282418263728356,,1,1,0,1437,0,0.0,1,1437,0,none,0,none,0,0,0,no_alert_unknown,no_alert_not_final_benign,-1,dns,port
2025-07-19T23:02:29.400056+0700,103.195.142.195,87.98.154.248,53,14182,UDP,flow,failed,1393748711710956,,1,1,0,1437,0,0.0,1,1437,0,none,0,none,0,0,0,no_alert_unknown,no_alert_not_final_benign,-1,dns,port
2025-07-19T23:02:29.400074+0700,103.195.142.196,87.98.154.119,53,13345,UDP,flow,failed,1697119006695715,,1,1,0,1437,0,0.0,1,1437,0,none,0,none,0,0,0,no_alert_unknown,no_alert_not_final_benign,-1,dns,port
2025-07-19T23:02:29.400092+0700,103.195.142.76,87.98.154.222,53,40648,UDP,flow,failed,1270819253854562,,1,3,0,4407,0,10.0,3,4407,0,none,0,none,0,0,0,no_alert_unknown,no_alert_not_final_benign,-1,dns,port
2025-07-19T23:02:29.400121+0700,103.195.142.75,8.8.8.8,60782,53,UDP,flow,dns,1165989499249179,,1,1,0,86,0,0.0,1,86,0,none,0,none,0,0,0,no_alert_unknown,no_alert_not_final_benign,-1,dns,app_proto+port
2025-07-19T23:02:29.430034+0700,103.195.142.74,118.98.44.20,59995,53,UDP,dns,,1565508164961663,wire/pcap,0,0,0,0,0,0.0,0,0,0,none,0,none,0,0,0,no_alert_unknown,no_alert_not_final_benign,-1,dns,port
2025-07-19T23:02:29.444373+0700,103.195.142.74,118.98.44.20,2359,53,UDP,dns,,1627093602091237,wire/pcap,0,0,0,0,0,0.0,0,0,0,none,0,none,0,0,0,no_alert_unknown,no_alert_not_final_benign,-1,dns,port
2025-07-19T23:02:29.465407+0700,103.195.142.74,118.98.44.20,34181,53,UDP,dns,,1435961505562940,wire/pcap,0,0,0,0,0,0.0,0,0,0,none,0,none,0,0,0,no_alert_unknown,no_alert_not_final_benign,-1,dns,port
2025-07-19T23:02:29.490170+0700,103.195.142.75,8.8.8.8,56563,53,UDP,dns,,1542314599599991,wire/pcap,0,0,0,0,0,0.0,0,0,0,none,0,none,0,0,0,no_alert_unknown,no_alert_not_final_benign,-1,dns,port
2025-07-19T23:02:29.490170+0700,103.195.142.75,8.8.8.8,44926,53,UDP,dns,,1542317884588740,wire/pcap,0,0,0,0,0,0.0,0,0,0,none,0,none,0,0,0,no_alert_unknown,no_alert_not_final_benign,-1,dns,port
2025-07-19T23:02:29.490262+0700,103.195.142.74,202.134.0.155,47276,53,UDP,dns,,1542712999831416,wire/pcap,0,0,0,0,0,0.0,0,0,0,none,0,none,0,0,0,no_alert_unknown,no_alert_not_final_benign,-1,dns,port
2025-07-19T23:02:29.504213+0700,103.195.142.74,118.98.44.20,1673,53,UDP,dns,,1602630669859375,wire/pcap,0,0,0,0,0,0.0,0,0,0,none,0,none,0,0,0,no_alert_unknown,no_alert_not_final_benign,-1,dns,port
2025-07-19T23:02:29.504318+0700,103.195.142.75,8.8.8.8,27073,53,UDP,dns,,1603079650698186,wire/pcap,0,0,0,0,0,0.0,0,0,0,none,0,none,0,0,0,no_alert_unknown,no_alert_not_final_benign,-1,dns,port
2025-07-19T23:02:29.560892+0700,103.195.142.74,118.98.44.100,14019,53,UDP,dns,,1564590903472463,wire/pcap,0,0,0,0,0,0.0,0,0,0,none,0,none,0,0,0,no_alert_unknown,no_alert_not_final_benign,-1,dns,port
2025-07-19T23:02:29.569840+0700,103.195.142.31,8.8.8.8,64415,53,UDP,dns,,1603021231042535,wire/pcap,0,0,0,0,0,0.0,0,0,0,none,0,none,0,0,0,no_alert_unknown,no_alert_not_final_benign,-1,dns,port
2025-07-19T23:02:29.569937+0700,103.195.142.31,8.8.8.8,18694,53,UDP,dns,,1603437549164407,wire/pcap,0,0,0,0,0,0.0,0,0,0,none,0,none,0,0,0,no_alert_unknown,no_alert_not_final_benign,-1,dns,port
2025-07-19T23:02:29.610091+0700,103.195.142.74,69.39.238.36,23080,53,UDP,dns,,1494421597740541,wire/pcap,0,0,0,0,0,0.0,0,0,0,none,0,none,0,0,0,no_alert_unknown,no_alert_not_final_benign,-1,dns,port
2025-07-19T23:02:29.684269+0700,103.195.142.74,202.134.0.155,50275,53,UDP,dns,,1531539502555407,wire/pcap,0,0,0,0,0,0.0,0,0,0,none,0,none,0,0,0,no_alert_unknown,no_alert_not_final_benign,-1,dns,port
2025-07-19T23:02:29.699816+0700,103.195.142.74,118.98.44.20,21382,53,UDP,dns,,1598314572801380,wire/pcap,0,0,0,0,0,0.0,0,0,0,none,0,none,0,0,0,no_alert_unknown,no_alert_not_final_benign,-1,dns,port
2025-07-19T23:02:29.707580+0700,103.195.142.74,118.98.44.100,39563,53,UDP,dns,,1631659666263665,wire/pcap,0,0,0,0,0,0.0,0,0,0,none,0,none,0,0,0,no_alert_unknown,no_alert_not_final_benign,-1,dns,port
2025-07-19T23:02:29.714331+0700,103.195.142.74,118.98.44.100,7372,53,UDP,dns,,1660654314371996,wire/pcap,0,0,0,0,0,0.0,0,0,0,none,0,none,0,0,0,no_alert_unknown,no_alert_not_final_benign,-1,dns,port
2025-07-19T23:02:29.735528+0700,103.195.142.74,118.98.44.20,19548,53,UDP,dns,,1470219342438985,wire/pcap,0,0,0,0,0,0.0,0,0,0,none,0,none,0,0,0,no_alert_unknown,no_alert_not_final_benign,-1,dns,port
2025-07-19T23:02:29.753009+0700,103.195.142.75,8.8.8.8,33502,53,UDP,dns,,1545299533789535,wire/pcap,0,0,0,0,0,0.0,0,0,0,none,0,none,0,0,0,no_alert_unknown,no_alert_not_final_benign,-1,dns,port
2025-07-19T23:02:29.773235+0700,103.195.142.74,118.98.44.100,18752,53,UDP,dns,,1632169584611329,wire/pcap,0,0,0,0,0,0.0,0,0,0,none,0,none,0,0,0,no_alert_unknown,no_alert_not_final_benign,-1,dns,port
2025-07-19T23:02:29.797648+0700,103.195.142.74,118.98.44.20,27368,53,UDP,dns,,1455548380486821,wire/pcap,0,0,0,0,0,0.0,0,0,0,none,0,none,0,0,0,no_alert_unknown,no_alert_not_final_benign,-1,dns,port
2025-07-19T23:02:29.797931+0700,103.195.142.74,118.98.44.50,1758,53,UDP,dns,,1456765307894271,wire/pcap,0,0,0,0,0,0.0,0,0,0,none,0,none,0,0,0,no_alert_unknown,no_alert_not_final_benign,-1,dns,port
2025-07-19T23:02:29.825077+0700,103.195.142.74,118.98.44.20,30210,53,UDP,dns,,1573354060807015,wire/pcap,0,0,0,0,0,0.0,0,0,0,none,0,none,0,0,0,no_alert_unknown,no_alert_not_final_benign,-1,dns,port
2025-07-19T23:02:29.880954+0700,103.195.142.74,202.134.0.155,18395,53,UDP,dns,,1531870885812961,wire/pcap,0,0,0,0,0,0.0,0,0,0,none,0,none,0,0,0,no_alert_unknown,no_alert_not_final_benign,-1,dns,port
2025-07-19T23:02:29.913176+0700,103.195.142.108,8.8.8.8,1900,53,UDP,dns,,1216074754602613,wire/pcap,0,0,0,0,0,0.0,0,0,0,none,0,none,0,0,0,no_alert_unknown,no_alert_not_final_benign,-1,dns,port
2025-07-19T23:02:29.924721+0700,103.195.142.75,8.8.8.8,41677,53,UDP,dns,,1438372235609590,wire/pcap,0,0,0,0,0,0.0,0,0,0,none,0,none,0,0,0,no_alert_unknown,no_alert_not_final_benign,-1,dns,port
2025-07-19T23:02:29.924917+0700,103.195.142.74,118.98.44.50,47222,53,UDP,dns,,1439214650688115,wire/pcap,0,0,0,0,0,0.0,0,0,0,none,0,none,0,0,0,no_alert_unknown,no_alert_not_final_benign,-1,dns,port
2025-07-19T23:02:29.936760+0700,103.195.142.74,202.134.0.155,3575,53,UDP,dns,,1490079883865725,wire/pcap,0,0,0,0,0,0.0,0,0,0,none,0,none,0,0,0,no_alert_unknown,no_alert_not_final_benign,-1,dns,port
2025-07-19T23:02:29.936761+0700,103.195.142.74,118.98.44.100,55267,53,UDP,dns,,1490085588065460,wire/pcap,0,0,0,0,0,0.0,0,0,0,none,0,none,0,0,0,no_alert_unknown,no_alert_not_final_benign,-1,dns,port
2025-07-19T23:02:29.939255+0700,103.195.142.75,8.8.8.8,42576,53,UDP,dns,,1500798343200959,wire/pcap,0,0,0,0,0,0.0,0,0,0,none,0,none,0,0,0,no_alert_unknown,no_alert_not_final_benign,-1,dns,port
2025-07-19T23:02:29.939454+0700,103.195.142.74,118.98.44.20,45905,53,UDP,dns,,1501650727508107,wire/pcap,0,0,0,0,0,0.0,0,0,0,none,0,none,0,0,0,no_alert_unknown,no_alert_not_final_benign,-1,dns,port
2025-07-19T23:02:29.939581+0700,103.195.142.74,118.98.44.50,36110,53,UDP,dns,,1502195340826925,wire/pcap,0,0,0,0,0,0.0,0,0,0,none,0,none,0,0,0,no_alert_unknown,no_alert_not_final_benign,-1,dns,port
2025-07-19T23:02:29.957102+0700,103.195.142.74,202.134.0.155,52720,53,UDP,dns,,1577448153874370,wire/pcap,0,0,0,0,0,0.0,0,0,0,none,0,none,0,0,0,no_alert_unknown,no_alert_not_final_benign,-1,dns,port
2025-07-19T23:02:29.958866+0700,103.195.142.74,118.98.44.100,6220,53,UDP,dns,,1585027050611090,wire/pcap,0,0,0,0,0,0.0,0,0,0,none,0,none,0,0,0,no_alert_unknown,no_alert_not_final_benign,-1,dns,port
2025-07-19T23:02:29.985512+0700,103.195.142.74,118.98.44.50,41996,53,UDP,dns,,1417993976318863,wire/pcap,0,0,0,0,0,0.0,0,0,0,none,0,none,0,0,0,no_alert_unknown,no_alert_not_final_benign,-1,dns,port
2025-07-19T23:02:30.008646+0700,103.195.142.74,202.134.0.155,36211,53,UDP,dns,,1725986846879252,wire/pcap,0,0,0,0,0,0.0,0,0,0,none,0,none,0,0,0,no_alert_unknown,no_alert_not_final_benign,-1,dns,port
2025-07-19T23:02:30.008839+0700,103.195.142.74,118.98.44.100,32235,53,UDP,dns,,1726814828963336,wire/pcap,0,0,0,0,0,0.0,0,0,0,none,0,none,0,0,0,no_alert_unknown,no_alert_not_final_benign,-1,dns,port
2025-07-19T23:02:30.018340+0700,103.185.193.21,180.76.76.76,35637,53,UDP,dns,,1767621031369378,wire/pcap,0,0,0,0,0,0.0,0,0,0,none,0,none,0,0,0,no_alert_unknown,no_alert_not_final_benign,-1,dns,port
2025-07-19T23:02:30.018517+0700,103.185.193.21,8.8.8.8,35134,53,UDP,dns,,1768382927579710,wire/pcap,0,0,0,0,0,0.0,0,0,0,none,0,none,0,0,0,no_alert_unknown,no_alert_not_final_benign,-1,dns,port
2025-07-19T23:02:30.020357+0700,103.195.142.75,8.8.8.8,25216,53,UDP,dns,,1776286250549487,wire/pcap,0,0,0,0,0,0.0,0,0,0,none,0,none,0,0,0,no_alert_unknown,no_alert_not_final_benign,-1,dns,port
2025-07-19T23:02:30.023761+0700,103.195.142.74,34.8.38.57,30118,53,UDP,dns,,1790904090938584,wire/pcap,0,0,0,0,0,0.0,0,0,0,none,0,none,0,0,0,no_alert_unknown,no_alert_not_final_benign,-1,dns,port
2025-07-19T23:02:30.024020+0700,103.195.142.74,202.134.0.155,35200,53,UDP,dns,,1792018100173294,wire/pcap,0,0,0,0,0,0.0,0,0,0,none,0,none,0,0,0,no_alert_unknown,no_alert_not_final_benign,-1,dns,port
2025-07-19T23:02:30.024112+0700,103.195.142.75,8.8.8.8,30010,53,UDP,dns,,1792413990631047,wire/pcap,0,0,0,0,0,0.0,0,0,0,none,0,none,0,0,0,no_alert_unknown,no_alert_not_final_benign,-1,dns,port
2025-07-19T23:02:30.030418+0700,103.195.142.31,8.8.8.8,33110,53,UDP,dns,,1819498074789883,wire/pcap,0,0,0,0,0,0.0,0,0,0,none,0,none,0,0,0,no_alert_unknown,no_alert_not_final_benign,-1,dns,port
2025-07-19T23:02:30.033306+0700,103.195.142.74,118.98.44.50,17904,53,UDP,flow,dns,1991762533536889,,1,1,0,178,0,0.0,1,178,0,none,0,none,0,0,0,no_alert_unknown,no_alert_not_final_benign,-1,dns,app_proto+port
2025-07-19T23:02:30.036791+0700,103.195.142.74,202.134.0.155,6356,53,UDP,dns,,1846869392165293,wire/pcap,0,0,0,0,0,0.0,0,0,0,none,0,none,0,0,0,no_alert_unknown,no_alert_not_final_benign,-1,dns,port
2025-07-19T23:02:30.047357+0700,103.195.142.75,8.8.8.8,37210,53,UDP,dns,,1892247182745080,wire/pcap,0,0,0,0,0,0.0,0,0,0,none,0,none,0,0,0,no_alert_unknown,no_alert_not_final_benign,-1,dns,port
2025-07-19T23:02:30.049796+0700,103.195.142.75,34.8.196.142,14131,53,UDP,dns,,1902723223235316,wire/pcap,0,0,0,0,0,0.0,0,0,0,none,0,none,0,0,0,no_alert_unknown,no_alert_not_final_benign,-1,dns,port
2025-07-19T23:02:30.051542+0700,103.195.142.75,8.8.8.8,55131,53,UDP,dns,,1910224787196230,wire/pcap,0,0,0,0,0,0.0,0,0,0,none,0,none,0,0,0,no_alert_unknown,no_alert_not_final_benign,-1,dns,port
2025-07-19T23:02:30.054472+0700,103.195.142.75,8.8.8.8,26640,53,UDP,dns,,1922808346166125,wire/pcap,0,0,0,0,0,0.0,0,0,0,none,0,none,0,0,0,no_alert_unknown,no_alert_not_final_benign,-1,dns,port
2025-07-19T23:02:30.056652+0700,103.195.142.74,118.98.44.20,12509,53,UDP,dns,,1932172069677109,wire/pcap,0,0,0,0,0,0.0,0,0,0,none,0,none,0,0,0,no_alert_unknown,no_alert_not_final_benign,-1,dns,port
2025-07-19T23:02:30.056767+0700,103.195.142.74,118.98.44.50,29909,53,UDP,dns,,1932663386353198,wire/pcap,0,0,0,0,0,0.0,0,0,0,none,0,none,0,0,0,no_alert_unknown,no_alert_not_final_benign,-1,dns,port
2025-07-19T23:02:30.057638+0700,103.195.142.74,118.98.44.100,15919,53,UDP,dns,,1936403270623141,wire/pcap,0,0,0,0,0,0.0,0,0,0,none,0,none,0,0,0,no_alert_unknown,no_alert_not_final_benign,-1,dns,port
2025-07-19T23:02:30.076532+0700,103.195.142.74,202.134.0.155,64713,53,UDP,dns,,1736078588965089,wire/pcap,0,0,0,0,0,0.0,0,0,0,none,0,none,0,0,0,no_alert_unknown,no_alert_not_final_benign,-1,dns,port
2025-07-19T23:02:30.078430+0700,103.195.142.74,118.98.44.20,5846,53,UDP,dns,,1744233330843591,wire/pcap,0,0,0,0,0,0.0,0,0,0,none,0,none,0,0,0,no_alert_unknown,no_alert_not_final_benign,-1,dns,port
2025-07-19T23:02:30.080363+0700,103.195.142.74,118.98.44.100,35914,53,UDP,dns,,1752535463717467,wire/pcap,0,0,0,0,0,0.0,0,0,0,none,0,none,0,0,0,no_alert_unknown,no_alert_not_final_benign,-1,dns,port
2025-07-19T23:02:30.099133+0700,103.195.142.75,8.8.8.8,51430,53,UDP,dns,,1833149520427681,wire/pcap,0,0,0,0,0,0.0,0,0,0,none,0,none,0,0,0,no_alert_unknown,no_alert_not_final_benign,-1,dns,port
2025-07-19T23:02:30.110409+0700,103.195.142.74,118.98.44.50,49455,53,UDP,dns,,1881580123831190,wire/pcap,0,0,0,0,0,0.0,0,0,0,none,0,none,0,0,0,no_alert_unknown,no_alert_not_final_benign,-1,dns,port
2025-07-19T23:02:30.127856+0700,103.195.142.74,118.98.44.100,15772,53,UDP,dns,,1956515541698343,wire/pcap,0,0,0,0,0,0.0,0,0,0,none,0,none,0,0,0,no_alert_unknown,no_alert_not_final_benign,-1,dns,port
2025-07-19T23:02:30.133536+0700,103.195.142.74,118.98.44.50,50240,53,UDP,dns,,1699435573170104,wire/pcap,0,0,0,0,0,0.0,0,0,0,none,0,none,0,0,0,no_alert_unknown,no_alert_not_final_benign,-1,dns,port
2025-07-19T23:02:30.136702+0700,103.195.142.75,8.8.8.8,39076,53,UDP,dns,,1713033953307230,wire/pcap,0,0,0,0,0,0.0,0,0,0,none,0,none,0,0,0,no_alert_unknown,no_alert_not_final_benign,-1,dns,port
2025-07-19T23:02:30.151055+0700,103.195.142.74,118.98.44.50,42834,53,UDP,dns,,1774679312499941,wire/pcap,0,0,0,0,0,0.0,0,0,0,none,0,none,0,0,0,no_alert_unknown,no_alert_not_final_benign,-1,dns,port
2025-07-19T23:02:30.164142+0700,103.195.142.74,118.98.44.50,6372,53,UDP,dns,,1830888007139644,wire/pcap,0,0,0,0,0,0.0,0,0,0,none,0,none,0,0,0,no_alert_unknown,no_alert_not_final_benign,-1,dns,port
2025-07-19T23:02:30.167483+0700,103.195.142.75,8.8.8.8,55358,53,UDP,dns,,1845237003138899,wire/pcap,0,0,0,0,0,0.0,0,0,0,none,0,none,0,0,0,no_alert_unknown,no_alert_not_final_benign,-1,dns,port
2025-07-19T23:02:30.175069+0700,103.195.142.74,118.98.44.20,61768,53,UDP,dns,,1877815746693744,wire/pcap,0,0,0,0,0,0.0,0,0,0,none,0,none,0,0,0,no_alert_unknown,no_alert_not_final_benign,-1,dns,port
2025-07-19T23:02:30.175079+0700,103.195.142.75,8.8.8.8,4326,53,UDP,dns,,1877860475776338,wire/pcap,0,0,0,0,0,0.0,0,0,0,none,0,none,0,0,0,no_alert_unknown,no_alert_not_final_benign,-1,dns,port
2025-07-19T23:02:30.187190+0700,103.195.142.75,8.8.8.8,23342,53,UDP,dns,,1929876000668688,wire/pcap,0,0,0,0,0,0.0,0,0,0,none,0,none,0,0,0,no_alert_unknown,no_alert_not_final_benign,-1,dns,port
2025-07-19T23:02:30.193269+0700,103.195.142.74,118.98.44.20,59477,53,UDP,dns,,1955986617811282,wire/pcap,0,0,0,0,0,0.0,0,0,0,none,0,none,0,0,0,no_alert_unknown,no_alert_not_final_benign,-1,dns,port
2025-07-19T23:02:30.203760+0700,103.195.142.74,202.134.0.155,30397,53,UDP,dns,,1719570494812199,wire/pcap,0,0,0,0,0,0.0,0,0,0,none,0,none,0,0,0,no_alert_unknown,no_alert_not_final_benign,-1,dns,port
2025-07-19T23:02:30.210046+0700,103.195.142.74,118.98.44.20,36144,53,UDP,dns,,1746568172938626,wire/pcap,0,0,0,0,0,0.0,0,0,0,none,0,none,0,0,0,no_alert_unknown,no_alert_not_final_benign,-1,dns,port
2025-07-19T23:02:30.213548+0700,103.195.142.74,118.98.44.20,19016,53,UDP,dns,,1761607497748455,wire/pcap,0,0,0,0,0,0.0,0,0,0,none,0,none,0,0,0,no_alert_unknown,no_alert_not_final_benign,-1,dns,port
2025-07-19T23:02:30.214957+0700,103.195.142.74,50.28.104.44,30511,53,UDP,dns,,1767660184163381,wire/pcap,0,0,0,0,0,0.0,0,0,0,none,0,none,0,0,0,no_alert_unknown,no_alert_not_final_benign,-1,dns,port
2025-07-19T23:02:30.227691+0700,103.195.142.74,118.98.44.100,1073,53,UDP,dns,,1822350796200852,wire/pcap,0,0,0,0,0,0.0,0,0,0,none,0,none,0,0,0,no_alert_unknown,no_alert_not_final_benign,-1,dns,port
2025-07-19T23:02:30.227753+0700,103.195.142.74,202.134.0.155,60192,53,UDP,dns,,1822619130119110,wire/pcap,0,0,0,0,0,0.0,0,0,0,none,0,none,0,0,0,no_alert_unknown,no_alert_not_final_benign,-1,dns,port
2025-07-19T23:02:30.231863+0700,103.195.142.75,8.8.8.8,15315,53,UDP,dns,,1840270575607835,wire/pcap,0,0,0,0,0,0.0,0,0,0,none,0,none,0,0,0,no_alert_unknown,no_alert_not_final_benign,-1,dns,port
2025-07-19T23:02:30.236392+0700,103.195.142.74,202.134.0.155,7555,53,UDP,dns,,1859723508199875,wire/pcap,0,0,0,0,0,0.0,0,0,0,none,0,none,0,0,0,no_alert_unknown,no_alert_not_final_benign,-1,dns,port
2025-07-19T23:02:30.236803+0700,103.195.142.74,118.98.44.100,40068,53,UDP,dns,,1861488157731868,wire/pcap,0,0,0,0,0,0.0,0,0,0,none,0,none,0,0,0,no_alert_unknown,no_alert_not_final_benign,-1,dns,port
2025-07-19T23:02:30.249660+0700,103.195.142.74,118.98.44.50,37817,53,UDP,dns,,1916708619290372,wire/pcap,0,0,0,0,0,0.0,0,0,0,none,0,none,0,0,0,no_alert_unknown,no_alert_not_final_benign,-1,dns,port
2025-07-19T23:02:30.259559+0700,103.195.142.74,118.98.44.100,15340,53,UDP,dns,,1959222597741883,wire/pcap,0,0,0,0,0,0.0,0,0,0,none,0,none,0,0,0,no_alert_unknown,no_alert_not_final_benign,-1,dns,port
2025-07-19T23:02:30.268062+0700,103.195.142.76,87.98.154.119,53,56694,UDP,flow,failed,2188176495427351,,1,1,0,1469,0,0.0,1,1469,0,none,0,none,0,0,0,no_alert_unknown,no_alert_not_final_benign,-1,dns,port
2025-07-19T23:02:30.268165+0700,103.195.142.74,118.98.44.20,25709,53,UDP,dns,,1714712371812554,wire/pcap,0,0,0,0,0,0.0,0,0,0,none,0,none,0,0,0,no_alert_unknown,no_alert_not_final_benign,-1,dns,port
2025-07-19T23:02:30.268114+0700,103.195.142.74,118.98.44.20,30893,53,UDP,dns,,1714491411471242,wire/pcap,0,0,0,0,0,0.0,0,0,0,none,0,none,0,0,0,no_alert_unknown,no_alert_not_final_benign,-1,dns,port
2025-07-19T23:02:30.276437+0700,103.195.142.74,118.98.44.100,2092,53,UDP,dns,,1750238112892663,wire/pcap,0,0,0,0,0,0.0,0,0,0,none,0,none,0,0,0,no_alert_unknown,no_alert_not_final_benign,-1,dns,port
2025-07-19T23:02:30.276477+0700,103.195.142.74,118.98.44.20,26349,53,UDP,dns,,1750412673044488,wire/pcap,0,0,0,0,0,0.0,0,0,0,none,0,none,0,0,0,no_alert_unknown,no_alert_not_final_benign,-1,dns,port
2025-07-19T23:02:30.286229+0700,103.195.142.74,118.98.44.50,56915,53,UDP,dns,,1792295221578222,wire/pcap,0,0,0,0,0,0.0,0,0,0,none,0,none,0,0,0,no_alert_unknown,no_alert_not_final_benign,-1,dns,port
2025-07-19T23:02:30.298469+0700,103.195.142.75,50.28.32.155,32612,53,UDP,dns,,1844868076372058,wire/pcap,0,0,0,0,0,0.0,0,0,0,none,0,none,0,0,0,no_alert_unknown,no_alert_not_final_benign,-1,dns,port
2025-07-19T23:02:30.302074+0700,103.195.142.74,118.98.44.50,7286,53,UDP,dns,,1860349382887651,wire/pcap,0,0,0,0,0,0.0,0,0,0,none,0,none,0,0,0,no_alert_unknown,no_alert_not_final_benign,-1,dns,port
2025-07-19T23:02:30.308384+0700,103.195.142.74,202.134.0.155,32538,53,UDP,dns,,1887450481079497,wire/pcap,0,0,0,0,0,0.0,0,0,0,none,0,none,0,0,0,no_alert_unknown,no_alert_not_final_benign,-1,dns,port
2025-07-19T23:02:30.309140+0700,103.195.142.75,8.8.8.8,60523,53,UDP,dns,,1890698023878212,wire/pcap,0,0,0,0,0,0.0,0,0,0,none,0,none,0,0,0,no_alert_unknown,no_alert_not_final_benign,-1,dns,port
2025-07-19T23:02:30.309207+0700,103.195.142.74,118.98.44.20,32986,53,UDP,dns,,1890986605787555,wire/pcap,0,0,0,0,0,0.0,0,0,0,none,0,none,0,0,0,no_alert_unknown,no_alert_not_final_benign,-1,dns,port
2025-07-19T23:02:30.310540+0700,103.195.142.74,118.98.44.100,8733,53,UDP,dns,,1896709814679190,wire/pcap,0,0,0,0,0,0.0,0,0,0,none,0,none,0,0,0,no_alert_unknown,no_alert_not_final_benign,-1,dns,port
2025-07-19T23:02:30.322071+0700,103.195.142.74,118.98.44.50,11896,53,UDP,dns,,1946237306597324,wire/pcap,0,0,0,0,0,0.0,0,0,0,none,0,none,0,0,0,no_alert_unknown,no_alert_not_final_benign,-1,dns,port
2025-07-19T23:02:30.332261+0700,103.195.142.75,50.28.32.155,37015,53,UDP,dns,,1708526072384534,wire/pcap,0,0,0,0,0,0.0,0,0,0,none,0,none,0,0,0,no_alert_unknown,no_alert_not_final_benign,-1,dns,port
2025-07-19T23:02:30.335587+0700,103.195.142.74,202.134.0.155,49073,53,UDP,dns,,1722810589271888,wire/pcap,0,0,0,0,0,0.0,0,0,0,none,0,none,0,0,0,no_alert_unknown,no_alert_not_final_benign,-1,dns,port
2025-07-19T23:02:30.344176+0700,103.195.142.74,118.98.44.50,23926,53,UDP,dns,,1759702233379489,wire/pcap,0,0,0,0,0,0.0,0,0,0,none,0,none,0,0,0,no_alert_unknown,no_alert_not_final_benign,-1,dns,port
2025-07-19T23:02:30.353846+0700,103.195.142.74,202.134.0.155,9133,53,UDP,dns,,1801235736219533,wire/pcap,0,0,0,0,0,0.0,0,0,0,none,0,none,0,0,0,no_alert_unknown,no_alert_not_final_benign,-1,dns,port
2025-07-19T23:02:30.364000+0700,103.195.142.75,8.8.8.8,47254,53,UDP,dns,,1844846856523676,wire/pcap,0,0,0,0,0,0.0,0,0,0,none,0,none,0,0,0,no_alert_unknown,no_alert_not_final_benign,-1,dns,port
2025-07-19T23:02:30.373448+0700,103.195.142.46,87.98.154.19,53,47853,UDP,flow,failed,1877025825628805,,1,1,0,1437,0,0.0,1,1437,0,none,0,none,0,0,0,no_alert_unknown,no_alert_not_final_benign,-1,dns,port
2025-07-19T23:02:30.373638+0700,103.195.142.83,87.98.154.238,53,17991,UDP,flow,failed,1413051251106834,,1,1,0,1190,0,0.0,1,1190,0,none,0,none,0,0,0,no_alert_unknown,no_alert_not_final_benign,-1,dns,port
2025-07-19T23:02:30.373682+0700,103.195.142.75,8.8.8.8,14176,53,UDP,flow,dns,1239795958883387,,1,1,0,79,0,0.0,1,79,0,none,0,none,0,0,0,no_alert_unknown,no_alert_not_final_benign,-1,dns,app_proto+port
2025-07-19T23:02:30.373730+0700,103.195.142.165,87.98.154.117,53,34893,UDP,flow,failed,1734429212222656,,1,1,0,1437,0,0.0,1,1437,0,none,0,none,0,0,0,no_alert_unknown,no_alert_not_final_benign,-1,dns,port
2025-07-19T23:02:30.373775+0700,103.195.142.46,87.98.154.235,53,38391,UDP,flow,failed,1552045551461815,,1,1,0,1437,0,0.0,1,1437,0,none,0,none,0,0,0,no_alert_unknown,no_alert_not_final_benign,-1,dns,port
2025-07-19T23:02:30.373794+0700,103.195.142.83,87.98.154.119,53,9550,UDP,flow,failed,1762350883874306,,1,1,0,1190,0,0.0,1,1190,0,none,0,none,0,0,0,no_alert_unknown,no_alert_not_final_benign,-1,dns,port
2025-07-19T23:02:30.373967+0700,103.195.142.76,87.98.154.134,53,4085,UDP,flow,failed,1285415173105295,,1,1,0,1469,0,0.0,1,1469,0,none,0,none,0,0,0,no_alert_unknown,no_alert_not_final_benign,-1,dns,port
2025-07-19T23:02:30.374006+0700,103.195.142.75,8.8.8.8,44157,53,UDP,dns,,1887820559362367,wire/pcap,0,0,0,0,0,0.0,0,0,0,none,0,none,0,0,0,no_alert_unknown,no_alert_not_final_benign,-1,dns,port
2025-07-19T23:02:30.374067+0700,103.195.142.76,87.98.154.119,53,61734,UDP,flow,failed,1935423540176536,,1,1,0,1469,0,0.0,1,1469,0,none,0,none,0,0,0,no_alert_unknown,no_alert_not_final_benign,-1,dns,port
2025-07-19T23:02:30.374167+0700,103.195.142.2,74.63.20.236,53,41779,UDP,flow,failed,1445177512765109,,1,1,0,188,0,0.0,1,188,0,none,0,none,0,0,0,no_alert_unknown,no_alert_not_final_benign,-1,dns,port
2025-07-19T23:02:30.374231+0700,103.195.142.165,87.98.154.149,53,40786,UDP,flow,failed,1198434256758482,,1,3,0,4311,0,9.0,3,4311,0,none,0,none,0,0,0,no_alert_unknown,no_alert_not_final_benign,-1,dns,port
2025-07-19T23:02:30.374278+0700,103.195.142.74,118.98.44.20,10943,53,UDP,flow,dns,1358956205844259,,1,1,0,87,0,0.0,1,87,0,none,0,none,0,0,0,no_alert_unknown,no_alert_not_final_benign,-1,dns,app_proto+port
2025-07-19T23:02:30.374315+0700,103.195.142.195,87.98.154.232,53,13098,UDP,flow,failed,1910820818200365,,1,1,0,1437,0,0.0,1,1437,0,none,0,none,0,0,0,no_alert_unknown,no_alert_not_final_benign,-1,dns,port
2025-07-19T23:02:30.374337+0700,103.195.142.74,34.8.38.57,12425,53,UDP,flow,dns,1508840841553749,,1,1,0,189,0,0.0,1,189,0,none,0,none,0,0,0,no_alert_unknown,no_alert_not_final_benign,-1,dns,app_proto+port
2025-07-19T23:02:30.374380+0700,103.195.142.195,87.98.154.119,53,35334,UDP,flow,failed,1902550402017132,,1,1,0,1437,0,0.0,1,1437,0,none,0,none,0,0,0,no_alert_unknown,no_alert_not_final_benign,-1,dns,port
2025-07-19T23:02:30.374420+0700,103.195.142.195,87.98.154.60,53,8204,UDP,flow,failed,1377020092426099,,1,1,0,1437,0,0.0,1,1437,0,none,0,none,0,0,0,no_alert_unknown,no_alert_not_final_benign,-1,dns,port
2025-07-19T23:02:30.374465+0700,103.195.142.76,87.98.154.250,53,49810,UDP,flow,failed,1293069629466500,,1,1,0,1469,0,0.0,1,1469,0,none,0,none,0,0,0,no_alert_unknown,no_alert_not_final_benign,-1,dns,port
2025-07-19T23:02:30.374483+0700,103.195.142.165,87.98.154.149,53,20520,UDP,flow,failed,1329533449021378,,1,1,0,1437,0,0.0,1,1437,0,none,0,none,0,0,0,no_alert_unknown,no_alert_not_final_benign,-1,dns,port
2025-07-19T23:02:30.374601+0700,103.195.142.196,87.98.154.141,53,50531,UDP,flow,failed,1814164029515863,,1,1,0,1437,0,0.0,1,1437,0,none,0,none,0,0,0,no_alert_unknown,no_alert_not_final_benign,-1,dns,port
2025-07-19T23:02:30.374719+0700,103.195.142.83,87.98.154.119,53,8439,UDP,flow,failed,1159084136933486,,1,1,0,1190,0,0.0,1,1190,0,none,0,none,0,0,0,no_alert_unknown,no_alert_not_final_benign,-1,dns,port
2025-07-19T23:02:30.374741+0700,103.195.142.195,87.98.154.119,53,12787,UDP,flow,failed,1391138827348096,,1,1,0,1437,0,0.0,1,1437,0,none,0,none,0,0,0,no_alert_unknown,no_alert_not_final_benign,-1,dns,port
2025-07-19T23:02:30.374812+0700,103.195.142.74,118.98.44.50,64685,53,UDP,flow,dns,1957223142009000,,1,1,0,196,0,0.0,1,196,0,none,0,none,0,0,0,no_alert_unknown,no_alert_not_final_benign,-1,dns,app_proto+port
2025-07-19T23:02:30.374859+0700,103.195.142.46,87.98.154.119,53,5213,UDP,flow,failed,1796186928457989,,1,1,0,1437,0,0.0,1,1437,0,none,0,none,0,0,0,no_alert_unknown,no_alert_not_final_benign,-1,dns,port
2025-07-19T23:02:30.374918+0700,103.195.142.74,118.98.44.20,38975,53,UDP,flow,dns,1593857627400603,,1,1,0,84,0,0.0,1,84,0,none,0,none,0,0,0,no_alert_unknown,no_alert_not_final_benign,-1,dns,app_proto+port
2025-07-19T23:02:30.374945+0700,103.195.142.75,8.8.8.8,56147,53,UDP,flow,dns,1280403512895918,,1,1,0,81,0,0.0,1,81,0,none,0,none,0,0,0,no_alert_unknown,no_alert_not_final_benign,-1,dns,app_proto+port
2025-07-19T23:02:30.375087+0700,103.195.142.195,87.98.154.119,53,37487,UDP,flow,failed,1668524193229493,,1,1,0,1437,0,0.0,1,1437,0,none,0,none,0,0,0,no_alert_unknown,no_alert_not_final_benign,-1,dns,port
2025-07-19T23:02:30.375126+0700,103.195.142.75,8.8.8.8,6312,53,UDP,flow,dns,1462816582347457,,1,1,0,84,0,0.0,1,84,0,none,0,none,0,0,0,no_alert_unknown,no_alert_not_final_benign,-1,dns,app_proto+port
2025-07-19T23:02:30.375237+0700,103.195.142.165,87.98.154.5,53,57216,UDP,flow,failed,1561014220041103,,1,1,0,1437,0,0.0,1,1437,0,none,0,none,0,0,0,no_alert_unknown,no_alert_not_final_benign,-1,dns,port
2025-07-19T23:02:30.375331+0700,103.195.142.74,118.98.44.20,18072,53,UDP,flow,dns,1839561981570099,,1,1,0,84,0,0.0,1,84,0,none,0,none,0,0,0,no_alert_unknown,no_alert_not_final_benign,-1,dns,app_proto+port
2025-07-19T23:02:30.375366+0700,103.195.142.76,87.98.154.42,53,6097,UDP,flow,failed,1520269718137914,,1,1,0,1469,0,0.0,1,1469,0,none,0,none,0,0,0,no_alert_unknown,no_alert_not_final_benign,-1,dns,port
2025-07-19T23:02:30.375385+0700,103.195.142.74,202.134.0.155,5915,53,UDP,flow,dns,1968492947909710,,1,1,0,68,0,0.0,1,68,0,none,0,none,0,0,0,no_alert_unknown,no_alert_not_final_benign,-1,dns,app_proto+port
2025-07-19T23:02:30.375440+0700,103.195.142.83,87.98.154.246,53,43287,UDP,flow,failed,1774140735827220,,1,1,0,1190,0,0.0,1,1190,0,none,0,none,0,0,0,no_alert_unknown,no_alert_not_final_benign,-1,dns,port
2025-07-19T23:02:30.375459+0700,103.195.142.83,87.98.154.210,53,23559,UDP,flow,failed,1482024600808786,,1,1,0,1190,0,0.0,1,1190,0,none,0,none,0,0,0,no_alert_unknown,no_alert_not_final_benign,-1,dns,port
2025-07-19T23:02:30.375477+0700,103.195.142.46,87.98.154.119,53,30229,UDP,flow,failed,1665317854522719,,1,1,0,1437,0,0.0,1,1437,0,none,0,none,0,0,0,no_alert_unknown,no_alert_not_final_benign,-1,dns,port
2025-07-19T23:02:30.375495+0700,103.195.142.46,87.98.154.119,53,27016,UDP,flow,failed,1813918390627963,,1,1,0,1437,0,0.0,1,1437,0,none,0,none,0,0,0,no_alert_unknown,no_alert_not_final_benign,-1,dns,port
2025-07-19T23:02:30.375538+0700,103.195.142.75,208.74.121.116,35382,53,UDP,flow,dns,1551480071466687,,1,1,0,88,0,0.0,1,88,0,none,0,none,0,0,0,no_alert_unknown,no_alert_not_final_benign,-1,dns,app_proto+port
2025-07-19T23:02:30.375602+0700,103.195.142.74,202.134.0.155,42458,53,UDP,flow,dns,1806007124176707,,1,1,0,85,0,0.0,1,85,0,none,0,none,0,0,0,no_alert_unknown,no_alert_not_final_benign,-1,dns,app_proto+port
2025-07-19T23:02:30.375622+0700,103.195.142.3,74.114.31.148,53,57072,UDP,flow,failed,1529241875984204,,1,1,0,160,0,0.0,1,160,0,none,0,none,0,0,0,no_alert_unknown,no_alert_not_final_benign,-1,dns,port
2025-07-19T23:02:30.375641+0700,103.195.142.3,172.217.32.213,53,49513,UDP,flow,failed,1845788590682053,,1,1,0,202,0,0.0,1,202,0,none,0,none,0,0,0,no_alert_unknown,no_alert_not_final_benign,-1,dns,port
2025-07-19T23:02:30.375660+0700,103.195.142.74,118.98.44.50,3424,53,UDP,flow,dns,1645524066447303,,1,1,0,78,0,0.0,1,78,0,none,0,none,0,0,0,no_alert_unknown,no_alert_not_final_benign,-1,dns,app_proto+port
2025-07-19T23:02:30.375704+0700,103.195.142.74,118.98.44.20,31093,53,UDP,flow,dns,1662071689588750,,1,1,0,81,0,0.0,1,81,0,none,0,none,0,0,0,no_alert_unknown,no_alert_not_final_benign,-1,dns,app_proto+port
2025-07-19T23:02:30.375725+0700,103.195.142.195,87.98.154.60,53,17617,UDP,flow,failed,1718010139652113,,1,1,0,1437,0,0.0,1,1437,0,none,0,none,0,0,0,no_alert_unknown,no_alert_not_final_benign,-1,dns,port
2025-07-19T23:02:30.375744+0700,103.195.142.109,87.98.154.119,53,49744,UDP,flow,failed,1341663277035574,,1,1,0,1437,0,0.0,1,1437,0,none,0,none,0,0,0,no_alert_unknown,no_alert_not_final_benign,-1,dns,port
2025-07-19T23:02:30.375889+0700,103.195.142.196,87.98.154.119,53,28775,UDP,flow,failed,1714765695365580,,1,1,0,1437,0,0.0,1,1437,0,none,0,none,0,0,0,no_alert_unknown,no_alert_not_final_benign,-1,dns,port
2025-07-19T23:02:30.375910+0700,103.195.142.75,8.8.8.8,39390,53,UDP,flow,dns,1939889489261021,,1,1,0,68,0,0.0,1,68,0,none,0,none,0,0,0,no_alert_unknown,no_alert_not_final_benign,-1,dns,app_proto+port
2025-07-19T23:02:30.375999+0700,103.195.142.3,172.217.32.146,53,50498,UDP,flow,failed,1961185075671592,,1,1,0,161,0,0.0,1,161,0,none,0,none,0,0,0,no_alert_unknown,no_alert_not_final_benign,-1,dns,port
2025-07-19T23:02:30.376041+0700,103.195.142.74,118.98.44.20,63388,53,UDP,flow,dns,1334930116850351,,1,1,0,68,0,0.0,1,68,0,none,0,none,0,0,0,no_alert_unknown,no_alert_not_final_benign,-1,dns,app_proto+port
2025-07-19T23:02:30.376062+0700,103.195.142.109,87.98.154.73,53,45699,UDP,flow,failed,1690866340082363,,1,1,0,1437,0,0.0,1,1437,0,none,0,none,0,0,0,no_alert_unknown,no_alert_not_final_benign,-1,dns,port
2025-07-19T23:02:30.376081+0700,103.195.142.83,87.98.154.119,53,8194,UDP,flow,failed,1539092432040683,,1,1,0,1190,0,0.0,1,1190,0,none,0,none,0,0,0,no_alert_unknown,no_alert_not_final_benign,-1,dns,port
2025-07-19T23:02:30.376152+0700,103.195.142.74,118.98.44.100,25868,53,UDP,flow,dns,1965863250768635,,1,1,0,80,0,0.0,1,80,0,none,0,none,0,0,0,no_alert_unknown,no_alert_not_final_benign,-1,dns,app_proto+port
2025-07-19T23:02:30.376196+0700,103.195.142.83,87.98.154.190,53,59974,UDP,flow,failed,1195271738569612,,1,1,0,1190,0,0.0,1,1190,0,none,0,none,0,0,0,no_alert_unknown,no_alert_not_final_benign,-1,dns,port
2025-07-19T23:02:30.376216+0700,103.195.142.165,87.98.154.33,53,19517,UDP,flow,failed,1313292099007380,,1,1,0,1437,0,0.0,1,1437,0,none,0,none,0,0,0,no_alert_unknown,no_alert_not_final_benign,-1,dns,port
2025-07-19T23:02:30.376235+0700,103.195.142.165,87.98.154.5,53,8523,UDP,flow,failed,1419009855075224,,1,1,0,1437,0,0.0,1,1437,0,none,0,none,0,0,0,no_alert_unknown,no_alert_not_final_benign,-1,dns,port
2025-07-19T23:02:30.376382+0700,103.195.142.75,8.8.8.8,40418,53,UDP,flow,dns,1556556189152437,,1,1,0,220,0,0.0,1,220,0,none,0,none,0,0,0,no_alert_unknown,no_alert_not_final_benign,-1,dns,app_proto+port
2025-07-19T23:02:30.376410+0700,103.195.142.196,87.98.154.57,53,33012,UDP,flow,failed,1203735666504890,,1,1,0,1437,0,0.0,1,1437,0,none,0,none,0,0,0,no_alert_unknown,no_alert_not_final_benign,-1,dns,port
2025-07-19T23:02:30.376430+0700,103.195.142.2,74.114.31.157,53,56388,UDP,flow,failed,1410677989979398,,1,1,0,228,0,0.0,1,228,0,none,0,none,0,0,0,no_alert_unknown,no_alert_not_final_benign,-1,dns,port
2025-07-19T23:02:30.376481+0700,103.195.142.165,87.98.154.119,53,13492,UDP,flow,failed,1153529489274152,,1,1,0,1437,0,0.0,1,1437,0,none,0,none,0,0,0,no_alert_unknown,no_alert_not_final_benign,-1,dns,port
2025-07-19T23:02:30.376523+0700,103.195.142.195,87.98.154.120,53,49379,UDP,flow,failed,1479721914545593,,1,1,0,1437,0,0.0,1,1437,0,none,0,none,0,0,0,no_alert_unknown,no_alert_not_final_benign,-1,dns,port
2025-07-19T23:02:30.376541+0700,103.195.142.46,87.98.154.119,53,33920,UDP,flow,failed,1468466099991995,,1,1,0,1437,0,0.0,1,1437,0,none,0,none,0,0,0,no_alert_unknown,no_alert_not_final_benign,-1,dns,port
2025-07-19T23:02:30.376562+0700,103.195.142.46,87.98.154.191,53,25884,UDP,flow,failed,1400316135880189,,1,3,0,4311,0,10.0,3,4311,0,none,0,none,0,0,0,no_alert_unknown,no_alert_not_final_benign,-1,dns,port
2025-07-19T23:02:30.376675+0700,103.195.142.46,87.98.154.118,53,25119,UDP,flow,failed,1549789774624570,,1,1,0,1437,0,0.0,1,1437,0,none,0,none,0,0,0,no_alert_unknown,no_alert_not_final_benign,-1,dns,port
2025-07-19T23:02:30.376694+0700,103.195.142.46,87.98.154.117,53,48449,UDP,flow,failed,1628489580623739,,1,1,0,1437,0,0.0,1,1437,0,none,0,none,0,0,0,no_alert_unknown,no_alert_not_final_benign,-1,dns,port
2025-07-19T23:02:30.376734+0700,103.195.142.76,87.98.154.119,53,9183,UDP,flow,failed,1344009877010452,,1,1,0,1469,0,0.0,1,1469,0,none,0,none,0,0,0,no_alert_unknown,no_alert_not_final_benign,-1,dns,port
2025-07-19T23:02:30.376825+0700,103.195.142.74,202.134.0.155,51788,53,UDP,flow,dns,1438642163890489,,1,1,0,85,0,0.0,1,85,0,none,0,none,0,0,0,no_alert_unknown,no_alert_not_final_benign,-1,dns,app_proto+port
2025-07-19T23:02:30.376866+0700,103.195.142.109,87.98.154.119,53,56007,UDP,flow,failed,1527839919978819,,1,1,0,1437,0,0.0,1,1437,0,none,0,none,0,0,0,no_alert_unknown,no_alert_not_final_benign,-1,dns,port
2025-07-19T23:02:30.376887+0700,103.195.142.76,87.98.154.119,53,53121,UDP,flow,failed,1433946055784837,,1,1,0,1469,0,0.0,1,1469,0,none,0,none,0,0,0,no_alert_unknown,no_alert_not_final_benign,-1,dns,port
2025-07-19T23:02:30.376935+0700,103.195.142.83,87.98.154.119,53,55555,UDP,flow,failed,1907765344156192,,1,1,0,1190,0,0.0,1,1190,0,none,0,none,0,0,0,no_alert_unknown,no_alert_not_final_benign,-1,dns,port
2025-07-19T23:02:30.376953+0700,103.195.142.195,87.98.154.119,53,10432,UDP,flow,failed,1728276010187376,,1,1,0,1437,0,0.0,1,1437,0,none,0,none,0,0,0,no_alert_unknown,no_alert_not_final_benign,-1,dns,port
2025-07-19T23:02:30.376993+0700,103.195.142.74,202.134.0.155,22547,53,UDP,flow,dns,1618736854219539,,1,1,0,80,0,0.0,1,80,0,none,0,none,0,0,0,no_alert_unknown,no_alert_not_final_benign,-1,dns,app_proto+port
2025-07-19T23:02:30.377012+0700,103.195.142.76,87.98.154.222,53,52096,UDP,flow,failed,1603543187864354,,1,1,0,1469,0,0.0,1,1469,0,none,0,none,0,0,0,no_alert_unknown,no_alert_not_final_benign,-1,dns,port
2025-07-19T23:02:30.377151+0700,103.195.142.46,87.98.154.239,53,23527,UDP,flow,failed,1460344231378025,,1,1,0,1437,0,0.0,1,1437,0,none,0,none,0,0,0,no_alert_unknown,no_alert_not_final_benign,-1,dns,port
2025-07-19T23:02:30.377213+0700,103.195.142.74,118.98.44.50,42370,53,UDP,flow,dns,1747321645055299,,1,1,0,68,0,0.0,1,68,0,none,0,none,0,0,0,no_alert_unknown,no_alert_not_final_benign,-1,dns,app_proto+port
2025-07-19T23:02:30.377243+0700,103.195.142.74,118.98.44.100,41639,53,UDP,flow,dns,1308237731413327,,1,1,0,178,0,0.0,1,178,0,none,0,none,0,0,0,no_alert_unknown,no_alert_not_final_benign,-1,dns,app_proto+port
2025-07-19T23:02:30.377264+0700,103.195.142.109,87.98.154.153,53,3578,UDP,flow,failed,1726496919469538,,1,1,0,1437,0,0.0,1,1437,0,none,0,none,0,0,0,no_alert_unknown,no_alert_not_final_benign,-1,dns,port
2025-07-19T23:02:30.377325+0700,103.195.142.196,87.98.154.119,53,5212,UDP,flow,failed,1519890200280735,,1,1,0,1437,0,0.0,1,1437,0,none,0,none,0,0,0,no_alert_unknown,no_alert_not_final_benign,-1,dns,port
2025-07-19T23:02:30.377386+0700,103.195.142.46,87.98.154.119,53,21978,UDP,flow,failed,1321104551001932,,1,1,0,1437,0,0.0,1,1437,0,none,0,none,0,0,0,no_alert_unknown,no_alert_not_final_benign,-1,dns,port
2025-07-19T23:02:30.377405+0700,103.195.142.74,118.98.44.20,42491,53,UDP,flow,dns,1839967963922258,,1,1,0,76,0,0.0,1,76,0,none,0,none,0,0,0,no_alert_unknown,no_alert_not_final_benign,-1,dns,app_proto+port
2025-07-19T23:02:30.377425+0700,103.195.142.165,87.98.154.118,53,43677,UDP,flow,failed,1451991858560857,,1,1,0,1437,0,0.0,1,1437,0,none,0,none,0,0,0,no_alert_unknown,no_alert_not_final_benign,-1,dns,port
2025-07-19T23:02:30.377443+0700,103.195.142.195,87.98.154.88,53,45191,UDP,flow,failed,1530688747224956,,1,1,0,1437,0,0.0,1,1437,0,none,0,none,0,0,0,no_alert_unknown,no_alert_not_final_benign,-1,dns,port
2025-07-19T23:02:30.377462+0700,103.195.142.196,87.98.154.253,53,23786,UDP,flow,failed,1533687121919880,,1,1,0,1437,0,0.0,1,1437,0,none,0,none,0,0,0,no_alert_unknown,no_alert_not_final_benign,-1,dns,port
2025-07-19T23:02:30.377480+0700,103.195.142.2,178.128.112.205,53,48943,UDP,flow,failed,1640468407664557,,1,1,0,175,0,0.0,1,175,0,none,0,none,0,0,0,no_alert_unknown,no_alert_not_final_benign,-1,dns,port
2025-07-19T23:02:30.377583+0700,103.195.142.75,8.8.8.8,56759,53,UDP,flow,dns,1761707820073180,,1,1,0,91,0,0.0,1,91,0,none,0,none,0,0,0,no_alert_unknown,no_alert_not_final_benign,-1,dns,app_proto+port
2025-07-19T23:02:30.377603+0700,103.195.142.3,172.217.44.215,53,39929,UDP,flow,failed,1809061399839038,,1,1,0,228,0,0.0,1,228,0,none,0,none,0,0,0,no_alert_unknown,no_alert_not_final_benign,-1,dns,port
2025-07-19T23:02:30.377623+0700,103.195.142.46,87.98.154.119,53,39689,UDP,flow,failed,1493580939936081,,1,1,0,1437,0,0.0,1,1437,0,none,0,none,0,0,0,no_alert_unknown,no_alert_not_final_benign,-1,dns,port
2025-07-19T23:02:30.377670+0700,103.195.142.74,202.134.0.155,2651,53,UDP,flow,dns,1790453528805759,,1,1,0,107,0,0.0,1,107,0,none,0,none,0,0,0,no_alert_unknown,no_alert_not_final_benign,-1,dns,app_proto+port
2025-07-19T23:02:30.377692+0700,103.195.142.165,87.98.154.118,53,3408,UDP,flow,failed,1344876182585844,,1,1,0,1437,0,0.0,1,1437,0,none,0,none,0,0,0,no_alert_unknown,no_alert_not_final_benign,-1,dns,port
2025-07-19T23:02:30.377713+0700,103.195.142.196,87.98.154.119,53,16665,UDP,flow,failed,1398983091241475,,1,1,0,1437,0,0.0,1,1437,0,none,0,none,0,0,0,no_alert_unknown,no_alert_not_final_benign,-1,dns,port
2025-07-19T23:02:30.377732+0700,103.195.142.196,87.98.154.119,53,17446,UDP,flow,failed,1738110158324390,,1,1,0,1437,0,0.0,1,1437,0,none,0,none,0,0,0,no_alert_unknown,no_alert_not_final_benign,-1,dns,port
2025-07-19T23:02:30.377756+0700,103.195.142.83,87.98.154.10,53,16826,UDP,flow,failed,1153508089217764,,1,1,0,1190,0,0.0,1,1190,0,none,0,none,0,0,0,no_alert_unknown,no_alert_not_final_benign,-1,dns,port
2025-07-19T23:02:30.377797+0700,103.195.142.165,87.98.154.121,53,3922,UDP,flow,failed,1658486510469989,,1,1,0,1437,0,0.0,1,1437,0,none,0,none,0,0,0,no_alert_unknown,no_alert_not_final_benign,-1,dns,port
2025-07-19T23:02:30.377815+0700,103.195.142.109,87.98.154.119,53,5997,UDP,flow,failed,1831297192706938,,1,1,0,1437,0,0.0,1,1437,0,none,0,none,0,0,0,no_alert_unknown,no_alert_not_final_benign,-1,dns,port
2025-07-19T23:02:30.377834+0700,103.195.142.195,87.98.154.4,53,60198,UDP,flow,failed,1538133007549340,,1,1,0,1437,0,0.0,1,1437,0,none,0,none,0,0,0,no_alert_unknown,no_alert_not_final_benign,-1,dns,port
2025-07-19T23:02:30.377852+0700,103.195.142.165,87.98.154.119,53,8883,UDP,flow,failed,1586156471010282,,1,1,0,1437,0,0.0,1,1437,0,none,0,none,0,0,0,no_alert_unknown,no_alert_not_final_benign,-1,dns,port
2025-07-19T23:02:30.377871+0700,103.195.142.165,87.98.154.89,53,17056,UDP,flow,failed,1668317293921317,,1,1,0,1437,0,0.0,1,1437,0,none,0,none,0,0,0,no_alert_unknown,no_alert_not_final_benign,-1,dns,port
2025-07-19T23:02:30.377889+0700,103.195.142.74,202.134.0.155,15546,53,UDP,flow,dns,1193784750851146,,1,1,0,75,0,0.0,1,75,0,none,0,none,0,0,0,no_alert_unknown,no_alert_not_final_benign,-1,dns,app_proto+port
2025-07-19T23:02:30.377914+0700,103.195.142.2,103.22.200.88,53,65367,UDP,flow,failed,1361020426077285,,1,1,0,174,0,0.0,1,174,0,none,0,none,0,0,0,no_alert_unknown,no_alert_not_final_benign,-1,dns,port
2025-07-19T23:02:30.377933+0700,103.195.142.195,87.98.154.32,53,35800,UDP,flow,failed,1191612090631361,,1,1,0,1437,0,0.0,1,1437,0,none,0,none,0,0,0,no_alert_unknown,no_alert_not_final_benign,-1,dns,port
2025-07-19T23:02:30.377973+0700,103.195.142.165,87.98.154.93,53,19227,UDP,flow,failed,1926241627948254,,1,1,0,1437,0,0.0,1,1437,0,none,0,none,0,0,0,no_alert_unknown,no_alert_not_final_benign,-1,dns,port
2025-07-19T23:02:30.378043+0700,103.195.142.109,87.98.154.101,53,28163,UDP,flow,failed,1476450376435064,,1,1,0,1437,0,0.0,1,1437,0,none,0,none,0,0,0,no_alert_unknown,no_alert_not_final_benign,-1,dns,port
2025-07-19T23:02:30.378062+0700,103.195.142.74,118.98.44.50,63986,53,UDP,flow,dns,1419586924135815,,1,1,0,79,0,0.0,1,79,0,none,0,none,0,0,0,no_alert_unknown,no_alert_not_final_benign,-1,dns,app_proto+port
2025-07-19T23:02:30.378082+0700,103.195.142.195,87.98.154.117,53,28459,UDP,flow,failed,1452494117619085,,1,1,0,1437,0,0.0,1,1437,0,none,0,none,0,0,0,no_alert_unknown,no_alert_not_final_benign,-1,dns,port
2025-07-19T23:02:30.378161+0700,103.195.142.83,87.98.154.119,53,45128,UDP,flow,failed,1404060168308267,,1,1,0,1190,0,0.0,1,1190,0,none,0,none,0,0,0,no_alert_unknown,no_alert_not_final_benign,-1,dns,port
2025-07-19T23:02:30.378249+0700,103.195.142.109,87.98.154.45,53,64368,UDP,flow,failed,1259071055873779,,1,1,0,1437,0,0.0,1,1437,0,none,0,none,0,0,0,no_alert_unknown,no_alert_not_final_benign,-1,dns,port
2025-07-19T23:02:30.378388+0700,103.195.142.165,87.98.154.119,53,62218,UDP,flow,failed,1241460012042459,,1,1,0,1437,0,0.0,1,1437,0,none,0,none,0,0,0,no_alert_unknown,no_alert_not_final_benign,-1,dns,port
2025-07-19T23:02:30.378490+0700,103.195.142.74,118.98.44.20,43095,53,UDP,flow,dns,1485477381163274,,1,1,0,202,0,0.0,1,202,0,none,0,none,0,0,0,no_alert_unknown,no_alert_not_final_benign,-1,dns,app_proto+port
2025-07-19T23:02:30.378512+0700,103.195.142.75,8.8.8.8,52793,53,UDP,flow,dns,1426814478993689,,1,1,0,184,0,0.0,1,184,0,none,0,none,0,0,0,no_alert_unknown,no_alert_not_final_benign,-1,dns,app_proto+port
2025-07-19T23:02:30.378532+0700,103.195.142.46,87.98.154.103,53,5643,UDP,flow,failed,1262804482017799,,1,1,0,1437,0,0.0,1,1437,0,none,0,none,0,0,0,no_alert_unknown,no_alert_not_final_benign,-1,dns,port
2025-07-19T23:02:30.378551+0700,103.195.142.195,87.98.154.119,53,42278,UDP,flow,failed,1963346238917260,,1,1,0,1437,0,0.0,1,1437,0,none,0,none,0,0,0,no_alert_unknown,no_alert_not_final_benign,-1,dns,port
2025-07-19T23:02:30.378597+0700,103.195.142.76,87.98.154.134,53,8028,UDP,flow,failed,1339271486589629,,1,1,0,1469,0,0.0,1,1469,0,none,0,none,0,0,0,no_alert_unknown,no_alert_not_final_benign,-1,dns,port
2025-07-19T23:02:30.378703+0700,103.195.142.165,87.98.154.119,53,41411,UDP,flow,failed,1490849566379059,,1,1,0,1437,0,0.0,1,1437,0,none,0,none,0,0,0,no_alert_unknown,no_alert_not_final_benign,-1,dns,port
2025-07-19T23:02:30.378766+0700,103.195.142.76,87.98.154.22,53,11275,UDP,flow,failed,1098440917732437,,1,3,0,4407,0,9.0,3,4407,0,none,0,none,0,0,0,no_alert_unknown,no_alert_not_final_benign,-1,dns,port
2025-07-19T23:02:30.378812+0700,103.195.142.196,87.98.154.119,53,4505,UDP,flow,failed,1144599426321552,,1,1,0,1437,0,0.0,1,1437,0,none,0,none,0,0,0,no_alert_unknown,no_alert_not_final_benign,-1,dns,port
2025-07-19T23:02:30.378862+0700,103.195.142.74,118.98.44.50,48043,53,UDP,flow,dns,1625019252428163,,1,1,0,68,0,0.0,1,68,0,none,0,none,0,0,0,no_alert_unknown,no_alert_not_final_benign,-1,dns,app_proto+port
2025-07-19T23:02:30.378883+0700,103.195.142.3,172.253.236.222,53,39068,UDP,flow,failed,1789634085735828,,1,1,0,216,0,0.0,1,216,0,none,0,none,0,0,0,no_alert_unknown,no_alert_not_final_benign,-1,dns,port
2025-07-19T23:02:30.379032+0700,103.195.142.196,87.98.154.119,53,49747,UDP,flow,failed,1389089181355700,,1,1,0,1437,0,0.0,1,1437,0,none,0,none,0,0,0,no_alert_unknown,no_alert_not_final_benign,-1,dns,port
2025-07-19T23:02:30.379050+0700,103.195.142.74,202.134.0.155,42260,53,UDP,flow,dns,1498971486441176,,1,1,0,250,0,0.0,1,250,0,none,0,none,0,0,0,no_alert_unknown,no_alert_not_final_benign,-1,dns,app_proto+port
2025-07-19T23:02:30.379070+0700,103.195.142.46,87.98.154.118,53,43977,UDP,flow,failed,1962705294413652,,1,1,0,1437,0,0.0,1,1437,0,none,0,none,0,0,0,no_alert_unknown,no_alert_not_final_benign,-1,dns,port
2025-07-19T23:02:30.379091+0700,103.195.142.76,87.98.154.119,53,2792,UDP,flow,failed,1650125600542585,,1,1,0,1469,0,0.0,1,1469,0,none,0,none,0,0,0,no_alert_unknown,no_alert_not_final_benign,-1,dns,port
2025-07-19T23:02:30.379136+0700,103.195.142.74,118.98.44.100,34734,53,UDP,flow,dns,1516886070087586,,1,1,0,178,0,0.0,1,178,0,none,0,none,0,0,0,no_alert_unknown,no_alert_not_final_benign,-1,dns,app_proto+port
2025-07-19T23:02:30.379169+0700,103.195.142.83,87.98.154.119,53,48171,UDP,flow,failed,1419318314553352,,1,1,0,1190,0,0.0,1,1190,0,none,0,none,0,0,0,no_alert_unknown,no_alert_not_final_benign,-1,dns,port
2025-07-19T23:02:30.379193+0700,103.195.142.74,118.98.44.50,3110,53,UDP,flow,dns,1968878188449818,,1,1,0,76,0,0.0,1,76,0,none,0,none,0,0,0,no_alert_unknown,no_alert_not_final_benign,-1,dns,app_proto+port
2025-07-19T23:02:30.379213+0700,103.195.142.46,87.98.154.117,53,18286,UDP,flow,failed,1930153835712541,,1,1,0,1437,0,0.0,1,1437,0,none,0,none,0,0,0,no_alert_unknown,no_alert_not_final_benign,-1,dns,port
2025-07-19T23:02:30.379271+0700,103.195.142.74,118.98.44.20,38035,53,UDP,flow,dns,1661764170436995,,1,1,0,79,0,0.0,1,79,0,none,0,none,0,0,0,no_alert_unknown,no_alert_not_final_benign,-1,dns,app_proto+port
2025-07-19T23:02:30.379301+0700,103.195.142.196,87.98.154.141,53,61588,UDP,flow,failed,1782337119670706,,1,1,0,1437,0,0.0,1,1437,0,none,0,none,0,0,0,no_alert_unknown,no_alert_not_final_benign,-1,dns,port
2025-07-19T23:02:30.379353+0700,103.195.142.76,87.98.154.106,53,39521,UDP,flow,failed,1563051893674491,,1,1,0,1469,0,0.0,1,1469,0,none,0,none,0,0,0,no_alert_unknown,no_alert_not_final_benign,-1,dns,port
2025-07-19T23:02:30.379373+0700,103.195.142.195,87.98.154.119,53,33209,UDP,flow,failed,1734658711638610,,1,1,0,1437,0,0.0,1,1437,0,none,0,none,0,0,0,no_alert_unknown,no_alert_not_final_benign,-1,dns,port
2025-07-19T23:02:30.379411+0700,103.195.142.109,87.98.154.119,53,63493,UDP,flow,failed,1968259548271250,,1,1,0,1437,0,0.0,1,1437,0,none,0,none,0,0,0,no_alert_unknown,no_alert_not_final_benign,-1,dns,port
2025-07-19T23:02:30.379429+0700,103.195.142.74,118.98.44.20,1631,53,UDP,flow,dns,1554956850713265,,1,1,0,81,0,0.0,1,81,0,none,0,none,0,0,0,no_alert_unknown,no_alert_not_final_benign,-1,dns,app_proto+port
2025-07-19T23:02:30.379449+0700,103.195.142.46,87.98.154.119,53,4307,UDP,flow,failed,1487827386389186,,1,1,0,1437,0,0.0,1,1437,0,none,0,none,0,0,0,no_alert_unknown,no_alert_not_final_benign,-1,dns,port
2025-07-19T23:02:30.379472+0700,103.195.142.109,87.98.154.117,53,3727,UDP,flow,failed,1806632341754570,,1,1,0,1437,0,0.0,1,1437,0,none,0,none,0,0,0,no_alert_unknown,no_alert_not_final_benign,-1,dns,port
2025-07-19T23:02:30.379510+0700,103.195.142.76,87.98.154.117,53,38031,UDP,flow,failed,1355107401356125,,1,1,0,1469,0,0.0,1,1469,0,none,0,none,0,0,0,no_alert_unknown,no_alert_not_final_benign,-1,dns,port
2025-07-19T23:02:30.379528+0700,103.195.142.3,108.61.220.183,53,18770,UDP,flow,failed,1888501150864359,,1,1,0,175,0,0.0,1,175,0,none,0,none,0,0,0,no_alert_unknown,no_alert_not_final_benign,-1,dns,port
2025-07-19T23:02:30.379566+0700,103.195.142.46,87.98.154.191,53,7066,UDP,flow,failed,1258902763492597,,1,1,0,1437,0,0.0,1,1437,0,none,0,none,0,0,0,no_alert_unknown,no_alert_not_final_benign,-1,dns,port
2025-07-19T23:02:30.379584+0700,103.195.142.74,118.98.44.20,6677,53,UDP,flow,dns,1333805870961932,,1,1,0,68,0,0.0,1,68,0,none,0,none,0,0,0,no_alert_unknown,no_alert_not_final_benign,-1,dns,app_proto+port
2025-07-19T23:02:30.379648+0700,103.195.142.46,87.98.154.47,53,36923,UDP,flow,failed,1460466405692758,,1,1,0,1437,0,0.0,1,1437,0,none,0,none,0,0,0,no_alert_unknown,no_alert_not_final_benign,-1,dns,port
2025-07-19T23:02:30.379798+0700,103.195.142.74,118.98.44.50,31941,53,UDP,flow,dns,1184158935897709,,1,1,0,196,0,0.0,1,196,0,none,0,none,0,0,0,no_alert_unknown,no_alert_not_final_benign,-1,dns,app_proto+port
2025-07-19T23:02:30.379841+0700,103.195.142.46,87.98.154.119,53,8309,UDP,flow,failed,1601051710477951,,1,1,0,1437,0,0.0,1,1437,0,none,0,none,0,0,0,no_alert_unknown,no_alert_not_final_benign,-1,dns,port
2025-07-19T23:02:30.379859+0700,103.195.142.83,87.98.154.119,53,3221,UDP,flow,failed,1141970634823393,,1,1,0,1190,0,0.0,1,1190,0,none,0,none,0,0,0,no_alert_unknown,no_alert_not_final_benign,-1,dns,port
2025-07-19T23:02:30.379906+0700,103.195.142.46,87.98.154.159,53,14300,UDP,flow,failed,1336678459856651,,1,1,0,1437,0,0.0,1,1437,0,none,0,none,0,0,0,no_alert_unknown,no_alert_not_final_benign,-1,dns,port
2025-07-19T23:02:30.379965+0700,103.195.142.165,87.98.154.145,53,11761,UDP,flow,failed,1145090261342186,,1,1,0,1437,0,0.0,1,1437,0,none,0,none,0,0,0,no_alert_unknown,no_alert_not_final_benign,-1,dns,port
2025-07-19T23:02:30.379983+0700,103.195.142.74,118.98.44.50,4542,53,UDP,flow,dns,1577833762412590,,1,1,0,80,0,0.0,1,80,0,none,0,none,0,0,0,no_alert_unknown,no_alert_not_final_benign,-1,dns,app_proto+port
2025-07-19T23:02:30.380003+0700,103.195.142.74,118.98.44.20,22399,53,UDP,flow,dns,1831241690077258,,1,1,0,80,0,0.0,1,80,0,none,0,none,0,0,0,no_alert_unknown,no_alert_not_final_benign,-1,dns,app_proto+port
2025-07-19T23:02:30.380028+0700,103.195.142.109,87.98.154.245,53,30499,UDP,flow,failed,1691183748896888,,1,1,0,1437,0,0.0,1,1437,0,none,0,none,0,0,0,no_alert_unknown,no_alert_not_final_benign,-1,dns,port
2025-07-19T23:02:30.380046+0700,103.195.142.3,172.253.247.51,53,45240,UDP,flow,failed,1842562776127613,,1,1,0,202,0,0.0,1,202,0,none,0,none,0,0,0,no_alert_unknown,no_alert_not_final_benign,-1,dns,port
2025-07-19T23:02:30.380167+0700,103.195.142.74,118.98.44.20,19523,53,UDP,flow,dns,1383492598847749,,1,1,0,68,0,0.0,1,68,0,none,0,none,0,0,0,no_alert_unknown,no_alert_not_final_benign,-1,dns,app_proto+port
2025-07-19T23:02:30.380195+0700,103.195.142.3,103.154.129.158,53,50538,UDP,flow,failed,1888656144947505,,1,1,0,137,0,0.0,1,137,0,none,0,none,0,0,0,no_alert_unknown,no_alert_not_final_benign,-1,dns,port
2025-07-19T23:02:30.380215+0700,103.195.142.46,87.98.154.75,53,15063,UDP,flow,failed,1422776352004417,,1,1,0,1437,0,0.0,1,1437,0,none,0,none,0,0,0,no_alert_unknown,no_alert_not_final_benign,-1,dns,port
2025-07-19T23:02:30.380234+0700,103.195.142.83,87.98.154.46,53,31487,UDP,flow,failed,1519280481589639,,1,1,0,1190,0,0.0,1,1190,0,none,0,none,0,0,0,no_alert_unknown,no_alert_not_final_benign,-1,dns,port
2025-07-19T23:02:30.380252+0700,103.195.142.74,118.98.44.20,34542,53,UDP,flow,dns,1375561088981400,,1,1,0,92,0,0.0,1,92,0,none,0,none,0,0,0,no_alert_unknown,no_alert_not_final_benign,-1,dns,app_proto+port
2025-07-19T23:02:30.380294+0700,103.195.142.75,8.8.8.8,30447,53,UDP,flow,dns,1681609363446317,,1,1,0,202,0,0.0,1,202,0,none,0,none,0,0,0,no_alert_unknown,no_alert_not_final_benign,-1,dns,app_proto+port
2025-07-19T23:02:30.380408+0700,103.195.142.83,87.98.154.74,53,19005,UDP,flow,failed,1204343235369813,,1,1,0,1190,0,0.0,1,1190,0,none,0,none,0,0,0,no_alert_unknown,no_alert_not_final_benign,-1,dns,port
2025-07-19T23:02:30.380475+0700,103.195.142.74,118.98.44.100,37472,53,UDP,flow,dns,425799201807285,,1,2,0,154,0,11.0,2,154,0,none,0,none,0,0,0,no_alert_unknown,no_alert_not_final_benign,-1,dns,app_proto+port
2025-07-19T23:02:30.380495+0700,103.195.142.76,87.98.154.162,53,33453,UDP,flow,failed,1875899121163196,,1,1,0,1469,0,0.0,1,1469,0,none,0,none,0,0,0,no_alert_unknown,no_alert_not_final_benign,-1,dns,port
2025-07-19T23:02:30.380513+0700,103.195.142.74,118.98.44.50,11440,53,UDP,flow,dns,1842458964679651,,1,1,0,78,0,0.0,1,78,0,none,0,none,0,0,0,no_alert_unknown,no_alert_not_final_benign,-1,dns,app_proto+port
2025-07-19T23:02:30.380646+0700,103.195.142.74,202.134.0.155,30442,53,UDP,flow,dns,1930130802302155,,1,1,0,68,0,0.0,1,68,0,none,0,none,0,0,0,no_alert_unknown,no_alert_not_final_benign,-1,dns,app_proto+port
2025-07-19T23:02:30.380666+0700,103.195.142.109,87.98.154.105,53,55798,UDP,flow,failed,1967536337607904,,1,1,0,1437,0,0.0,1,1437,0,none,0,none,0,0,0,no_alert_unknown,no_alert_not_final_benign,-1,dns,port
2025-07-19T23:02:30.380708+0700,103.195.142.74,118.98.44.20,26170,53,UDP,flow,dns,1883848514821399,,1,1,0,89,0,0.0,1,89,0,none,0,none,0,0,0,no_alert_unknown,no_alert_not_final_benign,-1,dns,app_proto+port
2025-07-19T23:02:30.380746+0700,103.195.142.46,87.98.154.135,53,44368,UDP,flow,failed,1803980351954227,,1,1,0,1437,0,0.0,1,1437,0,none,0,none,0,0,0,no_alert_unknown,no_alert_not_final_benign,-1,dns,port
2025-07-19T23:02:30.380769+0700,103.195.142.74,118.98.44.20,35406,53,UDP,flow,dns,1618569135021564,,1,1,0,91,0,0.0,1,91,0,none,0,none,0,0,0,no_alert_unknown,no_alert_not_final_benign,-1,dns,app_proto+port
2025-07-19T23:02:30.380831+0700,103.195.142.109,87.98.154.237,53,60342,UDP,flow,failed,1359533265608388,,1,1,0,1437,0,0.0,1,1437,0,none,0,none,0,0,0,no_alert_unknown,no_alert_not_final_benign,-1,dns,port
2025-07-19T23:02:30.380849+0700,103.195.142.108,8.8.8.8,19550,53,UDP,flow,dns,1487203978534610,,1,1,0,68,0,0.0,1,68,0,none,0,none,0,0,0,no_alert_unknown,no_alert_not_final_benign,-1,dns,app_proto+port
2025-07-19T23:02:30.380892+0700,103.195.142.74,202.134.0.155,62547,53,UDP,flow,dns,1644998432350104,,1,1,0,79,0,0.0,1,79,0,none,0,none,0,0,0,no_alert_unknown,no_alert_not_final_benign,-1,dns,app_proto+port
2025-07-19T23:02:30.380960+0700,103.195.142.109,87.98.154.5,53,29033,UDP,flow,failed,1350057222627422,,1,1,0,1437,0,0.0,1,1437,0,none,0,none,0,0,0,no_alert_unknown,no_alert_not_final_benign,-1,dns,port
2025-07-19T23:02:30.380978+0700,103.195.142.196,87.98.154.157,53,45731,UDP,flow,failed,1144299494662253,,1,1,0,1437,0,0.0,1,1437,0,none,0,none,0,0,0,no_alert_unknown,no_alert_not_final_benign,-1,dns,port
2025-07-19T23:02:30.381069+0700,103.195.142.74,118.98.44.20,45694,53,UDP,flow,dns,1956803195396457,,1,1,0,88,0,0.0,1,88,0,none,0,none,0,0,0,no_alert_unknown,no_alert_not_final_benign,-1,dns,app_proto+port
2025-07-19T23:02:30.381089+0700,103.195.142.195,87.98.154.4,53,9465,UDP,flow,failed,1533220815855985,,1,1,0,1437,0,0.0,1,1437,0,none,0,none,0,0,0,no_alert_unknown,no_alert_not_final_benign,-1,dns,port
2025-07-19T23:02:30.381162+0700,103.195.142.75,8.8.8.8,58036,53,UDP,flow,dns,1156752815121158,,1,1,0,88,0,0.0,1,88,0,none,0,none,0,0,0,no_alert_unknown,no_alert_not_final_benign,-1,dns,app_proto+port
2025-07-19T23:02:30.381202+0700,103.195.142.196,87.98.154.49,53,61600,UDP,flow,failed,1807888371770650,,1,1,0,1437,0,0.0,1,1437,0,none,0,none,0,0,0,no_alert_unknown,no_alert_not_final_benign,-1,dns,port
2025-07-19T23:02:30.381221+0700,103.195.142.74,118.98.44.100,58353,53,UDP,flow,dns,1712026466346370,,1,1,0,178,0,0.0,1,178,0,none,0,none,0,0,0,no_alert_unknown,no_alert_not_final_benign,-1,dns,app_proto+port
2025-07-19T23:02:30.381240+0700,103.195.142.83,87.98.154.119,53,14855,UDP,flow,failed,1736740863305111,,1,1,0,1190,0,0.0,1,1190,0,none,0,none,0,0,0,no_alert_unknown,no_alert_not_final_benign,-1,dns,port
2025-07-19T23:02:30.381304+0700,103.195.142.74,202.134.0.155,41735,53,UDP,flow,dns,1860494957110772,,1,1,0,93,0,0.0,1,93,0,none,0,none,0,0,0,no_alert_unknown,no_alert_not_final_benign,-1,dns,app_proto+port
2025-07-19T23:02:30.381324+0700,103.195.142.195,87.98.154.148,53,55874,UDP,flow,failed,1338594632689176,,1,3,0,4311,0,9.0,3,4311,0,none,0,none,0,0,0,no_alert_unknown,no_alert_not_final_benign,-1,dns,port
2025-07-19T23:02:30.381344+0700,103.195.142.196,87.98.154.105,53,7280,UDP,flow,failed,1410487385089563,,1,1,0,1437,0,0.0,1,1437,0,none,0,none,0,0,0,no_alert_unknown,no_alert_not_final_benign,-1,dns,port
2025-07-19T23:02:30.381364+0700,103.195.142.165,87.98.154.119,53,53627,UDP,flow,failed,1549142889817632,,1,1,0,1437,0,0.0,1,1437,0,none,0,none,0,0,0,no_alert_unknown,no_alert_not_final_benign,-1,dns,port
2025-07-19T23:02:30.381433+0700,103.195.142.109,87.98.154.119,53,6103,UDP,flow,failed,1683340293990146,,1,1,0,1437,0,0.0,1,1437,0,none,0,none,0,0,0,no_alert_unknown,no_alert_not_final_benign,-1,dns,port
2025-07-19T23:02:30.381452+0700,103.195.142.2,172.217.44.222,53,53439,UDP,flow,failed,1892732049844071,,1,1,0,167,0,0.0,1,167,0,none,0,none,0,0,0,no_alert_unknown,no_alert_not_final_benign,-1,dns,port
2025-07-19T23:02:30.381470+0700,103.195.142.75,8.8.8.8,60463,53,UDP,flow,dns,1932282801252468,,1,1,0,178,0,0.0,1,178,0,none,0,none,0,0,0,no_alert_unknown,no_alert_not_final_benign,-1,dns,app_proto+port
2025-07-19T23:02:30.381490+0700,103.195.142.76,87.98.154.119,53,15463,UDP,flow,failed,1860270612113823,,1,1,0,1469,0,0.0,1,1469,0,none,0,none,0,0,0,no_alert_unknown,no_alert_not_final_benign,-1,dns,port
2025-07-19T23:02:30.381509+0700,103.195.142.74,118.98.44.50,52196,53,UDP,flow,dns,1851447541459380,,1,1,0,81,0,0.0,1,81,0,none,0,none,0,0,0,no_alert_unknown,no_alert_not_final_benign,-1,dns,app_proto+port
2025-07-19T23:02:30.381528+0700,103.195.142.165,87.98.154.119,53,12760,UDP,flow,failed,1656094544456198,,1,1,0,1437,0,0.0,1,1437,0,none,0,none,0,0,0,no_alert_unknown,no_alert_not_final_benign,-1,dns,port
2025-07-19T23:02:30.381552+0700,103.195.142.109,87.98.154.119,53,12097,UDP,flow,failed,1920409816295967,,1,1,0,1437,0,0.0,1,1437,0,none,0,none,0,0,0,no_alert_unknown,no_alert_not_final_benign,-1,dns,port
2025-07-19T23:02:30.381631+0700,103.195.142.83,87.98.154.119,53,62339,UDP,flow,failed,1706529513696193,,1,1,0,1190,0,0.0,1,1190,0,none,0,none,0,0,0,no_alert_unknown,no_alert_not_final_benign,-1,dns,port
2025-07-19T23:02:30.381649+0700,103.195.142.75,8.8.8.8,47180,53,UDP,flow,dns,1930510375021598,,1,1,0,105,0,0.0,1,105,0,none,0,none,0,0,0,no_alert_unknown,no_alert_not_final_benign,-1,dns,app_proto+port
2025-07-19T23:02:30.381679+0700,103.195.142.109,87.98.154.17,53,62233,UDP,flow,failed,1452295473294434,,1,1,0,1437,0,0.0,1,1437,0,none,0,none,0,0,0,no_alert_unknown,no_alert_not_final_benign,-1,dns,port
2025-07-19T23:02:30.381761+0700,103.195.142.74,118.98.44.100,15921,53,UDP,flow,dns,1843753213390585,,1,1,0,80,0,0.0,1,80,0,none,0,none,0,0,0,no_alert_unknown,no_alert_not_final_benign,-1,dns,app_proto+port
2025-07-19T23:02:30.381800+0700,103.195.142.195,87.98.154.232,53,55024,UDP,flow,failed,1818339447107885,,1,1,0,1437,0,0.0,1,1437,0,none,0,none,0,0,0,no_alert_unknown,no_alert_not_final_benign,-1,dns,port
2025-07-19T23:02:30.381837+0700,103.195.142.83,87.98.154.119,53,15736,UDP,flow,failed,1578042293055818,,1,1,0,1190,0,0.0,1,1190,0,none,0,none,0,0,0,no_alert_unknown,no_alert_not_final_benign,-1,dns,port
2025-07-19T23:02:30.381868+0700,103.195.142.74,202.134.0.155,52697,53,UDP,flow,dns,1832170043502951,,1,1,0,68,0,0.0,1,68,0,none,0,none,0,0,0,no_alert_unknown,no_alert_not_final_benign,-1,dns,app_proto+port
2025-07-19T23:02:30.381888+0700,103.195.142.83,87.98.154.46,53,8601,UDP,flow,failed,1430580285763991,,1,1,0,1190,0,0.0,1,1190,0,none,0,none,0,0,0,no_alert_unknown,no_alert_not_final_benign,-1,dns,port
2025-07-19T23:02:30.381907+0700,103.195.142.46,87.98.154.75,53,57867,UDP,flow,failed,1494475628966539,,1,1,0,1437,0,0.0,1,1437,0,none,0,none,0,0,0,no_alert_unknown,no_alert_not_final_benign,-1,dns,port
2025-07-19T23:02:30.381947+0700,103.195.142.83,87.98.154.190,53,1227,UDP,flow,failed,1120967372272346,,1,3,0,3570,0,10.0,3,3570,0,none,0,none,0,0,0,no_alert_unknown,no_alert_not_final_benign,-1,dns,port
2025-07-19T23:02:30.382015+0700,103.195.142.109,87.98.154.119,53,41596,UDP,flow,failed,1622607086580620,,1,1,0,1437,0,0.0,1,1437,0,none,0,none,0,0,0,no_alert_unknown,no_alert_not_final_benign,-1,dns,port
2025-07-19T23:02:30.382033+0700,103.195.142.76,87.98.154.119,53,43122,UDP,flow,failed,1558416143578076,,1,1,0,1469,0,0.0,1,1469,0,none,0,none,0,0,0,no_alert_unknown,no_alert_not_final_benign,-1,dns,port
2025-07-19T23:02:30.382130+0700,103.195.142.46,87.98.154.119,53,3444,UDP,flow,failed,1665486746842409,,1,1,0,1437,0,0.0,1,1437,0,none,0,none,0,0,0,no_alert_unknown,no_alert_not_final_benign,-1,dns,port
2025-07-19T23:02:30.382148+0700,103.195.142.74,118.98.44.100,40661,53,UDP,flow,dns,1960356892341691,,1,1,0,220,0,0.0,1,220,0,none,0,none,0,0,0,no_alert_unknown,no_alert_not_final_benign,-1,dns,app_proto+port
2025-07-19T23:02:30.382174+0700,103.195.142.75,8.8.8.8,11664,53,UDP,flow,dns,1498639349347835,,1,1,0,220,0,0.0,1,220,0,none,0,none,0,0,0,no_alert_unknown,no_alert_not_final_benign,-1,dns,app_proto+port
2025-07-19T23:02:30.382194+0700,103.195.142.165,87.98.154.119,53,42843,UDP,flow,failed,1743539860698684,,1,1,0,1437,0,0.0,1,1437,0,none,0,none,0,0,0,no_alert_unknown,no_alert_not_final_benign,-1,dns,port
2025-07-19T23:02:30.382213+0700,103.195.142.74,118.98.44.50,63841,53,UDP,flow,dns,1661442027386628,,1,1,0,87,0,0.0,1,87,0,none,0,none,0,0,0,no_alert_unknown,no_alert_not_final_benign,-1,dns,app_proto+port
2025-07-19T23:02:30.382362+0700,103.195.142.74,118.98.44.50,46131,53,UDP,flow,dns,1617596330965038,,1,1,0,68,0,0.0,1,68,0,none,0,none,0,0,0,no_alert_unknown,no_alert_not_final_benign,-1,dns,app_proto+port
2025-07-19T23:02:30.382382+0700,103.195.142.46,87.98.154.47,53,35928,UDP,flow,failed,1572338510166140,,1,1,0,1437,0,0.0,1,1437,0,none,0,none,0,0,0,no_alert_unknown,no_alert_not_final_benign,-1,dns,port
2025-07-19T23:02:30.382400+0700,103.195.142.196,87.98.154.119,53,43687,UDP,flow,failed,1446206599624835,,1,1,0,1437,0,0.0,1,1437,0,none,0,none,0,0,0,no_alert_unknown,no_alert_not_final_benign,-1,dns,port
2025-07-19T23:02:30.382419+0700,103.195.142.83,87.98.154.119,53,18630,UDP,flow,failed,2168896117307548,,1,1,0,1190,0,0.0,1,1190,0,none,0,none,0,0,0,no_alert_unknown,no_alert_not_final_benign,-1,dns,port
2025-07-19T23:02:30.382437+0700,103.195.142.74,118.98.44.100,62759,53,UDP,flow,dns,2182733108770996,,1,1,0,68,0,0.0,1,68,0,none,0,none,0,0,0,no_alert_unknown,no_alert_not_final_benign,-1,dns,app_proto+port
2025-07-19T23:02:30.382527+0700,103.195.142.83,87.98.154.119,53,47711,UDP,flow,failed,2078165288057085,,1,1,0,1190,0,0.0,1,1190,0,none,0,none,0,0,0,no_alert_unknown,no_alert_not_final_benign,-1,dns,port
2025-07-19T23:02:30.382546+0700,103.195.142.196,87.98.154.141,53,22835,UDP,flow,failed,1946892104464695,,1,1,0,1437,0,0.0,1,1437,0,none,0,none,0,0,0,no_alert_unknown,no_alert_not_final_benign,-1,dns,port
2025-07-19T23:02:30.394698+0700,103.195.142.74,118.98.44.100,42857,53,UDP,dns,,1695216427529307,wire/pcap,0,0,0,0,0,0.0,0,0,0,none,0,none,0,0,0,no_alert_unknown,no_alert_not_final_benign,-1,dns,port
2025-07-19T23:02:30.394867+0700,103.195.142.74,118.98.44.100,57982,53,UDP,dns,,1695945053758869,wire/pcap,0,0,0,0,0,0.0,0,0,0,none,0,none,0,0,0,no_alert_unknown,no_alert_not_final_benign,-1,dns,port
2025-07-19T23:02:30.397376+0700,103.195.142.74,118.98.44.50,17803,53,UDP,dns,,1706719119085363,wire/pcap,0,0,0,0,0,0.0,0,0,0,none,0,none,0,0,0,no_alert_unknown,no_alert_not_final_benign,-1,dns,port
2025-07-19T23:02:30.433939+0700,103.195.142.74,202.134.0.155,28914,53,UDP,dns,,1863756216997278,wire/pcap,0,0,0,0,0,0.0,0,0,0,none,0,none,0,0,0,no_alert_unknown,no_alert_not_final_benign,-1,dns,port
2025-07-19T23:02:30.434368+0700,103.195.142.74,118.98.44.20,54881,53,UDP,dns,,1865596459776876,wire/pcap,0,0,0,0,0,0.0,0,0,0,none,0,none,0,0,0,no_alert_unknown,no_alert_not_final_benign,-1,dns,port
2025-07-19T23:02:30.445042+0700,103.195.142.75,45.79.197.241,52730,53,UDP,dns,,1911443167918295,wire/pcap,0,0,0,0,0,0.0,0,0,0,none,0,none,0,0,0,no_alert_unknown,no_alert_not_final_benign,-1,dns,port
2025-07-19T23:02:30.450975+0700,103.195.142.74,118.98.44.50,23953,53,UDP,dns,,1936926947806828,wire/pcap,0,0,0,0,0,0.0,0,0,0,none,0,none,0,0,0,no_alert_unknown,no_alert_not_final_benign,-1,dns,port
2025-07-19T23:02:30.451047+0700,103.195.142.74,118.98.44.50,32210,53,UDP,dns,,1937232772239732,wire/pcap,0,0,0,0,0,0.0,0,0,0,none,0,none,0,0,0,no_alert_unknown,no_alert_not_final_benign,-1,dns,port
2025-07-19T23:02:30.451104+0700,103.195.142.74,202.134.0.155,21901,53,UDP,dns,,1937479603610570,wire/pcap,0,0,0,0,0,0.0,0,0,0,none,0,none,0,0,0,no_alert_unknown,no_alert_not_final_benign,-1,dns,port
2025-07-19T23:02:30.472425+0700,103.195.142.75,8.8.8.8,2924,53,UDP,dns,,1747576836045572,wire/pcap,0,0,0,0,0,0.0,0,0,0,none,0,none,0,0,0,no_alert_unknown,no_alert_not_final_benign,-1,dns,port
2025-07-19T23:02:30.489419+0700,103.195.142.31,8.8.8.8,20501,53,UDP,dns,,1820566648665001,wire/pcap,0,0,0,0,0,0.0,0,0,0,none,0,none,0,0,0,no_alert_unknown,no_alert_not_final_benign,-1,dns,port
2025-07-19T23:02:30.489590+0700,103.195.142.31,8.8.8.8,20633,53,UDP,dns,,1821299764555919,wire/pcap,0,0,0,0,0,0.0,0,0,0,none,0,none,0,0,0,no_alert_unknown,no_alert_not_final_benign,-1,dns,port
2025-07-19T23:02:30.494007+0700,103.195.142.74,202.134.0.155,18006,53,UDP,dns,,1840269758617806,wire/pcap,0,0,0,0,0,0.0,0,0,0,none,0,none,0,0,0,no_alert_unknown,no_alert_not_final_benign,-1,dns,port
2025-07-19T23:02:30.519266+0700,103.195.142.74,118.98.44.100,63217,53,UDP,dns,,1948757305910223,wire/pcap,0,0,0,0,0,0.0,0,0,0,none,0,none,0,0,0,no_alert_unknown,no_alert_not_final_benign,-1,dns,port
2025-07-19T23:02:30.540145+0700,103.195.142.74,118.98.44.50,6511,53,UDP,dns,,1756956324003286,wire/pcap,0,0,0,0,0,0.0,0,0,0,none,0,none,0,0,0,no_alert_unknown,no_alert_not_final_benign,-1,dns,port
2025-07-19T23:02:30.554364+0700,103.195.142.74,118.98.44.50,44631,53,UDP,dns,,1818026423071690,wire/pcap,0,0,0,0,0,0.0,0,0,0,none,0,none,0,0,0,no_alert_unknown,no_alert_not_final_benign,-1,dns,port
2025-07-19T23:02:30.566248+0700,103.195.142.74,118.98.44.20,55313,53,UDP,dns,,1869068946969761,wire/pcap,0,0,0,0,0,0.0,0,0,0,none,0,none,0,0,0,no_alert_unknown,no_alert_not_final_benign,-1,dns,port
2025-07-19T23:02:30.566363+0700,103.195.142.75,8.8.8.8,4509,53,UDP,dns,,1869560867639957,wire/pcap,0,0,0,0,0,0.0,0,0,0,none,0,none,0,0,0,no_alert_unknown,no_alert_not_final_benign,-1,dns,port
2025-07-19T23:02:30.566495+0700,103.195.142.74,118.98.44.100,50834,53,UDP,dns,,1870130570938175,wire/pcap,0,0,0,0,0,0.0,0,0,0,none,0,none,0,0,0,no_alert_unknown,no_alert_not_final_benign,-1,dns,port
2025-07-19T23:02:30.646492+0700,103.195.142.74,118.98.44.20,45497,53,UDP,dns,,1932238185191245,wire/pcap,0,0,0,0,0,0.0,0,0,0,none,0,none,0,0,0,no_alert_unknown,no_alert_not_final_benign,-1,dns,port
2025-07-19T23:02:30.680077+0700,103.195.142.75,8.8.8.8,15869,53,UDP,dns,,1795012579014243,wire/pcap,0,0,0,0,0,0.0,0,0,0,none,0,none,0,0,0,no_alert_unknown,no_alert_not_final_benign,-1,dns,port
2025-07-19T23:02:30.716747+0700,103.195.142.74,118.98.44.100,62747,53,UDP,dns,,1952509214940934,wire/pcap,0,0,0,0,0,0.0,0,0,0,none,0,none,0,0,0,no_alert_unknown,no_alert_not_final_benign,-1,dns,port
2025-07-19T23:02:30.754991+0700,103.195.142.108,8.8.8.8,30400,53,UDP,dns,,1835288390910238,wire/pcap,0,0,0,0,0,0.0,0,0,0,none,0,none,0,0,0,no_alert_unknown,no_alert_not_final_benign,-1,dns,port
2025-07-19T23:02:30.755336+0700,103.195.142.74,202.134.0.155,51873,53,UDP,dns,,1836769601151849,wire/pcap,0,0,0,0,0,0.0,0,0,0,none,0,none,0,0,0,no_alert_unknown,no_alert_not_final_benign,-1,dns,port
2025-07-19T23:02:30.757677+0700,103.195.142.46,87.98.154.107,53,34563,UDP,flow,failed,2065836051599089,,1,1,0,1437,0,0.0,1,1437,0,none,0,none,0,0,0,no_alert_unknown,no_alert_not_final_benign,-1,dns,port
2025-07-19T23:02:30.766596+0700,103.195.142.74,118.98.44.50,24028,53,UDP,dns,,1885130919496660,wire/pcap,0,0,0,0,0,0.0,0,0,0,none,0,none,0,0,0,no_alert_unknown,no_alert_not_final_benign,-1,dns,port
2025-07-19T23:02:30.766767+0700,103.195.142.75,8.8.8.8,37829,53,UDP,dns,,1885865829441604,wire/pcap,0,0,0,0,0,0.0,0,0,0,none,0,none,0,0,0,no_alert_unknown,no_alert_not_final_benign,-1,dns,port
2025-07-19T23:02:30.768305+0700,103.195.142.74,118.98.44.20,61195,53,UDP,dns,,1892470759738782,wire/pcap,0,0,0,0,0,0.0,0,0,0,none,0,none,0,0,0,no_alert_unknown,no_alert_not_final_benign,-1,dns,port
2025-07-19T23:02:30.771603+0700,103.195.142.109,87.98.154.17,53,4592,UDP,flow,failed,2197220629083147,,1,1,0,1437,0,0.0,1,1437,0,none,0,none,0,0,0,no_alert_unknown,no_alert_not_final_benign,-1,dns,port
2025-07-19T23:02:30.806828+0700,103.195.142.74,202.134.0.155,24994,53,UDP,dns,,1776452266194526,wire/pcap,0,0,0,0,0,0.0,0,0,0,none,0,none,0,0,0,no_alert_unknown,no_alert_not_final_benign,-1,dns,port
2025-07-19T23:02:30.818092+0700,103.195.142.75,8.8.8.8,47429,53,UDP,dns,,1824830801277622,wire/pcap,0,0,0,0,0,0.0,0,0,0,none,0,none,0,0,0,no_alert_unknown,no_alert_not_final_benign,-1,dns,port
2025-07-19T23:02:30.827848+0700,103.195.142.74,202.134.0.155,19717,53,UDP,dns,,1866732574539552,wire/pcap,0,0,0,0,0,0.0,0,0,0,none,0,none,0,0,0,no_alert_unknown,no_alert_not_final_benign,-1,dns,port
2025-07-19T23:02:30.828088+0700,103.195.142.75,8.8.8.8,43479,53,UDP,dns,,1867762638402762,wire/pcap,0,0,0,0,0,0.0,0,0,0,none,0,none,0,0,0,no_alert_unknown,no_alert_not_final_benign,-1,dns,port
2025-07-19T23:02:30.851303+0700,103.195.142.75,50.28.32.155,14012,53,UDP,dns,,1967472762695747,wire/pcap,0,0,0,0,0,0.0,0,0,0,none,0,none,0,0,0,no_alert_unknown,no_alert_not_final_benign,-1,dns,port
2025-07-19T23:02:30.873789+0700,103.195.142.75,8.8.8.8,16297,53,UDP,dns,,1782574609449654,wire/pcap,0,0,0,0,0,0.0,0,0,0,none,0,none,0,0,0,no_alert_unknown,no_alert_not_final_benign,-1,dns,port
2025-07-19T23:02:30.888215+0700,103.195.142.74,118.98.44.100,8969,53,UDP,dns,,1844531977592773,wire/pcap,0,0,0,0,0,0.0,0,0,0,none,0,none,0,0,0,no_alert_unknown,no_alert_not_final_benign,-1,dns,port
2025-07-19T23:02:30.900315+0700,103.195.142.74,118.98.44.20,38172,53,UDP,dns,,1896502131594107,wire/pcap,0,0,0,0,0,0.0,0,0,0,none,0,none,0,0,0,no_alert_unknown,no_alert_not_final_benign,-1,dns,port
2025-07-19T23:02:30.906352+0700,103.195.142.74,118.98.44.20,16685,53,UDP,dns,,1922428026671456,wire/pcap,0,0,0,0,0,0.0,0,0,0,none,0,none,0,0,0,no_alert_unknown,no_alert_not_final_benign,-1,dns,port
2025-07-19T23:02:30.909840+0700,103.195.142.108,8.8.8.8,1900,53,UDP,dns,,1216074754602613,wire/pcap,0,0,0,0,0,0.0,0,0,0,none,0,none,0,0,0,no_alert_unknown,no_alert_not_final_benign,-1,dns,port
2025-07-19T23:02:30.924429+0700,103.195.142.74,118.98.44.50,6471,53,UDP,dns,,1718595524887588,wire/pcap,0,0,0,0,0,0.0,0,0,0,none,0,none,0,0,0,no_alert_unknown,no_alert_not_final_benign,-1,dns,port
2025-07-19T23:02:30.924504+0700,103.195.142.74,118.98.44.100,44428,53,UDP,dns,,1718917519696018,wire/pcap,0,0,0,0,0,0.0,0,0,0,none,0,none,0,0,0,no_alert_unknown,no_alert_not_final_benign,-1,dns,port
2025-07-19T23:02:30.924569+0700,103.195.142.75,208.74.124.194,51664,53,UDP,dns,,1719196009151953,wire/pcap,0,0,0,0,0,0.0,0,0,0,none,0,none,0,0,0,no_alert_unknown,no_alert_not_final_benign,-1,dns,port
2025-07-19T23:02:30.960282+0700,103.195.142.74,202.134.0.155,44813,53,UDP,dns,,1872582129792497,wire/pcap,0,0,0,0,0,0.0,0,0,0,none,0,none,0,0,0,no_alert_unknown,no_alert_not_final_benign,-1,dns,port
2025-07-19T23:02:30.967129+0700,103.195.142.74,202.134.0.155,37444,53,UDP,dns,,1901987882714601,wire/pcap,0,0,0,0,0,0.0,0,0,0,none,0,none,0,0,0,no_alert_unknown,no_alert_not_final_benign,-1,dns,port
2025-07-19T23:02:31.001913+0700,103.195.142.74,118.98.44.100,24607,53,UDP,dns,,1978543877568427,wire/pcap,0,0,0,0,0,0.0,0,0,0,none,0,none,0,0,0,no_alert_unknown,no_alert_not_final_benign,-1,dns,port
2025-07-19T23:02:31.014021+0700,103.195.142.75,8.8.8.8,54839,53,UDP,dns,,2030546502411785,wire/pcap,0,0,0,0,0,0.0,0,0,0,none,0,none,0,0,0,no_alert_unknown,no_alert_not_final_benign,-1,dns,port
2025-07-19T23:02:31.041063+0700,103.195.142.74,202.134.0.155,58640,53,UDP,dns,,2146689352125522,wire/pcap,0,0,0,0,0,0.0,0,0,0,none,0,none,0,0,0,no_alert_unknown,no_alert_not_final_benign,-1,dns,port
2025-07-19T23:02:31.041196+0700,103.195.142.74,118.98.44.20,20823,53,UDP,dns,,2147261063029205,wire/pcap,0,0,0,0,0,0.0,0,0,0,none,0,none,0,0,0,no_alert_unknown,no_alert_not_final_benign,-1,dns,port
2025-07-19T23:02:31.059016+0700,103.195.142.74,202.134.0.155,64445,53,UDP,dns,,2223800213075658,wire/pcap,0,0,0,0,0,0.0,0,0,0,none,0,none,0,0,0,no_alert_unknown,no_alert_not_final_benign,-1,dns,port
2025-07-19T23:02:31.064266+0700,103.195.142.74,118.98.44.100,51137,53,UDP,dns,,2246348197501889,wire/pcap,0,0,0,0,0,0.0,0,0,0,none,0,none,0,0,0,no_alert_unknown,no_alert_not_final_benign,-1,dns,port
2025-07-19T23:02:31.064360+0700,103.195.142.74,118.98.44.100,14074,53,UDP,dns,,2246749696357748,wire/pcap,0,0,0,0,0,0.0,0,0,0,none,0,none,0,0,0,no_alert_unknown,no_alert_not_final_benign,-1,dns,port
2025-07-19T23:02:31.076421+0700,103.195.142.74,202.134.0.155,26720,53,UDP,dns,,2017076516953759,wire/pcap,0,0,0,0,0,0.0,0,0,0,none,0,none,0,0,0,no_alert_unknown,no_alert_not_final_benign,-1,dns,port
2025-07-19T23:02:31.076533+0700,103.195.142.74,118.98.44.100,15836,53,UDP,dns,,2017559911274113,wire/pcap,0,0,0,0,0,0.0,0,0,0,none,0,none,0,0,0,no_alert_unknown,no_alert_not_final_benign,-1,dns,port
2025-07-19T23:02:31.080925+0700,103.195.142.75,50.28.32.155,39571,53,UDP,dns,,2036423443812013,wire/pcap,0,0,0,0,0,0.0,0,0,0,none,0,none,0,0,0,no_alert_unknown,no_alert_not_final_benign,-1,dns,port
2025-07-19T23:02:31.088809+0700,103.195.142.74,118.98.44.20,43401,53,UDP,dns,,2070284320073840,wire/pcap,0,0,0,0,0,0.0,0,0,0,none,0,none,0,0,0,no_alert_unknown,no_alert_not_final_benign,-1,dns,port
2025-07-19T23:02:31.107765+0700,103.195.142.74,118.98.44.50,18442,53,UDP,dns,,2151698772398710,wire/pcap,0,0,0,0,0,0.0,0,0,0,none,0,none,0,0,0,no_alert_unknown,no_alert_not_final_benign,-1,dns,port
2025-07-19T23:02:31.110915+0700,103.195.142.75,8.8.8.8,13945,53,UDP,dns,,2165228672475399,wire/pcap,0,0,0,0,0,0.0,0,0,0,none,0,none,0,0,0,no_alert_unknown,no_alert_not_final_benign,-1,dns,port
2025-07-19T23:02:31.113994+0700,103.195.142.74,118.98.44.50,65153,53,UDP,dns,,2178454614390279,wire/pcap,0,0,0,0,0,0.0,0,0,0,none,0,none,0,0,0,no_alert_unknown,no_alert_not_final_benign,-1,dns,port
2025-07-19T23:02:31.120040+0700,103.195.142.74,118.98.44.20,27212,53,UDP,dns,,2204420662694035,wire/pcap,0,0,0,0,0,0.0,0,0,0,none,0,none,0,0,0,no_alert_unknown,no_alert_not_final_benign,-1,dns,port
2025-07-19T23:02:31.120137+0700,103.195.142.75,8.8.8.8,34403,53,UDP,dns,,2204837226252870,wire/pcap,0,0,0,0,0,0.0,0,0,0,none,0,none,0,0,0,no_alert_unknown,no_alert_not_final_benign,-1,dns,port
2025-07-19T23:02:31.139808+0700,103.195.142.74,118.98.44.100,46970,53,UDP,dns,,2007849533324420,wire/pcap,0,0,0,0,0,0.0,0,0,0,none,0,none,0,0,0,no_alert_unknown,no_alert_not_final_benign,-1,dns,port
2025-07-19T23:02:31.139956+0700,103.195.142.74,202.134.0.155,37870,53,UDP,dns,,2008482236008877,wire/pcap,0,0,0,0,0,0.0,0,0,0,none,0,none,0,0,0,no_alert_unknown,no_alert_not_final_benign,-1,dns,port
2025-07-19T23:02:31.140035+0700,103.195.142.74,118.98.44.20,24132,53,UDP,dns,,2008821750928355,wire/pcap,0,0,0,0,0,0.0,0,0,0,none,0,none,0,0,0,no_alert_unknown,no_alert_not_final_benign,-1,dns,port
2025-07-19T23:02:31.182194+0700,103.195.142.74,202.134.0.155,9474,53,UDP,dns,,2189893255334362,wire/pcap,0,0,0,0,0,0.0,0,0,0,none,0,none,0,0,0,no_alert_unknown,no_alert_not_final_benign,-1,dns,port
2025-07-19T23:02:31.189790+0700,103.195.142.74,118.98.44.20,25514,53,UDP,dns,,2222518504387067,wire/pcap,0,0,0,0,0,0.0,0,0,0,none,0,none,0,0,0,no_alert_unknown,no_alert_not_final_benign,-1,dns,port
2025-07-19T23:02:31.212103+0700,103.195.142.75,8.8.8.8,2004,53,UDP,dns,,2036876469058441,wire/pcap,0,0,0,0,0,0.0,0,0,0,none,0,none,0,0,0,no_alert_unknown,no_alert_not_final_benign,-1,dns,port
2025-07-19T23:02:31.212189+0700,103.195.142.74,118.98.44.50,32931,53,UDP,dns,,2037248175924198,wire/pcap,0,0,0,0,0,0.0,0,0,0,none,0,none,0,0,0,no_alert_unknown,no_alert_not_final_benign,-1,dns,port
2025-07-19T23:02:31.220813+0700,103.195.142.74,118.98.44.20,29126,53,UDP,dns,,2074287020519188,wire/pcap,0,0,0,0,0,0.0,0,0,0,none,0,none,0,0,0,no_alert_unknown,no_alert_not_final_benign,-1,dns,port
2025-07-19T23:02:31.223840+0700,103.195.142.74,34.8.38.57,57227,53,UDP,dns,,2087286242995922,wire/pcap,0,0,0,0,0,0.0,0,0,0,none,0,none,0,0,0,no_alert_unknown,no_alert_not_final_benign,-1,dns,port
2025-07-19T23:02:31.228934+0700,103.195.142.75,8.8.8.8,21526,53,UDP,dns,,2109167344746553,wire/pcap,0,0,0,0,0,0.0,0,0,0,none,0,none,0,0,0,no_alert_unknown,no_alert_not_final_benign,-1,dns,port
2025-07-19T23:02:31.250694+0700,103.195.142.74,202.134.0.155,3033,53,UDP,dns,,2202626029544463,wire/pcap,0,0,0,0,0,0.0,0,0,0,none,0,none,0,0,0,no_alert_unknown,no_alert_not_final_benign,-1,dns,port
2025-07-19T23:02:31.263481+0700,103.195.142.74,202.134.0.155,19644,53,UDP,dns,,1976069762362456,wire/pcap,0,0,0,0,0,0.0,0,0,0,none,0,none,0,0,0,no_alert_unknown,no_alert_not_final_benign,-1,dns,port
2025-07-19T23:02:31.273461+0700,103.195.142.74,118.98.44.50,35381,53,UDP,dns,,2018933885791720,wire/pcap,0,0,0,0,0,0.0,0,0,0,none,0,none,0,0,0,no_alert_unknown,no_alert_not_final_benign,-1,dns,port
2025-07-19T23:02:31.275785+0700,103.195.142.31,8.8.8.8,58484,53,UDP,dns,,2028913764661860,wire/pcap,0,0,0,0,0,0.0,0,0,0,none,0,none,0,0,0,no_alert_unknown,no_alert_not_final_benign,-1,dns,port
2025-07-19T23:02:31.294222+0700,103.195.142.74,202.134.0.155,24244,53,UDP,dns,,2108099532382177,wire/pcap,0,0,0,0,0,0.0,0,0,0,none,0,none,0,0,0,no_alert_unknown,no_alert_not_final_benign,-1,dns,port
2025-07-19T23:02:31.309035+0700,103.195.142.74,202.134.0.155,53833,53,UDP,dns,,2171722786848058,wire/pcap,0,0,0,0,0,0.0,0,0,0,none,0,none,0,0,0,no_alert_unknown,no_alert_not_final_benign,-1,dns,port
2025-07-19T23:02:31.310881+0700,103.195.142.74,118.98.44.20,61459,53,UDP,dns,,2179651761619996,wire/pcap,0,0,0,0,0,0.0,0,0,0,none,0,none,0,0,0,no_alert_unknown,no_alert_not_final_benign,-1,dns,port
2025-07-19T23:02:31.313294+0700,103.195.142.74,202.134.0.155,7635,53,UDP,dns,,2190012436668410,wire/pcap,0,0,0,0,0,0.0,0,0,0,none,0,none,0,0,0,no_alert_unknown,no_alert_not_final_benign,-1,dns,port
2025-07-19T23:02:31.334125+0700,103.195.142.74,118.98.44.100,46505,53,UDP,dns,,1998009919056395,wire/pcap,0,0,0,0,0,0.0,0,0,0,none,0,none,0,0,0,no_alert_unknown,no_alert_not_final_benign,-1,dns,port
2025-07-19T23:02:31.346206+0700,103.195.142.75,8.8.8.8,44741,53,UDP,dns,,2049896054122180,wire/pcap,0,0,0,0,0,0.0,0,0,0,none,0,none,0,0,0,no_alert_unknown,no_alert_not_final_benign,-1,dns,port
2025-07-19T23:02:31.356059+0700,103.195.142.74,202.134.0.155,42883,53,UDP,flow,dns,2248643136420400,,1,1,0,74,0,0.0,1,74,0,none,0,none,0,0,0,no_alert_unknown,no_alert_not_final_benign,-1,dns,app_proto+port
2025-07-19T23:02:31.356086+0700,103.195.142.46,87.98.154.119,53,43716,UDP,flow,failed,1629694270143026,,1,1,0,1437,0,0.0,1,1437,0,none,0,none,0,0,0,no_alert_unknown,no_alert_not_final_benign,-1,dns,port
2025-07-19T23:02:31.356195+0700,103.195.142.2,52.183.8.173,53,51750,UDP,flow,failed,1467228236249756,,1,1,0,170,0,0.0,1,170,0,none,0,none,0,0,0,no_alert_unknown,no_alert_not_final_benign,-1,dns,port
2025-07-19T23:02:31.356215+0700,103.195.142.196,87.98.154.113,53,17819,UDP,flow,failed,2237034748279539,,1,1,0,1437,0,0.0,1,1437,0,none,0,none,0,0,0,no_alert_unknown,no_alert_not_final_benign,-1,dns,port
2025-07-19T23:02:31.356320+0700,103.195.142.165,87.98.154.233,53,59388,UDP,flow,failed,1954267048410270,,1,1,0,1437,0,0.0,1,1437,0,none,0,none,0,0,0,no_alert_unknown,no_alert_not_final_benign,-1,dns,port
2025-07-19T23:02:31.356342+0700,103.195.142.75,8.8.8.8,50602,53,UDP,flow,dns,1600548746329335,,1,1,0,88,0,0.0,1,88,0,none,0,none,0,0,0,no_alert_unknown,no_alert_not_final_benign,-1,dns,app_proto+port
2025-07-19T23:02:31.356388+0700,103.195.142.75,8.8.8.8,38151,53,UDP,flow,dns,1599894797516060,,1,1,0,184,0,0.0,1,184,0,none,0,none,0,0,0,no_alert_unknown,no_alert_not_final_benign,-1,dns,app_proto+port
2025-07-19T23:02:31.356408+0700,103.195.142.196,87.98.154.119,53,34823,UDP,flow,failed,1985248657636640,,1,1,0,1437,0,0.0,1,1437,0,none,0,none,0,0,0,no_alert_unknown,no_alert_not_final_benign,-1,dns,port
2025-07-19T23:02:31.356427+0700,103.195.142.165,87.98.154.119,53,20855,UDP,flow,failed,1836722566167845,,1,1,0,1437,0,0.0,1,1437,0,none,0,none,0,0,0,no_alert_unknown,no_alert_not_final_benign,-1,dns,port
2025-07-19T23:02:31.356447+0700,103.195.142.74,118.98.44.20,17137,53,UDP,flow,dns,1713021851827517,,1,1,0,178,0,0.0,1,178,0,none,0,none,0,0,0,no_alert_unknown,no_alert_not_final_benign,-1,dns,app_proto+port
2025-07-19T23:02:31.356515+0700,103.195.142.83,87.98.154.119,53,47868,UDP,flow,failed,1841067399085388,,1,1,0,1190,0,0.0,1,1190,0,none,0,none,0,0,0,no_alert_unknown,no_alert_not_final_benign,-1,dns,port
2025-07-19T23:02:31.356535+0700,103.195.142.83,87.98.154.119,53,31753,UDP,flow,failed,2149595809938805,,1,1,0,1190,0,0.0,1,1190,0,none,0,none,0,0,0,no_alert_unknown,no_alert_not_final_benign,-1,dns,port
2025-07-19T23:02:31.356628+0700,103.195.142.74,118.98.44.50,52532,53,UDP,flow,dns,1438623165283936,,1,1,0,89,0,0.0,1,89,0,none,0,none,0,0,0,no_alert_unknown,no_alert_not_final_benign,-1,dns,app_proto+port
2025-07-19T23:02:31.356651+0700,103.195.142.74,118.98.44.20,17574,53,UDP,flow,dns,1783711450562175,,1,1,0,178,0,0.0,1,178,0,none,0,none,0,0,0,no_alert_unknown,no_alert_not_final_benign,-1,dns,app_proto+port
2025-07-19T23:02:31.356773+0700,103.195.142.46,87.98.154.155,53,21059,UDP,flow,failed,2111997073194783,,1,1,0,1437,0,0.0,1,1437,0,none,0,none,0,0,0,no_alert_unknown,no_alert_not_final_benign,-1,dns,port
2025-07-19T23:02:31.356812+0700,103.195.142.75,8.8.8.8,53727,53,UDP,flow,dns,1485475645259572,,1,1,0,178,0,0.0,1,178,0,none,0,none,0,0,0,no_alert_unknown,no_alert_not_final_benign,-1,dns,app_proto+port
2025-07-19T23:02:31.356983+0700,103.195.142.196,87.98.154.229,53,3682,UDP,flow,failed,2043708166274897,,1,1,0,1437,0,0.0,1,1437,0,none,0,none,0,0,0,no_alert_unknown,no_alert_not_final_benign,-1,dns,port
2025-07-19T23:02:31.357023+0700,103.195.142.109,87.98.154.161,53,53458,UDP,flow,failed,1258465631043495,,1,3,0,4311,0,9.0,3,4311,0,none,0,none,0,0,0,no_alert_unknown,no_alert_not_final_benign,-1,dns,port
2025-07-19T23:02:31.357152+0700,103.195.142.74,118.98.44.50,32885,53,UDP,flow,dns,2118360651432363,,1,1,0,107,0,0.0,1,107,0,none,0,none,0,0,0,no_alert_unknown,no_alert_not_final_benign,-1,dns,app_proto+port
2025-07-19T23:02:31.357224+0700,103.195.142.3,172.217.43.157,53,41433,UDP,flow,failed,1437623063839465,,1,1,0,213,0,0.0,1,213,0,none,0,none,0,0,0,no_alert_unknown,no_alert_not_final_benign,-1,dns,port
2025-07-19T23:02:31.357243+0700,103.195.142.76,87.98.154.119,53,20017,UDP,flow,failed,1617818761528130,,1,1,0,1469,0,0.0,1,1469,0,none,0,none,0,0,0,no_alert_unknown,no_alert_not_final_benign,-1,dns,port
2025-07-19T23:02:31.357261+0700,103.195.142.196,87.98.154.119,53,16483,UDP,flow,failed,1864659743966080,,1,1,0,1437,0,0.0,1,1437,0,none,0,none,0,0,0,no_alert_unknown,no_alert_not_final_benign,-1,dns,port
2025-07-19T23:02:31.357507+0700,103.195.142.83,87.98.154.102,53,26679,UDP,flow,failed,1757453978731965,,1,1,0,1190,0,0.0,1,1190,0,none,0,none,0,0,0,no_alert_unknown,no_alert_not_final_benign,-1,dns,port
2025-07-19T23:02:31.357549+0700,103.195.142.75,8.8.8.8,56890,53,UDP,flow,dns,1400888260396479,,1,2,0,504,0,2.0,2,504,0,none,0,none,0,0,0,no_alert_unknown,no_alert_not_final_benign,-1,dns,app_proto+port
2025-07-19T23:02:31.357613+0700,103.195.142.46,87.98.154.211,53,51909,UDP,flow,failed,1735154440898127,,1,1,0,1437,0,0.0,1,1437,0,none,0,none,0,0,0,no_alert_unknown,no_alert_not_final_benign,-1,dns,port
2025-07-19T23:02:31.357681+0700,103.195.142.195,87.98.154.119,53,25285,UDP,flow,failed,1565878698608233,,1,1,0,1437,0,0.0,1,1437,0,none,0,none,0,0,0,no_alert_unknown,no_alert_not_final_benign,-1,dns,port
2025-07-19T23:02:31.357720+0700,103.195.142.46,87.98.154.19,53,58947,UDP,flow,failed,1721029627971191,,1,1,0,1437,0,0.0,1,1437,0,none,0,none,0,0,0,no_alert_unknown,no_alert_not_final_benign,-1,dns,port
2025-07-19T23:02:31.357809+0700,103.195.142.46,87.98.154.119,53,16863,UDP,flow,failed,1423449883510523,,1,1,0,1437,0,0.0,1,1437,0,none,0,none,0,0,0,no_alert_unknown,no_alert_not_final_benign,-1,dns,port
2025-07-19T23:02:31.357954+0700,103.195.142.196,87.98.154.225,53,3368,UDP,flow,failed,1763175897860103,,1,1,0,1437,0,0.0,1,1437,0,none,0,none,0,0,0,no_alert_unknown,no_alert_not_final_benign,-1,dns,port
2025-07-19T23:02:31.358012+0700,103.195.142.109,87.98.154.119,53,12333,UDP,flow,failed,1879823085963527,,1,1,0,1437,0,0.0,1,1437,0,none,0,none,0,0,0,no_alert_unknown,no_alert_not_final_benign,-1,dns,port
2025-07-19T23:02:31.358117+0700,103.195.142.46,87.98.154.47,53,45096,UDP,flow,failed,1596962601863456,,1,1,0,1437,0,0.0,1,1437,0,none,0,none,0,0,0,no_alert_unknown,no_alert_not_final_benign,-1,dns,port
2025-07-19T23:02:31.358315+0700,103.195.142.196,87.98.154.119,53,23994,UDP,flow,failed,2019798616148573,,1,1,0,1437,0,0.0,1,1437,0,none,0,none,0,0,0,no_alert_unknown,no_alert_not_final_benign,-1,dns,port
2025-07-19T23:02:31.358345+0700,103.195.142.74,118.98.44.100,17405,53,UDP,flow,dns,1725420420958819,,1,1,0,94,0,0.0,1,94,0,none,0,none,0,0,0,no_alert_unknown,no_alert_not_final_benign,-1,dns,app_proto+port
2025-07-19T23:02:31.358402+0700,103.195.142.195,87.98.154.176,53,61789,UDP,flow,failed,971360031312692,,1,3,0,4311,0,10.0,3,4311,0,none,0,none,0,0,0,no_alert_unknown,no_alert_not_final_benign,-1,dns,port
2025-07-19T23:02:31.358440+0700,103.195.142.74,202.134.0.155,41856,53,UDP,flow,dns,2068685503368151,,1,1,0,91,0,0.0,1,91,0,none,0,none,0,0,0,no_alert_unknown,no_alert_not_final_benign,-1,dns,app_proto+port
2025-07-19T23:02:31.358506+0700,103.195.142.165,87.98.154.33,53,58428,UDP,flow,failed,2110309412998206,,1,1,0,1437,0,0.0,1,1437,0,none,0,none,0,0,0,no_alert_unknown,no_alert_not_final_benign,-1,dns,port
2025-07-19T23:02:31.358580+0700,103.195.142.195,87.98.154.119,53,59525,UDP,flow,failed,1577544732150939,,1,1,0,1437,0,0.0,1,1437,0,none,0,none,0,0,0,no_alert_unknown,no_alert_not_final_benign,-1,dns,port
2025-07-19T23:02:31.358645+0700,103.195.142.165,87.98.154.117,53,12408,UDP,flow,failed,1431651204173154,,1,1,0,1437,0,0.0,1,1437,0,none,0,none,0,0,0,no_alert_unknown,no_alert_not_final_benign,-1,dns,port
2025-07-19T23:02:31.358664+0700,103.195.142.74,118.98.44.100,28571,53,UDP,flow,dns,2155098662473099,,1,1,0,91,0,0.0,1,91,0,none,0,none,0,0,0,no_alert_unknown,no_alert_not_final_benign,-1,dns,app_proto+port
2025-07-19T23:02:31.358695+0700,103.195.142.83,87.98.154.134,53,61318,UDP,flow,failed,1763837672459744,,1,1,0,1190,0,0.0,1,1190,0,none,0,none,0,0,0,no_alert_unknown,no_alert_not_final_benign,-1,dns,port
2025-07-19T23:02:31.358727+0700,103.195.142.46,87.98.154.119,53,59092,UDP,flow,failed,2125439020076739,,1,1,0,1437,0,0.0,1,1437,0,none,0,none,0,0,0,no_alert_unknown,no_alert_not_final_benign,-1,dns,port
2025-07-19T23:02:31.358755+0700,103.195.142.74,118.98.44.100,2430,53,UDP,flow,dns,1718544493743855,,1,1,0,68,0,0.0,1,68,0,none,0,none,0,0,0,no_alert_unknown,no_alert_not_final_benign,-1,dns,app_proto+port
2025-07-19T23:02:31.358790+0700,103.195.142.74,202.134.0.155,22316,53,UDP,flow,dns,1456193945309035,,1,1,0,178,0,0.0,1,178,0,none,0,none,0,0,0,no_alert_unknown,no_alert_not_final_benign,-1,dns,app_proto+port
2025-07-19T23:02:31.358828+0700,103.195.142.74,118.98.44.20,50014,53,UDP,flow,dns,1994887899222018,,1,1,0,91,0,0.0,1,91,0,none,0,none,0,0,0,no_alert_unknown,no_alert_not_final_benign,-1,dns,app_proto+port
2025-07-19T23:02:31.358850+0700,103.195.142.165,87.98.154.119,53,3784,UDP,flow,failed,1461912373203049,,1,1,0,1437,0,0.0,1,1437,0,none,0,none,0,0,0,no_alert_unknown,no_alert_not_final_benign,-1,dns,port
2025-07-19T23:02:31.358911+0700,103.195.142.109,87.98.154.117,53,14641,UDP,flow,failed,1498568880656747,,1,1,0,1437,0,0.0,1,1437,0,none,0,none,0,0,0,no_alert_unknown,no_alert_not_final_benign,-1,dns,port
2025-07-19T23:02:31.358956+0700,103.195.142.195,87.98.154.119,53,42628,UDP,flow,failed,1454950786896354,,1,1,0,1437,0,0.0,1,1437,0,none,0,none,0,0,0,no_alert_unknown,no_alert_not_final_benign,-1,dns,port
2025-07-19T23:02:31.358999+0700,103.195.142.195,87.98.154.119,53,57813,UDP,flow,failed,1415935071916615,,1,1,0,1437,0,0.0,1,1437,0,none,0,none,0,0,0,no_alert_unknown,no_alert_not_final_benign,-1,dns,port
2025-07-19T23:02:31.358930+0700,103.195.142.74,118.98.44.50,57509,53,UDP,dns,,2104543462876162,wire/pcap,0,0,0,0,0,0.0,0,0,0,none,0,none,0,0,0,no_alert_unknown,no_alert_not_final_benign,-1,dns,port
2025-07-19T23:02:31.359018+0700,103.195.142.165,87.98.154.119,53,27780,UDP,flow,failed,1890635421553225,,1,1,0,1437,0,0.0,1,1437,0,none,0,none,0,0,0,no_alert_unknown,no_alert_not_final_benign,-1,dns,port
2025-07-19T23:02:31.359007+0700,103.195.142.74,118.98.44.20,58909,53,UDP,dns,,2104876230401785,wire/pcap,0,0,0,0,0,0.0,0,0,0,none,0,none,0,0,0,no_alert_unknown,no_alert_not_final_benign,-1,dns,port
2025-07-19T23:02:31.359200+0700,103.195.142.76,87.98.154.119,53,55151,UDP,flow,failed,2130721099060304,,1,1,0,1469,0,0.0,1,1469,0,none,0,none,0,0,0,no_alert_unknown,no_alert_not_final_benign,-1,dns,port
2025-07-19T23:02:31.359226+0700,103.195.142.109,87.98.154.119,53,3920,UDP,flow,failed,2000157437629542,,1,1,0,1437,0,0.0,1,1437,0,none,0,none,0,0,0,no_alert_unknown,no_alert_not_final_benign,-1,dns,port
2025-07-19T23:02:31.359263+0700,103.195.142.109,87.98.154.119,53,41478,UDP,flow,failed,1452517969401116,,1,1,0,1437,0,0.0,1,1437,0,none,0,none,0,0,0,no_alert_unknown,no_alert_not_final_benign,-1,dns,port
2025-07-19T23:02:31.359282+0700,103.195.142.196,87.98.154.113,53,48155,UDP,flow,failed,2107092149376388,,1,1,0,1437,0,0.0,1,1437,0,none,0,none,0,0,0,no_alert_unknown,no_alert_not_final_benign,-1,dns,port
2025-07-19T23:02:31.359319+0700,103.195.142.74,118.98.44.20,64317,53,UDP,flow,dns,1522601786906012,,1,1,0,86,0,0.0,1,86,0,none,0,none,0,0,0,no_alert_unknown,no_alert_not_final_benign,-1,dns,app_proto+port
2025-07-19T23:02:31.359382+0700,103.195.142.165,87.98.154.121,53,15995,UDP,flow,failed,1287517720909261,,1,3,0,4311,0,10.0,3,4311,0,none,0,none,0,0,0,no_alert_unknown,no_alert_not_final_benign,-1,dns,port
2025-07-19T23:02:31.359424+0700,103.195.142.74,202.134.0.155,26403,53,UDP,flow,dns,1814594938508897,,1,1,0,178,0,0.0,1,178,0,none,0,none,0,0,0,no_alert_unknown,no_alert_not_final_benign,-1,dns,app_proto+port
2025-07-19T23:02:31.359467+0700,103.195.142.195,87.98.154.176,53,7355,UDP,flow,failed,2031142247438272,,1,1,0,1437,0,0.0,1,1437,0,none,0,none,0,0,0,no_alert_unknown,no_alert_not_final_benign,-1,dns,port
2025-07-19T23:02:31.359502+0700,103.195.142.165,87.98.154.119,53,4405,UDP,flow,failed,2037448303482836,,1,1,0,1437,0,0.0,1,1437,0,none,0,none,0,0,0,no_alert_unknown,no_alert_not_final_benign,-1,dns,port
2025-07-19T23:02:31.359522+0700,103.195.142.76,87.98.154.106,53,18926,UDP,flow,failed,1644951983658964,,1,1,0,1469,0,0.0,1,1469,0,none,0,none,0,0,0,no_alert_unknown,no_alert_not_final_benign,-1,dns,port
2025-07-19T23:02:31.359540+0700,103.195.142.75,8.8.8.8,26148,53,UDP,flow,dns,1974797839734786,,1,1,0,75,0,0.0,1,75,0,none,0,none,0,0,0,no_alert_unknown,no_alert_not_final_benign,-1,dns,app_proto+port
2025-07-19T23:02:31.359561+0700,103.195.142.74,202.134.0.155,35065,53,UDP,flow,dns,1561609621969068,,1,1,0,78,0,0.0,1,78,0,none,0,none,0,0,0,no_alert_unknown,no_alert_not_final_benign,-1,dns,app_proto+port
2025-07-19T23:02:31.359581+0700,103.195.142.165,87.98.154.233,53,28863,UDP,flow,failed,1769215934634164,,1,1,0,1437,0,0.0,1,1437,0,none,0,none,0,0,0,no_alert_unknown,no_alert_not_final_benign,-1,dns,port
2025-07-19T23:02:31.359599+0700,103.195.142.196,87.98.154.1,53,31069,UDP,flow,failed,1485650992797928,,1,3,0,4311,0,10.0,3,4311,0,none,0,none,0,0,0,no_alert_unknown,no_alert_not_final_benign,-1,dns,port
2025-07-19T23:02:31.359618+0700,103.195.142.74,202.134.0.155,12319,53,UDP,flow,dns,1409810991782147,,1,1,0,81,0,0.0,1,81,0,none,0,none,0,0,0,no_alert_unknown,no_alert_not_final_benign,-1,dns,app_proto+port
2025-07-19T23:02:31.359752+0700,103.195.142.109,87.98.154.245,53,10981,UDP,flow,failed,1850497939315146,,1,1,0,1437,0,0.0,1,1437,0,none,0,none,0,0,0,no_alert_unknown,no_alert_not_final_benign,-1,dns,port
2025-07-19T23:02:31.359770+0700,103.195.142.75,8.8.8.8,38574,53,UDP,flow,dns,2112052904761836,,1,1,0,85,0,0.0,1,85,0,none,0,none,0,0,0,no_alert_unknown,no_alert_not_final_benign,-1,dns,app_proto+port
2025-07-19T23:02:31.359839+0700,103.195.142.76,87.98.154.78,53,21179,UDP,flow,failed,1741388766616180,,1,1,0,1469,0,0.0,1,1469,0,none,0,none,0,0,0,no_alert_unknown,no_alert_not_final_benign,-1,dns,port
2025-07-19T23:02:31.359880+0700,103.195.142.75,8.8.8.8,33073,53,UDP,flow,dns,1455078029236905,,1,1,0,86,0,0.0,1,86,0,none,0,none,0,0,0,no_alert_unknown,no_alert_not_final_benign,-1,dns,app_proto+port
2025-07-19T23:02:31.359900+0700,103.195.142.74,118.98.44.50,55310,53,UDP,flow,dns,1762968089107149,,1,1,0,68,0,0.0,1,68,0,none,0,none,0,0,0,no_alert_unknown,no_alert_not_final_benign,-1,dns,app_proto+port
2025-07-19T23:02:31.359968+0700,103.195.142.109,87.98.154.119,53,47400,UDP,flow,failed,1649903373753244,,1,1,0,1437,0,0.0,1,1437,0,none,0,none,0,0,0,no_alert_unknown,no_alert_not_final_benign,-1,dns,port
2025-07-19T23:02:31.360038+0700,103.195.142.74,118.98.44.20,27365,53,UDP,flow,dns,1896616479726555,,1,1,0,68,0,0.0,1,68,0,none,0,none,0,0,0,no_alert_unknown,no_alert_not_final_benign,-1,dns,app_proto+port
2025-07-19T23:02:31.360060+0700,103.195.142.74,118.98.44.20,62022,53,UDP,flow,dns,1079098768268354,,1,2,0,398,0,10.0,2,398,0,none,0,none,0,0,0,no_alert_unknown,no_alert_not_final_benign,-1,dns,app_proto+port
2025-07-19T23:02:31.360217+0700,103.195.142.83,87.98.154.246,53,19659,UDP,flow,failed,2218380217523495,,1,1,0,1190,0,0.0,1,1190,0,none,0,none,0,0,0,no_alert_unknown,no_alert_not_final_benign,-1,dns,port
2025-07-19T23:02:31.360263+0700,103.195.142.196,87.98.154.119,53,10665,UDP,flow,failed,1823105340972417,,1,1,0,1437,0,0.0,1,1437,0,none,0,none,0,0,0,no_alert_unknown,no_alert_not_final_benign,-1,dns,port
2025-07-19T23:02:31.360282+0700,103.195.142.196,87.98.154.169,53,28712,UDP,flow,failed,1583401148784096,,1,1,0,1437,0,0.0,1,1437,0,none,0,none,0,0,0,no_alert_unknown,no_alert_not_final_benign,-1,dns,port
2025-07-19T23:02:31.360345+0700,103.195.142.195,87.98.154.204,53,27923,UDP,flow,failed,2224320387522161,,1,1,0,1437,0,0.0,1,1437,0,none,0,none,0,0,0,no_alert_unknown,no_alert_not_final_benign,-1,dns,port
2025-07-19T23:02:31.360363+0700,103.195.142.75,8.8.8.8,53621,53,UDP,flow,dns,1563317892259468,,1,1,0,68,0,0.0,1,68,0,none,0,none,0,0,0,no_alert_unknown,no_alert_not_final_benign,-1,dns,app_proto+port
2025-07-19T23:02:31.360389+0700,103.195.142.165,87.98.154.197,53,45968,UDP,flow,failed,1550812562169517,,1,1,0,1437,0,0.0,1,1437,0,none,0,none,0,0,0,no_alert_unknown,no_alert_not_final_benign,-1,dns,port
2025-07-19T23:02:31.360476+0700,103.195.142.74,118.98.44.20,32823,53,UDP,flow,dns,1419786385202887,,1,1,0,250,0,0.0,1,250,0,none,0,none,0,0,0,no_alert_unknown,no_alert_not_final_benign,-1,dns,app_proto+port
2025-07-19T23:02:31.360531+0700,103.195.142.83,87.98.154.182,53,36094,UDP,flow,failed,1796947208085505,,1,1,0,1190,0,0.0,1,1190,0,none,0,none,0,0,0,no_alert_unknown,no_alert_not_final_benign,-1,dns,port
2025-07-19T23:02:31.360623+0700,103.195.142.109,87.98.154.119,53,24246,UDP,flow,failed,1855095065321842,,1,1,0,1437,0,0.0,1,1437,0,none,0,none,0,0,0,no_alert_unknown,no_alert_not_final_benign,-1,dns,port
2025-07-19T23:02:31.360642+0700,103.195.142.46,87.98.154.119,53,26915,UDP,flow,failed,1889038522622344,,1,1,0,1437,0,0.0,1,1437,0,none,0,none,0,0,0,no_alert_unknown,no_alert_not_final_benign,-1,dns,port
2025-07-19T23:02:31.360661+0700,103.195.142.74,118.98.44.20,30989,53,UDP,flow,dns,1783577477882260,,1,1,0,88,0,0.0,1,88,0,none,0,none,0,0,0,no_alert_unknown,no_alert_not_final_benign,-1,dns,app_proto+port
2025-07-19T23:02:31.360752+0700,103.195.142.83,87.98.154.18,53,8117,UDP,flow,failed,1788779531313644,,1,1,0,1190,0,0.0,1,1190,0,none,0,none,0,0,0,no_alert_unknown,no_alert_not_final_benign,-1,dns,port
2025-07-19T23:02:31.360792+0700,103.195.142.74,118.98.44.100,56451,53,UDP,flow,dns,1847259329372798,,1,1,0,82,0,0.0,1,82,0,none,0,none,0,0,0,no_alert_unknown,no_alert_not_final_benign,-1,dns,app_proto+port
2025-07-19T23:02:31.360812+0700,103.195.142.195,87.98.154.119,53,27237,UDP,flow,failed,1411598298227357,,1,1,0,1437,0,0.0,1,1437,0,none,0,none,0,0,0,no_alert_unknown,no_alert_not_final_benign,-1,dns,port
2025-07-19T23:02:31.360897+0700,103.195.142.196,87.98.154.119,53,15014,UDP,flow,failed,1449243545150208,,1,1,0,1437,0,0.0,1,1437,0,none,0,none,0,0,0,no_alert_unknown,no_alert_not_final_benign,-1,dns,port
2025-07-19T23:02:31.360957+0700,103.195.142.74,118.98.44.100,56582,53,UDP,flow,dns,2137827943424918,,1,1,0,83,0,0.0,1,83,0,none,0,none,0,0,0,no_alert_unknown,no_alert_not_final_benign,-1,dns,app_proto+port
2025-07-19T23:02:31.361032+0700,103.195.142.165,87.98.154.119,53,28747,UDP,flow,failed,1804422965666772,,1,1,0,1437,0,0.0,1,1437,0,none,0,none,0,0,0,no_alert_unknown,no_alert_not_final_benign,-1,dns,port
2025-07-19T23:02:31.361076+0700,103.195.142.83,87.98.154.119,53,51933,UDP,flow,failed,1497888379937824,,1,1,0,1190,0,0.0,1,1190,0,none,0,none,0,0,0,no_alert_unknown,no_alert_not_final_benign,-1,dns,port
2025-07-19T23:02:31.361115+0700,103.195.142.75,8.8.8.8,11749,53,UDP,flow,dns,1806711529776170,,1,1,0,202,0,0.0,1,202,0,none,0,none,0,0,0,no_alert_unknown,no_alert_not_final_benign,-1,dns,app_proto+port
2025-07-19T23:02:31.361140+0700,103.195.142.74,118.98.44.20,63995,53,UDP,flow,dns,1549925790491756,,1,1,0,220,0,0.0,1,220,0,none,0,none,0,0,0,no_alert_unknown,no_alert_not_final_benign,-1,dns,app_proto+port
2025-07-19T23:02:31.361184+0700,103.195.142.46,87.98.154.117,53,24394,UDP,flow,failed,2215098655220879,,1,1,0,1437,0,0.0,1,1437,0,none,0,none,0,0,0,no_alert_unknown,no_alert_not_final_benign,-1,dns,port
2025-07-19T23:02:31.361202+0700,103.195.142.74,202.134.0.155,26026,53,UDP,flow,dns,2210590753793174,,1,1,0,93,0,0.0,1,93,0,none,0,none,0,0,0,no_alert_unknown,no_alert_not_final_benign,-1,dns,app_proto+port
2025-07-19T23:02:31.361222+0700,103.195.142.74,118.98.44.100,37967,53,UDP,flow,dns,1784966563603610,,1,1,0,214,0,0.0,1,214,0,none,0,none,0,0,0,no_alert_unknown,no_alert_not_final_benign,-1,dns,app_proto+port
2025-07-19T23:02:31.361318+0700,103.195.142.165,87.98.154.119,53,28130,UDP,flow,failed,1785524369139245,,1,1,0,1437,0,0.0,1,1437,0,none,0,none,0,0,0,no_alert_unknown,no_alert_not_final_benign,-1,dns,port
2025-07-19T23:02:31.361352+0700,103.195.142.109,87.98.154.49,53,44350,UDP,flow,failed,2055033100936771,,1,1,0,1437,0,0.0,1,1437,0,none,0,none,0,0,0,no_alert_unknown,no_alert_not_final_benign,-1,dns,port
2025-07-19T23:02:31.361371+0700,103.195.142.74,202.134.0.155,8189,53,UDP,flow,dns,1973757878249088,,1,1,0,88,0,0.0,1,88,0,none,0,none,0,0,0,no_alert_unknown,no_alert_not_final_benign,-1,dns,app_proto+port
2025-07-19T23:02:31.361420+0700,103.195.142.75,8.8.8.8,43604,53,UDP,flow,dns,1711364755269379,,1,1,0,103,0,0.0,1,103,0,none,0,none,0,0,0,no_alert_unknown,no_alert_not_final_benign,-1,dns,app_proto+port
2025-07-19T23:02:31.361484+0700,103.195.142.74,118.98.44.50,31864,53,UDP,flow,dns,1769660148131621,,1,1,0,75,0,0.0,1,75,0,none,0,none,0,0,0,no_alert_unknown,no_alert_not_final_benign,-1,dns,app_proto+port
2025-07-19T23:02:31.361504+0700,103.195.142.76,87.98.154.119,53,27788,UDP,flow,failed,2121316881442749,,1,1,0,1469,0,0.0,1,1469,0,none,0,none,0,0,0,no_alert_unknown,no_alert_not_final_benign,-1,dns,port
2025-07-19T23:02:31.361543+0700,103.195.142.165,87.98.154.169,53,56626,UDP,flow,failed,1619333072988293,,1,1,0,1437,0,0.0,1,1437,0,none,0,none,0,0,0,no_alert_unknown,no_alert_not_final_benign,-1,dns,port
2025-07-19T23:02:31.361567+0700,103.195.142.74,118.98.44.100,26288,53,UDP,flow,dns,1602472896931974,,1,1,0,184,0,0.0,1,184,0,none,0,none,0,0,0,no_alert_unknown,no_alert_not_final_benign,-1,dns,app_proto+port
2025-07-19T23:02:31.361587+0700,103.195.142.109,87.98.154.177,53,53721,UDP,flow,failed,1707727963596968,,1,1,0,1437,0,0.0,1,1437,0,none,0,none,0,0,0,no_alert_unknown,no_alert_not_final_benign,-1,dns,port
2025-07-19T23:02:31.361606+0700,103.195.142.165,87.98.154.233,53,20642,UDP,flow,failed,1940340451223868,,1,1,0,1437,0,0.0,1,1437,0,none,0,none,0,0,0,no_alert_unknown,no_alert_not_final_benign,-1,dns,port
2025-07-19T23:02:31.361625+0700,103.195.142.74,118.98.44.100,62792,53,UDP,flow,dns,2011074663000453,,1,1,0,82,0,0.0,1,82,0,none,0,none,0,0,0,no_alert_unknown,no_alert_not_final_benign,-1,dns,app_proto+port
2025-07-19T23:02:31.361667+0700,103.195.142.109,87.98.154.133,53,52687,UDP,flow,failed,1362362846980617,,1,3,0,4311,0,10.0,3,4311,0,none,0,none,0,0,0,no_alert_unknown,no_alert_not_final_benign,-1,dns,port
2025-07-19T23:02:31.361686+0700,103.195.142.76,87.98.154.119,53,7629,UDP,flow,failed,1432780069186082,,1,1,0,1469,0,0.0,1,1469,0,none,0,none,0,0,0,no_alert_unknown,no_alert_not_final_benign,-1,dns,port
2025-07-19T23:02:31.361752+0700,103.195.142.46,87.98.154.119,53,28627,UDP,flow,failed,1751751990618900,,1,1,0,1437,0,0.0,1,1437,0,none,0,none,0,0,0,no_alert_unknown,no_alert_not_final_benign,-1,dns,port
2025-07-19T23:02:31.361771+0700,103.195.142.46,87.98.154.119,53,47967,UDP,flow,failed,2192940310899491,,1,1,0,1437,0,0.0,1,1437,0,none,0,none,0,0,0,no_alert_unknown,no_alert_not_final_benign,-1,dns,port
2025-07-19T23:02:31.361790+0700,103.195.142.74,118.98.44.100,46609,53,UDP,flow,dns,1836550698478412,,1,1,0,87,0,0.0,1,87,0,none,0,none,0,0,0,no_alert_unknown,no_alert_not_final_benign,-1,dns,app_proto+port
2025-07-19T23:02:31.361837+0700,103.195.142.195,87.98.154.4,53,40976,UDP,flow,failed,2014720772844465,,1,1,0,1437,0,0.0,1,1437,0,none,0,none,0,0,0,no_alert_unknown,no_alert_not_final_benign,-1,dns,port
2025-07-19T23:02:31.361883+0700,103.195.142.76,87.98.154.119,53,51907,UDP,flow,failed,2169182652312530,,1,1,0,1469,0,0.0,1,1469,0,none,0,none,0,0,0,no_alert_unknown,no_alert_not_final_benign,-1,dns,port
2025-07-19T23:02:31.361902+0700,103.195.142.75,8.8.8.8,37938,53,UDP,flow,dns,2129401047591919,,1,1,0,75,0,0.0,1,75,0,none,0,none,0,0,0,no_alert_unknown,no_alert_not_final_benign,-1,dns,app_proto+port
2025-07-19T23:02:31.362000+0700,103.195.142.74,202.134.0.155,51693,53,UDP,flow,dns,1486039062064632,,1,1,0,196,0,0.0,1,196,0,none,0,none,0,0,0,no_alert_unknown,no_alert_not_final_benign,-1,dns,app_proto+port
2025-07-19T23:02:31.362025+0700,103.195.142.165,87.98.154.119,53,23527,UDP,flow,failed,1473759309246110,,1,1,0,1437,0,0.0,1,1437,0,none,0,none,0,0,0,no_alert_unknown,no_alert_not_final_benign,-1,dns,port
2025-07-19T23:02:31.362063+0700,103.195.142.76,87.98.154.119,53,33244,UDP,flow,failed,1817500917804748,,1,1,0,1469,0,0.0,1,1469,0,none,0,none,0,0,0,no_alert_unknown,no_alert_not_final_benign,-1,dns,port
2025-07-19T23:02:31.362081+0700,103.195.142.76,87.98.154.50,53,57103,UDP,flow,failed,2113256343121642,,1,1,0,1469,0,0.0,1,1469,0,none,0,none,0,0,0,no_alert_unknown,no_alert_not_final_benign,-1,dns,port
2025-07-19T23:02:31.362112+0700,103.195.142.109,87.98.154.17,53,57724,UDP,flow,failed,1661068107624293,,1,1,0,1437,0,0.0,1,1437,0,none,0,none,0,0,0,no_alert_unknown,no_alert_not_final_benign,-1,dns,port
2025-07-19T23:02:31.362131+0700,103.195.142.83,87.98.154.119,53,26059,UDP,flow,failed,1427895399002035,,1,1,0,1190,0,0.0,1,1190,0,none,0,none,0,0,0,no_alert_unknown,no_alert_not_final_benign,-1,dns,port
2025-07-19T23:02:31.362149+0700,103.195.142.195,87.98.154.119,53,26808,UDP,flow,failed,1640668471865307,,1,1,0,1437,0,0.0,1,1437,0,none,0,none,0,0,0,no_alert_unknown,no_alert_not_final_benign,-1,dns,port
2025-07-19T23:02:31.362168+0700,103.195.142.75,8.8.8.8,15377,53,UDP,flow,dns,1644540541841389,,1,1,0,79,0,0.0,1,79,0,none,0,none,0,0,0,no_alert_unknown,no_alert_not_final_benign,-1,dns,app_proto+port
2025-07-19T23:02:31.362216+0700,103.195.142.2,172.217.43.154,53,48015,UDP,flow,failed,1973679666802769,,1,1,0,178,0,0.0,1,178,0,none,0,none,0,0,0,no_alert_unknown,no_alert_not_final_benign,-1,dns,port
2025-07-19T23:02:31.362234+0700,103.195.142.74,202.134.0.155,18598,53,UDP,flow,dns,1559623409512562,,1,1,0,87,0,0.0,1,87,0,none,0,none,0,0,0,no_alert_unknown,no_alert_not_final_benign,-1,dns,app_proto+port
2025-07-19T23:02:31.362283+0700,103.195.142.109,87.98.154.181,53,62896,UDP,flow,failed,1412680699588983,,1,1,0,1437,0,0.0,1,1437,0,none,0,none,0,0,0,no_alert_unknown,no_alert_not_final_benign,-1,dns,port
2025-07-19T23:02:31.362352+0700,103.195.142.74,118.98.44.20,18883,53,UDP,flow,dns,2069064806216438,,1,1,0,80,0,0.0,1,80,0,none,0,none,0,0,0,no_alert_unknown,no_alert_not_final_benign,-1,dns,app_proto+port
2025-07-19T23:02:31.362366+0700,103.195.142.165,87.98.154.37,53,53594,UDP,flow,failed,1991919981278262,,1,1,0,1437,0,0.0,1,1437,0,none,0,none,0,0,0,no_alert_unknown,no_alert_not_final_benign,-1,dns,port
2025-07-19T23:02:31.362379+0700,103.195.142.165,87.98.154.61,53,47138,UDP,flow,failed,1887784048571475,,1,1,0,1437,0,0.0,1,1437,0,none,0,none,0,0,0,no_alert_unknown,no_alert_not_final_benign,-1,dns,port
2025-07-19T23:02:31.362391+0700,103.195.142.109,87.98.154.119,53,49436,UDP,flow,failed,1541439306904674,,1,1,0,1437,0,0.0,1,1437,0,none,0,none,0,0,0,no_alert_unknown,no_alert_not_final_benign,-1,dns,port
2025-07-19T23:02:31.362403+0700,103.195.142.74,118.98.44.50,36402,53,UDP,flow,dns,1653512625042579,,1,1,0,220,0,0.0,1,220,0,none,0,none,0,0,0,no_alert_unknown,no_alert_not_final_benign,-1,dns,app_proto+port
2025-07-19T23:02:31.362417+0700,103.195.142.195,87.98.154.196,53,13621,UDP,flow,failed,1444362543346881,,1,1,0,1437,0,0.0,1,1437,0,none,0,none,0,0,0,no_alert_unknown,no_alert_not_final_benign,-1,dns,port
2025-07-19T23:02:31.362478+0700,103.195.142.74,202.134.0.155,1720,53,UDP,flow,dns,1412781399061960,,1,1,0,87,0,0.0,1,87,0,none,0,none,0,0,0,no_alert_unknown,no_alert_not_final_benign,-1,dns,app_proto+port
2025-07-19T23:02:31.362506+0700,103.195.142.83,87.98.154.119,53,13500,UDP,flow,failed,2138316326549273,,1,1,0,1190,0,0.0,1,1190,0,none,0,none,0,0,0,no_alert_unknown,no_alert_not_final_benign,-1,dns,port
2025-07-19T23:02:31.362524+0700,103.195.142.74,118.98.44.100,14555,53,UDP,flow,dns,1737965901756240,,1,1,0,85,0,0.0,1,85,0,none,0,none,0,0,0,no_alert_unknown,no_alert_not_final_benign,-1,dns,app_proto+port
2025-07-19T23:02:31.362538+0700,103.195.142.74,202.134.0.155,41085,53,UDP,flow,dns,1699042918446951,,1,1,0,78,0,0.0,1,78,0,none,0,none,0,0,0,no_alert_unknown,no_alert_not_final_benign,-1,dns,app_proto+port
2025-07-19T23:02:31.362557+0700,103.195.142.74,118.98.44.50,34470,53,UDP,flow,dns,1590692012078986,,1,1,0,214,0,0.0,1,214,0,none,0,none,0,0,0,no_alert_unknown,no_alert_not_final_benign,-1,dns,app_proto+port
2025-07-19T23:02:31.362570+0700,103.195.142.195,87.98.154.119,53,21208,UDP,flow,failed,1484271762126782,,1,1,0,1437,0,0.0,1,1437,0,none,0,none,0,0,0,no_alert_unknown,no_alert_not_final_benign,-1,dns,port
2025-07-19T23:02:31.362598+0700,103.195.142.165,87.98.154.205,53,24935,UDP,flow,failed,1979221039888381,,1,1,0,1437,0,0.0,1,1437,0,none,0,none,0,0,0,no_alert_unknown,no_alert_not_final_benign,-1,dns,port
2025-07-19T23:02:31.362612+0700,103.195.142.83,87.98.154.119,53,37330,UDP,flow,failed,1714289458788376,,1,1,0,1190,0,0.0,1,1190,0,none,0,none,0,0,0,no_alert_unknown,no_alert_not_final_benign,-1,dns,port
2025-07-19T23:02:31.362700+0700,103.195.142.109,87.98.154.119,53,37051,UDP,flow,failed,1761171574995297,,1,1,0,1437,0,0.0,1,1437,0,none,0,none,0,0,0,no_alert_unknown,no_alert_not_final_benign,-1,dns,port
2025-07-19T23:02:31.362713+0700,103.195.142.76,87.98.154.119,53,42919,UDP,flow,failed,2063485757077922,,1,1,0,1469,0,0.0,1,1469,0,none,0,none,0,0,0,no_alert_unknown,no_alert_not_final_benign,-1,dns,port
2025-07-19T23:02:31.362725+0700,103.195.142.165,87.98.154.119,53,17788,UDP,flow,failed,2155182719613410,,1,1,0,1437,0,0.0,1,1437,0,none,0,none,0,0,0,no_alert_unknown,no_alert_not_final_benign,-1,dns,port
2025-07-19T23:02:31.362765+0700,103.195.142.83,87.98.154.117,53,37571,UDP,flow,failed,1567714169895773,,1,1,0,1190,0,0.0,1,1190,0,none,0,none,0,0,0,no_alert_unknown,no_alert_not_final_benign,-1,dns,port
2025-07-19T23:02:31.362797+0700,103.195.142.46,87.98.154.183,53,59538,UDP,flow,failed,1870318840953842,,1,1,0,1437,0,0.0,1,1437,0,none,0,none,0,0,0,no_alert_unknown,no_alert_not_final_benign,-1,dns,port
2025-07-19T23:02:31.362809+0700,103.195.142.83,87.98.154.106,53,37741,UDP,flow,failed,1856950680992842,,1,1,0,1190,0,0.0,1,1190,0,none,0,none,0,0,0,no_alert_unknown,no_alert_not_final_benign,-1,dns,port
2025-07-19T23:02:31.362834+0700,103.195.142.196,87.98.154.119,53,41341,UDP,flow,failed,1742246559988908,,1,1,0,1437,0,0.0,1,1437,0,none,0,none,0,0,0,no_alert_unknown,no_alert_not_final_benign,-1,dns,port
2025-07-19T23:02:31.362859+0700,103.195.142.109,87.98.154.119,53,22040,UDP,flow,failed,1815547492809996,,1,1,0,1437,0,0.0,1,1437,0,none,0,none,0,0,0,no_alert_unknown,no_alert_not_final_benign,-1,dns,port
2025-07-19T23:02:31.362871+0700,103.195.142.149,115.231.78.12,53,44196,UDP,flow,failed,1073472447429916,,1,76,0,10922,0,132.0,76,10922,0,none,0,none,0,0,0,no_alert_unknown,no_alert_not_final_benign,-1,dns,port
2025-07-19T23:02:31.362887+0700,103.195.142.74,118.98.44.50,62409,53,UDP,flow,dns,1625181369122085,,1,1,0,68,0,0.0,1,68,0,none,0,none,0,0,0,no_alert_unknown,no_alert_not_final_benign,-1,dns,app_proto+port
2025-07-19T23:02:31.362901+0700,103.195.142.74,118.98.44.20,20554,53,UDP,flow,dns,1708515856858444,,1,1,0,196,0,0.0,1,196,0,none,0,none,0,0,0,no_alert_unknown,no_alert_not_final_benign,-1,dns,app_proto+port
2025-07-19T23:02:31.362928+0700,103.195.142.74,118.98.44.50,30007,53,UDP,flow,dns,1675061445377408,,1,1,0,78,0,0.0,1,78,0,none,0,none,0,0,0,no_alert_unknown,no_alert_not_final_benign,-1,dns,app_proto+port
2025-07-19T23:02:31.362997+0700,103.195.142.74,118.98.44.20,24938,53,UDP,flow,dns,361964269321766,,1,2,0,159,0,22.0,2,159,0,none,0,none,0,0,0,no_alert_unknown,no_alert_not_final_benign,-1,dns,app_proto+port
2025-07-19T23:02:31.363064+0700,103.195.142.83,87.98.154.162,53,35606,UDP,flow,failed,1137985081294581,,1,3,0,3570,0,10.0,3,3570,0,none,0,none,0,0,0,no_alert_unknown,no_alert_not_final_benign,-1,dns,port
2025-07-19T23:02:31.363088+0700,103.195.142.74,118.98.44.50,44137,53,UDP,flow,dns,1744386748170017,,1,1,0,77,0,0.0,1,77,0,none,0,none,0,0,0,no_alert_unknown,no_alert_not_final_benign,-1,dns,app_proto+port
2025-07-19T23:02:31.363111+0700,103.195.142.75,8.8.8.8,61935,53,UDP,flow,dns,2064590871117614,,1,1,0,71,0,0.0,1,71,0,none,0,none,0,0,0,no_alert_unknown,no_alert_not_final_benign,-1,dns,app_proto+port
2025-07-19T23:02:31.363125+0700,103.195.142.74,118.98.44.50,46696,53,UDP,flow,dns,1461513715695414,,1,1,0,130,0,0.0,1,130,0,none,0,none,0,0,0,no_alert_unknown,no_alert_not_final_benign,-1,dns,app_proto+port
2025-07-19T23:02:31.363161+0700,103.195.142.74,202.134.0.155,2393,53,UDP,flow,dns,2030793796140981,,1,1,0,178,0,0.0,1,178,0,none,0,none,0,0,0,no_alert_unknown,no_alert_not_final_benign,-1,dns,app_proto+port
2025-07-19T23:02:31.363175+0700,103.195.142.196,87.98.154.57,53,19473,UDP,flow,failed,1351755512594410,,1,3,0,4311,0,9.0,3,4311,0,none,0,none,0,0,0,no_alert_unknown,no_alert_not_final_benign,-1,dns,port
2025-07-19T23:02:31.363196+0700,103.195.142.74,118.98.44.20,54450,53,UDP,flow,dns,1737892859265046,,1,1,0,87,0,0.0,1,87,0,none,0,none,0,0,0,no_alert_unknown,no_alert_not_final_benign,-1,dns,app_proto+port
2025-07-19T23:02:31.363216+0700,103.195.142.196,87.98.154.29,53,31325,UDP,flow,failed,1152742288048177,,1,3,0,4311,0,10.0,3,4311,0,none,0,none,0,0,0,no_alert_unknown,no_alert_not_final_benign,-1,dns,port
2025-07-19T23:02:31.363229+0700,103.195.142.195,87.98.154.119,53,58085,UDP,flow,failed,1810914976448641,,1,1,0,1437,0,0.0,1,1437,0,none,0,none,0,0,0,no_alert_unknown,no_alert_not_final_benign,-1,dns,port
2025-07-19T23:02:31.363242+0700,103.195.142.76,87.98.154.78,53,61487,UDP,flow,failed,1946411956289690,,1,1,0,1469,0,0.0,1,1469,0,none,0,none,0,0,0,no_alert_unknown,no_alert_not_final_benign,-1,dns,port
2025-07-19T23:02:31.363254+0700,103.195.142.76,87.98.154.166,53,50581,UDP,flow,failed,2152536893210802,,1,1,0,1469,0,0.0,1,1469,0,none,0,none,0,0,0,no_alert_unknown,no_alert_not_final_benign,-1,dns,port
2025-07-19T23:02:31.363287+0700,103.195.142.165,87.98.154.165,53,28540,UDP,flow,failed,1927131724824971,,1,1,0,1437,0,0.0,1,1437,0,none,0,none,0,0,0,no_alert_unknown,no_alert_not_final_benign,-1,dns,port
2025-07-19T23:02:31.363299+0700,103.195.142.109,87.98.154.119,53,35824,UDP,flow,failed,2094876553495059,,1,1,0,1437,0,0.0,1,1437,0,none,0,none,0,0,0,no_alert_unknown,no_alert_not_final_benign,-1,dns,port
2025-07-19T23:02:31.363340+0700,103.195.142.83,87.98.154.18,53,36904,UDP,flow,failed,1924194257191700,,1,1,0,1190,0,0.0,1,1190,0,none,0,none,0,0,0,no_alert_unknown,no_alert_not_final_benign,-1,dns,port
2025-07-19T23:02:31.363386+0700,103.195.142.46,87.98.154.119,53,21137,UDP,flow,failed,1940125040755787,,1,1,0,1437,0,0.0,1,1437,0,none,0,none,0,0,0,no_alert_unknown,no_alert_not_final_benign,-1,dns,port
2025-07-19T23:02:31.363414+0700,103.195.142.46,87.98.154.135,53,27976,UDP,flow,failed,1522871909991653,,1,3,0,4311,0,10.0,3,4311,0,none,0,none,0,0,0,no_alert_unknown,no_alert_not_final_benign,-1,dns,port
2025-07-19T23:02:31.363440+0700,103.195.142.165,87.98.154.119,53,50552,UDP,flow,failed,1965038392952163,,1,1,0,1437,0,0.0,1,1437,0,none,0,none,0,0,0,no_alert_unknown,no_alert_not_final_benign,-1,dns,port
2025-07-19T23:02:31.363466+0700,103.195.142.109,87.98.154.119,53,41644,UDP,flow,failed,1963807182997112,,1,1,0,1437,0,0.0,1,1437,0,none,0,none,0,0,0,no_alert_unknown,no_alert_not_final_benign,-1,dns,port
2025-07-19T23:02:31.363479+0700,103.195.142.3,18.139.204.218,53,16015,UDP,flow,failed,1825980711159472,,1,1,0,134,0,0.0,1,134,0,none,0,none,0,0,0,no_alert_unknown,no_alert_not_final_benign,-1,dns,port
2025-07-19T23:02:31.363495+0700,103.195.142.165,87.98.154.118,53,31327,UDP,flow,failed,1767980068423352,,1,1,0,1437,0,0.0,1,1437,0,none,0,none,0,0,0,no_alert_unknown,no_alert_not_final_benign,-1,dns,port
2025-07-19T23:02:31.363508+0700,103.195.142.195,87.98.154.204,53,22418,UDP,flow,failed,2247539548145356,,1,1,0,1437,0,0.0,1,1437,0,none,0,none,0,0,0,no_alert_unknown,no_alert_not_final_benign,-1,dns,port
2025-07-19T23:02:31.363546+0700,103.195.142.74,118.98.44.50,36538,53,UDP,flow,dns,2123659445651357,,1,1,0,68,0,0.0,1,68,0,none,0,none,0,0,0,no_alert_unknown,no_alert_not_final_benign,-1,dns,app_proto+port
2025-07-19T23:02:31.363577+0700,103.195.142.46,87.98.154.119,53,63407,UDP,flow,failed,2022841472305070,,1,1,0,1437,0,0.0,1,1437,0,none,0,none,0,0,0,no_alert_unknown,no_alert_not_final_benign,-1,dns,port
2025-07-19T23:02:31.363646+0700,103.195.142.196,87.98.154.118,53,61215,UDP,flow,failed,1882895283374040,,1,1,0,1437,0,0.0,1,1437,0,none,0,none,0,0,0,no_alert_unknown,no_alert_not_final_benign,-1,dns,port
2025-07-19T23:02:31.363658+0700,103.195.142.75,8.8.8.8,5909,53,UDP,flow,dns,2051773588883493,,1,1,0,72,0,0.0,1,72,0,none,0,none,0,0,0,no_alert_unknown,no_alert_not_final_benign,-1,dns,app_proto+port
2025-07-19T23:02:31.363697+0700,103.195.142.76,87.98.154.10,53,40524,UDP,flow,failed,1896942472055048,,1,1,0,1469,0,0.0,1,1469,0,none,0,none,0,0,0,no_alert_unknown,no_alert_not_final_benign,-1,dns,port
2025-07-19T23:02:31.363710+0700,103.195.142.46,87.98.154.19,53,20236,UDP,flow,failed,1788979665095118,,1,1,0,1437,0,0.0,1,1437,0,none,0,none,0,0,0,no_alert_unknown,no_alert_not_final_benign,-1,dns,port
2025-07-19T23:02:31.363726+0700,103.195.142.195,87.98.154.119,53,23909,UDP,flow,failed,2045846112750116,,1,1,0,1437,0,0.0,1,1437,0,none,0,none,0,0,0,no_alert_unknown,no_alert_not_final_benign,-1,dns,port
2025-07-19T23:02:31.363739+0700,103.195.142.196,87.98.154.1,53,51485,UDP,flow,failed,1788511833868850,,1,1,0,1437,0,0.0,1,1437,0,none,0,none,0,0,0,no_alert_unknown,no_alert_not_final_benign,-1,dns,port
2025-07-19T23:02:31.363852+0700,103.195.142.109,87.98.154.119,53,40758,UDP,flow,failed,2070743804136589,,1,1,0,1437,0,0.0,1,1437,0,none,0,none,0,0,0,no_alert_unknown,no_alert_not_final_benign,-1,dns,port
2025-07-19T23:02:31.363864+0700,103.195.142.76,87.98.154.119,53,6102,UDP,flow,failed,1756555429268733,,1,1,0,1469,0,0.0,1,1469,0,none,0,none,0,0,0,no_alert_unknown,no_alert_not_final_benign,-1,dns,port
2025-07-19T23:02:31.363882+0700,103.195.142.195,87.98.154.232,53,41876,UDP,flow,failed,1723662134332787,,1,1,0,1437,0,0.0,1,1437,0,none,0,none,0,0,0,no_alert_unknown,no_alert_not_final_benign,-1,dns,port
2025-07-19T23:02:31.363909+0700,103.195.142.74,118.98.44.100,14710,53,UDP,flow,dns,2176612907339398,,1,1,0,87,0,0.0,1,87,0,none,0,none,0,0,0,no_alert_unknown,no_alert_not_final_benign,-1,dns,app_proto+port
2025-07-19T23:02:31.363955+0700,103.195.142.76,87.98.154.134,53,20016,UDP,flow,failed,2089119923425008,,1,1,0,1469,0,0.0,1,1469,0,none,0,none,0,0,0,no_alert_unknown,no_alert_not_final_benign,-1,dns,port
2025-07-19T23:02:31.364025+0700,103.195.142.74,118.98.44.50,5650,53,UDP,flow,dns,2062620737654814,,1,1,0,100,0,0.0,1,100,0,none,0,none,0,0,0,no_alert_unknown,no_alert_not_final_benign,-1,dns,app_proto+port
2025-07-19T23:02:31.364038+0700,103.195.142.74,118.98.44.100,26164,53,UDP,flow,dns,1931056691335276,,1,1,0,68,0,0.0,1,68,0,none,0,none,0,0,0,no_alert_unknown,no_alert_not_final_benign,-1,dns,app_proto+port
2025-07-19T23:02:31.364055+0700,103.195.142.83,87.98.154.218,53,15717,UDP,flow,failed,2187092976717945,,1,1,0,1190,0,0.0,1,1190,0,none,0,none,0,0,0,no_alert_unknown,no_alert_not_final_benign,-1,dns,port
2025-07-19T23:02:31.364084+0700,103.195.142.3,172.253.0.145,53,37167,UDP,flow,failed,1832048588083684,,1,1,0,202,0,0.0,1,202,0,none,0,none,0,0,0,no_alert_unknown,no_alert_not_final_benign,-1,dns,port
2025-07-19T23:02:31.364121+0700,103.195.142.74,202.134.0.155,10916,53,UDP,flow,dns,2109667888386643,,1,1,0,220,0,0.0,1,220,0,none,0,none,0,0,0,no_alert_unknown,no_alert_not_final_benign,-1,dns,app_proto+port
2025-07-19T23:02:31.364135+0700,103.195.142.76,87.98.154.117,53,1290,UDP,flow,failed,2008737146131037,,1,1,0,1469,0,0.0,1,1469,0,none,0,none,0,0,0,no_alert_unknown,no_alert_not_final_benign,-1,dns,port
2025-07-19T23:02:31.364148+0700,103.195.142.74,34.8.196.142,6506,53,UDP,flow,dns,2135337607221874,,1,1,0,189,0,0.0,1,189,0,none,0,none,0,0,0,no_alert_unknown,no_alert_not_final_benign,-1,dns,app_proto+port
2025-07-19T23:02:31.364179+0700,103.195.142.74,118.98.44.100,25373,53,UDP,flow,dns,1710556337001203,,1,1,0,68,0,0.0,1,68,0,none,0,none,0,0,0,no_alert_unknown,no_alert_not_final_benign,-1,dns,app_proto+port
2025-07-19T23:02:31.364248+0700,103.195.142.109,87.98.154.217,53,15978,UDP,flow,failed,2161280423482595,,1,1,0,1437,0,0.0,1,1437,0,none,0,none,0,0,0,no_alert_unknown,no_alert_not_final_benign,-1,dns,port
2025-07-19T23:02:31.364278+0700,103.195.142.74,202.134.0.155,37978,53,UDP,flow,dns,2200021394249048,,1,1,0,214,0,0.0,1,214,0,none,0,none,0,0,0,no_alert_unknown,no_alert_not_final_benign,-1,dns,app_proto+port
2025-07-19T23:02:31.387478+0700,103.195.142.74,202.134.0.155,31676,53,UDP,dns,,2227156078338469,wire/pcap,0,0,0,0,0,0.0,0,0,0,none,0,none,0,0,0,no_alert_unknown,no_alert_not_final_benign,-1,dns,port
2025-07-19T23:02:31.424197+0700,103.195.142.74,118.98.44.20,27641,53,UDP,dns,,2103387890476787,wire/pcap,0,0,0,0,0,0.0,0,0,0,none,0,none,0,0,0,no_alert_unknown,no_alert_not_final_benign,-1,dns,port
2025-07-19T23:02:31.437454+0700,103.195.142.75,8.8.8.8,60374,53,UDP,dns,,2160328488483253,wire/pcap,0,0,0,0,0,0.0,0,0,0,none,0,none,0,0,0,no_alert_unknown,no_alert_not_final_benign,-1,dns,port
2025-07-19T23:02:31.437557+0700,103.195.142.75,8.8.8.8,50662,53,UDP,dns,,2160771619447734,wire/pcap,0,0,0,0,0,0.0,0,0,0,none,0,none,0,0,0,no_alert_unknown,no_alert_not_final_benign,-1,dns,port
2025-07-19T23:02:31.437567+0700,103.195.142.75,8.8.8.8,58093,53,UDP,dns,,2160814275902397,wire/pcap,0,0,0,0,0,0.0,0,0,0,none,0,none,0,0,0,no_alert_unknown,no_alert_not_final_benign,-1,dns,port
2025-07-19T23:02:31.446404+0700,103.195.142.31,8.8.8.8,22802,53,UDP,dns,,2198768993658944,wire/pcap,0,0,0,0,0,0.0,0,0,0,none,0,none,0,0,0,no_alert_unknown,no_alert_not_final_benign,-1,dns,port
2025-07-19T23:02:31.475160+0700,103.195.142.74,118.98.44.100,37755,53,UDP,dns,,2040797131225911,wire/pcap,0,0,0,0,0,0.0,0,0,0,none,0,none,0,0,0,no_alert_unknown,no_alert_not_final_benign,-1,dns,port
2025-07-19T23:02:31.483122+0700,103.195.142.74,118.98.44.20,1660,53,UDP,dns,,2074994886113328,wire/pcap,0,0,0,0,0,0.0,0,0,0,none,0,none,0,0,0,no_alert_unknown,no_alert_not_final_benign,-1,dns,port
2025-07-19T23:02:31.483173+0700,103.195.142.75,8.8.8.8,63112,53,UDP,dns,,2075213323184575,wire/pcap,0,0,0,0,0,0.0,0,0,0,none,0,none,0,0,0,no_alert_unknown,no_alert_not_final_benign,-1,dns,port
2025-07-19T23:02:31.489472+0700,103.195.142.75,50.28.32.155,55167,53,UDP,dns,,2102266511266238,wire/pcap,0,0,0,0,0,0.0,0,0,0,none,0,none,0,0,0,no_alert_unknown,no_alert_not_final_benign,-1,dns,port
2025-07-19T23:02:31.495000+0700,103.195.142.75,8.8.8.8,26601,53,UDP,dns,,2126012305078055,wire/pcap,0,0,0,0,0,0.0,0,0,0,none,0,none,0,0,0,no_alert_unknown,no_alert_not_final_benign,-1,dns,port
2025-07-19T23:02:31.495141+0700,103.195.142.75,8.8.8.8,4911,53,UDP,dns,,2126618277583919,wire/pcap,0,0,0,0,0,0.0,0,0,0,none,0,none,0,0,0,no_alert_unknown,no_alert_not_final_benign,-1,dns,port
2025-07-19T23:02:31.500546+0700,103.195.142.74,118.98.44.20,23392,53,UDP,dns,,2149830377324755,wire/pcap,0,0,0,0,0,0.0,0,0,0,none,0,none,0,0,0,no_alert_unknown,no_alert_not_final_benign,-1,dns,port
2025-07-19T23:02:31.513885+0700,103.195.142.74,202.134.0.155,14595,53,UDP,dns,,2207119619947496,wire/pcap,0,0,0,0,0,0.0,0,0,0,none,0,none,0,0,0,no_alert_unknown,no_alert_not_final_benign,-1,dns,port
2025-07-19T23:02:31.513936+0700,103.195.142.74,118.98.44.100,48196,53,UDP,dns,,2207342076791348,wire/pcap,0,0,0,0,0,0.0,0,0,0,none,0,none,0,0,0,no_alert_unknown,no_alert_not_final_benign,-1,dns,port
2025-07-19T23:02:31.514001+0700,103.195.142.74,202.134.0.155,15250,53,UDP,dns,,2207619334047035,wire/pcap,0,0,0,0,0,0.0,0,0,0,none,0,none,0,0,0,no_alert_unknown,no_alert_not_final_benign,-1,dns,port
2025-07-19T23:02:31.517017+0700,103.195.142.74,118.98.44.50,12819,53,UDP,dns,,2220572122902248,wire/pcap,0,0,0,0,0,0.0,0,0,0,none,0,none,0,0,0,no_alert_unknown,no_alert_not_final_benign,-1,dns,port
2025-07-19T23:02:31.535517+0700,103.195.142.74,34.8.38.57,53993,53,UDP,dns,,2018556654920594,wire/pcap,0,0,0,0,0,0.0,0,0,0,none,0,none,0,0,0,no_alert_unknown,no_alert_not_final_benign,-1,dns,port
2025-07-19T23:02:31.537047+0700,103.195.142.74,118.98.44.100,35861,53,UDP,dns,,2025127706651487,wire/pcap,0,0,0,0,0,0.0,0,0,0,none,0,none,0,0,0,no_alert_unknown,no_alert_not_final_benign,-1,dns,port
2025-07-19T23:02:31.562284+0700,103.195.142.74,34.8.196.142,10536,53,UDP,dns,,2133517903440119,wire/pcap,0,0,0,0,0,0.0,0,0,0,none,0,none,0,0,0,no_alert_unknown,no_alert_not_final_benign,-1,dns,port
2025-07-19T23:02:31.563187+0700,103.195.142.74,118.98.44.20,33871,53,UDP,dns,,2137394895377551,wire/pcap,0,0,0,0,0,0.0,0,0,0,none,0,none,0,0,0,no_alert_unknown,no_alert_not_final_benign,-1,dns,port
2025-07-19T23:02:31.563307+0700,103.195.142.75,8.8.8.8,55274,53,UDP,dns,,2137913597571522,wire/pcap,0,0,0,0,0,0.0,0,0,0,none,0,none,0,0,0,no_alert_unknown,no_alert_not_final_benign,-1,dns,port
2025-07-19T23:02:31.569179+0700,103.195.142.75,8.8.8.8,9102,53,UDP,dns,,2163130827794004,wire/pcap,0,0,0,0,0,0.0,0,0,0,none,0,none,0,0,0,no_alert_unknown,no_alert_not_final_benign,-1,dns,port
2025-07-19T23:02:31.572157+0700,103.195.142.74,50.28.104.44,7344,53,UDP,dns,,2175922912002980,wire/pcap,0,0,0,0,0,0.0,0,0,0,none,0,none,0,0,0,no_alert_unknown,no_alert_not_final_benign,-1,dns,port
2025-07-19T23:02:31.588462+0700,103.195.142.75,8.8.8.8,53470,53,UDP,dns,,2245950384706210,wire/pcap,0,0,0,0,0,0.0,0,0,0,none,0,none,0,0,0,no_alert_unknown,no_alert_not_final_benign,-1,dns,port
2025-07-19T23:02:31.588579+0700,103.195.142.74,118.98.44.20,25010,53,UDP,dns,,2246455640948494,wire/pcap,0,0,0,0,0,0.0,0,0,0,none,0,none,0,0,0,no_alert_unknown,no_alert_not_final_benign,-1,dns,port
2025-07-19T23:02:31.605920+0700,103.195.142.74,50.28.104.44,62715,53,UDP,dns,,2039458232786154,wire/pcap,0,0,0,0,0,0.0,0,0,0,none,0,none,0,0,0,no_alert_unknown,no_alert_not_final_benign,-1,dns,port
2025-07-19T23:02:31.637197+0700,103.195.142.75,8.8.8.8,16271,53,UDP,dns,,2173791245501726,wire/pcap,0,0,0,0,0,0.0,0,0,0,none,0,none,0,0,0,no_alert_unknown,no_alert_not_final_benign,-1,dns,port
2025-07-19T23:02:31.665260+0700,103.195.142.74,118.98.44.50,4882,53,UDP,dns,,2012847607104326,wire/pcap,0,0,0,0,0,0.0,0,0,0,none,0,none,0,0,0,no_alert_unknown,no_alert_not_final_benign,-1,dns,port
2025-07-19T23:02:31.702461+0700,103.195.142.74,118.98.44.100,23764,53,UDP,dns,,2172623745319555,wire/pcap,0,0,0,0,0,0.0,0,0,0,none,0,none,0,0,0,no_alert_unknown,no_alert_not_final_benign,-1,dns,port
2025-07-19T23:02:31.743897+0700,103.195.142.75,8.8.8.8,57211,53,UDP,dns,,2069116245244708,wire/pcap,0,0,0,0,0,0.0,0,0,0,none,0,none,0,0,0,no_alert_unknown,no_alert_not_final_benign,-1,dns,port
2025-07-19T23:02:31.762784+0700,103.195.142.74,118.98.44.100,41626,53,UDP,dns,,2150235066528317,wire/pcap,0,0,0,0,0,0.0,0,0,0,none,0,none,0,0,0,no_alert_unknown,no_alert_not_final_benign,-1,dns,port
2025-07-19T23:02:31.785063+0700,103.195.142.74,118.98.44.100,54269,53,UDP,dns,,2245921557812600,wire/pcap,0,0,0,0,0,0.0,0,0,0,none,0,none,0,0,0,no_alert_unknown,no_alert_not_final_benign,-1,dns,port
2025-07-19T23:02:31.792780+0700,103.195.142.74,118.98.44.50,45213,53,UDP,dns,,1997592510018735,wire/pcap,0,0,0,0,0,0.0,0,0,0,none,0,none,0,0,0,no_alert_unknown,no_alert_not_final_benign,-1,dns,port
2025-07-19T23:02:31.792942+0700,103.195.142.74,118.98.44.100,40494,53,UDP,dns,,1998287442895276,wire/pcap,0,0,0,0,0,0.0,0,0,0,none,0,none,0,0,0,no_alert_unknown,no_alert_not_final_benign,-1,dns,port
2025-07-19T23:02:31.793080+0700,103.195.142.74,202.134.0.155,49384,53,UDP,dns,,1998879113262463,wire/pcap,0,0,0,0,0,0.0,0,0,0,none,0,none,0,0,0,no_alert_unknown,no_alert_not_final_benign,-1,dns,port
2025-07-19T23:02:31.808326+0700,103.195.142.75,8.8.8.8,63328,53,UDP,dns,,2064360871370940,wire/pcap,0,0,0,0,0,0.0,0,0,0,none,0,none,0,0,0,no_alert_unknown,no_alert_not_final_benign,-1,dns,port
2025-07-19T23:02:31.808648+0700,103.195.142.74,118.98.44.50,23332,53,UDP,dns,,2065745793525639,wire/pcap,0,0,0,0,0,0.0,0,0,0,none,0,none,0,0,0,no_alert_unknown,no_alert_not_final_benign,-1,dns,port
2025-07-19T23:02:31.815710+0700,103.195.142.75,8.8.8.8,12928,53,UDP,dns,,2096076262001851,wire/pcap,0,0,0,0,0,0.0,0,0,0,none,0,none,0,0,0,no_alert_unknown,no_alert_not_final_benign,-1,dns,port
2025-07-19T23:02:31.829094+0700,103.195.142.74,118.98.44.100,58351,53,UDP,dns,,2153557157829225,wire/pcap,0,0,0,0,0,0.0,0,0,0,none,0,none,0,0,0,no_alert_unknown,no_alert_not_final_benign,-1,dns,port
2025-07-19T23:02:31.841592+0700,103.195.142.74,202.134.0.155,49116,53,UDP,dns,,2207236429679298,wire/pcap,0,0,0,0,0,0.0,0,0,0,none,0,none,0,0,0,no_alert_unknown,no_alert_not_final_benign,-1,dns,port
2025-07-19T23:02:31.843434+0700,103.195.142.74,202.134.0.155,2684,53,UDP,flow,dns,39389756034466,,1,1,0,68,0,0.0,1,68,0,none,0,none,0,0,0,no_alert_unknown,no_alert_not_final_benign,-1,dns,app_proto+port
2025-07-19T23:02:31.876344+0700,103.195.142.75,8.8.8.8,7915,53,UDP,dns,,2075022072975243,wire/pcap,0,0,0,0,0,0.0,0,0,0,none,0,none,0,0,0,no_alert_unknown,no_alert_not_final_benign,-1,dns,port
2025-07-19T23:02:31.882147+0700,103.195.142.74,118.98.44.20,51699,53,UDP,dns,,2099944357494947,wire/pcap,0,0,0,0,0,0.0,0,0,0,none,0,none,0,0,0,no_alert_unknown,no_alert_not_final_benign,-1,dns,port
2025-07-19T23:02:31.910311+0700,103.195.142.74,118.98.44.50,6206,53,UDP,dns,,2220908447481749,wire/pcap,0,0,0,0,0,0.0,0,0,0,none,0,none,0,0,0,no_alert_unknown,no_alert_not_final_benign,-1,dns,port
2025-07-19T23:02:31.910999+0700,103.195.142.108,8.8.8.8,1900,53,UDP,dns,,1216074754602613,wire/pcap,0,0,0,0,0,0.0,0,0,0,none,0,none,0,0,0,no_alert_unknown,no_alert_not_final_benign,-1,dns,port
2025-07-19T23:02:31.918729+0700,103.185.193.21,1.1.1.1,60998,53,UDP,dns,,1975586897888947,wire/pcap,0,0,0,0,0,0.0,0,0,0,none,0,none,0,0,0,no_alert_unknown,no_alert_not_final_benign,-1,dns,port
2025-07-19T23:02:31.919256+0700,103.195.142.74,202.134.0.155,31973,53,UDP,dns,,1977852392225452,wire/pcap,0,0,0,0,0,0.0,0,0,0,none,0,none,0,0,0,no_alert_unknown,no_alert_not_final_benign,-1,dns,port
2025-07-19T23:02:31.919407+0700,103.195.142.75,8.8.8.8,8259,53,UDP,dns,,1978502067178712,wire/pcap,0,0,0,0,0,0.0,0,0,0,none,0,none,0,0,0,no_alert_unknown,no_alert_not_final_benign,-1,dns,port
2025-07-19T23:02:31.934407+0700,103.195.142.74,118.98.44.20,49875,53,UDP,dns,,2042923427558801,wire/pcap,0,0,0,0,0,0.0,0,0,0,none,0,none,0,0,0,no_alert_unknown,no_alert_not_final_benign,-1,dns,port
2025-07-19T23:02:31.934465+0700,103.195.142.74,118.98.44.100,25822,53,UDP,dns,,2043171871531749,wire/pcap,0,0,0,0,0,0.0,0,0,0,none,0,none,0,0,0,no_alert_unknown,no_alert_not_final_benign,-1,dns,port
2025-07-19T23:02:31.939159+0700,103.195.142.75,8.8.8.8,10541,53,UDP,dns,,2063333137171115,wire/pcap,0,0,0,0,0,0.0,0,0,0,none,0,none,0,0,0,no_alert_unknown,no_alert_not_final_benign,-1,dns,port
2025-07-19T23:02:31.958160+0700,103.195.142.74,118.98.44.20,11141,53,UDP,dns,,2144942789229790,wire/pcap,0,0,0,0,0,0.0,0,0,0,none,0,none,0,0,0,no_alert_unknown,no_alert_not_final_benign,-1,dns,port
2025-07-19T23:02:31.960867+0700,103.195.142.74,118.98.44.50,58995,53,UDP,dns,,2156570253573145,wire/pcap,0,0,0,0,0,0.0,0,0,0,none,0,none,0,0,0,no_alert_unknown,no_alert_not_final_benign,-1,dns,port
2025-07-19T23:02:31.978283+0700,103.195.142.74,118.98.44.50,6379,53,UDP,dns,,2231372542829095,wire/pcap,0,0,0,0,0,0.0,0,0,0,none,0,none,0,0,0,no_alert_unknown,no_alert_not_final_benign,-1,dns,port
2025-07-19T23:02:31.989234+0700,103.195.142.74,118.98.44.50,4543,53,UDP,dns,,1996931011169793,wire/pcap,0,0,0,0,0,0.0,0,0,0,none,0,none,0,0,0,no_alert_unknown,no_alert_not_final_benign,-1,dns,port
2025-07-19T23:02:31.989341+0700,103.195.142.74,118.98.44.50,39173,53,UDP,dns,,1997388027067025,wire/pcap,0,0,0,0,0,0.0,0,0,0,none,0,none,0,0,0,no_alert_unknown,no_alert_not_final_benign,-1,dns,port
2025-07-19T23:02:32.041589+0700,103.195.142.74,202.134.0.155,28148,53,UDP,dns,,178624554168539,wire/pcap,0,0,0,0,0,0.0,0,0,0,none,0,none,0,0,0,no_alert_unknown,no_alert_not_final_benign,-1,dns,port
2025-07-19T23:02:32.041655+0700,103.195.142.74,118.98.44.50,59799,53,UDP,dns,,178909278798709,wire/pcap,0,0,0,0,0,0.0,0,0,0,none,0,none,0,0,0,no_alert_unknown,no_alert_not_final_benign,-1,dns,port
2025-07-19T23:02:32.041708+0700,103.195.142.74,118.98.44.20,47122,53,UDP,dns,,179137343923994,wire/pcap,0,0,0,0,0,0.0,0,0,0,none,0,none,0,0,0,no_alert_unknown,no_alert_not_final_benign,-1,dns,port
2025-07-19T23:02:32.044801+0700,103.195.142.74,202.134.0.155,23743,53,UDP,dns,,192421980283370,wire/pcap,0,0,0,0,0,0.0,0,0,0,none,0,none,0,0,0,no_alert_unknown,no_alert_not_final_benign,-1,dns,port
2025-07-19T23:02:32.067259+0700,103.195.142.74,118.98.44.100,38462,53,UDP,dns,,7403302547227,wire/pcap,0,0,0,0,0,0.0,0,0,0,none,0,none,0,0,0,no_alert_unknown,no_alert_not_final_benign,-1,dns,port
2025-07-19T23:02:32.070817+0700,103.195.142.31,8.8.8.8,44876,53,UDP,dns,,22684021275392,wire/pcap,0,0,0,0,0,0.0,0,0,0,none,0,none,0,0,0,no_alert_unknown,no_alert_not_final_benign,-1,dns,port
2025-07-19T23:02:32.076697+0700,103.195.142.74,202.134.0.155,39629,53,UDP,dns,,47936811325306,wire/pcap,0,0,0,0,0,0.0,0,0,0,none,0,none,0,0,0,no_alert_unknown,no_alert_not_final_benign,-1,dns,port
2025-07-19T23:02:32.078071+0700,103.195.142.74,118.98.44.50,37878,53,UDP,dns,,53838644858792,wire/pcap,0,0,0,0,0,0.0,0,0,0,none,0,none,0,0,0,no_alert_unknown,no_alert_not_final_benign,-1,dns,port
2025-07-19T23:02:32.092471+0700,103.195.142.74,118.98.44.100,5272,53,UDP,dns,,115688838840118,wire/pcap,0,0,0,0,0,0.0,0,0,0,none,0,none,0,0,0,no_alert_unknown,no_alert_not_final_benign,-1,dns,port
2025-07-19T23:02:32.099435+0700,103.195.142.75,8.8.8.8,44647,53,UDP,dns,,145597960459473,wire/pcap,0,0,0,0,0,0.0,0,0,0,none,0,none,0,0,0,no_alert_unknown,no_alert_not_final_benign,-1,dns,port
2025-07-19T23:02:32.102004+0700,103.195.142.74,118.98.44.50,62955,53,UDP,dns,,156629046170881,wire/pcap,0,0,0,0,0,0.0,0,0,0,none,0,none,0,0,0,no_alert_unknown,no_alert_not_final_benign,-1,dns,port
2025-07-19T23:02:32.108021+0700,103.195.142.74,202.134.0.155,30234,53,UDP,dns,,182475158745726,wire/pcap,0,0,0,0,0,0.0,0,0,0,none,0,none,0,0,0,no_alert_unknown,no_alert_not_final_benign,-1,dns,port
2025-07-19T23:02:32.124973+0700,103.195.142.74,50.28.104.44,46138,53,UDP,dns,,255282550162459,wire/pcap,0,0,0,0,0,0.0,0,0,0,none,0,none,0,0,0,no_alert_unknown,no_alert_not_final_benign,-1,dns,port
2025-07-19T23:02:32.137937+0700,103.195.142.74,202.134.0.155,13660,53,UDP,dns,,29488719025925,wire/pcap,0,0,0,0,0,0.0,0,0,0,none,0,none,0,0,0,no_alert_unknown,no_alert_not_final_benign,-1,dns,port
2025-07-19T23:02:32.156809+0700,103.195.142.74,118.98.44.50,63615,53,UDP,dns,,110539721160149,wire/pcap,0,0,0,0,0,0.0,0,0,0,none,0,none,0,0,0,no_alert_unknown,no_alert_not_final_benign,-1,dns,port
2025-07-19T23:02:32.156897+0700,103.195.142.75,8.8.8.8,34586,53,UDP,dns,,110921749757316,wire/pcap,0,0,0,0,0,0.0,0,0,0,none,0,none,0,0,0,no_alert_unknown,no_alert_not_final_benign,-1,dns,port
2025-07-19T23:02:32.166919+0700,103.195.142.31,8.8.8.8,22871,53,UDP,dns,,153961830348003,wire/pcap,0,0,0,0,0,0.0,0,0,0,none,0,none,0,0,0,no_alert_unknown,no_alert_not_final_benign,-1,dns,port
2025-07-19T23:02:32.188686+0700,103.195.142.74,202.134.0.155,20957,53,UDP,dns,,247450941125259,wire/pcap,0,0,0,0,0,0.0,0,0,0,none,0,none,0,0,0,no_alert_unknown,no_alert_not_final_benign,-1,dns,port
2025-07-19T23:02:32.200758+0700,103.195.142.74,118.98.44.20,18007,53,UDP,dns,,17826334897873,wire/pcap,0,0,0,0,0,0.0,0,0,0,none,0,none,0,0,0,no_alert_unknown,no_alert_not_final_benign,-1,dns,port
2025-07-19T23:02:32.250875+0700,103.195.142.75,8.8.8.8,34400,53,UDP,dns,,233078617655595,wire/pcap,0,0,0,0,0,0.0,0,0,0,none,0,none,0,0,0,no_alert_unknown,no_alert_not_final_benign,-1,dns,port
2025-07-19T23:02:32.251569+0700,103.195.142.165,87.98.154.85,53,54436,UDP,flow,failed,228937234748920,,1,1,0,1437,0,0.0,1,1437,0,none,0,none,0,0,0,no_alert_unknown,no_alert_not_final_benign,-1,dns,port
2025-07-19T23:02:32.266950+0700,103.195.142.75,8.8.8.8,43652,53,UDP,dns,,20645259550528,wire/pcap,0,0,0,0,0,0.0,0,0,0,none,0,none,0,0,0,no_alert_unknown,no_alert_not_final_benign,-1,dns,port
2025-07-19T23:02:32.267015+0700,103.195.142.74,118.98.44.50,6658,53,UDP,dns,,20921858416187,wire/pcap,0,0,0,0,0,0.0,0,0,0,none,0,none,0,0,0,no_alert_unknown,no_alert_not_final_benign,-1,dns,port
2025-07-19T23:02:32.291443+0700,103.195.142.74,50.28.104.44,21918,53,UDP,dns,,125840596543824,wire/pcap,0,0,0,0,0,0.0,0,0,0,none,0,none,0,0,0,no_alert_unknown,no_alert_not_final_benign,-1,dns,port
2025-07-19T23:02:32.292304+0700,103.195.142.74,118.98.44.100,24051,53,UDP,dns,,129536790729215,wire/pcap,0,0,0,0,0,0.0,0,0,0,none,0,none,0,0,0,no_alert_unknown,no_alert_not_final_benign,-1,dns,port
2025-07-19T23:02:32.298754+0700,103.195.142.74,118.98.44.100,7796,53,UDP,dns,,157239257170529,wire/pcap,0,0,0,0,0,0.0,0,0,0,none,0,none,0,0,0,no_alert_unknown,no_alert_not_final_benign,-1,dns,port
2025-07-19T23:02:32.304243+0700,103.195.142.74,118.98.44.20,38571,53,UDP,dns,,180817017870926,wire/pcap,0,0,0,0,0,0.0,0,0,0,none,0,none,0,0,0,no_alert_unknown,no_alert_not_final_benign,-1,dns,port
2025-07-19T23:02:32.304473+0700,103.195.142.75,8.8.8.8,20063,53,UDP,dns,,181804315908056,wire/pcap,0,0,0,0,0,0.0,0,0,0,none,0,none,0,0,0,no_alert_unknown,no_alert_not_final_benign,-1,dns,port
2025-07-19T23:02:32.330599+0700,103.195.142.76,87.98.154.22,53,9427,UDP,flow,failed,2161528603961282,,1,1,0,1469,0,0.0,1,1469,0,none,0,none,0,0,0,no_alert_unknown,no_alert_not_final_benign,-1,dns,port
2025-07-19T23:02:32.337560+0700,103.195.142.75,8.8.8.8,55811,53,UDP,dns,,42436144628254,wire/pcap,0,0,0,0,0,0.0,0,0,0,none,0,none,0,0,0,no_alert_unknown,no_alert_not_final_benign,-1,dns,port
2025-07-19T23:02:32.338586+0700,103.195.142.74,118.98.44.20,3127,53,UDP,flow,dns,2133782174946936,,1,1,0,184,0,0.0,1,184,0,none,0,none,0,0,0,no_alert_unknown,no_alert_not_final_benign,-1,dns,app_proto+port
2025-07-19T23:02:32.338616+0700,103.195.142.46,87.98.154.119,53,27836,UDP,flow,failed,279682780485283,,1,1,0,1437,0,0.0,1,1437,0,none,0,none,0,0,0,no_alert_unknown,no_alert_not_final_benign,-1,dns,port
2025-07-19T23:02:32.338638+0700,103.195.142.83,87.98.154.117,53,8179,UDP,flow,failed,41419921020623,,1,1,0,1190,0,0.0,1,1190,0,none,0,none,0,0,0,no_alert_unknown,no_alert_not_final_benign,-1,dns,port
2025-07-19T23:02:32.338699+0700,103.195.142.195,87.98.154.120,53,8181,UDP,flow,failed,1126396224198572,,1,3,0,4311,0,10.0,3,4311,0,none,0,none,0,0,0,no_alert_unknown,no_alert_not_final_benign,-1,dns,port
2025-07-19T23:02:32.338762+0700,103.195.142.74,118.98.44.50,43662,53,UDP,flow,dns,201297361295614,,1,1,0,88,0,0.0,1,88,0,none,0,none,0,0,0,no_alert_unknown,no_alert_not_final_benign,-1,dns,app_proto+port
2025-07-19T23:02:32.338783+0700,103.195.142.3,192.178.37.22,53,44856,UDP,flow,failed,213974919207205,,1,1,0,157,0,0.0,1,157,0,none,0,none,0,0,0,no_alert_unknown,no_alert_not_final_benign,-1,dns,port
2025-07-19T23:02:32.338802+0700,103.195.142.75,8.8.8.8,56283,53,UDP,flow,dns,2024336936786235,,1,1,0,85,0,0.0,1,85,0,none,0,none,0,0,0,no_alert_unknown,no_alert_not_final_benign,-1,dns,app_proto+port
2025-07-19T23:02:32.338822+0700,103.195.142.74,202.134.0.155,56377,53,UDP,flow,dns,1957687367555416,,1,1,0,238,0,0.0,1,238,0,none,0,none,0,0,0,no_alert_unknown,no_alert_not_final_benign,-1,dns,app_proto+port
2025-07-19T23:02:32.338841+0700,103.195.142.195,87.98.154.36,53,10801,UDP,flow,failed,2112521692436837,,1,1,0,1437,0,0.0,1,1437,0,none,0,none,0,0,0,no_alert_unknown,no_alert_not_final_benign,-1,dns,port
2025-07-19T23:02:32.338891+0700,103.195.142.74,118.98.44.20,21124,53,UDP,flow,dns,277430475282916,,1,1,0,96,0,0.0,1,96,0,none,0,none,0,0,0,no_alert_unknown,no_alert_not_final_benign,-1,dns,app_proto+port
2025-07-19T23:02:32.339120+0700,103.195.142.74,118.98.44.50,41398,53,UDP,flow,dns,1762722017368995,,1,1,0,178,0,0.0,1,178,0,none,0,none,0,0,0,no_alert_unknown,no_alert_not_final_benign,-1,dns,app_proto+port
2025-07-19T23:02:32.339255+0700,103.195.142.74,118.98.44.100,54792,53,UDP,flow,dns,2214238033992676,,1,1,0,184,0,0.0,1,184,0,none,0,none,0,0,0,no_alert_unknown,no_alert_not_final_benign,-1,dns,app_proto+port
2025-07-19T23:02:32.339279+0700,103.195.142.83,87.98.154.119,53,10811,UDP,flow,failed,24549271198829,,1,1,0,1190,0,0.0,1,1190,0,none,0,none,0,0,0,no_alert_unknown,no_alert_not_final_benign,-1,dns,port
2025-07-19T23:02:32.339337+0700,103.195.142.165,87.98.154.119,53,47165,UDP,flow,failed,2192496137919631,,1,1,0,1437,0,0.0,1,1437,0,none,0,none,0,0,0,no_alert_unknown,no_alert_not_final_benign,-1,dns,port
2025-07-19T23:02:32.339432+0700,103.195.142.83,87.98.154.117,53,11632,UDP,flow,failed,200637277789552,,1,1,0,1190,0,0.0,1,1190,0,none,0,none,0,0,0,no_alert_unknown,no_alert_not_final_benign,-1,dns,port
2025-07-19T23:02:32.339454+0700,103.195.142.2,172.217.47.30,53,53778,UDP,flow,failed,2152386849791365,,1,1,0,156,0,0.0,1,156,0,none,0,none,0,0,0,no_alert_unknown,no_alert_not_final_benign,-1,dns,port
2025-07-19T23:02:32.339473+0700,103.195.142.83,87.98.154.78,53,4690,UDP,flow,failed,2114079670656422,,1,1,0,1190,0,0.0,1,1190,0,none,0,none,0,0,0,no_alert_unknown,no_alert_not_final_benign,-1,dns,port
2025-07-19T23:02:32.339514+0700,103.195.142.74,118.98.44.50,30761,53,UDP,flow,dns,1834108261096875,,1,1,0,78,0,0.0,1,78,0,none,0,none,0,0,0,no_alert_unknown,no_alert_not_final_benign,-1,dns,app_proto+port
2025-07-19T23:02:32.339569+0700,103.195.142.74,202.134.0.155,45663,53,UDP,flow,dns,2210154288569815,,1,1,0,85,0,0.0,1,85,0,none,0,none,0,0,0,no_alert_unknown,no_alert_not_final_benign,-1,dns,app_proto+port
2025-07-19T23:02:32.339604+0700,103.195.142.74,118.98.44.50,43685,53,UDP,flow,dns,1839915811659225,,1,1,0,196,0,0.0,1,196,0,none,0,none,0,0,0,no_alert_unknown,no_alert_not_final_benign,-1,dns,app_proto+port
2025-07-19T23:02:32.339627+0700,103.195.142.83,87.98.154.218,53,11560,UDP,flow,failed,68405327617546,,1,1,0,1190,0,0.0,1,1190,0,none,0,none,0,0,0,no_alert_unknown,no_alert_not_final_benign,-1,dns,port
2025-07-19T23:02:32.339672+0700,103.195.142.74,202.134.0.155,46271,53,UDP,flow,dns,175113428065971,,1,1,0,79,0,0.0,1,79,0,none,0,none,0,0,0,no_alert_unknown,no_alert_not_final_benign,-1,dns,app_proto+port
2025-07-19T23:02:32.339718+0700,103.195.142.165,87.98.154.177,53,10578,UDP,flow,failed,2170047715860227,,1,1,0,1437,0,0.0,1,1437,0,none,0,none,0,0,0,no_alert_unknown,no_alert_not_final_benign,-1,dns,port
2025-07-19T23:02:32.339749+0700,103.195.142.196,87.98.154.173,53,31689,UDP,flow,failed,142586921410328,,1,1,0,1437,0,0.0,1,1437,0,none,0,none,0,0,0,no_alert_unknown,no_alert_not_final_benign,-1,dns,port
2025-07-19T23:02:32.339841+0700,103.195.142.76,87.98.154.119,53,16788,UDP,flow,failed,2205144554528794,,1,1,0,1469,0,0.0,1,1469,0,none,0,none,0,0,0,no_alert_unknown,no_alert_not_final_benign,-1,dns,port
2025-07-19T23:02:32.339883+0700,103.195.142.46,87.98.154.191,53,29911,UDP,flow,failed,59058878406799,,1,1,0,1437,0,0.0,1,1437,0,none,0,none,0,0,0,no_alert_unknown,no_alert_not_final_benign,-1,dns,port
2025-07-19T23:02:32.339901+0700,103.195.142.195,87.98.154.8,53,22421,UDP,flow,failed,121736802001071,,1,1,0,1437,0,0.0,1,1437,0,none,0,none,0,0,0,no_alert_unknown,no_alert_not_final_benign,-1,dns,port
2025-07-19T23:02:32.339920+0700,103.195.142.196,87.98.154.201,53,34443,UDP,flow,failed,2115756386083001,,1,1,0,1437,0,0.0,1,1437,0,none,0,none,0,0,0,no_alert_unknown,no_alert_not_final_benign,-1,dns,port
2025-07-19T23:02:32.339939+0700,103.195.142.75,8.8.8.8,36570,53,UDP,flow,dns,1361885990740280,,1,2,0,384,0,4.0,2,384,0,none,0,none,0,0,0,no_alert_unknown,no_alert_not_final_benign,-1,dns,app_proto+port
2025-07-19T23:02:32.339966+0700,103.195.142.75,8.8.8.8,13122,53,UDP,flow,dns,1783078609871254,,1,1,0,68,0,0.0,1,68,0,none,0,none,0,0,0,no_alert_unknown,no_alert_not_final_benign,-1,dns,app_proto+port
2025-07-19T23:02:32.340089+0700,103.195.142.46,87.98.154.119,53,9325,UDP,flow,failed,1819088699122297,,1,1,0,1437,0,0.0,1,1437,0,none,0,none,0,0,0,no_alert_unknown,no_alert_not_final_benign,-1,dns,port
2025-07-19T23:02:32.340150+0700,103.195.142.109,87.98.154.97,53,48767,UDP,flow,failed,274851747717779,,1,1,0,1437,0,0.0,1,1437,0,none,0,none,0,0,0,no_alert_unknown,no_alert_not_final_benign,-1,dns,port
2025-07-19T23:02:32.340188+0700,103.195.142.196,87.98.154.119,53,4218,UDP,flow,failed,144821964759725,,1,1,0,1437,0,0.0,1,1437,0,none,0,none,0,0,0,no_alert_unknown,no_alert_not_final_benign,-1,dns,port
2025-07-19T23:02:32.340212+0700,103.195.142.196,87.98.154.119,53,48295,UDP,flow,failed,1950187432108735,,1,1,0,1437,0,0.0,1,1437,0,none,0,none,0,0,0,no_alert_unknown,no_alert_not_final_benign,-1,dns,port
2025-07-19T23:02:32.340231+0700,103.195.142.74,202.134.0.155,33003,53,UDP,flow,dns,1771365814428392,,1,1,0,68,0,0.0,1,68,0,none,0,none,0,0,0,no_alert_unknown,no_alert_not_final_benign,-1,dns,app_proto+port
2025-07-19T23:02:32.340251+0700,103.195.142.46,87.98.154.163,53,4712,UDP,flow,failed,1420431335940994,,1,3,0,4311,0,9.0,3,4311,0,none,0,none,0,0,0,no_alert_unknown,no_alert_not_final_benign,-1,dns,port
2025-07-19T23:02:32.340464+0700,103.195.142.165,87.98.154.119,53,22239,UDP,flow,failed,259399770498281,,1,1,0,1437,0,0.0,1,1437,0,none,0,none,0,0,0,no_alert_unknown,no_alert_not_final_benign,-1,dns,port
2025-07-19T23:02:32.340498+0700,103.195.142.74,118.98.44.50,44677,53,UDP,flow,dns,1884305858946458,,1,1,0,87,0,0.0,1,87,0,none,0,none,0,0,0,no_alert_unknown,no_alert_not_final_benign,-1,dns,app_proto+port
2025-07-19T23:02:32.340557+0700,103.195.142.76,87.98.154.186,53,7666,UDP,flow,failed,174750355285479,,1,1,0,1469,0,0.0,1,1469,0,none,0,none,0,0,0,no_alert_unknown,no_alert_not_final_benign,-1,dns,port
2025-07-19T23:02:32.340580+0700,103.195.142.109,87.98.154.119,53,40030,UDP,flow,failed,67953769244156,,1,1,0,1437,0,0.0,1,1437,0,none,0,none,0,0,0,no_alert_unknown,no_alert_not_final_benign,-1,dns,port
2025-07-19T23:02:32.340647+0700,103.195.142.74,118.98.44.100,35525,53,UDP,flow,dns,133680310707778,,1,1,0,68,0,0.0,1,68,0,none,0,none,0,0,0,no_alert_unknown,no_alert_not_final_benign,-1,dns,app_proto+port
2025-07-19T23:02:32.340677+0700,103.195.142.74,118.98.44.100,11008,53,UDP,flow,dns,2123357548701269,,1,1,0,88,0,0.0,1,88,0,none,0,none,0,0,0,no_alert_unknown,no_alert_not_final_benign,-1,dns,app_proto+port
2025-07-19T23:02:32.340729+0700,103.195.142.74,118.98.44.50,54515,53,UDP,flow,dns,2063229855983193,,1,1,0,100,0,0.0,1,100,0,none,0,none,0,0,0,no_alert_unknown,no_alert_not_final_benign,-1,dns,app_proto+port
2025-07-19T23:02:32.340786+0700,103.195.142.83,87.98.154.246,53,22142,UDP,flow,failed,2128955324163892,,1,1,0,1190,0,0.0,1,1190,0,none,0,none,0,0,0,no_alert_unknown,no_alert_not_final_benign,-1,dns,port
2025-07-19T23:02:32.340846+0700,103.195.142.46,87.98.154.103,53,8711,UDP,flow,failed,1788038591539016,,1,1,0,1437,0,0.0,1,1437,0,none,0,none,0,0,0,no_alert_unknown,no_alert_not_final_benign,-1,dns,port
2025-07-19T23:02:32.340918+0700,103.195.142.74,202.134.0.155,10899,53,UDP,flow,dns,17413181270062,,1,1,0,196,0,0.0,1,196,0,none,0,none,0,0,0,no_alert_unknown,no_alert_not_final_benign,-1,dns,app_proto+port
2025-07-19T23:02:32.340939+0700,103.195.142.46,87.98.154.219,53,15475,UDP,flow,failed,143706034661533,,1,1,0,1437,0,0.0,1,1437,0,none,0,none,0,0,0,no_alert_unknown,no_alert_not_final_benign,-1,dns,port
2025-07-19T23:02:32.341010+0700,103.195.142.83,87.98.154.119,53,41267,UDP,flow,failed,37292471937274,,1,1,0,1190,0,0.0,1,1190,0,none,0,none,0,0,0,no_alert_unknown,no_alert_not_final_benign,-1,dns,port
2025-07-19T23:02:32.341257+0700,103.195.142.165,87.98.154.119,53,41023,UDP,flow,failed,255838402505698,,1,1,0,1437,0,0.0,1,1437,0,none,0,none,0,0,0,no_alert_unknown,no_alert_not_final_benign,-1,dns,port
2025-07-19T23:02:32.341276+0700,103.195.142.74,118.98.44.20,38433,53,UDP,flow,dns,34732336737306,,1,1,0,81,0,0.0,1,81,0,none,0,none,0,0,0,no_alert_unknown,no_alert_not_final_benign,-1,dns,app_proto+port
2025-07-19T23:02:32.341297+0700,103.195.142.74,202.134.0.155,62855,53,UDP,flow,dns,1719977859410982,,1,1,0,68,0,0.0,1,68,0,none,0,none,0,0,0,no_alert_unknown,no_alert_not_final_benign,-1,dns,app_proto+port
2025-07-19T23:02:32.341357+0700,103.195.142.74,118.98.44.50,33870,53,UDP,flow,dns,199251257781341,,1,1,0,85,0,0.0,1,85,0,none,0,none,0,0,0,no_alert_unknown,no_alert_not_final_benign,-1,dns,app_proto+port
2025-07-19T23:02:32.341402+0700,103.195.142.74,118.98.44.20,18638,53,UDP,flow,dns,2209467629300905,,1,1,0,220,0,0.0,1,220,0,none,0,none,0,0,0,no_alert_unknown,no_alert_not_final_benign,-1,dns,app_proto+port
2025-07-19T23:02:32.341450+0700,103.195.142.3,103.154.219.26,53,59352,UDP,flow,failed,1969901207022869,,1,1,0,137,0,0.0,1,137,0,none,0,none,0,0,0,no_alert_unknown,no_alert_not_final_benign,-1,dns,port
2025-07-19T23:02:32.341514+0700,103.195.142.83,87.98.154.74,53,60157,UDP,flow,failed,1986313717280144,,1,1,0,1190,0,0.0,1,1190,0,none,0,none,0,0,0,no_alert_unknown,no_alert_not_final_benign,-1,dns,port
2025-07-19T23:02:32.341533+0700,103.195.142.74,118.98.44.100,39779,53,UDP,flow,dns,2005204003253682,,1,1,0,88,0,0.0,1,88,0,none,0,none,0,0,0,no_alert_unknown,no_alert_not_final_benign,-1,dns,app_proto+port
2025-07-19T23:02:32.341552+0700,103.195.142.196,87.98.154.229,53,7498,UDP,flow,failed,1781148344249876,,1,3,0,4311,0,10.0,3,4311,0,none,0,none,0,0,0,no_alert_unknown,no_alert_not_final_benign,-1,dns,port
2025-07-19T23:02:32.341643+0700,103.195.142.74,118.98.44.20,2824,53,UDP,flow,dns,1884588264648376,,1,1,0,74,0,0.0,1,74,0,none,0,none,0,0,0,no_alert_unknown,no_alert_not_final_benign,-1,dns,app_proto+port
2025-07-19T23:02:32.341771+0700,103.195.142.83,87.98.154.119,53,21701,UDP,flow,failed,1808357925252952,,1,1,0,1190,0,0.0,1,1190,0,none,0,none,0,0,0,no_alert_unknown,no_alert_not_final_benign,-1,dns,port
2025-07-19T23:02:32.341810+0700,103.195.142.196,87.98.154.85,53,15155,UDP,flow,failed,2195770321399919,,1,1,0,1437,0,0.0,1,1437,0,none,0,none,0,0,0,no_alert_unknown,no_alert_not_final_benign,-1,dns,port
2025-07-19T23:02:32.341866+0700,103.195.142.109,87.98.154.119,53,28829,UDP,flow,failed,2226416768708721,,1,1,0,1437,0,0.0,1,1437,0,none,0,none,0,0,0,no_alert_unknown,no_alert_not_final_benign,-1,dns,port
2025-07-19T23:02:32.341928+0700,103.195.142.74,202.134.0.155,2388,53,UDP,flow,dns,1992124092576031,,1,1,0,83,0,0.0,1,83,0,none,0,none,0,0,0,no_alert_unknown,no_alert_not_final_benign,-1,dns,app_proto+port
2025-07-19T23:02:32.341950+0700,103.195.142.74,118.98.44.100,6296,53,UDP,flow,dns,1832234251907385,,1,1,0,68,0,0.0,1,68,0,none,0,none,0,0,0,no_alert_unknown,no_alert_not_final_benign,-1,dns,app_proto+port
2025-07-19T23:02:32.341970+0700,103.195.142.74,118.98.44.50,11870,53,UDP,flow,dns,2234245581238590,,1,1,0,178,0,0.0,1,178,0,none,0,none,0,0,0,no_alert_unknown,no_alert_not_final_benign,-1,dns,app_proto+port
2025-07-19T23:02:32.342016+0700,103.195.142.74,118.98.44.50,16426,53,UDP,flow,dns,1859734120624609,,1,1,0,84,0,0.0,1,84,0,none,0,none,0,0,0,no_alert_unknown,no_alert_not_final_benign,-1,dns,app_proto+port
2025-07-19T23:02:32.342056+0700,103.195.142.74,202.134.0.155,24141,53,UDP,flow,dns,2114007789728271,,1,1,0,83,0,0.0,1,83,0,none,0,none,0,0,0,no_alert_unknown,no_alert_not_final_benign,-1,dns,app_proto+port
2025-07-19T23:02:32.342076+0700,103.195.142.109,87.98.154.119,53,9891,UDP,flow,failed,1692580076581510,,1,1,0,1437,0,0.0,1,1437,0,none,0,none,0,0,0,no_alert_unknown,no_alert_not_final_benign,-1,dns,port
2025-07-19T23:02:32.342153+0700,103.195.142.74,118.98.44.100,28259,53,UDP,flow,dns,143390865224604,,1,1,0,68,0,0.0,1,68,0,none,0,none,0,0,0,no_alert_unknown,no_alert_not_final_benign,-1,dns,app_proto+port
2025-07-19T23:02:32.342238+0700,103.195.142.74,202.134.0.155,13341,53,UDP,flow,dns,2115782362133689,,1,1,0,238,0,0.0,1,238,0,none,0,none,0,0,0,no_alert_unknown,no_alert_not_final_benign,-1,dns,app_proto+port
2025-07-19T23:02:32.342258+0700,103.195.142.74,118.98.44.20,33393,53,UDP,flow,dns,202096855217382,,1,1,0,79,0,0.0,1,79,0,none,0,none,0,0,0,no_alert_unknown,no_alert_not_final_benign,-1,dns,app_proto+port
2025-07-19T23:02:32.342298+0700,103.195.142.3,112.215.37.218,53,3699,UDP,flow,failed,145967766435327,,1,1,0,138,0,0.0,1,138,0,none,0,none,0,0,0,no_alert_unknown,no_alert_not_final_benign,-1,dns,port
2025-07-19T23:02:32.342317+0700,103.195.142.2,172.253.218.155,53,43831,UDP,flow,failed,1841318874314275,,1,1,0,202,0,0.0,1,202,0,none,0,none,0,0,0,no_alert_unknown,no_alert_not_final_benign,-1,dns,port
2025-07-19T23:02:32.342335+0700,103.195.142.46,87.98.154.119,53,54866,UDP,flow,failed,1711661234386650,,1,1,0,1437,0,0.0,1,1437,0,none,0,none,0,0,0,no_alert_unknown,no_alert_not_final_benign,-1,dns,port
2025-07-19T23:02:32.342360+0700,103.195.142.109,87.98.154.119,53,32822,UDP,flow,failed,11979942131427,,1,1,0,1437,0,0.0,1,1437,0,none,0,none,0,0,0,no_alert_unknown,no_alert_not_final_benign,-1,dns,port
2025-07-19T23:02:32.342379+0700,103.195.142.83,87.98.154.119,53,43612,UDP,flow,failed,2093537902130942,,1,1,0,1190,0,0.0,1,1190,0,none,0,none,0,0,0,no_alert_unknown,no_alert_not_final_benign,-1,dns,port
2025-07-19T23:02:32.342398+0700,103.195.142.74,118.98.44.50,16879,53,UDP,flow,dns,2018249722230561,,1,1,0,184,0,0.0,1,184,0,none,0,none,0,0,0,no_alert_unknown,no_alert_not_final_benign,-1,dns,app_proto+port
2025-07-19T23:02:32.342418+0700,103.195.142.165,87.98.154.93,53,54522,UDP,flow,failed,1605233972934452,,1,3,0,4311,0,10.0,3,4311,0,none,0,none,0,0,0,no_alert_unknown,no_alert_not_final_benign,-1,dns,port
2025-07-19T23:02:32.342469+0700,103.195.142.109,87.98.154.189,53,64144,UDP,flow,failed,2235173776586581,,1,1,0,1437,0,0.0,1,1437,0,none,0,none,0,0,0,no_alert_unknown,no_alert_not_final_benign,-1,dns,port
2025-07-19T23:02:32.342633+0700,103.195.142.74,118.98.44.20,24901,53,UDP,flow,dns,1701169594038457,,1,1,0,89,0,0.0,1,89,0,none,0,none,0,0,0,no_alert_unknown,no_alert_not_final_benign,-1,dns,app_proto+port
2025-07-19T23:02:32.342690+0700,103.195.142.74,118.98.44.20,11033,53,UDP,flow,dns,230875043002582,,1,1,0,85,0,0.0,1,85,0,none,0,none,0,0,0,no_alert_unknown,no_alert_not_final_benign,-1,dns,app_proto+port
2025-07-19T23:02:32.342810+0700,103.195.142.109,87.98.154.119,53,27490,UDP,flow,failed,2004594025494850,,1,1,0,1437,0,0.0,1,1437,0,none,0,none,0,0,0,no_alert_unknown,no_alert_not_final_benign,-1,dns,port
2025-07-19T23:02:32.342829+0700,103.195.142.76,87.98.154.242,53,39928,UDP,flow,failed,1909002143988034,,1,1,0,1469,0,0.0,1,1469,0,none,0,none,0,0,0,no_alert_unknown,no_alert_not_final_benign,-1,dns,port
2025-07-19T23:02:32.343092+0700,103.195.142.165,87.98.154.141,53,46975,UDP,flow,failed,1940365860272983,,1,1,0,1437,0,0.0,1,1437,0,none,0,none,0,0,0,no_alert_unknown,no_alert_not_final_benign,-1,dns,port
2025-07-19T23:02:32.343145+0700,103.195.142.74,118.98.44.20,53504,53,UDP,flow,dns,1870182589856835,,1,1,0,68,0,0.0,1,68,0,none,0,none,0,0,0,no_alert_unknown,no_alert_not_final_benign,-1,dns,app_proto+port
2025-07-19T23:02:32.343171+0700,103.195.142.195,87.98.154.204,53,16796,UDP,flow,failed,2095577701612713,,1,1,0,1437,0,0.0,1,1437,0,none,0,none,0,0,0,no_alert_unknown,no_alert_not_final_benign,-1,dns,port
2025-07-19T23:02:32.343236+0700,103.195.142.76,87.98.154.214,53,49341,UDP,flow,failed,2197418259709356,,1,1,0,1469,0,0.0,1,1469,0,none,0,none,0,0,0,no_alert_unknown,no_alert_not_final_benign,-1,dns,port
2025-07-19T23:02:32.343297+0700,103.195.142.165,87.98.154.119,53,53554,UDP,flow,failed,2062471733837407,,1,1,0,1437,0,0.0,1,1437,0,none,0,none,0,0,0,no_alert_unknown,no_alert_not_final_benign,-1,dns,port
2025-07-19T23:02:32.343321+0700,103.195.142.46,87.98.154.247,53,51712,UDP,flow,failed,2154181365268081,,1,1,0,1437,0,0.0,1,1437,0,none,0,none,0,0,0,no_alert_unknown,no_alert_not_final_benign,-1,dns,port
2025-07-19T23:02:32.343340+0700,103.195.142.74,202.134.0.155,48312,53,UDP,flow,dns,107936149405303,,1,1,0,96,0,0.0,1,96,0,none,0,none,0,0,0,no_alert_unknown,no_alert_not_final_benign,-1,dns,app_proto+port
2025-07-19T23:02:32.343428+0700,103.195.142.195,87.98.154.148,53,45125,UDP,flow,failed,275753132818270,,1,1,0,1437,0,0.0,1,1437,0,none,0,none,0,0,0,no_alert_unknown,no_alert_not_final_benign,-1,dns,port
2025-07-19T23:02:32.343447+0700,103.195.142.165,87.98.154.119,53,6453,UDP,flow,failed,1906347172757383,,1,1,0,1437,0,0.0,1,1437,0,none,0,none,0,0,0,no_alert_unknown,no_alert_not_final_benign,-1,dns,port
2025-07-19T23:02:32.343517+0700,103.195.142.83,87.98.154.18,53,41781,UDP,flow,failed,1847528375058545,,1,1,0,1190,0,0.0,1,1190,0,none,0,none,0,0,0,no_alert_unknown,no_alert_not_final_benign,-1,dns,port
2025-07-19T23:02:32.343559+0700,103.195.142.165,87.98.154.119,53,6963,UDP,flow,failed,2125100716720356,,1,1,0,1437,0,0.0,1,1437,0,none,0,none,0,0,0,no_alert_unknown,no_alert_not_final_benign,-1,dns,port
2025-07-19T23:02:32.343642+0700,103.195.142.195,87.98.154.140,53,30054,UDP,flow,failed,1799408297312951,,1,1,0,1437,0,0.0,1,1437,0,none,0,none,0,0,0,no_alert_unknown,no_alert_not_final_benign,-1,dns,port
2025-07-19T23:02:32.343661+0700,103.195.142.165,87.98.154.149,53,19829,UDP,flow,failed,161608150156007,,1,1,0,1437,0,0.0,1,1437,0,none,0,none,0,0,0,no_alert_unknown,no_alert_not_final_benign,-1,dns,port
2025-07-19T23:02:32.343679+0700,103.195.142.76,87.98.154.119,53,28012,UDP,flow,failed,57189556945642,,1,1,0,1469,0,0.0,1,1469,0,none,0,none,0,0,0,no_alert_unknown,no_alert_not_final_benign,-1,dns,port
2025-07-19T23:02:32.343698+0700,103.195.142.195,87.98.154.112,53,58195,UDP,flow,failed,2061436564734727,,1,1,0,1437,0,0.0,1,1437,0,none,0,none,0,0,0,no_alert_unknown,no_alert_not_final_benign,-1,dns,port
2025-07-19T23:02:32.343716+0700,103.195.142.109,87.98.154.77,53,61538,UDP,flow,failed,1997269981987753,,1,1,0,1437,0,0.0,1,1437,0,none,0,none,0,0,0,no_alert_unknown,no_alert_not_final_benign,-1,dns,port
2025-07-19T23:02:32.343735+0700,103.195.142.195,87.98.154.136,53,57791,UDP,flow,failed,2044405176861634,,1,1,0,1437,0,0.0,1,1437,0,none,0,none,0,0,0,no_alert_unknown,no_alert_not_final_benign,-1,dns,port
2025-07-19T23:02:32.343763+0700,103.195.142.83,87.98.154.118,53,17539,UDP,flow,failed,2209099374461893,,1,1,0,1190,0,0.0,1,1190,0,none,0,none,0,0,0,no_alert_unknown,no_alert_not_final_benign,-1,dns,port
2025-07-19T23:02:32.343800+0700,103.195.142.75,8.8.8.8,60706,53,UDP,flow,dns,952481678820524,,1,2,0,384,0,4.0,2,384,0,none,0,none,0,0,0,no_alert_unknown,no_alert_not_final_benign,-1,dns,app_proto+port
2025-07-19T23:02:32.343820+0700,103.195.142.196,87.98.154.119,53,58467,UDP,flow,failed,122008092083460,,1,1,0,1437,0,0.0,1,1437,0,none,0,none,0,0,0,no_alert_unknown,no_alert_not_final_benign,-1,dns,port
2025-07-19T23:02:32.343921+0700,103.195.142.46,87.98.154.119,53,10622,UDP,flow,failed,1985296550987511,,1,1,0,1437,0,0.0,1,1437,0,none,0,none,0,0,0,no_alert_unknown,no_alert_not_final_benign,-1,dns,port
2025-07-19T23:02:32.343940+0700,103.195.142.74,118.98.44.20,24096,53,UDP,flow,dns,272807804864301,,1,1,0,81,0,0.0,1,81,0,none,0,none,0,0,0,no_alert_unknown,no_alert_not_final_benign,-1,dns,app_proto+port
2025-07-19T23:02:32.343961+0700,103.195.142.46,87.98.154.75,53,63507,UDP,flow,failed,2064819121555297,,1,1,0,1437,0,0.0,1,1437,0,none,0,none,0,0,0,no_alert_unknown,no_alert_not_final_benign,-1,dns,port
2025-07-19T23:02:32.343998+0700,103.195.142.83,87.98.154.119,53,47231,UDP,flow,failed,1930049130006422,,1,1,0,1190,0,0.0,1,1190,0,none,0,none,0,0,0,no_alert_unknown,no_alert_not_final_benign,-1,dns,port
2025-07-19T23:02:32.344039+0700,103.195.142.83,87.98.154.119,53,34942,UDP,flow,failed,1749609279522828,,1,1,0,1190,0,0.0,1,1190,0,none,0,none,0,0,0,no_alert_unknown,no_alert_not_final_benign,-1,dns,port
2025-07-19T23:02:32.344291+0700,103.195.142.74,118.98.44.50,62088,53,UDP,flow,dns,1950942327802342,,1,1,0,141,0,0.0,1,141,0,none,0,none,0,0,0,no_alert_unknown,no_alert_not_final_benign,-1,dns,app_proto+port
2025-07-19T23:02:32.344311+0700,103.195.142.74,118.98.44.20,26755,53,UDP,flow,dns,199324119403020,,1,1,0,68,0,0.0,1,68,0,none,0,none,0,0,0,no_alert_unknown,no_alert_not_final_benign,-1,dns,app_proto+port
2025-07-19T23:02:32.344371+0700,103.195.142.196,87.98.154.119,53,13901,UDP,flow,failed,134559867669227,,1,1,0,1437,0,0.0,1,1437,0,none,0,none,0,0,0,no_alert_unknown,no_alert_not_final_benign,-1,dns,port
2025-07-19T23:02:32.344394+0700,103.195.142.74,202.134.0.155,22625,53,UDP,flow,dns,2038860118494052,,1,1,0,80,0,0.0,1,80,0,none,0,none,0,0,0,no_alert_unknown,no_alert_not_final_benign,-1,dns,app_proto+port
2025-07-19T23:02:32.344450+0700,103.195.142.74,202.134.0.155,44711,53,UDP,flow,dns,1962787618425802,,1,1,0,214,0,0.0,1,214,0,none,0,none,0,0,0,no_alert_unknown,no_alert_not_final_benign,-1,dns,app_proto+port
2025-07-19T23:02:32.344488+0700,103.195.142.195,87.98.154.92,53,15173,UDP,flow,failed,1746603128458352,,1,1,0,1437,0,0.0,1,1437,0,none,0,none,0,0,0,no_alert_unknown,no_alert_not_final_benign,-1,dns,port
2025-07-19T23:02:32.344512+0700,103.195.142.3,172.217.35.250,53,43606,UDP,flow,failed,1838656346852494,,1,1,0,206,0,0.0,1,206,0,none,0,none,0,0,0,no_alert_unknown,no_alert_not_final_benign,-1,dns,port
2025-07-19T23:02:32.344535+0700,103.195.142.76,87.98.154.194,53,49799,UDP,flow,failed,1877909264927955,,1,1,0,1469,0,0.0,1,1469,0,none,0,none,0,0,0,no_alert_unknown,no_alert_not_final_benign,-1,dns,port
2025-07-19T23:02:32.344557+0700,103.195.142.75,8.8.8.8,9808,53,UDP,flow,dns,205828356574561,,1,1,0,68,0,0.0,1,68,0,none,0,none,0,0,0,no_alert_unknown,no_alert_not_final_benign,-1,dns,app_proto+port
2025-07-19T23:02:32.344596+0700,103.195.142.165,87.98.154.119,53,43452,UDP,flow,failed,66011962150396,,1,1,0,1437,0,0.0,1,1437,0,none,0,none,0,0,0,no_alert_unknown,no_alert_not_final_benign,-1,dns,port
2025-07-19T23:02:32.344637+0700,103.195.142.165,87.98.154.117,53,45363,UDP,flow,failed,2034102911110730,,1,1,0,1437,0,0.0,1,1437,0,none,0,none,0,0,0,no_alert_unknown,no_alert_not_final_benign,-1,dns,port
2025-07-19T23:02:32.344675+0700,103.195.142.2,172.217.44.210,53,41886,UDP,flow,failed,2065070420397734,,1,1,0,206,0,0.0,1,206,0,none,0,none,0,0,0,no_alert_unknown,no_alert_not_final_benign,-1,dns,port
2025-07-19T23:02:32.344715+0700,103.195.142.3,74.125.113.144,53,54074,UDP,flow,failed,1825068344807097,,1,1,0,157,0,0.0,1,157,0,none,0,none,0,0,0,no_alert_unknown,no_alert_not_final_benign,-1,dns,port
2025-07-19T23:02:32.344754+0700,103.195.142.74,202.134.0.155,24424,53,UDP,flow,dns,62070019002074,,1,1,0,109,0,0.0,1,109,0,none,0,none,0,0,0,no_alert_unknown,no_alert_not_final_benign,-1,dns,app_proto+port
2025-07-19T23:02:32.344777+0700,103.195.142.195,87.98.154.119,53,58753,UDP,flow,failed,2246619780484867,,1,1,0,1437,0,0.0,1,1437,0,none,0,none,0,0,0,no_alert_unknown,no_alert_not_final_benign,-1,dns,port
2025-07-19T23:02:32.344804+0700,103.195.142.74,118.98.44.100,61323,53,UDP,flow,dns,1701333412810505,,1,1,0,202,0,0.0,1,202,0,none,0,none,0,0,0,no_alert_unknown,no_alert_not_final_benign,-1,dns,app_proto+port
2025-07-19T23:02:32.344824+0700,103.195.142.74,202.134.0.155,59954,53,UDP,flow,dns,46593586040647,,1,1,0,81,0,0.0,1,81,0,none,0,none,0,0,0,no_alert_unknown,no_alert_not_final_benign,-1,dns,app_proto+port
2025-07-19T23:02:32.344846+0700,103.195.142.165,87.98.154.5,53,31986,UDP,flow,failed,2148215124594586,,1,1,0,1437,0,0.0,1,1437,0,none,0,none,0,0,0,no_alert_unknown,no_alert_not_final_benign,-1,dns,port
2025-07-19T23:02:32.344897+0700,103.195.142.74,202.134.0.155,9848,53,UDP,flow,dns,2214317605130284,,1,1,0,214,0,0.0,1,214,0,none,0,none,0,0,0,no_alert_unknown,no_alert_not_final_benign,-1,dns,app_proto+port
2025-07-19T23:02:32.344963+0700,103.195.142.2,203.119.13.184,53,44880,UDP,flow,failed,100323046395981,,1,1,0,195,0,0.0,1,195,0,none,0,none,0,0,0,no_alert_unknown,no_alert_not_final_benign,-1,dns,port
2025-07-19T23:02:32.345002+0700,103.195.142.75,8.8.8.8,46239,53,UDP,flow,dns,2184875910107281,,1,1,0,80,0,0.0,1,80,0,none,0,none,0,0,0,no_alert_unknown,no_alert_not_final_benign,-1,dns,app_proto+port
2025-07-19T23:02:32.345066+0700,103.195.142.74,202.134.0.155,44211,53,UDP,flow,dns,1894779482804386,,1,1,0,80,0,0.0,1,80,0,none,0,none,0,0,0,no_alert_unknown,no_alert_not_final_benign,-1,dns,app_proto+port
2025-07-19T23:02:32.345149+0700,103.195.142.76,87.98.154.250,53,13750,UDP,flow,failed,82870464483697,,1,1,0,1469,0,0.0,1,1469,0,none,0,none,0,0,0,no_alert_unknown,no_alert_not_final_benign,-1,dns,port
2025-07-19T23:02:32.345238+0700,103.195.142.109,87.98.154.117,53,10789,UDP,flow,failed,2107398082597421,,1,1,0,1437,0,0.0,1,1437,0,none,0,none,0,0,0,no_alert_unknown,no_alert_not_final_benign,-1,dns,port
2025-07-19T23:02:32.345257+0700,103.195.142.74,118.98.44.20,46058,53,UDP,flow,dns,1947616003428927,,1,1,0,88,0,0.0,1,88,0,none,0,none,0,0,0,no_alert_unknown,no_alert_not_final_benign,-1,dns,app_proto+port
2025-07-19T23:02:32.345277+0700,103.195.142.196,87.98.154.118,53,48125,UDP,flow,failed,2218034825138820,,1,1,0,1437,0,0.0,1,1437,0,none,0,none,0,0,0,no_alert_unknown,no_alert_not_final_benign,-1,dns,port
2025-07-19T23:02:32.345295+0700,103.195.142.165,87.98.154.119,53,63659,UDP,flow,failed,274886980735679,,1,1,0,1437,0,0.0,1,1437,0,none,0,none,0,0,0,no_alert_unknown,no_alert_not_final_benign,-1,dns,port
2025-07-19T23:02:32.345314+0700,103.195.142.83,87.98.154.78,53,29699,UDP,flow,failed,2098207829594957,,1,3,0,3570,0,9.0,3,3570,0,none,0,none,0,0,0,no_alert_unknown,no_alert_not_final_benign,-1,dns,port
2025-07-19T23:02:32.345332+0700,103.195.142.196,87.98.154.169,53,53688,UDP,flow,failed,2001316022981659,,1,1,0,1437,0,0.0,1,1437,0,none,0,none,0,0,0,no_alert_unknown,no_alert_not_final_benign,-1,dns,port
2025-07-19T23:02:32.345350+0700,103.195.142.74,118.98.44.100,48313,53,UDP,flow,dns,280448815076415,,1,1,0,78,0,0.0,1,78,0,none,0,none,0,0,0,no_alert_unknown,no_alert_not_final_benign,-1,dns,app_proto+port
2025-07-19T23:02:32.345375+0700,103.195.142.109,87.98.154.119,53,31298,UDP,flow,failed,1982431734404335,,1,1,0,1437,0,0.0,1,1437,0,none,0,none,0,0,0,no_alert_unknown,no_alert_not_final_benign,-1,dns,port
2025-07-19T23:02:32.345394+0700,103.195.142.74,34.8.38.57,11064,53,UDP,flow,dns,2020889610556661,,1,1,0,189,0,0.0,1,189,0,none,0,none,0,0,0,no_alert_unknown,no_alert_not_final_benign,-1,dns,app_proto+port
2025-07-19T23:02:32.345437+0700,103.195.142.109,87.98.154.149,53,16459,UDP,flow,failed,2027610521605453,,1,1,0,1437,0,0.0,1,1437,0,none,0,none,0,0,0,no_alert_unknown,no_alert_not_final_benign,-1,dns,port
2025-07-19T23:02:32.345495+0700,103.195.142.195,87.98.154.119,53,21357,UDP,flow,failed,1839966017689065,,1,1,0,1437,0,0.0,1,1437,0,none,0,none,0,0,0,no_alert_unknown,no_alert_not_final_benign,-1,dns,port
2025-07-19T23:02:32.345519+0700,103.195.142.76,87.98.154.119,53,20627,UDP,flow,failed,1854504965183101,,1,1,0,1469,0,0.0,1,1469,0,none,0,none,0,0,0,no_alert_unknown,no_alert_not_final_benign,-1,dns,port
2025-07-19T23:02:32.345539+0700,103.195.142.195,87.98.154.84,53,56646,UDP,flow,failed,67764623775400,,1,1,0,1437,0,0.0,1,1437,0,none,0,none,0,0,0,no_alert_unknown,no_alert_not_final_benign,-1,dns,port
2025-07-19T23:02:32.345598+0700,103.195.142.3,203.119.13.184,53,41418,UDP,flow,failed,47672179038017,,1,1,0,145,0,0.0,1,145,0,none,0,none,0,0,0,no_alert_unknown,no_alert_not_final_benign,-1,dns,port
2025-07-19T23:02:32.345638+0700,103.195.142.83,87.98.154.126,53,6030,UDP,flow,failed,66839488829282,,1,1,0,1190,0,0.0,1,1190,0,none,0,none,0,0,0,no_alert_unknown,no_alert_not_final_benign,-1,dns,port
2025-07-19T23:02:32.345656+0700,103.195.142.74,118.98.44.100,43713,53,UDP,flow,dns,133329724249961,,1,1,0,88,0,0.0,1,88,0,none,0,none,0,0,0,no_alert_unknown,no_alert_not_final_benign,-1,dns,app_proto+port
2025-07-19T23:02:32.345725+0700,103.195.142.46,87.98.154.119,53,48247,UDP,flow,failed,110645975521333,,1,1,0,1437,0,0.0,1,1437,0,none,0,none,0,0,0,no_alert_unknown,no_alert_not_final_benign,-1,dns,port
2025-07-19T23:02:32.345765+0700,103.195.142.75,8.8.8.8,25848,53,UDP,flow,dns,2226458875926683,,1,1,0,80,0,0.0,1,80,0,none,0,none,0,0,0,no_alert_unknown,no_alert_not_final_benign,-1,dns,app_proto+port
2025-07-19T23:02:32.345924+0700,103.195.142.74,202.134.0.155,43840,53,UDP,flow,dns,1992823780612753,,1,1,0,83,0,0.0,1,83,0,none,0,none,0,0,0,no_alert_unknown,no_alert_not_final_benign,-1,dns,app_proto+port
2025-07-19T23:02:32.345944+0700,103.195.142.109,87.98.154.245,53,9392,UDP,flow,failed,1761373574273695,,1,1,0,1437,0,0.0,1,1437,0,none,0,none,0,0,0,no_alert_unknown,no_alert_not_final_benign,-1,dns,port
2025-07-19T23:02:32.345969+0700,103.195.142.74,118.98.44.100,54773,53,UDP,flow,dns,2165650696575717,,1,1,0,231,0,0.0,1,231,0,none,0,none,0,0,0,no_alert_unknown,no_alert_not_final_benign,-1,dns,app_proto+port
2025-07-19T23:02:32.345989+0700,103.195.142.74,118.98.44.50,40847,53,UDP,flow,dns,216699683609331,,1,1,0,196,0,0.0,1,196,0,none,0,none,0,0,0,no_alert_unknown,no_alert_not_final_benign,-1,dns,app_proto+port
2025-07-19T23:02:32.346009+0700,103.195.142.195,87.98.154.232,53,56006,UDP,flow,failed,245273655057151,,1,1,0,1437,0,0.0,1,1437,0,none,0,none,0,0,0,no_alert_unknown,no_alert_not_final_benign,-1,dns,port
2025-07-19T23:02:32.346048+0700,103.195.142.165,87.98.154.119,53,45231,UDP,flow,failed,1743309807557447,,1,1,0,1437,0,0.0,1,1437,0,none,0,none,0,0,0,no_alert_unknown,no_alert_not_final_benign,-1,dns,port
2025-07-19T23:02:32.346066+0700,103.195.142.195,87.98.154.119,53,29447,UDP,flow,failed,2002226739944369,,1,1,0,1437,0,0.0,1,1437,0,none,0,none,0,0,0,no_alert_unknown,no_alert_not_final_benign,-1,dns,port
2025-07-19T23:02:32.346084+0700,103.195.142.165,87.98.154.205,53,3877,UDP,flow,failed,2136596124605364,,1,1,0,1437,0,0.0,1,1437,0,none,0,none,0,0,0,no_alert_unknown,no_alert_not_final_benign,-1,dns,port
2025-07-19T23:02:32.346140+0700,103.195.142.75,8.8.8.8,35142,53,UDP,flow,dns,1089467146050501,,1,2,0,456,0,4.0,2,456,0,none,0,none,0,0,0,no_alert_unknown,no_alert_not_final_benign,-1,dns,app_proto+port
2025-07-19T23:02:32.346179+0700,103.195.142.83,87.98.154.190,53,13845,UDP,flow,failed,5057689754689,,1,1,0,1190,0,0.0,1,1190,0,none,0,none,0,0,0,no_alert_unknown,no_alert_not_final_benign,-1,dns,port
2025-07-19T23:02:32.346198+0700,103.195.142.75,8.8.8.8,39138,53,UDP,flow,dns,125611780938906,,1,1,0,87,0,0.0,1,87,0,none,0,none,0,0,0,no_alert_unknown,no_alert_not_final_benign,-1,dns,app_proto+port
2025-07-19T23:02:32.346258+0700,103.195.142.76,87.98.154.138,53,35790,UDP,flow,failed,2247347779607793,,1,1,0,1469,0,0.0,1,1469,0,none,0,none,0,0,0,no_alert_unknown,no_alert_not_final_benign,-1,dns,port
2025-07-19T23:02:32.346364+0700,103.195.142.196,87.98.154.245,53,21006,UDP,flow,failed,155689532858093,,1,1,0,1437,0,0.0,1,1437,0,none,0,none,0,0,0,no_alert_unknown,no_alert_not_final_benign,-1,dns,port
2025-07-19T23:02:32.346382+0700,103.195.142.83,87.98.154.154,53,61437,UDP,flow,failed,2057480179556409,,1,1,0,1190,0,0.0,1,1190,0,none,0,none,0,0,0,no_alert_unknown,no_alert_not_final_benign,-1,dns,port
2025-07-19T23:02:32.346401+0700,103.195.142.83,87.98.154.119,53,20514,UDP,flow,failed,137910175342705,,1,1,0,1190,0,0.0,1,1190,0,none,0,none,0,0,0,no_alert_unknown,no_alert_not_final_benign,-1,dns,port
2025-07-19T23:02:32.346419+0700,103.195.142.3,203.119.13.184,53,11484,UDP,flow,failed,49346981011728,,1,1,0,188,0,0.0,1,188,0,none,0,none,0,0,0,no_alert_unknown,no_alert_not_final_benign,-1,dns,port
2025-07-19T23:02:32.346466+0700,103.195.142.75,8.8.8.8,50583,53,UDP,flow,dns,2176279227277851,,1,1,0,87,0,0.0,1,87,0,none,0,none,0,0,0,no_alert_unknown,no_alert_not_final_benign,-1,dns,app_proto+port
2025-07-19T23:02:32.346498+0700,103.195.142.74,118.98.44.50,54387,53,UDP,flow,dns,2237218460607058,,1,1,0,184,0,0.0,1,184,0,none,0,none,0,0,0,no_alert_unknown,no_alert_not_final_benign,-1,dns,app_proto+port
2025-07-19T23:02:32.346599+0700,103.195.142.196,87.98.154.119,53,2310,UDP,flow,failed,2066022139307193,,1,1,0,1437,0,0.0,1,1437,0,none,0,none,0,0,0,no_alert_unknown,no_alert_not_final_benign,-1,dns,port
2025-07-19T23:02:32.346704+0700,103.195.142.74,202.134.0.155,40146,53,UDP,flow,dns,2069601907910242,,1,1,0,84,0,0.0,1,84,0,none,0,none,0,0,0,no_alert_unknown,no_alert_not_final_benign,-1,dns,app_proto+port
2025-07-19T23:02:32.346724+0700,103.195.142.196,87.98.154.85,53,30296,UDP,flow,failed,109635320620673,,1,1,0,1437,0,0.0,1,1437,0,none,0,none,0,0,0,no_alert_unknown,no_alert_not_final_benign,-1,dns,port
2025-07-19T23:02:32.346776+0700,103.195.142.74,118.98.44.100,5747,53,UDP,flow,dns,2057297751779062,,1,1,0,220,0,0.0,1,220,0,none,0,none,0,0,0,no_alert_unknown,no_alert_not_final_benign,-1,dns,app_proto+port
2025-07-19T23:02:32.346941+0700,103.195.142.196,87.98.154.119,53,51664,UDP,flow,failed,2069286774712273,,1,1,0,1437,0,0.0,1,1437,0,none,0,none,0,0,0,no_alert_unknown,no_alert_not_final_benign,-1,dns,port
2025-07-19T23:02:32.346971+0700,103.195.142.196,87.98.154.113,53,15110,UDP,flow,failed,2009355512915941,,1,1,0,1437,0,0.0,1,1437,0,none,0,none,0,0,0,no_alert_unknown,no_alert_not_final_benign,-1,dns,port
2025-07-19T23:02:32.346990+0700,103.195.142.165,87.98.154.177,53,40809,UDP,flow,failed,272495446796313,,1,1,0,1437,0,0.0,1,1437,0,none,0,none,0,0,0,no_alert_unknown,no_alert_not_final_benign,-1,dns,port
2025-07-19T23:02:32.347010+0700,103.195.142.74,118.98.44.50,53590,53,UDP,flow,dns,1993804452341803,,1,1,0,178,0,0.0,1,178,0,none,0,none,0,0,0,no_alert_unknown,no_alert_not_final_benign,-1,dns,app_proto+port
2025-07-19T23:02:32.347031+0700,103.195.142.83,87.98.154.18,53,39596,UDP,flow,failed,4857496283205,,1,1,0,1190,0,0.0,1,1190,0,none,0,none,0,0,0,no_alert_unknown,no_alert_not_final_benign,-1,dns,port
2025-07-19T23:02:32.347094+0700,103.195.142.74,118.98.44.100,15149,53,UDP,flow,dns,231418293922200,,1,1,0,88,0,0.0,1,88,0,none,0,none,0,0,0,no_alert_unknown,no_alert_not_final_benign,-1,dns,app_proto+port
2025-07-19T23:02:32.347130+0700,103.195.142.109,87.98.154.217,53,39106,UDP,flow,failed,2056268518992353,,1,1,0,1437,0,0.0,1,1437,0,none,0,none,0,0,0,no_alert_unknown,no_alert_not_final_benign,-1,dns,port
2025-07-19T23:02:32.347152+0700,103.195.142.76,87.98.154.117,53,20270,UDP,flow,failed,61413860321789,,1,1,0,1469,0,0.0,1,1469,0,none,0,none,0,0,0,no_alert_unknown,no_alert_not_final_benign,-1,dns,port
2025-07-19T23:02:32.347194+0700,103.195.142.74,118.98.44.20,42476,53,UDP,flow,dns,2123245057485473,,1,1,0,87,0,0.0,1,87,0,none,0,none,0,0,0,no_alert_unknown,no_alert_not_final_benign,-1,dns,app_proto+port
2025-07-19T23:02:32.347221+0700,103.195.142.196,87.98.154.57,53,43470,UDP,flow,failed,50001239288847,,1,1,0,1437,0,0.0,1,1437,0,none,0,none,0,0,0,no_alert_unknown,no_alert_not_final_benign,-1,dns,port
2025-07-19T23:02:32.347261+0700,103.195.142.74,118.98.44.100,26738,53,UDP,flow,dns,2062849027222955,,1,1,0,81,0,0.0,1,81,0,none,0,none,0,0,0,no_alert_unknown,no_alert_not_final_benign,-1,dns,app_proto+port
2025-07-19T23:02:32.347281+0700,103.195.142.74,118.98.44.20,58525,53,UDP,flow,dns,2175183384948161,,1,1,0,83,0,0.0,1,83,0,none,0,none,0,0,0,no_alert_unknown,no_alert_not_final_benign,-1,dns,app_proto+port
2025-07-19T23:02:32.347323+0700,103.195.142.196,87.98.154.197,53,28232,UDP,flow,failed,1970490456813515,,1,1,0,1437,0,0.0,1,1437,0,none,0,none,0,0,0,no_alert_unknown,no_alert_not_final_benign,-1,dns,port
2025-07-19T23:02:32.347342+0700,103.195.142.165,87.98.154.119,53,13299,UDP,flow,failed,51095772737501,,1,1,0,1437,0,0.0,1,1437,0,none,0,none,0,0,0,no_alert_unknown,no_alert_not_final_benign,-1,dns,port
2025-07-19T23:02:32.347366+0700,103.195.142.109,87.98.154.119,53,36088,UDP,flow,failed,2141285214924826,,1,1,0,1437,0,0.0,1,1437,0,none,0,none,0,0,0,no_alert_unknown,no_alert_not_final_benign,-1,dns,port
2025-07-19T23:02:32.347385+0700,103.195.142.109,87.98.154.45,53,62390,UDP,flow,failed,2184914058293495,,1,1,0,1437,0,0.0,1,1437,0,none,0,none,0,0,0,no_alert_unknown,no_alert_not_final_benign,-1,dns,port
2025-07-19T23:02:32.347424+0700,103.195.142.3,172.69.21.94,53,23854,UDP,flow,failed,499648392606218,,1,1,0,131,0,0.0,1,131,0,none,0,none,0,0,0,no_alert_unknown,no_alert_not_final_benign,-1,dns,port
2025-07-19T23:02:32.347442+0700,103.195.142.195,87.98.154.32,53,4301,UDP,flow,failed,2234653494358611,,1,1,0,1437,0,0.0,1,1437,0,none,0,none,0,0,0,no_alert_unknown,no_alert_not_final_benign,-1,dns,port
2025-07-19T23:02:32.351746+0700,103.195.142.74,202.134.0.155,6057,53,UDP,dns,,103366085326664,wire/pcap,0,0,0,0,0,0.0,0,0,0,none,0,none,0,0,0,no_alert_unknown,no_alert_not_final_benign,-1,dns,port
2025-07-19T23:02:32.369198+0700,103.195.142.74,118.98.44.50,4859,53,UDP,dns,,178318604173402,wire/pcap,0,0,0,0,0,0.0,0,0,0,none,0,none,0,0,0,no_alert_unknown,no_alert_not_final_benign,-1,dns,port
2025-07-19T23:02:32.403834+0700,103.195.142.74,118.98.44.20,28162,53,UDP,dns,,45608067311965,wire/pcap,0,0,0,0,0,0.0,0,0,0,none,0,none,0,0,0,no_alert_unknown,no_alert_not_final_benign,-1,dns,port
2025-07-19T23:02:32.413923+0700,103.195.142.75,8.8.8.8,1165,53,UDP,dns,,88937857711979,wire/pcap,0,0,0,0,0,0.0,0,0,0,none,0,none,0,0,0,no_alert_unknown,no_alert_not_final_benign,-1,dns,port
2025-07-19T23:02:32.450583+0700,103.195.142.74,34.8.196.142,59190,53,UDP,dns,,246390308341875,wire/pcap,0,0,0,0,0,0.0,0,0,0,none,0,none,0,0,0,no_alert_unknown,no_alert_not_final_benign,-1,dns,port
2025-07-19T23:02:32.476989+0700,103.195.142.74,118.98.44.100,40880,53,UDP,dns,,78329867796928,wire/pcap,0,0,0,0,0,0.0,0,0,0,none,0,none,0,0,0,no_alert_unknown,no_alert_not_final_benign,-1,dns,port
2025-07-19T23:02:32.478051+0700,103.195.142.74,118.98.44.100,55736,53,UDP,dns,,82891837992083,wire/pcap,0,0,0,0,0,0.0,0,0,0,none,0,none,0,0,0,no_alert_unknown,no_alert_not_final_benign,-1,dns,port
2025-07-19T23:02:32.489501+0700,103.195.142.75,8.8.8.8,45763,53,UDP,dns,,132069078854043,wire/pcap,0,0,0,0,0,0.0,0,0,0,none,0,none,0,0,0,no_alert_unknown,no_alert_not_final_benign,-1,dns,port
2025-07-19T23:02:32.493563+0700,103.195.142.74,118.98.44.20,64995,53,UDP,dns,,149515810509267,wire/pcap,0,0,0,0,0,0.0,0,0,0,none,0,none,0,0,0,no_alert_unknown,no_alert_not_final_benign,-1,dns,port
2025-07-19T23:02:32.493576+0700,103.195.142.74,118.98.44.20,58487,53,UDP,dns,,149570199041396,wire/pcap,0,0,0,0,0,0.0,0,0,0,none,0,none,0,0,0,no_alert_unknown,no_alert_not_final_benign,-1,dns,port
2025-07-19T23:02:32.543129+0700,103.195.142.74,118.98.44.50,54264,53,UDP,dns,,80924309345699,wire/pcap,0,0,0,0,0,0.0,0,0,0,none,0,none,0,0,0,no_alert_unknown,no_alert_not_final_benign,-1,dns,port
2025-07-19T23:02:32.564080+0700,103.195.142.74,118.98.44.100,10556,53,UDP,dns,,170907577373439,wire/pcap,0,0,0,0,0,0.0,0,0,0,none,0,none,0,0,0,no_alert_unknown,no_alert_not_final_benign,-1,dns,port
2025-07-19T23:02:32.570771+0700,103.195.142.74,118.98.44.20,8399,53,UDP,dns,,199646842446598,wire/pcap,0,0,0,0,0,0.0,0,0,0,none,0,none,0,0,0,no_alert_unknown,no_alert_not_final_benign,-1,dns,port
2025-07-19T23:02:32.585664+0700,103.195.142.74,118.98.44.20,28804,53,UDP,dns,,263608025524369,wire/pcap,0,0,0,0,0,0.0,0,0,0,none,0,none,0,0,0,no_alert_unknown,no_alert_not_final_benign,-1,dns,port
2025-07-19T23:02:32.637658+0700,103.195.142.75,8.8.8.8,46254,53,UDP,dns,,205446608969231,wire/pcap,0,0,0,0,0,0.0,0,0,0,none,0,none,0,0,0,no_alert_unknown,no_alert_not_final_benign,-1,dns,port
2025-07-19T23:02:32.648222+0700,103.195.142.74,202.134.0.155,43565,53,UDP,flow,dns,278019812669298,,1,1,0,77,0,0.0,1,77,0,none,0,none,0,0,0,no_alert_unknown,no_alert_not_final_benign,-1,dns,app_proto+port
2025-07-19T23:02:32.650258+0700,103.195.142.74,202.134.0.155,40455,53,UDP,dns,,259562987543737,wire/pcap,0,0,0,0,0,0.0,0,0,0,none,0,none,0,0,0,no_alert_unknown,no_alert_not_final_benign,-1,dns,port
2025-07-19T23:02:32.658095+0700,103.195.142.74,118.98.44.50,22420,53,UDP,dns,,11749283166452,wire/pcap,0,0,0,0,0,0.0,0,0,0,none,0,none,0,0,0,no_alert_unknown,no_alert_not_final_benign,-1,dns,port
2025-07-19T23:02:32.658256+0700,103.195.142.75,8.8.8.8,58363,53,UDP,dns,,12438841609140,wire/pcap,0,0,0,0,0,0.0,0,0,0,none,0,none,0,0,0,no_alert_unknown,no_alert_not_final_benign,-1,dns,port
2025-07-19T23:02:32.731902+0700,103.195.142.74,118.98.44.20,44327,53,UDP,dns,,47272680050423,wire/pcap,0,0,0,0,0,0.0,0,0,0,none,0,none,0,0,0,no_alert_unknown,no_alert_not_final_benign,-1,dns,port
2025-07-19T23:02:32.731925+0700,103.195.142.74,202.134.0.155,7281,53,UDP,dns,,47369724836127,wire/pcap,0,0,0,0,0,0.0,0,0,0,none,0,none,0,0,0,no_alert_unknown,no_alert_not_final_benign,-1,dns,port
2025-07-19T23:02:32.761365+0700,103.195.142.75,8.8.8.8,26133,53,UDP,dns,,173815948949293,wire/pcap,0,0,0,0,0,0.0,0,0,0,none,0,none,0,0,0,no_alert_unknown,no_alert_not_final_benign,-1,dns,port
2025-07-19T23:02:32.763150+0700,103.195.142.75,50.116.34.34,28926,53,UDP,dns,,181481708274009,wire/pcap,0,0,0,0,0,0.0,0,0,0,none,0,none,0,0,0,no_alert_unknown,no_alert_not_final_benign,-1,dns,port
2025-07-19T23:02:32.788635+0700,103.195.142.75,8.8.8.8,21552,53,UDP,dns,,9465700525632,wire/pcap,0,0,0,0,0,0.0,0,0,0,none,0,none,0,0,0,no_alert_unknown,no_alert_not_final_benign,-1,dns,port
2025-07-19T23:02:32.798745+0700,103.195.142.74,202.134.0.155,35994,53,UDP,dns,,52884864884688,wire/pcap,0,0,0,0,0,0.0,0,0,0,none,0,none,0,0,0,no_alert_unknown,no_alert_not_final_benign,-1,dns,port
2025-07-19T23:02:32.833277+0700,103.195.142.74,118.98.44.20,50686,53,UDP,dns,,201198918220490,wire/pcap,0,0,0,0,0,0.0,0,0,0,none,0,none,0,0,0,no_alert_unknown,no_alert_not_final_benign,-1,dns,port
2025-07-19T23:02:32.839732+0700,103.195.142.75,8.8.8.8,64809,53,UDP,dns,,228922885319182,wire/pcap,0,0,0,0,0,0.0,0,0,0,none,0,none,0,0,0,no_alert_unknown,no_alert_not_final_benign,-1,dns,port
2025-07-19T23:02:32.843077+0700,103.195.142.74,118.98.44.50,48711,53,UDP,dns,,243291018243726,wire/pcap,0,0,0,0,0,0.0,0,0,0,none,0,none,0,0,0,no_alert_unknown,no_alert_not_final_benign,-1,dns,port
2025-07-19T23:02:32.846664+0700,103.195.142.75,216.38.8.120,10476,53,UDP,dns,,258697005680010,wire/pcap,0,0,0,0,0,0.0,0,0,0,none,0,none,0,0,0,no_alert_unknown,no_alert_not_final_benign,-1,dns,port
2025-07-19T23:02:32.857163+0700,103.195.142.74,118.98.44.50,4104,53,UDP,dns,,22313222000032,wire/pcap,0,0,0,0,0,0.0,0,0,0,none,0,none,0,0,0,no_alert_unknown,no_alert_not_final_benign,-1,dns,port
2025-07-19T23:02:32.865086+0700,103.195.142.74,202.134.0.155,50994,53,UDP,dns,,56341618563976,wire/pcap,0,0,0,0,0,0.0,0,0,0,none,0,none,0,0,0,no_alert_unknown,no_alert_not_final_benign,-1,dns,port
2025-07-19T23:02:32.865442+0700,103.195.142.74,118.98.44.100,62200,53,UDP,dns,,57873363151371,wire/pcap,0,0,0,0,0,0.0,0,0,0,none,0,none,0,0,0,no_alert_unknown,no_alert_not_final_benign,-1,dns,port
2025-07-19T23:02:32.873912+0700,103.195.142.74,118.98.44.100,41964,53,UDP,dns,,94252630051270,wire/pcap,0,0,0,0,0,0.0,0,0,0,none,0,none,0,0,0,no_alert_unknown,no_alert_not_final_benign,-1,dns,port
2025-07-19T23:02:32.880453+0700,103.195.142.75,216.38.8.120,40755,53,UDP,dns,,122346316880856,wire/pcap,0,0,0,0,0,0.0,0,0,0,none,0,none,0,0,0,no_alert_unknown,no_alert_not_final_benign,-1,dns,port
2025-07-19T23:02:32.886374+0700,103.195.142.74,202.134.0.155,18721,53,UDP,dns,,147774759149734,wire/pcap,0,0,0,0,0,0.0,0,0,0,none,0,none,0,0,0,no_alert_unknown,no_alert_not_final_benign,-1,dns,port
2025-07-19T23:02:32.886437+0700,103.195.142.75,8.8.8.8,37488,53,UDP,dns,,148045180339183,wire/pcap,0,0,0,0,0,0.0,0,0,0,none,0,none,0,0,0,no_alert_unknown,no_alert_not_final_benign,-1,dns,port
2025-07-19T23:02:32.890743+0700,103.195.142.74,202.134.0.155,61605,53,UDP,flow,dns,526519877181318,,1,1,0,89,0,0.0,1,89,0,none,0,none,0,0,0,no_alert_unknown,no_alert_not_final_benign,-1,dns,app_proto+port
2025-07-19T23:02:32.894486+0700,103.195.142.74,118.98.44.100,1581,53,UDP,dns,,182616281937676,wire/pcap,0,0,0,0,0,0.0,0,0,0,none,0,none,0,0,0,no_alert_unknown,no_alert_not_final_benign,-1,dns,port
2025-07-19T23:02:32.909445+0700,103.195.142.74,118.98.44.20,50702,53,UDP,dns,,246864360700399,wire/pcap,0,0,0,0,0,0.0,0,0,0,none,0,none,0,0,0,no_alert_unknown,no_alert_not_final_benign,-1,dns,port
2025-07-19T23:02:32.914585+0700,103.195.142.108,8.8.8.8,1900,53,UDP,dns,,1216074754602613,wire/pcap,0,0,0,0,0,0.0,0,0,0,none,0,none,0,0,0,no_alert_unknown,no_alert_not_final_benign,-1,dns,port
2025-07-19T23:02:32.916689+0700,103.195.142.74,50.28.32.153,61042,53,UDP,dns,,277975487971980,wire/pcap,0,0,0,0,0,0.0,0,0,0,none,0,none,0,0,0,no_alert_unknown,no_alert_not_final_benign,-1,dns,port
2025-07-19T23:02:32.920680+0700,103.195.142.75,8.8.8.8,59243,53,UDP,dns,,13643351750171,wire/pcap,0,0,0,0,0,0.0,0,0,0,none,0,none,0,0,0,no_alert_unknown,no_alert_not_final_benign,-1,dns,port
2025-07-19T23:02:32.942602+0700,103.195.142.75,8.8.8.8,28585,53,UDP,dns,,107795210297035,wire/pcap,0,0,0,0,0,0.0,0,0,0,none,0,none,0,0,0,no_alert_unknown,no_alert_not_final_benign,-1,dns,port
2025-07-19T23:02:32.942744+0700,103.195.142.74,118.98.44.20,43142,53,UDP,dns,,108407268904886,wire/pcap,0,0,0,0,0,0.0,0,0,0,none,0,none,0,0,0,no_alert_unknown,no_alert_not_final_benign,-1,dns,port
2025-07-19T23:02:32.942799+0700,103.195.142.74,202.134.0.155,38092,53,UDP,dns,,108642772566735,wire/pcap,0,0,0,0,0,0.0,0,0,0,none,0,none,0,0,0,no_alert_unknown,no_alert_not_final_benign,-1,dns,port
2025-07-19T23:02:32.942813+0700,103.195.142.74,118.98.44.50,22574,53,UDP,dns,,108702992333567,wire/pcap,0,0,0,0,0,0.0,0,0,0,none,0,none,0,0,0,no_alert_unknown,no_alert_not_final_benign,-1,dns,port
2025-07-19T23:02:32.962349+0700,103.195.142.74,118.98.44.50,51409,53,UDP,dns,,192608071950617,wire/pcap,0,0,0,0,0,0.0,0,0,0,none,0,none,0,0,0,no_alert_unknown,no_alert_not_final_benign,-1,dns,port
2025-07-19T23:02:32.969217+0700,103.195.142.74,118.98.44.50,27929,53,UDP,dns,,222109350162580,wire/pcap,0,0,0,0,0,0.0,0,0,0,none,0,none,0,0,0,no_alert_unknown,no_alert_not_final_benign,-1,dns,port
2025-07-19T23:02:32.998877+0700,103.195.142.74,202.134.0.155,11782,53,UDP,dns,,68023110461672,wire/pcap,0,0,0,0,0,0.0,0,0,0,none,0,none,0,0,0,no_alert_unknown,no_alert_not_final_benign,-1,dns,port
2025-07-19T23:02:33.005557+0700,103.195.142.74,202.134.0.155,43512,53,UDP,dns,,305345499550214,wire/pcap,0,0,0,0,0,0.0,0,0,0,none,0,none,0,0,0,no_alert_unknown,no_alert_not_final_benign,-1,dns,port
2025-07-19T23:02:33.012312+0700,103.195.142.74,118.98.44.100,52484,53,UDP,dns,,334357001264200,wire/pcap,0,0,0,0,0,0.0,0,0,0,none,0,none,0,0,0,no_alert_unknown,no_alert_not_final_benign,-1,dns,port
2025-07-19T23:02:33.019093+0700,103.195.142.74,118.98.44.20,44932,53,UDP,dns,,363480247200860,wire/pcap,0,0,0,0,0,0.0,0,0,0,none,0,none,0,0,0,no_alert_unknown,no_alert_not_final_benign,-1,dns,port
2025-07-19T23:02:33.027541+0700,103.195.142.74,118.98.44.100,52575,53,UDP,dns,,399765142013885,wire/pcap,0,0,0,0,0,0.0,0,0,0,none,0,none,0,0,0,no_alert_unknown,no_alert_not_final_benign,-1,dns,port
2025-07-19T23:02:33.050514+0700,103.195.142.74,118.98.44.20,25754,53,UDP,dns,,498431754193346,wire/pcap,0,0,0,0,0,0.0,0,0,0,none,0,none,0,0,0,no_alert_unknown,no_alert_not_final_benign,-1,dns,port
2025-07-19T23:02:33.050515+0700,103.195.142.74,118.98.44.50,34193,53,UDP,dns,,498437723635274,wire/pcap,0,0,0,0,0,0.0,0,0,0,none,0,none,0,0,0,no_alert_unknown,no_alert_not_final_benign,-1,dns,port
2025-07-19T23:02:33.061999+0700,103.195.142.109,87.98.154.189,53,34053,UDP,flow,failed,650910999376522,,1,1,0,1437,0,0.0,1,1437,0,none,0,none,0,0,0,no_alert_unknown,no_alert_not_final_benign,-1,dns,port
2025-07-19T23:02:33.068531+0700,103.195.142.74,118.98.44.100,23735,53,UDP,dns,,294341985346905,wire/pcap,0,0,0,0,0,0.0,0,0,0,none,0,none,0,0,0,no_alert_unknown,no_alert_not_final_benign,-1,dns,port
2025-07-19T23:02:33.068611+0700,103.195.142.74,118.98.44.100,20842,53,UDP,dns,,294685563969800,wire/pcap,0,0,0,0,0,0.0,0,0,0,none,0,none,0,0,0,no_alert_unknown,no_alert_not_final_benign,-1,dns,port
2025-07-19T23:02:33.107581+0700,103.195.142.74,118.98.44.100,13391,53,UDP,dns,,462060616834828,wire/pcap,0,0,0,0,0,0.0,0,0,0,none,0,none,0,0,0,no_alert_unknown,no_alert_not_final_benign,-1,dns,port
2025-07-19T23:02:33.109408+0700,103.195.142.31,1.1.1.1,35780,53,UDP,dns,,469906559182324,wire/pcap,0,0,0,0,0,0.0,0,0,0,none,0,none,0,0,0,no_alert_unknown,no_alert_not_final_benign,-1,dns,port
2025-07-19T23:02:33.109779+0700,103.195.142.74,202.134.0.155,51952,53,UDP,dns,,471499811603275,wire/pcap,0,0,0,0,0,0.0,0,0,0,none,0,none,0,0,0,no_alert_unknown,no_alert_not_final_benign,-1,dns,port
2025-07-19T23:02:33.111720+0700,103.195.142.74,118.98.44.100,60456,53,UDP,dns,,479834679554665,wire/pcap,0,0,0,0,0,0.0,0,0,0,none,0,none,0,0,0,no_alert_unknown,no_alert_not_final_benign,-1,dns,port
2025-07-19T23:02:33.119373+0700,103.195.142.74,118.98.44.20,8501,53,UDP,dns,,512706892758510,wire/pcap,0,0,0,0,0,0.0,0,0,0,none,0,none,0,0,0,no_alert_unknown,no_alert_not_final_benign,-1,dns,port
2025-07-19T23:02:33.120424+0700,103.195.142.165,87.98.154.9,53,11592,UDP,flow,failed,18018703492205,,1,1,0,1437,0,0.0,1,1437,0,none,0,none,0,0,0,no_alert_unknown,no_alert_not_final_benign,-1,dns,port
2025-07-19T23:02:33.142011+0700,103.195.142.74,118.98.44.50,4989,53,UDP,dns,,328459469161159,wire/pcap,0,0,0,0,0,0.0,0,0,0,none,0,none,0,0,0,no_alert_unknown,no_alert_not_final_benign,-1,dns,port
2025-07-19T23:02:33.142137+0700,103.195.142.74,118.98.44.100,16912,53,UDP,dns,,329001757702902,wire/pcap,0,0,0,0,0,0.0,0,0,0,none,0,none,0,0,0,no_alert_unknown,no_alert_not_final_benign,-1,dns,port
2025-07-19T23:02:33.142441+0700,103.195.142.74,118.98.44.50,20206,53,UDP,dns,,330308576996306,wire/pcap,0,0,0,0,0,0.0,0,0,0,none,0,none,0,0,0,no_alert_unknown,no_alert_not_final_benign,-1,dns,port
2025-07-19T23:02:33.153691+0700,103.195.142.74,202.134.0.155,59461,53,UDP,dns,,378627043722699,wire/pcap,0,0,0,0,0,0.0,0,0,0,none,0,none,0,0,0,no_alert_unknown,no_alert_not_final_benign,-1,dns,port
2025-07-19T23:02:33.155260+0700,103.195.142.75,8.8.8.8,7350,53,UDP,dns,,385365829667434,wire/pcap,0,0,0,0,0,0.0,0,0,0,none,0,none,0,0,0,no_alert_unknown,no_alert_not_final_benign,-1,dns,port
2025-07-19T23:02:33.168420+0700,103.195.142.74,202.134.0.155,49130,53,UDP,dns,,441884174831858,wire/pcap,0,0,0,0,0,0.0,0,0,0,none,0,none,0,0,0,no_alert_unknown,no_alert_not_final_benign,-1,dns,port
2025-07-19T23:02:33.184302+0700,103.195.142.74,202.134.0.155,38392,53,UDP,dns,,510097722295390,wire/pcap,0,0,0,0,0,0.0,0,0,0,none,0,none,0,0,0,no_alert_unknown,no_alert_not_final_benign,-1,dns,port
2025-07-19T23:02:33.184404+0700,103.195.142.74,202.134.0.155,37392,53,UDP,dns,,510534409758395,wire/pcap,0,0,0,0,0,0.0,0,0,0,none,0,none,0,0,0,no_alert_unknown,no_alert_not_final_benign,-1,dns,port
2025-07-19T23:02:33.204780+0700,103.195.142.74,118.98.44.50,45405,53,UDP,dns,,316576453967349,wire/pcap,0,0,0,0,0,0.0,0,0,0,none,0,none,0,0,0,no_alert_unknown,no_alert_not_final_benign,-1,dns,port
2025-07-19T23:02:33.206899+0700,103.195.142.2,180.250.245.47,53,23791,UDP,flow,failed,356053236591060,,1,1,0,135,0,0.0,1,135,0,none,0,none,0,0,0,no_alert_unknown,no_alert_not_final_benign,-1,dns,port
2025-07-19T23:02:33.206967+0700,103.195.142.74,118.98.44.100,24847,53,UDP,dns,,325968175023138,wire/pcap,0,0,0,0,0,0.0,0,0,0,none,0,none,0,0,0,no_alert_unknown,no_alert_not_final_benign,-1,dns,port
2025-07-19T23:02:33.226385+0700,103.195.142.75,8.8.8.8,27924,53,UDP,dns,,409366491500645,wire/pcap,0,0,0,0,0,0.0,0,0,0,none,0,none,0,0,0,no_alert_unknown,no_alert_not_final_benign,-1,dns,port
2025-07-19T23:02:33.246432+0700,103.195.142.74,118.98.44.50,7036,53,UDP,dns,,495471014110851,wire/pcap,0,0,0,0,0,0.0,0,0,0,none,0,none,0,0,0,no_alert_unknown,no_alert_not_final_benign,-1,dns,port
2025-07-19T23:02:33.296928+0700,103.195.142.74,118.98.44.20,57597,53,UDP,dns,,430871265140711,wire/pcap,0,0,0,0,0,0.0,0,0,0,none,0,none,0,0,0,no_alert_unknown,no_alert_not_final_benign,-1,dns,port
2025-07-19T23:02:33.319610+0700,103.195.142.74,118.98.44.100,48592,53,UDP,dns,,528291525817474,wire/pcap,0,0,0,0,0,0.0,0,0,0,none,0,none,0,0,0,no_alert_unknown,no_alert_not_final_benign,-1,dns,port
2025-07-19T23:02:33.319733+0700,103.195.142.74,118.98.44.20,7782,53,UDP,dns,,528819521338883,wire/pcap,0,0,0,0,0,0.0,0,0,0,none,0,none,0,0,0,no_alert_unknown,no_alert_not_final_benign,-1,dns,port
2025-07-19T23:02:33.319770+0700,103.195.142.75,8.8.8.8,10178,53,UDP,dns,,528978696135620,wire/pcap,0,0,0,0,0,0.0,0,0,0,none,0,none,0,0,0,no_alert_unknown,no_alert_not_final_benign,-1,dns,port
2025-07-19T23:02:33.321037+0700,103.195.142.74,118.98.44.20,30574,53,UDP,flow,dns,289139495088750,,1,1,0,89,0,0.0,1,89,0,none,0,none,0,0,0,no_alert_unknown,no_alert_not_final_benign,-1,dns,app_proto+port
2025-07-19T23:02:33.321125+0700,103.195.142.195,87.98.154.64,53,1756,UDP,flow,failed,1762619063612034,,1,3,0,4311,0,10.0,3,4311,0,none,0,none,0,0,0,no_alert_unknown,no_alert_not_final_benign,-1,dns,port
2025-07-19T23:02:33.321216+0700,103.195.142.74,202.134.0.155,12680,53,UDP,flow,dns,309879723668250,,1,1,0,178,0,0.0,1,178,0,none,0,none,0,0,0,no_alert_unknown,no_alert_not_final_benign,-1,dns,app_proto+port
2025-07-19T23:02:33.321308+0700,103.195.142.46,87.98.154.119,53,39499,UDP,flow,failed,2063922304136102,,1,1,0,1437,0,0.0,1,1437,0,none,0,none,0,0,0,no_alert_unknown,no_alert_not_final_benign,-1,dns,port
2025-07-19T23:02:33.321331+0700,103.195.142.46,87.98.154.95,53,55619,UDP,flow,failed,515576696353707,,1,1,0,1437,0,0.0,1,1437,0,none,0,none,0,0,0,no_alert_unknown,no_alert_not_final_benign,-1,dns,port
2025-07-19T23:02:33.321470+0700,103.195.142.2,172.70.209.231,53,18484,UDP,flow,failed,495455118570481,,1,1,0,174,0,0.0,1,174,0,none,0,none,0,0,0,no_alert_unknown,no_alert_not_final_benign,-1,dns,port
2025-07-19T23:02:33.321616+0700,103.195.142.196,87.98.154.85,53,38432,UDP,flow,failed,2035056872731658,,1,1,0,1437,0,0.0,1,1437,0,none,0,none,0,0,0,no_alert_unknown,no_alert_not_final_benign,-1,dns,port
2025-07-19T23:02:33.321683+0700,103.195.142.196,87.98.154.119,53,10337,UDP,flow,failed,31717139363198,,1,1,0,1437,0,0.0,1,1437,0,none,0,none,0,0,0,no_alert_unknown,no_alert_not_final_benign,-1,dns,port
2025-07-19T23:02:33.321738+0700,103.195.142.109,87.98.154.118,53,29682,UDP,flow,failed,2137060360009095,,1,1,0,1437,0,0.0,1,1437,0,none,0,none,0,0,0,no_alert_unknown,no_alert_not_final_benign,-1,dns,port
2025-07-19T23:02:33.321905+0700,103.195.142.83,87.98.154.162,53,20187,UDP,flow,failed,303314174162315,,1,1,0,1190,0,0.0,1,1190,0,none,0,none,0,0,0,no_alert_unknown,no_alert_not_final_benign,-1,dns,port
2025-07-19T23:02:33.321956+0700,103.195.142.74,202.134.0.155,33315,53,UDP,flow,dns,390383964665396,,1,1,0,87,0,0.0,1,87,0,none,0,none,0,0,0,no_alert_unknown,no_alert_not_final_benign,-1,dns,app_proto+port
2025-07-19T23:02:33.321999+0700,103.195.142.165,87.98.154.65,53,31810,UDP,flow,failed,2172522944017977,,1,1,0,1437,0,0.0,1,1437,0,none,0,none,0,0,0,no_alert_unknown,no_alert_not_final_benign,-1,dns,port
2025-07-19T23:02:33.322083+0700,103.195.142.3,172.217.47.26,53,47472,UDP,flow,failed,111570499679894,,1,1,0,161,0,0.0,1,161,0,none,0,none,0,0,0,no_alert_unknown,no_alert_not_final_benign,-1,dns,port
2025-07-19T23:02:33.322151+0700,103.195.142.75,8.8.8.8,45830,53,UDP,flow,dns,2204346498496286,,1,1,0,86,0,0.0,1,86,0,none,0,none,0,0,0,no_alert_unknown,no_alert_not_final_benign,-1,dns,app_proto+port
2025-07-19T23:02:33.322184+0700,103.195.142.195,87.98.154.119,53,35106,UDP,flow,failed,42828367083364,,1,1,0,1437,0,0.0,1,1437,0,none,0,none,0,0,0,no_alert_unknown,no_alert_not_final_benign,-1,dns,port
2025-07-19T23:02:33.322206+0700,103.195.142.109,87.98.154.41,53,43428,UDP,flow,failed,386479404496744,,1,1,0,1437,0,0.0,1,1437,0,none,0,none,0,0,0,no_alert_unknown,no_alert_not_final_benign,-1,dns,port
2025-07-19T23:02:33.322284+0700,103.195.142.2,172.253.2.21,53,44568,UDP,flow,failed,444662069016713,,1,1,0,231,0,0.0,1,231,0,none,0,none,0,0,0,no_alert_unknown,no_alert_not_final_benign,-1,dns,port
2025-07-19T23:02:33.322317+0700,103.195.142.3,180.251.20.101,53,9921,UDP,flow,failed,473249412430012,,1,1,0,154,0,0.0,1,154,0,none,0,none,0,0,0,no_alert_unknown,no_alert_not_final_benign,-1,dns,port
2025-07-19T23:02:33.322337+0700,103.195.142.75,8.8.8.8,24366,53,UDP,flow,dns,2115925473114308,,1,1,0,205,0,0.0,1,205,0,none,0,none,0,0,0,no_alert_unknown,no_alert_not_final_benign,-1,dns,app_proto+port
2025-07-19T23:02:33.322357+0700,103.195.142.46,87.98.154.23,53,37138,UDP,flow,failed,512040136620237,,1,1,0,1437,0,0.0,1,1437,0,none,0,none,0,0,0,no_alert_unknown,no_alert_not_final_benign,-1,dns,port
2025-07-19T23:02:33.322399+0700,103.195.142.109,87.98.154.119,53,16274,UDP,flow,failed,357977232783795,,1,1,0,1437,0,0.0,1,1437,0,none,0,none,0,0,0,no_alert_unknown,no_alert_not_final_benign,-1,dns,port
2025-07-19T23:02:33.322430+0700,103.195.142.75,8.8.8.8,48534,53,UDP,flow,dns,198585693190581,,1,1,0,85,0,0.0,1,85,0,none,0,none,0,0,0,no_alert_unknown,no_alert_not_final_benign,-1,dns,app_proto+port
2025-07-19T23:02:33.322451+0700,103.195.142.195,87.98.154.119,53,60005,UDP,flow,failed,15356705257966,,1,1,0,1437,0,0.0,1,1437,0,none,0,none,0,0,0,no_alert_unknown,no_alert_not_final_benign,-1,dns,port
2025-07-19T23:02:33.322496+0700,103.195.142.76,87.98.154.50,53,8861,UDP,flow,failed,2214124326369791,,1,1,0,1469,0,0.0,1,1469,0,none,0,none,0,0,0,no_alert_unknown,no_alert_not_final_benign,-1,dns,port
2025-07-19T23:02:33.322516+0700,103.195.142.165,87.98.154.237,53,27979,UDP,flow,failed,330388979923550,,1,1,0,1437,0,0.0,1,1437,0,none,0,none,0,0,0,no_alert_unknown,no_alert_not_final_benign,-1,dns,port
2025-07-19T23:02:33.322586+0700,103.195.142.196,87.98.154.119,53,5017,UDP,flow,failed,94612169767616,,1,1,0,1437,0,0.0,1,1437,0,none,0,none,0,0,0,no_alert_unknown,no_alert_not_final_benign,-1,dns,port
2025-07-19T23:02:33.322605+0700,103.195.142.83,87.98.154.190,53,5959,UDP,flow,failed,217323296013017,,1,1,0,1190,0,0.0,1,1190,0,none,0,none,0,0,0,no_alert_unknown,no_alert_not_final_benign,-1,dns,port
2025-07-19T23:02:33.322660+0700,103.195.142.76,87.98.154.50,53,48101,UDP,flow,failed,2075654269319989,,1,1,0,1469,0,0.0,1,1469,0,none,0,none,0,0,0,no_alert_unknown,no_alert_not_final_benign,-1,dns,port
2025-07-19T23:02:33.322679+0700,103.195.142.83,87.98.154.119,53,40805,UDP,flow,failed,198554443332407,,1,1,0,1190,0,0.0,1,1190,0,none,0,none,0,0,0,no_alert_unknown,no_alert_not_final_benign,-1,dns,port
2025-07-19T23:02:33.322733+0700,103.195.142.3,173.252.107.133,53,47444,UDP,flow,failed,316261728009297,,1,1,0,174,0,0.0,1,174,0,none,0,none,0,0,0,no_alert_unknown,no_alert_not_final_benign,-1,dns,port
2025-07-19T23:02:33.322752+0700,103.195.142.196,87.98.154.57,53,39848,UDP,flow,failed,223671349361756,,1,1,0,1437,0,0.0,1,1437,0,none,0,none,0,0,0,no_alert_unknown,no_alert_not_final_benign,-1,dns,port
2025-07-19T23:02:33.322771+0700,103.195.142.74,118.98.44.20,21590,53,UDP,flow,dns,163595896634577,,1,1,0,211,0,0.0,1,211,0,none,0,none,0,0,0,no_alert_unknown,no_alert_not_final_benign,-1,dns,app_proto+port
2025-07-19T23:02:33.322819+0700,103.195.142.196,87.98.154.117,53,34481,UDP,flow,failed,2176727582981449,,1,1,0,1437,0,0.0,1,1437,0,none,0,none,0,0,0,no_alert_unknown,no_alert_not_final_benign,-1,dns,port
2025-07-19T23:02:33.322838+0700,103.195.142.74,202.134.0.155,63674,53,UDP,flow,dns,2114908226010506,,1,1,0,184,0,0.0,1,184,0,none,0,none,0,0,0,no_alert_unknown,no_alert_not_final_benign,-1,dns,app_proto+port
2025-07-19T23:02:33.322857+0700,103.195.142.195,87.98.154.119,53,11112,UDP,flow,failed,350508031032780,,1,1,0,1437,0,0.0,1,1437,0,none,0,none,0,0,0,no_alert_unknown,no_alert_not_final_benign,-1,dns,port
2025-07-19T23:02:33.322876+0700,103.195.142.165,87.98.154.119,53,5032,UDP,flow,failed,313652207304150,,1,1,0,1437,0,0.0,1,1437,0,none,0,none,0,0,0,no_alert_unknown,no_alert_not_final_benign,-1,dns,port
2025-07-19T23:02:33.322894+0700,103.195.142.196,87.98.154.119,53,18601,UDP,flow,failed,273028612177430,,1,1,0,1437,0,0.0,1,1437,0,none,0,none,0,0,0,no_alert_unknown,no_alert_not_final_benign,-1,dns,port
2025-07-19T23:02:33.322913+0700,103.195.142.76,87.98.154.118,53,29617,UDP,flow,failed,95997756063394,,1,1,0,1469,0,0.0,1,1469,0,none,0,none,0,0,0,no_alert_unknown,no_alert_not_final_benign,-1,dns,port
2025-07-19T23:02:33.322931+0700,103.195.142.76,87.98.154.119,53,15525,UDP,flow,failed,1973826464267988,,1,1,0,1469,0,0.0,1,1469,0,none,0,none,0,0,0,no_alert_unknown,no_alert_not_final_benign,-1,dns,port
2025-07-19T23:02:33.323010+0700,103.195.142.74,118.98.44.50,35753,53,UDP,flow,dns,2051747980984098,,1,1,0,91,0,0.0,1,91,0,none,0,none,0,0,0,no_alert_unknown,no_alert_not_final_benign,-1,dns,app_proto+port
2025-07-19T23:02:33.323068+0700,103.195.142.74,118.98.44.50,2427,53,UDP,flow,dns,2209536622018346,,1,1,0,80,0,0.0,1,80,0,none,0,none,0,0,0,no_alert_unknown,no_alert_not_final_benign,-1,dns,app_proto+port
2025-07-19T23:02:33.323109+0700,103.195.142.109,87.98.154.65,53,32568,UDP,flow,failed,384637955227436,,1,1,0,1437,0,0.0,1,1437,0,none,0,none,0,0,0,no_alert_unknown,no_alert_not_final_benign,-1,dns,port
2025-07-19T23:02:33.323146+0700,103.195.142.2,5.45.227.71,53,60619,UDP,flow,failed,284723156107077,,1,1,0,176,0,0.0,1,176,0,none,0,none,0,0,0,no_alert_unknown,no_alert_not_final_benign,-1,dns,port
2025-07-19T23:02:33.323189+0700,103.195.142.165,87.98.154.113,53,56753,UDP,flow,failed,1979470661041998,,1,1,0,1437,0,0.0,1,1437,0,none,0,none,0,0,0,no_alert_unknown,no_alert_not_final_benign,-1,dns,port
2025-07-19T23:02:33.323208+0700,103.195.142.75,8.8.8.8,4263,53,UDP,flow,dns,498745833570133,,1,1,0,75,0,0.0,1,75,0,none,0,none,0,0,0,no_alert_unknown,no_alert_not_final_benign,-1,dns,app_proto+port
2025-07-19T23:02:33.323228+0700,103.195.142.109,87.98.154.118,53,15833,UDP,flow,failed,193186398683030,,1,1,0,1437,0,0.0,1,1437,0,none,0,none,0,0,0,no_alert_unknown,no_alert_not_final_benign,-1,dns,port
2025-07-19T23:02:33.323246+0700,103.195.142.2,172.217.47.26,53,49174,UDP,flow,failed,509194164912056,,1,1,0,233,0,0.0,1,233,0,none,0,none,0,0,0,no_alert_unknown,no_alert_not_final_benign,-1,dns,port
2025-07-19T23:02:33.323265+0700,103.195.142.46,87.98.154.123,53,53013,UDP,flow,failed,436539718975459,,1,1,0,1437,0,0.0,1,1437,0,none,0,none,0,0,0,no_alert_unknown,no_alert_not_final_benign,-1,dns,port
2025-07-19T23:02:33.323309+0700,103.195.142.165,87.98.154.119,53,3174,UDP,flow,failed,198385616371782,,1,1,0,1437,0,0.0,1,1437,0,none,0,none,0,0,0,no_alert_unknown,no_alert_not_final_benign,-1,dns,port
2025-07-19T23:02:33.323328+0700,103.195.142.46,87.98.154.119,53,17653,UDP,flow,failed,137135086190703,,1,1,0,1437,0,0.0,1,1437,0,none,0,none,0,0,0,no_alert_unknown,no_alert_not_final_benign,-1,dns,port
2025-07-19T23:02:33.323347+0700,103.195.142.74,118.98.44.50,14035,53,UDP,flow,dns,2205009371676886,,1,1,0,86,0,0.0,1,86,0,none,0,none,0,0,0,no_alert_unknown,no_alert_not_final_benign,-1,dns,app_proto+port
2025-07-19T23:02:33.323413+0700,103.195.142.196,87.98.154.21,53,22411,UDP,flow,failed,2119451391377681,,1,1,0,1437,0,0.0,1,1437,0,none,0,none,0,0,0,no_alert_unknown,no_alert_not_final_benign,-1,dns,port
2025-07-19T23:02:33.323433+0700,103.195.142.3,112.215.37.218,53,3706,UDP,flow,failed,261398238216583,,1,1,0,127,0,0.0,1,127,0,none,0,none,0,0,0,no_alert_unknown,no_alert_not_final_benign,-1,dns,port
2025-07-19T23:02:33.323522+0700,103.195.142.195,87.98.154.92,53,45360,UDP,flow,failed,1468163323806155,,1,3,0,4311,0,10.0,3,4311,0,none,0,none,0,0,0,no_alert_unknown,no_alert_not_final_benign,-1,dns,port
2025-07-19T23:02:33.323540+0700,103.195.142.2,180.251.20.107,53,9921,UDP,flow,failed,403266021638684,,1,1,0,135,0,0.0,1,135,0,none,0,none,0,0,0,no_alert_unknown,no_alert_not_final_benign,-1,dns,port
2025-07-19T23:02:33.323559+0700,103.195.142.195,87.98.154.119,53,10440,UDP,flow,failed,118413115867773,,1,1,0,1437,0,0.0,1,1437,0,none,0,none,0,0,0,no_alert_unknown,no_alert_not_final_benign,-1,dns,port
2025-07-19T23:02:33.323625+0700,103.195.142.109,87.98.154.117,53,21618,UDP,flow,failed,269949581542509,,1,1,0,1437,0,0.0,1,1437,0,none,0,none,0,0,0,no_alert_unknown,no_alert_not_final_benign,-1,dns,port
2025-07-19T23:02:33.323662+0700,103.195.142.74,202.134.0.155,57865,53,UDP,flow,dns,445459198395623,,1,1,0,80,0,0.0,1,80,0,none,0,none,0,0,0,no_alert_unknown,no_alert_not_final_benign,-1,dns,app_proto+port
2025-07-19T23:02:33.323681+0700,103.195.142.74,118.98.44.100,46677,53,UDP,flow,dns,35917578454405,,1,1,0,82,0,0.0,1,82,0,none,0,none,0,0,0,no_alert_unknown,no_alert_not_final_benign,-1,dns,app_proto+port
2025-07-19T23:02:33.323746+0700,103.195.142.2,180.251.20.117,53,28621,UDP,flow,failed,335089689249305,,1,1,0,146,0,0.0,1,146,0,none,0,none,0,0,0,no_alert_unknown,no_alert_not_final_benign,-1,dns,port
2025-07-19T23:02:33.323828+0700,103.195.142.76,87.98.154.194,53,3717,UDP,flow,failed,1589452857034449,,1,3,0,4407,0,10.0,3,4407,0,none,0,none,0,0,0,no_alert_unknown,no_alert_not_final_benign,-1,dns,port
2025-07-19T23:02:33.323926+0700,103.195.142.195,87.98.154.119,53,43029,UDP,flow,failed,499831723935492,,1,1,0,1437,0,0.0,1,1437,0,none,0,none,0,0,0,no_alert_unknown,no_alert_not_final_benign,-1,dns,port
2025-07-19T23:02:33.324073+0700,103.195.142.46,87.98.154.119,53,15016,UDP,flow,failed,292103810795395,,1,1,0,1437,0,0.0,1,1437,0,none,0,none,0,0,0,no_alert_unknown,no_alert_not_final_benign,-1,dns,port
2025-07-19T23:02:33.324092+0700,103.195.142.83,87.98.154.119,53,14661,UDP,flow,failed,561954309359527,,1,1,0,1190,0,0.0,1,1190,0,none,0,none,0,0,0,no_alert_unknown,no_alert_not_final_benign,-1,dns,port
2025-07-19T23:02:33.324127+0700,103.195.142.109,87.98.154.217,53,27725,UDP,flow,failed,2190034212374521,,1,1,0,1437,0,0.0,1,1437,0,none,0,none,0,0,0,no_alert_unknown,no_alert_not_final_benign,-1,dns,port
2025-07-19T23:02:33.324153+0700,103.195.142.165,87.98.154.119,53,40354,UDP,flow,failed,2214040982145124,,1,1,0,1437,0,0.0,1,1437,0,none,0,none,0,0,0,no_alert_unknown,no_alert_not_final_benign,-1,dns,port
2025-07-19T23:02:33.324171+0700,103.195.142.75,8.8.8.8,40365,53,UDP,flow,dns,1977960985020533,,1,1,0,80,0,0.0,1,80,0,none,0,none,0,0,0,no_alert_unknown,no_alert_not_final_benign,-1,dns,app_proto+port
2025-07-19T23:02:33.324193+0700,103.195.142.76,87.98.154.118,53,56895,UDP,flow,failed,2042687906269479,,1,1,0,1469,0,0.0,1,1469,0,none,0,none,0,0,0,no_alert_unknown,no_alert_not_final_benign,-1,dns,port
2025-07-19T23:02:33.324212+0700,103.195.142.46,87.98.154.247,53,60892,UDP,flow,failed,2035441823992282,,1,1,0,1437,0,0.0,1,1437,0,none,0,none,0,0,0,no_alert_unknown,no_alert_not_final_benign,-1,dns,port
2025-07-19T23:02:33.324230+0700,103.195.142.46,87.98.154.19,53,50430,UDP,flow,failed,17335413459477,,1,1,0,1437,0,0.0,1,1437,0,none,0,none,0,0,0,no_alert_unknown,no_alert_not_final_benign,-1,dns,port
2025-07-19T23:02:33.324249+0700,103.195.142.74,118.98.44.50,48932,53,UDP,flow,dns,528290367621713,,1,1,0,87,0,0.0,1,87,0,none,0,none,0,0,0,no_alert_unknown,no_alert_not_final_benign,-1,dns,app_proto+port
2025-07-19T23:02:33.324269+0700,103.195.142.195,87.98.154.56,53,3254,UDP,flow,failed,314113358449254,,1,1,0,1437,0,0.0,1,1437,0,none,0,none,0,0,0,no_alert_unknown,no_alert_not_final_benign,-1,dns,port
2025-07-19T23:02:33.324356+0700,103.195.142.74,118.98.44.100,2049,53,UDP,flow,dns,2113070283442970,,1,1,0,83,0,0.0,1,83,0,none,0,none,0,0,0,no_alert_unknown,no_alert_not_final_benign,-1,dns,app_proto+port
2025-07-19T23:02:33.324398+0700,103.195.142.76,87.98.154.119,53,37961,UDP,flow,failed,2128866086439767,,1,1,0,1469,0,0.0,1,1469,0,none,0,none,0,0,0,no_alert_unknown,no_alert_not_final_benign,-1,dns,port
2025-07-19T23:02:33.324417+0700,103.195.142.165,87.98.154.177,53,43700,UDP,flow,failed,36284602010460,,1,1,0,1437,0,0.0,1,1437,0,none,0,none,0,0,0,no_alert_unknown,no_alert_not_final_benign,-1,dns,port
2025-07-19T23:02:33.324449+0700,103.195.142.74,118.98.44.20,29839,53,UDP,flow,dns,383598655327069,,1,1,0,87,0,0.0,1,87,0,none,0,none,0,0,0,no_alert_unknown,no_alert_not_final_benign,-1,dns,app_proto+port
2025-07-19T23:02:33.324522+0700,103.195.142.3,192.178.115.219,53,52407,UDP,flow,failed,2245733707566104,,1,1,0,159,0,0.0,1,159,0,none,0,none,0,0,0,no_alert_unknown,no_alert_not_final_benign,-1,dns,port
2025-07-19T23:02:33.324620+0700,103.195.142.76,87.98.154.119,53,52160,UDP,flow,failed,227237649075513,,1,1,0,1469,0,0.0,1,1469,0,none,0,none,0,0,0,no_alert_unknown,no_alert_not_final_benign,-1,dns,port
2025-07-19T23:02:33.324640+0700,103.195.142.109,87.98.154.133,53,43049,UDP,flow,failed,500974097681822,,1,1,0,1437,0,0.0,1,1437,0,none,0,none,0,0,0,no_alert_unknown,no_alert_not_final_benign,-1,dns,port
2025-07-19T23:02:33.324658+0700,103.195.142.196,87.98.154.193,53,63704,UDP,flow,failed,502061752733150,,1,1,0,1437,0,0.0,1,1437,0,none,0,none,0,0,0,no_alert_unknown,no_alert_not_final_benign,-1,dns,port
2025-07-19T23:02:33.324696+0700,103.195.142.165,87.98.154.119,53,34482,UDP,flow,failed,2186808355147333,,1,1,0,1437,0,0.0,1,1437,0,none,0,none,0,0,0,no_alert_unknown,no_alert_not_final_benign,-1,dns,port
2025-07-19T23:02:33.324715+0700,103.195.142.195,87.98.154.119,53,8594,UDP,flow,failed,442835093573193,,1,1,0,1437,0,0.0,1,1437,0,none,0,none,0,0,0,no_alert_unknown,no_alert_not_final_benign,-1,dns,port
2025-07-19T23:02:33.324762+0700,103.195.142.76,87.98.154.118,53,48446,UDP,flow,failed,414713397530278,,1,1,0,1469,0,0.0,1,1469,0,none,0,none,0,0,0,no_alert_unknown,no_alert_not_final_benign,-1,dns,port
2025-07-19T23:02:33.324800+0700,103.195.142.74,118.98.44.100,26516,53,UDP,flow,dns,523806285909763,,1,1,0,72,0,0.0,1,72,0,none,0,none,0,0,0,no_alert_unknown,no_alert_not_final_benign,-1,dns,app_proto+port
2025-07-19T23:02:33.324845+0700,103.195.142.109,87.98.154.117,53,58965,UDP,flow,failed,165279126278122,,1,1,0,1437,0,0.0,1,1437,0,none,0,none,0,0,0,no_alert_unknown,no_alert_not_final_benign,-1,dns,port
2025-07-19T23:02:33.324874+0700,103.195.142.83,87.98.154.46,53,32129,UDP,flow,failed,1998287607386131,,1,1,0,1190,0,0.0,1,1190,0,none,0,none,0,0,0,no_alert_unknown,no_alert_not_final_benign,-1,dns,port
2025-07-19T23:02:33.324898+0700,103.195.142.2,173.252.107.133,53,51566,UDP,flow,failed,385072104689693,,1,1,0,189,0,0.0,1,189,0,none,0,none,0,0,0,no_alert_unknown,no_alert_not_final_benign,-1,dns,port
2025-07-19T23:02:33.324994+0700,103.195.142.195,87.98.154.119,53,29723,UDP,flow,failed,2061656712302653,,1,1,0,1437,0,0.0,1,1437,0,none,0,none,0,0,0,no_alert_unknown,no_alert_not_final_benign,-1,dns,port
2025-07-19T23:02:33.325023+0700,103.195.142.165,87.98.154.119,53,48574,UDP,flow,failed,2003822344228963,,1,1,0,1437,0,0.0,1,1437,0,none,0,none,0,0,0,no_alert_unknown,no_alert_not_final_benign,-1,dns,port
2025-07-19T23:02:33.325141+0700,103.195.142.109,87.98.154.217,53,17173,UDP,flow,failed,419992872702160,,1,1,0,1437,0,0.0,1,1437,0,none,0,none,0,0,0,no_alert_unknown,no_alert_not_final_benign,-1,dns,port
2025-07-19T23:02:33.325335+0700,103.195.142.109,87.98.154.119,53,17003,UDP,flow,failed,2018154960212387,,1,1,0,1437,0,0.0,1,1437,0,none,0,none,0,0,0,no_alert_unknown,no_alert_not_final_benign,-1,dns,port
2025-07-19T23:02:33.325404+0700,103.195.142.76,87.98.154.119,53,27882,UDP,flow,failed,230565100081620,,1,1,0,1469,0,0.0,1,1469,0,none,0,none,0,0,0,no_alert_unknown,no_alert_not_final_benign,-1,dns,port
2025-07-19T23:02:33.325453+0700,103.195.142.165,87.98.154.118,53,43253,UDP,flow,failed,532524820615885,,1,1,0,1437,0,0.0,1,1437,0,none,0,none,0,0,0,no_alert_unknown,no_alert_not_final_benign,-1,dns,port
2025-07-19T23:02:33.325487+0700,103.195.142.75,8.8.8.8,7531,53,UDP,flow,dns,453492297519864,,1,1,0,76,0,0.0,1,76,0,none,0,none,0,0,0,no_alert_unknown,no_alert_not_final_benign,-1,dns,app_proto+port
2025-07-19T23:02:33.325528+0700,103.195.142.165,87.98.154.149,53,54376,UDP,flow,failed,316582651188096,,1,1,0,1437,0,0.0,1,1437,0,none,0,none,0,0,0,no_alert_unknown,no_alert_not_final_benign,-1,dns,port
2025-07-19T23:02:33.325547+0700,103.195.142.195,87.98.154.119,53,57944,UDP,flow,failed,324112389395344,,1,1,0,1437,0,0.0,1,1437,0,none,0,none,0,0,0,no_alert_unknown,no_alert_not_final_benign,-1,dns,port
2025-07-19T23:02:33.325597+0700,103.195.142.165,87.98.154.119,53,17940,UDP,flow,failed,68856064726114,,1,1,0,1437,0,0.0,1,1437,0,none,0,none,0,0,0,no_alert_unknown,no_alert_not_final_benign,-1,dns,port
2025-07-19T23:02:33.325616+0700,103.195.142.195,87.98.154.119,53,40020,UDP,flow,failed,342786555532418,,1,1,0,1437,0,0.0,1,1437,0,none,0,none,0,0,0,no_alert_unknown,no_alert_not_final_benign,-1,dns,port
2025-07-19T23:02:33.325709+0700,103.195.142.196,87.98.154.119,53,40265,UDP,flow,failed,456607094887719,,1,1,0,1437,0,0.0,1,1437,0,none,0,none,0,0,0,no_alert_unknown,no_alert_not_final_benign,-1,dns,port
2025-07-19T23:02:33.325793+0700,103.195.142.109,87.98.154.119,53,1437,UDP,flow,failed,559533374330338,,1,1,0,1437,0,0.0,1,1437,0,none,0,none,0,0,0,no_alert_unknown,no_alert_not_final_benign,-1,dns,port
2025-07-19T23:02:33.325811+0700,103.195.142.196,87.98.154.141,53,62474,UDP,flow,failed,10750683207226,,1,1,0,1437,0,0.0,1,1437,0,none,0,none,0,0,0,no_alert_unknown,no_alert_not_final_benign,-1,dns,port
2025-07-19T23:02:33.325836+0700,103.195.142.46,87.98.154.119,53,7967,UDP,flow,failed,548854090847835,,1,1,0,1437,0,0.0,1,1437,0,none,0,none,0,0,0,no_alert_unknown,no_alert_not_final_benign,-1,dns,port
2025-07-19T23:02:33.325878+0700,103.195.142.2,203.119.13.185,53,50789,UDP,flow,failed,336389614687934,,1,1,0,152,0,0.0,1,152,0,none,0,none,0,0,0,no_alert_unknown,no_alert_not_final_benign,-1,dns,port
2025-07-19T23:02:33.325941+0700,103.195.142.83,87.98.154.134,53,18411,UDP,flow,failed,1448936203769548,,1,3,0,3570,0,10.0,3,3570,0,none,0,none,0,0,0,no_alert_unknown,no_alert_not_final_benign,-1,dns,port
2025-07-19T23:02:33.325991+0700,103.195.142.196,87.98.154.119,53,19827,UDP,flow,failed,60670782887695,,1,1,0,1437,0,0.0,1,1437,0,none,0,none,0,0,0,no_alert_unknown,no_alert_not_final_benign,-1,dns,port
2025-07-19T23:02:33.326021+0700,103.195.142.195,87.98.154.119,53,55651,UDP,flow,failed,2128395153266490,,1,1,0,1437,0,0.0,1,1437,0,none,0,none,0,0,0,no_alert_unknown,no_alert_not_final_benign,-1,dns,port
2025-07-19T23:02:33.326040+0700,103.195.142.74,118.98.44.50,27525,53,UDP,flow,dns,10915412858872,,1,1,0,106,0,0.0,1,106,0,none,0,none,0,0,0,no_alert_unknown,no_alert_not_final_benign,-1,dns,app_proto+port
2025-07-19T23:02:33.326082+0700,103.195.142.196,87.98.154.119,53,53659,UDP,flow,failed,80172153395347,,1,1,0,1437,0,0.0,1,1437,0,none,0,none,0,0,0,no_alert_unknown,no_alert_not_final_benign,-1,dns,port
2025-07-19T23:02:33.326131+0700,103.195.142.195,87.98.154.119,53,55403,UDP,flow,failed,1984626100951282,,1,1,0,1437,0,0.0,1,1437,0,none,0,none,0,0,0,no_alert_unknown,no_alert_not_final_benign,-1,dns,port
2025-07-19T23:02:33.326152+0700,103.195.142.83,87.98.154.119,53,10010,UDP,flow,failed,217662363293946,,1,1,0,1190,0,0.0,1,1190,0,none,0,none,0,0,0,no_alert_unknown,no_alert_not_final_benign,-1,dns,port
2025-07-19T23:02:33.326170+0700,103.195.142.74,118.98.44.50,29255,53,UDP,flow,dns,2244555922102554,,1,1,0,75,0,0.0,1,75,0,none,0,none,0,0,0,no_alert_unknown,no_alert_not_final_benign,-1,dns,app_proto+port
2025-07-19T23:02:33.326191+0700,103.195.142.2,172.70.116.71,53,43663,UDP,flow,failed,2154421759727929,,1,1,0,210,0,0.0,1,210,0,none,0,none,0,0,0,no_alert_unknown,no_alert_not_final_benign,-1,dns,port
2025-07-19T23:02:33.326230+0700,103.195.142.196,87.98.154.145,53,10668,UDP,flow,failed,457561244391804,,1,1,0,1437,0,0.0,1,1437,0,none,0,none,0,0,0,no_alert_unknown,no_alert_not_final_benign,-1,dns,port
2025-07-19T23:02:33.326297+0700,103.195.142.74,202.134.0.155,4522,53,UDP,flow,dns,549024480516508,,1,1,0,96,0,0.0,1,96,0,none,0,none,0,0,0,no_alert_unknown,no_alert_not_final_benign,-1,dns,app_proto+port
2025-07-19T23:02:33.326340+0700,103.195.142.74,118.98.44.20,43673,53,UDP,flow,dns,2227675054168614,,1,1,0,93,0,0.0,1,93,0,none,0,none,0,0,0,no_alert_unknown,no_alert_not_final_benign,-1,dns,app_proto+port
2025-07-19T23:02:33.326371+0700,103.195.142.109,87.98.154.105,53,63774,UDP,flow,failed,1686832068516437,,1,3,0,4311,0,10.0,3,4311,0,none,0,none,0,0,0,no_alert_unknown,no_alert_not_final_benign,-1,dns,port
2025-07-19T23:02:33.326391+0700,103.195.142.74,202.134.0.155,11063,53,UDP,flow,dns,470074977442440,,1,1,0,78,0,0.0,1,78,0,none,0,none,0,0,0,no_alert_unknown,no_alert_not_final_benign,-1,dns,app_proto+port
2025-07-19T23:02:33.326415+0700,103.195.142.74,202.134.0.155,53640,53,UDP,flow,dns,471691997043358,,1,1,0,75,0,0.0,1,75,0,none,0,none,0,0,0,no_alert_unknown,no_alert_not_final_benign,-1,dns,app_proto+port
2025-07-19T23:02:33.326435+0700,103.195.142.196,87.98.154.119,53,28038,UDP,flow,failed,225575135435445,,1,1,0,1437,0,0.0,1,1437,0,none,0,none,0,0,0,no_alert_unknown,no_alert_not_final_benign,-1,dns,port
2025-07-19T23:02:33.326488+0700,103.195.142.46,87.98.154.119,53,59939,UDP,flow,failed,2032456892308331,,1,1,0,1437,0,0.0,1,1437,0,none,0,none,0,0,0,no_alert_unknown,no_alert_not_final_benign,-1,dns,port
2025-07-19T23:02:33.326513+0700,103.195.142.74,118.98.44.50,55988,53,UDP,flow,dns,439331994885060,,1,1,0,178,0,0.0,1,178,0,none,0,none,0,0,0,no_alert_unknown,no_alert_not_final_benign,-1,dns,app_proto+port
2025-07-19T23:02:33.326575+0700,103.195.142.195,87.98.154.119,53,15317,UDP,flow,failed,78027080096753,,1,1,0,1437,0,0.0,1,1437,0,none,0,none,0,0,0,no_alert_unknown,no_alert_not_final_benign,-1,dns,port
2025-07-19T23:02:33.326594+0700,103.195.142.196,87.98.154.119,53,20755,UDP,flow,failed,2193738283899893,,1,1,0,1437,0,0.0,1,1437,0,none,0,none,0,0,0,no_alert_unknown,no_alert_not_final_benign,-1,dns,port
2025-07-19T23:02:33.326645+0700,103.195.142.74,202.134.0.155,63217,53,UDP,flow,dns,317895193484407,,1,1,0,68,0,0.0,1,68,0,none,0,none,0,0,0,no_alert_unknown,no_alert_not_final_benign,-1,dns,app_proto+port
2025-07-19T23:02:33.326688+0700,103.195.142.74,202.134.0.155,43051,53,UDP,flow,dns,452688197344575,,1,1,0,78,0,0.0,1,78,0,none,0,none,0,0,0,no_alert_unknown,no_alert_not_final_benign,-1,dns,app_proto+port
2025-07-19T23:02:33.326731+0700,103.195.142.76,87.98.154.110,53,47539,UDP,flow,failed,9514572799529,,1,3,0,4407,0,9.0,3,4407,0,none,0,none,0,0,0,no_alert_unknown,no_alert_not_final_benign,-1,dns,port
2025-07-19T23:02:33.326762+0700,103.195.142.74,202.134.0.155,40738,53,UDP,flow,dns,288352954048118,,1,1,0,178,0,0.0,1,178,0,none,0,none,0,0,0,no_alert_unknown,no_alert_not_final_benign,-1,dns,app_proto+port
2025-07-19T23:02:33.326825+0700,103.195.142.75,8.8.8.8,41809,53,UDP,flow,dns,2175884842065630,,1,1,0,220,0,0.0,1,220,0,none,0,none,0,0,0,no_alert_unknown,no_alert_not_final_benign,-1,dns,app_proto+port
2025-07-19T23:02:33.326845+0700,103.195.142.83,87.98.154.119,53,28454,UDP,flow,failed,2043339486289699,,1,1,0,1190,0,0.0,1,1190,0,none,0,none,0,0,0,no_alert_unknown,no_alert_not_final_benign,-1,dns,port
2025-07-19T23:02:33.326915+0700,103.195.142.196,87.98.154.119,53,43289,UDP,flow,failed,171392886398762,,1,1,0,1437,0,0.0,1,1437,0,none,0,none,0,0,0,no_alert_unknown,no_alert_not_final_benign,-1,dns,port
2025-07-19T23:02:33.326936+0700,103.195.142.76,87.98.154.119,53,49186,UDP,flow,failed,24906894696401,,1,1,0,1469,0,0.0,1,1469,0,none,0,none,0,0,0,no_alert_unknown,no_alert_not_final_benign,-1,dns,port
2025-07-19T23:02:33.327001+0700,103.195.142.46,87.98.154.119,53,62167,UDP,flow,failed,527888689946719,,1,1,0,1437,0,0.0,1,1437,0,none,0,none,0,0,0,no_alert_unknown,no_alert_not_final_benign,-1,dns,port
2025-07-19T23:02:33.327060+0700,103.195.142.165,87.98.154.121,53,27008,UDP,flow,failed,404448533700883,,1,1,0,1437,0,0.0,1,1437,0,none,0,none,0,0,0,no_alert_unknown,no_alert_not_final_benign,-1,dns,port
2025-07-19T23:02:33.327118+0700,103.195.142.165,87.98.154.205,53,4767,UDP,flow,failed,2110594320392604,,1,1,0,1437,0,0.0,1,1437,0,none,0,none,0,0,0,no_alert_unknown,no_alert_not_final_benign,-1,dns,port
2025-07-19T23:02:33.327165+0700,103.195.142.76,87.98.154.222,53,29178,UDP,flow,failed,376529374568946,,1,1,0,1469,0,0.0,1,1469,0,none,0,none,0,0,0,no_alert_unknown,no_alert_not_final_benign,-1,dns,port
2025-07-19T23:02:33.327192+0700,103.195.142.74,118.98.44.100,2321,53,UDP,flow,dns,454737038762575,,1,1,0,76,0,0.0,1,76,0,none,0,none,0,0,0,no_alert_unknown,no_alert_not_final_benign,-1,dns,app_proto+port
2025-07-19T23:02:33.327213+0700,103.195.142.74,202.134.0.155,53013,53,UDP,flow,dns,2129924265108100,,1,1,0,75,0,0.0,1,75,0,none,0,none,0,0,0,no_alert_unknown,no_alert_not_final_benign,-1,dns,app_proto+port
2025-07-19T23:02:33.327233+0700,103.195.142.165,87.98.154.9,53,60826,UDP,flow,failed,14568642273938,,1,3,0,4311,0,9.0,3,4311,0,none,0,none,0,0,0,no_alert_unknown,no_alert_not_final_benign,-1,dns,port
2025-07-19T23:02:33.327270+0700,103.195.142.195,87.98.154.119,53,52121,UDP,flow,failed,404471339377353,,1,1,0,1437,0,0.0,1,1437,0,none,0,none,0,0,0,no_alert_unknown,no_alert_not_final_benign,-1,dns,port
2025-07-19T23:02:33.327289+0700,103.195.142.74,118.98.44.50,19151,53,UDP,flow,dns,434038124077849,,1,1,0,75,0,0.0,1,75,0,none,0,none,0,0,0,no_alert_unknown,no_alert_not_final_benign,-1,dns,app_proto+port
2025-07-19T23:02:33.327334+0700,103.195.142.3,172.253.9.219,53,44100,UDP,flow,failed,31532104770512,,1,1,0,160,0,0.0,1,160,0,none,0,none,0,0,0,no_alert_unknown,no_alert_not_final_benign,-1,dns,port
2025-07-19T23:02:33.327354+0700,103.195.142.83,87.98.154.119,53,15610,UDP,flow,failed,2207615256978401,,1,1,0,1190,0,0.0,1,1190,0,none,0,none,0,0,0,no_alert_unknown,no_alert_not_final_benign,-1,dns,port
2025-07-19T23:02:33.327453+0700,103.195.142.74,118.98.44.20,40740,53,UDP,flow,dns,258496477619470,,1,1,0,178,0,0.0,1,178,0,none,0,none,0,0,0,no_alert_unknown,no_alert_not_final_benign,-1,dns,app_proto+port
2025-07-19T23:02:33.327478+0700,103.195.142.165,87.98.154.119,53,5410,UDP,flow,failed,2205818147726617,,1,1,0,1437,0,0.0,1,1437,0,none,0,none,0,0,0,no_alert_unknown,no_alert_not_final_benign,-1,dns,port
2025-07-19T23:02:33.327497+0700,103.195.142.195,87.98.154.176,53,40280,UDP,flow,failed,132682119538147,,1,1,0,1437,0,0.0,1,1437,0,none,0,none,0,0,0,no_alert_unknown,no_alert_not_final_benign,-1,dns,port
2025-07-19T23:02:33.327559+0700,103.195.142.3,203.119.13.186,53,43683,UDP,flow,failed,492726977193614,,1,1,0,181,0,0.0,1,181,0,none,0,none,0,0,0,no_alert_unknown,no_alert_not_final_benign,-1,dns,port
2025-07-19T23:02:33.327578+0700,103.195.142.76,87.98.154.106,53,63463,UDP,flow,failed,2096117695473409,,1,1,0,1469,0,0.0,1,1469,0,none,0,none,0,0,0,no_alert_unknown,no_alert_not_final_benign,-1,dns,port
2025-07-19T23:02:33.327596+0700,103.195.142.2,172.70.213.64,53,12606,UDP,flow,failed,321012549904183,,1,1,0,131,0,0.0,1,131,0,none,0,none,0,0,0,no_alert_unknown,no_alert_not_final_benign,-1,dns,port
2025-07-19T23:02:33.327615+0700,103.195.142.74,118.98.44.100,61581,53,UDP,flow,dns,2086297974040397,,1,1,0,77,0,0.0,1,77,0,none,0,none,0,0,0,no_alert_unknown,no_alert_not_final_benign,-1,dns,app_proto+port
2025-07-19T23:02:33.327642+0700,103.195.142.74,118.98.44.20,60916,53,UDP,flow,dns,2024790299731955,,1,1,0,214,0,0.0,1,214,0,none,0,none,0,0,0,no_alert_unknown,no_alert_not_final_benign,-1,dns,app_proto+port
2025-07-19T23:02:33.327663+0700,103.195.142.46,87.98.154.119,53,58859,UDP,flow,failed,95330088871957,,1,1,0,1437,0,0.0,1,1437,0,none,0,none,0,0,0,no_alert_unknown,no_alert_not_final_benign,-1,dns,port
2025-07-19T23:02:33.327686+0700,103.195.142.74,118.98.44.20,37302,53,UDP,flow,dns,313314179836097,,1,1,0,250,0,0.0,1,250,0,none,0,none,0,0,0,no_alert_unknown,no_alert_not_final_benign,-1,dns,app_proto+port
2025-07-19T23:02:33.327707+0700,103.195.142.196,87.98.154.119,53,13908,UDP,flow,failed,2077436756257086,,1,1,0,1437,0,0.0,1,1437,0,none,0,none,0,0,0,no_alert_unknown,no_alert_not_final_benign,-1,dns,port
2025-07-19T23:02:33.327726+0700,103.195.142.83,87.98.154.119,53,5581,UDP,flow,failed,195217215547713,,1,1,0,1190,0,0.0,1,1190,0,none,0,none,0,0,0,no_alert_unknown,no_alert_not_final_benign,-1,dns,port
2025-07-19T23:02:33.327756+0700,103.195.142.109,87.98.154.119,53,5291,UDP,flow,failed,123534149839259,,1,1,0,1437,0,0.0,1,1437,0,none,0,none,0,0,0,no_alert_unknown,no_alert_not_final_benign,-1,dns,port
2025-07-19T23:02:33.327780+0700,103.195.142.109,87.98.154.119,53,6375,UDP,flow,failed,409289462933943,,1,1,0,1437,0,0.0,1,1437,0,none,0,none,0,0,0,no_alert_unknown,no_alert_not_final_benign,-1,dns,port
2025-07-19T23:02:33.327840+0700,103.195.142.109,87.98.154.161,53,16261,UDP,flow,failed,161799654697500,,1,1,0,1437,0,0.0,1,1437,0,none,0,none,0,0,0,no_alert_unknown,no_alert_not_final_benign,-1,dns,port
2025-07-19T23:02:33.327881+0700,103.195.142.2,173.252.107.133,53,5708,UDP,flow,failed,454944852765333,,1,1,0,146,0,0.0,1,146,0,none,0,none,0,0,0,no_alert_unknown,no_alert_not_final_benign,-1,dns,port
2025-07-19T23:02:33.327949+0700,103.195.142.165,87.98.154.109,53,45506,UDP,flow,failed,260492891941686,,1,1,0,1437,0,0.0,1,1437,0,none,0,none,0,0,0,no_alert_unknown,no_alert_not_final_benign,-1,dns,port
2025-07-19T23:02:33.327989+0700,103.195.142.83,87.98.154.218,53,11137,UDP,flow,failed,2007888332352390,,1,1,0,1190,0,0.0,1,1190,0,none,0,none,0,0,0,no_alert_unknown,no_alert_not_final_benign,-1,dns,port
2025-07-19T23:02:33.328007+0700,103.195.142.76,87.98.154.78,53,21216,UDP,flow,failed,89269951425454,,1,1,0,1469,0,0.0,1,1469,0,none,0,none,0,0,0,no_alert_unknown,no_alert_not_final_benign,-1,dns,port
2025-07-19T23:02:33.328044+0700,103.195.142.83,87.98.154.150,53,47121,UDP,flow,failed,92947293694941,,1,1,0,1190,0,0.0,1,1190,0,none,0,none,0,0,0,no_alert_unknown,no_alert_not_final_benign,-1,dns,port
2025-07-19T23:02:33.328088+0700,103.195.142.74,118.98.44.100,1681,53,UDP,flow,dns,139381905910808,,1,1,0,68,0,0.0,1,68,0,none,0,none,0,0,0,no_alert_unknown,no_alert_not_final_benign,-1,dns,app_proto+port
2025-07-19T23:02:33.328168+0700,103.195.142.74,118.98.44.20,48653,53,UDP,flow,dns,2214144102067269,,1,1,0,214,0,0.0,1,214,0,none,0,none,0,0,0,no_alert_unknown,no_alert_not_final_benign,-1,dns,app_proto+port
2025-07-19T23:02:33.328196+0700,103.195.142.109,87.98.154.133,53,49237,UDP,flow,failed,488343819152468,,1,1,0,1437,0,0.0,1,1437,0,none,0,none,0,0,0,no_alert_unknown,no_alert_not_final_benign,-1,dns,port
2025-07-19T23:02:33.328235+0700,103.195.142.46,87.98.154.163,53,34703,UDP,flow,failed,302228640197964,,1,1,0,1437,0,0.0,1,1437,0,none,0,none,0,0,0,no_alert_unknown,no_alert_not_final_benign,-1,dns,port
2025-07-19T23:02:33.328261+0700,103.195.142.75,8.8.8.8,6966,53,UDP,flow,dns,339115076382043,,1,1,0,68,0,0.0,1,68,0,none,0,none,0,0,0,no_alert_unknown,no_alert_not_final_benign,-1,dns,app_proto+port
2025-07-19T23:02:33.328282+0700,103.195.142.74,202.134.0.155,24171,53,UDP,flow,dns,457979170549095,,1,1,0,178,0,0.0,1,178,0,none,0,none,0,0,0,no_alert_unknown,no_alert_not_final_benign,-1,dns,app_proto+port
2025-07-19T23:02:33.328302+0700,103.195.142.83,87.98.154.119,53,32318,UDP,flow,failed,2082211516083561,,1,1,0,1190,0,0.0,1,1190,0,none,0,none,0,0,0,no_alert_unknown,no_alert_not_final_benign,-1,dns,port
2025-07-19T23:02:33.328321+0700,103.195.142.74,118.98.44.100,21065,53,UDP,flow,dns,333492330589547,,1,1,0,68,0,0.0,1,68,0,none,0,none,0,0,0,no_alert_unknown,no_alert_not_final_benign,-1,dns,app_proto+port
2025-07-19T23:02:33.328340+0700,103.195.142.74,118.98.44.20,37576,53,UDP,flow,dns,450386505264841,,1,1,0,116,0,0.0,1,116,0,none,0,none,0,0,0,no_alert_unknown,no_alert_not_final_benign,-1,dns,app_proto+port
2025-07-19T23:02:33.328360+0700,103.195.142.83,87.98.154.119,53,22263,UDP,flow,failed,359655874326349,,1,1,0,1190,0,0.0,1,1190,0,none,0,none,0,0,0,no_alert_unknown,no_alert_not_final_benign,-1,dns,port
2025-07-19T23:02:33.328427+0700,103.195.142.83,87.98.154.117,53,57125,UDP,flow,failed,2171362016391136,,1,1,0,1190,0,0.0,1,1190,0,none,0,none,0,0,0,no_alert_unknown,no_alert_not_final_benign,-1,dns,port
2025-07-19T23:02:33.328480+0700,103.195.142.195,87.98.154.64,53,15763,UDP,flow,failed,2041401821982842,,1,1,0,1437,0,0.0,1,1437,0,none,0,none,0,0,0,no_alert_unknown,no_alert_not_final_benign,-1,dns,port
2025-07-19T23:02:33.328529+0700,103.195.142.46,87.98.154.51,53,59624,UDP,flow,failed,201445854245152,,1,1,0,1437,0,0.0,1,1437,0,none,0,none,0,0,0,no_alert_unknown,no_alert_not_final_benign,-1,dns,port
2025-07-19T23:02:33.328622+0700,103.195.142.76,87.98.154.117,53,2046,UDP,flow,failed,480854371561933,,1,1,0,1469,0,0.0,1,1469,0,none,0,none,0,0,0,no_alert_unknown,no_alert_not_final_benign,-1,dns,port
2025-07-19T23:02:33.328641+0700,103.195.142.165,87.98.154.29,53,55183,UDP,flow,failed,560968818454997,,1,1,0,1437,0,0.0,1,1437,0,none,0,none,0,0,0,no_alert_unknown,no_alert_not_final_benign,-1,dns,port
2025-07-19T23:02:33.328692+0700,103.195.142.109,87.98.154.21,53,1295,UDP,flow,failed,74807927009835,,1,1,0,1437,0,0.0,1,1437,0,none,0,none,0,0,0,no_alert_unknown,no_alert_not_final_benign,-1,dns,port
2025-07-19T23:02:33.328786+0700,103.195.142.76,87.98.154.50,53,44843,UDP,flow,failed,325889308586752,,1,1,0,1469,0,0.0,1,1469,0,none,0,none,0,0,0,no_alert_unknown,no_alert_not_final_benign,-1,dns,port
2025-07-19T23:02:33.328840+0700,103.195.142.109,87.98.154.119,53,42333,UDP,flow,failed,122937897939995,,1,1,0,1437,0,0.0,1,1437,0,none,0,none,0,0,0,no_alert_unknown,no_alert_not_final_benign,-1,dns,port
2025-07-19T23:02:33.328850+0700,103.195.142.83,87.98.154.118,53,60621,UDP,flow,failed,294086102578215,,1,1,0,1190,0,0.0,1,1190,0,none,0,none,0,0,0,no_alert_unknown,no_alert_not_final_benign,-1,dns,port
2025-07-19T23:02:33.328860+0700,103.195.142.76,87.98.154.250,53,29366,UDP,flow,failed,134348605781036,,1,1,0,1469,0,0.0,1,1469,0,none,0,none,0,0,0,no_alert_unknown,no_alert_not_final_benign,-1,dns,port
2025-07-19T23:02:33.328885+0700,103.195.142.195,87.98.154.119,53,43679,UDP,flow,failed,2205084136076454,,1,1,0,1437,0,0.0,1,1437,0,none,0,none,0,0,0,no_alert_unknown,no_alert_not_final_benign,-1,dns,port
2025-07-19T23:02:33.328949+0700,103.195.142.196,87.98.154.119,53,59742,UDP,flow,failed,433112511509799,,1,1,0,1437,0,0.0,1,1437,0,none,0,none,0,0,0,no_alert_unknown,no_alert_not_final_benign,-1,dns,port
2025-07-19T23:02:33.328959+0700,103.195.142.109,87.98.154.119,53,49608,UDP,flow,failed,500924931077490,,1,1,0,1437,0,0.0,1,1437,0,none,0,none,0,0,0,no_alert_unknown,no_alert_not_final_benign,-1,dns,port
2025-07-19T23:02:33.328994+0700,103.195.142.165,87.98.154.233,53,13079,UDP,flow,failed,125222577337755,,1,1,0,1437,0,0.0,1,1437,0,none,0,none,0,0,0,no_alert_unknown,no_alert_not_final_benign,-1,dns,port
2025-07-19T23:02:33.329014+0700,103.195.142.46,87.98.154.247,53,36694,UDP,flow,failed,2035293126096415,,1,1,0,1437,0,0.0,1,1437,0,none,0,none,0,0,0,no_alert_unknown,no_alert_not_final_benign,-1,dns,port
2025-07-19T23:02:33.329024+0700,103.195.142.165,87.98.154.119,53,23502,UDP,flow,failed,228203981403680,,1,1,0,1437,0,0.0,1,1437,0,none,0,none,0,0,0,no_alert_unknown,no_alert_not_final_benign,-1,dns,port
2025-07-19T23:02:33.329034+0700,103.195.142.109,87.98.154.125,53,47303,UDP,flow,failed,1984639800669742,,1,1,0,1437,0,0.0,1,1437,0,none,0,none,0,0,0,no_alert_unknown,no_alert_not_final_benign,-1,dns,port
2025-07-19T23:02:33.329103+0700,103.195.142.2,172.217.44.217,53,36366,UDP,flow,failed,451393702885074,,1,1,0,160,0,0.0,1,160,0,none,0,none,0,0,0,no_alert_unknown,no_alert_not_final_benign,-1,dns,port
2025-07-19T23:02:33.329121+0700,103.195.142.196,87.98.154.29,53,55055,UDP,flow,failed,284661638330070,,1,1,0,1437,0,0.0,1,1437,0,none,0,none,0,0,0,no_alert_unknown,no_alert_not_final_benign,-1,dns,port
2025-07-19T23:02:33.329132+0700,103.195.142.74,118.98.44.50,13520,53,UDP,flow,dns,21340752410364,,1,1,0,68,0,0.0,1,68,0,none,0,none,0,0,0,no_alert_unknown,no_alert_not_final_benign,-1,dns,app_proto+port
2025-07-19T23:02:33.329167+0700,103.195.142.196,87.98.154.29,53,37030,UDP,flow,failed,297926082852850,,1,1,0,1437,0,0.0,1,1437,0,none,0,none,0,0,0,no_alert_unknown,no_alert_not_final_benign,-1,dns,port
2025-07-19T23:02:33.329200+0700,103.195.142.83,87.98.154.190,53,61216,UDP,flow,failed,256813951908078,,1,1,0,1190,0,0.0,1,1190,0,none,0,none,0,0,0,no_alert_unknown,no_alert_not_final_benign,-1,dns,port
2025-07-19T23:02:33.329221+0700,103.195.142.165,87.98.154.119,53,33856,UDP,flow,failed,373899867289933,,1,1,0,1437,0,0.0,1,1437,0,none,0,none,0,0,0,no_alert_unknown,no_alert_not_final_benign,-1,dns,port
2025-07-19T23:02:33.329234+0700,103.195.142.195,87.98.154.176,53,27964,UDP,flow,failed,93018643724643,,1,1,0,1437,0,0.0,1,1437,0,none,0,none,0,0,0,no_alert_unknown,no_alert_not_final_benign,-1,dns,port
2025-07-19T23:02:33.329243+0700,103.195.142.195,87.98.154.119,53,39188,UDP,flow,failed,187065547717008,,1,1,0,1437,0,0.0,1,1437,0,none,0,none,0,0,0,no_alert_unknown,no_alert_not_final_benign,-1,dns,port
2025-07-19T23:02:33.329253+0700,103.195.142.3,180.251.20.69,53,52173,UDP,flow,failed,394103325161980,,1,1,0,127,0,0.0,1,127,0,none,0,none,0,0,0,no_alert_unknown,no_alert_not_final_benign,-1,dns,port
2025-07-19T23:02:33.329263+0700,103.195.142.196,87.98.154.201,53,57213,UDP,flow,failed,2126106837088785,,1,3,0,4311,0,10.0,3,4311,0,none,0,none,0,0,0,no_alert_unknown,no_alert_not_final_benign,-1,dns,port
2025-07-19T23:02:33.329274+0700,103.195.142.76,87.98.154.119,53,55395,UDP,flow,failed,536529133402659,,1,1,0,1469,0,0.0,1,1469,0,none,0,none,0,0,0,no_alert_unknown,no_alert_not_final_benign,-1,dns,port
2025-07-19T23:02:33.329283+0700,103.195.142.74,118.98.44.50,1460,53,UDP,flow,dns,465715281296514,,1,1,0,68,0,0.0,1,68,0,none,0,none,0,0,0,no_alert_unknown,no_alert_not_final_benign,-1,dns,app_proto+port
2025-07-19T23:02:33.329294+0700,103.195.142.195,87.98.154.119,53,25840,UDP,flow,failed,111207507918032,,1,1,0,1437,0,0.0,1,1437,0,none,0,none,0,0,0,no_alert_unknown,no_alert_not_final_benign,-1,dns,port
2025-07-19T23:02:33.329304+0700,103.195.142.2,172.69.21.205,53,18243,UDP,flow,failed,6504917728518,,1,1,0,147,0,0.0,1,147,0,none,0,none,0,0,0,no_alert_unknown,no_alert_not_final_benign,-1,dns,port
2025-07-19T23:02:33.329327+0700,103.195.142.74,118.98.44.100,59743,53,UDP,flow,dns,10572049382703,,1,1,0,73,0,0.0,1,73,0,none,0,none,0,0,0,no_alert_unknown,no_alert_not_final_benign,-1,dns,app_proto+port
2025-07-19T23:02:33.329350+0700,103.195.142.74,118.98.44.100,45422,53,UDP,flow,dns,524466040503951,,1,1,0,107,0,0.0,1,107,0,none,0,none,0,0,0,no_alert_unknown,no_alert_not_final_benign,-1,dns,app_proto+port
2025-07-19T23:02:33.329371+0700,103.195.142.76,87.98.154.119,53,10889,UDP,flow,failed,164403182927718,,1,1,0,1469,0,0.0,1,1469,0,none,0,none,0,0,0,no_alert_unknown,no_alert_not_final_benign,-1,dns,port
2025-07-19T23:02:33.329382+0700,103.195.142.109,87.98.154.119,53,36744,UDP,flow,failed,62100019380130,,1,1,0,1437,0,0.0,1,1437,0,none,0,none,0,0,0,no_alert_unknown,no_alert_not_final_benign,-1,dns,port
2025-07-19T23:02:33.329425+0700,103.195.142.76,87.98.154.166,53,63951,UDP,flow,failed,1925565363093535,,1,3,0,4407,0,10.0,3,4407,0,none,0,none,0,0,0,no_alert_unknown,no_alert_not_final_benign,-1,dns,port
2025-07-19T23:02:33.329435+0700,103.195.142.74,202.134.0.155,61825,53,UDP,flow,dns,451342821196001,,1,1,0,78,0,0.0,1,78,0,none,0,none,0,0,0,no_alert_unknown,no_alert_not_final_benign,-1,dns,app_proto+port
2025-07-19T23:02:33.329470+0700,103.195.142.3,172.253.0.29,53,45124,UDP,flow,failed,558770594349369,,1,1,0,158,0,0.0,1,158,0,none,0,none,0,0,0,no_alert_unknown,no_alert_not_final_benign,-1,dns,port
2025-07-19T23:02:33.329504+0700,103.195.142.195,87.98.154.119,53,14309,UDP,flow,failed,409039757607610,,1,1,0,1437,0,0.0,1,1437,0,none,0,none,0,0,0,no_alert_unknown,no_alert_not_final_benign,-1,dns,port
2025-07-19T23:02:33.329547+0700,103.195.142.109,87.98.154.119,53,41730,UDP,flow,failed,69572421321855,,1,1,0,1437,0,0.0,1,1437,0,none,0,none,0,0,0,no_alert_unknown,no_alert_not_final_benign,-1,dns,port
2025-07-19T23:02:33.329557+0700,103.195.142.109,87.98.154.189,53,61145,UDP,flow,failed,75167897453801,,1,1,0,1437,0,0.0,1,1437,0,none,0,none,0,0,0,no_alert_unknown,no_alert_not_final_benign,-1,dns,port
2025-07-19T23:02:33.329592+0700,103.195.142.74,118.98.44.20,10567,53,UDP,flow,dns,398848397772557,,1,1,0,82,0,0.0,1,82,0,none,0,none,0,0,0,no_alert_unknown,no_alert_not_final_benign,-1,dns,app_proto+port
2025-07-19T23:02:33.329654+0700,103.195.142.76,87.98.154.119,53,5610,UDP,flow,failed,184775331907524,,1,1,0,1469,0,0.0,1,1469,0,none,0,none,0,0,0,no_alert_unknown,no_alert_not_final_benign,-1,dns,port
2025-07-19T23:02:33.329676+0700,103.195.142.83,87.98.154.119,53,53991,UDP,flow,failed,354040080730265,,1,1,0,1190,0,0.0,1,1190,0,none,0,none,0,0,0,no_alert_unknown,no_alert_not_final_benign,-1,dns,port
2025-07-19T23:02:33.329686+0700,103.195.142.195,87.98.154.120,53,34298,UDP,flow,failed,544055160244415,,1,1,0,1437,0,0.0,1,1437,0,none,0,none,0,0,0,no_alert_unknown,no_alert_not_final_benign,-1,dns,port
2025-07-19T23:02:33.329696+0700,103.195.142.165,87.98.154.119,53,53077,UDP,flow,failed,226500790880463,,1,1,0,1437,0,0.0,1,1437,0,none,0,none,0,0,0,no_alert_unknown,no_alert_not_final_benign,-1,dns,port
2025-07-19T23:02:33.329706+0700,103.195.142.74,118.98.44.20,58594,53,UDP,flow,dns,512269405227269,,1,1,0,89,0,0.0,1,89,0,none,0,none,0,0,0,no_alert_unknown,no_alert_not_final_benign,-1,dns,app_proto+port
2025-07-19T23:02:33.329717+0700,103.195.142.195,87.98.154.148,53,55123,UDP,flow,failed,246435692775698,,1,1,0,1437,0,0.0,1,1437,0,none,0,none,0,0,0,no_alert_unknown,no_alert_not_final_benign,-1,dns,port
2025-07-19T23:02:33.329741+0700,103.195.142.46,87.98.154.119,53,37529,UDP,flow,failed,379761040853368,,1,1,0,1437,0,0.0,1,1437,0,none,0,none,0,0,0,no_alert_unknown,no_alert_not_final_benign,-1,dns,port
2025-07-19T23:02:33.329793+0700,103.195.142.46,87.98.154.47,53,32143,UDP,flow,failed,274986580282187,,1,1,0,1437,0,0.0,1,1437,0,none,0,none,0,0,0,no_alert_unknown,no_alert_not_final_benign,-1,dns,port
2025-07-19T23:02:33.329803+0700,103.195.142.74,118.98.44.50,30550,53,UDP,flow,dns,393371908803585,,1,1,0,105,0,0.0,1,105,0,none,0,none,0,0,0,no_alert_unknown,no_alert_not_final_benign,-1,dns,app_proto+port
2025-07-19T23:02:33.329814+0700,103.195.142.3,203.119.13.190,53,35950,UDP,flow,failed,266487847619706,,1,1,0,145,0,0.0,1,145,0,none,0,none,0,0,0,no_alert_unknown,no_alert_not_final_benign,-1,dns,port
2025-07-19T23:02:33.329827+0700,103.195.142.196,87.98.154.119,53,8681,UDP,flow,failed,456058780028080,,1,1,0,1437,0,0.0,1,1437,0,none,0,none,0,0,0,no_alert_unknown,no_alert_not_final_benign,-1,dns,port
2025-07-19T23:02:33.329861+0700,103.195.142.74,118.98.44.50,37154,53,UDP,flow,dns,527749466394210,,1,1,0,87,0,0.0,1,87,0,none,0,none,0,0,0,no_alert_unknown,no_alert_not_final_benign,-1,dns,app_proto+port
2025-07-19T23:02:33.329879+0700,103.195.142.75,8.8.8.8,18099,53,UDP,flow,dns,145646240829060,,1,1,0,85,0,0.0,1,85,0,none,0,none,0,0,0,no_alert_unknown,no_alert_not_final_benign,-1,dns,app_proto+port
2025-07-19T23:02:33.351241+0700,103.195.142.74,118.98.44.100,52299,53,UDP,dns,,382672375172891,wire/pcap,0,0,0,0,0,0.0,0,0,0,none,0,none,0,0,0,no_alert_unknown,no_alert_not_final_benign,-1,dns,port
2025-07-19T23:02:33.351327+0700,103.195.142.74,118.98.44.100,5157,53,UDP,dns,,383042116322703,wire/pcap,0,0,0,0,0,0.0,0,0,0,none,0,none,0,0,0,no_alert_unknown,no_alert_not_final_benign,-1,dns,port
2025-07-19T23:02:33.371990+0700,103.195.142.74,118.98.44.50,63870,53,UDP,dns,,471788428709877,wire/pcap,0,0,0,0,0,0.0,0,0,0,none,0,none,0,0,0,no_alert_unknown,no_alert_not_final_benign,-1,dns,port
2025-07-19T23:02:33.375735+0700,103.195.142.75,8.8.8.8,4305,53,UDP,dns,,487871617440516,wire/pcap,0,0,0,0,0,0.0,0,0,0,none,0,none,0,0,0,no_alert_unknown,no_alert_not_final_benign,-1,dns,port
2025-07-19T23:02:33.399531+0700,103.195.142.75,216.38.8.120,39295,53,UDP,dns,,308598476850793,wire/pcap,0,0,0,0,0,0.0,0,0,0,none,0,none,0,0,0,no_alert_unknown,no_alert_not_final_benign,-1,dns,port
2025-07-19T23:02:33.409912+0700,103.195.142.74,118.98.44.20,54229,53,UDP,dns,,353185550892918,wire/pcap,0,0,0,0,0,0.0,0,0,0,none,0,none,0,0,0,no_alert_unknown,no_alert_not_final_benign,-1,dns,port
2025-07-19T23:02:33.432691+0700,103.195.142.74,118.98.44.50,60774,53,UDP,dns,,451020155987033,wire/pcap,0,0,0,0,0,0.0,0,0,0,none,0,none,0,0,0,no_alert_unknown,no_alert_not_final_benign,-1,dns,port
2025-07-19T23:02:33.454391+0700,103.195.142.74,202.134.0.155,35708,53,UDP,dns,,544223848481326,wire/pcap,0,0,0,0,0,0.0,0,0,0,none,0,none,0,0,0,no_alert_unknown,no_alert_not_final_benign,-1,dns,port
2025-07-19T23:02:33.454597+0700,103.195.142.75,8.8.8.8,53860,53,UDP,dns,,545104892281401,wire/pcap,0,0,0,0,0,0.0,0,0,0,none,0,none,0,0,0,no_alert_unknown,no_alert_not_final_benign,-1,dns,port
2025-07-19T23:02:33.470726+0700,103.195.142.74,50.116.34.34,7292,53,UDP,dns,,332905660415220,wire/pcap,0,0,0,0,0,0.0,0,0,0,none,0,none,0,0,0,no_alert_unknown,no_alert_not_final_benign,-1,dns,port
2025-07-19T23:02:33.475316+0700,103.195.142.74,202.134.0.155,55008,53,UDP,dns,,352616940495489,wire/pcap,0,0,0,0,0,0.0,0,0,0,none,0,none,0,0,0,no_alert_unknown,no_alert_not_final_benign,-1,dns,port
2025-07-19T23:02:33.475382+0700,103.195.142.74,118.98.44.50,42967,53,UDP,dns,,352901210561798,wire/pcap,0,0,0,0,0,0.0,0,0,0,none,0,none,0,0,0,no_alert_unknown,no_alert_not_final_benign,-1,dns,port
2025-07-19T23:02:33.494226+0700,103.195.142.74,118.98.44.20,60840,53,UDP,dns,,433836715304785,wire/pcap,0,0,0,0,0,0.0,0,0,0,none,0,none,0,0,0,no_alert_unknown,no_alert_not_final_benign,-1,dns,port
2025-07-19T23:02:33.494334+0700,103.195.142.74,202.134.0.155,55802,53,UDP,dns,,434301393765408,wire/pcap,0,0,0,0,0,0.0,0,0,0,none,0,none,0,0,0,no_alert_unknown,no_alert_not_final_benign,-1,dns,port
2025-07-19T23:02:33.496511+0700,103.195.142.74,118.98.44.100,44378,53,UDP,dns,,443649538933011,wire/pcap,0,0,0,0,0,0.0,0,0,0,none,0,none,0,0,0,no_alert_unknown,no_alert_not_final_benign,-1,dns,port
2025-07-19T23:02:33.498663+0700,103.195.142.74,118.98.44.100,1091,53,UDP,dns,,452892337261010,wire/pcap,0,0,0,0,0,0.0,0,0,0,none,0,none,0,0,0,no_alert_unknown,no_alert_not_final_benign,-1,dns,port
2025-07-19T23:02:33.499871+0700,103.195.142.74,118.98.44.50,50524,53,UDP,dns,,458083978215241,wire/pcap,0,0,0,0,0,0.0,0,0,0,none,0,none,0,0,0,no_alert_unknown,no_alert_not_final_benign,-1,dns,port
2025-07-19T23:02:33.502821+0700,103.195.142.75,216.38.8.120,14719,53,UDP,dns,,470751102243246,wire/pcap,0,0,0,0,0,0.0,0,0,0,none,0,none,0,0,0,no_alert_unknown,no_alert_not_final_benign,-1,dns,port
2025-07-19T23:02:33.531436+0700,103.195.142.75,8.8.8.8,55028,53,UDP,dns,,312176580445820,wire/pcap,0,0,0,0,0,0.0,0,0,0,none,0,none,0,0,0,no_alert_unknown,no_alert_not_final_benign,-1,dns,port
2025-07-19T23:02:33.543881+0700,103.195.142.74,118.98.44.100,41761,53,UDP,dns,,365628581058877,wire/pcap,0,0,0,0,0,0.0,0,0,0,none,0,none,0,0,0,no_alert_unknown,no_alert_not_final_benign,-1,dns,port
2025-07-19T23:02:33.544056+0700,103.195.142.74,118.98.44.100,20440,53,UDP,dns,,366382034890650,wire/pcap,0,0,0,0,0,0.0,0,0,0,none,0,none,0,0,0,no_alert_unknown,no_alert_not_final_benign,-1,dns,port
2025-07-19T23:02:33.606265+0700,103.195.142.75,8.8.8.8,16326,53,UDP,dns,,352090668655641,wire/pcap,0,0,0,0,0,0.0,0,0,0,none,0,none,0,0,0,no_alert_unknown,no_alert_not_final_benign,-1,dns,port
2025-07-19T23:02:33.610684+0700,103.195.142.74,118.98.44.20,16135,53,UDP,dns,,371070664143123,wire/pcap,0,0,0,0,0,0.0,0,0,0,none,0,none,0,0,0,no_alert_unknown,no_alert_not_final_benign,-1,dns,port
2025-07-19T23:02:33.610910+0700,103.195.142.74,118.98.44.50,28788,53,UDP,dns,,372041829823056,wire/pcap,0,0,0,0,0,0.0,0,0,0,none,0,none,0,0,0,no_alert_unknown,no_alert_not_final_benign,-1,dns,port
2025-07-19T23:02:33.613045+0700,103.195.142.75,8.8.8.8,41496,53,UDP,dns,,381211448547676,wire/pcap,0,0,0,0,0,0.0,0,0,0,none,0,none,0,0,0,no_alert_unknown,no_alert_not_final_benign,-1,dns,port
2025-07-19T23:02:33.657291+0700,103.195.142.74,118.98.44.20,53951,53,UDP,dns,,289769430539379,wire/pcap,0,0,0,0,0,0.0,0,0,0,none,0,none,0,0,0,no_alert_unknown,no_alert_not_final_benign,-1,dns,port
2025-07-19T23:02:33.664872+0700,103.195.142.31,8.8.8.8,4098,53,UDP,dns,,322332161486202,wire/pcap,0,0,0,0,0,0.0,0,0,0,none,0,none,0,0,0,no_alert_unknown,no_alert_not_final_benign,-1,dns,port
2025-07-19T23:02:33.675039+0700,103.195.142.75,8.8.8.8,36047,53,UDP,dns,,365998363067658,wire/pcap,0,0,0,0,0,0.0,0,0,0,none,0,none,0,0,0,no_alert_unknown,no_alert_not_final_benign,-1,dns,port
2025-07-19T23:02:33.676441+0700,103.195.142.75,8.8.8.8,40601,53,UDP,dns,,372019835139765,wire/pcap,0,0,0,0,0,0.0,0,0,0,none,0,none,0,0,0,no_alert_unknown,no_alert_not_final_benign,-1,dns,port
2025-07-19T23:02:33.676539+0700,103.195.142.74,118.98.44.100,57575,53,UDP,dns,,372441775150224,wire/pcap,0,0,0,0,0,0.0,0,0,0,none,0,none,0,0,0,no_alert_unknown,no_alert_not_final_benign,-1,dns,port
2025-07-19T23:02:33.680375+0700,103.195.142.74,118.98.44.20,38567,53,UDP,dns,,388916386923212,wire/pcap,0,0,0,0,0,0.0,0,0,0,none,0,none,0,0,0,no_alert_unknown,no_alert_not_final_benign,-1,dns,port
2025-07-19T23:02:33.684287+0700,103.195.142.74,118.98.44.50,35886,53,UDP,dns,,405716303433410,wire/pcap,0,0,0,0,0,0.0,0,0,0,none,0,none,0,0,0,no_alert_unknown,no_alert_not_final_benign,-1,dns,port
2025-07-19T23:02:33.716433+0700,103.195.142.74,202.134.0.155,31386,53,UDP,dns,,543781949465254,wire/pcap,0,0,0,0,0,0.0,0,0,0,none,0,none,0,0,0,no_alert_unknown,no_alert_not_final_benign,-1,dns,port
2025-07-19T23:02:33.724705+0700,103.195.142.74,118.98.44.50,37053,53,UDP,dns,,297837674493291,wire/pcap,0,0,0,0,0,0.0,0,0,0,none,0,none,0,0,0,no_alert_unknown,no_alert_not_final_benign,-1,dns,port
2025-07-19T23:02:33.733315+0700,103.195.142.74,118.98.44.50,22826,53,UDP,dns,,334814432457077,wire/pcap,0,0,0,0,0,0.0,0,0,0,none,0,none,0,0,0,no_alert_unknown,no_alert_not_final_benign,-1,dns,port
2025-07-19T23:02:33.733558+0700,103.195.142.74,118.98.44.20,43521,53,UDP,dns,,335860585424611,wire/pcap,0,0,0,0,0,0.0,0,0,0,none,0,none,0,0,0,no_alert_unknown,no_alert_not_final_benign,-1,dns,port
2025-07-19T23:02:33.733908+0700,103.195.142.74,202.134.0.155,4876,53,UDP,dns,,337361204245127,wire/pcap,0,0,0,0,0,0.0,0,0,0,none,0,none,0,0,0,no_alert_unknown,no_alert_not_final_benign,-1,dns,port
2025-07-19T23:02:33.734244+0700,103.195.142.74,118.98.44.20,27341,53,UDP,dns,,338804465154607,wire/pcap,0,0,0,0,0,0.0,0,0,0,none,0,none,0,0,0,no_alert_unknown,no_alert_not_final_benign,-1,dns,port
2025-07-19T23:02:33.751557+0700,103.195.142.74,118.98.44.20,28944,53,UDP,dns,,413164729120632,wire/pcap,0,0,0,0,0,0.0,0,0,0,none,0,none,0,0,0,no_alert_unknown,no_alert_not_final_benign,-1,dns,port
2025-07-19T23:02:33.760395+0700,103.195.142.74,118.98.44.50,41300,53,UDP,dns,,451125544671576,wire/pcap,0,0,0,0,0,0.0,0,0,0,none,0,none,0,0,0,no_alert_unknown,no_alert_not_final_benign,-1,dns,port
2025-07-19T23:02:33.773540+0700,103.195.142.75,8.8.8.8,48560,53,UDP,dns,,507579649611490,wire/pcap,0,0,0,0,0,0.0,0,0,0,none,0,none,0,0,0,no_alert_unknown,no_alert_not_final_benign,-1,dns,port
2025-07-19T23:02:33.809538+0700,103.195.142.74,202.134.0.155,45798,53,UDP,dns,,380718439451908,wire/pcap,0,0,0,0,0,0.0,0,0,0,none,0,none,0,0,0,no_alert_unknown,no_alert_not_final_benign,-1,dns,port
2025-07-19T23:02:33.819876+0700,103.195.142.74,202.134.0.155,42140,53,UDP,dns,,425117168504561,wire/pcap,0,0,0,0,0,0.0,0,0,0,none,0,none,0,0,0,no_alert_unknown,no_alert_not_final_benign,-1,dns,port
2025-07-19T23:02:33.842639+0700,103.195.142.74,202.134.0.155,30599,53,UDP,dns,,522883601460070,wire/pcap,0,0,0,0,0,0.0,0,0,0,none,0,none,0,0,0,no_alert_unknown,no_alert_not_final_benign,-1,dns,port
2025-07-19T23:02:33.842770+0700,103.195.142.74,118.98.44.20,9404,53,UDP,dns,,523446006348707,wire/pcap,0,0,0,0,0,0.0,0,0,0,none,0,none,0,0,0,no_alert_unknown,no_alert_not_final_benign,-1,dns,port
2025-07-19T23:02:33.842719+0700,103.195.142.74,202.134.0.155,27902,53,UDP,dns,,523228621060156,wire/pcap,0,0,0,0,0,0.0,0,0,0,none,0,none,0,0,0,no_alert_unknown,no_alert_not_final_benign,-1,dns,port
2025-07-19T23:02:33.850332+0700,103.195.142.74,118.98.44.50,28632,53,UDP,dns,,555927085211623,wire/pcap,0,0,0,0,0,0.0,0,0,0,none,0,none,0,0,0,no_alert_unknown,no_alert_not_final_benign,-1,dns,port
2025-07-19T23:02:33.850725+0700,103.195.142.74,118.98.44.100,20530,53,UDP,dns,,557613680877857,wire/pcap,0,0,0,0,0,0.0,0,0,0,none,0,none,0,0,0,no_alert_unknown,no_alert_not_final_benign,-1,dns,port
2025-07-19T23:02:33.850758+0700,103.195.142.74,118.98.44.20,3474,53,UDP,dns,,557756978033275,wire/pcap,0,0,0,0,0,0.0,0,0,0,none,0,none,0,0,0,no_alert_unknown,no_alert_not_final_benign,-1,dns,port
2025-07-19T23:02:33.856456+0700,103.195.142.74,202.134.0.155,58886,53,UDP,dns,,300752022362569,wire/pcap,0,0,0,0,0,0.0,0,0,0,none,0,none,0,0,0,no_alert_unknown,no_alert_not_final_benign,-1,dns,port
2025-07-19T23:02:33.857170+0700,103.195.142.74,118.98.44.50,18513,53,UDP,dns,,303817845871443,wire/pcap,0,0,0,0,0,0.0,0,0,0,none,0,none,0,0,0,no_alert_unknown,no_alert_not_final_benign,-1,dns,port
2025-07-19T23:02:33.857518+0700,103.195.142.74,118.98.44.20,51545,53,UDP,dns,,305315025462104,wire/pcap,0,0,0,0,0,0.0,0,0,0,none,0,none,0,0,0,no_alert_unknown,no_alert_not_final_benign,-1,dns,port
2025-07-19T23:02:33.874343+0700,103.195.142.74,118.98.44.100,28796,53,UDP,dns,,377576316105092,wire/pcap,0,0,0,0,0,0.0,0,0,0,none,0,none,0,0,0,no_alert_unknown,no_alert_not_final_benign,-1,dns,port
2025-07-19T23:02:33.875257+0700,103.195.142.74,118.98.44.20,64186,53,UDP,dns,,381502917461714,wire/pcap,0,0,0,0,0,0.0,0,0,0,none,0,none,0,0,0,no_alert_unknown,no_alert_not_final_benign,-1,dns,port
2025-07-19T23:02:33.902997+0700,103.195.142.74,202.134.0.155,10698,53,UDP,dns,,500646672374780,wire/pcap,0,0,0,0,0,0.0,0,0,0,none,0,none,0,0,0,no_alert_unknown,no_alert_not_final_benign,-1,dns,port
2025-07-19T23:02:33.909461+0700,103.195.142.74,118.98.44.20,29071,53,UDP,dns,,528408510917560,wire/pcap,0,0,0,0,0,0.0,0,0,0,none,0,none,0,0,0,no_alert_unknown,no_alert_not_final_benign,-1,dns,port
2025-07-19T23:02:33.909887+0700,103.195.142.74,118.98.44.100,58155,53,UDP,dns,,530235296799572,wire/pcap,0,0,0,0,0,0.0,0,0,0,none,0,none,0,0,0,no_alert_unknown,no_alert_not_final_benign,-1,dns,port
2025-07-19T23:02:33.912544+0700,103.195.142.74,118.98.44.50,1115,53,UDP,dns,,541647637424779,wire/pcap,0,0,0,0,0,0.0,0,0,0,none,0,none,0,0,0,no_alert_unknown,no_alert_not_final_benign,-1,dns,port
2025-07-19T23:02:33.916021+0700,103.195.142.108,8.8.8.8,1900,53,UDP,dns,,1216074754602613,wire/pcap,0,0,0,0,0,0.0,0,0,0,none,0,none,0,0,0,no_alert_unknown,no_alert_not_final_benign,-1,dns,port
2025-07-19T23:02:33.917662+0700,103.195.142.75,8.8.8.8,53347,53,UDP,flow,dns,462356416702245,,1,1,0,80,0,0.0,1,80,0,none,0,none,0,0,0,no_alert_unknown,no_alert_not_final_benign,-1,dns,app_proto+port
2025-07-19T23:02:33.918801+0700,103.195.142.74,202.134.0.155,52578,53,UDP,dns,,287049580158118,wire/pcap,0,0,0,0,0,0.0,0,0,0,none,0,none,0,0,0,no_alert_unknown,no_alert_not_final_benign,-1,dns,port
2025-07-19T23:02:33.918957+0700,103.195.142.75,8.8.8.8,3214,53,UDP,dns,,287718641805858,wire/pcap,0,0,0,0,0,0.0,0,0,0,none,0,none,0,0,0,no_alert_unknown,no_alert_not_final_benign,-1,dns,port
2025-07-19T23:02:33.929024+0700,103.195.142.74,118.98.44.50,62361,53,UDP,dns,,330953966791589,wire/pcap,0,0,0,0,0,0.0,0,0,0,none,0,none,0,0,0,no_alert_unknown,no_alert_not_final_benign,-1,dns,port
2025-07-19T23:02:33.929049+0700,103.195.142.75,8.8.8.8,33227,53,UDP,dns,,331062559497059,wire/pcap,0,0,0,0,0,0.0,0,0,0,none,0,none,0,0,0,no_alert_unknown,no_alert_not_final_benign,-1,dns,port
2025-07-19T23:02:33.933661+0700,103.195.142.74,118.98.44.50,12680,53,UDP,dns,,350872035204677,wire/pcap,0,0,0,0,0,0.0,0,0,0,none,0,none,0,0,0,no_alert_unknown,no_alert_not_final_benign,-1,dns,port
2025-07-19T23:02:33.954066+0700,103.195.142.75,208.74.124.194,63506,53,UDP,dns,,438510639463463,wire/pcap,0,0,0,0,0,0.0,0,0,0,none,0,none,0,0,0,no_alert_unknown,no_alert_not_final_benign,-1,dns,port
2025-07-19T23:02:33.962439+0700,103.195.142.74,118.98.44.20,21774,53,UDP,dns,,474469761871585,wire/pcap,0,0,0,0,0,0.0,0,0,0,none,0,none,0,0,0,no_alert_unknown,no_alert_not_final_benign,-1,dns,port
2025-07-19T23:02:33.965445+0700,103.195.142.74,118.98.44.50,21876,53,UDP,dns,,487383658904225,wire/pcap,0,0,0,0,0,0.0,0,0,0,none,0,none,0,0,0,no_alert_unknown,no_alert_not_final_benign,-1,dns,port
2025-07-19T23:02:33.991503+0700,103.195.142.74,118.98.44.20,61264,53,UDP,dns,,317825556117021,wire/pcap,0,0,0,0,0,0.0,0,0,0,none,0,none,0,0,0,no_alert_unknown,no_alert_not_final_benign,-1,dns,port
2025-07-19T23:02:34.009474+0700,103.195.142.75,8.8.8.8,14188,53,UDP,flow,dns,1080461752363851,,1,1,0,71,0,0.0,1,71,0,none,0,none,0,0,0,no_alert_unknown,no_alert_not_final_benign,-1,dns,app_proto+port
2025-07-19T23:02:34.013422+0700,103.195.142.74,118.98.44.100,23247,53,UDP,dns,,620597886383323,wire/pcap,0,0,0,0,0,0.0,0,0,0,none,0,none,0,0,0,no_alert_unknown,no_alert_not_final_benign,-1,dns,port
2025-07-19T23:02:34.030607+0700,103.195.142.3,180.250.245.7,53,7943,UDP,flow,failed,591541250980908,,1,1,0,154,0,0.0,1,154,0,none,0,none,0,0,0,no_alert_unknown,no_alert_not_final_benign,-1,dns,port
2025-07-19T23:02:34.038945+0700,103.195.142.74,118.98.44.100,19842,53,UDP,dns,,730221528754076,wire/pcap,0,0,0,0,0,0.0,0,0,0,none,0,none,0,0,0,no_alert_unknown,no_alert_not_final_benign,-1,dns,port
2025-07-19T23:02:34.051911+0700,103.195.142.75,8.8.8.8,37744,53,UDP,dns,,785908609072520,wire/pcap,0,0,0,0,0,0.0,0,0,0,none,0,none,0,0,0,no_alert_unknown,no_alert_not_final_benign,-1,dns,port
2025-07-19T23:02:34.053626+0700,103.195.142.74,50.116.34.34,52433,53,UDP,dns,,793272679564766,wire/pcap,0,0,0,0,0,0.0,0,0,0,none,0,none,0,0,0,no_alert_unknown,no_alert_not_final_benign,-1,dns,port
2025-07-19T23:02:34.055203+0700,103.195.142.75,8.8.8.8,4909,53,UDP,dns,,800049019925539,wire/pcap,0,0,0,0,0,0.0,0,0,0,none,0,none,0,0,0,no_alert_unknown,no_alert_not_final_benign,-1,dns,port
2025-07-19T23:02:34.064468+0700,103.195.142.74,118.98.44.50,4956,53,UDP,dns,,839841551403431,wire/pcap,0,0,0,0,0,0.0,0,0,0,none,0,none,0,0,0,no_alert_unknown,no_alert_not_final_benign,-1,dns,port
2025-07-19T23:02:34.076859+0700,103.195.142.74,202.134.0.155,61803,53,UDP,dns,,611583664805148,wire/pcap,0,0,0,0,0,0.0,0,0,0,none,0,none,0,0,0,no_alert_unknown,no_alert_not_final_benign,-1,dns,port
2025-07-19T23:02:34.077051+0700,103.195.142.74,202.134.0.155,42616,53,UDP,dns,,612407748479015,wire/pcap,0,0,0,0,0,0.0,0,0,0,none,0,none,0,0,0,no_alert_unknown,no_alert_not_final_benign,-1,dns,port
2025-07-19T23:02:34.077254+0700,103.195.142.74,118.98.44.100,41198,53,UDP,dns,,613281113715735,wire/pcap,0,0,0,0,0,0.0,0,0,0,none,0,none,0,0,0,no_alert_unknown,no_alert_not_final_benign,-1,dns,port
2025-07-19T23:02:34.083306+0700,103.195.142.74,118.98.44.50,22216,53,UDP,dns,,639273004085455,wire/pcap,0,0,0,0,0,0.0,0,0,0,none,0,none,0,0,0,no_alert_unknown,no_alert_not_final_benign,-1,dns,port
2025-07-19T23:02:34.085478+0700,103.195.142.76,87.98.154.74,53,37034,UDP,flow,failed,1104497587094248,,1,1,0,1469,0,0.0,1,1469,0,none,0,none,0,0,0,no_alert_unknown,no_alert_not_final_benign,-1,dns,port
2025-07-19T23:02:34.091237+0700,103.195.142.74,202.134.0.155,64951,53,UDP,dns,,673336047816435,wire/pcap,0,0,0,0,0,0.0,0,0,0,none,0,none,0,0,0,no_alert_unknown,no_alert_not_final_benign,-1,dns,port
2025-07-19T23:02:34.097259+0700,103.195.142.74,118.98.44.100,7856,53,UDP,dns,,699203046595123,wire/pcap,0,0,0,0,0,0.0,0,0,0,none,0,none,0,0,0,no_alert_unknown,no_alert_not_final_benign,-1,dns,port
2025-07-19T23:02:34.097332+0700,103.195.142.75,8.8.8.8,36897,53,UDP,dns,,699515990639147,wire/pcap,0,0,0,0,0,0.0,0,0,0,none,0,none,0,0,0,no_alert_unknown,no_alert_not_final_benign,-1,dns,port
2025-07-19T23:02:34.097455+0700,103.195.142.74,118.98.44.100,8845,53,UDP,dns,,700044160623164,wire/pcap,0,0,0,0,0,0.0,0,0,0,none,0,none,0,0,0,no_alert_unknown,no_alert_not_final_benign,-1,dns,port
2025-07-19T23:02:34.099397+0700,103.195.142.74,118.98.44.100,20908,53,UDP,dns,,708383800770214,wire/pcap,0,0,0,0,0,0.0,0,0,0,none,0,none,0,0,0,no_alert_unknown,no_alert_not_final_benign,-1,dns,port
2025-07-19T23:02:34.103156+0700,103.195.142.75,8.8.8.8,30802,53,UDP,dns,,724530199473574,wire/pcap,0,0,0,0,0,0.0,0,0,0,none,0,none,0,0,0,no_alert_unknown,no_alert_not_final_benign,-1,dns,port
2025-07-19T23:02:34.112166+0700,103.195.142.74,118.98.44.50,52254,53,UDP,dns,,763227770185581,wire/pcap,0,0,0,0,0,0.0,0,0,0,none,0,none,0,0,0,no_alert_unknown,no_alert_not_final_benign,-1,dns,port
2025-07-19T23:02:34.118858+0700,103.195.142.74,118.98.44.100,28184,53,UDP,dns,,791969477403528,wire/pcap,0,0,0,0,0,0.0,0,0,0,none,0,none,0,0,0,no_alert_unknown,no_alert_not_final_benign,-1,dns,port
2025-07-19T23:02:34.121731+0700,103.195.142.74,118.98.44.50,41759,53,UDP,dns,,804307208361091,wire/pcap,0,0,0,0,0,0.0,0,0,0,none,0,none,0,0,0,no_alert_unknown,no_alert_not_final_benign,-1,dns,port
2025-07-19T23:02:34.123415+0700,103.195.142.74,118.98.44.20,54053,53,UDP,dns,,811540482859168,wire/pcap,0,0,0,0,0,0.0,0,0,0,none,0,none,0,0,0,no_alert_unknown,no_alert_not_final_benign,-1,dns,port
2025-07-19T23:02:34.123887+0700,103.195.142.75,8.8.8.8,11444,53,UDP,dns,,813566042670895,wire/pcap,0,0,0,0,0,0.0,0,0,0,none,0,none,0,0,0,no_alert_unknown,no_alert_not_final_benign,-1,dns,port
2025-07-19T23:02:34.127418+0700,103.195.142.74,202.134.0.155,61808,53,UDP,dns,,828732024126799,wire/pcap,0,0,0,0,0,0.0,0,0,0,none,0,none,0,0,0,no_alert_unknown,no_alert_not_final_benign,-1,dns,port
2025-07-19T23:02:34.130637+0700,103.195.142.74,118.98.44.100,27700,53,UDP,dns,,842560651128494,wire/pcap,0,0,0,0,0,0.0,0,0,0,none,0,none,0,0,0,no_alert_unknown,no_alert_not_final_benign,-1,dns,port
2025-07-19T23:02:34.145383+0700,103.195.142.109,87.98.154.77,53,51688,UDP,flow,failed,1030784136599012,,1,1,0,1437,0,0.0,1,1437,0,none,0,none,0,0,0,no_alert_unknown,no_alert_not_final_benign,-1,dns,port
2025-07-19T23:02:34.147527+0700,103.195.142.74,202.134.0.155,43352,53,UDP,dns,,633624421805337,wire/pcap,0,0,0,0,0,0.0,0,0,0,none,0,none,0,0,0,no_alert_unknown,no_alert_not_final_benign,-1,dns,port
2025-07-19T23:02:34.159648+0700,103.195.142.74,202.134.0.155,48147,53,UDP,dns,,685684490147748,wire/pcap,0,0,0,0,0,0.0,0,0,0,none,0,none,0,0,0,no_alert_unknown,no_alert_not_final_benign,-1,dns,port
2025-07-19T23:02:34.176790+0700,103.195.142.75,8.8.8.8,34428,53,UDP,dns,,759311054250340,wire/pcap,0,0,0,0,0,0.0,0,0,0,none,0,none,0,0,0,no_alert_unknown,no_alert_not_final_benign,-1,dns,port
2025-07-19T23:02:34.204376+0700,103.195.142.74,202.134.0.155,8684,53,UDP,dns,,596316843900231,wire/pcap,0,0,0,0,0,0.0,0,0,0,none,0,none,0,0,0,no_alert_unknown,no_alert_not_final_benign,-1,dns,port
2025-07-19T23:02:34.215384+0700,103.195.142.31,8.8.8.8,39243,53,UDP,dns,,643596308354115,wire/pcap,0,0,0,0,0,0.0,0,0,0,none,0,none,0,0,0,no_alert_unknown,no_alert_not_final_benign,-1,dns,port
2025-07-19T23:02:34.222209+0700,103.195.142.76,87.98.154.126,53,8773,UDP,flow,failed,842942254219384,,1,1,0,1469,0,0.0,1,1469,0,none,0,none,0,0,0,no_alert_unknown,no_alert_not_final_benign,-1,dns,port
2025-07-19T23:02:34.248320+0700,103.195.142.74,118.98.44.100,58108,53,UDP,dns,,785051502035200,wire/pcap,0,0,0,0,0,0.0,0,0,0,none,0,none,0,0,0,no_alert_unknown,no_alert_not_final_benign,-1,dns,port
2025-07-19T23:02:34.253903+0700,103.195.142.74,118.98.44.100,7255,53,UDP,dns,,809031780621974,wire/pcap,0,0,0,0,0,0.0,0,0,0,none,0,none,0,0,0,no_alert_unknown,no_alert_not_final_benign,-1,dns,port
2025-07-19T23:02:34.287112+0700,103.195.142.75,8.8.8.8,9044,53,UDP,dns,,670190899227100,wire/pcap,0,0,0,0,0,0.0,0,0,0,none,0,none,0,0,0,no_alert_unknown,no_alert_not_final_benign,-1,dns,port
2025-07-19T23:02:34.287540+0700,103.195.142.74,118.98.44.50,2977,53,UDP,dns,,672025565851519,wire/pcap,0,0,0,0,0,0.0,0,0,0,none,0,none,0,0,0,no_alert_unknown,no_alert_not_final_benign,-1,dns,port
2025-07-19T23:02:34.287845+0700,103.195.142.74,118.98.44.100,1111,53,UDP,dns,,673335161053232,wire/pcap,0,0,0,0,0,0.0,0,0,0,none,0,none,0,0,0,no_alert_unknown,no_alert_not_final_benign,-1,dns,port
2025-07-19T23:02:34.288211+0700,103.195.142.74,118.98.44.100,65269,53,UDP,dns,,674910644393295,wire/pcap,0,0,0,0,0,0.0,0,0,0,none,0,none,0,0,0,no_alert_unknown,no_alert_not_final_benign,-1,dns,port
2025-07-19T23:02:34.288649+0700,103.195.142.74,118.98.44.20,52904,53,UDP,dns,,676791374240843,wire/pcap,0,0,0,0,0,0.0,0,0,0,none,0,none,0,0,0,no_alert_unknown,no_alert_not_final_benign,-1,dns,port
2025-07-19T23:02:34.303668+0700,103.195.142.195,87.98.154.118,53,1726,UDP,flow,failed,242687001988948,,1,1,0,1437,0,0.0,1,1437,0,none,0,none,0,0,0,no_alert_unknown,no_alert_not_final_benign,-1,dns,port
2025-07-19T23:02:34.303698+0700,103.195.142.76,87.98.154.119,53,52570,UDP,flow,failed,434024850689883,,1,1,0,1469,0,0.0,1,1469,0,none,0,none,0,0,0,no_alert_unknown,no_alert_not_final_benign,-1,dns,port
2025-07-19T23:02:34.303740+0700,103.195.142.196,87.98.154.217,53,21042,UDP,flow,failed,460765901000585,,1,1,0,1437,0,0.0,1,1437,0,none,0,none,0,0,0,no_alert_unknown,no_alert_not_final_benign,-1,dns,port
2025-07-19T23:02:34.303781+0700,103.195.142.83,87.98.154.134,53,28521,UDP,flow,failed,596710415437761,,1,1,0,1190,0,0.0,1,1190,0,none,0,none,0,0,0,no_alert_unknown,no_alert_not_final_benign,-1,dns,port
2025-07-19T23:02:34.303906+0700,103.195.142.109,87.98.154.133,53,55454,UDP,flow,failed,506414412239307,,1,1,0,1437,0,0.0,1,1437,0,none,0,none,0,0,0,no_alert_unknown,no_alert_not_final_benign,-1,dns,port
2025-07-19T23:02:34.303977+0700,103.195.142.109,87.98.154.119,53,42484,UDP,flow,failed,448742523769336,,1,1,0,1437,0,0.0,1,1437,0,none,0,none,0,0,0,no_alert_unknown,no_alert_not_final_benign,-1,dns,port
2025-07-19T23:02:34.304001+0700,103.195.142.75,8.8.8.8,60823,53,UDP,flow,dns,596944843346475,,1,1,0,82,0,0.0,1,82,0,none,0,none,0,0,0,no_alert_unknown,no_alert_not_final_benign,-1,dns,app_proto+port
2025-07-19T23:02:34.304134+0700,103.195.142.74,118.98.44.100,28113,53,UDP,flow,dns,706797527274320,,1,1,0,68,0,0.0,1,68,0,none,0,none,0,0,0,no_alert_unknown,no_alert_not_final_benign,-1,dns,app_proto+port
2025-07-19T23:02:34.304184+0700,103.195.142.2,180.251.20.101,53,50381,UDP,flow,failed,404269736629089,,1,1,0,189,0,0.0,1,189,0,none,0,none,0,0,0,no_alert_unknown,no_alert_not_final_benign,-1,dns,port
2025-07-19T23:02:34.304211+0700,103.195.142.109,87.98.154.105,53,44243,UDP,flow,failed,799614638461878,,1,1,0,1437,0,0.0,1,1437,0,none,0,none,0,0,0,no_alert_unknown,no_alert_not_final_benign,-1,dns,port
2025-07-19T23:02:34.304251+0700,103.195.142.109,87.98.154.161,53,45782,UDP,flow,failed,210253127783391,,1,1,0,1437,0,0.0,1,1437,0,none,0,none,0,0,0,no_alert_unknown,no_alert_not_final_benign,-1,dns,port
2025-07-19T23:02:34.304401+0700,103.195.142.109,87.98.154.221,53,26586,UDP,flow,failed,684704741954922,,1,1,0,1437,0,0.0,1,1437,0,none,0,none,0,0,0,no_alert_unknown,no_alert_not_final_benign,-1,dns,port
2025-07-19T23:02:34.304427+0700,103.195.142.74,118.98.44.20,21100,53,UDP,flow,dns,559388278232464,,1,1,0,75,0,0.0,1,75,0,none,0,none,0,0,0,no_alert_unknown,no_alert_not_final_benign,-1,dns,app_proto+port
2025-07-19T23:02:34.304471+0700,103.195.142.74,118.98.44.100,41740,53,UDP,flow,dns,108898077742516,,1,1,0,220,0,0.0,1,220,0,none,0,none,0,0,0,no_alert_unknown,no_alert_not_final_benign,-1,dns,app_proto+port
2025-07-19T23:02:34.304492+0700,103.195.142.196,87.98.154.117,53,18469,UDP,flow,failed,29010348971459,,1,1,0,1437,0,0.0,1,1437,0,none,0,none,0,0,0,no_alert_unknown,no_alert_not_final_benign,-1,dns,port
2025-07-19T23:02:34.304511+0700,103.195.142.74,118.98.44.20,39867,53,UDP,flow,dns,478278749951494,,1,1,0,74,0,0.0,1,74,0,none,0,none,0,0,0,no_alert_unknown,no_alert_not_final_benign,-1,dns,app_proto+port
2025-07-19T23:02:34.304533+0700,103.195.142.75,8.8.8.8,63243,53,UDP,flow,dns,634304018224688,,1,1,0,73,0,0.0,1,73,0,none,0,none,0,0,0,no_alert_unknown,no_alert_not_final_benign,-1,dns,app_proto+port
2025-07-19T23:02:34.304574+0700,103.195.142.3,180.250.244.233,53,16711,UDP,flow,failed,449876352538205,,1,1,0,154,0,0.0,1,154,0,none,0,none,0,0,0,no_alert_unknown,no_alert_not_final_benign,-1,dns,port
2025-07-19T23:02:34.304604+0700,103.195.142.75,8.8.8.8,32227,53,UDP,flow,dns,359137282266881,,1,1,0,80,0,0.0,1,80,0,none,0,none,0,0,0,no_alert_unknown,no_alert_not_final_benign,-1,dns,app_proto+port
2025-07-19T23:02:34.304666+0700,103.195.142.46,87.98.154.151,53,3980,UDP,flow,failed,150983820220423,,1,1,0,1437,0,0.0,1,1437,0,none,0,none,0,0,0,no_alert_unknown,no_alert_not_final_benign,-1,dns,port
2025-07-19T23:02:34.304714+0700,103.195.142.3,74.114.31.154,53,44465,UDP,flow,failed,77707689564276,,1,1,0,163,0,0.0,1,163,0,none,0,none,0,0,0,no_alert_unknown,no_alert_not_final_benign,-1,dns,port
2025-07-19T23:02:34.304746+0700,103.195.142.75,8.8.8.8,45792,53,UDP,flow,dns,430340920482019,,1,1,0,97,0,0.0,1,97,0,none,0,none,0,0,0,no_alert_unknown,no_alert_not_final_benign,-1,dns,app_proto+port
2025-07-19T23:02:34.304858+0700,103.195.142.3,180.250.121.138,53,31971,UDP,flow,failed,473126458399015,,1,1,0,154,0,0.0,1,154,0,none,0,none,0,0,0,no_alert_unknown,no_alert_not_final_benign,-1,dns,port
2025-07-19T23:02:34.304904+0700,103.195.142.2,172.69.133.155,53,25153,UDP,flow,failed,475083406088633,,1,1,0,131,0,0.0,1,131,0,none,0,none,0,0,0,no_alert_unknown,no_alert_not_final_benign,-1,dns,port
2025-07-19T23:02:34.304923+0700,103.195.142.165,87.98.154.205,53,35073,UDP,flow,failed,347000176417237,,1,1,0,1437,0,0.0,1,1437,0,none,0,none,0,0,0,no_alert_unknown,no_alert_not_final_benign,-1,dns,port
2025-07-19T23:02:34.304989+0700,103.195.142.76,87.98.154.54,53,30097,UDP,flow,failed,587033690282618,,1,1,0,1469,0,0.0,1,1469,0,none,0,none,0,0,0,no_alert_unknown,no_alert_not_final_benign,-1,dns,port
2025-07-19T23:02:34.305034+0700,103.195.142.74,118.98.44.20,50031,53,UDP,flow,dns,746787581827814,,1,1,0,98,0,0.0,1,98,0,none,0,none,0,0,0,no_alert_unknown,no_alert_not_final_benign,-1,dns,app_proto+port
2025-07-19T23:02:34.305080+0700,103.195.142.83,87.98.154.119,53,40290,UDP,flow,failed,793602547751791,,1,1,0,1190,0,0.0,1,1190,0,none,0,none,0,0,0,no_alert_unknown,no_alert_not_final_benign,-1,dns,port
2025-07-19T23:02:34.305138+0700,103.195.142.74,202.134.0.155,53848,53,UDP,flow,dns,495386291575755,,1,1,0,90,0,0.0,1,90,0,none,0,none,0,0,0,no_alert_unknown,no_alert_not_final_benign,-1,dns,app_proto+port
2025-07-19T23:02:34.305160+0700,103.195.142.83,87.98.154.50,53,51601,UDP,flow,failed,155154653879247,,1,1,0,1190,0,0.0,1,1190,0,none,0,none,0,0,0,no_alert_unknown,no_alert_not_final_benign,-1,dns,port
2025-07-19T23:02:34.305200+0700,103.195.142.3,112.215.37.218,53,3700,UDP,flow,failed,259433636404303,,1,1,0,135,0,0.0,1,135,0,none,0,none,0,0,0,no_alert_unknown,no_alert_not_final_benign,-1,dns,port
2025-07-19T23:02:34.305238+0700,103.195.142.196,87.98.154.57,53,8078,UDP,flow,failed,249639260101771,,1,1,0,1437,0,0.0,1,1437,0,none,0,none,0,0,0,no_alert_unknown,no_alert_not_final_benign,-1,dns,port
2025-07-19T23:02:34.305325+0700,103.195.142.74,202.134.0.155,38899,53,UDP,flow,dns,585129826098573,,1,1,0,80,0,0.0,1,80,0,none,0,none,0,0,0,no_alert_unknown,no_alert_not_final_benign,-1,dns,app_proto+port
2025-07-19T23:02:34.305424+0700,103.195.142.2,180.251.20.104,53,47069,UDP,flow,failed,473348566065055,,1,1,0,174,0,0.0,1,174,0,none,0,none,0,0,0,no_alert_unknown,no_alert_not_final_benign,-1,dns,port
2025-07-19T23:02:34.305462+0700,103.195.142.74,118.98.44.50,22384,53,UDP,flow,dns,765008723091428,,1,1,0,90,0,0.0,1,90,0,none,0,none,0,0,0,no_alert_unknown,no_alert_not_final_benign,-1,dns,app_proto+port
2025-07-19T23:02:34.305540+0700,103.195.142.74,118.98.44.100,47796,53,UDP,flow,dns,790305779982815,,1,1,0,79,0,0.0,1,79,0,none,0,none,0,0,0,no_alert_unknown,no_alert_not_final_benign,-1,dns,app_proto+port
2025-07-19T23:02:34.305468+0700,103.195.142.74,118.98.44.20,26425,53,UDP,dns,,749026236634165,wire/pcap,0,0,0,0,0,0.0,0,0,0,none,0,none,0,0,0,no_alert_unknown,no_alert_not_final_benign,-1,dns,port
2025-07-19T23:02:34.305581+0700,103.195.142.2,180.250.244.240,53,56071,UDP,flow,failed,450116419363309,,1,1,0,154,0,0.0,1,154,0,none,0,none,0,0,0,no_alert_unknown,no_alert_not_final_benign,-1,dns,port
2025-07-19T23:02:34.305647+0700,103.195.142.2,180.250.121.182,53,6447,UDP,flow,failed,473181111362038,,1,1,0,174,0,0.0,1,174,0,none,0,none,0,0,0,no_alert_unknown,no_alert_not_final_benign,-1,dns,port
2025-07-19T23:02:34.305693+0700,103.195.142.3,162.158.89.35,53,10382,UDP,flow,failed,122113276944941,,1,1,0,174,0,0.0,1,174,0,none,0,none,0,0,0,no_alert_unknown,no_alert_not_final_benign,-1,dns,port
2025-07-19T23:02:34.305721+0700,103.195.142.75,8.8.8.8,9509,53,UDP,flow,dns,770541584425566,,1,1,0,178,0,0.0,1,178,0,none,0,none,0,0,0,no_alert_unknown,no_alert_not_final_benign,-1,dns,app_proto+port
2025-07-19T23:02:34.305790+0700,103.195.142.165,87.98.154.119,53,58278,UDP,flow,failed,206111182725744,,1,1,0,1437,0,0.0,1,1437,0,none,0,none,0,0,0,no_alert_unknown,no_alert_not_final_benign,-1,dns,port
2025-07-19T23:02:34.305834+0700,103.195.142.3,5.45.227.71,53,15385,UDP,flow,failed,312469837030018,,1,1,0,133,0,0.0,1,133,0,none,0,none,0,0,0,no_alert_unknown,no_alert_not_final_benign,-1,dns,port
2025-07-19T23:02:34.305908+0700,103.195.142.74,118.98.44.100,53737,53,UDP,flow,dns,22754448220806,,1,1,0,94,0,0.0,1,94,0,none,0,none,0,0,0,no_alert_unknown,no_alert_not_final_benign,-1,dns,app_proto+port
2025-07-19T23:02:34.305935+0700,103.195.142.196,87.98.154.189,53,44105,UDP,flow,failed,734444600730289,,1,1,0,1437,0,0.0,1,1437,0,none,0,none,0,0,0,no_alert_unknown,no_alert_not_final_benign,-1,dns,port
2025-07-19T23:02:34.305954+0700,103.195.142.74,118.98.44.20,46285,53,UDP,flow,dns,751736896332468,,1,1,0,88,0,0.0,1,88,0,none,0,none,0,0,0,no_alert_unknown,no_alert_not_final_benign,-1,dns,app_proto+port
2025-07-19T23:02:34.305974+0700,103.195.142.109,87.98.154.69,53,41171,UDP,flow,failed,291142613443296,,1,1,0,1437,0,0.0,1,1437,0,none,0,none,0,0,0,no_alert_unknown,no_alert_not_final_benign,-1,dns,port
2025-07-19T23:02:34.305994+0700,103.195.142.46,87.98.154.119,53,61571,UDP,flow,failed,106487640138543,,1,1,0,1437,0,0.0,1,1437,0,none,0,none,0,0,0,no_alert_unknown,no_alert_not_final_benign,-1,dns,port
2025-07-19T23:02:34.306036+0700,103.195.142.74,202.134.0.155,38413,53,UDP,flow,dns,723214865965874,,1,1,0,98,0,0.0,1,98,0,none,0,none,0,0,0,no_alert_unknown,no_alert_not_final_benign,-1,dns,app_proto+port
2025-07-19T23:02:34.306057+0700,103.195.142.195,87.98.154.236,53,33672,UDP,flow,failed,462482422604637,,1,3,0,4311,0,9.0,3,4311,0,none,0,none,0,0,0,no_alert_unknown,no_alert_not_final_benign,-1,dns,port
2025-07-19T23:02:34.306127+0700,103.195.142.76,87.98.154.250,53,2889,UDP,flow,failed,62867120759792,,1,1,0,1469,0,0.0,1,1469,0,none,0,none,0,0,0,no_alert_unknown,no_alert_not_final_benign,-1,dns,port
2025-07-19T23:02:34.306173+0700,103.195.142.165,87.98.154.121,53,10817,UDP,flow,failed,436378709108039,,1,1,0,1437,0,0.0,1,1437,0,none,0,none,0,0,0,no_alert_unknown,no_alert_not_final_benign,-1,dns,port
2025-07-19T23:02:34.306192+0700,103.195.142.74,118.98.44.50,27583,53,UDP,flow,dns,309228175598935,,1,1,0,82,0,0.0,1,82,0,none,0,none,0,0,0,no_alert_unknown,no_alert_not_final_benign,-1,dns,app_proto+port
2025-07-19T23:02:34.306213+0700,103.195.142.109,87.98.154.189,53,42519,UDP,flow,failed,21275276912037,,1,1,0,1437,0,0.0,1,1437,0,none,0,none,0,0,0,no_alert_unknown,no_alert_not_final_benign,-1,dns,port
2025-07-19T23:02:34.306231+0700,103.195.142.83,87.98.154.42,53,13757,UDP,flow,failed,698638828873134,,1,1,0,1190,0,0.0,1,1190,0,none,0,none,0,0,0,no_alert_unknown,no_alert_not_final_benign,-1,dns,port
2025-07-19T23:02:34.306299+0700,103.195.142.83,87.98.154.119,53,56783,UDP,flow,failed,435010765235689,,1,1,0,1190,0,0.0,1,1190,0,none,0,none,0,0,0,no_alert_unknown,no_alert_not_final_benign,-1,dns,port
2025-07-19T23:02:34.306339+0700,103.195.142.196,87.98.154.119,53,61996,UDP,flow,failed,666396271421020,,1,1,0,1437,0,0.0,1,1437,0,none,0,none,0,0,0,no_alert_unknown,no_alert_not_final_benign,-1,dns,port
2025-07-19T23:02:34.306358+0700,103.195.142.74,118.98.44.50,1876,53,UDP,flow,dns,681741490038543,,1,1,0,178,0,0.0,1,178,0,none,0,none,0,0,0,no_alert_unknown,no_alert_not_final_benign,-1,dns,app_proto+port
2025-07-19T23:02:34.306392+0700,103.195.142.83,87.98.154.250,53,25903,UDP,flow,failed,754383636178715,,1,1,0,1190,0,0.0,1,1190,0,none,0,none,0,0,0,no_alert_unknown,no_alert_not_final_benign,-1,dns,port
2025-07-19T23:02:34.306476+0700,103.195.142.46,87.98.154.119,53,59579,UDP,flow,failed,669107297822524,,1,1,0,1437,0,0.0,1,1437,0,none,0,none,0,0,0,no_alert_unknown,no_alert_not_final_benign,-1,dns,port
2025-07-19T23:02:34.306586+0700,103.195.142.74,118.98.44.20,31826,53,UDP,flow,dns,557656136263662,,1,1,0,80,0,0.0,1,80,0,none,0,none,0,0,0,no_alert_unknown,no_alert_not_final_benign,-1,dns,app_proto+port
2025-07-19T23:02:34.306606+0700,103.195.142.75,8.8.8.8,33869,53,UDP,flow,dns,264969439848462,,1,1,0,81,0,0.0,1,81,0,none,0,none,0,0,0,no_alert_unknown,no_alert_not_final_benign,-1,dns,app_proto+port
2025-07-19T23:02:34.306645+0700,103.195.142.74,118.98.44.20,58478,53,UDP,flow,dns,839622395471970,,1,1,0,87,0,0.0,1,87,0,none,0,none,0,0,0,no_alert_unknown,no_alert_not_final_benign,-1,dns,app_proto+port
2025-07-19T23:02:34.306688+0700,103.195.142.76,87.98.154.119,53,47847,UDP,flow,failed,255297095706869,,1,1,0,1469,0,0.0,1,1469,0,none,0,none,0,0,0,no_alert_unknown,no_alert_not_final_benign,-1,dns,port
2025-07-19T23:02:34.306736+0700,103.195.142.2,162.158.89.35,53,62361,UDP,flow,failed,218122549504357,,1,1,0,147,0,0.0,1,147,0,none,0,none,0,0,0,no_alert_unknown,no_alert_not_final_benign,-1,dns,port
2025-07-19T23:02:34.306757+0700,103.195.142.46,87.98.154.79,53,55175,UDP,flow,failed,147708807195207,,1,1,0,1437,0,0.0,1,1437,0,none,0,none,0,0,0,no_alert_unknown,no_alert_not_final_benign,-1,dns,port
2025-07-19T23:02:34.306777+0700,103.195.142.46,87.98.154.119,53,9819,UDP,flow,failed,186618951150165,,1,1,0,1437,0,0.0,1,1437,0,none,0,none,0,0,0,no_alert_unknown,no_alert_not_final_benign,-1,dns,port
2025-07-19T23:02:34.306796+0700,103.195.142.109,87.98.154.49,53,16601,UDP,flow,failed,2019408717458058,,1,3,0,4311,0,10.0,3,4311,0,none,0,none,0,0,0,no_alert_unknown,no_alert_not_final_benign,-1,dns,port
2025-07-19T23:02:34.306815+0700,103.195.142.74,118.98.44.100,58836,53,UDP,flow,dns,625456125684429,,1,1,0,204,0,0.0,1,204,0,none,0,none,0,0,0,no_alert_unknown,no_alert_not_final_benign,-1,dns,app_proto+port
2025-07-19T23:02:34.306886+0700,103.195.142.46,87.98.154.118,53,11008,UDP,flow,failed,51085702900534,,1,1,0,1437,0,0.0,1,1437,0,none,0,none,0,0,0,no_alert_unknown,no_alert_not_final_benign,-1,dns,port
2025-07-19T23:02:34.306956+0700,103.195.142.196,87.98.154.119,53,13005,UDP,flow,failed,378961057917755,,1,1,0,1437,0,0.0,1,1437,0,none,0,none,0,0,0,no_alert_unknown,no_alert_not_final_benign,-1,dns,port
2025-07-19T23:02:34.306992+0700,103.195.142.46,87.98.154.79,53,48812,UDP,flow,failed,2162149090110325,,1,3,0,4311,0,10.0,3,4311,0,none,0,none,0,0,0,no_alert_unknown,no_alert_not_final_benign,-1,dns,port
2025-07-19T23:02:34.307041+0700,103.195.142.74,202.134.0.155,32979,53,UDP,flow,dns,582123635518338,,1,1,0,178,0,0.0,1,178,0,none,0,none,0,0,0,no_alert_unknown,no_alert_not_final_benign,-1,dns,app_proto+port
2025-07-19T23:02:34.307084+0700,103.195.142.83,87.98.154.106,53,1967,UDP,flow,failed,1764856967703552,,1,3,0,3570,0,10.0,3,3570,0,none,0,none,0,0,0,no_alert_unknown,no_alert_not_final_benign,-1,dns,port
2025-07-19T23:02:34.307187+0700,103.195.142.2,118.98.92.253,53,17479,UDP,flow,failed,335038350535758,,1,1,0,189,0,0.0,1,189,0,none,0,none,0,0,0,no_alert_unknown,no_alert_not_final_benign,-1,dns,port
2025-07-19T23:02:34.307208+0700,103.195.142.83,87.98.154.119,53,31152,UDP,flow,failed,115346055277680,,1,1,0,1190,0,0.0,1,1190,0,none,0,none,0,0,0,no_alert_unknown,no_alert_not_final_benign,-1,dns,port
2025-07-19T23:02:34.307234+0700,103.195.142.75,8.8.8.8,14178,53,UDP,flow,dns,1919338018548888,,1,2,0,384,0,4.0,2,384,0,none,0,none,0,0,0,no_alert_unknown,no_alert_not_final_benign,-1,dns,app_proto+port
2025-07-19T23:02:34.307278+0700,103.195.142.83,87.98.154.22,53,18756,UDP,flow,failed,271788299758779,,1,3,0,3570,0,10.0,3,3570,0,none,0,none,0,0,0,no_alert_unknown,no_alert_not_final_benign,-1,dns,port
2025-07-19T23:02:34.307315+0700,103.195.142.165,87.98.154.117,53,18643,UDP,flow,failed,404114059406847,,1,1,0,1437,0,0.0,1,1437,0,none,0,none,0,0,0,no_alert_unknown,no_alert_not_final_benign,-1,dns,port
2025-07-19T23:02:34.307334+0700,103.195.142.2,172.69.133.154,53,21469,UDP,flow,failed,293114201157255,,1,1,0,174,0,0.0,1,174,0,none,0,none,0,0,0,no_alert_unknown,no_alert_not_final_benign,-1,dns,port
2025-07-19T23:02:34.307353+0700,103.195.142.46,87.98.154.119,53,38902,UDP,flow,failed,418822366146285,,1,1,0,1437,0,0.0,1,1437,0,none,0,none,0,0,0,no_alert_unknown,no_alert_not_final_benign,-1,dns,port
2025-07-19T23:02:34.307375+0700,103.195.142.46,87.98.154.119,53,51622,UDP,flow,failed,1262412148511,,1,1,0,1437,0,0.0,1,1437,0,none,0,none,0,0,0,no_alert_unknown,no_alert_not_final_benign,-1,dns,port
2025-07-19T23:02:34.307396+0700,103.195.142.76,87.98.154.110,53,20099,UDP,flow,failed,270835528085305,,1,1,0,1469,0,0.0,1,1469,0,none,0,none,0,0,0,no_alert_unknown,no_alert_not_final_benign,-1,dns,port
2025-07-19T23:02:34.307414+0700,103.195.142.195,87.98.154.36,53,26681,UDP,flow,failed,2077315555110816,,1,3,0,4311,0,10.0,3,4311,0,none,0,none,0,0,0,no_alert_unknown,no_alert_not_final_benign,-1,dns,port
2025-07-19T23:02:34.307477+0700,103.195.142.74,202.134.0.155,41963,53,UDP,flow,dns,495944322363548,,1,1,0,82,0,0.0,1,82,0,none,0,none,0,0,0,no_alert_unknown,no_alert_not_final_benign,-1,dns,app_proto+port
2025-07-19T23:02:34.307548+0700,103.195.142.83,87.98.154.50,53,56981,UDP,flow,failed,170900857729268,,1,3,0,3570,0,9.0,3,3570,0,none,0,none,0,0,0,no_alert_unknown,no_alert_not_final_benign,-1,dns,port
2025-07-19T23:02:34.307590+0700,103.195.142.195,87.98.154.117,53,6475,UDP,flow,failed,339054735438082,,1,1,0,1437,0,0.0,1,1437,0,none,0,none,0,0,0,no_alert_unknown,no_alert_not_final_benign,-1,dns,port
2025-07-19T23:02:34.307656+0700,103.195.142.74,118.98.44.20,63121,53,UDP,flow,dns,792204918239649,,1,1,0,92,0,0.0,1,92,0,none,0,none,0,0,0,no_alert_unknown,no_alert_not_final_benign,-1,dns,app_proto+port
2025-07-19T23:02:34.307713+0700,103.195.142.2,172.69.21.205,53,43273,UDP,flow,failed,126533640827470,,1,1,0,174,0,0.0,1,174,0,none,0,none,0,0,0,no_alert_unknown,no_alert_not_final_benign,-1,dns,port
2025-07-19T23:02:34.307732+0700,103.195.142.76,87.98.154.102,53,4523,UDP,flow,failed,832360478454353,,1,1,0,1469,0,0.0,1,1469,0,none,0,none,0,0,0,no_alert_unknown,no_alert_not_final_benign,-1,dns,port
2025-07-19T23:02:34.307837+0700,103.195.142.74,118.98.44.50,46059,53,UDP,flow,dns,469382892139226,,1,1,0,72,0,0.0,1,72,0,none,0,none,0,0,0,no_alert_unknown,no_alert_not_final_benign,-1,dns,app_proto+port
2025-07-19T23:02:34.307857+0700,103.195.142.46,87.98.154.119,53,23973,UDP,flow,failed,842913118401363,,1,1,0,1437,0,0.0,1,1437,0,none,0,none,0,0,0,no_alert_unknown,no_alert_not_final_benign,-1,dns,port
2025-07-19T23:02:34.307876+0700,103.195.142.83,87.98.154.162,53,44782,UDP,flow,failed,557410351428449,,1,1,0,1190,0,0.0,1,1190,0,none,0,none,0,0,0,no_alert_unknown,no_alert_not_final_benign,-1,dns,port
2025-07-19T23:02:34.307894+0700,103.195.142.75,8.8.8.8,24893,53,UDP,flow,dns,690693305971703,,1,1,0,87,0,0.0,1,87,0,none,0,none,0,0,0,no_alert_unknown,no_alert_not_final_benign,-1,dns,app_proto+port
2025-07-19T23:02:34.307913+0700,103.195.142.74,118.98.44.20,45779,53,UDP,flow,dns,537015220876299,,1,1,0,85,0,0.0,1,85,0,none,0,none,0,0,0,no_alert_unknown,no_alert_not_final_benign,-1,dns,app_proto+port
2025-07-19T23:02:34.307933+0700,103.195.142.195,87.98.154.119,53,11746,UDP,flow,failed,726753250227225,,1,1,0,1437,0,0.0,1,1437,0,none,0,none,0,0,0,no_alert_unknown,no_alert_not_final_benign,-1,dns,port
2025-07-19T23:02:34.307976+0700,103.195.142.75,8.8.8.8,53673,53,UDP,flow,dns,685723479815494,,1,1,0,202,0,0.0,1,202,0,none,0,none,0,0,0,no_alert_unknown,no_alert_not_final_benign,-1,dns,app_proto+port
2025-07-19T23:02:34.307996+0700,103.195.142.74,202.134.0.155,9276,53,UDP,flow,dns,513591433344339,,1,1,0,68,0,0.0,1,68,0,none,0,none,0,0,0,no_alert_unknown,no_alert_not_final_benign,-1,dns,app_proto+port
2025-07-19T23:02:34.308041+0700,103.195.142.74,118.98.44.20,15097,53,UDP,flow,dns,736409906886107,,1,1,0,184,0,0.0,1,184,0,none,0,none,0,0,0,no_alert_unknown,no_alert_not_final_benign,-1,dns,app_proto+port
2025-07-19T23:02:34.308070+0700,103.195.142.74,118.98.44.100,5695,53,UDP,flow,dns,685219472913964,,1,1,0,202,0,0.0,1,202,0,none,0,none,0,0,0,no_alert_unknown,no_alert_not_final_benign,-1,dns,app_proto+port
2025-07-19T23:02:34.308152+0700,103.195.142.2,172.253.0.24,53,34874,UDP,flow,failed,187620502124336,,1,1,0,225,0,0.0,1,225,0,none,0,none,0,0,0,no_alert_unknown,no_alert_not_final_benign,-1,dns,port
2025-07-19T23:02:34.308200+0700,103.195.142.3,203.119.13.184,53,54199,UDP,flow,failed,430620436051903,,1,1,0,181,0,0.0,1,181,0,none,0,none,0,0,0,no_alert_unknown,no_alert_not_final_benign,-1,dns,port
2025-07-19T23:02:34.308264+0700,103.195.142.109,87.98.154.119,53,18711,UDP,flow,failed,248295851079901,,1,1,0,1437,0,0.0,1,1437,0,none,0,none,0,0,0,no_alert_unknown,no_alert_not_final_benign,-1,dns,port
2025-07-19T23:02:34.308283+0700,103.195.142.109,87.98.154.77,53,47035,UDP,flow,failed,1721365806233833,,1,3,0,4311,0,10.0,3,4311,0,none,0,none,0,0,0,no_alert_unknown,no_alert_not_final_benign,-1,dns,port
2025-07-19T23:02:34.308302+0700,103.195.142.74,118.98.44.50,46917,53,UDP,flow,dns,361058175662316,,1,1,0,72,0,0.0,1,72,0,none,0,none,0,0,0,no_alert_unknown,no_alert_not_final_benign,-1,dns,app_proto+port
2025-07-19T23:02:34.308322+0700,103.195.142.195,87.98.154.117,53,48837,UDP,flow,failed,520074187749664,,1,1,0,1437,0,0.0,1,1437,0,none,0,none,0,0,0,no_alert_unknown,no_alert_not_final_benign,-1,dns,port
2025-07-19T23:02:34.308346+0700,103.195.142.74,202.134.0.155,54348,53,UDP,flow,dns,513736981723443,,1,1,0,250,0,0.0,1,250,0,none,0,none,0,0,0,no_alert_unknown,no_alert_not_final_benign,-1,dns,app_proto+port
2025-07-19T23:02:34.308366+0700,103.195.142.109,87.98.154.245,53,3542,UDP,flow,failed,210825092446517,,1,1,0,1437,0,0.0,1,1437,0,none,0,none,0,0,0,no_alert_unknown,no_alert_not_final_benign,-1,dns,port
2025-07-19T23:02:34.308384+0700,103.195.142.2,180.250.121.168,53,17279,UDP,flow,failed,404352987675010,,1,1,0,146,0,0.0,1,146,0,none,0,none,0,0,0,no_alert_unknown,no_alert_not_final_benign,-1,dns,port
2025-07-19T23:02:34.308426+0700,103.195.142.74,118.98.44.50,48307,53,UDP,flow,dns,344003685956143,,1,1,0,91,0,0.0,1,91,0,none,0,none,0,0,0,no_alert_unknown,no_alert_not_final_benign,-1,dns,app_proto+port
2025-07-19T23:02:34.308446+0700,103.195.142.3,5.45.227.67,53,6031,UDP,flow,failed,472199876295296,,1,1,0,133,0,0.0,1,133,0,none,0,none,0,0,0,no_alert_unknown,no_alert_not_final_benign,-1,dns,port
2025-07-19T23:02:34.308465+0700,103.195.142.74,118.98.44.20,28700,53,UDP,flow,dns,837588317026963,,1,1,0,214,0,0.0,1,214,0,none,0,none,0,0,0,no_alert_unknown,no_alert_not_final_benign,-1,dns,app_proto+port
2025-07-19T23:02:34.308484+0700,103.195.142.74,118.98.44.50,39622,53,UDP,flow,dns,458668955187921,,1,1,0,74,0,0.0,1,74,0,none,0,none,0,0,0,no_alert_unknown,no_alert_not_final_benign,-1,dns,app_proto+port
2025-07-19T23:02:34.308509+0700,103.195.142.76,87.98.154.119,53,51303,UDP,flow,failed,568908216122069,,1,1,0,1469,0,0.0,1,1469,0,none,0,none,0,0,0,no_alert_unknown,no_alert_not_final_benign,-1,dns,port
2025-07-19T23:02:34.308528+0700,103.195.142.76,87.98.154.22,53,43948,UDP,flow,failed,233246614207346,,1,1,0,1469,0,0.0,1,1469,0,none,0,none,0,0,0,no_alert_unknown,no_alert_not_final_benign,-1,dns,port
2025-07-19T23:02:34.308546+0700,103.195.142.76,87.98.154.22,53,37098,UDP,flow,failed,261697691433882,,1,1,0,1469,0,0.0,1,1469,0,none,0,none,0,0,0,no_alert_unknown,no_alert_not_final_benign,-1,dns,port
2025-07-19T23:02:34.308565+0700,103.195.142.46,87.98.154.219,53,40336,UDP,flow,failed,15116033113068,,1,1,0,1437,0,0.0,1,1437,0,none,0,none,0,0,0,no_alert_unknown,no_alert_not_final_benign,-1,dns,port
2025-07-19T23:02:34.308583+0700,103.195.142.3,180.251.20.79,53,28621,UDP,flow,failed,463915167956088,,1,1,0,154,0,0.0,1,154,0,none,0,none,0,0,0,no_alert_unknown,no_alert_not_final_benign,-1,dns,port
2025-07-19T23:02:34.308602+0700,103.195.142.165,87.98.154.121,53,53527,UDP,flow,failed,425567938198717,,1,1,0,1437,0,0.0,1,1437,0,none,0,none,0,0,0,no_alert_unknown,no_alert_not_final_benign,-1,dns,port
2025-07-19T23:02:34.308621+0700,103.195.142.74,118.98.44.100,61069,53,UDP,flow,dns,495718461717705,,1,1,0,82,0,0.0,1,82,0,none,0,none,0,0,0,no_alert_unknown,no_alert_not_final_benign,-1,dns,app_proto+port
2025-07-19T23:02:34.308666+0700,103.195.142.74,118.98.44.20,19573,53,UDP,flow,dns,767572644707619,,1,1,0,214,0,0.0,1,214,0,none,0,none,0,0,0,no_alert_unknown,no_alert_not_final_benign,-1,dns,app_proto+port
2025-07-19T23:02:34.308772+0700,103.195.142.195,87.98.154.24,53,47765,UDP,flow,failed,741660948741528,,1,1,0,1437,0,0.0,1,1437,0,none,0,none,0,0,0,no_alert_unknown,no_alert_not_final_benign,-1,dns,port
2025-07-19T23:02:34.308794+0700,103.195.142.75,8.8.8.8,24410,53,UDP,flow,dns,125346909961729,,1,1,0,250,0,0.0,1,250,0,none,0,none,0,0,0,no_alert_unknown,no_alert_not_final_benign,-1,dns,app_proto+port
2025-07-19T23:02:34.308836+0700,103.195.142.109,87.98.154.119,53,39653,UDP,flow,failed,647968856391368,,1,1,0,1437,0,0.0,1,1437,0,none,0,none,0,0,0,no_alert_unknown,no_alert_not_final_benign,-1,dns,port
2025-07-19T23:02:34.308877+0700,103.195.142.76,87.98.154.117,53,37059,UDP,flow,failed,781796815716091,,1,1,0,1469,0,0.0,1,1469,0,none,0,none,0,0,0,no_alert_unknown,no_alert_not_final_benign,-1,dns,port
2025-07-19T23:02:34.308896+0700,103.195.142.75,8.8.8.8,36596,53,UDP,flow,dns,534534098894632,,1,1,0,112,0,0.0,1,112,0,none,0,none,0,0,0,no_alert_unknown,no_alert_not_final_benign,-1,dns,app_proto+port
2025-07-19T23:02:34.308919+0700,103.195.142.46,87.98.154.127,53,38897,UDP,flow,failed,110232050122623,,1,1,0,1437,0,0.0,1,1437,0,none,0,none,0,0,0,no_alert_unknown,no_alert_not_final_benign,-1,dns,port
2025-07-19T23:02:34.308978+0700,103.195.142.74,202.134.0.155,22763,53,UDP,flow,dns,457472278183977,,1,1,0,76,0,0.0,1,76,0,none,0,none,0,0,0,no_alert_unknown,no_alert_not_final_benign,-1,dns,app_proto+port
2025-07-19T23:02:34.309063+0700,103.195.142.74,202.134.0.155,23425,53,UDP,flow,dns,690506571563192,,1,1,0,85,0,0.0,1,85,0,none,0,none,0,0,0,no_alert_unknown,no_alert_not_final_benign,-1,dns,app_proto+port
2025-07-19T23:02:34.309269+0700,103.195.142.76,87.98.154.119,53,55734,UDP,flow,failed,357700086841874,,1,1,0,1469,0,0.0,1,1469,0,none,0,none,0,0,0,no_alert_unknown,no_alert_not_final_benign,-1,dns,port
2025-07-19T23:02:34.309324+0700,103.195.142.165,87.98.154.65,53,27134,UDP,flow,failed,1927749589910130,,1,3,0,4311,0,10.0,3,4311,0,none,0,none,0,0,0,no_alert_unknown,no_alert_not_final_benign,-1,dns,port
2025-07-19T23:02:34.309470+0700,103.195.142.3,180.250.244.246,53,59919,UDP,flow,failed,583166070539018,,1,1,0,154,0,0.0,1,154,0,none,0,none,0,0,0,no_alert_unknown,no_alert_not_final_benign,-1,dns,port
2025-07-19T23:02:34.309539+0700,103.195.142.46,87.98.154.119,53,1864,UDP,flow,failed,260932827005717,,1,1,0,1437,0,0.0,1,1437,0,none,0,none,0,0,0,no_alert_unknown,no_alert_not_final_benign,-1,dns,port
2025-07-19T23:02:34.309569+0700,103.195.142.74,118.98.44.100,12422,53,UDP,flow,dns,467679525782315,,1,1,0,214,0,0.0,1,214,0,none,0,none,0,0,0,no_alert_unknown,no_alert_not_final_benign,-1,dns,app_proto+port
2025-07-19T23:02:34.309592+0700,103.195.142.195,87.98.154.117,53,54304,UDP,flow,failed,208671256658764,,1,1,0,1437,0,0.0,1,1437,0,none,0,none,0,0,0,no_alert_unknown,no_alert_not_final_benign,-1,dns,port
2025-07-19T23:02:34.309631+0700,103.195.142.196,87.98.154.85,53,33403,UDP,flow,failed,758904955061079,,1,1,0,1437,0,0.0,1,1437,0,none,0,none,0,0,0,no_alert_unknown,no_alert_not_final_benign,-1,dns,port
2025-07-19T23:02:34.309682+0700,103.195.142.46,87.98.154.191,53,58992,UDP,flow,failed,549811527402362,,1,1,0,1437,0,0.0,1,1437,0,none,0,none,0,0,0,no_alert_unknown,no_alert_not_final_benign,-1,dns,port
2025-07-19T23:02:34.309752+0700,103.195.142.46,87.98.154.119,53,5807,UDP,flow,failed,758378030613443,,1,1,0,1437,0,0.0,1,1437,0,none,0,none,0,0,0,no_alert_unknown,no_alert_not_final_benign,-1,dns,port
2025-07-19T23:02:34.309834+0700,103.195.142.76,87.98.154.119,53,5048,UDP,flow,failed,199588515595461,,1,1,0,1469,0,0.0,1,1469,0,none,0,none,0,0,0,no_alert_unknown,no_alert_not_final_benign,-1,dns,port
2025-07-19T23:02:34.309864+0700,103.195.142.83,87.98.154.119,53,60988,UDP,flow,failed,380926517757152,,1,1,0,1190,0,0.0,1,1190,0,none,0,none,0,0,0,no_alert_unknown,no_alert_not_final_benign,-1,dns,port
2025-07-19T23:02:34.309905+0700,103.195.142.46,87.98.154.99,53,5613,UDP,flow,failed,491468663670129,,1,1,0,1437,0,0.0,1,1437,0,none,0,none,0,0,0,no_alert_unknown,no_alert_not_final_benign,-1,dns,port
2025-07-19T23:02:34.309956+0700,103.195.142.74,202.134.0.155,54464,53,UDP,flow,dns,462967309583823,,1,1,0,82,0,0.0,1,82,0,none,0,none,0,0,0,no_alert_unknown,no_alert_not_final_benign,-1,dns,app_proto+port
2025-07-19T23:02:34.310004+0700,103.195.142.195,87.98.154.8,53,10549,UDP,flow,failed,119609083020821,,1,3,0,4311,0,9.0,3,4311,0,none,0,none,0,0,0,no_alert_unknown,no_alert_not_final_benign,-1,dns,port
2025-07-19T23:02:34.310083+0700,103.195.142.46,87.98.154.117,53,24166,UDP,flow,failed,296274010884044,,1,1,0,1437,0,0.0,1,1437,0,none,0,none,0,0,0,no_alert_unknown,no_alert_not_final_benign,-1,dns,port
2025-07-19T23:02:34.310121+0700,103.195.142.46,87.98.154.107,53,58899,UDP,flow,failed,1884822736652353,,1,3,0,4311,0,10.0,3,4311,0,none,0,none,0,0,0,no_alert_unknown,no_alert_not_final_benign,-1,dns,port
2025-07-19T23:02:34.310140+0700,103.195.142.196,87.98.154.119,53,14411,UDP,flow,failed,232774826510409,,1,1,0,1437,0,0.0,1,1437,0,none,0,none,0,0,0,no_alert_unknown,no_alert_not_final_benign,-1,dns,port
2025-07-19T23:02:34.310159+0700,103.195.142.195,87.98.154.119,53,47971,UDP,flow,failed,190331626178721,,1,1,0,1437,0,0.0,1,1437,0,none,0,none,0,0,0,no_alert_unknown,no_alert_not_final_benign,-1,dns,port
2025-07-19T23:02:34.310178+0700,103.195.142.2,173.252.107.133,53,55003,UDP,flow,failed,371557146871997,,1,1,0,174,0,0.0,1,174,0,none,0,none,0,0,0,no_alert_unknown,no_alert_not_final_benign,-1,dns,port
2025-07-19T23:02:34.310196+0700,103.195.142.165,87.98.154.177,53,15711,UDP,flow,failed,620852308199777,,1,1,0,1437,0,0.0,1,1437,0,none,0,none,0,0,0,no_alert_unknown,no_alert_not_final_benign,-1,dns,port
2025-07-19T23:02:34.310215+0700,103.195.142.46,87.98.154.67,53,58338,UDP,flow,failed,787218359175573,,1,1,0,1437,0,0.0,1,1437,0,none,0,none,0,0,0,no_alert_unknown,no_alert_not_final_benign,-1,dns,port
2025-07-19T23:02:34.310234+0700,103.195.142.46,87.98.154.219,53,40277,UDP,flow,failed,194978698742205,,1,1,0,1437,0,0.0,1,1437,0,none,0,none,0,0,0,no_alert_unknown,no_alert_not_final_benign,-1,dns,port
2025-07-19T23:02:34.310258+0700,103.195.142.74,118.98.44.100,13621,53,UDP,flow,dns,631773377907182,,1,1,0,184,0,0.0,1,184,0,none,0,none,0,0,0,no_alert_unknown,no_alert_not_final_benign,-1,dns,app_proto+port
2025-07-19T23:02:34.310215+0700,103.195.142.74,118.98.44.100,56307,53,UDP,dns,,769414684960403,wire/pcap,0,0,0,0,0,0.0,0,0,0,none,0,none,0,0,0,no_alert_unknown,no_alert_not_final_benign,-1,dns,port
2025-07-19T23:02:34.310307+0700,103.195.142.46,87.98.154.119,53,28730,UDP,flow,failed,796718877952520,,1,1,0,1437,0,0.0,1,1437,0,none,0,none,0,0,0,no_alert_unknown,no_alert_not_final_benign,-1,dns,port
2025-07-19T23:02:34.310367+0700,103.195.142.83,87.98.154.119,53,42486,UDP,flow,failed,134589170240162,,1,1,0,1190,0,0.0,1,1190,0,none,0,none,0,0,0,no_alert_unknown,no_alert_not_final_benign,-1,dns,port
2025-07-19T23:02:34.310451+0700,103.195.142.46,87.98.154.219,53,45894,UDP,flow,failed,765960017791992,,1,1,0,1437,0,0.0,1,1437,0,none,0,none,0,0,0,no_alert_unknown,no_alert_not_final_benign,-1,dns,port
2025-07-19T23:02:34.310470+0700,103.195.142.165,87.98.154.237,53,52223,UDP,flow,failed,307467729751052,,1,3,0,4311,0,9.0,3,4311,0,none,0,none,0,0,0,no_alert_unknown,no_alert_not_final_benign,-1,dns,port
2025-07-19T23:02:34.310509+0700,103.195.142.46,87.98.154.119,53,26057,UDP,flow,failed,468926519037123,,1,1,0,1437,0,0.0,1,1437,0,none,0,none,0,0,0,no_alert_unknown,no_alert_not_final_benign,-1,dns,port
2025-07-19T23:02:34.310577+0700,103.195.142.109,87.98.154.161,53,3757,UDP,flow,failed,234777413864825,,1,1,0,1437,0,0.0,1,1437,0,none,0,none,0,0,0,no_alert_unknown,no_alert_not_final_benign,-1,dns,port
2025-07-19T23:02:34.310596+0700,103.195.142.3,172.217.43.153,53,36843,UDP,flow,failed,333553243311516,,1,1,0,164,0,0.0,1,164,0,none,0,none,0,0,0,no_alert_unknown,no_alert_not_final_benign,-1,dns,port
2025-07-19T23:02:34.310637+0700,103.195.142.74,118.98.44.20,23653,53,UDP,flow,dns,366506895527683,,1,1,0,98,0,0.0,1,98,0,none,0,none,0,0,0,no_alert_unknown,no_alert_not_final_benign,-1,dns,app_proto+port
2025-07-19T23:02:34.310657+0700,103.195.142.165,87.98.154.149,53,14457,UDP,flow,failed,116046839926621,,1,1,0,1437,0,0.0,1,1437,0,none,0,none,0,0,0,no_alert_unknown,no_alert_not_final_benign,-1,dns,port
2025-07-19T23:02:34.310676+0700,103.195.142.196,87.98.154.249,53,28681,UDP,flow,failed,98029580636137,,1,1,0,1437,0,0.0,1,1437,0,none,0,none,0,0,0,no_alert_unknown,no_alert_not_final_benign,-1,dns,port
2025-07-19T23:02:34.310722+0700,103.195.142.83,87.98.154.162,53,36551,UDP,flow,failed,297402995822708,,1,1,0,1190,0,0.0,1,1190,0,none,0,none,0,0,0,no_alert_unknown,no_alert_not_final_benign,-1,dns,port
2025-07-19T23:02:34.310752+0700,103.195.142.3,172.253.244.151,53,49820,UDP,flow,failed,371011716370620,,1,1,0,158,0,0.0,1,158,0,none,0,none,0,0,0,no_alert_unknown,no_alert_not_final_benign,-1,dns,port
2025-07-19T23:02:34.310773+0700,103.195.142.165,87.98.154.119,53,18457,UDP,flow,failed,633550572146937,,1,1,0,1437,0,0.0,1,1437,0,none,0,none,0,0,0,no_alert_unknown,no_alert_not_final_benign,-1,dns,port
2025-07-19T23:02:34.310792+0700,103.195.142.3,180.250.245.30,53,49187,UDP,flow,failed,777021286371704,,1,1,0,135,0,0.0,1,135,0,none,0,none,0,0,0,no_alert_unknown,no_alert_not_final_benign,-1,dns,port
2025-07-19T23:02:34.310833+0700,103.195.142.165,87.98.154.119,53,16330,UDP,flow,failed,574928757445131,,1,1,0,1437,0,0.0,1,1437,0,none,0,none,0,0,0,no_alert_unknown,no_alert_not_final_benign,-1,dns,port
2025-07-19T23:02:34.310873+0700,103.195.142.83,87.98.154.70,53,34915,UDP,flow,failed,285030507795102,,1,1,0,1190,0,0.0,1,1190,0,none,0,none,0,0,0,no_alert_unknown,no_alert_not_final_benign,-1,dns,port
2025-07-19T23:02:34.310892+0700,103.195.142.46,87.98.154.119,53,50091,UDP,flow,failed,733745516630795,,1,1,0,1437,0,0.0,1,1437,0,none,0,none,0,0,0,no_alert_unknown,no_alert_not_final_benign,-1,dns,port
2025-07-19T23:02:34.310911+0700,103.195.142.165,87.98.154.93,53,16982,UDP,flow,failed,773422431851290,,1,1,0,1437,0,0.0,1,1437,0,none,0,none,0,0,0,no_alert_unknown,no_alert_not_final_benign,-1,dns,port
2025-07-19T23:02:34.310929+0700,103.195.142.2,154.9.3.118,53,49826,UDP,flow,failed,734620725662575,,1,1,0,175,0,0.0,1,175,0,none,0,none,0,0,0,no_alert_unknown,no_alert_not_final_benign,-1,dns,port
2025-07-19T23:02:34.311018+0700,103.195.142.195,87.98.154.148,53,57628,UDP,flow,failed,445495304705278,,1,1,0,1437,0,0.0,1,1437,0,none,0,none,0,0,0,no_alert_unknown,no_alert_not_final_benign,-1,dns,port
2025-07-19T23:02:34.311037+0700,103.195.142.3,172.253.1.18,53,34340,UDP,flow,failed,483273503462944,,1,1,0,158,0,0.0,1,158,0,none,0,none,0,0,0,no_alert_unknown,no_alert_not_final_benign,-1,dns,port
2025-07-19T23:02:34.311058+0700,103.195.142.109,87.98.154.119,53,47772,UDP,flow,failed,358049431869000,,1,1,0,1437,0,0.0,1,1437,0,none,0,none,0,0,0,no_alert_unknown,no_alert_not_final_benign,-1,dns,port
2025-07-19T23:02:34.311085+0700,103.195.142.3,172.70.213.65,53,35773,UDP,flow,failed,697448471975521,,1,1,0,141,0,0.0,1,141,0,none,0,none,0,0,0,no_alert_unknown,no_alert_not_final_benign,-1,dns,port
2025-07-19T23:02:34.311164+0700,103.195.142.74,50.28.32.153,21989,53,UDP,flow,dns,634911700735860,,1,1,0,141,0,0.0,1,141,0,none,0,none,0,0,0,no_alert_unknown,no_alert_not_final_benign,-1,dns,app_proto+port
2025-07-19T23:02:34.311207+0700,103.195.142.74,202.134.0.155,30112,53,UDP,flow,dns,671323361237096,,1,1,0,98,0,0.0,1,98,0,none,0,none,0,0,0,no_alert_unknown,no_alert_not_final_benign,-1,dns,app_proto+port
2025-07-19T23:02:34.311279+0700,103.195.142.196,87.98.154.1,53,3099,UDP,flow,failed,616727830583608,,1,1,0,1437,0,0.0,1,1437,0,none,0,none,0,0,0,no_alert_unknown,no_alert_not_final_benign,-1,dns,port
2025-07-19T23:02:34.311298+0700,103.195.142.76,87.98.154.119,53,60227,UDP,flow,failed,285321435666813,,1,1,0,1469,0,0.0,1,1469,0,none,0,none,0,0,0,no_alert_unknown,no_alert_not_final_benign,-1,dns,port
2025-07-19T23:02:34.311369+0700,103.195.142.74,118.98.44.50,58352,53,UDP,flow,dns,834099231513200,,1,1,0,99,0,0.0,1,99,0,none,0,none,0,0,0,no_alert_unknown,no_alert_not_final_benign,-1,dns,app_proto+port
2025-07-19T23:02:34.311390+0700,103.195.142.195,87.98.154.204,53,59327,UDP,flow,failed,457473462426344,,1,1,0,1437,0,0.0,1,1437,0,none,0,none,0,0,0,no_alert_unknown,no_alert_not_final_benign,-1,dns,port
2025-07-19T23:02:34.311413+0700,103.195.142.165,87.98.154.119,53,20617,UDP,flow,failed,290695228939006,,1,1,0,1437,0,0.0,1,1437,0,none,0,none,0,0,0,no_alert_unknown,no_alert_not_final_benign,-1,dns,port
2025-07-19T23:02:34.311432+0700,103.195.142.74,202.134.0.155,42518,53,UDP,flow,dns,422303080700810,,1,1,0,75,0,0.0,1,75,0,none,0,none,0,0,0,no_alert_unknown,no_alert_not_final_benign,-1,dns,app_proto+port
2025-07-19T23:02:34.311452+0700,103.195.142.76,87.98.154.222,53,4980,UDP,flow,failed,388405568723971,,1,1,0,1469,0,0.0,1,1469,0,none,0,none,0,0,0,no_alert_unknown,no_alert_not_final_benign,-1,dns,port
2025-07-19T23:02:34.311471+0700,103.195.142.196,87.98.154.113,53,51902,UDP,flow,failed,510243080100949,,1,1,0,1437,0,0.0,1,1437,0,none,0,none,0,0,0,no_alert_unknown,no_alert_not_final_benign,-1,dns,port
2025-07-19T23:02:34.311489+0700,103.195.142.195,87.98.154.119,53,20051,UDP,flow,failed,695983688506506,,1,1,0,1437,0,0.0,1,1437,0,none,0,none,0,0,0,no_alert_unknown,no_alert_not_final_benign,-1,dns,port
2025-07-19T23:02:34.311507+0700,103.195.142.74,118.98.44.100,28483,53,UDP,flow,dns,838712153791722,,1,1,0,178,0,0.0,1,178,0,none,0,none,0,0,0,no_alert_unknown,no_alert_not_final_benign,-1,dns,app_proto+port
2025-07-19T23:02:34.311549+0700,103.185.193.21,1.1.1.1,46252,53,UDP,flow,dns,488676076019016,,1,2,0,316,0,0.0,2,316,0,none,0,none,0,0,0,no_alert_unknown,no_alert_not_final_benign,-1,dns,app_proto+port
2025-07-19T23:02:34.311596+0700,103.195.142.46,87.98.154.118,53,8089,UDP,flow,failed,353322906672580,,1,1,0,1437,0,0.0,1,1437,0,none,0,none,0,0,0,no_alert_unknown,no_alert_not_final_benign,-1,dns,port
2025-07-19T23:02:34.311710+0700,103.195.142.76,87.98.154.194,53,50136,UDP,flow,failed,708550638690036,,1,1,0,1469,0,0.0,1,1469,0,none,0,none,0,0,0,no_alert_unknown,no_alert_not_final_benign,-1,dns,port
2025-07-19T23:02:34.311753+0700,103.195.142.195,87.98.154.92,53,25200,UDP,flow,failed,747072019095390,,1,1,0,1437,0,0.0,1,1437,0,none,0,none,0,0,0,no_alert_unknown,no_alert_not_final_benign,-1,dns,port
2025-07-19T23:02:34.311772+0700,103.195.142.74,202.134.0.155,3811,53,UDP,flow,dns,386416758153055,,1,1,0,68,0,0.0,1,68,0,none,0,none,0,0,0,no_alert_unknown,no_alert_not_final_benign,-1,dns,app_proto+port
2025-07-19T23:02:34.311792+0700,103.195.142.74,118.98.44.100,50684,53,UDP,flow,dns,313135509725303,,1,1,0,178,0,0.0,1,178,0,none,0,none,0,0,0,no_alert_unknown,no_alert_not_final_benign,-1,dns,app_proto+port
2025-07-19T23:02:34.311812+0700,103.195.142.74,118.98.44.100,65218,53,UDP,flow,dns,597543331422353,,1,1,0,92,0,0.0,1,92,0,none,0,none,0,0,0,no_alert_unknown,no_alert_not_final_benign,-1,dns,app_proto+port
2025-07-19T23:02:34.311832+0700,103.195.142.195,87.98.154.92,53,18352,UDP,flow,failed,565104484081820,,1,1,0,1437,0,0.0,1,1437,0,none,0,none,0,0,0,no_alert_unknown,no_alert_not_final_benign,-1,dns,port
2025-07-19T23:02:34.311851+0700,103.195.142.74,118.98.44.20,58228,53,UDP,flow,dns,472671433384119,,1,1,0,68,0,0.0,1,68,0,none,0,none,0,0,0,no_alert_unknown,no_alert_not_final_benign,-1,dns,app_proto+port
2025-07-19T23:02:34.311899+0700,103.195.142.83,87.98.154.218,53,37021,UDP,flow,failed,735013794341206,,1,1,0,1190,0,0.0,1,1190,0,none,0,none,0,0,0,no_alert_unknown,no_alert_not_final_benign,-1,dns,port
2025-07-19T23:02:34.311957+0700,103.195.142.3,172.71.153.54,53,41746,UDP,flow,failed,580948583440868,,1,1,0,136,0,0.0,1,136,0,none,0,none,0,0,0,no_alert_unknown,no_alert_not_final_benign,-1,dns,port
2025-07-19T23:02:34.311976+0700,103.195.142.76,87.98.154.119,53,14863,UDP,flow,failed,589989815771624,,1,1,0,1469,0,0.0,1,1469,0,none,0,none,0,0,0,no_alert_unknown,no_alert_not_final_benign,-1,dns,port
2025-07-19T23:02:34.311994+0700,103.195.142.165,87.98.154.117,53,24123,UDP,flow,failed,824314012164592,,1,1,0,1437,0,0.0,1,1437,0,none,0,none,0,0,0,no_alert_unknown,no_alert_not_final_benign,-1,dns,port
2025-07-19T23:02:34.312013+0700,103.195.142.196,87.98.154.119,53,34859,UDP,flow,failed,336054359548492,,1,1,0,1437,0,0.0,1,1437,0,none,0,none,0,0,0,no_alert_unknown,no_alert_not_final_benign,-1,dns,port
2025-07-19T23:02:34.312031+0700,103.195.142.74,202.134.0.155,3070,53,UDP,flow,dns,470999764951647,,1,1,0,78,0,0.0,1,78,0,none,0,none,0,0,0,no_alert_unknown,no_alert_not_final_benign,-1,dns,app_proto+port
2025-07-19T23:02:34.312056+0700,103.195.142.74,118.98.44.100,54520,53,UDP,flow,dns,474463203811986,,1,1,0,80,0,0.0,1,80,0,none,0,none,0,0,0,no_alert_unknown,no_alert_not_final_benign,-1,dns,app_proto+port
2025-07-19T23:02:34.312076+0700,103.195.142.74,118.98.44.20,64121,53,UDP,flow,dns,812977811350298,,1,1,0,99,0,0.0,1,99,0,none,0,none,0,0,0,no_alert_unknown,no_alert_not_final_benign,-1,dns,app_proto+port
2025-07-19T23:02:34.312095+0700,103.195.142.74,118.98.44.50,30115,53,UDP,flow,dns,605619888579367,,1,1,0,78,0,0.0,1,78,0,none,0,none,0,0,0,no_alert_unknown,no_alert_not_final_benign,-1,dns,app_proto+port
2025-07-19T23:02:34.312192+0700,103.195.142.109,87.98.154.119,53,7974,UDP,flow,failed,534206320010193,,1,1,0,1437,0,0.0,1,1437,0,none,0,none,0,0,0,no_alert_unknown,no_alert_not_final_benign,-1,dns,port
2025-07-19T23:02:34.312212+0700,103.195.142.195,87.98.154.120,53,20135,UDP,flow,failed,559050484671576,,1,1,0,1437,0,0.0,1,1437,0,none,0,none,0,0,0,no_alert_unknown,no_alert_not_final_benign,-1,dns,port
2025-07-19T23:02:34.312300+0700,103.195.142.74,118.98.44.20,21335,53,UDP,flow,dns,496574702216446,,1,1,0,97,0,0.0,1,97,0,none,0,none,0,0,0,no_alert_unknown,no_alert_not_final_benign,-1,dns,app_proto+port
2025-07-19T23:02:34.312320+0700,103.195.142.83,87.98.154.22,53,58226,UDP,flow,failed,450523068425533,,1,1,0,1190,0,0.0,1,1190,0,none,0,none,0,0,0,no_alert_unknown,no_alert_not_final_benign,-1,dns,port
2025-07-19T23:02:34.312357+0700,103.195.142.196,87.98.154.145,53,11727,UDP,flow,failed,254294915606075,,1,3,0,4311,0,10.0,3,4311,0,none,0,none,0,0,0,no_alert_unknown,no_alert_not_final_benign,-1,dns,port
2025-07-19T23:02:34.312428+0700,103.195.142.83,87.98.154.98,53,63910,UDP,flow,failed,342596870006524,,1,1,0,1190,0,0.0,1,1190,0,none,0,none,0,0,0,no_alert_unknown,no_alert_not_final_benign,-1,dns,port
2025-07-19T23:02:34.312471+0700,103.195.142.165,87.98.154.119,53,37428,UDP,flow,failed,546173846284045,,1,1,0,1437,0,0.0,1,1437,0,none,0,none,0,0,0,no_alert_unknown,no_alert_not_final_benign,-1,dns,port
2025-07-19T23:02:34.312490+0700,103.195.142.83,87.98.154.190,53,2505,UDP,flow,failed,743409609074467,,1,1,0,1190,0,0.0,1,1190,0,none,0,none,0,0,0,no_alert_unknown,no_alert_not_final_benign,-1,dns,port
2025-07-19T23:02:34.312508+0700,103.195.142.83,87.98.154.66,53,34342,UDP,flow,failed,709987119064911,,1,1,0,1190,0,0.0,1,1190,0,none,0,none,0,0,0,no_alert_unknown,no_alert_not_final_benign,-1,dns,port
2025-07-19T23:02:34.312531+0700,103.195.142.195,87.98.154.52,53,21219,UDP,flow,failed,422839390758766,,1,1,0,1437,0,0.0,1,1437,0,none,0,none,0,0,0,no_alert_unknown,no_alert_not_final_benign,-1,dns,port
2025-07-19T23:02:34.312573+0700,103.195.142.74,202.134.0.155,10652,53,UDP,flow,dns,758377680857077,,1,1,0,68,0,0.0,1,68,0,none,0,none,0,0,0,no_alert_unknown,no_alert_not_final_benign,-1,dns,app_proto+port
2025-07-19T23:02:34.312660+0700,103.195.142.83,87.98.154.118,53,7862,UDP,flow,failed,685110146558173,,1,1,0,1190,0,0.0,1,1190,0,none,0,none,0,0,0,no_alert_unknown,no_alert_not_final_benign,-1,dns,port
2025-07-19T23:02:34.312686+0700,103.195.142.74,118.98.44.100,17643,53,UDP,flow,dns,485136981944621,,1,1,0,94,0,0.0,1,94,0,none,0,none,0,0,0,no_alert_unknown,no_alert_not_final_benign,-1,dns,app_proto+port
2025-07-19T23:02:34.312721+0700,103.195.142.74,118.98.44.50,17951,53,UDP,flow,dns,513679065278786,,1,1,0,86,0,0.0,1,86,0,none,0,none,0,0,0,no_alert_unknown,no_alert_not_final_benign,-1,dns,app_proto+port
2025-07-19T23:02:34.312858+0700,103.195.142.109,87.98.154.119,53,38147,UDP,flow,failed,888931811584697,,1,1,0,1437,0,0.0,1,1437,0,none,0,none,0,0,0,no_alert_unknown,no_alert_not_final_benign,-1,dns,port
2025-07-19T23:02:34.335024+0700,103.195.142.74,118.98.44.20,46781,53,UDP,dns,,594492868296727,wire/pcap,0,0,0,0,0,0.0,0,0,0,none,0,none,0,0,0,no_alert_unknown,no_alert_not_final_benign,-1,dns,port
2025-07-19T23:02:34.348457+0700,103.195.142.74,202.134.0.155,30601,53,UDP,dns,,652189754950886,wire/pcap,0,0,0,0,0,0.0,0,0,0,none,0,none,0,0,0,no_alert_unknown,no_alert_not_final_benign,-1,dns,port
2025-07-19T23:02:34.366981+0700,103.195.142.74,202.134.0.155,8381,53,UDP,dns,,731747362025930,wire/pcap,0,0,0,0,0,0.0,0,0,0,none,0,none,0,0,0,no_alert_unknown,no_alert_not_final_benign,-1,dns,port
2025-07-19T23:02:34.370195+0700,103.195.142.75,8.8.8.8,47507,53,UDP,dns,,745551248262913,wire/pcap,0,0,0,0,0,0.0,0,0,0,none,0,none,0,0,0,no_alert_unknown,no_alert_not_final_benign,-1,dns,port
2025-07-19T23:02:34.370215+0700,103.195.142.74,118.98.44.50,23073,53,UDP,dns,,745636479314314,wire/pcap,0,0,0,0,0,0.0,0,0,0,none,0,none,0,0,0,no_alert_unknown,no_alert_not_final_benign,-1,dns,port
2025-07-19T23:02:34.381294+0700,103.195.142.74,118.98.44.20,27911,53,UDP,dns,,793222674445324,wire/pcap,0,0,0,0,0,0.0,0,0,0,none,0,none,0,0,0,no_alert_unknown,no_alert_not_final_benign,-1,dns,port
2025-07-19T23:02:34.385116+0700,103.195.142.75,8.8.8.8,18494,53,UDP,dns,,809637613657869,wire/pcap,0,0,0,0,0,0.0,0,0,0,none,0,none,0,0,0,no_alert_unknown,no_alert_not_final_benign,-1,dns,port
2025-07-19T23:02:34.388765+0700,103.195.142.74,202.134.0.155,37998,53,UDP,dns,,825308131868637,wire/pcap,0,0,0,0,0,0.0,0,0,0,none,0,none,0,0,0,no_alert_unknown,no_alert_not_final_benign,-1,dns,port
2025-07-19T23:02:34.416599+0700,103.195.142.74,118.98.44.100,39880,53,UDP,dns,,663382659937811,wire/pcap,0,0,0,0,0,0.0,0,0,0,none,0,none,0,0,0,no_alert_unknown,no_alert_not_final_benign,-1,dns,port
2025-07-19T23:02:34.439924+0700,103.195.142.74,118.98.44.50,24035,53,UDP,dns,,763559716588296,wire/pcap,0,0,0,0,0,0.0,0,0,0,none,0,none,0,0,0,no_alert_unknown,no_alert_not_final_benign,-1,dns,port
2025-07-19T23:02:34.439948+0700,103.195.142.74,202.134.0.155,31847,53,UDP,dns,,763664433011990,wire/pcap,0,0,0,0,0,0.0,0,0,0,none,0,none,0,0,0,no_alert_unknown,no_alert_not_final_benign,-1,dns,port
2025-07-19T23:02:34.454860+0700,103.195.142.74,118.98.44.50,34650,53,UDP,dns,,827711358369574,wire/pcap,0,0,0,0,0,0.0,0,0,0,none,0,none,0,0,0,no_alert_unknown,no_alert_not_final_benign,-1,dns,port
2025-07-19T23:02:34.456685+0700,103.195.142.74,118.98.44.50,5820,53,UDP,dns,,835548119000485,wire/pcap,0,0,0,0,0,0.0,0,0,0,none,0,none,0,0,0,no_alert_unknown,no_alert_not_final_benign,-1,dns,port
2025-07-19T23:02:34.471902+0700,103.195.142.75,8.8.8.8,29624,53,UDP,dns,,619430962538411,wire/pcap,0,0,0,0,0,0.0,0,0,0,none,0,none,0,0,0,no_alert_unknown,no_alert_not_final_benign,-1,dns,port
2025-07-19T23:02:34.492198+0700,103.195.142.75,8.8.8.8,3360,53,UDP,dns,,706603199902383,wire/pcap,0,0,0,0,0,0.0,0,0,0,none,0,none,0,0,0,no_alert_unknown,no_alert_not_final_benign,-1,dns,port
2025-07-19T23:02:34.492340+0700,103.195.142.74,202.134.0.155,49857,53,UDP,dns,,707211989962498,wire/pcap,0,0,0,0,0,0.0,0,0,0,none,0,none,0,0,0,no_alert_unknown,no_alert_not_final_benign,-1,dns,port
2025-07-19T23:02:34.509784+0700,103.195.142.75,8.8.8.8,34588,53,UDP,dns,,782132986108702,wire/pcap,0,0,0,0,0,0.0,0,0,0,none,0,none,0,0,0,no_alert_unknown,no_alert_not_final_benign,-1,dns,port
2025-07-19T23:02:34.526465+0700,103.195.142.75,8.8.8.8,62533,53,UDP,dns,,574222934817327,wire/pcap,0,0,0,0,0,0.0,0,0,0,none,0,none,0,0,0,no_alert_unknown,no_alert_not_final_benign,-1,dns,port
2025-07-19T23:02:34.553869+0700,103.195.142.74,118.98.44.50,29748,53,UDP,dns,,690001459703217,wire/pcap,0,0,0,0,0,0.0,0,0,0,none,0,none,0,0,0,no_alert_unknown,no_alert_not_final_benign,-1,dns,port
2025-07-19T23:02:34.553867+0700,103.195.142.75,8.8.8.8,50382,53,UDP,dns,,689994763140988,wire/pcap,0,0,0,0,0,0.0,0,0,0,none,0,none,0,0,0,no_alert_unknown,no_alert_not_final_benign,-1,dns,port
2025-07-19T23:02:34.558216+0700,103.195.142.74,118.98.44.50,31859,53,UDP,dns,,708670767888388,wire/pcap,0,0,0,0,0,0.0,0,0,0,none,0,none,0,0,0,no_alert_unknown,no_alert_not_final_benign,-1,dns,port
2025-07-19T23:02:34.558350+0700,103.195.142.74,118.98.44.20,37335,53,UDP,dns,,709246020150768,wire/pcap,0,0,0,0,0,0.0,0,0,0,none,0,none,0,0,0,no_alert_unknown,no_alert_not_final_benign,-1,dns,port
2025-07-19T23:02:34.570633+0700,103.195.142.75,8.8.8.8,55890,53,UDP,dns,,762002977594436,wire/pcap,0,0,0,0,0,0.0,0,0,0,none,0,none,0,0,0,no_alert_unknown,no_alert_not_final_benign,-1,dns,port
2025-07-19T23:02:34.570684+0700,103.195.142.74,118.98.44.50,2661,53,UDP,dns,,762219883080443,wire/pcap,0,0,0,0,0,0.0,0,0,0,none,0,none,0,0,0,no_alert_unknown,no_alert_not_final_benign,-1,dns,port
2025-07-19T23:02:34.577707+0700,103.195.142.74,118.98.44.20,29080,53,UDP,dns,,792385581005753,wire/pcap,0,0,0,0,0,0.0,0,0,0,none,0,none,0,0,0,no_alert_unknown,no_alert_not_final_benign,-1,dns,port
2025-07-19T23:02:34.583218+0700,103.195.142.74,118.98.44.50,6522,53,UDP,dns,,816053649734572,wire/pcap,0,0,0,0,0,0.0,0,0,0,none,0,none,0,0,0,no_alert_unknown,no_alert_not_final_benign,-1,dns,port
2025-07-19T23:02:34.583494+0700,103.195.142.74,118.98.44.50,42555,53,UDP,dns,,817239594908035,wire/pcap,0,0,0,0,0,0.0,0,0,0,none,0,none,0,0,0,no_alert_unknown,no_alert_not_final_benign,-1,dns,port
2025-07-19T23:02:34.588287+0700,103.195.142.83,87.98.154.162,53,19998,UDP,flow,failed,960757475157104,,1,1,0,1190,0,0.0,1,1190,0,none,0,none,0,0,0,no_alert_unknown,no_alert_not_final_benign,-1,dns,port
2025-07-19T23:02:34.594952+0700,103.195.142.74,118.98.44.100,24810,53,UDP,dns,,584974931641571,wire/pcap,0,0,0,0,0,0.0,0,0,0,none,0,none,0,0,0,no_alert_unknown,no_alert_not_final_benign,-1,dns,port
2025-07-19T23:02:34.633527+0700,103.195.142.83,87.98.154.117,53,33378,UDP,flow,failed,951384929066207,,1,1,0,1190,0,0.0,1,1190,0,none,0,none,0,0,0,no_alert_unknown,no_alert_not_final_benign,-1,dns,port
2025-07-19T23:02:34.639781+0700,103.195.142.75,8.8.8.8,36517,53,UDP,flow,dns,968405796109182,,1,1,0,99,0,0.0,1,99,0,none,0,none,0,0,0,no_alert_unknown,no_alert_not_final_benign,-1,dns,app_proto+port
2025-07-19T23:02:34.641749+0700,103.195.142.74,118.98.44.50,19424,53,UDP,dns,,785970373907363,wire/pcap,0,0,0,0,0,0.0,0,0,0,none,0,none,0,0,0,no_alert_unknown,no_alert_not_final_benign,-1,dns,port
2025-07-19T23:02:34.642020+0700,103.195.142.74,118.98.44.20,19132,53,UDP,dns,,787134222091364,wire/pcap,0,0,0,0,0,0.0,0,0,0,none,0,none,0,0,0,no_alert_unknown,no_alert_not_final_benign,-1,dns,port
2025-07-19T23:02:34.660162+0700,103.195.142.74,202.134.0.155,21205,53,UDP,dns,,583577380589747,wire/pcap,0,0,0,0,0,0.0,0,0,0,none,0,none,0,0,0,no_alert_unknown,no_alert_not_final_benign,-1,dns,port
2025-07-19T23:02:34.660284+0700,103.195.142.74,118.98.44.20,52315,53,UDP,dns,,584098888941037,wire/pcap,0,0,0,0,0,0.0,0,0,0,none,0,none,0,0,0,no_alert_unknown,no_alert_not_final_benign,-1,dns,port
2025-07-19T23:02:34.663193+0700,103.195.142.75,8.8.8.8,7567,53,UDP,dns,,596596632755631,wire/pcap,0,0,0,0,0,0.0,0,0,0,none,0,none,0,0,0,no_alert_unknown,no_alert_not_final_benign,-1,dns,port
2025-07-19T23:02:34.681979+0700,103.195.142.74,118.98.44.100,1039,53,UDP,dns,,677277845824960,wire/pcap,0,0,0,0,0,0.0,0,0,0,none,0,none,0,0,0,no_alert_unknown,no_alert_not_final_benign,-1,dns,port
2025-07-19T23:02:34.690011+0700,103.195.142.74,118.98.44.100,18343,53,UDP,dns,,711777268450948,wire/pcap,0,0,0,0,0,0.0,0,0,0,none,0,none,0,0,0,no_alert_unknown,no_alert_not_final_benign,-1,dns,port
2025-07-19T23:02:34.723781+0700,103.195.142.74,202.134.0.155,56671,53,UDP,dns,,575342474139235,wire/pcap,0,0,0,0,0,0.0,0,0,0,none,0,none,0,0,0,no_alert_unknown,no_alert_not_final_benign,-1,dns,port
2025-07-19T23:02:34.732952+0700,103.195.142.75,50.116.34.34,56743,53,UDP,dns,,614731872710458,wire/pcap,0,0,0,0,0,0.0,0,0,0,none,0,none,0,0,0,no_alert_unknown,no_alert_not_final_benign,-1,dns,port
2025-07-19T23:02:34.759304+0700,103.195.142.74,118.98.44.100,41490,53,UDP,dns,,727915048775146,wire/pcap,0,0,0,0,0,0.0,0,0,0,none,0,none,0,0,0,no_alert_unknown,no_alert_not_final_benign,-1,dns,port
2025-07-19T23:02:34.773294+0700,103.195.142.74,118.98.44.20,56974,53,UDP,dns,,788000410422216,wire/pcap,0,0,0,0,0,0.0,0,0,0,none,0,none,0,0,0,no_alert_unknown,no_alert_not_final_benign,-1,dns,port
2025-07-19T23:02:34.789268+0700,103.195.142.74,118.98.44.50,6558,53,UDP,dns,,575132358937255,wire/pcap,0,0,0,0,0,0.0,0,0,0,none,0,none,0,0,0,no_alert_unknown,no_alert_not_final_benign,-1,dns,port
2025-07-19T23:02:34.794709+0700,103.195.142.74,118.98.44.50,8078,53,UDP,dns,,598501359136402,wire/pcap,0,0,0,0,0,0.0,0,0,0,none,0,none,0,0,0,no_alert_unknown,no_alert_not_final_benign,-1,dns,port
2025-07-19T23:02:34.811049+0700,103.195.142.74,202.134.0.155,53329,53,UDP,dns,,668682542075107,wire/pcap,0,0,0,0,0,0.0,0,0,0,none,0,none,0,0,0,no_alert_unknown,no_alert_not_final_benign,-1,dns,port
2025-07-19T23:02:34.822445+0700,103.195.142.74,202.134.0.155,53275,53,UDP,dns,,717625898703340,wire/pcap,0,0,0,0,0,0.0,0,0,0,none,0,none,0,0,0,no_alert_unknown,no_alert_not_final_benign,-1,dns,port
2025-07-19T23:02:34.824348+0700,103.195.142.75,8.8.8.8,7560,53,UDP,dns,,725799510329854,wire/pcap,0,0,0,0,0,0.0,0,0,0,none,0,none,0,0,0,no_alert_unknown,no_alert_not_final_benign,-1,dns,port
2025-07-19T23:02:34.830608+0700,103.195.142.75,8.8.8.8,14208,53,UDP,dns,,752685663918801,wire/pcap,0,0,0,0,0,0.0,0,0,0,none,0,none,0,0,0,no_alert_unknown,no_alert_not_final_benign,-1,dns,port
2025-07-19T23:02:34.855309+0700,103.195.142.75,8.8.8.8,9585,53,UDP,dns,,577300940974419,wire/pcap,0,0,0,0,0,0.0,0,0,0,none,0,none,0,0,0,no_alert_unknown,no_alert_not_final_benign,-1,dns,port
2025-07-19T23:02:34.867027+0700,103.195.142.74,118.98.44.20,36499,53,UDP,dns,,627630420592315,wire/pcap,0,0,0,0,0,0.0,0,0,0,none,0,none,0,0,0,no_alert_unknown,no_alert_not_final_benign,-1,dns,port
2025-07-19T23:02:34.872342+0700,103.195.142.74,202.134.0.155,28513,53,UDP,dns,,650459546301009,wire/pcap,0,0,0,0,0,0.0,0,0,0,none,0,none,0,0,0,no_alert_unknown,no_alert_not_final_benign,-1,dns,port
2025-07-19T23:02:34.873953+0700,103.195.142.75,8.8.8.8,63424,53,UDP,dns,,657375423516321,wire/pcap,0,0,0,0,0,0.0,0,0,0,none,0,none,0,0,0,no_alert_unknown,no_alert_not_final_benign,-1,dns,port
2025-07-19T23:02:34.883213+0700,103.195.142.74,118.98.44.20,55796,53,UDP,dns,,697146293750973,wire/pcap,0,0,0,0,0,0.0,0,0,0,none,0,none,0,0,0,no_alert_unknown,no_alert_not_final_benign,-1,dns,port
2025-07-19T23:02:34.900401+0700,103.195.142.74,202.134.0.155,41849,53,UDP,dns,,770968594759236,wire/pcap,0,0,0,0,0,0.0,0,0,0,none,0,none,0,0,0,no_alert_unknown,no_alert_not_final_benign,-1,dns,port
2025-07-19T23:02:34.913266+0700,103.195.142.108,8.8.8.8,1900,53,UDP,dns,,1216074754602613,wire/pcap,0,0,0,0,0,0.0,0,0,0,none,0,none,0,0,0,no_alert_unknown,no_alert_not_final_benign,-1,dns,port
2025-07-19T23:02:34.916174+0700,103.195.142.74,118.98.44.50,46127,53,UDP,dns,,838716747022967,wire/pcap,0,0,0,0,0,0.0,0,0,0,none,0,none,0,0,0,no_alert_unknown,no_alert_not_final_benign,-1,dns,port
2025-07-19T23:02:34.923283+0700,103.195.142.74,118.98.44.20,2880,53,UDP,dns,,587771260068199,wire/pcap,0,0,0,0,0,0.0,0,0,0,none,0,none,0,0,0,no_alert_unknown,no_alert_not_final_benign,-1,dns,port
2025-07-19T23:02:34.939631+0700,103.195.142.74,118.98.44.20,15450,53,UDP,dns,,657987166773983,wire/pcap,0,0,0,0,0,0.0,0,0,0,none,0,none,0,0,0,no_alert_unknown,no_alert_not_final_benign,-1,dns,port
2025-07-19T23:02:34.947174+0700,103.195.142.74,118.98.44.100,50109,53,UDP,dns,,690385223768215,wire/pcap,0,0,0,0,0,0.0,0,0,0,none,0,none,0,0,0,no_alert_unknown,no_alert_not_final_benign,-1,dns,port
2025-07-19T23:02:34.962659+0700,103.195.142.75,8.8.8.8,17032,53,UDP,dns,,756891315186152,wire/pcap,0,0,0,0,0,0.0,0,0,0,none,0,none,0,0,0,no_alert_unknown,no_alert_not_final_benign,-1,dns,port
2025-07-19T23:02:34.972135+0700,103.195.142.74,118.98.44.50,39371,53,UDP,dns,,797591134052745,wire/pcap,0,0,0,0,0,0.0,0,0,0,none,0,none,0,0,0,no_alert_unknown,no_alert_not_final_benign,-1,dns,port
2025-07-19T23:02:34.984999+0700,103.195.142.74,118.98.44.20,27568,53,UDP,dns,,571366772774942,wire/pcap,0,0,0,0,0,0.0,0,0,0,none,0,none,0,0,0,no_alert_unknown,no_alert_not_final_benign,-1,dns,port
2025-07-19T23:02:35.008231+0700,103.195.142.75,8.8.8.8,11680,53,UDP,dns,,732614201342178,wire/pcap,0,0,0,0,0,0.0,0,0,0,none,0,none,0,0,0,no_alert_unknown,no_alert_not_final_benign,-1,dns,port
2025-07-19T23:02:35.033921+0700,103.195.142.74,118.98.44.100,14986,53,UDP,dns,,990116881050569,wire/pcap,0,0,0,0,0,0.0,0,0,0,none,0,none,0,0,0,no_alert_unknown,no_alert_not_final_benign,-1,dns,port
2025-07-19T23:02:35.045112+0700,103.195.142.74,118.98.44.100,42890,53,UDP,dns,,1038182727482764,wire/pcap,0,0,0,0,0,0.0,0,0,0,none,0,none,0,0,0,no_alert_unknown,no_alert_not_final_benign,-1,dns,port
2025-07-19T23:02:35.057034+0700,103.195.142.109,87.98.154.119,53,29118,UDP,flow,failed,1152320368841340,,1,1,0,1437,0,0.0,1,1437,0,none,0,none,0,0,0,no_alert_unknown,no_alert_not_final_benign,-1,dns,port
2025-07-19T23:02:35.077985+0700,103.195.142.74,118.98.44.20,38295,53,UDP,dns,,897895730265910,wire/pcap,0,0,0,0,0,0.0,0,0,0,none,0,none,0,0,0,no_alert_unknown,no_alert_not_final_benign,-1,dns,port
2025-07-19T23:02:35.090856+0700,103.195.142.74,118.98.44.20,31463,53,UDP,dns,,953175090350981,wire/pcap,0,0,0,0,0,0.0,0,0,0,none,0,none,0,0,0,no_alert_unknown,no_alert_not_final_benign,-1,dns,port
2025-07-19T23:02:35.105357+0700,103.195.142.74,118.98.44.20,37669,53,UDP,dns,,1015456417478687,wire/pcap,0,0,0,0,0,0.0,0,0,0,none,0,none,0,0,0,no_alert_unknown,no_alert_not_final_benign,-1,dns,port
2025-07-19T23:02:35.105420+0700,103.195.142.74,118.98.44.20,62323,53,UDP,dns,,1015728224498091,wire/pcap,0,0,0,0,0,0.0,0,0,0,none,0,none,0,0,0,no_alert_unknown,no_alert_not_final_benign,-1,dns,port
2025-07-19T23:02:35.128459+0700,103.195.142.74,118.98.44.50,7283,53,UDP,dns,,1114678714117847,wire/pcap,0,0,0,0,0,0.0,0,0,0,none,0,none,0,0,0,no_alert_unknown,no_alert_not_final_benign,-1,dns,port
2025-07-19T23:02:35.128555+0700,103.195.142.74,118.98.44.50,23076,53,UDP,dns,,1115091667670711,wire/pcap,0,0,0,0,0,0.0,0,0,0,none,0,none,0,0,0,no_alert_unknown,no_alert_not_final_benign,-1,dns,port
2025-07-19T23:02:35.137573+0700,103.195.142.75,8.8.8.8,29915,53,UDP,dns,,872347612062316,wire/pcap,0,0,0,0,0,0.0,0,0,0,none,0,none,0,0,0,no_alert_unknown,no_alert_not_final_benign,-1,dns,port
2025-07-19T23:02:35.140397+0700,103.195.142.74,118.98.44.20,14913,53,UDP,dns,,884477488921139,wire/pcap,0,0,0,0,0,0.0,0,0,0,none,0,none,0,0,0,no_alert_unknown,no_alert_not_final_benign,-1,dns,port
2025-07-19T23:02:35.154674+0700,103.195.142.108,8.8.8.8,14082,53,UDP,dns,,945796709622676,wire/pcap,0,0,0,0,0,0.0,0,0,0,none,0,none,0,0,0,no_alert_unknown,no_alert_not_final_benign,-1,dns,port
2025-07-19T23:02:35.154765+0700,103.195.142.46,87.98.154.51,53,57432,UDP,flow,failed,1171440058114964,,1,1,0,1437,0,0.0,1,1437,0,none,0,none,0,0,0,no_alert_unknown,no_alert_not_final_benign,-1,dns,port
2025-07-19T23:02:35.164866+0700,103.195.142.74,118.98.44.100,62935,53,UDP,dns,,989573252973965,wire/pcap,0,0,0,0,0,0.0,0,0,0,none,0,none,0,0,0,no_alert_unknown,no_alert_not_final_benign,-1,dns,port
2025-07-19T23:02:35.173509+0700,103.195.142.74,118.98.44.20,22896,53,UDP,dns,,1026691765616296,wire/pcap,0,0,0,0,0,0.0,0,0,0,none,0,none,0,0,0,no_alert_unknown,no_alert_not_final_benign,-1,dns,port
2025-07-19T23:02:35.182990+0700,103.195.142.74,118.98.44.50,38802,53,UDP,dns,,1067414073251222,wire/pcap,0,0,0,0,0,0.0,0,0,0,none,0,none,0,0,0,no_alert_unknown,no_alert_not_final_benign,-1,dns,port
2025-07-19T23:02:35.183187+0700,103.195.142.75,8.8.8.8,3025,53,UDP,dns,,1068259386912966,wire/pcap,0,0,0,0,0,0.0,0,0,0,none,0,none,0,0,0,no_alert_unknown,no_alert_not_final_benign,-1,dns,port
2025-07-19T23:02:35.189365+0700,103.195.142.74,202.134.0.155,10302,53,UDP,dns,,1094793696686766,wire/pcap,0,0,0,0,0,0.0,0,0,0,none,0,none,0,0,0,no_alert_unknown,no_alert_not_final_benign,-1,dns,port
2025-07-19T23:02:35.196880+0700,103.195.142.75,8.8.8.8,65359,53,UDP,dns,,845593184856635,wire/pcap,0,0,0,0,0,0.0,0,0,0,none,0,none,0,0,0,no_alert_unknown,no_alert_not_final_benign,-1,dns,port
2025-07-19T23:02:35.219375+0700,103.195.142.75,8.8.8.8,47132,53,UDP,dns,,942209455174056,wire/pcap,0,0,0,0,0,0.0,0,0,0,none,0,none,0,0,0,no_alert_unknown,no_alert_not_final_benign,-1,dns,port
2025-07-19T23:02:35.244841+0700,103.195.142.74,118.98.44.100,27697,53,UDP,dns,,1051586113286577,wire/pcap,0,0,0,0,0,0.0,0,0,0,none,0,none,0,0,0,no_alert_unknown,no_alert_not_final_benign,-1,dns,port
2025-07-19T23:02:35.245293+0700,103.195.142.74,118.98.44.100,64696,53,UDP,dns,,1053527252010389,wire/pcap,0,0,0,0,0,0.0,0,0,0,none,0,none,0,0,0,no_alert_unknown,no_alert_not_final_benign,-1,dns,port
2025-07-19T23:02:35.252996+0700,103.195.142.74,202.134.0.155,22633,53,UDP,dns,,1086613682547252,wire/pcap,0,0,0,0,0,0.0,0,0,0,none,0,none,0,0,0,no_alert_unknown,no_alert_not_final_benign,-1,dns,port
2025-07-19T23:02:35.278621+0700,103.195.142.74,118.98.44.20,18387,53,UDP,dns,,915196975913931,wire/pcap,0,0,0,0,0,0.0,0,0,0,none,0,none,0,0,0,no_alert_unknown,no_alert_not_final_benign,-1,dns,port
2025-07-19T23:02:35.286277+0700,103.195.142.196,87.98.154.119,53,3224,UDP,flow,failed,1027621043170230,,1,1,0,1437,0,0.0,1,1437,0,none,0,none,0,0,0,no_alert_unknown,no_alert_not_final_benign,-1,dns,port
2025-07-19T23:02:35.286316+0700,103.195.142.2,203.119.13.187,53,56248,UDP,flow,failed,391735212239909,,1,1,0,138,0,0.0,1,138,0,none,0,none,0,0,0,no_alert_unknown,no_alert_not_final_benign,-1,dns,port
2025-07-19T23:02:35.286373+0700,103.195.142.74,202.134.0.155,57958,53,UDP,flow,dns,301744388631708,,1,1,0,184,0,0.0,1,184,0,none,0,none,0,0,0,no_alert_unknown,no_alert_not_final_benign,-1,dns,app_proto+port
2025-07-19T23:02:35.286596+0700,103.195.142.195,87.98.154.0,53,61274,UDP,flow,failed,731711933377959,,1,1,0,1437,0,0.0,1,1437,0,none,0,none,0,0,0,no_alert_unknown,no_alert_not_final_benign,-1,dns,port
2025-07-19T23:02:35.286616+0700,103.195.142.76,87.98.154.250,53,11731,UDP,flow,failed,1062320233901558,,1,1,0,1469,0,0.0,1,1469,0,none,0,none,0,0,0,no_alert_unknown,no_alert_not_final_benign,-1,dns,port
2025-07-19T23:02:35.286642+0700,103.195.142.74,202.134.0.155,43496,53,UDP,flow,dns,995448209796626,,1,1,0,88,0,0.0,1,88,0,none,0,none,0,0,0,no_alert_unknown,no_alert_not_final_benign,-1,dns,app_proto+port
2025-07-19T23:02:35.286683+0700,103.195.142.196,87.98.154.89,53,2519,UDP,flow,failed,1067409849970284,,1,1,0,1437,0,0.0,1,1437,0,none,0,none,0,0,0,no_alert_unknown,no_alert_not_final_benign,-1,dns,port
2025-07-19T23:02:35.286703+0700,103.195.142.196,87.98.154.119,53,53358,UDP,flow,failed,764712124018396,,1,1,0,1437,0,0.0,1,1437,0,none,0,none,0,0,0,no_alert_unknown,no_alert_not_final_benign,-1,dns,port
2025-07-19T23:02:35.286721+0700,103.195.142.109,87.98.154.119,53,62477,UDP,flow,failed,1978530253106909,,1,2,0,2874,0,10.0,2,2874,0,none,0,none,0,0,0,no_alert_unknown,no_alert_not_final_benign,-1,dns,port
2025-07-19T23:02:35.286740+0700,103.195.142.196,87.98.154.117,53,49286,UDP,flow,failed,329460033842951,,1,3,0,4311,0,10.0,3,4311,0,none,0,none,0,0,0,no_alert_unknown,no_alert_not_final_benign,-1,dns,port
2025-07-19T23:02:35.286779+0700,103.195.142.74,202.134.0.155,22806,53,UDP,flow,dns,302070003134449,,1,1,0,79,0,0.0,1,79,0,none,0,none,0,0,0,no_alert_unknown,no_alert_not_final_benign,-1,dns,app_proto+port
2025-07-19T23:02:35.286805+0700,103.195.142.109,87.98.154.105,53,64321,UDP,flow,failed,763058632060948,,1,1,0,1437,0,0.0,1,1437,0,none,0,none,0,0,0,no_alert_unknown,no_alert_not_final_benign,-1,dns,port
2025-07-19T23:02:35.286824+0700,103.195.142.76,87.98.154.119,53,11729,UDP,flow,failed,542694958952498,,1,1,0,1469,0,0.0,1,1469,0,none,0,none,0,0,0,no_alert_unknown,no_alert_not_final_benign,-1,dns,port
2025-07-19T23:02:35.286861+0700,103.195.142.46,87.98.154.15,53,44314,UDP,flow,failed,1032273445646619,,1,1,0,1437,0,0.0,1,1437,0,none,0,none,0,0,0,no_alert_unknown,no_alert_not_final_benign,-1,dns,port
2025-07-19T23:02:35.286955+0700,103.195.142.76,87.98.154.138,53,49555,UDP,flow,failed,2246621141463660,,1,3,0,4407,0,10.0,3,4407,0,none,0,none,0,0,0,no_alert_unknown,no_alert_not_final_benign,-1,dns,port
2025-07-19T23:02:35.287002+0700,103.195.142.109,87.98.154.21,53,7627,UDP,flow,failed,74566739292897,,1,3,0,4311,0,9.0,3,4311,0,none,0,none,0,0,0,no_alert_unknown,no_alert_not_final_benign,-1,dns,port
2025-07-19T23:02:35.287060+0700,103.195.142.76,87.98.154.119,53,64304,UDP,flow,failed,1007073292710742,,1,1,0,1469,0,0.0,1,1469,0,none,0,none,0,0,0,no_alert_unknown,no_alert_not_final_benign,-1,dns,port
2025-07-19T23:02:35.287083+0700,103.195.142.2,173.252.107.139,53,36492,UDP,flow,failed,511224966607727,,1,1,0,174,0,0.0,1,174,0,none,0,none,0,0,0,no_alert_unknown,no_alert_not_final_benign,-1,dns,port
2025-07-19T23:02:35.287151+0700,103.195.142.76,87.98.154.194,53,41630,UDP,flow,failed,570092414890901,,1,1,0,1469,0,0.0,1,1469,0,none,0,none,0,0,0,no_alert_unknown,no_alert_not_final_benign,-1,dns,port
2025-07-19T23:02:35.287195+0700,103.195.142.3,180.250.245.25,53,24099,UDP,flow,failed,448833833399266,,1,1,0,174,0,0.0,1,174,0,none,0,none,0,0,0,no_alert_unknown,no_alert_not_final_benign,-1,dns,port
2025-07-19T23:02:35.287217+0700,103.195.142.46,87.98.154.117,53,51873,UDP,flow,failed,1021928203154492,,1,1,0,1437,0,0.0,1,1437,0,none,0,none,0,0,0,no_alert_unknown,no_alert_not_final_benign,-1,dns,port
2025-07-19T23:02:35.287301+0700,103.195.142.165,87.98.154.57,53,18677,UDP,flow,failed,481753640531111,,1,1,0,1437,0,0.0,1,1437,0,none,0,none,0,0,0,no_alert_unknown,no_alert_not_final_benign,-1,dns,port
2025-07-19T23:02:35.287324+0700,103.195.142.74,118.98.44.20,13814,53,UDP,flow,dns,581961573463234,,1,1,0,97,0,0.0,1,97,0,none,0,none,0,0,0,no_alert_unknown,no_alert_not_final_benign,-1,dns,app_proto+port
2025-07-19T23:02:35.287448+0700,103.195.142.196,87.98.154.29,53,44415,UDP,flow,failed,998313249076717,,1,1,0,1437,0,0.0,1,1437,0,none,0,none,0,0,0,no_alert_unknown,no_alert_not_final_benign,-1,dns,port
2025-07-19T23:02:35.287523+0700,103.195.142.2,172.70.209.231,53,43088,UDP,flow,failed,290125825963658,,1,1,0,147,0,0.0,1,147,0,none,0,none,0,0,0,no_alert_unknown,no_alert_not_final_benign,-1,dns,port
2025-07-19T23:02:35.287549+0700,103.195.142.2,172.70.204.10,53,41024,UDP,flow,failed,663019479693077,,1,1,0,132,0,0.0,1,132,0,none,0,none,0,0,0,no_alert_unknown,no_alert_not_final_benign,-1,dns,port
2025-07-19T23:02:35.287571+0700,103.195.142.3,173.252.107.139,53,9464,UDP,flow,failed,766004241299261,,1,1,0,178,0,0.0,1,178,0,none,0,none,0,0,0,no_alert_unknown,no_alert_not_final_benign,-1,dns,port
2025-07-19T23:02:35.287667+0700,103.195.142.3,173.252.107.133,53,52172,UDP,flow,failed,444556920682459,,1,1,0,178,0,0.0,1,178,0,none,0,none,0,0,0,no_alert_unknown,no_alert_not_final_benign,-1,dns,port
2025-07-19T23:02:35.287696+0700,103.195.142.75,8.8.8.8,3132,53,UDP,flow,dns,576224632567813,,1,1,0,68,0,0.0,1,68,0,none,0,none,0,0,0,no_alert_unknown,no_alert_not_final_benign,-1,dns,app_proto+port
2025-07-19T23:02:35.287724+0700,103.195.142.2,162.158.165.236,53,41711,UDP,flow,failed,1040314037958704,,1,1,0,147,0,0.0,1,147,0,none,0,none,0,0,0,no_alert_unknown,no_alert_not_final_benign,-1,dns,port
2025-07-19T23:02:35.287777+0700,103.195.142.74,118.98.44.50,13972,53,UDP,flow,dns,1109208176916680,,1,1,0,178,0,0.0,1,178,0,none,0,none,0,0,0,no_alert_unknown,no_alert_not_final_benign,-1,dns,app_proto+port
2025-07-19T23:02:35.287818+0700,103.195.142.74,118.98.44.50,12557,53,UDP,flow,dns,1002242309028153,,1,1,0,86,0,0.0,1,86,0,none,0,none,0,0,0,no_alert_unknown,no_alert_not_final_benign,-1,dns,app_proto+port
2025-07-19T23:02:35.287857+0700,103.195.142.165,87.98.154.25,53,16012,UDP,flow,failed,620395417106760,,1,1,0,1437,0,0.0,1,1437,0,none,0,none,0,0,0,no_alert_unknown,no_alert_not_final_benign,-1,dns,port
2025-07-19T23:02:35.287972+0700,103.195.142.75,8.8.8.8,28232,53,UDP,flow,dns,1096163940563694,,1,1,0,178,0,0.0,1,178,0,none,0,none,0,0,0,no_alert_unknown,no_alert_not_final_benign,-1,dns,app_proto+port
2025-07-19T23:02:35.288032+0700,103.195.142.83,87.98.154.119,53,27688,UDP,flow,failed,609353231301387,,1,1,0,1190,0,0.0,1,1190,0,none,0,none,0,0,0,no_alert_unknown,no_alert_not_final_benign,-1,dns,port
2025-07-19T23:02:35.288166+0700,103.195.142.76,87.98.154.22,53,52353,UDP,flow,failed,575370019077145,,1,1,0,1469,0,0.0,1,1469,0,none,0,none,0,0,0,no_alert_unknown,no_alert_not_final_benign,-1,dns,port
2025-07-19T23:02:35.288186+0700,103.195.142.83,87.98.154.119,53,59106,UDP,flow,failed,715105519467557,,1,1,0,1190,0,0.0,1,1190,0,none,0,none,0,0,0,no_alert_unknown,no_alert_not_final_benign,-1,dns,port
2025-07-19T23:02:35.288255+0700,103.195.142.109,87.98.154.119,53,14808,UDP,flow,failed,953858058484909,,1,1,0,1437,0,0.0,1,1437,0,none,0,none,0,0,0,no_alert_unknown,no_alert_not_final_benign,-1,dns,port
2025-07-19T23:02:35.288295+0700,103.195.142.75,8.8.8.8,53529,53,UDP,flow,dns,691082973281549,,1,1,0,79,0,0.0,1,79,0,none,0,none,0,0,0,no_alert_unknown,no_alert_not_final_benign,-1,dns,app_proto+port
2025-07-19T23:02:35.288315+0700,103.195.142.74,202.134.0.155,7689,53,UDP,flow,dns,585278685052247,,1,1,0,111,0,0.0,1,111,0,none,0,none,0,0,0,no_alert_unknown,no_alert_not_final_benign,-1,dns,app_proto+port
2025-07-19T23:02:35.288336+0700,103.195.142.46,87.98.154.251,53,51447,UDP,flow,failed,573069247970654,,1,3,0,4311,0,9.0,3,4311,0,none,0,none,0,0,0,no_alert_unknown,no_alert_not_final_benign,-1,dns,port
2025-07-19T23:02:35.288354+0700,103.195.142.76,87.98.154.119,53,56163,UDP,flow,failed,470653603020162,,1,1,0,1469,0,0.0,1,1469,0,none,0,none,0,0,0,no_alert_unknown,no_alert_not_final_benign,-1,dns,port
2025-07-19T23:02:35.288442+0700,103.195.142.196,87.98.154.229,53,47152,UDP,flow,failed,915260231777841,,1,1,0,1437,0,0.0,1,1437,0,none,0,none,0,0,0,no_alert_unknown,no_alert_not_final_benign,-1,dns,port
2025-07-19T23:02:35.288461+0700,103.195.142.74,118.98.44.50,5722,53,UDP,flow,dns,454261448572499,,1,1,0,76,0,0.0,1,76,0,none,0,none,0,0,0,no_alert_unknown,no_alert_not_final_benign,-1,dns,app_proto+port
2025-07-19T23:02:35.288543+0700,103.195.142.3,180.250.121.131,53,21807,UDP,flow,failed,355018949394163,,1,1,0,178,0,0.0,1,178,0,none,0,none,0,0,0,no_alert_unknown,no_alert_not_final_benign,-1,dns,port
2025-07-19T23:02:35.288619+0700,103.195.142.74,118.98.44.20,35728,53,UDP,flow,dns,296975241641963,,1,1,0,73,0,0.0,1,73,0,none,0,none,0,0,0,no_alert_unknown,no_alert_not_final_benign,-1,dns,app_proto+port
2025-07-19T23:02:35.288640+0700,103.195.142.109,87.98.154.249,53,53525,UDP,flow,failed,396977524310014,,1,1,0,1437,0,0.0,1,1437,0,none,0,none,0,0,0,no_alert_unknown,no_alert_not_final_benign,-1,dns,port
2025-07-19T23:02:35.288660+0700,103.195.142.74,118.98.44.100,21696,53,UDP,flow,dns,455089289232445,,1,1,0,76,0,0.0,1,76,0,none,0,none,0,0,0,no_alert_unknown,no_alert_not_final_benign,-1,dns,app_proto+port
2025-07-19T23:02:35.288689+0700,103.195.142.46,87.98.154.163,53,35863,UDP,flow,failed,352662102016203,,1,1,0,1437,0,0.0,1,1437,0,none,0,none,0,0,0,no_alert_unknown,no_alert_not_final_benign,-1,dns,port
2025-07-19T23:02:35.288709+0700,103.195.142.74,118.98.44.20,38005,53,UDP,flow,dns,528067753083129,,1,1,0,178,0,0.0,1,178,0,none,0,none,0,0,0,no_alert_unknown,no_alert_not_final_benign,-1,dns,app_proto+port
2025-07-19T23:02:35.288783+0700,103.195.142.74,118.98.44.50,8268,53,UDP,flow,dns,692304093381112,,1,1,0,68,0,0.0,1,68,0,none,0,none,0,0,0,no_alert_unknown,no_alert_not_final_benign,-1,dns,app_proto+port
2025-07-19T23:02:35.288845+0700,103.195.142.3,203.119.13.185,53,23856,UDP,flow,failed,550559857509053,,1,1,0,141,0,0.0,1,141,0,none,0,none,0,0,0,no_alert_unknown,no_alert_not_final_benign,-1,dns,port
2025-07-19T23:02:35.288878+0700,103.195.142.195,87.98.154.152,53,47868,UDP,flow,failed,1108328631960340,,1,1,0,1437,0,0.0,1,1437,0,none,0,none,0,0,0,no_alert_unknown,no_alert_not_final_benign,-1,dns,port
2025-07-19T23:02:35.288900+0700,103.195.142.196,87.98.154.119,53,25408,UDP,flow,failed,373055393563515,,1,1,0,1437,0,0.0,1,1437,0,none,0,none,0,0,0,no_alert_unknown,no_alert_not_final_benign,-1,dns,port
2025-07-19T23:02:35.288932+0700,103.195.142.165,87.98.154.119,53,42117,UDP,flow,failed,518238095410044,,1,1,0,1437,0,0.0,1,1437,0,none,0,none,0,0,0,no_alert_unknown,no_alert_not_final_benign,-1,dns,port
2025-07-19T23:02:35.289027+0700,103.195.142.46,87.98.154.119,53,55925,UDP,flow,failed,814808079533115,,1,1,0,1437,0,0.0,1,1437,0,none,0,none,0,0,0,no_alert_unknown,no_alert_not_final_benign,-1,dns,port
2025-07-19T23:02:35.289048+0700,103.195.142.83,87.98.154.134,53,39037,UDP,flow,failed,747520238879855,,1,1,0,1190,0,0.0,1,1190,0,none,0,none,0,0,0,no_alert_unknown,no_alert_not_final_benign,-1,dns,port
2025-07-19T23:02:35.289068+0700,103.195.142.46,87.98.154.163,53,53345,UDP,flow,failed,326394216514679,,1,1,0,1437,0,0.0,1,1437,0,none,0,none,0,0,0,no_alert_unknown,no_alert_not_final_benign,-1,dns,port
2025-07-19T23:02:35.289129+0700,103.195.142.75,8.8.8.8,35362,53,UDP,flow,dns,1631485259810145,,1,2,0,384,0,5.0,2,384,0,none,0,none,0,0,0,no_alert_unknown,no_alert_not_final_benign,-1,dns,app_proto+port
2025-07-19T23:02:35.289177+0700,103.195.142.196,87.98.154.29,53,26535,UDP,flow,failed,301297196598638,,1,1,0,1437,0,0.0,1,1437,0,none,0,none,0,0,0,no_alert_unknown,no_alert_not_final_benign,-1,dns,port
2025-07-19T23:02:35.289213+0700,103.195.142.76,87.98.154.254,53,5598,UDP,flow,failed,966921350088133,,1,1,0,1469,0,0.0,1,1469,0,none,0,none,0,0,0,no_alert_unknown,no_alert_not_final_benign,-1,dns,port
2025-07-19T23:02:35.289272+0700,103.195.142.75,8.8.8.8,22780,53,UDP,flow,dns,301627066025501,,1,1,0,96,0,0.0,1,96,0,none,0,none,0,0,0,no_alert_unknown,no_alert_not_final_benign,-1,dns,app_proto+port
2025-07-19T23:02:35.289292+0700,103.195.142.83,87.98.154.246,53,37629,UDP,flow,failed,488626945787434,,1,1,0,1190,0,0.0,1,1190,0,none,0,none,0,0,0,no_alert_unknown,no_alert_not_final_benign,-1,dns,port
2025-07-19T23:02:35.289311+0700,103.195.142.165,87.98.154.119,53,57113,UDP,flow,failed,775476917503534,,1,1,0,1437,0,0.0,1,1437,0,none,0,none,0,0,0,no_alert_unknown,no_alert_not_final_benign,-1,dns,port
2025-07-19T23:02:35.289334+0700,103.195.142.74,118.98.44.20,22832,53,UDP,flow,dns,330838253635125,,1,1,0,178,0,0.0,1,178,0,none,0,none,0,0,0,no_alert_unknown,no_alert_not_final_benign,-1,dns,app_proto+port
2025-07-19T23:02:35.289378+0700,103.195.142.75,8.8.8.8,48457,53,UDP,flow,dns,471406651967311,,1,1,0,81,0,0.0,1,81,0,none,0,none,0,0,0,no_alert_unknown,no_alert_not_final_benign,-1,dns,app_proto+port
2025-07-19T23:02:35.289398+0700,103.195.142.195,87.98.154.28,53,32515,UDP,flow,failed,588744094320468,,1,1,0,1437,0,0.0,1,1437,0,none,0,none,0,0,0,no_alert_unknown,no_alert_not_final_benign,-1,dns,port
2025-07-19T23:02:35.289417+0700,103.195.142.2,80.12.242.25,53,10573,UDP,flow,failed,514527873796074,,1,1,0,135,0,0.0,1,135,0,none,0,none,0,0,0,no_alert_unknown,no_alert_not_final_benign,-1,dns,port
2025-07-19T23:02:35.289477+0700,103.195.142.76,87.98.154.158,53,52416,UDP,flow,failed,448439291611191,,1,1,0,1469,0,0.0,1,1469,0,none,0,none,0,0,0,no_alert_unknown,no_alert_not_final_benign,-1,dns,port
2025-07-19T23:02:35.289523+0700,103.195.142.165,87.98.154.118,53,29189,UDP,flow,failed,870400142149785,,1,1,0,1437,0,0.0,1,1437,0,none,0,none,0,0,0,no_alert_unknown,no_alert_not_final_benign,-1,dns,port
2025-07-19T23:02:35.289554+0700,103.195.142.74,118.98.44.100,52107,53,UDP,flow,dns,378097426630826,,1,1,0,84,0,0.0,1,84,0,none,0,none,0,0,0,no_alert_unknown,no_alert_not_final_benign,-1,dns,app_proto+port
2025-07-19T23:02:35.289575+0700,103.195.142.74,118.98.44.20,32752,53,UDP,flow,dns,1005226070378691,,1,1,0,178,0,0.0,1,178,0,none,0,none,0,0,0,no_alert_unknown,no_alert_not_final_benign,-1,dns,app_proto+port
2025-07-19T23:02:35.289627+0700,103.195.142.3,80.12.242.26,53,21051,UDP,flow,failed,310308076718287,,1,1,0,295,0,0.0,1,295,0,none,0,none,0,0,0,no_alert_unknown,no_alert_not_final_benign,-1,dns,port
2025-07-19T23:02:35.289668+0700,103.195.142.83,87.98.154.119,53,42981,UDP,flow,failed,1107650570815721,,1,1,0,1190,0,0.0,1,1190,0,none,0,none,0,0,0,no_alert_unknown,no_alert_not_final_benign,-1,dns,port
2025-07-19T23:02:35.289689+0700,103.195.142.74,118.98.44.50,40475,53,UDP,flow,dns,377608934131989,,1,1,0,72,0,0.0,1,72,0,none,0,none,0,0,0,no_alert_unknown,no_alert_not_final_benign,-1,dns,app_proto+port
2025-07-19T23:02:35.289733+0700,103.195.142.74,202.134.0.155,6131,53,UDP,flow,dns,378649403591036,,1,1,0,79,0,0.0,1,79,0,none,0,none,0,0,0,no_alert_unknown,no_alert_not_final_benign,-1,dns,app_proto+port
2025-07-19T23:02:35.289774+0700,103.195.142.3,5.45.227.67,53,52935,UDP,flow,failed,367946469476787,,1,1,0,176,0,0.0,1,176,0,none,0,none,0,0,0,no_alert_unknown,no_alert_not_final_benign,-1,dns,port
2025-07-19T23:02:35.289807+0700,103.195.142.83,87.98.154.119,53,55702,UDP,flow,failed,777126858918433,,1,1,0,1190,0,0.0,1,1190,0,none,0,none,0,0,0,no_alert_unknown,no_alert_not_final_benign,-1,dns,port
2025-07-19T23:02:35.289845+0700,103.195.142.74,202.134.0.155,25019,53,UDP,flow,dns,698051667233316,,1,1,0,85,0,0.0,1,85,0,none,0,none,0,0,0,no_alert_unknown,no_alert_not_final_benign,-1,dns,app_proto+port
2025-07-19T23:02:35.289914+0700,103.195.142.195,87.98.154.119,53,18705,UDP,flow,failed,1067027766774551,,1,1,0,1437,0,0.0,1,1437,0,none,0,none,0,0,0,no_alert_unknown,no_alert_not_final_benign,-1,dns,port
2025-07-19T23:02:35.289956+0700,103.195.142.109,87.98.154.119,53,62430,UDP,flow,failed,1016009994603398,,1,1,0,1437,0,0.0,1,1437,0,none,0,none,0,0,0,no_alert_unknown,no_alert_not_final_benign,-1,dns,port
2025-07-19T23:02:35.290005+0700,103.195.142.83,87.98.154.117,53,1499,UDP,flow,failed,352172386880536,,1,1,0,1190,0,0.0,1,1190,0,none,0,none,0,0,0,no_alert_unknown,no_alert_not_final_benign,-1,dns,port
2025-07-19T23:02:35.290032+0700,103.195.142.46,87.98.154.247,53,33506,UDP,flow,failed,538145008323709,,1,1,0,1437,0,0.0,1,1437,0,none,0,none,0,0,0,no_alert_unknown,no_alert_not_final_benign,-1,dns,port
2025-07-19T23:02:35.290051+0700,103.195.142.74,118.98.44.50,21751,53,UDP,flow,dns,599077663476928,,1,1,0,85,0,0.0,1,85,0,none,0,none,0,0,0,no_alert_unknown,no_alert_not_final_benign,-1,dns,app_proto+port
2025-07-19T23:02:35.290091+0700,103.195.142.109,87.98.154.119,53,39763,UDP,flow,failed,939185194405110,,1,1,0,1437,0,0.0,1,1437,0,none,0,none,0,0,0,no_alert_unknown,no_alert_not_final_benign,-1,dns,port
2025-07-19T23:02:35.290183+0700,103.195.142.74,118.98.44.50,40992,53,UDP,flow,dns,698959152024962,,1,1,0,80,0,0.0,1,80,0,none,0,none,0,0,0,no_alert_unknown,no_alert_not_final_benign,-1,dns,app_proto+port
2025-07-19T23:02:35.290276+0700,103.195.142.109,87.98.154.193,53,62818,UDP,flow,failed,988133431316221,,1,1,0,1437,0,0.0,1,1437,0,none,0,none,0,0,0,no_alert_unknown,no_alert_not_final_benign,-1,dns,port
2025-07-19T23:02:35.290318+0700,103.195.142.109,87.98.154.119,53,41286,UDP,flow,failed,1030198537686869,,1,1,0,1437,0,0.0,1,1437,0,none,0,none,0,0,0,no_alert_unknown,no_alert_not_final_benign,-1,dns,port
2025-07-19T23:02:35.290359+0700,103.195.142.76,87.98.154.194,53,37054,UDP,flow,failed,676635933675462,,1,1,0,1469,0,0.0,1,1469,0,none,0,none,0,0,0,no_alert_unknown,no_alert_not_final_benign,-1,dns,port
2025-07-19T23:02:35.290377+0700,103.195.142.74,118.98.44.100,46142,53,UDP,flow,dns,403574107607045,,1,1,0,102,0,0.0,1,102,0,none,0,none,0,0,0,no_alert_unknown,no_alert_not_final_benign,-1,dns,app_proto+port
2025-07-19T23:02:35.290397+0700,103.195.142.76,87.98.154.82,53,5029,UDP,flow,failed,314864076394643,,1,1,0,1469,0,0.0,1,1469,0,none,0,none,0,0,0,no_alert_unknown,no_alert_not_final_benign,-1,dns,port
2025-07-19T23:02:35.290416+0700,103.195.142.76,87.98.154.130,53,17142,UDP,flow,failed,281550259491117,,1,1,0,1469,0,0.0,1,1469,0,none,0,none,0,0,0,no_alert_unknown,no_alert_not_final_benign,-1,dns,port
2025-07-19T23:02:35.290439+0700,103.195.142.74,118.98.44.50,8660,53,UDP,flow,dns,857094106976565,,1,1,0,85,0,0.0,1,85,0,none,0,none,0,0,0,no_alert_unknown,no_alert_not_final_benign,-1,dns,app_proto+port
2025-07-19T23:02:35.290461+0700,103.195.142.75,8.8.8.8,38013,53,UDP,flow,dns,978710294630721,,1,1,0,214,0,0.0,1,214,0,none,0,none,0,0,0,no_alert_unknown,no_alert_not_final_benign,-1,dns,app_proto+port
2025-07-19T23:02:35.290481+0700,103.195.142.74,118.98.44.100,5762,53,UDP,flow,dns,691311669743944,,1,1,0,79,0,0.0,1,79,0,none,0,none,0,0,0,no_alert_unknown,no_alert_not_final_benign,-1,dns,app_proto+port
2025-07-19T23:02:35.290524+0700,103.195.142.195,87.98.154.119,53,13430,UDP,flow,failed,363626141848190,,1,1,0,1437,0,0.0,1,1437,0,none,0,none,0,0,0,no_alert_unknown,no_alert_not_final_benign,-1,dns,port
2025-07-19T23:02:35.290547+0700,103.195.142.74,118.98.44.20,26357,53,UDP,flow,dns,454060564812496,,1,1,0,68,0,0.0,1,68,0,none,0,none,0,0,0,no_alert_unknown,no_alert_not_final_benign,-1,dns,app_proto+port
2025-07-19T23:02:35.290567+0700,103.195.142.196,87.98.154.118,53,18215,UDP,flow,failed,696910308774661,,1,1,0,1437,0,0.0,1,1437,0,none,0,none,0,0,0,no_alert_unknown,no_alert_not_final_benign,-1,dns,port
2025-07-19T23:02:35.290677+0700,103.195.142.165,87.98.154.1,53,42169,UDP,flow,failed,583673635345512,,1,1,0,1437,0,0.0,1,1437,0,none,0,none,0,0,0,no_alert_unknown,no_alert_not_final_benign,-1,dns,port
2025-07-19T23:02:35.290696+0700,103.195.142.165,87.98.154.65,53,28088,UDP,flow,failed,1022751523017889,,1,1,0,1437,0,0.0,1,1437,0,none,0,none,0,0,0,no_alert_unknown,no_alert_not_final_benign,-1,dns,port
2025-07-19T23:02:35.290715+0700,103.195.142.74,118.98.44.20,9251,53,UDP,flow,dns,353624189113556,,1,1,0,211,0,0.0,1,211,0,none,0,none,0,0,0,no_alert_unknown,no_alert_not_final_benign,-1,dns,app_proto+port
2025-07-19T23:02:35.290735+0700,103.195.142.46,87.98.154.191,53,24808,UDP,flow,failed,517263402407453,,1,1,0,1437,0,0.0,1,1437,0,none,0,none,0,0,0,no_alert_unknown,no_alert_not_final_benign,-1,dns,port
2025-07-19T23:02:35.290809+0700,103.195.142.76,87.98.154.222,53,37000,UDP,flow,failed,405620463834691,,1,1,0,1469,0,0.0,1,1469,0,none,0,none,0,0,0,no_alert_unknown,no_alert_not_final_benign,-1,dns,port
2025-07-19T23:02:35.290827+0700,103.195.142.74,202.134.0.155,15691,53,UDP,flow,dns,835036541490775,,1,1,0,184,0,0.0,1,184,0,none,0,none,0,0,0,no_alert_unknown,no_alert_not_final_benign,-1,dns,app_proto+port
2025-07-19T23:02:35.290847+0700,103.195.142.195,87.98.154.236,53,62716,UDP,flow,failed,444400534754948,,1,1,0,1437,0,0.0,1,1437,0,none,0,none,0,0,0,no_alert_unknown,no_alert_not_final_benign,-1,dns,port
2025-07-19T23:02:35.290893+0700,103.195.142.165,87.98.154.119,53,30662,UDP,flow,failed,1100273826010799,,1,1,0,1437,0,0.0,1,1437,0,none,0,none,0,0,0,no_alert_unknown,no_alert_not_final_benign,-1,dns,port
2025-07-19T23:02:35.290912+0700,103.195.142.74,118.98.44.20,31067,53,UDP,flow,dns,1098129236039376,,1,1,0,68,0,0.0,1,68,0,none,0,none,0,0,0,no_alert_unknown,no_alert_not_final_benign,-1,dns,app_proto+port
2025-07-19T23:02:35.290932+0700,103.195.142.74,118.98.44.100,53409,53,UDP,flow,dns,496634683004707,,1,1,0,71,0,0.0,1,71,0,none,0,none,0,0,0,no_alert_unknown,no_alert_not_final_benign,-1,dns,app_proto+port
2025-07-19T23:02:35.290951+0700,103.195.142.74,118.98.44.100,41697,53,UDP,flow,dns,684182999865334,,1,1,0,83,0,0.0,1,83,0,none,0,none,0,0,0,no_alert_unknown,no_alert_not_final_benign,-1,dns,app_proto+port
2025-07-19T23:02:35.290970+0700,103.195.142.2,162.158.165.236,53,25619,UDP,flow,failed,1087315859937320,,1,1,0,147,0,0.0,1,147,0,none,0,none,0,0,0,no_alert_unknown,no_alert_not_final_benign,-1,dns,port
2025-07-19T23:02:35.290989+0700,103.195.142.74,118.98.44.50,11431,53,UDP,flow,dns,1083807210936407,,1,1,0,97,0,0.0,1,97,0,none,0,none,0,0,0,no_alert_unknown,no_alert_not_final_benign,-1,dns,app_proto+port
2025-07-19T23:02:35.291081+0700,103.195.142.46,87.98.154.119,53,46145,UDP,flow,failed,1023783021975797,,1,1,0,1437,0,0.0,1,1437,0,none,0,none,0,0,0,no_alert_unknown,no_alert_not_final_benign,-1,dns,port
2025-07-19T23:02:35.291140+0700,103.195.142.195,87.98.154.118,53,50054,UDP,flow,failed,551973811984638,,1,1,0,1437,0,0.0,1,1437,0,none,0,none,0,0,0,no_alert_unknown,no_alert_not_final_benign,-1,dns,port
2025-07-19T23:02:35.291164+0700,103.195.142.196,87.98.154.1,53,16837,UDP,flow,failed,615959428274541,,1,1,0,1437,0,0.0,1,1437,0,none,0,none,0,0,0,no_alert_unknown,no_alert_not_final_benign,-1,dns,port
2025-07-19T23:02:35.291182+0700,103.195.142.83,87.98.154.222,53,62216,UDP,flow,failed,828795373033948,,1,1,0,1190,0,0.0,1,1190,0,none,0,none,0,0,0,no_alert_unknown,no_alert_not_final_benign,-1,dns,port
2025-07-19T23:02:35.291207+0700,103.195.142.165,87.98.154.37,53,27668,UDP,flow,failed,2246474544519682,,1,3,0,4311,0,10.0,3,4311,0,none,0,none,0,0,0,no_alert_unknown,no_alert_not_final_benign,-1,dns,port
2025-07-19T23:02:35.291226+0700,103.195.142.2,172.71.153.54,53,48897,UDP,flow,failed,725077670697552,,1,1,0,174,0,0.0,1,174,0,none,0,none,0,0,0,no_alert_unknown,no_alert_not_final_benign,-1,dns,port
2025-07-19T23:02:35.291266+0700,103.195.142.165,87.98.154.119,53,38447,UDP,flow,failed,486371733150409,,1,1,0,1437,0,0.0,1,1437,0,none,0,none,0,0,0,no_alert_unknown,no_alert_not_final_benign,-1,dns,port
2025-07-19T23:02:35.291335+0700,103.195.142.46,87.98.154.43,53,44040,UDP,flow,failed,794758992829187,,1,1,0,1437,0,0.0,1,1437,0,none,0,none,0,0,0,no_alert_unknown,no_alert_not_final_benign,-1,dns,port
2025-07-19T23:02:35.291385+0700,103.195.142.83,87.98.154.119,53,20289,UDP,flow,failed,876407329987447,,1,1,0,1190,0,0.0,1,1190,0,none,0,none,0,0,0,no_alert_unknown,no_alert_not_final_benign,-1,dns,port
2025-07-19T23:02:35.291407+0700,103.195.142.76,87.98.154.119,53,33660,UDP,flow,failed,995257366092817,,1,1,0,1469,0,0.0,1,1469,0,none,0,none,0,0,0,no_alert_unknown,no_alert_not_final_benign,-1,dns,port
2025-07-19T23:02:35.291426+0700,103.195.142.74,118.98.44.50,3147,53,UDP,flow,dns,624983331511342,,1,1,0,87,0,0.0,1,87,0,none,0,none,0,0,0,no_alert_unknown,no_alert_not_final_benign,-1,dns,app_proto+port
2025-07-19T23:02:35.291446+0700,103.195.142.165,87.98.154.119,53,57379,UDP,flow,failed,642264185052299,,1,1,0,1437,0,0.0,1,1437,0,none,0,none,0,0,0,no_alert_unknown,no_alert_not_final_benign,-1,dns,port
2025-07-19T23:02:35.291501+0700,103.195.142.83,87.98.154.119,53,34891,UDP,flow,failed,434051330809252,,1,1,0,1190,0,0.0,1,1190,0,none,0,none,0,0,0,no_alert_unknown,no_alert_not_final_benign,-1,dns,port
2025-07-19T23:02:35.291521+0700,103.195.142.165,87.98.154.118,53,36661,UDP,flow,failed,442912796712430,,1,1,0,1437,0,0.0,1,1437,0,none,0,none,0,0,0,no_alert_unknown,no_alert_not_final_benign,-1,dns,port
2025-07-19T23:02:35.291540+0700,103.195.142.74,118.98.44.50,60673,53,UDP,flow,dns,953662116339227,,1,1,0,214,0,0.0,1,214,0,none,0,none,0,0,0,no_alert_unknown,no_alert_not_final_benign,-1,dns,app_proto+port
2025-07-19T23:02:35.291584+0700,103.195.142.74,202.134.0.155,49252,53,UDP,flow,dns,1007765642878886,,1,1,0,88,0,0.0,1,88,0,none,0,none,0,0,0,no_alert_unknown,no_alert_not_final_benign,-1,dns,app_proto+port
2025-07-19T23:02:35.291627+0700,103.195.142.165,87.98.154.119,53,17431,UDP,flow,failed,795646178894053,,1,1,0,1437,0,0.0,1,1437,0,none,0,none,0,0,0,no_alert_unknown,no_alert_not_final_benign,-1,dns,port
2025-07-19T23:02:35.291655+0700,103.195.142.195,87.98.154.180,53,23656,UDP,flow,failed,1022154397393303,,1,1,0,1437,0,0.0,1,1437,0,none,0,none,0,0,0,no_alert_unknown,no_alert_not_final_benign,-1,dns,port
2025-07-19T23:02:35.291675+0700,103.195.142.75,8.8.8.8,62632,53,UDP,flow,dns,749166357324205,,1,1,0,90,0,0.0,1,90,0,none,0,none,0,0,0,no_alert_unknown,no_alert_not_final_benign,-1,dns,app_proto+port
2025-07-19T23:02:35.291755+0700,103.195.142.76,87.98.154.82,53,41775,UDP,flow,failed,310717567410848,,1,3,0,4407,0,9.0,3,4407,0,none,0,none,0,0,0,no_alert_unknown,no_alert_not_final_benign,-1,dns,port
2025-07-19T23:02:35.291847+0700,103.195.142.109,87.98.154.105,53,58837,UDP,flow,failed,718535873340532,,1,1,0,1437,0,0.0,1,1437,0,none,0,none,0,0,0,no_alert_unknown,no_alert_not_final_benign,-1,dns,port
2025-07-19T23:02:35.291866+0700,103.195.142.74,118.98.44.50,52997,53,UDP,flow,dns,391912402592887,,1,1,0,98,0,0.0,1,98,0,none,0,none,0,0,0,no_alert_unknown,no_alert_not_final_benign,-1,dns,app_proto+port
2025-07-19T23:02:35.291930+0700,103.195.142.76,87.98.154.54,53,17623,UDP,flow,failed,411392524887305,,1,3,0,4407,0,10.0,3,4407,0,none,0,none,0,0,0,no_alert_unknown,no_alert_not_final_benign,-1,dns,port
2025-07-19T23:02:35.291948+0700,103.195.142.74,118.98.44.20,23837,53,UDP,flow,dns,472424974394659,,1,1,0,75,0,0.0,1,75,0,none,0,none,0,0,0,no_alert_unknown,no_alert_not_final_benign,-1,dns,app_proto+port
2025-07-19T23:02:35.291977+0700,103.195.142.195,87.98.154.120,53,61463,UDP,flow,failed,514008013284756,,1,1,0,1437,0,0.0,1,1437,0,none,0,none,0,0,0,no_alert_unknown,no_alert_not_final_benign,-1,dns,port
2025-07-19T23:02:35.291996+0700,103.195.142.196,87.98.154.118,53,58628,UDP,flow,failed,398946539546034,,1,1,0,1437,0,0.0,1,1437,0,none,0,none,0,0,0,no_alert_unknown,no_alert_not_final_benign,-1,dns,port
2025-07-19T23:02:35.292076+0700,103.195.142.196,87.98.154.173,53,38063,UDP,flow,failed,168555351189136,,1,3,0,4311,0,9.0,3,4311,0,none,0,none,0,0,0,no_alert_unknown,no_alert_not_final_benign,-1,dns,port
2025-07-19T23:02:35.292426+0700,103.195.142.74,202.134.0.155,5276,53,UDP,flow,dns,555441903249570,,1,1,0,112,0,0.0,1,112,0,none,0,none,0,0,0,no_alert_unknown,no_alert_not_final_benign,-1,dns,app_proto+port
2025-07-19T23:02:35.292446+0700,103.195.142.74,118.98.44.50,27756,53,UDP,flow,dns,966111963851002,,1,1,0,111,0,0.0,1,111,0,none,0,none,0,0,0,no_alert_unknown,no_alert_not_final_benign,-1,dns,app_proto+port
2025-07-19T23:02:35.292511+0700,103.195.142.46,87.98.154.135,53,22982,UDP,flow,failed,644845789850017,,1,1,0,1437,0,0.0,1,1437,0,none,0,none,0,0,0,no_alert_unknown,no_alert_not_final_benign,-1,dns,port
2025-07-19T23:02:35.292554+0700,103.195.142.109,87.98.154.165,53,5557,UDP,flow,failed,1049634865424895,,1,1,0,1437,0,0.0,1,1437,0,none,0,none,0,0,0,no_alert_unknown,no_alert_not_final_benign,-1,dns,port
2025-07-19T23:02:35.292594+0700,103.195.142.74,118.98.44.100,51543,53,UDP,flow,dns,775720123968066,,1,1,0,99,0,0.0,1,99,0,none,0,none,0,0,0,no_alert_unknown,no_alert_not_final_benign,-1,dns,app_proto+port
2025-07-19T23:02:35.292703+0700,103.195.142.165,87.98.154.119,53,24220,UDP,flow,failed,908025028487963,,1,1,0,1437,0,0.0,1,1437,0,none,0,none,0,0,0,no_alert_unknown,no_alert_not_final_benign,-1,dns,port
2025-07-19T23:02:35.292724+0700,103.195.142.195,87.98.154.119,53,22024,UDP,flow,failed,496323977095989,,1,1,0,1437,0,0.0,1,1437,0,none,0,none,0,0,0,no_alert_unknown,no_alert_not_final_benign,-1,dns,port
2025-07-19T23:02:35.292762+0700,103.195.142.75,8.8.8.8,38117,53,UDP,flow,dns,342373713521790,,1,1,0,99,0,0.0,1,99,0,none,0,none,0,0,0,no_alert_unknown,no_alert_not_final_benign,-1,dns,app_proto+port
2025-07-19T23:02:35.292782+0700,103.195.142.74,118.98.44.20,9153,53,UDP,flow,dns,506894906829972,,1,1,0,77,0,0.0,1,77,0,none,0,none,0,0,0,no_alert_unknown,no_alert_not_final_benign,-1,dns,app_proto+port
2025-07-19T23:02:35.292821+0700,103.195.142.109,87.98.154.119,53,35718,UDP,flow,failed,401741722234224,,1,1,0,1437,0,0.0,1,1437,0,none,0,none,0,0,0,no_alert_unknown,no_alert_not_final_benign,-1,dns,port
2025-07-19T23:02:35.292912+0700,103.195.142.196,87.98.154.119,53,37321,UDP,flow,failed,1122371721768486,,1,1,0,1437,0,0.0,1,1437,0,none,0,none,0,0,0,no_alert_unknown,no_alert_not_final_benign,-1,dns,port
2025-07-19T23:02:35.292953+0700,103.195.142.83,87.98.154.78,53,17879,UDP,flow,failed,969815953124977,,1,1,0,1190,0,0.0,1,1190,0,none,0,none,0,0,0,no_alert_unknown,no_alert_not_final_benign,-1,dns,port
2025-07-19T23:02:35.292972+0700,103.195.142.74,202.134.0.155,47108,53,UDP,flow,dns,727213672574582,,1,1,0,98,0,0.0,1,98,0,none,0,none,0,0,0,no_alert_unknown,no_alert_not_final_benign,-1,dns,app_proto+port
2025-07-19T23:02:35.292997+0700,103.195.142.165,87.98.154.117,53,6737,UDP,flow,failed,846260247146133,,1,1,0,1437,0,0.0,1,1437,0,none,0,none,0,0,0,no_alert_unknown,no_alert_not_final_benign,-1,dns,port
2025-07-19T23:02:35.293016+0700,103.195.142.196,87.98.154.221,53,17992,UDP,flow,failed,347259499851416,,1,1,0,1437,0,0.0,1,1437,0,none,0,none,0,0,0,no_alert_unknown,no_alert_not_final_benign,-1,dns,port
2025-07-19T23:02:35.293034+0700,103.195.142.74,118.98.44.100,61411,53,UDP,flow,dns,345299953463001,,1,1,0,178,0,0.0,1,178,0,none,0,none,0,0,0,no_alert_unknown,no_alert_not_final_benign,-1,dns,app_proto+port
2025-07-19T23:02:35.293139+0700,103.195.142.74,118.98.44.100,34074,53,UDP,flow,dns,618691314397241,,1,1,0,73,0,0.0,1,73,0,none,0,none,0,0,0,no_alert_unknown,no_alert_not_final_benign,-1,dns,app_proto+port
2025-07-19T23:02:35.293165+0700,103.195.142.195,87.98.154.118,53,36239,UDP,flow,failed,344494462939249,,1,1,0,1437,0,0.0,1,1437,0,none,0,none,0,0,0,no_alert_unknown,no_alert_not_final_benign,-1,dns,port
2025-07-19T23:02:35.293241+0700,103.195.142.196,87.98.154.119,53,34439,UDP,flow,failed,877891782390102,,1,1,0,1437,0,0.0,1,1437,0,none,0,none,0,0,0,no_alert_unknown,no_alert_not_final_benign,-1,dns,port
2025-07-19T23:02:35.293291+0700,103.195.142.46,87.98.154.51,53,60846,UDP,flow,failed,204216224067982,,1,3,0,4311,0,10.0,3,4311,0,none,0,none,0,0,0,no_alert_unknown,no_alert_not_final_benign,-1,dns,port
2025-07-19T23:02:35.293311+0700,103.195.142.3,172.70.213.65,53,18359,UDP,flow,failed,604179525546470,,1,1,0,174,0,0.0,1,174,0,none,0,none,0,0,0,no_alert_unknown,no_alert_not_final_benign,-1,dns,port
2025-07-19T23:02:35.293356+0700,103.195.142.195,87.98.154.176,53,17350,UDP,flow,failed,693179500671681,,1,1,0,1437,0,0.0,1,1437,0,none,0,none,0,0,0,no_alert_unknown,no_alert_not_final_benign,-1,dns,port
2025-07-19T23:02:35.293375+0700,103.195.142.74,118.98.44.20,44037,53,UDP,flow,dns,683268418450147,,1,1,0,93,0,0.0,1,93,0,none,0,none,0,0,0,no_alert_unknown,no_alert_not_final_benign,-1,dns,app_proto+port
2025-07-19T23:02:35.293395+0700,103.195.142.195,87.98.154.119,53,7044,UDP,flow,failed,643602582483693,,1,1,0,1437,0,0.0,1,1437,0,none,0,none,0,0,0,no_alert_unknown,no_alert_not_final_benign,-1,dns,port
2025-07-19T23:02:35.293452+0700,103.195.142.74,118.98.44.50,25678,53,UDP,flow,dns,885424456479680,,1,1,0,178,0,0.0,1,178,0,none,0,none,0,0,0,no_alert_unknown,no_alert_not_final_benign,-1,dns,app_proto+port
2025-07-19T23:02:35.293471+0700,103.195.142.74,118.98.44.20,16337,53,UDP,flow,dns,609363403617382,,1,1,0,178,0,0.0,1,178,0,none,0,none,0,0,0,no_alert_unknown,no_alert_not_final_benign,-1,dns,app_proto+port
2025-07-19T23:02:35.293491+0700,103.195.142.165,87.98.154.93,53,31567,UDP,flow,failed,738484246819985,,1,1,0,1437,0,0.0,1,1437,0,none,0,none,0,0,0,no_alert_unknown,no_alert_not_final_benign,-1,dns,port
2025-07-19T23:02:35.293515+0700,103.195.142.46,87.98.154.223,53,38436,UDP,flow,failed,1112971325879505,,1,1,0,1437,0,0.0,1,1437,0,none,0,none,0,0,0,no_alert_unknown,no_alert_not_final_benign,-1,dns,port
2025-07-19T23:02:35.293534+0700,103.195.142.2,162.158.165.236,53,18584,UDP,flow,failed,715260271801645,,1,1,0,174,0,0.0,1,174,0,none,0,none,0,0,0,no_alert_unknown,no_alert_not_final_benign,-1,dns,port
2025-07-19T23:02:35.293573+0700,103.195.142.196,87.98.154.229,53,38915,UDP,flow,failed,591417295058420,,1,1,0,1437,0,0.0,1,1437,0,none,0,none,0,0,0,no_alert_unknown,no_alert_not_final_benign,-1,dns,port
2025-07-19T23:02:35.293592+0700,103.195.142.74,118.98.44.20,32774,53,UDP,flow,dns,757184087799370,,1,1,0,88,0,0.0,1,88,0,none,0,none,0,0,0,no_alert_unknown,no_alert_not_final_benign,-1,dns,app_proto+port
2025-07-19T23:02:35.293655+0700,103.195.142.74,202.134.0.155,41378,53,UDP,flow,dns,698211035330318,,1,1,0,80,0,0.0,1,80,0,none,0,none,0,0,0,no_alert_unknown,no_alert_not_final_benign,-1,dns,app_proto+port
2025-07-19T23:02:35.293701+0700,103.195.142.109,87.98.154.119,53,35089,UDP,flow,failed,1083162997962737,,1,1,0,1437,0,0.0,1,1437,0,none,0,none,0,0,0,no_alert_unknown,no_alert_not_final_benign,-1,dns,port
2025-07-19T23:02:35.293720+0700,103.195.142.196,87.98.154.119,53,50988,UDP,flow,failed,985223704295510,,1,1,0,1437,0,0.0,1,1437,0,none,0,none,0,0,0,no_alert_unknown,no_alert_not_final_benign,-1,dns,port
2025-07-19T23:02:35.293738+0700,103.195.142.165,87.98.154.65,53,9203,UDP,flow,failed,911235629201500,,1,1,0,1437,0,0.0,1,1437,0,none,0,none,0,0,0,no_alert_unknown,no_alert_not_final_benign,-1,dns,port
2025-07-19T23:02:35.293757+0700,103.195.142.83,87.98.154.119,53,59952,UDP,flow,failed,743408708565299,,1,1,0,1190,0,0.0,1,1190,0,none,0,none,0,0,0,no_alert_unknown,no_alert_not_final_benign,-1,dns,port
2025-07-19T23:02:35.293776+0700,103.195.142.195,87.98.154.119,53,1960,UDP,flow,failed,652798151571795,,1,1,0,1437,0,0.0,1,1437,0,none,0,none,0,0,0,no_alert_unknown,no_alert_not_final_benign,-1,dns,port
2025-07-19T23:02:35.293794+0700,103.195.142.165,87.98.154.119,53,30265,UDP,flow,failed,1014456111282526,,1,1,0,1437,0,0.0,1,1437,0,none,0,none,0,0,0,no_alert_unknown,no_alert_not_final_benign,-1,dns,port
2025-07-19T23:02:35.293813+0700,103.195.142.46,87.98.154.135,53,19294,UDP,flow,failed,835523065559629,,1,1,0,1437,0,0.0,1,1437,0,none,0,none,0,0,0,no_alert_unknown,no_alert_not_final_benign,-1,dns,port
2025-07-19T23:02:35.293859+0700,103.195.142.109,87.98.154.118,53,31472,UDP,flow,failed,936782814329468,,1,1,0,1437,0,0.0,1,1437,0,none,0,none,0,0,0,no_alert_unknown,no_alert_not_final_benign,-1,dns,port
2025-07-19T23:02:35.293993+0700,103.195.142.109,87.98.154.77,53,31472,UDP,flow,failed,1056438585211931,,1,1,0,1437,0,0.0,1,1437,0,none,0,none,0,0,0,no_alert_unknown,no_alert_not_final_benign,-1,dns,port
2025-07-19T23:02:35.294036+0700,103.195.142.74,118.98.44.100,13898,53,UDP,flow,dns,918724210998374,,1,1,0,68,0,0.0,1,68,0,none,0,none,0,0,0,no_alert_unknown,no_alert_not_final_benign,-1,dns,app_proto+port
2025-07-19T23:02:35.294075+0700,103.195.142.196,87.98.154.229,53,48058,UDP,flow,failed,875554474310776,,1,1,0,1437,0,0.0,1,1437,0,none,0,none,0,0,0,no_alert_unknown,no_alert_not_final_benign,-1,dns,port
2025-07-19T23:02:35.294094+0700,103.195.142.109,87.98.154.119,53,1043,UDP,flow,failed,627725987953869,,1,1,0,1437,0,0.0,1,1437,0,none,0,none,0,0,0,no_alert_unknown,no_alert_not_final_benign,-1,dns,port
2025-07-19T23:02:35.294160+0700,103.195.142.76,87.98.154.119,53,21826,UDP,flow,failed,565845919219001,,1,1,0,1469,0,0.0,1,1469,0,none,0,none,0,0,0,no_alert_unknown,no_alert_not_final_benign,-1,dns,port
2025-07-19T23:02:35.294179+0700,103.195.142.75,8.8.8.8,46715,53,UDP,flow,dns,803613849632085,,1,1,0,90,0,0.0,1,90,0,none,0,none,0,0,0,no_alert_unknown,no_alert_not_final_benign,-1,dns,app_proto+port
2025-07-19T23:02:35.294245+0700,103.195.142.46,87.98.154.119,53,51899,UDP,flow,failed,1019073388560330,,1,1,0,1437,0,0.0,1,1437,0,none,0,none,0,0,0,no_alert_unknown,no_alert_not_final_benign,-1,dns,port
2025-07-19T23:02:35.294264+0700,103.195.142.3,81.177.135.71,53,62875,UDP,flow,failed,880775908835319,,1,1,0,170,0,0.0,1,170,0,none,0,none,0,0,0,no_alert_unknown,no_alert_not_final_benign,-1,dns,port
2025-07-19T23:02:35.294282+0700,103.195.142.76,87.98.154.119,53,36805,UDP,flow,failed,866911142952952,,1,1,0,1469,0,0.0,1,1469,0,none,0,none,0,0,0,no_alert_unknown,no_alert_not_final_benign,-1,dns,port
2025-07-19T23:02:35.294329+0700,103.195.142.76,87.98.154.119,53,23146,UDP,flow,failed,788911041101833,,1,1,0,1469,0,0.0,1,1469,0,none,0,none,0,0,0,no_alert_unknown,no_alert_not_final_benign,-1,dns,port
2025-07-19T23:02:35.294409+0700,103.195.142.165,87.98.154.93,53,6008,UDP,flow,failed,624017386913981,,1,1,0,1437,0,0.0,1,1437,0,none,0,none,0,0,0,no_alert_unknown,no_alert_not_final_benign,-1,dns,port
2025-07-19T23:02:35.294476+0700,103.195.142.46,87.98.154.107,53,25683,UDP,flow,failed,935011259072943,,1,1,0,1437,0,0.0,1,1437,0,none,0,none,0,0,0,no_alert_unknown,no_alert_not_final_benign,-1,dns,port
2025-07-19T23:02:35.294495+0700,103.195.142.109,87.98.154.119,53,32240,UDP,flow,failed,656293218501059,,1,1,0,1437,0,0.0,1,1437,0,none,0,none,0,0,0,no_alert_unknown,no_alert_not_final_benign,-1,dns,port
2025-07-19T23:02:35.294513+0700,103.195.142.46,87.98.154.119,53,31305,UDP,flow,failed,824602362200572,,1,1,0,1437,0,0.0,1,1437,0,none,0,none,0,0,0,no_alert_unknown,no_alert_not_final_benign,-1,dns,port
2025-07-19T23:02:35.294554+0700,103.195.142.109,87.98.154.249,53,42286,UDP,flow,failed,170977441104447,,1,3,0,4311,0,10.0,3,4311,0,none,0,none,0,0,0,no_alert_unknown,no_alert_not_final_benign,-1,dns,port
2025-07-19T23:02:35.294573+0700,103.195.142.46,87.98.154.191,53,23792,UDP,flow,failed,999750989988533,,1,1,0,1437,0,0.0,1,1437,0,none,0,none,0,0,0,no_alert_unknown,no_alert_not_final_benign,-1,dns,port
2025-07-19T23:02:35.294619+0700,103.195.142.46,87.98.154.119,53,23891,UDP,flow,failed,958282221896469,,1,1,0,1437,0,0.0,1,1437,0,none,0,none,0,0,0,no_alert_unknown,no_alert_not_final_benign,-1,dns,port
2025-07-19T23:02:35.294638+0700,103.195.142.3,81.177.135.71,53,43216,UDP,flow,failed,887906435941168,,1,1,0,127,0,0.0,1,127,0,none,0,none,0,0,0,no_alert_unknown,no_alert_not_final_benign,-1,dns,port
2025-07-19T23:02:35.294657+0700,103.195.142.109,87.98.154.119,53,8351,UDP,flow,failed,838305194001448,,1,1,0,1437,0,0.0,1,1437,0,none,0,none,0,0,0,no_alert_unknown,no_alert_not_final_benign,-1,dns,port
2025-07-19T23:02:35.294675+0700,103.195.142.75,8.8.8.8,49757,53,UDP,flow,dns,804156313519238,,1,1,0,68,0,0.0,1,68,0,none,0,none,0,0,0,no_alert_unknown,no_alert_not_final_benign,-1,dns,app_proto+port
2025-07-19T23:02:35.294714+0700,103.195.142.74,118.98.44.20,45229,53,UDP,flow,dns,585980187395249,,1,1,0,111,0,0.0,1,111,0,none,0,none,0,0,0,no_alert_unknown,no_alert_not_final_benign,-1,dns,app_proto+port
2025-07-19T23:02:35.294734+0700,103.195.142.46,87.98.154.119,53,34149,UDP,flow,failed,598323211748726,,1,1,0,1437,0,0.0,1,1437,0,none,0,none,0,0,0,no_alert_unknown,no_alert_not_final_benign,-1,dns,port
2025-07-19T23:02:35.294801+0700,103.195.142.109,87.98.154.209,53,42622,UDP,flow,failed,1308539333265020,,1,1,0,1437,0,0.0,1,1437,0,none,0,none,0,0,0,no_alert_unknown,no_alert_not_final_benign,-1,dns,port
2025-07-19T23:02:35.294820+0700,103.195.142.74,118.98.44.20,44135,53,UDP,flow,dns,815878796560085,,1,1,0,98,0,0.0,1,98,0,none,0,none,0,0,0,no_alert_unknown,no_alert_not_final_benign,-1,dns,app_proto+port
2025-07-19T23:02:35.301633+0700,103.195.142.74,118.98.44.20,25943,53,UDP,dns,,1014032548316386,wire/pcap,0,0,0,0,0,0.0,0,0,0,none,0,none,0,0,0,no_alert_unknown,no_alert_not_final_benign,-1,dns,port
2025-07-19T23:02:35.318573+0700,103.195.142.74,118.98.44.20,58620,53,UDP,dns,,1086787586448349,wire/pcap,0,0,0,0,0,0.0,0,0,0,none,0,none,0,0,0,no_alert_unknown,no_alert_not_final_benign,-1,dns,port
2025-07-19T23:02:35.320738+0700,103.195.142.74,202.134.0.155,45237,53,UDP,dns,,1096085845233396,wire/pcap,0,0,0,0,0,0.0,0,0,0,none,0,none,0,0,0,no_alert_unknown,no_alert_not_final_benign,-1,dns,port
2025-07-19T23:02:35.337197+0700,103.195.142.74,118.98.44.100,28167,53,UDP,dns,,885302959873275,wire/pcap,0,0,0,0,0,0.0,0,0,0,none,0,none,0,0,0,no_alert_unknown,no_alert_not_final_benign,-1,dns,port
2025-07-19T23:02:35.351431+0700,103.195.142.75,8.8.8.8,63307,53,UDP,dns,,946437234383501,wire/pcap,0,0,0,0,0,0.0,0,0,0,none,0,none,0,0,0,no_alert_unknown,no_alert_not_final_benign,-1,dns,port
2025-07-19T23:02:35.364683+0700,103.195.142.74,118.98.44.20,51628,53,UDP,dns,,1003354117663188,wire/pcap,0,0,0,0,0,0.0,0,0,0,none,0,none,0,0,0,no_alert_unknown,no_alert_not_final_benign,-1,dns,port
2025-07-19T23:02:35.364796+0700,103.195.142.74,118.98.44.20,26581,53,UDP,dns,,1003838660317295,wire/pcap,0,0,0,0,0,0.0,0,0,0,none,0,none,0,0,0,no_alert_unknown,no_alert_not_final_benign,-1,dns,port
2025-07-19T23:02:35.364806+0700,103.195.142.74,118.98.44.100,19036,53,UDP,dns,,1003881155878820,wire/pcap,0,0,0,0,0,0.0,0,0,0,none,0,none,0,0,0,no_alert_unknown,no_alert_not_final_benign,-1,dns,port
2025-07-19T23:02:35.494626+0700,103.195.142.74,202.134.0.155,2893,53,UDP,dns,,998506826186385,wire/pcap,0,0,0,0,0,0.0,0,0,0,none,0,none,0,0,0,no_alert_unknown,no_alert_not_final_benign,-1,dns,port
2025-07-19T23:02:35.494762+0700,103.195.142.74,118.98.44.20,48125,53,UDP,dns,,999086934773217,wire/pcap,0,0,0,0,0,0.0,0,0,0,none,0,none,0,0,0,no_alert_unknown,no_alert_not_final_benign,-1,dns,port
2025-07-19T23:02:35.494763+0700,103.195.142.74,118.98.44.50,11700,53,UDP,dns,,999091998272821,wire/pcap,0,0,0,0,0,0.0,0,0,0,none,0,none,0,0,0,no_alert_unknown,no_alert_not_final_benign,-1,dns,port
2025-07-19T23:02:35.501743+0700,103.195.142.74,118.98.44.50,58442,53,UDP,dns,,1029072305218880,wire/pcap,0,0,0,0,0,0.0,0,0,0,none,0,none,0,0,0,no_alert_unknown,no_alert_not_final_benign,-1,dns,port
2025-07-19T23:02:35.533060+0700,103.195.142.75,8.8.8.8,21863,53,UDP,dns,,882104080942305,wire/pcap,0,0,0,0,0,0.0,0,0,0,none,0,none,0,0,0,no_alert_unknown,no_alert_not_final_benign,-1,dns,port
2025-07-19T23:02:35.550146+0700,103.195.142.75,8.8.8.8,3554,53,UDP,dns,,955485891274202,wire/pcap,0,0,0,0,0,0.0,0,0,0,none,0,none,0,0,0,no_alert_unknown,no_alert_not_final_benign,-1,dns,port
2025-07-19T23:02:35.589370+0700,103.195.142.74,118.98.44.50,24769,53,UDP,dns,,1123950774257056,wire/pcap,0,0,0,0,0,0.0,0,0,0,none,0,none,0,0,0,no_alert_unknown,no_alert_not_final_benign,-1,dns,port
2025-07-19T23:02:35.594877+0700,103.195.142.74,118.98.44.50,38596,53,UDP,dns,,866128552284215,wire/pcap,0,0,0,0,0,0.0,0,0,0,none,0,none,0,0,0,no_alert_unknown,no_alert_not_final_benign,-1,dns,port
2025-07-19T23:02:35.606247+0700,103.195.142.75,8.8.8.8,37413,53,UDP,dns,,914962447946083,wire/pcap,0,0,0,0,0,0.0,0,0,0,none,0,none,0,0,0,no_alert_unknown,no_alert_not_final_benign,-1,dns,port
2025-07-19T23:02:35.665130+0700,103.195.142.75,8.8.8.8,52661,53,UDP,dns,,886387469325023,wire/pcap,0,0,0,0,0,0.0,0,0,0,none,0,none,0,0,0,no_alert_unknown,no_alert_not_final_benign,-1,dns,port
2025-07-19T23:02:35.665413+0700,103.195.142.75,8.8.8.8,57441,53,UDP,dns,,887604975720562,wire/pcap,0,0,0,0,0,0.0,0,0,0,none,0,none,0,0,0,no_alert_unknown,no_alert_not_final_benign,-1,dns,port
2025-07-19T23:02:35.665504+0700,103.195.142.75,8.8.8.8,5091,53,UDP,dns,,887995818690680,wire/pcap,0,0,0,0,0,0.0,0,0,0,none,0,none,0,0,0,no_alert_unknown,no_alert_not_final_benign,-1,dns,port
2025-07-19T23:02:35.719220+0700,103.195.142.74,118.98.44.50,22975,53,UDP,dns,,1118702087076297,wire/pcap,0,0,0,0,0,0.0,0,0,0,none,0,none,0,0,0,no_alert_unknown,no_alert_not_final_benign,-1,dns,port
2025-07-19T23:02:35.766424+0700,103.195.142.74,118.98.44.50,6184,53,UDP,dns,,1039970256880545,wire/pcap,0,0,0,0,0,0.0,0,0,0,none,0,none,0,0,0,no_alert_unknown,no_alert_not_final_benign,-1,dns,port
2025-07-19T23:02:35.783737+0700,103.195.142.74,202.134.0.155,32522,53,UDP,dns,,1114326902289807,wire/pcap,0,0,0,0,0,0.0,0,0,0,none,0,none,0,0,0,no_alert_unknown,no_alert_not_final_benign,-1,dns,port
2025-07-19T23:02:35.806632+0700,103.195.142.74,118.98.44.100,9625,53,UDP,dns,,931184005713443,wire/pcap,0,0,0,0,0,0.0,0,0,0,none,0,none,0,0,0,no_alert_unknown,no_alert_not_final_benign,-1,dns,port
2025-07-19T23:02:35.806704+0700,103.195.142.74,202.134.0.155,26197,53,UDP,dns,,931494300991684,wire/pcap,0,0,0,0,0,0.0,0,0,0,none,0,none,0,0,0,no_alert_unknown,no_alert_not_final_benign,-1,dns,port
2025-07-19T23:02:35.819904+0700,103.195.142.74,202.134.0.155,59867,53,UDP,dns,,988188395625605,wire/pcap,0,0,0,0,0,0.0,0,0,0,none,0,none,0,0,0,no_alert_unknown,no_alert_not_final_benign,-1,dns,port
2025-07-19T23:02:35.831464+0700,103.195.142.74,202.134.0.155,47275,53,UDP,dns,,1037838248541860,wire/pcap,0,0,0,0,0,0.0,0,0,0,none,0,none,0,0,0,no_alert_unknown,no_alert_not_final_benign,-1,dns,port
2025-07-19T23:02:35.831584+0700,103.195.142.75,8.8.8.8,34851,53,UDP,dns,,1038354055794520,wire/pcap,0,0,0,0,0,0.0,0,0,0,none,0,none,0,0,0,no_alert_unknown,no_alert_not_final_benign,-1,dns,port
2025-07-19T23:02:35.851103+0700,103.195.142.74,118.98.44.20,48167,53,UDP,dns,,1122184924457829,wire/pcap,0,0,0,0,0,0.0,0,0,0,none,0,none,0,0,0,no_alert_unknown,no_alert_not_final_benign,-1,dns,port
2025-07-19T23:02:35.863336+0700,103.195.142.74,118.98.44.20,52651,53,UDP,dns,,893252854878458,wire/pcap,0,0,0,0,0,0.0,0,0,0,none,0,none,0,0,0,no_alert_unknown,no_alert_not_final_benign,-1,dns,port
2025-07-19T23:02:35.863457+0700,103.195.142.74,202.134.0.155,37624,53,UDP,dns,,893773250457828,wire/pcap,0,0,0,0,0,0.0,0,0,0,none,0,none,0,0,0,no_alert_unknown,no_alert_not_final_benign,-1,dns,port
2025-07-19T23:02:35.868436+0700,103.195.142.74,118.98.44.50,32414,53,UDP,dns,,915155338778187,wire/pcap,0,0,0,0,0,0.0,0,0,0,none,0,none,0,0,0,no_alert_unknown,no_alert_not_final_benign,-1,dns,port
2025-07-19T23:02:35.874176+0700,103.195.142.75,69.16.230.48,48063,53,UDP,dns,,939807924521345,wire/pcap,0,0,0,0,0,0.0,0,0,0,none,0,none,0,0,0,no_alert_unknown,no_alert_not_final_benign,-1,dns,port
2025-07-19T23:02:35.874385+0700,103.195.142.74,202.134.0.155,46169,53,UDP,dns,,940707660335080,wire/pcap,0,0,0,0,0,0.0,0,0,0,none,0,none,0,0,0,no_alert_unknown,no_alert_not_final_benign,-1,dns,port
2025-07-19T23:02:35.874567+0700,103.195.142.74,118.98.44.100,41261,53,UDP,dns,,205826314847949,wire/pcap,0,0,0,0,0,0.0,0,0,0,none,0,none,0,0,0,no_alert_unknown,no_alert_not_final_benign,-1,dns,port
2025-07-19T23:02:35.886384+0700,103.195.142.74,118.98.44.50,17281,53,UDP,dns,,992243560145220,wire/pcap,0,0,0,0,0,0.0,0,0,0,none,0,none,0,0,0,no_alert_unknown,no_alert_not_final_benign,-1,dns,port
2025-07-19T23:02:35.897005+0700,103.195.142.74,118.98.44.50,55014,53,UDP,dns,,1037859211379242,wire/pcap,0,0,0,0,0,0.0,0,0,0,none,0,none,0,0,0,no_alert_unknown,no_alert_not_final_benign,-1,dns,port
2025-07-19T23:02:35.907825+0700,103.195.142.74,118.98.44.20,30588,53,UDP,dns,,1084330456867992,wire/pcap,0,0,0,0,0,0.0,0,0,0,none,0,none,0,0,0,no_alert_unknown,no_alert_not_final_benign,-1,dns,port
2025-07-19T23:02:35.916158+0700,103.195.142.108,8.8.8.8,1900,53,UDP,dns,,1216074754602613,wire/pcap,0,0,0,0,0,0.0,0,0,0,none,0,none,0,0,0,no_alert_unknown,no_alert_not_final_benign,-1,dns,port
2025-07-19T23:02:35.957022+0700,103.195.142.74,118.98.44.20,44961,53,UDP,dns,,1014153954529450,wire/pcap,0,0,0,0,0,0.0,0,0,0,none,0,none,0,0,0,no_alert_unknown,no_alert_not_final_benign,-1,dns,port
2025-07-19T23:02:35.962120+0700,103.195.142.74,34.8.38.57,40728,53,UDP,dns,,1036049452656404,wire/pcap,0,0,0,0,0,0.0,0,0,0,none,0,none,0,0,0,no_alert_unknown,no_alert_not_final_benign,-1,dns,port
2025-07-19T23:02:35.976052+0700,103.195.142.75,8.8.8.8,31918,53,UDP,dns,,1095889533375032,wire/pcap,0,0,0,0,0,0.0,0,0,0,none,0,none,0,0,0,no_alert_unknown,no_alert_not_final_benign,-1,dns,port
2025-07-19T23:02:35.976111+0700,103.195.142.74,202.134.0.155,56331,53,UDP,dns,,1096143338567759,wire/pcap,0,0,0,0,0,0.0,0,0,0,none,0,none,0,0,0,no_alert_unknown,no_alert_not_final_benign,-1,dns,port
2025-07-19T23:02:35.976189+0700,103.195.142.74,202.134.0.155,56298,53,UDP,dns,,1096475521311841,wire/pcap,0,0,0,0,0,0.0,0,0,0,none,0,none,0,0,0,no_alert_unknown,no_alert_not_final_benign,-1,dns,port
2025-07-19T23:02:35.977584+0700,103.195.142.75,8.8.8.8,62511,53,UDP,dns,,1102469277047103,wire/pcap,0,0,0,0,0,0.0,0,0,0,none,0,none,0,0,0,no_alert_unknown,no_alert_not_final_benign,-1,dns,port
2025-07-19T23:02:35.988495+0700,103.195.142.75,34.8.196.142,46175,53,UDP,dns,,867856615397022,wire/pcap,0,0,0,0,0,0.0,0,0,0,none,0,none,0,0,0,no_alert_unknown,no_alert_not_final_benign,-1,dns,port
2025-07-19T23:02:35.991353+0700,103.195.142.74,216.38.8.121,2557,53,UDP,dns,,880133037936646,wire/pcap,0,0,0,0,0,0.0,0,0,0,none,0,none,0,0,0,no_alert_unknown,no_alert_not_final_benign,-1,dns,port
2025-07-19T23:02:36.008111+0700,103.195.142.74,202.134.0.155,4733,53,UDP,dns,,1160738345642178,wire/pcap,0,0,0,0,0,0.0,0,0,0,none,0,none,0,0,0,no_alert_unknown,no_alert_not_final_benign,-1,dns,port
2025-07-19T23:02:36.008165+0700,103.195.142.75,8.8.8.8,7020,53,UDP,dns,,1160970888517683,wire/pcap,0,0,0,0,0,0.0,0,0,0,none,0,none,0,0,0,no_alert_unknown,no_alert_not_final_benign,-1,dns,port
2025-07-19T23:02:36.014822+0700,103.195.142.74,118.98.44.100,30929,53,UDP,dns,,1189562462311901,wire/pcap,0,0,0,0,0,0.0,0,0,0,none,0,none,0,0,0,no_alert_unknown,no_alert_not_final_benign,-1,dns,port
2025-07-19T23:02:36.031178+0700,103.195.142.74,118.98.44.20,15910,53,UDP,dns,,1259811310675260,wire/pcap,0,0,0,0,0,0.0,0,0,0,none,0,none,0,0,0,no_alert_unknown,no_alert_not_final_benign,-1,dns,port
2025-07-19T23:02:36.046404+0700,103.195.142.31,8.8.8.8,36315,53,UDP,dns,,1325205166306773,wire/pcap,0,0,0,0,0,0.0,0,0,0,none,0,none,0,0,0,no_alert_unknown,no_alert_not_final_benign,-1,dns,port
2025-07-19T23:02:36.053649+0700,103.195.142.74,118.98.44.50,9289,53,UDP,dns,,1356324346924788,wire/pcap,0,0,0,0,0,0.0,0,0,0,none,0,none,0,0,0,no_alert_unknown,no_alert_not_final_benign,-1,dns,port
2025-07-19T23:02:36.053726+0700,103.195.142.74,118.98.44.100,26796,53,UDP,dns,,1356651477938938,wire/pcap,0,0,0,0,0,0.0,0,0,0,none,0,none,0,0,0,no_alert_unknown,no_alert_not_final_benign,-1,dns,port
2025-07-19T23:02:36.053890+0700,103.195.142.74,118.98.44.100,10857,53,UDP,dns,,1357358699573828,wire/pcap,0,0,0,0,0,0.0,0,0,0,none,0,none,0,0,0,no_alert_unknown,no_alert_not_final_benign,-1,dns,port
2025-07-19T23:02:36.056932+0700,103.195.142.31,8.8.8.8,28039,53,UDP,dns,,1370425231304215,wire/pcap,0,0,0,0,0,0.0,0,0,0,none,0,none,0,0,0,no_alert_unknown,no_alert_not_final_benign,-1,dns,port
2025-07-19T23:02:36.057939+0700,103.195.142.74,118.98.44.50,16846,53,UDP,dns,,1374749380994669,wire/pcap,0,0,0,0,0,0.0,0,0,0,none,0,none,0,0,0,no_alert_unknown,no_alert_not_final_benign,-1,dns,port
2025-07-19T23:02:36.058981+0700,103.195.142.74,118.98.44.50,50991,53,UDP,dns,,1379223591945844,wire/pcap,0,0,0,0,0,0.0,0,0,0,none,0,none,0,0,0,no_alert_unknown,no_alert_not_final_benign,-1,dns,port
2025-07-19T23:02:36.060370+0700,103.195.142.74,202.134.0.155,20899,53,UDP,dns,,1385188288754181,wire/pcap,0,0,0,0,0,0.0,0,0,0,none,0,none,0,0,0,no_alert_unknown,no_alert_not_final_benign,-1,dns,port
2025-07-19T23:02:36.065849+0700,103.195.142.74,118.98.44.20,40229,53,UDP,dns,,1127248007189841,wire/pcap,0,0,0,0,0,0.0,0,0,0,none,0,none,0,0,0,no_alert_unknown,no_alert_not_final_benign,-1,dns,port
2025-07-19T23:02:36.066021+0700,103.195.142.75,8.8.8.8,38444,53,UDP,dns,,1127983651576920,wire/pcap,0,0,0,0,0,0.0,0,0,0,none,0,none,0,0,0,no_alert_unknown,no_alert_not_final_benign,-1,dns,port
2025-07-19T23:02:36.081486+0700,103.195.142.74,202.134.0.155,1810,53,UDP,dns,,1194405407145892,wire/pcap,0,0,0,0,0,0.0,0,0,0,none,0,none,0,0,0,no_alert_unknown,no_alert_not_final_benign,-1,dns,port
2025-07-19T23:02:36.089884+0700,103.195.142.74,202.134.0.155,61832,53,UDP,dns,,1230476391245228,wire/pcap,0,0,0,0,0,0.0,0,0,0,none,0,none,0,0,0,no_alert_unknown,no_alert_not_final_benign,-1,dns,port
2025-07-19T23:02:36.111742+0700,103.195.142.74,118.98.44.100,56577,53,UDP,dns,,1324357278601505,wire/pcap,0,0,0,0,0,0.0,0,0,0,none,0,none,0,0,0,no_alert_unknown,no_alert_not_final_benign,-1,dns,port
2025-07-19T23:02:36.121831+0700,103.195.142.75,8.8.8.8,57943,53,UDP,dns,,1367689344069190,wire/pcap,0,0,0,0,0,0.0,0,0,0,none,0,none,0,0,0,no_alert_unknown,no_alert_not_final_benign,-1,dns,port
2025-07-19T23:02:36.162660+0700,103.195.142.74,118.98.44.20,4115,53,UDP,dns,,1261572796864563,wire/pcap,0,0,0,0,0,0.0,0,0,0,none,0,none,0,0,0,no_alert_unknown,no_alert_not_final_benign,-1,dns,port
2025-07-19T23:02:36.162786+0700,103.195.142.74,202.134.0.155,15405,53,UDP,dns,,1262113824061012,wire/pcap,0,0,0,0,0,0.0,0,0,0,none,0,none,0,0,0,no_alert_unknown,no_alert_not_final_benign,-1,dns,port
2025-07-19T23:02:36.199380+0700,103.195.142.74,118.98.44.100,54008,53,UDP,dns,,1137808438770356,wire/pcap,0,0,0,0,0,0.0,0,0,0,none,0,none,0,0,0,no_alert_unknown,no_alert_not_final_benign,-1,dns,port
2025-07-19T23:02:36.230824+0700,103.195.142.75,8.8.8.8,52253,53,UDP,dns,,1272857195711614,wire/pcap,0,0,0,0,0,0.0,0,0,0,none,0,none,0,0,0,no_alert_unknown,no_alert_not_final_benign,-1,dns,port
2025-07-19T23:02:36.238400+0700,103.195.142.74,118.98.44.50,57054,53,UDP,dns,,1305398638722469,wire/pcap,0,0,0,0,0,0.0,0,0,0,none,0,none,0,0,0,no_alert_unknown,no_alert_not_final_benign,-1,dns,port
2025-07-19T23:02:36.238496+0700,103.195.142.74,118.98.44.20,20018,53,UDP,dns,,1305807912205640,wire/pcap,0,0,0,0,0,0.0,0,0,0,none,0,none,0,0,0,no_alert_unknown,no_alert_not_final_benign,-1,dns,port
2025-07-19T23:02:36.255166+0700,103.195.142.74,202.134.0.155,43503,53,UDP,dns,,1377405479358745,wire/pcap,0,0,0,0,0,0.0,0,0,0,none,0,none,0,0,0,no_alert_unknown,no_alert_not_final_benign,-1,dns,port
2025-07-19T23:02:36.268927+0700,103.195.142.195,87.98.154.148,53,51571,UDP,flow,failed,934689480788115,,1,1,0,1437,0,0.0,1,1437,0,none,0,none,0,0,0,no_alert_unknown,no_alert_not_final_benign,-1,dns,port
2025-07-19T23:02:36.269030+0700,103.195.142.165,87.98.154.149,53,45992,UDP,flow,failed,1083382979447159,,1,1,0,1437,0,0.0,1,1437,0,none,0,none,0,0,0,no_alert_unknown,no_alert_not_final_benign,-1,dns,port
2025-07-19T23:02:36.269055+0700,103.195.142.74,202.134.0.155,52874,53,UDP,flow,dns,1023477777779105,,1,1,0,220,0,0.0,1,220,0,none,0,none,0,0,0,no_alert_unknown,no_alert_not_final_benign,-1,dns,app_proto+port
2025-07-19T23:02:36.269119+0700,103.195.142.83,87.98.154.119,53,27158,UDP,flow,failed,836853794949539,,1,1,0,1190,0,0.0,1,1190,0,none,0,none,0,0,0,no_alert_unknown,no_alert_not_final_benign,-1,dns,port
2025-07-19T23:02:36.269179+0700,103.195.142.83,87.98.154.119,53,27395,UDP,flow,failed,644088894278110,,1,1,0,1190,0,0.0,1,1190,0,none,0,none,0,0,0,no_alert_unknown,no_alert_not_final_benign,-1,dns,port
2025-07-19T23:02:36.269240+0700,103.195.142.74,118.98.44.20,17341,53,UDP,flow,dns,944716918049296,,1,1,0,98,0,0.0,1,98,0,none,0,none,0,0,0,no_alert_unknown,no_alert_not_final_benign,-1,dns,app_proto+port
2025-07-19T23:02:36.269375+0700,103.195.142.165,87.98.154.119,53,50650,UDP,flow,failed,1320021875903496,,1,1,0,1437,0,0.0,1,1437,0,none,0,none,0,0,0,no_alert_unknown,no_alert_not_final_benign,-1,dns,port
2025-07-19T23:02:36.269394+0700,103.195.142.195,87.98.154.208,53,41534,UDP,flow,failed,288025711103080,,1,3,0,4311,0,10.0,3,4311,0,none,0,none,0,0,0,no_alert_unknown,no_alert_not_final_benign,-1,dns,port
2025-07-19T23:02:36.269433+0700,103.195.142.74,202.134.0.155,35961,53,UDP,flow,dns,768946181066071,,1,1,0,98,0,0.0,1,98,0,none,0,none,0,0,0,no_alert_unknown,no_alert_not_final_benign,-1,dns,app_proto+port
2025-07-19T23:02:36.269454+0700,103.195.142.83,87.98.154.118,53,52487,UDP,flow,failed,1291306483797373,,1,1,0,1190,0,0.0,1,1190,0,none,0,none,0,0,0,no_alert_unknown,no_alert_not_final_benign,-1,dns,port
2025-07-19T23:02:36.269491+0700,103.195.142.74,118.98.44.50,44270,53,UDP,flow,dns,952887433317943,,1,1,0,97,0,0.0,1,97,0,none,0,none,0,0,0,no_alert_unknown,no_alert_not_final_benign,-1,dns,app_proto+port
2025-07-19T23:02:36.269530+0700,103.195.142.74,118.98.44.100,12450,53,UDP,flow,dns,1056737311411780,,1,1,0,98,0,0.0,1,98,0,none,0,none,0,0,0,no_alert_unknown,no_alert_not_final_benign,-1,dns,app_proto+port
2025-07-19T23:02:36.269570+0700,103.195.142.83,87.98.154.119,53,18824,UDP,flow,failed,879268485877489,,1,1,0,1190,0,0.0,1,1190,0,none,0,none,0,0,0,no_alert_unknown,no_alert_not_final_benign,-1,dns,port
2025-07-19T23:02:36.269675+0700,103.195.142.195,87.98.154.119,53,10794,UDP,flow,failed,859915189833589,,1,1,0,1437,0,0.0,1,1437,0,none,0,none,0,0,0,no_alert_unknown,no_alert_not_final_benign,-1,dns,port
2025-07-19T23:02:36.269699+0700,103.195.142.195,87.98.154.228,53,39024,UDP,flow,failed,943510518517661,,1,1,0,1437,0,0.0,1,1437,0,none,0,none,0,0,0,no_alert_unknown,no_alert_not_final_benign,-1,dns,port
2025-07-19T23:02:36.269718+0700,103.195.142.76,87.98.154.119,53,7656,UDP,flow,failed,765939748917195,,1,1,0,1469,0,0.0,1,1469,0,none,0,none,0,0,0,no_alert_unknown,no_alert_not_final_benign,-1,dns,port
2025-07-19T23:02:36.269760+0700,103.195.142.74,118.98.44.100,44874,53,UDP,flow,dns,1014005422313551,,1,1,0,87,0,0.0,1,87,0,none,0,none,0,0,0,no_alert_unknown,no_alert_not_final_benign,-1,dns,app_proto+port
2025-07-19T23:02:36.269780+0700,103.195.142.83,87.98.154.119,53,23942,UDP,flow,failed,872738131628126,,1,1,0,1190,0,0.0,1,1190,0,none,0,none,0,0,0,no_alert_unknown,no_alert_not_final_benign,-1,dns,port
2025-07-19T23:02:36.269819+0700,103.195.142.75,8.8.8.8,28523,53,UDP,flow,dns,1027872460787846,,1,1,0,68,0,0.0,1,68,0,none,0,none,0,0,0,no_alert_unknown,no_alert_not_final_benign,-1,dns,app_proto+port
2025-07-19T23:02:36.269839+0700,103.195.142.74,118.98.44.50,21645,53,UDP,flow,dns,569041079390553,,1,1,0,96,0,0.0,1,96,0,none,0,none,0,0,0,no_alert_unknown,no_alert_not_final_benign,-1,dns,app_proto+port
2025-07-19T23:02:36.269927+0700,103.195.142.109,87.98.154.119,53,23606,UDP,flow,failed,570538293351133,,1,1,0,1437,0,0.0,1,1437,0,none,0,none,0,0,0,no_alert_unknown,no_alert_not_final_benign,-1,dns,port
2025-07-19T23:02:36.269945+0700,103.195.142.74,118.98.44.20,2848,53,UDP,flow,dns,1027781030531889,,1,1,0,98,0,0.0,1,98,0,none,0,none,0,0,0,no_alert_unknown,no_alert_not_final_benign,-1,dns,app_proto+port
2025-07-19T23:02:36.269965+0700,103.195.142.165,87.98.154.181,53,21142,UDP,flow,failed,901835530720073,,1,1,0,1437,0,0.0,1,1437,0,none,0,none,0,0,0,no_alert_unknown,no_alert_not_final_benign,-1,dns,port
2025-07-19T23:02:36.270012+0700,103.195.142.196,87.98.154.57,53,59711,UDP,flow,failed,961748290589676,,1,1,0,1437,0,0.0,1,1437,0,none,0,none,0,0,0,no_alert_unknown,no_alert_not_final_benign,-1,dns,port
2025-07-19T23:02:36.270096+0700,103.195.142.74,118.98.44.20,28147,53,UDP,flow,dns,1151415660270764,,1,1,0,178,0,0.0,1,178,0,none,0,none,0,0,0,no_alert_unknown,no_alert_not_final_benign,-1,dns,app_proto+port
2025-07-19T23:02:36.270128+0700,103.195.142.83,87.98.154.106,53,16762,UDP,flow,failed,577694578529602,,1,1,0,1190,0,0.0,1,1190,0,none,0,none,0,0,0,no_alert_unknown,no_alert_not_final_benign,-1,dns,port
2025-07-19T23:02:36.270146+0700,103.195.142.2,188.122.68.216,53,20959,UDP,flow,failed,969116713244001,,1,1,0,136,0,0.0,1,136,0,none,0,none,0,0,0,no_alert_unknown,no_alert_not_final_benign,-1,dns,port
2025-07-19T23:02:36.270297+0700,103.195.142.109,87.98.154.119,53,40890,UDP,flow,failed,765467093849530,,1,1,0,1437,0,0.0,1,1437,0,none,0,none,0,0,0,no_alert_unknown,no_alert_not_final_benign,-1,dns,port
2025-07-19T23:02:36.270316+0700,103.195.142.109,87.98.154.133,53,46671,UDP,flow,failed,912002757121487,,1,1,0,1437,0,0.0,1,1437,0,none,0,none,0,0,0,no_alert_unknown,no_alert_not_final_benign,-1,dns,port
2025-07-19T23:02:36.270446+0700,103.195.142.195,87.98.154.208,53,35377,UDP,flow,failed,724498182330230,,1,1,0,1437,0,0.0,1,1437,0,none,0,none,0,0,0,no_alert_unknown,no_alert_not_final_benign,-1,dns,port
2025-07-19T23:02:36.270487+0700,103.195.142.83,87.98.154.119,53,24739,UDP,flow,failed,713156065122314,,1,1,0,1190,0,0.0,1,1190,0,none,0,none,0,0,0,no_alert_unknown,no_alert_not_final_benign,-1,dns,port
2025-07-19T23:02:36.270507+0700,103.195.142.165,87.98.154.119,53,21670,UDP,flow,failed,882596066580541,,1,1,0,1437,0,0.0,1,1437,0,none,0,none,0,0,0,no_alert_unknown,no_alert_not_final_benign,-1,dns,port
2025-07-19T23:02:36.270596+0700,103.195.142.74,118.98.44.100,61632,53,UDP,flow,dns,1190536749930774,,1,1,0,68,0,0.0,1,68,0,none,0,none,0,0,0,no_alert_unknown,no_alert_not_final_benign,-1,dns,app_proto+port
2025-07-19T23:02:36.270659+0700,103.195.142.46,87.98.154.107,53,7178,UDP,flow,failed,877505658968355,,1,1,0,1437,0,0.0,1,1437,0,none,0,none,0,0,0,no_alert_unknown,no_alert_not_final_benign,-1,dns,port
2025-07-19T23:02:36.270779+0700,103.195.142.74,118.98.44.100,20728,53,UDP,flow,dns,885871679003137,,1,1,0,68,0,0.0,1,68,0,none,0,none,0,0,0,no_alert_unknown,no_alert_not_final_benign,-1,dns,app_proto+port
2025-07-19T23:02:36.270844+0700,103.195.142.74,118.98.44.20,13020,53,UDP,flow,dns,1178120587467357,,1,1,0,250,0,0.0,1,250,0,none,0,none,0,0,0,no_alert_unknown,no_alert_not_final_benign,-1,dns,app_proto+port
2025-07-19T23:02:36.270890+0700,103.195.142.74,118.98.44.100,13182,53,UDP,flow,dns,983155203856995,,1,1,0,178,0,0.0,1,178,0,none,0,none,0,0,0,no_alert_unknown,no_alert_not_final_benign,-1,dns,app_proto+port
2025-07-19T23:02:36.270979+0700,103.195.142.196,87.98.154.119,53,53894,UDP,flow,failed,1262570682997671,,1,1,0,1437,0,0.0,1,1437,0,none,0,none,0,0,0,no_alert_unknown,no_alert_not_final_benign,-1,dns,port
2025-07-19T23:02:36.270998+0700,103.195.142.76,87.98.154.26,53,13387,UDP,flow,failed,863624588188641,,1,1,0,1469,0,0.0,1,1469,0,none,0,none,0,0,0,no_alert_unknown,no_alert_not_final_benign,-1,dns,port
2025-07-19T23:02:36.271044+0700,103.195.142.74,118.98.44.50,53329,53,UDP,flow,dns,834622400584751,,1,1,0,68,0,0.0,1,68,0,none,0,none,0,0,0,no_alert_unknown,no_alert_not_final_benign,-1,dns,app_proto+port
2025-07-19T23:02:36.271064+0700,103.195.142.74,118.98.44.50,29245,53,UDP,flow,dns,1078476401106209,,1,1,0,250,0,0.0,1,250,0,none,0,none,0,0,0,no_alert_unknown,no_alert_not_final_benign,-1,dns,app_proto+port
2025-07-19T23:02:36.271085+0700,103.195.142.74,118.98.44.100,51173,53,UDP,flow,dns,719930264739127,,1,1,0,90,0,0.0,1,90,0,none,0,none,0,0,0,no_alert_unknown,no_alert_not_final_benign,-1,dns,app_proto+port
2025-07-19T23:02:36.271229+0700,103.195.142.74,118.98.44.20,34447,53,UDP,flow,dns,606387457384037,,1,1,0,79,0,0.0,1,79,0,none,0,none,0,0,0,no_alert_unknown,no_alert_not_final_benign,-1,dns,app_proto+port
2025-07-19T23:02:36.271293+0700,103.195.142.46,87.98.154.163,53,2970,UDP,flow,failed,1204226843172671,,1,1,0,1437,0,0.0,1,1437,0,none,0,none,0,0,0,no_alert_unknown,no_alert_not_final_benign,-1,dns,port
2025-07-19T23:02:36.271366+0700,103.195.142.196,87.98.154.201,53,34154,UDP,flow,failed,1110667951038375,,1,1,0,1437,0,0.0,1,1437,0,none,0,none,0,0,0,no_alert_unknown,no_alert_not_final_benign,-1,dns,port
2025-07-19T23:02:36.271421+0700,103.195.142.76,87.98.154.118,53,36684,UDP,flow,failed,809112596864987,,1,1,0,1469,0,0.0,1,1469,0,none,0,none,0,0,0,no_alert_unknown,no_alert_not_final_benign,-1,dns,port
2025-07-19T23:02:36.271477+0700,103.195.142.76,87.98.154.166,53,37885,UDP,flow,failed,1003310754586745,,1,1,0,1469,0,0.0,1,1469,0,none,0,none,0,0,0,no_alert_unknown,no_alert_not_final_benign,-1,dns,port
2025-07-19T23:02:36.271525+0700,103.195.142.195,87.98.154.119,53,21318,UDP,flow,failed,1000388955103408,,1,1,0,1437,0,0.0,1,1437,0,none,0,none,0,0,0,no_alert_unknown,no_alert_not_final_benign,-1,dns,port
2025-07-19T23:02:36.271567+0700,103.195.142.195,87.98.154.119,53,14124,UDP,flow,failed,976668136202544,,1,1,0,1437,0,0.0,1,1437,0,none,0,none,0,0,0,no_alert_unknown,no_alert_not_final_benign,-1,dns,port
2025-07-19T23:02:36.271588+0700,103.195.142.76,87.98.154.119,53,24763,UDP,flow,failed,1340084665344327,,1,1,0,1469,0,0.0,1,1469,0,none,0,none,0,0,0,no_alert_unknown,no_alert_not_final_benign,-1,dns,port
2025-07-19T23:02:36.271613+0700,103.195.142.109,87.98.154.49,53,45262,UDP,flow,failed,1053960767365458,,1,1,0,1437,0,0.0,1,1437,0,none,0,none,0,0,0,no_alert_unknown,no_alert_not_final_benign,-1,dns,port
2025-07-19T23:02:36.271654+0700,103.195.142.165,87.98.154.119,53,59409,UDP,flow,failed,1353959804920232,,1,1,0,1437,0,0.0,1,1437,0,none,0,none,0,0,0,no_alert_unknown,no_alert_not_final_benign,-1,dns,port
2025-07-19T23:02:36.271715+0700,103.195.142.195,87.98.154.92,53,13155,UDP,flow,failed,833210515612181,,1,1,0,1437,0,0.0,1,1437,0,none,0,none,0,0,0,no_alert_unknown,no_alert_not_final_benign,-1,dns,port
2025-07-19T23:02:36.271751+0700,103.195.142.196,87.98.154.89,53,24767,UDP,flow,failed,623096886944317,,1,3,0,4311,0,10.0,3,4311,0,none,0,none,0,0,0,no_alert_unknown,no_alert_not_final_benign,-1,dns,port
2025-07-19T23:02:36.271887+0700,103.195.142.74,118.98.44.50,16021,53,UDP,flow,dns,1302871153730338,,1,1,0,68,0,0.0,1,68,0,none,0,none,0,0,0,no_alert_unknown,no_alert_not_final_benign,-1,dns,app_proto+port
2025-07-19T23:02:36.271920+0700,103.195.142.75,8.8.8.8,29310,53,UDP,flow,dns,1084410780148517,,1,1,0,220,0,0.0,1,220,0,none,0,none,0,0,0,no_alert_unknown,no_alert_not_final_benign,-1,dns,app_proto+port
2025-07-19T23:02:36.271941+0700,103.195.142.83,87.98.154.117,53,64287,UDP,flow,failed,663792272761676,,1,1,0,1190,0,0.0,1,1190,0,none,0,none,0,0,0,no_alert_unknown,no_alert_not_final_benign,-1,dns,port
2025-07-19T23:02:36.271959+0700,103.195.142.109,87.98.154.119,53,43062,UDP,flow,failed,1391296195486562,,1,1,0,1437,0,0.0,1,1437,0,none,0,none,0,0,0,no_alert_unknown,no_alert_not_final_benign,-1,dns,port
2025-07-19T23:02:36.271978+0700,103.195.142.109,87.98.154.13,53,43158,UDP,flow,failed,644581690794974,,1,1,0,1437,0,0.0,1,1437,0,none,0,none,0,0,0,no_alert_unknown,no_alert_not_final_benign,-1,dns,port
2025-07-19T23:02:36.271997+0700,103.195.142.74,118.98.44.50,29932,53,UDP,flow,dns,847523205637095,,1,1,0,130,0,0.0,1,130,0,none,0,none,0,0,0,no_alert_unknown,no_alert_not_final_benign,-1,dns,app_proto+port
2025-07-19T23:02:36.272017+0700,103.195.142.195,87.98.154.119,53,55612,UDP,flow,failed,1328541419070517,,1,1,0,1437,0,0.0,1,1437,0,none,0,none,0,0,0,no_alert_unknown,no_alert_not_final_benign,-1,dns,port
2025-07-19T23:02:36.272036+0700,103.195.142.74,118.98.44.100,24491,53,UDP,flow,dns,1374611436299489,,1,1,0,89,0,0.0,1,89,0,none,0,none,0,0,0,no_alert_unknown,no_alert_not_final_benign,-1,dns,app_proto+port
2025-07-19T23:02:36.272120+0700,103.195.142.109,87.98.154.117,53,62521,UDP,flow,failed,601528945173812,,1,1,0,1437,0,0.0,1,1437,0,none,0,none,0,0,0,no_alert_unknown,no_alert_not_final_benign,-1,dns,port
2025-07-19T23:02:36.272140+0700,103.195.142.74,118.98.44.50,53887,53,UDP,flow,dns,870596672185704,,1,1,0,73,0,0.0,1,73,0,none,0,none,0,0,0,no_alert_unknown,no_alert_not_final_benign,-1,dns,app_proto+port
2025-07-19T23:02:36.272176+0700,103.195.142.74,118.98.44.100,24302,53,UDP,flow,dns,711629335717377,,1,1,0,98,0,0.0,1,98,0,none,0,none,0,0,0,no_alert_unknown,no_alert_not_final_benign,-1,dns,app_proto+port
2025-07-19T23:02:36.272207+0700,103.195.142.109,87.98.154.241,53,6293,UDP,flow,failed,897270917719570,,1,1,0,1437,0,0.0,1,1437,0,none,0,none,0,0,0,no_alert_unknown,no_alert_not_final_benign,-1,dns,port
2025-07-19T23:02:36.272233+0700,103.195.142.74,202.134.0.155,59826,53,UDP,flow,dns,742386833188402,,1,1,0,102,0,0.0,1,102,0,none,0,none,0,0,0,no_alert_unknown,no_alert_not_final_benign,-1,dns,app_proto+port
2025-07-19T23:02:36.272274+0700,103.195.142.83,87.98.154.119,53,11766,UDP,flow,failed,974299883660916,,1,1,0,1190,0,0.0,1,1190,0,none,0,none,0,0,0,no_alert_unknown,no_alert_not_final_benign,-1,dns,port
2025-07-19T23:02:36.272293+0700,103.195.142.74,118.98.44.50,41290,53,UDP,flow,dns,1161051041588859,,1,1,0,79,0,0.0,1,79,0,none,0,none,0,0,0,no_alert_unknown,no_alert_not_final_benign,-1,dns,app_proto+port
2025-07-19T23:02:36.272313+0700,103.195.142.46,87.98.154.117,53,16215,UDP,flow,failed,1342971177559688,,1,1,0,1437,0,0.0,1,1437,0,none,0,none,0,0,0,no_alert_unknown,no_alert_not_final_benign,-1,dns,port
2025-07-19T23:02:36.272331+0700,103.195.142.74,118.98.44.50,4342,53,UDP,flow,dns,903496432510607,,1,1,0,87,0,0.0,1,87,0,none,0,none,0,0,0,no_alert_unknown,no_alert_not_final_benign,-1,dns,app_proto+port
2025-07-19T23:02:36.272351+0700,103.195.142.75,8.8.8.8,27470,53,UDP,flow,dns,1300354691458755,,1,1,0,75,0,0.0,1,75,0,none,0,none,0,0,0,no_alert_unknown,no_alert_not_final_benign,-1,dns,app_proto+port
2025-07-19T23:02:36.272371+0700,103.195.142.196,87.98.154.137,53,35277,UDP,flow,failed,977181615810357,,1,1,0,1437,0,0.0,1,1437,0,none,0,none,0,0,0,no_alert_unknown,no_alert_not_final_benign,-1,dns,port
2025-07-19T23:02:36.272467+0700,103.195.142.165,87.98.154.201,53,56451,UDP,flow,failed,1394380791769022,,1,1,0,1437,0,0.0,1,1437,0,none,0,none,0,0,0,no_alert_unknown,no_alert_not_final_benign,-1,dns,port
2025-07-19T23:02:36.272487+0700,103.195.142.196,87.98.154.1,53,5560,UDP,flow,failed,763017618745288,,1,1,0,1437,0,0.0,1,1437,0,none,0,none,0,0,0,no_alert_unknown,no_alert_not_final_benign,-1,dns,port
2025-07-19T23:02:36.272518+0700,103.195.142.74,118.98.44.50,7613,53,UDP,flow,dns,678014322108511,,1,1,0,196,0,0.0,1,196,0,none,0,none,0,0,0,no_alert_unknown,no_alert_not_final_benign,-1,dns,app_proto+port
2025-07-19T23:02:36.272550+0700,103.195.142.75,8.8.8.8,1819,53,UDP,flow,dns,953465740814466,,1,1,0,184,0,0.0,1,184,0,none,0,none,0,0,0,no_alert_unknown,no_alert_not_final_benign,-1,dns,app_proto+port
2025-07-19T23:02:36.272594+0700,103.195.142.46,87.98.154.119,53,27213,UDP,flow,failed,870894116825312,,1,1,0,1437,0,0.0,1,1437,0,none,0,none,0,0,0,no_alert_unknown,no_alert_not_final_benign,-1,dns,port
2025-07-19T23:02:36.272614+0700,103.195.142.46,87.98.154.71,53,61237,UDP,flow,failed,623491194120523,,1,1,0,1437,0,0.0,1,1437,0,none,0,none,0,0,0,no_alert_unknown,no_alert_not_final_benign,-1,dns,port
2025-07-19T23:02:36.272632+0700,103.195.142.165,87.98.154.65,53,8552,UDP,flow,failed,1048314572400977,,1,1,0,1437,0,0.0,1,1437,0,none,0,none,0,0,0,no_alert_unknown,no_alert_not_final_benign,-1,dns,port
2025-07-19T23:02:36.272658+0700,103.195.142.75,8.8.8.8,22318,53,UDP,flow,dns,1084635251042654,,1,1,0,106,0,0.0,1,106,0,none,0,none,0,0,0,no_alert_unknown,no_alert_not_final_benign,-1,dns,app_proto+port
2025-07-19T23:02:36.272691+0700,103.195.142.46,87.98.154.117,53,4694,UDP,flow,failed,636585762515315,,1,1,0,1437,0,0.0,1,1437,0,none,0,none,0,0,0,no_alert_unknown,no_alert_not_final_benign,-1,dns,port
2025-07-19T23:02:36.272758+0700,103.195.142.46,87.98.154.135,53,32473,UDP,flow,failed,1264468253501828,,1,1,0,1437,0,0.0,1,1437,0,none,0,none,0,0,0,no_alert_unknown,no_alert_not_final_benign,-1,dns,port
2025-07-19T23:02:36.272808+0700,103.195.142.46,87.98.154.119,53,48749,UDP,flow,failed,1349989153204642,,1,1,0,1437,0,0.0,1,1437,0,none,0,none,0,0,0,no_alert_unknown,no_alert_not_final_benign,-1,dns,port
2025-07-19T23:02:36.272852+0700,103.195.142.195,87.98.154.119,53,9862,UDP,flow,failed,564174126082494,,1,1,0,1437,0,0.0,1,1437,0,none,0,none,0,0,0,no_alert_unknown,no_alert_not_final_benign,-1,dns,port
2025-07-19T23:02:36.272872+0700,103.195.142.165,87.98.154.209,53,59968,UDP,flow,failed,612473592441338,,1,1,0,1437,0,0.0,1,1437,0,none,0,none,0,0,0,no_alert_unknown,no_alert_not_final_benign,-1,dns,port
2025-07-19T23:02:36.272920+0700,103.195.142.76,87.98.154.166,53,43542,UDP,flow,failed,936245794007621,,1,1,0,1469,0,0.0,1,1469,0,none,0,none,0,0,0,no_alert_unknown,no_alert_not_final_benign,-1,dns,port
2025-07-19T23:02:36.272982+0700,103.195.142.46,87.98.154.223,53,64221,UDP,flow,failed,703077044218733,,1,3,0,4311,0,10.0,3,4311,0,none,0,none,0,0,0,no_alert_unknown,no_alert_not_final_benign,-1,dns,port
2025-07-19T23:02:36.273000+0700,103.195.142.75,8.8.8.8,48318,53,UDP,flow,dns,569338520234863,,1,1,0,250,0,0.0,1,250,0,none,0,none,0,0,0,no_alert_unknown,no_alert_not_final_benign,-1,dns,app_proto+port
2025-07-19T23:02:36.273048+0700,103.195.142.196,87.98.154.119,53,52822,UDP,flow,failed,579104992816160,,1,1,0,1437,0,0.0,1,1437,0,none,0,none,0,0,0,no_alert_unknown,no_alert_not_final_benign,-1,dns,port
2025-07-19T23:02:36.273067+0700,103.195.142.196,87.98.154.119,53,55799,UDP,flow,failed,619262961019938,,1,1,0,1437,0,0.0,1,1437,0,none,0,none,0,0,0,no_alert_unknown,no_alert_not_final_benign,-1,dns,port
2025-07-19T23:02:36.273086+0700,103.195.142.3,172.69.32.131,53,22565,UDP,flow,failed,1368379348249648,,1,1,0,174,0,0.0,1,174,0,none,0,none,0,0,0,no_alert_unknown,no_alert_not_final_benign,-1,dns,port
2025-07-19T23:02:36.273117+0700,103.195.142.195,87.98.154.180,53,14072,UDP,flow,failed,622278632303745,,1,3,0,4311,0,10.0,3,4311,0,none,0,none,0,0,0,no_alert_unknown,no_alert_not_final_benign,-1,dns,port
2025-07-19T23:02:36.273136+0700,103.195.142.195,87.98.154.120,53,57133,UDP,flow,failed,923269057375377,,1,1,0,1437,0,0.0,1,1437,0,none,0,none,0,0,0,no_alert_unknown,no_alert_not_final_benign,-1,dns,port
2025-07-19T23:02:36.273155+0700,103.195.142.76,87.98.154.222,53,34187,UDP,flow,failed,1065025286991075,,1,1,0,1469,0,0.0,1,1469,0,none,0,none,0,0,0,no_alert_unknown,no_alert_not_final_benign,-1,dns,port
2025-07-19T23:02:36.273173+0700,103.195.142.109,87.98.154.117,53,56715,UDP,flow,failed,1259992216464633,,1,1,0,1437,0,0.0,1,1437,0,none,0,none,0,0,0,no_alert_unknown,no_alert_not_final_benign,-1,dns,port
2025-07-19T23:02:36.273218+0700,103.195.142.196,87.98.154.165,53,7166,UDP,flow,failed,737887925202345,,1,1,0,1437,0,0.0,1,1437,0,none,0,none,0,0,0,no_alert_unknown,no_alert_not_final_benign,-1,dns,port
2025-07-19T23:02:36.273282+0700,103.195.142.83,87.98.154.134,53,11410,UDP,flow,failed,830908506009105,,1,1,0,1190,0,0.0,1,1190,0,none,0,none,0,0,0,no_alert_unknown,no_alert_not_final_benign,-1,dns,port
2025-07-19T23:02:36.273301+0700,103.195.142.2,188.122.68.216,53,10906,UDP,flow,failed,1106555698441808,,1,1,0,127,0,0.0,1,127,0,none,0,none,0,0,0,no_alert_unknown,no_alert_not_final_benign,-1,dns,port
2025-07-19T23:02:36.273325+0700,103.195.142.108,8.8.8.8,23984,53,UDP,flow,dns,643895426248492,,1,1,0,68,0,0.0,1,68,0,none,0,none,0,0,0,no_alert_unknown,no_alert_not_final_benign,-1,dns,app_proto+port
2025-07-19T23:02:36.273368+0700,103.195.142.74,118.98.44.20,49479,53,UDP,flow,dns,1256819671330659,,1,1,0,77,0,0.0,1,77,0,none,0,none,0,0,0,no_alert_unknown,no_alert_not_final_benign,-1,dns,app_proto+port
2025-07-19T23:02:36.273388+0700,103.195.142.109,87.98.154.213,53,55957,UDP,flow,failed,1152359618736261,,1,1,0,1437,0,0.0,1,1437,0,none,0,none,0,0,0,no_alert_unknown,no_alert_not_final_benign,-1,dns,port
2025-07-19T23:02:36.273432+0700,103.195.142.74,118.98.44.100,10162,53,UDP,flow,dns,1275208228106502,,1,1,0,89,0,0.0,1,89,0,none,0,none,0,0,0,no_alert_unknown,no_alert_not_final_benign,-1,dns,app_proto+port
2025-07-19T23:02:36.273480+0700,103.195.142.196,87.98.154.119,53,5772,UDP,flow,failed,1397164179091742,,1,1,0,1437,0,0.0,1,1437,0,none,0,none,0,0,0,no_alert_unknown,no_alert_not_final_benign,-1,dns,port
2025-07-19T23:02:36.273545+0700,103.195.142.83,87.98.154.194,53,16358,UDP,flow,failed,1119926788649385,,1,1,0,1190,0,0.0,1,1190,0,none,0,none,0,0,0,no_alert_unknown,no_alert_not_final_benign,-1,dns,port
2025-07-19T23:02:36.273614+0700,103.195.142.83,87.98.154.250,53,62913,UDP,flow,failed,302657119744766,,1,3,0,3570,0,10.0,3,3570,0,none,0,none,0,0,0,no_alert_unknown,no_alert_not_final_benign,-1,dns,port
2025-07-19T23:02:36.273656+0700,103.195.142.46,87.98.154.119,53,15316,UDP,flow,failed,1107304933323697,,1,1,0,1437,0,0.0,1,1437,0,none,0,none,0,0,0,no_alert_unknown,no_alert_not_final_benign,-1,dns,port
2025-07-19T23:02:36.273726+0700,103.195.142.83,87.98.154.119,53,47842,UDP,flow,failed,992650280793420,,1,1,0,1190,0,0.0,1,1190,0,none,0,none,0,0,0,no_alert_unknown,no_alert_not_final_benign,-1,dns,port
2025-07-19T23:02:36.273860+0700,103.195.142.3,180.250.245.12,53,10375,UDP,flow,failed,751276015187869,,1,1,0,127,0,0.0,1,127,0,none,0,none,0,0,0,no_alert_unknown,no_alert_not_final_benign,-1,dns,port
2025-07-19T23:02:36.273879+0700,103.195.142.31,1.1.1.1,34806,53,UDP,flow,dns,795668670543854,,1,1,0,96,0,0.0,1,96,0,none,0,none,0,0,0,no_alert_unknown,no_alert_not_final_benign,-1,dns,app_proto+port
2025-07-19T23:02:36.273952+0700,103.195.142.46,87.98.154.119,53,4667,UDP,flow,failed,1363366949648479,,1,1,0,1437,0,0.0,1,1437,0,none,0,none,0,0,0,no_alert_unknown,no_alert_not_final_benign,-1,dns,port
2025-07-19T23:02:36.273970+0700,103.195.142.74,118.98.44.50,12512,53,UDP,flow,dns,1180383794264180,,1,1,0,178,0,0.0,1,178,0,none,0,none,0,0,0,no_alert_unknown,no_alert_not_final_benign,-1,dns,app_proto+port
2025-07-19T23:02:36.274013+0700,103.195.142.46,87.98.154.251,53,39547,UDP,flow,failed,812260573673620,,1,1,0,1437,0,0.0,1,1437,0,none,0,none,0,0,0,no_alert_unknown,no_alert_not_final_benign,-1,dns,port
2025-07-19T23:02:36.274057+0700,103.195.142.46,87.98.154.23,53,43385,UDP,flow,failed,532571527477411,,1,3,0,4311,0,9.0,3,4311,0,none,0,none,0,0,0,no_alert_unknown,no_alert_not_final_benign,-1,dns,port
2025-07-19T23:02:36.274109+0700,103.195.142.165,87.98.154.229,53,58342,UDP,flow,failed,1109666838837429,,1,1,0,1437,0,0.0,1,1437,0,none,0,none,0,0,0,no_alert_unknown,no_alert_not_final_benign,-1,dns,port
2025-07-19T23:02:36.274144+0700,103.195.142.74,118.98.44.100,8867,53,UDP,flow,dns,1219878428768489,,1,1,0,250,0,0.0,1,250,0,none,0,none,0,0,0,no_alert_unknown,no_alert_not_final_benign,-1,dns,app_proto+port
2025-07-19T23:02:36.274174+0700,103.195.142.195,87.98.154.119,53,16548,UDP,flow,failed,1252338421627131,,1,1,0,1437,0,0.0,1,1437,0,none,0,none,0,0,0,no_alert_unknown,no_alert_not_final_benign,-1,dns,port
2025-07-19T23:02:36.274243+0700,103.195.142.196,87.98.154.119,53,3176,UDP,flow,failed,726058913593682,,1,1,0,1437,0,0.0,1,1437,0,none,0,none,0,0,0,no_alert_unknown,no_alert_not_final_benign,-1,dns,port
2025-07-19T23:02:36.274295+0700,103.195.142.76,87.98.154.110,53,14505,UDP,flow,failed,1232592879188458,,1,1,0,1469,0,0.0,1,1469,0,none,0,none,0,0,0,no_alert_unknown,no_alert_not_final_benign,-1,dns,port
2025-07-19T23:02:36.274341+0700,103.195.142.196,87.98.154.173,53,59540,UDP,flow,failed,1176487837661714,,1,1,0,1437,0,0.0,1,1437,0,none,0,none,0,0,0,no_alert_unknown,no_alert_not_final_benign,-1,dns,port
2025-07-19T23:02:36.274422+0700,103.195.142.109,87.98.154.119,53,55074,UDP,flow,failed,1069133829995245,,1,1,0,1437,0,0.0,1,1437,0,none,0,none,0,0,0,no_alert_unknown,no_alert_not_final_benign,-1,dns,port
2025-07-19T23:02:36.274478+0700,103.195.142.109,87.98.154.105,53,9078,UDP,flow,failed,1386098807372951,,1,1,0,1437,0,0.0,1,1437,0,none,0,none,0,0,0,no_alert_unknown,no_alert_not_final_benign,-1,dns,port
2025-07-19T23:02:36.274503+0700,103.195.142.3,74.114.28.19,53,35366,UDP,flow,failed,892848565681438,,1,1,0,159,0,0.0,1,159,0,none,0,none,0,0,0,no_alert_unknown,no_alert_not_final_benign,-1,dns,port
2025-07-19T23:02:36.274517+0700,103.195.142.76,87.98.154.138,53,60071,UDP,flow,failed,1298028058410289,,1,1,0,1469,0,0.0,1,1469,0,none,0,none,0,0,0,no_alert_unknown,no_alert_not_final_benign,-1,dns,port
2025-07-19T23:02:36.274542+0700,103.195.142.83,87.98.154.134,53,15413,UDP,flow,failed,1171625467018550,,1,1,0,1190,0,0.0,1,1190,0,none,0,none,0,0,0,no_alert_unknown,no_alert_not_final_benign,-1,dns,port
2025-07-19T23:02:36.274576+0700,103.195.142.83,87.98.154.119,53,27559,UDP,flow,failed,1396994370010450,,1,1,0,1190,0,0.0,1,1190,0,none,0,none,0,0,0,no_alert_unknown,no_alert_not_final_benign,-1,dns,port
2025-07-19T23:02:36.274594+0700,103.195.142.195,87.98.154.64,53,32356,UDP,flow,failed,1110895960030817,,1,1,0,1437,0,0.0,1,1437,0,none,0,none,0,0,0,no_alert_unknown,no_alert_not_final_benign,-1,dns,port
2025-07-19T23:02:36.274607+0700,103.195.142.76,87.98.154.119,53,53567,UDP,flow,failed,583021940080230,,1,1,0,1469,0,0.0,1,1469,0,none,0,none,0,0,0,no_alert_unknown,no_alert_not_final_benign,-1,dns,port
2025-07-19T23:02:36.274650+0700,103.195.142.74,118.98.44.20,29800,53,UDP,flow,dns,1277783773183814,,1,1,0,68,0,0.0,1,68,0,none,0,none,0,0,0,no_alert_unknown,no_alert_not_final_benign,-1,dns,app_proto+port
2025-07-19T23:02:36.274684+0700,103.195.142.195,87.98.154.119,53,23187,UDP,flow,failed,1226184461877156,,1,1,0,1437,0,0.0,1,1437,0,none,0,none,0,0,0,no_alert_unknown,no_alert_not_final_benign,-1,dns,port
2025-07-19T23:02:36.274713+0700,103.195.142.165,87.98.154.119,53,19684,UDP,flow,failed,609920758284247,,1,1,0,1437,0,0.0,1,1437,0,none,0,none,0,0,0,no_alert_unknown,no_alert_not_final_benign,-1,dns,port
2025-07-19T23:02:36.274726+0700,103.195.142.46,87.98.154.119,53,18967,UDP,flow,failed,1208859196162070,,1,1,0,1437,0,0.0,1,1437,0,none,0,none,0,0,0,no_alert_unknown,no_alert_not_final_benign,-1,dns,port
2025-07-19T23:02:36.274772+0700,103.195.142.109,87.98.154.118,53,60800,UDP,flow,failed,629416633139358,,1,1,0,1437,0,0.0,1,1437,0,none,0,none,0,0,0,no_alert_unknown,no_alert_not_final_benign,-1,dns,port
2025-07-19T23:02:36.274830+0700,103.195.142.76,87.98.154.119,53,33228,UDP,flow,failed,859773703586045,,1,1,0,1469,0,0.0,1,1469,0,none,0,none,0,0,0,no_alert_unknown,no_alert_not_final_benign,-1,dns,port
2025-07-19T23:02:36.274857+0700,103.195.142.195,87.98.154.36,53,32918,UDP,flow,failed,1158342730154371,,1,1,0,1437,0,0.0,1,1437,0,none,0,none,0,0,0,no_alert_unknown,no_alert_not_final_benign,-1,dns,port
2025-07-19T23:02:36.274964+0700,103.195.142.74,118.98.44.50,27806,53,UDP,flow,dns,1010566877708785,,1,1,0,80,0,0.0,1,80,0,none,0,none,0,0,0,no_alert_unknown,no_alert_not_final_benign,-1,dns,app_proto+port
2025-07-19T23:02:36.275025+0700,103.195.142.196,87.98.154.117,53,49631,UDP,flow,failed,755706038682215,,1,1,0,1437,0,0.0,1,1437,0,none,0,none,0,0,0,no_alert_unknown,no_alert_not_final_benign,-1,dns,port
2025-07-19T23:02:36.275042+0700,103.195.142.46,87.98.154.243,53,50986,UDP,flow,failed,1232111123464859,,1,1,0,1437,0,0.0,1,1437,0,none,0,none,0,0,0,no_alert_unknown,no_alert_not_final_benign,-1,dns,port
2025-07-19T23:02:36.275056+0700,103.195.142.74,118.98.44.100,33215,53,UDP,flow,dns,918935559963329,,1,1,0,204,0,0.0,1,204,0,none,0,none,0,0,0,no_alert_unknown,no_alert_not_final_benign,-1,dns,app_proto+port
2025-07-19T23:02:36.275071+0700,103.195.142.83,87.98.154.119,53,61318,UDP,flow,failed,791245217956603,,1,1,0,1190,0,0.0,1,1190,0,none,0,none,0,0,0,no_alert_unknown,no_alert_not_final_benign,-1,dns,port
2025-07-19T23:02:36.275084+0700,103.195.142.74,118.98.44.20,8771,53,UDP,flow,dns,767253162984222,,1,1,0,98,0,0.0,1,98,0,none,0,none,0,0,0,no_alert_unknown,no_alert_not_final_benign,-1,dns,app_proto+port
2025-07-19T23:02:36.275127+0700,103.195.142.165,87.98.154.121,53,13371,UDP,flow,failed,1095389306717076,,1,1,0,1437,0,0.0,1,1437,0,none,0,none,0,0,0,no_alert_unknown,no_alert_not_final_benign,-1,dns,port
2025-07-19T23:02:36.275141+0700,103.195.142.195,87.98.154.119,53,13120,UDP,flow,failed,1027326888805312,,1,1,0,1437,0,0.0,1,1437,0,none,0,none,0,0,0,no_alert_unknown,no_alert_not_final_benign,-1,dns,port
2025-07-19T23:02:36.275158+0700,103.195.142.2,180.250.245.17,53,48403,UDP,flow,failed,584208902620259,,1,1,0,154,0,0.0,1,154,0,none,0,none,0,0,0,no_alert_unknown,no_alert_not_final_benign,-1,dns,port
2025-07-19T23:02:36.275172+0700,103.195.142.165,87.98.154.37,53,31804,UDP,flow,failed,1308727858529441,,1,1,0,1437,0,0.0,1,1437,0,none,0,none,0,0,0,no_alert_unknown,no_alert_not_final_benign,-1,dns,port
2025-07-19T23:02:36.275199+0700,103.195.142.83,87.98.154.106,53,33346,UDP,flow,failed,845490144380209,,1,1,0,1190,0,0.0,1,1190,0,none,0,none,0,0,0,no_alert_unknown,no_alert_not_final_benign,-1,dns,port
2025-07-19T23:02:36.275212+0700,103.195.142.195,87.98.154.92,53,59233,UDP,flow,failed,1155852736759197,,1,1,0,1437,0,0.0,1,1437,0,none,0,none,0,0,0,no_alert_unknown,no_alert_not_final_benign,-1,dns,port
2025-07-19T23:02:36.275242+0700,103.195.142.2,172.71.157.57,53,48702,UDP,flow,failed,869644879038092,,1,1,0,147,0,0.0,1,147,0,none,0,none,0,0,0,no_alert_unknown,no_alert_not_final_benign,-1,dns,port
2025-07-19T23:02:36.275255+0700,103.195.142.3,172.253.0.20,53,61363,UDP,flow,failed,821331049940628,,1,1,0,158,0,0.0,1,158,0,none,0,none,0,0,0,no_alert_unknown,no_alert_not_final_benign,-1,dns,port
2025-07-19T23:02:36.275371+0700,103.195.142.75,8.8.8.8,35562,53,UDP,flow,dns,868796040841028,,1,1,0,73,0,0.0,1,73,0,none,0,none,0,0,0,no_alert_unknown,no_alert_not_final_benign,-1,dns,app_proto+port
2025-07-19T23:02:36.275393+0700,103.195.142.196,87.98.154.119,53,8223,UDP,flow,failed,852863828527040,,1,1,0,1437,0,0.0,1,1437,0,none,0,none,0,0,0,no_alert_unknown,no_alert_not_final_benign,-1,dns,port
2025-07-19T23:02:36.275407+0700,103.195.142.83,87.98.154.119,53,27747,UDP,flow,failed,1114556125251720,,1,1,0,1190,0,0.0,1,1190,0,none,0,none,0,0,0,no_alert_unknown,no_alert_not_final_benign,-1,dns,port
2025-07-19T23:02:36.275438+0700,103.195.142.2,154.9.3.118,53,30781,UDP,flow,failed,710776285727004,,1,1,0,154,0,0.0,1,154,0,none,0,none,0,0,0,no_alert_unknown,no_alert_not_final_benign,-1,dns,port
2025-07-19T23:02:36.275451+0700,103.195.142.74,118.98.44.100,17431,53,UDP,flow,dns,691031673571616,,1,1,0,214,0,0.0,1,214,0,none,0,none,0,0,0,no_alert_unknown,no_alert_not_final_benign,-1,dns,app_proto+port
2025-07-19T23:02:36.275466+0700,103.195.142.109,87.98.154.77,53,8151,UDP,flow,failed,1114771651529302,,1,1,0,1437,0,0.0,1,1437,0,none,0,none,0,0,0,no_alert_unknown,no_alert_not_final_benign,-1,dns,port
2025-07-19T23:02:36.275496+0700,103.195.142.75,8.8.8.8,59800,53,UDP,flow,dns,690469548034748,,1,1,0,184,0,0.0,1,184,0,none,0,none,0,0,0,no_alert_unknown,no_alert_not_final_benign,-1,dns,app_proto+port
2025-07-19T23:02:36.275511+0700,103.195.142.74,118.98.44.20,10872,53,UDP,flow,dns,995185571498746,,1,1,0,250,0,0.0,1,250,0,none,0,none,0,0,0,no_alert_unknown,no_alert_not_final_benign,-1,dns,app_proto+port
2025-07-19T23:02:36.275525+0700,103.195.142.74,118.98.44.50,5294,53,UDP,flow,dns,1198222893812523,,1,1,0,96,0,0.0,1,96,0,none,0,none,0,0,0,no_alert_unknown,no_alert_not_final_benign,-1,dns,app_proto+port
2025-07-19T23:02:36.275540+0700,103.195.142.46,87.98.154.135,53,49932,UDP,flow,failed,610643005639513,,1,1,0,1437,0,0.0,1,1437,0,none,0,none,0,0,0,no_alert_unknown,no_alert_not_final_benign,-1,dns,port
2025-07-19T23:02:36.275569+0700,103.195.142.83,87.98.154.14,53,34628,UDP,flow,failed,1004715124362344,,1,1,0,1190,0,0.0,1,1190,0,none,0,none,0,0,0,no_alert_unknown,no_alert_not_final_benign,-1,dns,port
2025-07-19T23:02:36.275633+0700,103.195.142.196,87.98.154.119,53,31542,UDP,flow,failed,1033360952102346,,1,1,0,1437,0,0.0,1,1437,0,none,0,none,0,0,0,no_alert_unknown,no_alert_not_final_benign,-1,dns,port
2025-07-19T23:02:36.275646+0700,103.195.142.46,87.98.154.79,53,16962,UDP,flow,failed,1238922891791854,,1,1,0,1437,0,0.0,1,1437,0,none,0,none,0,0,0,no_alert_unknown,no_alert_not_final_benign,-1,dns,port
2025-07-19T23:02:36.275675+0700,103.195.142.74,118.98.44.20,55298,53,UDP,flow,dns,1067141093953440,,1,1,0,178,0,0.0,1,178,0,none,0,none,0,0,0,no_alert_unknown,no_alert_not_final_benign,-1,dns,app_proto+port
2025-07-19T23:02:36.275689+0700,103.195.142.165,87.98.154.209,53,36712,UDP,flow,failed,456289190383520,,1,3,0,4311,0,10.0,3,4311,0,none,0,none,0,0,0,no_alert_unknown,no_alert_not_final_benign,-1,dns,port
2025-07-19T23:02:36.275813+0700,103.195.142.109,87.98.154.49,53,11482,UDP,flow,failed,1365803006071402,,1,1,0,1437,0,0.0,1,1437,0,none,0,none,0,0,0,no_alert_unknown,no_alert_not_final_benign,-1,dns,port
2025-07-19T23:02:36.275844+0700,103.195.142.74,118.98.44.50,47415,53,UDP,flow,dns,1100563726308073,,1,1,0,85,0,0.0,1,85,0,none,0,none,0,0,0,no_alert_unknown,no_alert_not_final_benign,-1,dns,app_proto+port
2025-07-19T23:02:36.275874+0700,103.195.142.195,87.98.154.119,53,48947,UDP,flow,failed,1396229823632226,,1,1,0,1437,0,0.0,1,1437,0,none,0,none,0,0,0,no_alert_unknown,no_alert_not_final_benign,-1,dns,port
2025-07-19T23:02:36.275959+0700,103.195.142.195,87.98.154.119,53,30889,UDP,flow,failed,922246059955288,,1,1,0,1437,0,0.0,1,1437,0,none,0,none,0,0,0,no_alert_unknown,no_alert_not_final_benign,-1,dns,port
2025-07-19T23:02:36.275986+0700,103.195.142.74,202.134.0.155,23212,53,UDP,flow,dns,967345167111334,,1,1,0,178,0,0.0,1,178,0,none,0,none,0,0,0,no_alert_unknown,no_alert_not_final_benign,-1,dns,app_proto+port
2025-07-19T23:02:36.276017+0700,103.195.142.74,118.98.44.20,34213,53,UDP,flow,dns,847773853259064,,1,1,0,87,0,0.0,1,87,0,none,0,none,0,0,0,no_alert_unknown,no_alert_not_final_benign,-1,dns,app_proto+port
2025-07-19T23:02:36.276053+0700,103.195.142.109,87.98.154.119,53,13413,UDP,flow,failed,1121871823214162,,1,1,0,1437,0,0.0,1,1437,0,none,0,none,0,0,0,no_alert_unknown,no_alert_not_final_benign,-1,dns,port
2025-07-19T23:02:36.276066+0700,103.195.142.109,87.98.154.119,53,31183,UDP,flow,failed,1321265907275401,,1,1,0,1437,0,0.0,1,1437,0,none,0,none,0,0,0,no_alert_unknown,no_alert_not_final_benign,-1,dns,port
2025-07-19T23:02:36.276094+0700,103.195.142.74,202.134.0.155,8713,53,UDP,flow,dns,1169676293936887,,1,1,0,214,0,0.0,1,214,0,none,0,none,0,0,0,no_alert_unknown,no_alert_not_final_benign,-1,dns,app_proto+port
2025-07-19T23:02:36.276148+0700,103.195.142.109,87.98.154.21,53,26372,UDP,flow,failed,1389198638094388,,1,1,0,1437,0,0.0,1,1437,0,none,0,none,0,0,0,no_alert_unknown,no_alert_not_final_benign,-1,dns,port
2025-07-19T23:02:36.276165+0700,103.195.142.195,87.98.154.36,53,17699,UDP,flow,failed,1109683683629312,,1,1,0,1437,0,0.0,1,1437,0,none,0,none,0,0,0,no_alert_unknown,no_alert_not_final_benign,-1,dns,port
2025-07-19T23:02:36.276210+0700,103.195.142.74,118.98.44.20,44492,53,UDP,flow,dns,1215886361729642,,1,1,0,68,0,0.0,1,68,0,none,0,none,0,0,0,no_alert_unknown,no_alert_not_final_benign,-1,dns,app_proto+port
2025-07-19T23:02:36.276253+0700,103.195.142.109,87.98.154.161,53,38969,UDP,flow,failed,897709567810490,,1,1,0,1437,0,0.0,1,1437,0,none,0,none,0,0,0,no_alert_unknown,no_alert_not_final_benign,-1,dns,port
2025-07-19T23:02:36.276272+0700,103.195.142.2,172.70.116.71,53,21913,UDP,flow,failed,1285237335039376,,1,1,0,196,0,0.0,1,196,0,none,0,none,0,0,0,no_alert_unknown,no_alert_not_final_benign,-1,dns,port
2025-07-19T23:02:36.276328+0700,103.195.142.195,87.98.154.119,53,53509,UDP,flow,failed,992144314703589,,1,1,0,1437,0,0.0,1,1437,0,none,0,none,0,0,0,no_alert_unknown,no_alert_not_final_benign,-1,dns,port
2025-07-19T23:02:36.276341+0700,103.195.142.75,8.8.8.8,9314,53,UDP,flow,dns,2247932054380321,,1,2,0,384,0,4.0,2,384,0,none,0,none,0,0,0,no_alert_unknown,no_alert_not_final_benign,-1,dns,app_proto+port
2025-07-19T23:02:36.276422+0700,103.195.142.75,8.8.8.8,37135,53,UDP,flow,dns,1141197662560334,,1,1,0,80,0,0.0,1,80,0,none,0,none,0,0,0,no_alert_unknown,no_alert_not_final_benign,-1,dns,app_proto+port
2025-07-19T23:02:36.276437+0700,103.195.142.196,87.98.154.119,53,10492,UDP,flow,failed,1223741978943587,,1,1,0,1437,0,0.0,1,1437,0,none,0,none,0,0,0,no_alert_unknown,no_alert_not_final_benign,-1,dns,port
2025-07-19T23:02:36.276450+0700,103.195.142.74,118.98.44.100,61514,53,UDP,flow,dns,1042309532655724,,1,1,0,96,0,0.0,1,96,0,none,0,none,0,0,0,no_alert_unknown,no_alert_not_final_benign,-1,dns,app_proto+port
2025-07-19T23:02:36.276464+0700,103.195.142.74,118.98.44.100,60581,53,UDP,flow,dns,1252982240026762,,1,1,0,112,0,0.0,1,112,0,none,0,none,0,0,0,no_alert_unknown,no_alert_not_final_benign,-1,dns,app_proto+port
2025-07-19T23:02:36.276479+0700,103.195.142.74,118.98.44.100,62279,53,UDP,flow,dns,860013250846962,,1,1,0,178,0,0.0,1,178,0,none,0,none,0,0,0,no_alert_unknown,no_alert_not_final_benign,-1,dns,app_proto+port
2025-07-19T23:02:36.276492+0700,103.195.142.196,87.98.154.119,53,10706,UDP,flow,failed,1053906787410266,,1,1,0,1437,0,0.0,1,1437,0,none,0,none,0,0,0,no_alert_unknown,no_alert_not_final_benign,-1,dns,port
2025-07-19T23:02:36.276528+0700,103.195.142.75,8.8.8.8,52013,53,UDP,flow,dns,11379190047244,,1,2,0,384,0,4.0,2,384,0,none,0,none,0,0,0,no_alert_unknown,no_alert_not_final_benign,-1,dns,app_proto+port
2025-07-19T23:02:36.276558+0700,103.195.142.165,87.98.154.125,53,44265,UDP,flow,failed,1309965100491308,,1,1,0,1437,0,0.0,1,1437,0,none,0,none,0,0,0,no_alert_unknown,no_alert_not_final_benign,-1,dns,port
2025-07-19T23:02:36.325721+0700,103.195.142.74,118.98.44.50,27420,53,UDP,dns,,1398963318062778,wire/pcap,0,0,0,0,0,0.0,0,0,0,none,0,none,0,0,0,no_alert_unknown,no_alert_not_final_benign,-1,dns,port
2025-07-19T23:02:36.329189+0700,103.195.142.31,8.8.8.8,31088,53,UDP,dns,,1132383146868059,wire/pcap,0,0,0,0,0,0.0,0,0,0,none,0,none,0,0,0,no_alert_unknown,no_alert_not_final_benign,-1,dns,port
2025-07-19T23:02:36.334838+0700,103.195.142.74,34.8.38.57,52087,53,UDP,dns,,1156646734282626,wire/pcap,0,0,0,0,0,0.0,0,0,0,none,0,none,0,0,0,no_alert_unknown,no_alert_not_final_benign,-1,dns,port
2025-07-19T23:02:36.334987+0700,103.195.142.74,118.98.44.100,29657,53,UDP,flow,dns,1151095202922370,,1,1,0,214,0,0.0,1,214,0,none,0,none,0,0,0,no_alert_unknown,no_alert_not_final_benign,-1,dns,app_proto+port
2025-07-19T23:02:36.361003+0700,103.195.142.75,34.8.196.142,48833,53,UDP,dns,,1269025106209111,wire/pcap,0,0,0,0,0,0.0,0,0,0,none,0,none,0,0,0,no_alert_unknown,no_alert_not_final_benign,-1,dns,port
2025-07-19T23:02:36.381798+0700,103.195.142.75,8.8.8.8,19958,53,UDP,dns,,50090063124783,wire/pcap,0,0,0,0,0,0.0,0,0,0,none,0,none,0,0,0,no_alert_unknown,no_alert_not_final_benign,-1,dns,port
2025-07-19T23:02:36.382013+0700,103.195.142.75,8.8.8.8,63663,53,UDP,dns,,1359260467542847,wire/pcap,0,0,0,0,0,0.0,0,0,0,none,0,none,0,0,0,no_alert_unknown,no_alert_not_final_benign,-1,dns,port
2025-07-19T23:02:36.387704+0700,103.195.142.74,118.98.44.100,3185,53,UDP,dns,,1383704047051760,wire/pcap,0,0,0,0,0,0.0,0,0,0,none,0,none,0,0,0,no_alert_unknown,no_alert_not_final_benign,-1,dns,port
2025-07-19T23:02:36.401675+0700,103.195.142.74,202.134.0.155,26586,53,UDP,dns,,1162231887935423,wire/pcap,0,0,0,0,0,0.0,0,0,0,none,0,none,0,0,0,no_alert_unknown,no_alert_not_final_benign,-1,dns,port
2025-07-19T23:02:36.404194+0700,103.195.142.74,202.134.0.155,34540,53,UDP,dns,,1173053520964679,wire/pcap,0,0,0,0,0,0.0,0,0,0,none,0,none,0,0,0,no_alert_unknown,no_alert_not_final_benign,-1,dns,port
2025-07-19T23:02:36.414651+0700,103.195.142.74,202.134.0.155,17367,53,UDP,dns,,1217964608989162,wire/pcap,0,0,0,0,0,0.0,0,0,0,none,0,none,0,0,0,no_alert_unknown,no_alert_not_final_benign,-1,dns,port
2025-07-19T23:02:36.424544+0700,103.195.142.74,118.98.44.100,16177,53,UDP,dns,,1260456400696921,wire/pcap,0,0,0,0,0,0.0,0,0,0,none,0,none,0,0,0,no_alert_unknown,no_alert_not_final_benign,-1,dns,port
2025-07-19T23:02:36.441491+0700,103.195.142.75,8.8.8.8,36926,53,UDP,dns,,1333243256463957,wire/pcap,0,0,0,0,0,0.0,0,0,0,none,0,none,0,0,0,no_alert_unknown,no_alert_not_final_benign,-1,dns,port
2025-07-19T23:02:36.463997+0700,103.195.142.74,50.28.32.153,20988,53,UDP,dns,,1148431230178894,wire/pcap,0,0,0,0,0,0.0,0,0,0,none,0,none,0,0,0,no_alert_unknown,no_alert_not_final_benign,-1,dns,port
2025-07-19T23:02:36.478730+0700,103.195.142.74,118.98.44.20,29831,53,UDP,dns,,1211707053644908,wire/pcap,0,0,0,0,0,0.0,0,0,0,none,0,none,0,0,0,no_alert_unknown,no_alert_not_final_benign,-1,dns,port
2025-07-19T23:02:36.519100+0700,103.195.142.74,118.98.44.100,8949,53,UDP,dns,,1385092767352510,wire/pcap,0,0,0,0,0,0.0,0,0,0,none,0,none,0,0,0,no_alert_unknown,no_alert_not_final_benign,-1,dns,port
2025-07-19T23:02:36.528444+0700,103.195.142.74,202.134.0.155,17284,53,UDP,dns,,1143752471414656,wire/pcap,0,0,0,0,0,0.0,0,0,0,none,0,none,0,0,0,no_alert_unknown,no_alert_not_final_benign,-1,dns,port
2025-07-19T23:02:36.577814+0700,103.195.142.74,118.98.44.100,24593,53,UDP,dns,,1355794211819402,wire/pcap,0,0,0,0,0,0.0,0,0,0,none,0,none,0,0,0,no_alert_unknown,no_alert_not_final_benign,-1,dns,port
2025-07-19T23:02:36.598024+0700,103.195.142.195,87.98.154.119,53,31968,UDP,flow,failed,1418541355271849,,1,1,0,1437,0,0.0,1,1437,0,none,0,none,0,0,0,no_alert_unknown,no_alert_not_final_benign,-1,dns,port
2025-07-19T23:02:36.616622+0700,103.195.142.75,8.8.8.8,61737,53,UDP,dns,,1240997793693707,wire/pcap,0,0,0,0,0,0.0,0,0,0,none,0,none,0,0,0,no_alert_unknown,no_alert_not_final_benign,-1,dns,port
2025-07-19T23:02:36.651199+0700,103.195.142.46,87.98.154.119,53,40259,UDP,flow,failed,1630748996167681,,1,1,0,1437,0,0.0,1,1437,0,none,0,none,0,0,0,no_alert_unknown,no_alert_not_final_benign,-1,dns,port
2025-07-19T23:02:36.724887+0700,103.195.142.74,202.134.0.155,60347,53,UDP,dns,,1143045191589738,wire/pcap,0,0,0,0,0,0.0,0,0,0,none,0,none,0,0,0,no_alert_unknown,no_alert_not_final_benign,-1,dns,port
2025-07-19T23:02:36.724953+0700,103.195.142.75,8.8.8.8,30721,53,UDP,dns,,1143325025870452,wire/pcap,0,0,0,0,0,0.0,0,0,0,none,0,none,0,0,0,no_alert_unknown,no_alert_not_final_benign,-1,dns,port
2025-07-19T23:02:36.728874+0700,103.195.142.74,118.98.44.50,43681,53,UDP,dns,,1160168389789085,wire/pcap,0,0,0,0,0,0.0,0,0,0,none,0,none,0,0,0,no_alert_unknown,no_alert_not_final_benign,-1,dns,port
2025-07-19T23:02:36.731377+0700,103.195.142.74,118.98.44.50,44351,53,UDP,dns,,1170916357996301,wire/pcap,0,0,0,0,0,0.0,0,0,0,none,0,none,0,0,0,no_alert_unknown,no_alert_not_final_benign,-1,dns,port
2025-07-19T23:02:36.748137+0700,103.195.142.74,118.98.44.20,32192,53,UDP,dns,,1242900869287478,wire/pcap,0,0,0,0,0,0.0,0,0,0,none,0,none,0,0,0,no_alert_unknown,no_alert_not_final_benign,-1,dns,port
2025-07-19T23:02:36.785870+0700,103.195.142.75,8.8.8.8,16929,53,UDP,dns,,1404962411465315,wire/pcap,0,0,0,0,0,0.0,0,0,0,none,0,none,0,0,0,no_alert_unknown,no_alert_not_final_benign,-1,dns,port
2025-07-19T23:02:36.796922+0700,103.195.142.74,118.98.44.50,62808,53,UDP,dns,,1170954657921222,wire/pcap,0,0,0,0,0,0.0,0,0,0,none,0,none,0,0,0,no_alert_unknown,no_alert_not_final_benign,-1,dns,port
2025-07-19T23:02:36.822151+0700,103.195.142.74,118.98.44.50,64435,53,UDP,dns,,1279313265996963,wire/pcap,0,0,0,0,0,0.0,0,0,0,none,0,none,0,0,0,no_alert_unknown,no_alert_not_final_benign,-1,dns,port
2025-07-19T23:02:36.849407+0700,103.195.142.75,8.8.8.8,12006,53,UDP,dns,,1396378918420474,wire/pcap,0,0,0,0,0,0.0,0,0,0,none,0,none,0,0,0,no_alert_unknown,no_alert_not_final_benign,-1,dns,port
2025-07-19T23:02:36.867916+0700,103.195.142.74,118.98.44.50,48053,53,UDP,dns,,1194398850338015,wire/pcap,0,0,0,0,0,0.0,0,0,0,none,0,none,0,0,0,no_alert_unknown,no_alert_not_final_benign,-1,dns,port
2025-07-19T23:02:36.894110+0700,103.195.142.74,118.98.44.50,49613,53,UDP,dns,,1306898816024699,wire/pcap,0,0,0,0,0,0.0,0,0,0,none,0,none,0,0,0,no_alert_unknown,no_alert_not_final_benign,-1,dns,port
2025-07-19T23:02:36.904332+0700,103.195.142.74,118.98.44.20,32466,53,UDP,dns,,1350804498319217,wire/pcap,0,0,0,0,0,0.0,0,0,0,none,0,none,0,0,0,no_alert_unknown,no_alert_not_final_benign,-1,dns,port
2025-07-19T23:02:36.915030+0700,103.195.142.108,8.8.8.8,1900,53,UDP,dns,,1216074754602613,wire/pcap,0,0,0,0,0,0.0,0,0,0,none,0,none,0,0,0,no_alert_unknown,no_alert_not_final_benign,-1,dns,port
2025-07-19T23:02:36.919206+0700,103.195.142.74,118.98.44.50,57506,53,UDP,dns,,1133212224733533,wire/pcap,0,0,0,0,0,0.0,0,0,0,none,0,none,0,0,0,no_alert_unknown,no_alert_not_final_benign,-1,dns,port
2025-07-19T23:02:36.927343+0700,103.195.142.74,202.134.0.155,16916,53,UDP,dns,,1168160501407357,wire/pcap,0,0,0,0,0,0.0,0,0,0,none,0,none,0,0,0,no_alert_unknown,no_alert_not_final_benign,-1,dns,port
2025-07-19T23:02:36.927537+0700,103.195.142.195,87.98.154.36,53,32717,UDP,flow,failed,1150297058123389,,1,1,0,1437,0,0.0,1,1437,0,none,0,none,0,0,0,no_alert_unknown,no_alert_not_final_benign,-1,dns,port
2025-07-19T23:02:36.950079+0700,103.195.142.75,8.8.8.8,39232,53,UDP,dns,,1265809942065401,wire/pcap,0,0,0,0,0,0.0,0,0,0,none,0,none,0,0,0,no_alert_unknown,no_alert_not_final_benign,-1,dns,port
2025-07-19T23:02:36.972082+0700,103.195.142.74,8.8.8.8,24607,53,UDP,dns,,1360314886174960,wire/pcap,0,0,0,0,0,0.0,0,0,0,none,0,none,0,0,0,no_alert_unknown,no_alert_not_final_benign,-1,dns,port
2025-07-19T23:02:36.976261+0700,103.195.142.74,118.98.44.100,30016,53,UDP,dns,,1378259925343343,wire/pcap,0,0,0,0,0,0.0,0,0,0,none,0,none,0,0,0,no_alert_unknown,no_alert_not_final_benign,-1,dns,port
2025-07-19T23:02:36.988258+0700,103.195.142.74,118.98.44.50,34443,53,UDP,dns,,1148315237353833,wire/pcap,0,0,0,0,0,0.0,0,0,0,none,0,none,0,0,0,no_alert_unknown,no_alert_not_final_benign,-1,dns,port
2025-07-19T23:02:37.047691+0700,103.195.142.74,202.134.0.155,58882,53,UDP,dns,,1612208965509118,wire/pcap,0,0,0,0,0,0.0,0,0,0,none,0,none,0,0,0,no_alert_unknown,no_alert_not_final_benign,-1,dns,port
2025-07-19T23:02:37.075262+0700,103.195.142.74,118.98.44.50,1108,53,UDP,dns,,1449149351353172,wire/pcap,0,0,0,0,0,0.0,0,0,0,none,0,none,0,0,0,no_alert_unknown,no_alert_not_final_benign,-1,dns,port
2025-07-19T23:02:37.075471+0700,103.195.142.74,202.134.0.155,62562,53,UDP,dns,,1450047013148110,wire/pcap,0,0,0,0,0,0.0,0,0,0,none,0,none,0,0,0,no_alert_unknown,no_alert_not_final_benign,-1,dns,port
2025-07-19T23:02:37.077192+0700,103.195.142.74,202.134.0.155,48749,53,UDP,dns,,1457440375747723,wire/pcap,0,0,0,0,0,0.0,0,0,0,none,0,none,0,0,0,no_alert_unknown,no_alert_not_final_benign,-1,dns,port
2025-07-19T23:02:37.077300+0700,103.195.142.74,118.98.44.20,20135,53,UDP,dns,,1457901537632124,wire/pcap,0,0,0,0,0,0.0,0,0,0,none,0,none,0,0,0,no_alert_unknown,no_alert_not_final_benign,-1,dns,port
2025-07-19T23:02:37.077407+0700,103.195.142.75,8.8.8.8,25838,53,UDP,dns,,1458363499673320,wire/pcap,0,0,0,0,0,0.0,0,0,0,none,0,none,0,0,0,no_alert_unknown,no_alert_not_final_benign,-1,dns,port
2025-07-19T23:02:37.107083+0700,103.195.142.74,118.98.44.50,8747,53,UDP,dns,,1585818301879657,wire/pcap,0,0,0,0,0,0.0,0,0,0,none,0,none,0,0,0,no_alert_unknown,no_alert_not_final_benign,-1,dns,port
2025-07-19T23:02:37.120930+0700,103.195.142.74,202.134.0.155,58102,53,UDP,dns,,1645290855025650,wire/pcap,0,0,0,0,0,0.0,0,0,0,none,0,none,0,0,0,no_alert_unknown,no_alert_not_final_benign,-1,dns,port
2025-07-19T23:02:37.138826+0700,103.195.142.74,118.98.44.50,38600,53,UDP,dns,,1440680163992013,wire/pcap,0,0,0,0,0,0.0,0,0,0,none,0,none,0,0,0,no_alert_unknown,no_alert_not_final_benign,-1,dns,port
2025-07-19T23:02:37.150244+0700,103.195.142.74,202.134.0.155,63827,53,UDP,dns,,1489718865114586,wire/pcap,0,0,0,0,0,0.0,0,0,0,none,0,none,0,0,0,no_alert_unknown,no_alert_not_final_benign,-1,dns,port
2025-07-19T23:02:37.152610+0700,103.195.142.74,118.98.44.20,45103,53,UDP,dns,,1499882611346040,wire/pcap,0,0,0,0,0,0.0,0,0,0,none,0,none,0,0,0,no_alert_unknown,no_alert_not_final_benign,-1,dns,port
2025-07-19T23:02:37.156812+0700,103.195.142.74,34.8.38.57,31646,53,UDP,dns,,1517928940957643,wire/pcap,0,0,0,0,0,0.0,0,0,0,none,0,none,0,0,0,no_alert_unknown,no_alert_not_final_benign,-1,dns,port
2025-07-19T23:02:37.159139+0700,103.195.142.74,118.98.44.100,24359,53,UDP,dns,,1527922563030604,wire/pcap,0,0,0,0,0,0.0,0,0,0,none,0,none,0,0,0,no_alert_unknown,no_alert_not_final_benign,-1,dns,port
2025-07-19T23:02:37.161984+0700,103.195.142.74,118.98.44.100,6904,53,UDP,dns,,1540142741896233,wire/pcap,0,0,0,0,0,0.0,0,0,0,none,0,none,0,0,0,no_alert_unknown,no_alert_not_final_benign,-1,dns,port
2025-07-19T23:02:37.162248+0700,103.195.142.75,8.8.8.8,40131,53,UDP,dns,,1541278427694451,wire/pcap,0,0,0,0,0,0.0,0,0,0,none,0,none,0,0,0,no_alert_unknown,no_alert_not_final_benign,-1,dns,port
2025-07-19T23:02:37.166857+0700,103.195.142.74,118.98.44.100,20687,53,UDP,dns,,1561074530657062,wire/pcap,0,0,0,0,0,0.0,0,0,0,none,0,none,0,0,0,no_alert_unknown,no_alert_not_final_benign,-1,dns,port
2025-07-19T23:02:37.166989+0700,103.195.142.74,118.98.44.50,13670,53,UDP,flow,dns,1737365645763366,,1,1,0,83,0,0.0,1,83,0,none,0,none,0,0,0,no_alert_unknown,no_alert_not_final_benign,-1,dns,app_proto+port
2025-07-19T23:02:37.173044+0700,103.195.142.74,118.98.44.20,7307,53,UDP,dns,,1587647498010146,wire/pcap,0,0,0,0,0,0.0,0,0,0,none,0,none,0,0,0,no_alert_unknown,no_alert_not_final_benign,-1,dns,port
2025-07-19T23:02:37.175928+0700,103.195.142.75,50.116.34.34,47501,53,UDP,dns,,1600032413049401,wire/pcap,0,0,0,0,0,0.0,0,0,0,none,0,none,0,0,0,no_alert_unknown,no_alert_not_final_benign,-1,dns,port
2025-07-19T23:02:37.183028+0700,103.195.142.74,34.8.196.142,41795,53,UDP,dns,,1630525317821486,wire/pcap,0,0,0,0,0,0.0,0,0,0,none,0,none,0,0,0,no_alert_unknown,no_alert_not_final_benign,-1,dns,port
2025-07-19T23:02:37.193419+0700,103.195.142.75,8.8.8.8,21939,53,UDP,dns,,1675153210764745,wire/pcap,0,0,0,0,0,0.0,0,0,0,none,0,none,0,0,0,no_alert_unknown,no_alert_not_final_benign,-1,dns,port
2025-07-19T23:02:37.193502+0700,103.195.142.74,118.98.44.20,14860,53,UDP,dns,,1675509843407122,wire/pcap,0,0,0,0,0,0.0,0,0,0,none,0,none,0,0,0,no_alert_unknown,no_alert_not_final_benign,-1,dns,port
2025-07-19T23:02:37.195526+0700,103.195.142.195,87.98.154.124,53,26257,UDP,flow,failed,1236740971000410,,1,3,0,4311,0,9.0,3,4311,0,none,0,none,0,0,0,no_alert_unknown,no_alert_not_final_benign,-1,dns,port
2025-07-19T23:02:37.196012+0700,103.195.142.74,118.98.44.100,4025,53,UDP,dns,,1686290546542918,wire/pcap,0,0,0,0,0,0.0,0,0,0,none,0,none,0,0,0,no_alert_unknown,no_alert_not_final_benign,-1,dns,port
2025-07-19T23:02:37.203178+0700,103.195.142.74,118.98.44.50,21072,53,UDP,dns,,1435595070749410,wire/pcap,0,0,0,0,0,0.0,0,0,0,none,0,none,0,0,0,no_alert_unknown,no_alert_not_final_benign,-1,dns,port
2025-07-19T23:02:37.203300+0700,103.195.142.74,202.134.0.155,53777,53,UDP,dns,,1436118194003438,wire/pcap,0,0,0,0,0,0.0,0,0,0,none,0,none,0,0,0,no_alert_unknown,no_alert_not_final_benign,-1,dns,port
2025-07-19T23:02:37.209201+0700,103.195.142.74,118.98.44.100,58222,53,UDP,dns,,1461464185613587,wire/pcap,0,0,0,0,0,0.0,0,0,0,none,0,none,0,0,0,no_alert_unknown,no_alert_not_final_benign,-1,dns,port
2025-07-19T23:02:37.210665+0700,103.195.142.74,118.98.44.100,18290,53,UDP,dns,,1467753314967032,wire/pcap,0,0,0,0,0,0.0,0,0,0,none,0,none,0,0,0,no_alert_unknown,no_alert_not_final_benign,-1,dns,port
2025-07-19T23:02:37.213142+0700,103.195.142.74,118.98.44.100,9341,53,UDP,dns,,1478390255893893,wire/pcap,0,0,0,0,0,0.0,0,0,0,none,0,none,0,0,0,no_alert_unknown,no_alert_not_final_benign,-1,dns,port
2025-07-19T23:02:37.226106+0700,103.195.142.74,202.134.0.155,42143,53,UDP,dns,,1534072106643183,wire/pcap,0,0,0,0,0,0.0,0,0,0,none,0,none,0,0,0,no_alert_unknown,no_alert_not_final_benign,-1,dns,port
2025-07-19T23:02:37.228320+0700,103.195.142.74,202.134.0.155,58257,53,UDP,dns,,1543578283615313,wire/pcap,0,0,0,0,0,0.0,0,0,0,none,0,none,0,0,0,no_alert_unknown,no_alert_not_final_benign,-1,dns,port
2025-07-19T23:02:37.240497+0700,103.195.142.109,87.98.154.119,53,35531,UDP,flow,failed,1635675286047398,,1,1,0,1437,0,0.0,1,1437,0,none,0,none,0,0,0,no_alert_unknown,no_alert_not_final_benign,-1,dns,port
2025-07-19T23:02:37.251517+0700,103.195.142.75,8.8.8.8,26797,53,UDP,flow,dns,1446649865151372,,1,1,0,68,0,0.0,1,68,0,none,0,none,0,0,0,no_alert_unknown,no_alert_not_final_benign,-1,dns,app_proto+port
2025-07-19T23:02:37.251692+0700,103.195.142.76,87.98.154.119,53,58591,UDP,flow,failed,1167083838940287,,1,1,0,1469,0,0.0,1,1469,0,none,0,none,0,0,0,no_alert_unknown,no_alert_not_final_benign,-1,dns,port
2025-07-19T23:02:37.251712+0700,103.195.142.165,87.98.154.9,53,2377,UDP,flow,failed,1282857150752027,,1,1,0,1437,0,0.0,1,1437,0,none,0,none,0,0,0,no_alert_unknown,no_alert_not_final_benign,-1,dns,port
2025-07-19T23:02:37.251746+0700,103.195.142.75,8.8.8.8,57668,53,UDP,flow,dns,1048370670183743,,1,1,0,178,0,0.0,1,178,0,none,0,none,0,0,0,no_alert_unknown,no_alert_not_final_benign,-1,dns,app_proto+port
2025-07-19T23:02:37.251814+0700,103.195.142.74,202.134.0.155,15570,53,UDP,flow,dns,1638801684407898,,1,1,0,79,0,0.0,1,79,0,none,0,none,0,0,0,no_alert_unknown,no_alert_not_final_benign,-1,dns,app_proto+port
2025-07-19T23:02:37.251888+0700,103.195.142.76,87.98.154.194,53,58741,UDP,flow,failed,1275882437256847,,1,1,0,1469,0,0.0,1,1469,0,none,0,none,0,0,0,no_alert_unknown,no_alert_not_final_benign,-1,dns,port
2025-07-19T23:02:37.251913+0700,103.195.142.109,87.98.154.117,53,40517,UDP,flow,failed,1571582605895358,,1,1,0,1437,0,0.0,1,1437,0,none,0,none,0,0,0,no_alert_unknown,no_alert_not_final_benign,-1,dns,port
2025-07-19T23:02:37.252018+0700,103.195.142.46,87.98.154.119,53,60346,UDP,flow,failed,1075381978310509,,1,1,0,1437,0,0.0,1,1437,0,none,0,none,0,0,0,no_alert_unknown,no_alert_not_final_benign,-1,dns,port
2025-07-19T23:02:37.252092+0700,103.195.142.196,87.98.154.201,53,11234,UDP,flow,failed,1206690961270676,,1,1,0,1437,0,0.0,1,1437,0,none,0,none,0,0,0,no_alert_unknown,no_alert_not_final_benign,-1,dns,port
2025-07-19T23:02:37.252216+0700,103.195.142.83,87.98.154.117,53,3251,UDP,flow,failed,1130919346219008,,1,1,0,1190,0,0.0,1,1190,0,none,0,none,0,0,0,no_alert_unknown,no_alert_not_final_benign,-1,dns,port
2025-07-19T23:02:37.252297+0700,103.195.142.83,87.98.154.166,53,63802,UDP,flow,failed,1273309899171843,,1,3,0,3570,0,9.0,3,3570,0,none,0,none,0,0,0,no_alert_unknown,no_alert_not_final_benign,-1,dns,port
2025-07-19T23:02:37.252345+0700,103.195.142.46,87.98.154.107,53,33087,UDP,flow,failed,902091843676477,,1,1,0,1437,0,0.0,1,1437,0,none,0,none,0,0,0,no_alert_unknown,no_alert_not_final_benign,-1,dns,port
2025-07-19T23:02:37.252403+0700,103.195.142.74,118.98.44.50,25648,53,UDP,flow,dns,1254544453642644,,1,1,0,211,0,0.0,1,211,0,none,0,none,0,0,0,no_alert_unknown,no_alert_not_final_benign,-1,dns,app_proto+port
2025-07-19T23:02:37.252539+0700,103.195.142.3,154.9.3.118,53,45547,UDP,flow,failed,1089384488610486,,1,1,0,159,0,0.0,1,159,0,none,0,none,0,0,0,no_alert_unknown,no_alert_not_final_benign,-1,dns,port
2025-07-19T23:02:37.252617+0700,103.195.142.196,87.98.154.61,53,13853,UDP,flow,failed,892935970663313,,1,1,0,1437,0,0.0,1,1437,0,none,0,none,0,0,0,no_alert_unknown,no_alert_not_final_benign,-1,dns,port
2025-07-19T23:02:37.252766+0700,103.195.142.165,87.98.154.119,53,19246,UDP,flow,failed,1605132759575606,,1,1,0,1437,0,0.0,1,1437,0,none,0,none,0,0,0,no_alert_unknown,no_alert_not_final_benign,-1,dns,port
2025-07-19T23:02:37.252843+0700,103.195.142.83,87.98.154.119,53,53675,UDP,flow,failed,1242071934676054,,1,1,0,1190,0,0.0,1,1190,0,none,0,none,0,0,0,no_alert_unknown,no_alert_not_final_benign,-1,dns,port
2025-07-19T23:02:37.252869+0700,103.195.142.2,172.69.133.154,53,62186,UDP,flow,failed,1581509751909577,,1,1,0,147,0,0.0,1,147,0,none,0,none,0,0,0,no_alert_unknown,no_alert_not_final_benign,-1,dns,port
2025-07-19T23:02:37.252907+0700,103.195.142.75,8.8.8.8,11512,53,UDP,flow,dns,1524138361924862,,1,1,0,75,0,0.0,1,75,0,none,0,none,0,0,0,no_alert_unknown,no_alert_not_final_benign,-1,dns,app_proto+port
2025-07-19T23:02:37.252927+0700,103.195.142.75,8.8.8.8,49875,53,UDP,flow,dns,1275289463467314,,1,1,0,184,0,0.0,1,184,0,none,0,none,0,0,0,no_alert_unknown,no_alert_not_final_benign,-1,dns,app_proto+port
2025-07-19T23:02:37.252947+0700,103.195.142.74,118.98.44.100,24338,53,UDP,flow,dns,1385692779097482,,1,1,0,68,0,0.0,1,68,0,none,0,none,0,0,0,no_alert_unknown,no_alert_not_final_benign,-1,dns,app_proto+port
2025-07-19T23:02:37.253008+0700,103.195.142.3,172.71.101.179,53,31119,UDP,flow,failed,1044609653321176,,1,1,0,295,0,0.0,1,295,0,none,0,none,0,0,0,no_alert_unknown,no_alert_not_final_benign,-1,dns,port
2025-07-19T23:02:37.253047+0700,103.195.142.83,87.98.154.119,53,35879,UDP,flow,failed,1432044730756759,,1,1,0,1190,0,0.0,1,1190,0,none,0,none,0,0,0,no_alert_unknown,no_alert_not_final_benign,-1,dns,port
2025-07-19T23:02:37.253065+0700,103.195.142.74,202.134.0.155,30976,53,UDP,flow,dns,1523565975154448,,1,1,0,75,0,0.0,1,75,0,none,0,none,0,0,0,no_alert_unknown,no_alert_not_final_benign,-1,dns,app_proto+port
2025-07-19T23:02:37.253085+0700,103.195.142.196,87.98.154.105,53,57312,UDP,flow,failed,1374275839504184,,1,1,0,1437,0,0.0,1,1437,0,none,0,none,0,0,0,no_alert_unknown,no_alert_not_final_benign,-1,dns,port
2025-07-19T23:02:37.253136+0700,103.195.142.83,87.98.154.117,53,32664,UDP,flow,failed,1290150905819109,,1,1,0,1190,0,0.0,1,1190,0,none,0,none,0,0,0,no_alert_unknown,no_alert_not_final_benign,-1,dns,port
2025-07-19T23:02:37.253161+0700,103.195.142.3,162.158.89.38,53,63329,UDP,flow,failed,1509882002780243,,1,1,0,174,0,0.0,1,174,0,none,0,none,0,0,0,no_alert_unknown,no_alert_not_final_benign,-1,dns,port
2025-07-19T23:02:37.253217+0700,103.195.142.196,87.98.154.119,53,23201,UDP,flow,failed,1383338105876566,,1,1,0,1437,0,0.0,1,1437,0,none,0,none,0,0,0,no_alert_unknown,no_alert_not_final_benign,-1,dns,port
2025-07-19T23:02:37.253241+0700,103.195.142.74,118.98.44.20,48931,53,UDP,flow,dns,1275921951010947,,1,1,0,79,0,0.0,1,79,0,none,0,none,0,0,0,no_alert_unknown,no_alert_not_final_benign,-1,dns,app_proto+port
2025-07-19T23:02:37.253343+0700,103.195.142.195,87.98.154.119,53,63768,UDP,flow,failed,873304186466774,,1,1,0,1437,0,0.0,1,1437,0,none,0,none,0,0,0,no_alert_unknown,no_alert_not_final_benign,-1,dns,port
2025-07-19T23:02:37.253393+0700,103.195.142.83,87.98.154.119,53,12836,UDP,flow,failed,1385185882518196,,1,1,0,1190,0,0.0,1,1190,0,none,0,none,0,0,0,no_alert_unknown,no_alert_not_final_benign,-1,dns,port
2025-07-19T23:02:37.253412+0700,103.195.142.196,87.98.154.1,53,47408,UDP,flow,failed,1182528445068027,,1,1,0,1437,0,0.0,1,1437,0,none,0,none,0,0,0,no_alert_unknown,no_alert_not_final_benign,-1,dns,port
2025-07-19T23:02:37.253475+0700,103.195.142.195,87.98.154.64,53,63597,UDP,flow,failed,1046660229804834,,1,1,0,1437,0,0.0,1,1437,0,none,0,none,0,0,0,no_alert_unknown,no_alert_not_final_benign,-1,dns,port
2025-07-19T23:02:37.253497+0700,103.195.142.165,87.98.154.197,53,9732,UDP,flow,failed,1444463057941527,,1,1,0,1437,0,0.0,1,1437,0,none,0,none,0,0,0,no_alert_unknown,no_alert_not_final_benign,-1,dns,port
2025-07-19T23:02:37.253517+0700,103.195.142.75,8.8.8.8,28887,53,UDP,flow,dns,1455321322206235,,1,1,0,140,0,0.0,1,140,0,none,0,none,0,0,0,no_alert_unknown,no_alert_not_final_benign,-1,dns,app_proto+port
2025-07-19T23:02:37.253556+0700,103.195.142.46,87.98.154.119,53,54345,UDP,flow,failed,925555916518544,,1,1,0,1437,0,0.0,1,1437,0,none,0,none,0,0,0,no_alert_unknown,no_alert_not_final_benign,-1,dns,port
2025-07-19T23:02:37.253574+0700,103.195.142.109,87.98.154.221,53,19846,UDP,flow,failed,531976762864795,,1,3,0,4311,0,10.0,3,4311,0,none,0,none,0,0,0,no_alert_unknown,no_alert_not_final_benign,-1,dns,port
2025-07-19T23:02:37.253593+0700,103.195.142.74,118.98.44.50,5056,53,UDP,flow,dns,1196169080452289,,1,1,0,77,0,0.0,1,77,0,none,0,none,0,0,0,no_alert_unknown,no_alert_not_final_benign,-1,dns,app_proto+port
2025-07-19T23:02:37.253619+0700,103.195.142.165,87.98.154.93,53,60463,UDP,flow,failed,1335782856570102,,1,1,0,1437,0,0.0,1,1437,0,none,0,none,0,0,0,no_alert_unknown,no_alert_not_final_benign,-1,dns,port
2025-07-19T23:02:37.253637+0700,103.195.142.76,87.98.154.42,53,1297,UDP,flow,failed,1454079154238725,,1,1,0,1469,0,0.0,1,1469,0,none,0,none,0,0,0,no_alert_unknown,no_alert_not_final_benign,-1,dns,port
2025-07-19T23:02:37.253656+0700,103.195.142.76,87.98.154.119,53,3948,UDP,flow,failed,1383005964252428,,1,1,0,1469,0,0.0,1,1469,0,none,0,none,0,0,0,no_alert_unknown,no_alert_not_final_benign,-1,dns,port
2025-07-19T23:02:37.253674+0700,103.195.142.165,87.98.154.119,53,9559,UDP,flow,failed,1513828050842914,,1,1,0,1437,0,0.0,1,1437,0,none,0,none,0,0,0,no_alert_unknown,no_alert_not_final_benign,-1,dns,port
2025-07-19T23:02:37.253716+0700,103.195.142.74,118.98.44.20,38729,53,UDP,flow,dns,1215485451023885,,1,1,0,68,0,0.0,1,68,0,none,0,none,0,0,0,no_alert_unknown,no_alert_not_final_benign,-1,dns,app_proto+port
2025-07-19T23:02:37.253758+0700,103.195.142.109,87.98.154.193,53,24449,UDP,flow,failed,572948873459478,,1,3,0,4311,0,10.0,3,4311,0,none,0,none,0,0,0,no_alert_unknown,no_alert_not_final_benign,-1,dns,port
2025-07-19T23:02:37.253781+0700,103.195.142.75,8.8.8.8,25727,53,UDP,flow,dns,984118407182108,,1,1,0,97,0,0.0,1,97,0,none,0,none,0,0,0,no_alert_unknown,no_alert_not_final_benign,-1,dns,app_proto+port
2025-07-19T23:02:37.253802+0700,103.195.142.195,87.98.154.119,53,35292,UDP,flow,failed,1029723505670050,,1,1,0,1437,0,0.0,1,1437,0,none,0,none,0,0,0,no_alert_unknown,no_alert_not_final_benign,-1,dns,port
2025-07-19T23:02:37.253820+0700,103.195.142.75,8.8.8.8,16321,53,UDP,flow,dns,1139139771152412,,1,1,0,96,0,0.0,1,96,0,none,0,none,0,0,0,no_alert_unknown,no_alert_not_final_benign,-1,dns,app_proto+port
2025-07-19T23:02:37.253840+0700,103.195.142.2,172.70.116.71,53,43674,UDP,flow,failed,1088335572154397,,1,1,0,191,0,0.0,1,191,0,none,0,none,0,0,0,no_alert_unknown,no_alert_not_final_benign,-1,dns,port
2025-07-19T23:02:37.253858+0700,103.195.142.2,52.250.9.90,53,49489,UDP,flow,failed,1542138547189894,,1,1,0,170,0,0.0,1,170,0,none,0,none,0,0,0,no_alert_unknown,no_alert_not_final_benign,-1,dns,port
2025-07-19T23:02:37.253925+0700,103.195.142.109,87.98.154.119,53,50166,UDP,flow,failed,1316555057969472,,1,1,0,1437,0,0.0,1,1437,0,none,0,none,0,0,0,no_alert_unknown,no_alert_not_final_benign,-1,dns,port
2025-07-19T23:02:37.253947+0700,103.195.142.196,87.98.154.77,53,3865,UDP,flow,failed,1643416066242895,,1,1,0,1437,0,0.0,1,1437,0,none,0,none,0,0,0,no_alert_unknown,no_alert_not_final_benign,-1,dns,port
2025-07-19T23:02:37.253966+0700,103.195.142.75,8.8.8.8,40893,53,UDP,flow,dns,980552279767418,,1,1,0,74,0,0.0,1,74,0,none,0,none,0,0,0,no_alert_unknown,no_alert_not_final_benign,-1,dns,app_proto+port
2025-07-19T23:02:37.253989+0700,103.195.142.76,87.98.154.70,53,61162,UDP,flow,failed,1127388684597685,,1,1,0,1469,0,0.0,1,1469,0,none,0,none,0,0,0,no_alert_unknown,no_alert_not_final_benign,-1,dns,port
2025-07-19T23:02:37.254024+0700,103.195.142.74,118.98.44.20,25643,53,UDP,flow,dns,1151376405478011,,1,1,0,214,0,0.0,1,214,0,none,0,none,0,0,0,no_alert_unknown,no_alert_not_final_benign,-1,dns,app_proto+port
2025-07-19T23:02:37.254073+0700,103.195.142.83,87.98.154.119,53,60685,UDP,flow,failed,1033702189611693,,1,1,0,1190,0,0.0,1,1190,0,none,0,none,0,0,0,no_alert_unknown,no_alert_not_final_benign,-1,dns,port
2025-07-19T23:02:37.254149+0700,103.195.142.76,87.98.154.117,53,56709,UDP,flow,failed,1067910985727039,,1,1,0,1469,0,0.0,1,1469,0,none,0,none,0,0,0,no_alert_unknown,no_alert_not_final_benign,-1,dns,port
2025-07-19T23:02:37.254168+0700,103.195.142.195,87.98.154.200,53,63617,UDP,flow,failed,1199016971844685,,1,1,0,1437,0,0.0,1,1437,0,none,0,none,0,0,0,no_alert_unknown,no_alert_not_final_benign,-1,dns,port
2025-07-19T23:02:37.254186+0700,103.195.142.76,87.98.154.110,53,54117,UDP,flow,failed,1138317359693001,,1,1,0,1469,0,0.0,1,1469,0,none,0,none,0,0,0,no_alert_unknown,no_alert_not_final_benign,-1,dns,port
2025-07-19T23:02:37.254207+0700,103.195.142.74,118.98.44.100,22809,53,UDP,flow,dns,1619775245040900,,1,1,0,85,0,0.0,1,85,0,none,0,none,0,0,0,no_alert_unknown,no_alert_not_final_benign,-1,dns,app_proto+port
2025-07-19T23:02:37.254258+0700,103.195.142.46,87.98.154.79,53,1748,UDP,flow,failed,1225492981333418,,1,1,0,1437,0,0.0,1,1437,0,none,0,none,0,0,0,no_alert_unknown,no_alert_not_final_benign,-1,dns,port
2025-07-19T23:02:37.254306+0700,103.195.142.75,8.8.8.8,27798,53,UDP,flow,dns,1600296992030276,,1,1,0,83,0,0.0,1,83,0,none,0,none,0,0,0,no_alert_unknown,no_alert_not_final_benign,-1,dns,app_proto+port
2025-07-19T23:02:37.254331+0700,103.195.142.83,87.98.154.106,53,54272,UDP,flow,failed,879685175328390,,1,1,0,1190,0,0.0,1,1190,0,none,0,none,0,0,0,no_alert_unknown,no_alert_not_final_benign,-1,dns,port
2025-07-19T23:02:37.254351+0700,103.195.142.75,8.8.8.8,46356,53,UDP,flow,dns,1358683133755052,,1,1,0,68,0,0.0,1,68,0,none,0,none,0,0,0,no_alert_unknown,no_alert_not_final_benign,-1,dns,app_proto+port
2025-07-19T23:02:37.254371+0700,103.195.142.46,87.98.154.39,53,46549,UDP,flow,failed,1076660319207093,,1,1,0,1437,0,0.0,1,1437,0,none,0,none,0,0,0,no_alert_unknown,no_alert_not_final_benign,-1,dns,port
2025-07-19T23:02:37.254390+0700,103.195.142.83,87.98.154.119,53,7082,UDP,flow,failed,1345105401921242,,1,1,0,1190,0,0.0,1,1190,0,none,0,none,0,0,0,no_alert_unknown,no_alert_not_final_benign,-1,dns,port
2025-07-19T23:02:37.254408+0700,103.195.142.3,154.9.3.118,53,56303,UDP,flow,failed,856287122341605,,1,1,0,159,0,0.0,1,159,0,none,0,none,0,0,0,no_alert_unknown,no_alert_not_final_benign,-1,dns,port
2025-07-19T23:02:37.254450+0700,103.195.142.3,23.129.64.50,53,52842,UDP,flow,failed,933723846262539,,1,1,0,201,0,0.0,1,201,0,none,0,none,0,0,0,no_alert_unknown,no_alert_not_final_benign,-1,dns,port
2025-07-19T23:02:37.254473+0700,103.195.142.165,87.98.154.153,53,3428,UDP,flow,failed,990286844051235,,1,1,0,1437,0,0.0,1,1437,0,none,0,none,0,0,0,no_alert_unknown,no_alert_not_final_benign,-1,dns,port
2025-07-19T23:02:37.254591+0700,103.195.142.195,87.98.154.152,53,28460,UDP,flow,failed,962775988879215,,1,3,0,4311,0,10.0,3,4311,0,none,0,none,0,0,0,no_alert_unknown,no_alert_not_final_benign,-1,dns,port
2025-07-19T23:02:37.254611+0700,103.195.142.75,8.8.8.8,23824,53,UDP,flow,dns,2019619133964251,,1,2,0,384,0,5.0,2,384,0,none,0,none,0,0,0,no_alert_unknown,no_alert_not_final_benign,-1,dns,app_proto+port
2025-07-19T23:02:37.254655+0700,103.195.142.195,87.98.154.8,53,6353,UDP,flow,failed,1144223240929380,,1,1,0,1437,0,0.0,1,1437,0,none,0,none,0,0,0,no_alert_unknown,no_alert_not_final_benign,-1,dns,port
2025-07-19T23:02:37.254673+0700,103.195.142.76,87.98.154.119,53,13966,UDP,flow,failed,1221629886513272,,1,1,0,1469,0,0.0,1,1469,0,none,0,none,0,0,0,no_alert_unknown,no_alert_not_final_benign,-1,dns,port
2025-07-19T23:02:37.254692+0700,103.195.142.109,87.98.154.137,53,16292,UDP,flow,failed,1183069714563297,,1,3,0,4311,0,9.0,3,4311,0,none,0,none,0,0,0,no_alert_unknown,no_alert_not_final_benign,-1,dns,port
2025-07-19T23:02:37.254888+0700,103.195.142.46,87.98.154.119,53,43952,UDP,flow,failed,1446135622976135,,1,1,0,1437,0,0.0,1,1437,0,none,0,none,0,0,0,no_alert_unknown,no_alert_not_final_benign,-1,dns,port
2025-07-19T23:02:37.254936+0700,103.195.142.74,118.98.44.20,30272,53,UDP,flow,dns,1672632134320921,,1,1,0,83,0,0.0,1,83,0,none,0,none,0,0,0,no_alert_unknown,no_alert_not_final_benign,-1,dns,app_proto+port
2025-07-19T23:02:37.254981+0700,103.195.142.83,87.98.154.78,53,19939,UDP,flow,failed,1169344542786353,,1,1,0,1190,0,0.0,1,1190,0,none,0,none,0,0,0,no_alert_unknown,no_alert_not_final_benign,-1,dns,port
2025-07-19T23:02:37.255000+0700,103.195.142.109,87.98.154.237,53,43696,UDP,flow,failed,1205786340410299,,1,1,0,1437,0,0.0,1,1437,0,none,0,none,0,0,0,no_alert_unknown,no_alert_not_final_benign,-1,dns,port
2025-07-19T23:02:37.255040+0700,103.195.142.76,87.98.154.138,53,9662,UDP,flow,failed,944309391115306,,1,1,0,1469,0,0.0,1,1469,0,none,0,none,0,0,0,no_alert_unknown,no_alert_not_final_benign,-1,dns,port
2025-07-19T23:02:37.255185+0700,103.195.142.74,202.134.0.155,57653,53,UDP,flow,dns,1180546627257609,,1,1,0,68,0,0.0,1,68,0,none,0,none,0,0,0,no_alert_unknown,no_alert_not_final_benign,-1,dns,app_proto+port
2025-07-19T23:02:37.255206+0700,103.195.142.74,118.98.44.50,11295,53,UDP,flow,dns,1364992515425570,,1,1,0,81,0,0.0,1,81,0,none,0,none,0,0,0,no_alert_unknown,no_alert_not_final_benign,-1,dns,app_proto+port
2025-07-19T23:02:37.255229+0700,103.195.142.109,87.98.154.119,53,6381,UDP,flow,failed,1485870420444497,,1,1,0,1437,0,0.0,1,1437,0,none,0,none,0,0,0,no_alert_unknown,no_alert_not_final_benign,-1,dns,port
2025-07-19T23:02:37.255249+0700,103.195.142.195,87.98.154.119,53,50663,UDP,flow,failed,1334375936148843,,1,1,0,1437,0,0.0,1,1437,0,none,0,none,0,0,0,no_alert_unknown,no_alert_not_final_benign,-1,dns,port
2025-07-19T23:02:37.255293+0700,103.195.142.74,118.98.44.20,36364,53,UDP,flow,dns,994877580166538,,1,1,0,93,0,0.0,1,93,0,none,0,none,0,0,0,no_alert_unknown,no_alert_not_final_benign,-1,dns,app_proto+port
2025-07-19T23:02:37.255314+0700,103.195.142.196,87.98.154.119,53,1382,UDP,flow,failed,893152443352556,,1,1,0,1437,0,0.0,1,1437,0,none,0,none,0,0,0,no_alert_unknown,no_alert_not_final_benign,-1,dns,port
2025-07-19T23:02:37.255333+0700,103.195.142.83,87.98.154.119,53,36654,UDP,flow,failed,1386169247123003,,1,1,0,1190,0,0.0,1,1190,0,none,0,none,0,0,0,no_alert_unknown,no_alert_not_final_benign,-1,dns,port
2025-07-19T23:02:37.255352+0700,103.195.142.76,87.98.154.119,53,38470,UDP,flow,failed,1063184518727308,,1,1,0,1469,0,0.0,1,1469,0,none,0,none,0,0,0,no_alert_unknown,no_alert_not_final_benign,-1,dns,port
2025-07-19T23:02:37.255391+0700,103.195.142.74,202.134.0.155,13750,53,UDP,flow,dns,1314515437537068,,1,1,0,68,0,0.0,1,68,0,none,0,none,0,0,0,no_alert_unknown,no_alert_not_final_benign,-1,dns,app_proto+port
2025-07-19T23:02:37.255424+0700,103.195.142.109,87.98.154.119,53,47566,UDP,flow,failed,1201638596069297,,1,1,0,1437,0,0.0,1,1437,0,none,0,none,0,0,0,no_alert_unknown,no_alert_not_final_benign,-1,dns,port
2025-07-19T23:02:37.255497+0700,103.195.142.75,8.8.8.8,39033,53,UDP,flow,dns,876823164274650,,1,1,0,90,0,0.0,1,90,0,none,0,none,0,0,0,no_alert_unknown,no_alert_not_final_benign,-1,dns,app_proto+port
2025-07-19T23:02:37.255611+0700,103.195.142.196,87.98.154.109,53,24965,UDP,flow,failed,1209367104309479,,1,1,0,1437,0,0.0,1,1437,0,none,0,none,0,0,0,no_alert_unknown,no_alert_not_final_benign,-1,dns,port
2025-07-19T23:02:37.255634+0700,103.195.142.83,87.98.154.242,53,2077,UDP,flow,failed,1207808400279827,,1,1,0,1190,0,0.0,1,1190,0,none,0,none,0,0,0,no_alert_unknown,no_alert_not_final_benign,-1,dns,port
2025-07-19T23:02:37.255652+0700,103.195.142.74,118.98.44.50,63874,53,UDP,flow,dns,1527056324413759,,1,1,0,77,0,0.0,1,77,0,none,0,none,0,0,0,no_alert_unknown,no_alert_not_final_benign,-1,dns,app_proto+port
2025-07-19T23:02:37.255678+0700,103.195.142.83,87.98.154.119,53,43756,UDP,flow,failed,1176759470901584,,1,1,0,1190,0,0.0,1,1190,0,none,0,none,0,0,0,no_alert_unknown,no_alert_not_final_benign,-1,dns,port
2025-07-19T23:02:37.255741+0700,103.195.142.195,87.98.154.119,53,64042,UDP,flow,failed,1641994236905912,,1,1,0,1437,0,0.0,1,1437,0,none,0,none,0,0,0,no_alert_unknown,no_alert_not_final_benign,-1,dns,port
2025-07-19T23:02:37.255780+0700,103.195.142.109,87.98.154.118,53,43038,UDP,flow,failed,1249413359389302,,1,1,0,1437,0,0.0,1,1437,0,none,0,none,0,0,0,no_alert_unknown,no_alert_not_final_benign,-1,dns,port
2025-07-19T23:02:37.255798+0700,103.195.142.74,202.134.0.155,22351,53,UDP,flow,dns,1452251445840622,,1,1,0,97,0,0.0,1,97,0,none,0,none,0,0,0,no_alert_unknown,no_alert_not_final_benign,-1,dns,app_proto+port
2025-07-19T23:02:37.255819+0700,103.195.142.195,87.98.154.119,53,50483,UDP,flow,failed,858953105197871,,1,1,0,1437,0,0.0,1,1437,0,none,0,none,0,0,0,no_alert_unknown,no_alert_not_final_benign,-1,dns,port
2025-07-19T23:02:37.255840+0700,103.195.142.74,202.134.0.155,52372,53,UDP,flow,dns,1532956510702414,,1,1,0,196,0,0.0,1,196,0,none,0,none,0,0,0,no_alert_unknown,no_alert_not_final_benign,-1,dns,app_proto+port
2025-07-19T23:02:37.255861+0700,103.195.142.74,202.134.0.155,23360,53,UDP,flow,dns,996780976753527,,1,1,0,88,0,0.0,1,88,0,none,0,none,0,0,0,no_alert_unknown,no_alert_not_final_benign,-1,dns,app_proto+port
2025-07-19T23:02:37.255882+0700,103.195.142.74,118.98.44.100,28363,53,UDP,flow,dns,1489942459501439,,1,1,0,178,0,0.0,1,178,0,none,0,none,0,0,0,no_alert_unknown,no_alert_not_final_benign,-1,dns,app_proto+port
2025-07-19T23:02:37.255902+0700,103.195.142.109,87.98.154.117,53,15548,UDP,flow,failed,1643455311694721,,1,1,0,1437,0,0.0,1,1437,0,none,0,none,0,0,0,no_alert_unknown,no_alert_not_final_benign,-1,dns,port
2025-07-19T23:02:37.255980+0700,103.195.142.165,87.98.154.173,53,5810,UDP,flow,failed,1603201588907120,,1,1,0,1437,0,0.0,1,1437,0,none,0,none,0,0,0,no_alert_unknown,no_alert_not_final_benign,-1,dns,port
2025-07-19T23:02:37.256012+0700,103.195.142.76,87.98.154.118,53,33900,UDP,flow,failed,1406603393354892,,1,1,0,1469,0,0.0,1,1469,0,none,0,none,0,0,0,no_alert_unknown,no_alert_not_final_benign,-1,dns,port
2025-07-19T23:02:37.256124+0700,103.195.142.74,118.98.44.100,55043,53,UDP,flow,dns,1674867897715949,,1,1,0,138,0,0.0,1,138,0,none,0,none,0,0,0,no_alert_unknown,no_alert_not_final_benign,-1,dns,app_proto+port
2025-07-19T23:02:37.256206+0700,103.195.142.2,162.158.105.20,53,33005,UDP,flow,failed,1430733259656565,,1,1,0,127,0,0.0,1,127,0,none,0,none,0,0,0,no_alert_unknown,no_alert_not_final_benign,-1,dns,port
2025-07-19T23:02:37.256255+0700,103.195.142.75,8.8.8.8,13688,53,UDP,flow,dns,990821403512336,,1,1,0,74,0,0.0,1,74,0,none,0,none,0,0,0,no_alert_unknown,no_alert_not_final_benign,-1,dns,app_proto+port
2025-07-19T23:02:37.256335+0700,103.195.142.195,87.98.154.119,53,33618,UDP,flow,failed,1438635760406267,,1,1,0,1437,0,0.0,1,1437,0,none,0,none,0,0,0,no_alert_unknown,no_alert_not_final_benign,-1,dns,port
2025-07-19T23:02:37.256359+0700,103.195.142.3,176.65.149.100,53,52467,UDP,flow,failed,1600651627581204,,1,1,0,142,0,0.0,1,142,0,none,0,none,0,0,0,no_alert_unknown,no_alert_not_final_benign,-1,dns,port
2025-07-19T23:02:37.256378+0700,103.195.142.109,87.98.154.119,53,12451,UDP,flow,failed,1623476288212859,,1,1,0,1437,0,0.0,1,1437,0,none,0,none,0,0,0,no_alert_unknown,no_alert_not_final_benign,-1,dns,port
2025-07-19T23:02:37.256397+0700,103.195.142.46,87.98.154.119,53,8593,UDP,flow,failed,845788533673861,,1,1,0,1437,0,0.0,1,1437,0,none,0,none,0,0,0,no_alert_unknown,no_alert_not_final_benign,-1,dns,port
2025-07-19T23:02:37.256441+0700,103.195.142.76,87.98.154.82,53,44349,UDP,flow,failed,1685671786172391,,1,1,0,1469,0,0.0,1,1469,0,none,0,none,0,0,0,no_alert_unknown,no_alert_not_final_benign,-1,dns,port
2025-07-19T23:02:37.256466+0700,103.195.142.165,87.98.154.119,53,9468,UDP,flow,failed,1194811834290177,,1,1,0,1437,0,0.0,1,1437,0,none,0,none,0,0,0,no_alert_unknown,no_alert_not_final_benign,-1,dns,port
2025-07-19T23:02:37.256485+0700,103.195.142.76,87.98.154.119,53,44154,UDP,flow,failed,1287167332438092,,1,1,0,1469,0,0.0,1,1469,0,none,0,none,0,0,0,no_alert_unknown,no_alert_not_final_benign,-1,dns,port
2025-07-19T23:02:37.256503+0700,103.195.142.75,8.8.8.8,8220,53,UDP,flow,dns,422867610619992,,1,2,0,178,0,26.0,2,178,0,none,0,none,0,0,0,no_alert_unknown,no_alert_not_final_benign,-1,dns,app_proto+port
2025-07-19T23:02:37.256544+0700,103.195.142.46,87.98.154.167,53,49379,UDP,flow,failed,1200629736132818,,1,1,0,1437,0,0.0,1,1437,0,none,0,none,0,0,0,no_alert_unknown,no_alert_not_final_benign,-1,dns,port
2025-07-19T23:02:37.256586+0700,103.195.142.109,87.98.154.21,53,58682,UDP,flow,failed,1130970956485106,,1,1,0,1437,0,0.0,1,1437,0,none,0,none,0,0,0,no_alert_unknown,no_alert_not_final_benign,-1,dns,port
2025-07-19T23:02:37.256635+0700,103.195.142.76,87.98.154.138,53,63389,UDP,flow,failed,1321595586859552,,1,1,0,1469,0,0.0,1,1469,0,none,0,none,0,0,0,no_alert_unknown,no_alert_not_final_benign,-1,dns,port
2025-07-19T23:02:37.256671+0700,103.195.142.74,118.98.44.20,58304,53,UDP,flow,dns,1571554067141166,,1,1,0,214,0,0.0,1,214,0,none,0,none,0,0,0,no_alert_unknown,no_alert_not_final_benign,-1,dns,app_proto+port
2025-07-19T23:02:37.256712+0700,103.195.142.76,87.98.154.119,53,26180,UDP,flow,failed,1207680018272833,,1,1,0,1469,0,0.0,1,1469,0,none,0,none,0,0,0,no_alert_unknown,no_alert_not_final_benign,-1,dns,port
2025-07-19T23:02:37.256731+0700,103.195.142.83,87.98.154.166,53,27966,UDP,flow,failed,1173245778186931,,1,1,0,1190,0,0.0,1,1190,0,none,0,none,0,0,0,no_alert_unknown,no_alert_not_final_benign,-1,dns,port
2025-07-19T23:02:37.256795+0700,103.195.142.74,202.134.0.155,38915,53,UDP,flow,dns,1334372627632927,,1,1,0,99,0,0.0,1,99,0,none,0,none,0,0,0,no_alert_unknown,no_alert_not_final_benign,-1,dns,app_proto+port
2025-07-19T23:02:37.256815+0700,103.195.142.83,87.98.154.78,53,64255,UDP,flow,failed,1102625389335332,,1,1,0,1190,0,0.0,1,1190,0,none,0,none,0,0,0,no_alert_unknown,no_alert_not_final_benign,-1,dns,port
2025-07-19T23:02:37.256834+0700,103.195.142.74,118.98.44.20,19994,53,UDP,flow,dns,1109548875174760,,1,1,0,214,0,0.0,1,214,0,none,0,none,0,0,0,no_alert_unknown,no_alert_not_final_benign,-1,dns,app_proto+port
2025-07-19T23:02:37.256854+0700,103.195.142.2,172.69.133.154,53,16047,UDP,flow,failed,1421137785049998,,1,1,0,174,0,0.0,1,174,0,none,0,none,0,0,0,no_alert_unknown,no_alert_not_final_benign,-1,dns,port
2025-07-19T23:02:37.256922+0700,103.195.142.76,87.98.154.166,53,34183,UDP,flow,failed,1016938289419507,,1,1,0,1469,0,0.0,1,1469,0,none,0,none,0,0,0,no_alert_unknown,no_alert_not_final_benign,-1,dns,port
2025-07-19T23:02:37.256940+0700,103.195.142.109,87.98.154.157,53,38676,UDP,flow,failed,1536754502063352,,1,1,0,1437,0,0.0,1,1437,0,none,0,none,0,0,0,no_alert_unknown,no_alert_not_final_benign,-1,dns,port
2025-07-19T23:02:37.256979+0700,103.195.142.74,118.98.44.50,65276,53,UDP,flow,dns,1628995379189266,,1,1,0,77,0,0.0,1,77,0,none,0,none,0,0,0,no_alert_unknown,no_alert_not_final_benign,-1,dns,app_proto+port
2025-07-19T23:02:37.257022+0700,103.195.142.2,176.65.149.100,53,25649,UDP,flow,failed,1682567038031582,,1,1,0,173,0,0.0,1,173,0,none,0,none,0,0,0,no_alert_unknown,no_alert_not_final_benign,-1,dns,port
2025-07-19T23:02:37.257041+0700,103.195.142.109,87.98.154.119,53,35776,UDP,flow,failed,1307004577175322,,1,1,0,1437,0,0.0,1,1437,0,none,0,none,0,0,0,no_alert_unknown,no_alert_not_final_benign,-1,dns,port
2025-07-19T23:02:37.257068+0700,103.195.142.83,87.98.154.119,53,60750,UDP,flow,failed,1508937835599760,,1,1,0,1190,0,0.0,1,1190,0,none,0,none,0,0,0,no_alert_unknown,no_alert_not_final_benign,-1,dns,port
2025-07-19T23:02:37.257093+0700,103.195.142.109,87.98.154.119,53,5494,UDP,flow,failed,1563933235140497,,1,1,0,1437,0,0.0,1,1437,0,none,0,none,0,0,0,no_alert_unknown,no_alert_not_final_benign,-1,dns,port
2025-07-19T23:02:37.257125+0700,103.195.142.46,87.98.154.119,53,23699,UDP,flow,failed,1051719815256004,,1,1,0,1437,0,0.0,1,1437,0,none,0,none,0,0,0,no_alert_unknown,no_alert_not_final_benign,-1,dns,port
2025-07-19T23:02:37.257144+0700,103.195.142.76,87.98.154.119,53,8185,UDP,flow,failed,923029001263063,,1,1,0,1469,0,0.0,1,1469,0,none,0,none,0,0,0,no_alert_unknown,no_alert_not_final_benign,-1,dns,port
2025-07-19T23:02:37.257162+0700,103.195.142.74,118.98.44.20,32682,53,UDP,flow,dns,1526516945115098,,1,1,0,77,0,0.0,1,77,0,none,0,none,0,0,0,no_alert_unknown,no_alert_not_final_benign,-1,dns,app_proto+port
2025-07-19T23:02:37.257182+0700,103.195.142.74,118.98.44.100,16366,53,UDP,flow,dns,1299862098204643,,1,1,0,96,0,0.0,1,96,0,none,0,none,0,0,0,no_alert_unknown,no_alert_not_final_benign,-1,dns,app_proto+port
2025-07-19T23:02:37.257201+0700,103.195.142.46,87.98.154.119,53,50669,UDP,flow,failed,1468558262589454,,1,1,0,1437,0,0.0,1,1437,0,none,0,none,0,0,0,no_alert_unknown,no_alert_not_final_benign,-1,dns,port
2025-07-19T23:02:37.257287+0700,103.195.142.3,154.9.3.118,53,59453,UDP,flow,failed,1607875436206361,,1,1,0,159,0,0.0,1,159,0,none,0,none,0,0,0,no_alert_unknown,no_alert_not_final_benign,-1,dns,port
2025-07-19T23:02:37.257396+0700,103.195.142.109,87.98.154.249,53,38457,UDP,flow,failed,1582004961663606,,1,1,0,1437,0,0.0,1,1437,0,none,0,none,0,0,0,no_alert_unknown,no_alert_not_final_benign,-1,dns,port
2025-07-19T23:02:37.257415+0700,103.195.142.195,87.98.154.64,53,32443,UDP,flow,failed,857050431085336,,1,1,0,1437,0,0.0,1,1437,0,none,0,none,0,0,0,no_alert_unknown,no_alert_not_final_benign,-1,dns,port
2025-07-19T23:02:37.257433+0700,103.195.142.46,87.98.154.239,53,37107,UDP,flow,failed,1633269605522227,,1,1,0,1437,0,0.0,1,1437,0,none,0,none,0,0,0,no_alert_unknown,no_alert_not_final_benign,-1,dns,port
2025-07-19T23:02:37.257474+0700,103.195.142.75,8.8.8.8,25302,53,UDP,flow,dns,1424380727909286,,1,1,0,82,0,0.0,1,82,0,none,0,none,0,0,0,no_alert_unknown,no_alert_not_final_benign,-1,dns,app_proto+port
2025-07-19T23:02:37.257493+0700,103.195.142.196,87.98.154.145,53,4919,UDP,flow,failed,1583156527684549,,1,1,0,1437,0,0.0,1,1437,0,none,0,none,0,0,0,no_alert_unknown,no_alert_not_final_benign,-1,dns,port
2025-07-19T23:02:37.257512+0700,103.195.142.2,172.71.157.57,53,59134,UDP,flow,failed,984552267766950,,1,1,0,174,0,0.0,1,174,0,none,0,none,0,0,0,no_alert_unknown,no_alert_not_final_benign,-1,dns,port
2025-07-19T23:02:37.257530+0700,103.195.142.74,118.98.44.20,32769,53,UDP,flow,dns,1673573112732869,,1,1,0,214,0,0.0,1,214,0,none,0,none,0,0,0,no_alert_unknown,no_alert_not_final_benign,-1,dns,app_proto+port
2025-07-19T23:02:37.257559+0700,103.195.142.2,23.129.64.55,53,16070,UDP,flow,failed,935444272372956,,1,1,0,148,0,0.0,1,148,0,none,0,none,0,0,0,no_alert_unknown,no_alert_not_final_benign,-1,dns,port
2025-07-19T23:02:37.257578+0700,103.195.142.75,8.8.8.8,37502,53,UDP,flow,dns,1583287198539005,,1,1,0,68,0,0.0,1,68,0,none,0,none,0,0,0,no_alert_unknown,no_alert_not_final_benign,-1,dns,app_proto+port
2025-07-19T23:02:37.257640+0700,103.195.142.2,162.158.105.20,53,20939,UDP,flow,failed,1467396323860179,,1,1,0,135,0,0.0,1,135,0,none,0,none,0,0,0,no_alert_unknown,no_alert_not_final_benign,-1,dns,port
2025-07-19T23:02:37.257658+0700,103.195.142.2,172.70.204.31,53,30474,UDP,flow,failed,1646383279759111,,1,1,0,175,0,0.0,1,175,0,none,0,none,0,0,0,no_alert_unknown,no_alert_not_final_benign,-1,dns,port
2025-07-19T23:02:37.257677+0700,103.195.142.165,87.98.154.237,53,60876,UDP,flow,failed,1424847661883269,,1,1,0,1437,0,0.0,1,1437,0,none,0,none,0,0,0,no_alert_unknown,no_alert_not_final_benign,-1,dns,port
2025-07-19T23:02:37.257743+0700,103.195.142.46,87.98.154.119,53,16914,UDP,flow,failed,1288100078018549,,1,1,0,1437,0,0.0,1,1437,0,none,0,none,0,0,0,no_alert_unknown,no_alert_not_final_benign,-1,dns,port
2025-07-19T23:02:37.257782+0700,103.195.142.74,202.134.0.155,42745,53,UDP,flow,dns,945105852424338,,1,1,0,202,0,0.0,1,202,0,none,0,none,0,0,0,no_alert_unknown,no_alert_not_final_benign,-1,dns,app_proto+port
2025-07-19T23:02:37.257824+0700,103.195.142.76,87.98.154.82,53,51050,UDP,flow,failed,1414150704587080,,1,1,0,1469,0,0.0,1,1469,0,none,0,none,0,0,0,no_alert_unknown,no_alert_not_final_benign,-1,dns,port
2025-07-19T23:02:37.257842+0700,103.195.142.109,87.98.154.49,53,40485,UDP,flow,failed,1145195874017626,,1,1,0,1437,0,0.0,1,1437,0,none,0,none,0,0,0,no_alert_unknown,no_alert_not_final_benign,-1,dns,port
2025-07-19T23:02:37.257871+0700,103.195.142.83,87.98.154.10,53,20791,UDP,flow,failed,1294386396782966,,1,1,0,1190,0,0.0,1,1190,0,none,0,none,0,0,0,no_alert_unknown,no_alert_not_final_benign,-1,dns,port
2025-07-19T23:02:37.257928+0700,103.195.142.165,87.98.154.119,53,30786,UDP,flow,failed,1027774822933092,,1,1,0,1437,0,0.0,1,1437,0,none,0,none,0,0,0,no_alert_unknown,no_alert_not_final_benign,-1,dns,port
2025-07-19T23:02:37.257947+0700,103.195.142.195,87.98.154.96,53,1368,UDP,flow,failed,1433475860128463,,1,1,0,1437,0,0.0,1,1437,0,none,0,none,0,0,0,no_alert_unknown,no_alert_not_final_benign,-1,dns,port
2025-07-19T23:02:37.257966+0700,103.195.142.195,87.98.154.119,53,22865,UDP,flow,failed,1368579048399743,,1,1,0,1437,0,0.0,1,1437,0,none,0,none,0,0,0,no_alert_unknown,no_alert_not_final_benign,-1,dns,port
2025-07-19T23:02:37.258031+0700,103.195.142.74,118.98.44.50,38250,53,UDP,flow,dns,1496081180779717,,1,1,0,68,0,0.0,1,68,0,none,0,none,0,0,0,no_alert_unknown,no_alert_not_final_benign,-1,dns,app_proto+port
2025-07-19T23:02:37.258050+0700,103.195.142.165,87.98.154.119,53,55385,UDP,flow,failed,893897642861844,,1,1,0,1437,0,0.0,1,1437,0,none,0,none,0,0,0,no_alert_unknown,no_alert_not_final_benign,-1,dns,port
2025-07-19T23:02:37.258072+0700,103.195.142.196,87.98.154.173,53,6625,UDP,flow,failed,1238922745931038,,1,1,0,1437,0,0.0,1,1437,0,none,0,none,0,0,0,no_alert_unknown,no_alert_not_final_benign,-1,dns,port
2025-07-19T23:02:37.258161+0700,103.195.142.165,87.98.154.65,53,38600,UDP,flow,failed,1551474860811791,,1,1,0,1437,0,0.0,1,1437,0,none,0,none,0,0,0,no_alert_unknown,no_alert_not_final_benign,-1,dns,port
2025-07-19T23:02:37.258181+0700,103.195.142.76,87.98.154.226,53,52452,UDP,flow,failed,1272591052301896,,1,1,0,1469,0,0.0,1,1469,0,none,0,none,0,0,0,no_alert_unknown,no_alert_not_final_benign,-1,dns,port
2025-07-19T23:02:37.258200+0700,103.195.142.165,87.98.154.119,53,32768,UDP,flow,failed,1234658788435549,,1,1,0,1437,0,0.0,1,1437,0,none,0,none,0,0,0,no_alert_unknown,no_alert_not_final_benign,-1,dns,port
2025-07-19T23:02:37.258218+0700,103.195.142.195,87.98.154.224,53,47341,UDP,flow,failed,1265625930131097,,1,1,0,1437,0,0.0,1,1437,0,none,0,none,0,0,0,no_alert_unknown,no_alert_not_final_benign,-1,dns,port
2025-07-19T23:02:37.258261+0700,103.195.142.74,118.98.44.50,26549,53,UDP,flow,dns,1273981839795914,,1,1,0,80,0,0.0,1,80,0,none,0,none,0,0,0,no_alert_unknown,no_alert_not_final_benign,-1,dns,app_proto+port
2025-07-19T23:02:37.258302+0700,103.195.142.74,118.98.44.100,7008,53,UDP,flow,dns,1054122054969072,,1,1,0,99,0,0.0,1,99,0,none,0,none,0,0,0,no_alert_unknown,no_alert_not_final_benign,-1,dns,app_proto+port
2025-07-19T23:02:37.258323+0700,103.195.142.239,8.8.4.4,48246,53,UDP,flow,dns,1674495579514695,,1,1,0,74,0,0.0,1,74,0,none,0,none,0,0,0,no_alert_unknown,no_alert_not_final_benign,-1,dns,app_proto+port
2025-07-19T23:02:37.258343+0700,103.195.142.76,87.98.154.226,53,8246,UDP,flow,failed,1391623485777739,,1,3,0,4407,0,9.0,3,4407,0,none,0,none,0,0,0,no_alert_unknown,no_alert_not_final_benign,-1,dns,port
2025-07-19T23:02:37.258362+0700,103.195.142.165,87.98.154.119,53,22640,UDP,flow,failed,961533409159002,,1,1,0,1437,0,0.0,1,1437,0,none,0,none,0,0,0,no_alert_unknown,no_alert_not_final_benign,-1,dns,port
2025-07-19T23:02:37.258381+0700,103.195.142.74,202.134.0.155,32618,53,UDP,flow,dns,905234192459745,,1,1,0,178,0,0.0,1,178,0,none,0,none,0,0,0,no_alert_unknown,no_alert_not_final_benign,-1,dns,app_proto+port
2025-07-19T23:02:37.258444+0700,103.195.142.74,118.98.44.100,52809,53,UDP,flow,dns,1532607666841741,,1,1,0,178,0,0.0,1,178,0,none,0,none,0,0,0,no_alert_unknown,no_alert_not_final_benign,-1,dns,app_proto+port
2025-07-19T23:02:37.258518+0700,103.195.142.75,8.8.8.8,44074,53,UDP,flow,dns,1257481277270180,,1,1,0,78,0,0.0,1,78,0,none,0,none,0,0,0,no_alert_unknown,no_alert_not_final_benign,-1,dns,app_proto+port
2025-07-19T23:02:37.258583+0700,103.195.142.165,87.98.154.37,53,49388,UDP,flow,failed,1006329315191081,,1,1,0,1437,0,0.0,1,1437,0,none,0,none,0,0,0,no_alert_unknown,no_alert_not_final_benign,-1,dns,port
2025-07-19T23:02:37.258602+0700,103.195.142.109,87.98.154.119,53,16561,UDP,flow,failed,1632370736032124,,1,1,0,1437,0,0.0,1,1437,0,none,0,none,0,0,0,no_alert_unknown,no_alert_not_final_benign,-1,dns,port
2025-07-19T23:02:37.258666+0700,103.195.142.74,118.98.44.20,35757,53,UDP,flow,dns,1299619964250707,,1,1,0,86,0,0.0,1,86,0,none,0,none,0,0,0,no_alert_unknown,no_alert_not_final_benign,-1,dns,app_proto+port
2025-07-19T23:02:37.258686+0700,103.195.142.196,87.98.154.119,53,3344,UDP,flow,failed,1434620815010452,,1,1,0,1437,0,0.0,1,1437,0,none,0,none,0,0,0,no_alert_unknown,no_alert_not_final_benign,-1,dns,port
2025-07-19T23:02:37.258704+0700,103.195.142.74,118.98.44.50,4737,53,UDP,flow,dns,1239880139139788,,1,1,0,78,0,0.0,1,78,0,none,0,none,0,0,0,no_alert_unknown,no_alert_not_final_benign,-1,dns,app_proto+port
2025-07-19T23:02:37.258729+0700,103.195.142.165,87.98.154.119,53,43445,UDP,flow,failed,1458888560995104,,1,1,0,1437,0,0.0,1,1437,0,none,0,none,0,0,0,no_alert_unknown,no_alert_not_final_benign,-1,dns,port
2025-07-19T23:02:37.258748+0700,103.195.142.165,87.98.154.119,53,42251,UDP,flow,failed,1395735642172368,,1,1,0,1437,0,0.0,1,1437,0,none,0,none,0,0,0,no_alert_unknown,no_alert_not_final_benign,-1,dns,port
2025-07-19T23:02:37.258766+0700,103.195.142.46,87.98.154.119,53,50618,UDP,flow,failed,1298428112989180,,1,1,0,1437,0,0.0,1,1437,0,none,0,none,0,0,0,no_alert_unknown,no_alert_not_final_benign,-1,dns,port
2025-07-19T23:02:37.258785+0700,103.195.142.46,87.98.154.23,53,53891,UDP,flow,failed,1678202273918013,,1,1,0,1437,0,0.0,1,1437,0,none,0,none,0,0,0,no_alert_unknown,no_alert_not_final_benign,-1,dns,port
2025-07-19T23:02:37.258803+0700,103.195.142.46,87.98.154.118,53,53535,UDP,flow,failed,1372499117796414,,1,1,0,1437,0,0.0,1,1437,0,none,0,none,0,0,0,no_alert_unknown,no_alert_not_final_benign,-1,dns,port
2025-07-19T23:02:37.258821+0700,103.195.142.196,87.98.154.145,53,53466,UDP,flow,failed,1539007558446302,,1,1,0,1437,0,0.0,1,1437,0,none,0,none,0,0,0,no_alert_unknown,no_alert_not_final_benign,-1,dns,port
2025-07-19T23:02:37.258888+0700,103.195.142.109,87.98.154.119,53,56230,UDP,flow,failed,1144340120988960,,1,1,0,1437,0,0.0,1,1437,0,none,0,none,0,0,0,no_alert_unknown,no_alert_not_final_benign,-1,dns,port
2025-07-19T23:02:37.258907+0700,103.195.142.46,87.98.154.51,53,13273,UDP,flow,failed,1498697684479285,,1,1,0,1437,0,0.0,1,1437,0,none,0,none,0,0,0,no_alert_unknown,no_alert_not_final_benign,-1,dns,port
2025-07-19T23:02:37.258946+0700,103.195.142.74,118.98.44.20,19046,53,UDP,flow,dns,1317538183966063,,1,1,0,214,0,0.0,1,214,0,none,0,none,0,0,0,no_alert_unknown,no_alert_not_final_benign,-1,dns,app_proto+port
2025-07-19T23:02:37.258988+0700,103.195.142.74,118.98.44.20,16131,53,UDP,flow,dns,1445027883445670,,1,1,0,95,0,0.0,1,95,0,none,0,none,0,0,0,no_alert_unknown,no_alert_not_final_benign,-1,dns,app_proto+port
2025-07-19T23:02:37.259080+0700,103.195.142.46,87.98.154.119,53,34805,UDP,flow,failed,1158058353159918,,1,1,0,1437,0,0.0,1,1437,0,none,0,none,0,0,0,no_alert_unknown,no_alert_not_final_benign,-1,dns,port
2025-07-19T23:02:37.259106+0700,103.195.142.76,87.98.154.119,53,27637,UDP,flow,failed,1224745356291831,,1,1,0,1469,0,0.0,1,1469,0,none,0,none,0,0,0,no_alert_unknown,no_alert_not_final_benign,-1,dns,port
2025-07-19T23:02:37.259149+0700,103.195.142.165,87.98.154.153,53,51647,UDP,flow,failed,1105979225599879,,1,3,0,4311,0,10.0,3,4311,0,none,0,none,0,0,0,no_alert_unknown,no_alert_not_final_benign,-1,dns,port
2025-07-19T23:02:37.259167+0700,103.195.142.74,118.98.44.20,3812,53,UDP,flow,dns,1492220665196551,,1,1,0,98,0,0.0,1,98,0,none,0,none,0,0,0,no_alert_unknown,no_alert_not_final_benign,-1,dns,app_proto+port
2025-07-19T23:02:37.259253+0700,103.195.142.196,87.98.154.229,53,17400,UDP,flow,failed,1677386929860972,,1,1,0,1437,0,0.0,1,1437,0,none,0,none,0,0,0,no_alert_unknown,no_alert_not_final_benign,-1,dns,port
2025-07-19T23:02:37.259271+0700,103.195.142.76,87.98.154.254,53,55502,UDP,flow,failed,1061212253450627,,1,3,0,4407,0,10.0,3,4407,0,none,0,none,0,0,0,no_alert_unknown,no_alert_not_final_benign,-1,dns,port
2025-07-19T23:02:37.259290+0700,103.195.142.74,118.98.44.50,33351,53,UDP,flow,dns,1129820011098532,,1,1,0,68,0,0.0,1,68,0,none,0,none,0,0,0,no_alert_unknown,no_alert_not_final_benign,-1,dns,app_proto+port
2025-07-19T23:02:37.259310+0700,103.195.142.196,87.98.154.119,53,16772,UDP,flow,failed,1341708483490237,,1,1,0,1437,0,0.0,1,1437,0,none,0,none,0,0,0,no_alert_unknown,no_alert_not_final_benign,-1,dns,port
2025-07-19T23:02:37.259329+0700,103.195.142.165,87.98.154.37,53,34595,UDP,flow,failed,1331491726029250,,1,1,0,1437,0,0.0,1,1437,0,none,0,none,0,0,0,no_alert_unknown,no_alert_not_final_benign,-1,dns,port
2025-07-19T23:02:37.259372+0700,103.195.142.196,87.98.154.33,53,1359,UDP,flow,failed,1264032786739775,,1,3,0,4311,0,9.0,3,4311,0,none,0,none,0,0,0,no_alert_unknown,no_alert_not_final_benign,-1,dns,port
2025-07-19T23:02:37.259391+0700,103.195.142.76,87.98.154.119,53,42121,UDP,flow,failed,1150787076879048,,1,1,0,1469,0,0.0,1,1469,0,none,0,none,0,0,0,no_alert_unknown,no_alert_not_final_benign,-1,dns,port
2025-07-19T23:02:37.259475+0700,103.195.142.3,162.158.105.20,53,55013,UDP,flow,failed,1584673284748443,,1,1,0,159,0,0.0,1,159,0,none,0,none,0,0,0,no_alert_unknown,no_alert_not_final_benign,-1,dns,port
2025-07-19T23:02:37.259498+0700,103.195.142.76,87.98.154.46,53,49443,UDP,flow,failed,1309476724929816,,1,1,0,1469,0,0.0,1,1469,0,none,0,none,0,0,0,no_alert_unknown,no_alert_not_final_benign,-1,dns,port
2025-07-19T23:02:37.259539+0700,103.195.142.3,172.217.43.149,53,55626,UDP,flow,failed,1427576128009809,,1,1,0,159,0,0.0,1,159,0,none,0,none,0,0,0,no_alert_unknown,no_alert_not_final_benign,-1,dns,port
2025-07-19T23:02:37.259602+0700,103.195.142.2,18.139.204.217,53,59425,UDP,flow,failed,1677165896333219,,1,1,0,135,0,0.0,1,135,0,none,0,none,0,0,0,no_alert_unknown,no_alert_not_final_benign,-1,dns,port
2025-07-19T23:02:37.259621+0700,103.195.142.3,176.65.149.100,53,63764,UDP,flow,failed,1672862076106881,,1,1,0,148,0,0.0,1,148,0,none,0,none,0,0,0,no_alert_unknown,no_alert_not_final_benign,-1,dns,port
2025-07-19T23:02:37.259689+0700,103.195.142.74,118.98.44.100,37655,53,UDP,flow,dns,1268454858160611,,1,1,0,101,0,0.0,1,101,0,none,0,none,0,0,0,no_alert_unknown,no_alert_not_final_benign,-1,dns,app_proto+port
2025-07-19T23:02:37.259709+0700,103.195.142.74,202.134.0.155,18971,53,UDP,flow,dns,1311886845737836,,1,1,0,97,0,0.0,1,97,0,none,0,none,0,0,0,no_alert_unknown,no_alert_not_final_benign,-1,dns,app_proto+port
2025-07-19T23:02:37.259751+0700,103.195.142.83,87.98.154.119,53,53623,UDP,flow,failed,1323388830284701,,1,1,0,1190,0,0.0,1,1190,0,none,0,none,0,0,0,no_alert_unknown,no_alert_not_final_benign,-1,dns,port
2025-07-19T23:02:37.259797+0700,103.195.142.2,162.158.105.20,53,42460,UDP,flow,failed,1515132675030139,,1,1,0,175,0,0.0,1,175,0,none,0,none,0,0,0,no_alert_unknown,no_alert_not_final_benign,-1,dns,port
2025-07-19T23:02:37.259861+0700,103.195.142.165,87.98.154.9,53,39732,UDP,flow,failed,1596887095049509,,1,1,0,1437,0,0.0,1,1437,0,none,0,none,0,0,0,no_alert_unknown,no_alert_not_final_benign,-1,dns,port
2025-07-19T23:02:37.259900+0700,103.195.142.239,8.8.8.8,35194,53,UDP,flow,dns,1665514249125525,,1,1,0,74,0,0.0,1,74,0,none,0,none,0,0,0,no_alert_unknown,no_alert_not_final_benign,-1,dns,app_proto+port
2025-07-19T23:02:37.259920+0700,103.195.142.196,87.98.154.119,53,6917,UDP,flow,failed,1666163325861595,,1,1,0,1437,0,0.0,1,1437,0,none,0,none,0,0,0,no_alert_unknown,no_alert_not_final_benign,-1,dns,port
2025-07-19T23:02:37.260047+0700,103.195.142.74,202.134.0.155,51141,53,UDP,dns,,1679844314257014,wire/pcap,0,0,0,0,0,0.0,0,0,0,none,0,none,0,0,0,no_alert_unknown,no_alert_not_final_benign,-1,dns,port
2025-07-19T23:02:37.272802+0700,103.195.142.74,118.98.44.100,58141,53,UDP,dns,,1453153739287436,wire/pcap,0,0,0,0,0,0.0,0,0,0,none,0,none,0,0,0,no_alert_unknown,no_alert_not_final_benign,-1,dns,port
2025-07-19T23:02:37.276871+0700,103.195.142.74,118.98.44.50,29600,53,UDP,dns,,1583363314215359,wire/pcap,0,0,0,0,0,0.0,0,0,0,none,0,none,0,0,0,no_alert_unknown,no_alert_not_final_benign,-1,dns,port
2025-07-19T23:02:37.277243+0700,103.195.142.74,202.134.0.155,6962,53,UDP,dns,,1472228855305916,wire/pcap,0,0,0,0,0,0.0,0,0,0,none,0,none,0,0,0,no_alert_unknown,no_alert_not_final_benign,-1,dns,port
2025-07-19T23:02:37.280080+0700,103.195.142.74,118.98.44.20,42456,53,UDP,dns,,1484409754217923,wire/pcap,0,0,0,0,0,0.0,0,0,0,none,0,none,0,0,0,no_alert_unknown,no_alert_not_final_benign,-1,dns,port
2025-07-19T23:02:37.283767+0700,103.195.142.74,202.134.0.155,37663,53,UDP,dns,,1500248831411732,wire/pcap,0,0,0,0,0,0.0,0,0,0,none,0,none,0,0,0,no_alert_unknown,no_alert_not_final_benign,-1,dns,port
2025-07-19T23:02:37.284788+0700,103.195.142.74,202.134.0.155,4811,53,UDP,dns,,1504631005594501,wire/pcap,0,0,0,0,0,0.0,0,0,0,none,0,none,0,0,0,no_alert_unknown,no_alert_not_final_benign,-1,dns,port
2025-07-19T23:02:37.287046+0700,103.195.142.75,118.98.44.20,4305,53,UDP,dns,,1514331086104016,wire/pcap,0,0,0,0,0,0.0,0,0,0,none,0,none,0,0,0,no_alert_unknown,no_alert_not_final_benign,-1,dns,port
2025-07-19T23:02:37.300121+0700,103.195.142.74,118.98.44.50,45242,53,UDP,dns,,1570486661446103,wire/pcap,0,0,0,0,0,0.0,0,0,0,none,0,none,0,0,0,no_alert_unknown,no_alert_not_final_benign,-1,dns,port
2025-07-19T23:02:37.307541+0700,103.195.142.31,8.8.8.8,31305,53,UDP,dns,,1602355149473177,wire/pcap,0,0,0,0,0,0.0,0,0,0,none,0,none,0,0,0,no_alert_unknown,no_alert_not_final_benign,-1,dns,port
2025-07-19T23:02:37.307594+0700,103.195.142.31,8.8.8.8,26379,53,UDP,dns,,1602584427476313,wire/pcap,0,0,0,0,0,0.0,0,0,0,none,0,none,0,0,0,no_alert_unknown,no_alert_not_final_benign,-1,dns,port
2025-07-19T23:02:37.309368+0700,103.195.142.74,118.98.44.20,13825,53,UDP,dns,,1610203029852523,wire/pcap,0,0,0,0,0,0.0,0,0,0,none,0,none,0,0,0,no_alert_unknown,no_alert_not_final_benign,-1,dns,port
2025-07-19T23:02:37.329675+0700,103.195.142.74,118.98.44.100,57844,53,UDP,dns,,1415943521303347,wire/pcap,0,0,0,0,0,0.0,0,0,0,none,0,none,0,0,0,no_alert_unknown,no_alert_not_final_benign,-1,dns,port
2025-07-19T23:02:37.337159+0700,103.195.142.74,118.98.44.100,48303,53,UDP,dns,,1448088478347673,wire/pcap,0,0,0,0,0,0.0,0,0,0,none,0,none,0,0,0,no_alert_unknown,no_alert_not_final_benign,-1,dns,port
2025-07-19T23:02:37.337962+0700,103.195.142.74,118.98.44.100,51943,53,UDP,dns,,1451539682963794,wire/pcap,0,0,0,0,0,0.0,0,0,0,none,0,none,0,0,0,no_alert_unknown,no_alert_not_final_benign,-1,dns,port
2025-07-19T23:02:37.340046+0700,103.195.142.74,118.98.44.20,3900,53,UDP,dns,,1460489564587941,wire/pcap,0,0,0,0,0,0.0,0,0,0,none,0,none,0,0,0,no_alert_unknown,no_alert_not_final_benign,-1,dns,port
2025-07-19T23:02:37.345309+0700,103.195.142.75,185.67.45.231,31918,53,UDP,dns,,1483093772378477,wire/pcap,0,0,0,0,0,0.0,0,0,0,none,0,none,0,0,0,no_alert_unknown,no_alert_not_final_benign,-1,dns,port
2025-07-19T23:02:37.360166+0700,103.195.142.74,118.98.44.50,10045,53,UDP,dns,,1546904746778965,wire/pcap,0,0,0,0,0,0.0,0,0,0,none,0,none,0,0,0,no_alert_unknown,no_alert_not_final_benign,-1,dns,port
2025-07-19T23:02:37.363802+0700,103.195.142.75,8.8.8.8,1092,53,UDP,dns,,1562521224665986,wire/pcap,0,0,0,0,0,0.0,0,0,0,none,0,none,0,0,0,no_alert_unknown,no_alert_not_final_benign,-1,dns,port
2025-07-19T23:02:37.367780+0700,103.195.142.74,118.98.44.20,59381,53,UDP,dns,,1579605305133259,wire/pcap,0,0,0,0,0,0.0,0,0,0,none,0,none,0,0,0,no_alert_unknown,no_alert_not_final_benign,-1,dns,port
2025-07-19T23:02:37.368299+0700,103.195.142.74,118.98.44.50,59871,53,UDP,dns,,1581832324193535,wire/pcap,0,0,0,0,0,0.0,0,0,0,none,0,none,0,0,0,no_alert_unknown,no_alert_not_final_benign,-1,dns,port
2025-07-19T23:02:37.369883+0700,103.195.142.74,118.98.44.100,56783,53,UDP,dns,,1588638396848458,wire/pcap,0,0,0,0,0,0.0,0,0,0,none,0,none,0,0,0,no_alert_unknown,no_alert_not_final_benign,-1,dns,port
2025-07-19T23:02:37.371329+0700,103.195.142.74,118.98.44.20,42710,53,UDP,dns,,1594846913761152,wire/pcap,0,0,0,0,0,0.0,0,0,0,none,0,none,0,0,0,no_alert_unknown,no_alert_not_final_benign,-1,dns,port
2025-07-19T23:02:37.371479+0700,103.195.142.74,118.98.44.50,16771,53,UDP,dns,,1595490687029142,wire/pcap,0,0,0,0,0,0.0,0,0,0,none,0,none,0,0,0,no_alert_unknown,no_alert_not_final_benign,-1,dns,port
2025-07-19T23:02:37.372700+0700,103.195.142.74,118.98.44.100,36654,53,UDP,dns,,1600735604862674,wire/pcap,0,0,0,0,0,0.0,0,0,0,none,0,none,0,0,0,no_alert_unknown,no_alert_not_final_benign,-1,dns,port
2025-07-19T23:02:37.389374+0700,103.195.142.74,118.98.44.50,65357,53,UDP,dns,,1672349915414863,wire/pcap,0,0,0,0,0,0.0,0,0,0,none,0,none,0,0,0,no_alert_unknown,no_alert_not_final_benign,-1,dns,port
2025-07-19T23:02:37.389470+0700,103.195.142.74,202.134.0.155,27335,53,UDP,dns,,1672763166644045,wire/pcap,0,0,0,0,0,0.0,0,0,0,none,0,none,0,0,0,no_alert_unknown,no_alert_not_final_benign,-1,dns,port
2025-07-19T23:02:37.423547+0700,103.195.142.75,8.8.8.8,3526,53,UDP,dns,,1537647706411428,wire/pcap,0,0,0,0,0,0.0,0,0,0,none,0,none,0,0,0,no_alert_unknown,no_alert_not_final_benign,-1,dns,port
2025-07-19T23:02:37.439400+0700,103.195.142.74,118.98.44.50,41323,53,UDP,dns,,1605736018804811,wire/pcap,0,0,0,0,0,0.0,0,0,0,none,0,none,0,0,0,no_alert_unknown,no_alert_not_final_benign,-1,dns,port
2025-07-19T23:02:37.447145+0700,103.195.142.74,118.98.44.50,24362,53,UDP,dns,,1639000451159219,wire/pcap,0,0,0,0,0,0.0,0,0,0,none,0,none,0,0,0,no_alert_unknown,no_alert_not_final_benign,-1,dns,port
2025-07-19T23:02:37.451138+0700,103.195.142.74,118.98.44.20,13440,53,UDP,dns,,1656150692764526,wire/pcap,0,0,0,0,0,0.0,0,0,0,none,0,none,0,0,0,no_alert_unknown,no_alert_not_final_benign,-1,dns,port
2025-07-19T23:02:37.455068+0700,103.195.142.75,8.8.8.8,26750,53,UDP,dns,,1673029374908449,wire/pcap,0,0,0,0,0,0.0,0,0,0,none,0,none,0,0,0,no_alert_unknown,no_alert_not_final_benign,-1,dns,port
2025-07-19T23:02:37.460361+0700,103.195.142.75,8.8.8.8,57458,53,UDP,dns,,1414286750070572,wire/pcap,0,0,0,0,0,0.0,0,0,0,none,0,none,0,0,0,no_alert_unknown,no_alert_not_final_benign,-1,dns,port
2025-07-19T23:02:37.467256+0700,103.195.142.74,118.98.44.20,18607,53,UDP,dns,,1443899691762545,wire/pcap,0,0,0,0,0,0.0,0,0,0,none,0,none,0,0,0,no_alert_unknown,no_alert_not_final_benign,-1,dns,port
2025-07-19T23:02:37.467420+0700,103.195.142.74,202.134.0.155,46747,53,UDP,dns,,1444605624745842,wire/pcap,0,0,0,0,0,0.0,0,0,0,none,0,none,0,0,0,no_alert_unknown,no_alert_not_final_benign,-1,dns,port
2025-07-19T23:02:37.472652+0700,103.195.142.74,118.98.44.100,46894,53,UDP,dns,,1467078962785602,wire/pcap,0,0,0,0,0,0.0,0,0,0,none,0,none,0,0,0,no_alert_unknown,no_alert_not_final_benign,-1,dns,port
2025-07-19T23:02:37.472794+0700,103.195.142.74,118.98.44.50,41804,53,UDP,dns,,1467685133813897,wire/pcap,0,0,0,0,0,0.0,0,0,0,none,0,none,0,0,0,no_alert_unknown,no_alert_not_final_benign,-1,dns,port
2025-07-19T23:02:37.472923+0700,103.195.142.74,118.98.44.100,22010,53,UDP,dns,,1468239403442230,wire/pcap,0,0,0,0,0,0.0,0,0,0,none,0,none,0,0,0,no_alert_unknown,no_alert_not_final_benign,-1,dns,port
2025-07-19T23:02:37.486951+0700,103.195.142.74,202.134.0.155,37859,53,UDP,dns,,1528491342689087,wire/pcap,0,0,0,0,0,0.0,0,0,0,none,0,none,0,0,0,no_alert_unknown,no_alert_not_final_benign,-1,dns,port
2025-07-19T23:02:37.487045+0700,103.195.142.75,8.8.8.8,26173,53,UDP,dns,,1528896196334808,wire/pcap,0,0,0,0,0,0.0,0,0,0,none,0,none,0,0,0,no_alert_unknown,no_alert_not_final_benign,-1,dns,port
2025-07-19T23:02:37.492613+0700,103.195.142.74,118.98.44.100,16974,53,UDP,dns,,1552806970891895,wire/pcap,0,0,0,0,0,0.0,0,0,0,none,0,none,0,0,0,no_alert_unknown,no_alert_not_final_benign,-1,dns,port
2025-07-19T23:02:37.492688+0700,103.195.142.74,118.98.44.50,14408,53,UDP,dns,,1553132829858017,wire/pcap,0,0,0,0,0,0.0,0,0,0,none,0,none,0,0,0,no_alert_unknown,no_alert_not_final_benign,-1,dns,port
2025-07-19T23:02:37.494618+0700,103.195.142.75,8.8.8.8,4965,53,UDP,dns,,1561419857056344,wire/pcap,0,0,0,0,0,0.0,0,0,0,none,0,none,0,0,0,no_alert_unknown,no_alert_not_final_benign,-1,dns,port
2025-07-19T23:02:37.494741+0700,103.195.142.74,118.98.44.100,30115,53,UDP,flow,dns,1718857972437592,,1,1,0,77,0,0.0,1,77,0,none,0,none,0,0,0,no_alert_unknown,no_alert_not_final_benign,-1,dns,app_proto+port
2025-07-19T23:02:37.511168+0700,103.195.142.74,118.98.44.100,14995,53,UDP,dns,,1632503426029732,wire/pcap,0,0,0,0,0,0.0,0,0,0,none,0,none,0,0,0,no_alert_unknown,no_alert_not_final_benign,-1,dns,port
2025-07-19T23:02:37.531874+0700,103.195.142.74,118.98.44.20,22952,53,UDP,dns,,1439957973852519,wire/pcap,0,0,0,0,0,0.0,0,0,0,none,0,none,0,0,0,no_alert_unknown,no_alert_not_final_benign,-1,dns,port
2025-07-19T23:02:37.537231+0700,103.195.142.74,118.98.44.100,22684,53,UDP,dns,,1462967075578793,wire/pcap,0,0,0,0,0,0.0,0,0,0,none,0,none,0,0,0,no_alert_unknown,no_alert_not_final_benign,-1,dns,port
2025-07-19T23:02:37.537326+0700,103.195.142.74,118.98.44.100,55078,53,UDP,dns,,1463374059677042,wire/pcap,0,0,0,0,0,0.0,0,0,0,none,0,none,0,0,0,no_alert_unknown,no_alert_not_final_benign,-1,dns,port
2025-07-19T23:02:37.545944+0700,103.195.142.31,8.8.8.8,18885,53,UDP,dns,,1500390839993435,wire/pcap,0,0,0,0,0,0.0,0,0,0,none,0,none,0,0,0,no_alert_unknown,no_alert_not_final_benign,-1,dns,port
2025-07-19T23:02:37.553220+0700,103.195.142.74,118.98.44.50,17556,53,UDP,dns,,1531641060453292,wire/pcap,0,0,0,0,0,0.0,0,0,0,none,0,none,0,0,0,no_alert_unknown,no_alert_not_final_benign,-1,dns,port
2025-07-19T23:02:37.553303+0700,103.195.142.74,118.98.44.50,35054,53,UDP,dns,,1531994321940998,wire/pcap,0,0,0,0,0,0.0,0,0,0,none,0,none,0,0,0,no_alert_unknown,no_alert_not_final_benign,-1,dns,port
2025-07-19T23:02:37.564692+0700,103.195.142.74,118.98.44.20,64260,53,UDP,dns,,1580909246470103,wire/pcap,0,0,0,0,0,0.0,0,0,0,none,0,none,0,0,0,no_alert_unknown,no_alert_not_final_benign,-1,dns,port
2025-07-19T23:02:37.583794+0700,103.195.142.74,202.134.0.155,8891,53,UDP,dns,,1662954332458546,wire/pcap,0,0,0,0,0,0.0,0,0,0,none,0,none,0,0,0,no_alert_unknown,no_alert_not_final_benign,-1,dns,port
2025-07-19T23:02:37.588851+0700,103.195.142.74,202.134.0.155,19551,53,UDP,dns,,1684671728170866,wire/pcap,0,0,0,0,0,0.0,0,0,0,none,0,none,0,0,0,no_alert_unknown,no_alert_not_final_benign,-1,dns,port
2025-07-19T23:02:37.590402+0700,103.195.142.74,202.134.0.155,41944,53,UDP,dns,,1409859237597624,wire/pcap,0,0,0,0,0,0.0,0,0,0,none,0,none,0,0,0,no_alert_unknown,no_alert_not_final_benign,-1,dns,port
2025-07-19T23:02:37.607708+0700,103.195.142.74,118.98.44.50,18312,53,UDP,dns,,1484189334433323,wire/pcap,0,0,0,0,0,0.0,0,0,0,none,0,none,0,0,0,no_alert_unknown,no_alert_not_final_benign,-1,dns,port
2025-07-19T23:02:37.614132+0700,103.195.142.74,202.134.0.155,60917,53,UDP,dns,,1511779536731601,wire/pcap,0,0,0,0,0,0.0,0,0,0,none,0,none,0,0,0,no_alert_unknown,no_alert_not_final_benign,-1,dns,port
2025-07-19T23:02:37.619395+0700,103.195.142.74,202.134.0.155,27708,53,UDP,dns,,1534384573072320,wire/pcap,0,0,0,0,0,0.0,0,0,0,none,0,none,0,0,0,no_alert_unknown,no_alert_not_final_benign,-1,dns,port
2025-07-19T23:02:37.629861+0700,103.195.142.74,202.134.0.155,38877,53,UDP,dns,,1579335997654135,wire/pcap,0,0,0,0,0,0.0,0,0,0,none,0,none,0,0,0,no_alert_unknown,no_alert_not_final_benign,-1,dns,port
2025-07-19T23:02:37.647017+0700,103.195.142.74,118.98.44.100,19217,53,UDP,dns,,1653019029760497,wire/pcap,0,0,0,0,0,0.0,0,0,0,none,0,none,0,0,0,no_alert_unknown,no_alert_not_final_benign,-1,dns,port
2025-07-19T23:02:37.647002+0700,103.195.142.74,118.98.44.20,48769,53,UDP,dns,,1652956601405560,wire/pcap,0,0,0,0,0,0.0,0,0,0,none,0,none,0,0,0,no_alert_unknown,no_alert_not_final_benign,-1,dns,port
2025-07-19T23:02:37.647325+0700,103.195.142.74,118.98.44.100,37574,53,UDP,dns,,1654341726617701,wire/pcap,0,0,0,0,0,0.0,0,0,0,none,0,none,0,0,0,no_alert_unknown,no_alert_not_final_benign,-1,dns,port
2025-07-19T23:02:37.648522+0700,103.195.142.74,118.98.44.100,44120,53,UDP,dns,,1659484218273642,wire/pcap,0,0,0,0,0,0.0,0,0,0,none,0,none,0,0,0,no_alert_unknown,no_alert_not_final_benign,-1,dns,port
2025-07-19T23:02:37.660744+0700,103.195.142.74,118.98.44.20,35992,53,UDP,dns,,1430503102812046,wire/pcap,0,0,0,0,0,0.0,0,0,0,none,0,none,0,0,0,no_alert_unknown,no_alert_not_final_benign,-1,dns,port
2025-07-19T23:02:37.683686+0700,103.195.142.74,185.67.45.231,58905,53,UDP,dns,,1529036100167047,wire/pcap,0,0,0,0,0,0.0,0,0,0,none,0,none,0,0,0,no_alert_unknown,no_alert_not_final_benign,-1,dns,port
2025-07-19T23:02:37.699894+0700,103.195.142.74,118.98.44.50,9253,53,UDP,dns,,1598648044084132,wire/pcap,0,0,0,0,0,0.0,0,0,0,none,0,none,0,0,0,no_alert_unknown,no_alert_not_final_benign,-1,dns,port
2025-07-19T23:02:37.704648+0700,103.195.142.74,118.98.44.20,60389,53,UDP,dns,,1619066071782226,wire/pcap,0,0,0,0,0,0.0,0,0,0,none,0,none,0,0,0,no_alert_unknown,no_alert_not_final_benign,-1,dns,port
2025-07-19T23:02:37.786484+0700,103.195.142.74,118.98.44.100,30660,53,UDP,dns,,1407601458433029,wire/pcap,0,0,0,0,0,0.0,0,0,0,none,0,none,0,0,0,no_alert_unknown,no_alert_not_final_benign,-1,dns,port
2025-07-19T23:02:37.826478+0700,103.195.142.74,202.134.0.155,9575,53,UDP,dns,,1579371929754333,wire/pcap,0,0,0,0,0,0.0,0,0,0,none,0,none,0,0,0,no_alert_unknown,no_alert_not_final_benign,-1,dns,port
2025-07-19T23:02:37.841172+0700,103.195.142.75,8.8.8.8,31557,53,UDP,dns,,1642483865822586,wire/pcap,0,0,0,0,0,0.0,0,0,0,none,0,none,0,0,0,no_alert_unknown,no_alert_not_final_benign,-1,dns,port
2025-07-19T23:02:37.841364+0700,103.195.142.75,8.8.8.8,6191,53,UDP,dns,,1643308431393590,wire/pcap,0,0,0,0,0,0.0,0,0,0,none,0,none,0,0,0,no_alert_unknown,no_alert_not_final_benign,-1,dns,port
2025-07-19T23:02:37.848533+0700,103.195.142.74,202.134.0.155,27224,53,UDP,dns,,1674099787617886,wire/pcap,0,0,0,0,0,0.0,0,0,0,none,0,none,0,0,0,no_alert_unknown,no_alert_not_final_benign,-1,dns,port
2025-07-19T23:02:37.866319+0700,103.195.142.74,118.98.44.50,16638,53,UDP,dns,,1469012330714963,wire/pcap,0,0,0,0,0,0.0,0,0,0,none,0,none,0,0,0,no_alert_unknown,no_alert_not_final_benign,-1,dns,port
2025-07-19T23:02:37.880682+0700,103.195.142.74,118.98.44.100,63244,53,UDP,dns,,1530701420712907,wire/pcap,0,0,0,0,0,0.0,0,0,0,none,0,none,0,0,0,no_alert_unknown,no_alert_not_final_benign,-1,dns,port
2025-07-19T23:02:37.909318+0700,103.195.142.108,8.8.8.8,1900,53,UDP,dns,,1216074754602613,wire/pcap,0,0,0,0,0,0.0,0,0,0,none,0,none,0,0,0,no_alert_unknown,no_alert_not_final_benign,-1,dns,port
2025-07-19T23:02:37.912426+0700,103.195.142.31,8.8.8.8,64583,53,UDP,dns,,1667040707425941,wire/pcap,0,0,0,0,0,0.0,0,0,0,none,0,none,0,0,0,no_alert_unknown,no_alert_not_final_benign,-1,dns,port
2025-07-19T23:02:37.938121+0700,103.195.142.75,8.8.8.8,33791,53,UDP,dns,,1495925996572128,wire/pcap,0,0,0,0,0,0.0,0,0,0,none,0,none,0,0,0,no_alert_unknown,no_alert_not_final_benign,-1,dns,port
2025-07-19T23:02:37.938202+0700,103.195.142.74,202.134.0.155,1943,53,UDP,dns,,1496276020265519,wire/pcap,0,0,0,0,0,0.0,0,0,0,none,0,none,0,0,0,no_alert_unknown,no_alert_not_final_benign,-1,dns,port
2025-07-19T23:02:38.001498+0700,103.195.142.74,118.98.44.100,12207,53,UDP,dns,,1695286151359663,wire/pcap,0,0,0,0,0,0.0,0,0,0,none,0,none,0,0,0,no_alert_unknown,no_alert_not_final_benign,-1,dns,port
2025-07-19T23:02:38.001710+0700,103.195.142.74,118.98.44.50,45732,53,UDP,dns,,1696196240843112,wire/pcap,0,0,0,0,0,0.0,0,0,0,none,0,none,0,0,0,no_alert_unknown,no_alert_not_final_benign,-1,dns,port
2025-07-19T23:02:38.038142+0700,103.195.142.74,118.98.44.100,44869,53,UDP,dns,,1852672079013500,wire/pcap,0,0,0,0,0,0.0,0,0,0,none,0,none,0,0,0,no_alert_unknown,no_alert_not_final_benign,-1,dns,port
2025-07-19T23:02:38.068039+0700,103.195.142.74,118.98.44.50,8165,53,UDP,dns,,1699603704056866,wire/pcap,0,0,0,0,0,0.0,0,0,0,none,0,none,0,0,0,no_alert_unknown,no_alert_not_final_benign,-1,dns,port
2025-07-19T23:02:38.074090+0700,103.195.142.74,118.98.44.50,21968,53,UDP,dns,,1725591227497168,wire/pcap,0,0,0,0,0,0.0,0,0,0,none,0,none,0,0,0,no_alert_unknown,no_alert_not_final_benign,-1,dns,port
2025-07-19T23:02:38.075031+0700,103.195.142.75,8.8.8.8,31192,53,UDP,dns,,1729630587402736,wire/pcap,0,0,0,0,0,0.0,0,0,0,none,0,none,0,0,0,no_alert_unknown,no_alert_not_final_benign,-1,dns,port
2025-07-19T23:02:38.079425+0700,103.195.142.165,87.98.154.119,53,18668,UDP,flow,failed,2007347901866691,,1,1,0,1437,0,0.0,1,1437,0,none,0,none,0,0,0,no_alert_unknown,no_alert_not_final_benign,-1,dns,port
2025-07-19T23:02:38.104234+0700,103.195.142.74,118.98.44.50,39609,53,UDP,dns,,1855059771071636,wire/pcap,0,0,0,0,0,0.0,0,0,0,none,0,none,0,0,0,no_alert_unknown,no_alert_not_final_benign,-1,dns,port
2025-07-19T23:02:38.104507+0700,103.195.142.75,8.8.8.8,60138,53,UDP,dns,,1856231159118487,wire/pcap,0,0,0,0,0,0.0,0,0,0,none,0,none,0,0,0,no_alert_unknown,no_alert_not_final_benign,-1,dns,port
2025-07-19T23:02:38.105133+0700,103.195.142.75,8.8.8.8,44728,53,UDP,dns,,1858921552917619,wire/pcap,0,0,0,0,0,0.0,0,0,0,none,0,none,0,0,0,no_alert_unknown,no_alert_not_final_benign,-1,dns,port
2025-07-19T23:02:38.117040+0700,103.195.142.74,202.134.0.155,19105,53,UDP,dns,,1910059361243306,wire/pcap,0,0,0,0,0,0.0,0,0,0,none,0,none,0,0,0,no_alert_unknown,no_alert_not_final_benign,-1,dns,port
2025-07-19T23:02:38.118816+0700,103.195.142.74,118.98.44.100,63682,53,UDP,dns,,1917688052549167,wire/pcap,0,0,0,0,0,0.0,0,0,0,none,0,none,0,0,0,no_alert_unknown,no_alert_not_final_benign,-1,dns,port
2025-07-19T23:02:38.124046+0700,103.195.142.31,8.8.8.8,5626,53,UDP,dns,,1940151377726767,wire/pcap,0,0,0,0,0,0.0,0,0,0,none,0,none,0,0,0,no_alert_unknown,no_alert_not_final_benign,-1,dns,port
2025-07-19T23:02:38.132321+0700,103.195.142.74,202.134.0.155,29832,53,UDP,dns,,1694214586579631,wire/pcap,0,0,0,0,0,0.0,0,0,0,none,0,none,0,0,0,no_alert_unknown,no_alert_not_final_benign,-1,dns,port
2025-07-19T23:02:38.132372+0700,103.195.142.74,118.98.44.20,33437,53,UDP,dns,,1694434249461033,wire/pcap,0,0,0,0,0,0.0,0,0,0,none,0,none,0,0,0,no_alert_unknown,no_alert_not_final_benign,-1,dns,port
2025-07-19T23:02:38.139870+0700,103.195.142.74,118.98.44.20,40456,53,UDP,dns,,1726640352750285,wire/pcap,0,0,0,0,0,0.0,0,0,0,none,0,none,0,0,0,no_alert_unknown,no_alert_not_final_benign,-1,dns,port
2025-07-19T23:02:38.157174+0700,103.195.142.74,118.98.44.100,17490,53,UDP,dns,,1800960041618415,wire/pcap,0,0,0,0,0,0.0,0,0,0,none,0,none,0,0,0,no_alert_unknown,no_alert_not_final_benign,-1,dns,port
2025-07-19T23:02:38.159892+0700,103.195.142.74,118.98.44.100,3560,53,UDP,dns,,1812633081874094,wire/pcap,0,0,0,0,0,0.0,0,0,0,none,0,none,0,0,0,no_alert_unknown,no_alert_not_final_benign,-1,dns,port
2025-07-19T23:02:38.163956+0700,103.195.142.83,87.98.154.186,53,6573,UDP,flow,failed,1551428138790871,,1,1,0,1190,0,0.0,1,1190,0,none,0,none,0,0,0,no_alert_unknown,no_alert_not_final_benign,-1,dns,port
2025-07-19T23:02:38.164050+0700,103.195.142.74,118.98.44.100,57835,53,UDP,dns,,1830492717896826,wire/pcap,0,0,0,0,0,0.0,0,0,0,none,0,none,0,0,0,no_alert_unknown,no_alert_not_final_benign,-1,dns,port
2025-07-19T23:02:38.166134+0700,103.195.142.74,118.98.44.100,26504,53,UDP,dns,,1839443894532010,wire/pcap,0,0,0,0,0,0.0,0,0,0,none,0,none,0,0,0,no_alert_unknown,no_alert_not_final_benign,-1,dns,port
2025-07-19T23:02:38.178075+0700,103.195.142.74,118.98.44.20,65236,53,UDP,dns,,1890727004101019,wire/pcap,0,0,0,0,0,0.0,0,0,0,none,0,none,0,0,0,no_alert_unknown,no_alert_not_final_benign,-1,dns,port
2025-07-19T23:02:38.181652+0700,103.195.142.74,118.98.44.100,8576,53,UDP,dns,,1906093568759717,wire/pcap,0,0,0,0,0,0.0,0,0,0,none,0,none,0,0,0,no_alert_unknown,no_alert_not_final_benign,-1,dns,port
2025-07-19T23:02:38.182520+0700,103.195.142.75,8.8.8.8,6837,53,UDP,dns,,1909817579677662,wire/pcap,0,0,0,0,0,0.0,0,0,0,none,0,none,0,0,0,no_alert_unknown,no_alert_not_final_benign,-1,dns,port
2025-07-19T23:02:38.182652+0700,103.195.142.75,8.8.8.8,55182,53,UDP,dns,,1910384345055179,wire/pcap,0,0,0,0,0,0.0,0,0,0,none,0,none,0,0,0,no_alert_unknown,no_alert_not_final_benign,-1,dns,port
2025-07-19T23:02:38.190529+0700,103.195.142.75,8.8.8.8,2379,53,UDP,dns,,1944219556802426,wire/pcap,0,0,0,0,0,0.0,0,0,0,none,0,none,0,0,0,no_alert_unknown,no_alert_not_final_benign,-1,dns,port
2025-07-19T23:02:38.194590+0700,103.195.142.75,8.8.8.8,60536,53,UDP,dns,,1961657611479236,wire/pcap,0,0,0,0,0,0.0,0,0,0,none,0,none,0,0,0,no_alert_unknown,no_alert_not_final_benign,-1,dns,port
2025-07-19T23:02:38.194743+0700,103.195.142.74,202.134.0.155,61388,53,UDP,dns,,1962316483109193,wire/pcap,0,0,0,0,0,0.0,0,0,0,none,0,none,0,0,0,no_alert_unknown,no_alert_not_final_benign,-1,dns,port
2025-07-19T23:02:38.197041+0700,103.195.142.75,8.8.8.8,36362,53,UDP,dns,,1690711749668013,wire/pcap,0,0,0,0,0,0.0,0,0,0,none,0,none,0,0,0,no_alert_unknown,no_alert_not_final_benign,-1,dns,port
2025-07-19T23:02:38.211041+0700,103.195.142.74,118.98.44.50,62958,53,UDP,dns,,1750842315632963,wire/pcap,0,0,0,0,0,0.0,0,0,0,none,0,none,0,0,0,no_alert_unknown,no_alert_not_final_benign,-1,dns,port
2025-07-19T23:02:38.212536+0700,103.195.142.74,202.134.0.155,18838,53,UDP,dns,,1757263298021335,wire/pcap,0,0,0,0,0,0.0,0,0,0,none,0,none,0,0,0,no_alert_unknown,no_alert_not_final_benign,-1,dns,port
2025-07-19T23:02:38.215261+0700,103.195.142.74,118.98.44.50,36954,53,UDP,dns,,1768966393154962,wire/pcap,0,0,0,0,0,0.0,0,0,0,none,0,none,0,0,0,no_alert_unknown,no_alert_not_final_benign,-1,dns,port
2025-07-19T23:02:38.216699+0700,103.195.142.74,118.98.44.50,57679,53,UDP,dns,,1775143644494942,wire/pcap,0,0,0,0,0,0.0,0,0,0,none,0,none,0,0,0,no_alert_unknown,no_alert_not_final_benign,-1,dns,port
2025-07-19T23:02:38.219709+0700,103.195.142.75,8.8.8.8,37497,53,UDP,dns,,1788071396122233,wire/pcap,0,0,0,0,0,0.0,0,0,0,none,0,none,0,0,0,no_alert_unknown,no_alert_not_final_benign,-1,dns,port
2025-07-19T23:02:38.231426+0700,103.195.142.31,1.1.1.1,35780,53,UDP,dns,,469906559182324,wire/pcap,0,0,0,0,0,0.0,0,0,0,none,0,none,0,0,0,no_alert_unknown,no_alert_not_final_benign,-1,dns,port
2025-07-19T23:02:38.234057+0700,103.195.142.46,87.98.154.51,53,53012,UDP,flow,failed,1564846068334457,,1,1,0,1437,0,0.0,1,1437,0,none,0,none,0,0,0,no_alert_unknown,no_alert_not_final_benign,-1,dns,port
2025-07-19T23:02:38.234144+0700,103.195.142.74,118.98.44.100,39508,53,UDP,flow,dns,1256344584060798,,1,1,0,106,0,0.0,1,106,0,none,0,none,0,0,0,no_alert_unknown,no_alert_not_final_benign,-1,dns,app_proto+port
2025-07-19T23:02:38.234171+0700,103.195.142.74,118.98.44.20,39376,53,UDP,flow,dns,1581080478875547,,1,1,0,98,0,0.0,1,98,0,none,0,none,0,0,0,no_alert_unknown,no_alert_not_final_benign,-1,dns,app_proto+port
2025-07-19T23:02:38.234262+0700,103.195.142.75,8.8.8.8,24675,53,UDP,flow,dns,1216877066059725,,1,1,0,76,0,0.0,1,76,0,none,0,none,0,0,0,no_alert_unknown,no_alert_not_final_benign,-1,dns,app_proto+port
2025-07-19T23:02:38.234284+0700,103.195.142.74,118.98.44.50,62820,53,UDP,flow,dns,1962234805026779,,1,1,0,105,0,0.0,1,105,0,none,0,none,0,0,0,no_alert_unknown,no_alert_not_final_benign,-1,dns,app_proto+port
2025-07-19T23:02:38.234326+0700,103.195.142.165,87.98.154.117,53,13454,UDP,flow,failed,1925699311697957,,1,1,0,1437,0,0.0,1,1437,0,none,0,none,0,0,0,no_alert_unknown,no_alert_not_final_benign,-1,dns,port
2025-07-19T23:02:38.234346+0700,103.195.142.74,118.98.44.100,1486,53,UDP,flow,dns,1950186118578505,,1,1,0,104,0,0.0,1,104,0,none,0,none,0,0,0,no_alert_unknown,no_alert_not_final_benign,-1,dns,app_proto+port
2025-07-19T23:02:38.234451+0700,103.195.142.76,87.98.154.26,53,6790,UDP,flow,failed,737801889841634,,1,3,0,4407,0,10.0,3,4407,0,none,0,none,0,0,0,no_alert_unknown,no_alert_not_final_benign,-1,dns,port
2025-07-19T23:02:38.234471+0700,103.195.142.74,202.134.0.155,63620,53,UDP,flow,dns,1201604213998072,,1,1,0,184,0,0.0,1,184,0,none,0,none,0,0,0,no_alert_unknown,no_alert_not_final_benign,-1,dns,app_proto+port
2025-07-19T23:02:38.234607+0700,103.195.142.83,87.98.154.22,53,12016,UDP,flow,failed,1582555392639637,,1,1,0,1190,0,0.0,1,1190,0,none,0,none,0,0,0,no_alert_unknown,no_alert_not_final_benign,-1,dns,port
2025-07-19T23:02:38.234695+0700,103.195.142.75,8.8.8.8,64880,53,UDP,flow,dns,1935672257741641,,1,1,0,96,0,0.0,1,96,0,none,0,none,0,0,0,no_alert_unknown,no_alert_not_final_benign,-1,dns,app_proto+port
2025-07-19T23:02:38.234732+0700,103.195.142.46,87.98.154.195,53,53470,UDP,flow,failed,1155311646737274,,1,1,0,1437,0,0.0,1,1437,0,none,0,none,0,0,0,no_alert_unknown,no_alert_not_final_benign,-1,dns,port
2025-07-19T23:02:38.234753+0700,103.195.142.83,87.98.154.119,53,19785,UDP,flow,failed,1714161013687187,,1,1,0,1190,0,0.0,1,1190,0,none,0,none,0,0,0,no_alert_unknown,no_alert_not_final_benign,-1,dns,port
2025-07-19T23:02:38.234773+0700,103.195.142.195,87.98.154.119,53,52716,UDP,flow,failed,1694161317725268,,1,1,0,1437,0,0.0,1,1437,0,none,0,none,0,0,0,no_alert_unknown,no_alert_not_final_benign,-1,dns,port
2025-07-19T23:02:38.234792+0700,103.195.142.195,87.98.154.119,53,23925,UDP,flow,failed,1173445442274396,,1,1,0,1437,0,0.0,1,1437,0,none,0,none,0,0,0,no_alert_unknown,no_alert_not_final_benign,-1,dns,port
2025-07-19T23:02:38.234836+0700,103.195.142.2,172.253.0.28,53,54826,UDP,flow,failed,1517539196273783,,1,1,0,158,0,0.0,1,158,0,none,0,none,0,0,0,no_alert_unknown,no_alert_not_final_benign,-1,dns,port
2025-07-19T23:02:38.234923+0700,103.195.142.74,118.98.44.100,46390,53,UDP,flow,dns,1878629232936251,,1,1,0,84,0,0.0,1,84,0,none,0,none,0,0,0,no_alert_unknown,no_alert_not_final_benign,-1,dns,app_proto+port
2025-07-19T23:02:38.234971+0700,103.195.142.109,87.98.154.165,53,36378,UDP,flow,failed,884550481413486,,1,3,0,4311,0,10.0,3,4311,0,none,0,none,0,0,0,no_alert_unknown,no_alert_not_final_benign,-1,dns,port
2025-07-19T23:02:38.235003+0700,103.195.142.165,87.98.154.181,53,5293,UDP,flow,failed,786087575356845,,1,3,0,4311,0,10.0,3,4311,0,none,0,none,0,0,0,no_alert_unknown,no_alert_not_final_benign,-1,dns,port
2025-07-19T23:02:38.235115+0700,103.195.142.75,8.8.8.8,60193,53,UDP,flow,dns,1489661699491326,,1,1,0,250,0,0.0,1,250,0,none,0,none,0,0,0,no_alert_unknown,no_alert_not_final_benign,-1,dns,app_proto+port
2025-07-19T23:02:38.235170+0700,103.195.142.74,118.98.44.20,65463,53,UDP,flow,dns,1794908759524942,,1,1,0,68,0,0.0,1,68,0,none,0,none,0,0,0,no_alert_unknown,no_alert_not_final_benign,-1,dns,app_proto+port
2025-07-19T23:02:38.235194+0700,103.195.142.74,202.134.0.155,60907,53,UDP,flow,dns,1680557738296913,,1,1,0,178,0,0.0,1,178,0,none,0,none,0,0,0,no_alert_unknown,no_alert_not_final_benign,-1,dns,app_proto+port
2025-07-19T23:02:38.235235+0700,103.195.142.76,87.98.154.119,53,34454,UDP,flow,failed,1831966042162821,,1,1,0,1469,0,0.0,1,1469,0,none,0,none,0,0,0,no_alert_unknown,no_alert_not_final_benign,-1,dns,port
2025-07-19T23:02:38.235259+0700,103.195.142.196,87.98.154.33,53,44331,UDP,flow,failed,1203009438549659,,1,1,0,1437,0,0.0,1,1437,0,none,0,none,0,0,0,no_alert_unknown,no_alert_not_final_benign,-1,dns,port
2025-07-19T23:02:38.235278+0700,103.195.142.74,118.98.44.20,3031,53,UDP,flow,dns,1213055611897754,,1,1,0,78,0,0.0,1,78,0,none,0,none,0,0,0,no_alert_unknown,no_alert_not_final_benign,-1,dns,app_proto+port
2025-07-19T23:02:38.235298+0700,103.195.142.83,87.98.154.118,53,49403,UDP,flow,failed,1624586181740649,,1,1,0,1190,0,0.0,1,1190,0,none,0,none,0,0,0,no_alert_unknown,no_alert_not_final_benign,-1,dns,port
2025-07-19T23:02:38.235317+0700,103.195.142.2,162.158.105.20,53,36448,UDP,flow,failed,1515866279512251,,1,1,0,132,0,0.0,1,132,0,none,0,none,0,0,0,no_alert_unknown,no_alert_not_final_benign,-1,dns,port
2025-07-19T23:02:38.235359+0700,103.195.142.165,87.98.154.119,53,10390,UDP,flow,failed,1877876755073413,,1,1,0,1437,0,0.0,1,1437,0,none,0,none,0,0,0,no_alert_unknown,no_alert_not_final_benign,-1,dns,port
2025-07-19T23:02:38.235395+0700,103.195.142.74,118.98.44.50,22518,53,UDP,flow,dns,1645155915073939,,1,1,0,214,0,0.0,1,214,0,none,0,none,0,0,0,no_alert_unknown,no_alert_not_final_benign,-1,dns,app_proto+port
2025-07-19T23:02:38.235447+0700,103.195.142.83,87.98.154.194,53,49970,UDP,flow,failed,967387607271912,,1,3,0,3570,0,9.0,3,3570,0,none,0,none,0,0,0,no_alert_unknown,no_alert_not_final_benign,-1,dns,port
2025-07-19T23:02:38.235534+0700,103.195.142.83,87.98.154.50,53,24339,UDP,flow,failed,1304834808351606,,1,1,0,1190,0,0.0,1,1190,0,none,0,none,0,0,0,no_alert_unknown,no_alert_not_final_benign,-1,dns,port
2025-07-19T23:02:38.235566+0700,103.195.142.83,87.98.154.119,53,57669,UDP,flow,failed,1661058554924117,,1,1,0,1190,0,0.0,1,1190,0,none,0,none,0,0,0,no_alert_unknown,no_alert_not_final_benign,-1,dns,port
2025-07-19T23:02:38.235587+0700,103.195.142.75,8.8.8.8,1249,53,UDP,flow,dns,1425213777513583,,1,1,0,112,0,0.0,1,112,0,none,0,none,0,0,0,no_alert_unknown,no_alert_not_final_benign,-1,dns,app_proto+port
2025-07-19T23:02:38.235730+0700,103.195.142.196,87.98.154.61,53,32155,UDP,flow,failed,963606525316365,,1,3,0,4311,0,10.0,3,4311,0,none,0,none,0,0,0,no_alert_unknown,no_alert_not_final_benign,-1,dns,port
2025-07-19T23:02:38.235809+0700,103.195.142.196,87.98.154.5,53,60941,UDP,flow,failed,1373397345242530,,1,3,0,4311,0,10.0,3,4311,0,none,0,none,0,0,0,no_alert_unknown,no_alert_not_final_benign,-1,dns,port
2025-07-19T23:02:38.235867+0700,103.195.142.74,202.134.0.155,35337,53,UDP,flow,dns,1372588279139820,,1,1,0,99,0,0.0,1,99,0,none,0,none,0,0,0,no_alert_unknown,no_alert_not_final_benign,-1,dns,app_proto+port
2025-07-19T23:02:38.235896+0700,103.195.142.74,118.98.44.100,25474,53,UDP,flow,dns,1466176180850221,,1,1,0,214,0,0.0,1,214,0,none,0,none,0,0,0,no_alert_unknown,no_alert_not_final_benign,-1,dns,app_proto+port
2025-07-19T23:02:38.235938+0700,103.195.142.74,118.98.44.20,52257,53,UDP,flow,dns,1338520825433724,,1,1,0,81,0,0.0,1,81,0,none,0,none,0,0,0,no_alert_unknown,no_alert_not_final_benign,-1,dns,app_proto+port
2025-07-19T23:02:38.235959+0700,103.195.142.74,34.8.38.57,19076,53,UDP,flow,dns,1447007453253245,,1,1,0,225,0,0.0,1,225,0,none,0,none,0,0,0,no_alert_unknown,no_alert_not_final_benign,-1,dns,app_proto+port
2025-07-19T23:02:38.235979+0700,103.195.142.74,118.98.44.50,9485,53,UDP,flow,dns,1394162698358436,,1,1,0,73,0,0.0,1,73,0,none,0,none,0,0,0,no_alert_unknown,no_alert_not_final_benign,-1,dns,app_proto+port
2025-07-19T23:02:38.236003+0700,103.195.142.74,118.98.44.50,39020,53,UDP,flow,dns,1772964028026548,,1,1,0,68,0,0.0,1,68,0,none,0,none,0,0,0,no_alert_unknown,no_alert_not_final_benign,-1,dns,app_proto+port
2025-07-19T23:02:38.236023+0700,103.195.142.74,118.98.44.20,19251,53,UDP,flow,dns,1940081502260931,,1,1,0,109,0,0.0,1,109,0,none,0,none,0,0,0,no_alert_unknown,no_alert_not_final_benign,-1,dns,app_proto+port
2025-07-19T23:02:38.236043+0700,103.195.142.76,87.98.154.119,53,58352,UDP,flow,failed,1537630636609275,,1,1,0,1469,0,0.0,1,1469,0,none,0,none,0,0,0,no_alert_unknown,no_alert_not_final_benign,-1,dns,port
2025-07-19T23:02:38.236061+0700,103.195.142.3,51.178.111.230,53,62820,UDP,flow,failed,1758333214986048,,1,1,0,191,0,0.0,1,191,0,none,0,none,0,0,0,no_alert_unknown,no_alert_not_final_benign,-1,dns,port
2025-07-19T23:02:38.236080+0700,103.195.142.75,8.8.8.8,58158,53,UDP,flow,dns,1266341012639672,,1,1,0,98,0,0.0,1,98,0,none,0,none,0,0,0,no_alert_unknown,no_alert_not_final_benign,-1,dns,app_proto+port
2025-07-19T23:02:38.236136+0700,103.195.142.83,87.98.154.250,53,13439,UDP,flow,failed,1870952155385896,,1,1,0,1190,0,0.0,1,1190,0,none,0,none,0,0,0,no_alert_unknown,no_alert_not_final_benign,-1,dns,port
2025-07-19T23:02:38.236155+0700,103.195.142.76,87.98.154.54,53,39107,UDP,flow,failed,1717237655933030,,1,1,0,1469,0,0.0,1,1469,0,none,0,none,0,0,0,no_alert_unknown,no_alert_not_final_benign,-1,dns,port
2025-07-19T23:02:38.236180+0700,103.195.142.76,87.98.154.54,53,32804,UDP,flow,failed,1727622514282645,,1,1,0,1469,0,0.0,1,1469,0,none,0,none,0,0,0,no_alert_unknown,no_alert_not_final_benign,-1,dns,port
2025-07-19T23:02:38.236199+0700,103.195.142.2,172.253.1.24,53,55344,UDP,flow,failed,1242755630567579,,1,1,0,158,0,0.0,1,158,0,none,0,none,0,0,0,no_alert_unknown,no_alert_not_final_benign,-1,dns,port
2025-07-19T23:02:38.236238+0700,103.195.142.165,87.98.154.119,53,43891,UDP,flow,failed,1268218928107726,,1,1,0,1437,0,0.0,1,1437,0,none,0,none,0,0,0,no_alert_unknown,no_alert_not_final_benign,-1,dns,port
2025-07-19T23:02:38.236311+0700,103.195.142.83,87.98.154.110,53,8035,UDP,flow,failed,1759238068244798,,1,1,0,1190,0,0.0,1,1190,0,none,0,none,0,0,0,no_alert_unknown,no_alert_not_final_benign,-1,dns,port
2025-07-19T23:02:38.236332+0700,103.195.142.196,87.98.154.117,53,12652,UDP,flow,failed,1891306326987129,,1,1,0,1437,0,0.0,1,1437,0,none,0,none,0,0,0,no_alert_unknown,no_alert_not_final_benign,-1,dns,port
2025-07-19T23:02:38.236424+0700,103.195.142.76,87.98.154.119,53,13895,UDP,flow,failed,1184709481796159,,1,1,0,1469,0,0.0,1,1469,0,none,0,none,0,0,0,no_alert_unknown,no_alert_not_final_benign,-1,dns,port
2025-07-19T23:02:38.236443+0700,103.195.142.109,87.98.154.119,53,11317,UDP,flow,failed,1589938354655851,,1,1,0,1437,0,0.0,1,1437,0,none,0,none,0,0,0,no_alert_unknown,no_alert_not_final_benign,-1,dns,port
2025-07-19T23:02:38.236462+0700,103.195.142.195,87.98.154.124,53,42606,UDP,flow,failed,1164257438536513,,1,1,0,1437,0,0.0,1,1437,0,none,0,none,0,0,0,no_alert_unknown,no_alert_not_final_benign,-1,dns,port
2025-07-19T23:02:38.236486+0700,103.195.142.74,34.8.196.142,60658,53,UDP,flow,dns,1560642969408431,,1,1,0,225,0,0.0,1,225,0,none,0,none,0,0,0,no_alert_unknown,no_alert_not_final_benign,-1,dns,app_proto+port
2025-07-19T23:02:38.236550+0700,103.195.142.74,118.98.44.100,65525,53,UDP,flow,dns,1770484292326636,,1,1,0,68,0,0.0,1,68,0,none,0,none,0,0,0,no_alert_unknown,no_alert_not_final_benign,-1,dns,app_proto+port
2025-07-19T23:02:38.236570+0700,103.195.142.46,87.98.154.119,53,4360,UDP,flow,failed,1604001376900375,,1,1,0,1437,0,0.0,1,1437,0,none,0,none,0,0,0,no_alert_unknown,no_alert_not_final_benign,-1,dns,port
2025-07-19T23:02:38.236638+0700,103.195.142.83,87.98.154.119,53,22717,UDP,flow,failed,1918232165029409,,1,1,0,1190,0,0.0,1,1190,0,none,0,none,0,0,0,no_alert_unknown,no_alert_not_final_benign,-1,dns,port
2025-07-19T23:02:38.236658+0700,103.195.142.74,202.134.0.155,12180,53,UDP,flow,dns,1533526932657712,,1,1,0,87,0,0.0,1,87,0,none,0,none,0,0,0,no_alert_unknown,no_alert_not_final_benign,-1,dns,app_proto+port
2025-07-19T23:02:38.236678+0700,103.195.142.76,87.98.154.119,53,36878,UDP,flow,failed,1629366461339334,,1,1,0,1469,0,0.0,1,1469,0,none,0,none,0,0,0,no_alert_unknown,no_alert_not_final_benign,-1,dns,port
2025-07-19T23:02:38.236696+0700,103.195.142.74,118.98.44.50,27198,53,UDP,flow,dns,1887068571178725,,1,1,0,77,0,0.0,1,77,0,none,0,none,0,0,0,no_alert_unknown,no_alert_not_final_benign,-1,dns,app_proto+port
2025-07-19T23:02:38.236716+0700,103.195.142.165,87.98.154.119,53,30155,UDP,flow,failed,1211843232798478,,1,1,0,1437,0,0.0,1,1437,0,none,0,none,0,0,0,no_alert_unknown,no_alert_not_final_benign,-1,dns,port
2025-07-19T23:02:38.236735+0700,103.195.142.74,118.98.44.50,25813,53,UDP,flow,dns,1196474292639549,,1,1,0,77,0,0.0,1,77,0,none,0,none,0,0,0,no_alert_unknown,no_alert_not_final_benign,-1,dns,app_proto+port
2025-07-19T23:02:38.236755+0700,103.195.142.74,202.134.0.155,6685,53,UDP,flow,dns,1201521185068914,,1,1,0,85,0,0.0,1,85,0,none,0,none,0,0,0,no_alert_unknown,no_alert_not_final_benign,-1,dns,app_proto+port
2025-07-19T23:02:38.236782+0700,103.195.142.75,8.8.8.8,17013,53,UDP,flow,dns,1769941724895238,,1,1,0,85,0,0.0,1,85,0,none,0,none,0,0,0,no_alert_unknown,no_alert_not_final_benign,-1,dns,app_proto+port
2025-07-19T23:02:38.236804+0700,103.195.142.196,87.98.154.119,53,58478,UDP,flow,failed,1379846925326351,,1,1,0,1437,0,0.0,1,1437,0,none,0,none,0,0,0,no_alert_unknown,no_alert_not_final_benign,-1,dns,port
2025-07-19T23:02:38.236825+0700,103.195.142.74,202.134.0.155,4099,53,UDP,flow,dns,1441890523879462,,1,1,0,140,0,0.0,1,140,0,none,0,none,0,0,0,no_alert_unknown,no_alert_not_final_benign,-1,dns,app_proto+port
2025-07-19T23:02:38.236892+0700,103.195.142.46,87.98.154.79,53,63346,UDP,flow,failed,1924118041139390,,1,1,0,1437,0,0.0,1,1437,0,none,0,none,0,0,0,no_alert_unknown,no_alert_not_final_benign,-1,dns,port
2025-07-19T23:02:38.236978+0700,103.195.142.196,87.98.154.119,53,47603,UDP,flow,failed,1646326546766187,,1,1,0,1437,0,0.0,1,1437,0,none,0,none,0,0,0,no_alert_unknown,no_alert_not_final_benign,-1,dns,port
2025-07-19T23:02:38.236996+0700,103.195.142.3,172.70.204.31,53,13351,UDP,flow,failed,1597245995096440,,1,1,0,135,0,0.0,1,135,0,none,0,none,0,0,0,no_alert_unknown,no_alert_not_final_benign,-1,dns,port
2025-07-19T23:02:38.237015+0700,103.195.142.109,87.98.154.249,53,8608,UDP,flow,failed,1505519020480988,,1,1,0,1437,0,0.0,1,1437,0,none,0,none,0,0,0,no_alert_unknown,no_alert_not_final_benign,-1,dns,port
2025-07-19T23:02:38.237039+0700,103.195.142.109,87.98.154.119,53,50980,UDP,flow,failed,1313857767545342,,1,1,0,1437,0,0.0,1,1437,0,none,0,none,0,0,0,no_alert_unknown,no_alert_not_final_benign,-1,dns,port
2025-07-19T23:02:38.237058+0700,103.195.142.76,87.98.154.119,53,18148,UDP,flow,failed,1733939491904014,,1,1,0,1469,0,0.0,1,1469,0,none,0,none,0,0,0,no_alert_unknown,no_alert_not_final_benign,-1,dns,port
2025-07-19T23:02:38.237142+0700,103.195.142.195,87.98.154.119,53,22751,UDP,flow,failed,1596951327218205,,1,1,0,1437,0,0.0,1,1437,0,none,0,none,0,0,0,no_alert_unknown,no_alert_not_final_benign,-1,dns,port
2025-07-19T23:02:38.237184+0700,103.195.142.76,87.98.154.119,53,34705,UDP,flow,failed,1506831196953231,,1,1,0,1469,0,0.0,1,1469,0,none,0,none,0,0,0,no_alert_unknown,no_alert_not_final_benign,-1,dns,port
2025-07-19T23:02:38.237212+0700,103.195.142.83,87.98.154.119,53,16570,UDP,flow,failed,1416692511808231,,1,1,0,1190,0,0.0,1,1190,0,none,0,none,0,0,0,no_alert_unknown,no_alert_not_final_benign,-1,dns,port
2025-07-19T23:02:38.237286+0700,103.195.142.76,87.98.154.18,53,24767,UDP,flow,failed,1574842469391179,,1,1,0,1469,0,0.0,1,1469,0,none,0,none,0,0,0,no_alert_unknown,no_alert_not_final_benign,-1,dns,port
2025-07-19T23:02:38.237306+0700,103.195.142.196,87.98.154.119,53,5526,UDP,flow,failed,1949395367304014,,1,1,0,1437,0,0.0,1,1437,0,none,0,none,0,0,0,no_alert_unknown,no_alert_not_final_benign,-1,dns,port
2025-07-19T23:02:38.237330+0700,103.195.142.165,87.98.154.97,53,16164,UDP,flow,failed,1596743886445562,,1,1,0,1437,0,0.0,1,1437,0,none,0,none,0,0,0,no_alert_unknown,no_alert_not_final_benign,-1,dns,port
2025-07-19T23:02:38.237349+0700,103.195.142.196,87.98.154.119,53,33682,UDP,flow,failed,1345814613073038,,1,1,0,1437,0,0.0,1,1437,0,none,0,none,0,0,0,no_alert_unknown,no_alert_not_final_benign,-1,dns,port
2025-07-19T23:02:38.237385+0700,103.195.142.74,118.98.44.100,30372,53,UDP,flow,dns,1251292219448480,,1,1,0,214,0,0.0,1,214,0,none,0,none,0,0,0,no_alert_unknown,no_alert_not_final_benign,-1,dns,app_proto+port
2025-07-19T23:02:38.237407+0700,103.195.142.3,172.70.116.71,53,51458,UDP,flow,failed,1383224628681893,,1,1,0,142,0,0.0,1,142,0,none,0,none,0,0,0,no_alert_unknown,no_alert_not_final_benign,-1,dns,port
2025-07-19T23:02:38.237429+0700,103.195.142.2,176.65.149.100,53,37082,UDP,flow,failed,1522450284485840,,1,1,0,201,0,0.0,1,201,0,none,0,none,0,0,0,no_alert_unknown,no_alert_not_final_benign,-1,dns,port
2025-07-19T23:02:38.237522+0700,103.195.142.74,118.98.44.50,58909,53,UDP,flow,dns,1177757609369078,,1,1,0,102,0,0.0,1,102,0,none,0,none,0,0,0,no_alert_unknown,no_alert_not_final_benign,-1,dns,app_proto+port
2025-07-19T23:02:38.237575+0700,103.195.142.109,87.98.154.119,53,12298,UDP,flow,failed,1264732278234689,,1,1,0,1437,0,0.0,1,1437,0,none,0,none,0,0,0,no_alert_unknown,no_alert_not_final_benign,-1,dns,port
2025-07-19T23:02:38.237688+0700,103.195.142.3,13.105.68.215,53,63267,UDP,flow,failed,1751665292353242,,1,1,0,181,0,0.0,1,181,0,none,0,none,0,0,0,no_alert_unknown,no_alert_not_final_benign,-1,dns,port
2025-07-19T23:02:38.237749+0700,103.195.142.74,202.134.0.155,61088,53,UDP,flow,dns,1452479500525300,,1,1,0,73,0,0.0,1,73,0,none,0,none,0,0,0,no_alert_unknown,no_alert_not_final_benign,-1,dns,app_proto+port
2025-07-19T23:02:38.237770+0700,103.195.142.74,118.98.44.100,60051,53,UDP,flow,dns,1317825463852901,,1,1,0,87,0,0.0,1,87,0,none,0,none,0,0,0,no_alert_unknown,no_alert_not_final_benign,-1,dns,app_proto+port
2025-07-19T23:02:38.237898+0700,103.195.142.165,87.98.154.119,53,19182,UDP,flow,failed,1569180694290587,,1,1,0,1437,0,0.0,1,1437,0,none,0,none,0,0,0,no_alert_unknown,no_alert_not_final_benign,-1,dns,port
2025-07-19T23:02:38.237930+0700,103.195.142.195,87.98.154.119,53,9062,UDP,flow,failed,1741801970671773,,1,1,0,1437,0,0.0,1,1437,0,none,0,none,0,0,0,no_alert_unknown,no_alert_not_final_benign,-1,dns,port
2025-07-19T23:02:38.237984+0700,103.195.142.195,87.98.154.36,53,36959,UDP,flow,failed,1902472497406147,,1,1,0,1437,0,0.0,1,1437,0,none,0,none,0,0,0,no_alert_unknown,no_alert_not_final_benign,-1,dns,port
2025-07-19T23:02:38.238020+0700,103.195.142.76,87.98.154.119,53,48820,UDP,flow,failed,1849362896068848,,1,1,0,1469,0,0.0,1,1469,0,none,0,none,0,0,0,no_alert_unknown,no_alert_not_final_benign,-1,dns,port
2025-07-19T23:02:38.238107+0700,103.195.142.196,87.98.154.119,53,3286,UDP,flow,failed,1679577980608753,,1,1,0,1437,0,0.0,1,1437,0,none,0,none,0,0,0,no_alert_unknown,no_alert_not_final_benign,-1,dns,port
2025-07-19T23:02:38.238184+0700,103.195.142.74,202.134.0.155,19159,53,UDP,flow,dns,1836744518934865,,1,1,0,214,0,0.0,1,214,0,none,0,none,0,0,0,no_alert_unknown,no_alert_not_final_benign,-1,dns,app_proto+port
2025-07-19T23:02:38.238223+0700,103.195.142.75,8.8.8.8,1445,53,UDP,flow,dns,1189695210922390,,1,1,0,211,0,0.0,1,211,0,none,0,none,0,0,0,no_alert_unknown,no_alert_not_final_benign,-1,dns,app_proto+port
2025-07-19T23:02:38.238256+0700,103.195.142.196,87.98.154.119,53,4564,UDP,flow,failed,1200596595581556,,1,1,0,1437,0,0.0,1,1437,0,none,0,none,0,0,0,no_alert_unknown,no_alert_not_final_benign,-1,dns,port
2025-07-19T23:02:38.238276+0700,103.195.142.196,87.98.154.119,53,18857,UDP,flow,failed,1744679161963136,,1,1,0,1437,0,0.0,1,1437,0,none,0,none,0,0,0,no_alert_unknown,no_alert_not_final_benign,-1,dns,port
2025-07-19T23:02:38.238324+0700,103.195.142.83,87.98.154.158,53,6825,UDP,flow,failed,1783802534830807,,1,1,0,1190,0,0.0,1,1190,0,none,0,none,0,0,0,no_alert_unknown,no_alert_not_final_benign,-1,dns,port
2025-07-19T23:02:38.238343+0700,103.195.142.109,87.98.154.119,53,47751,UDP,flow,failed,1671700220027653,,1,1,0,1437,0,0.0,1,1437,0,none,0,none,0,0,0,no_alert_unknown,no_alert_not_final_benign,-1,dns,port
2025-07-19T23:02:38.238382+0700,103.195.142.165,87.98.154.9,53,7280,UDP,flow,failed,1153936016417785,,1,1,0,1437,0,0.0,1,1437,0,none,0,none,0,0,0,no_alert_unknown,no_alert_not_final_benign,-1,dns,port
2025-07-19T23:02:38.238492+0700,103.195.142.109,87.98.154.119,53,30034,UDP,flow,failed,1587819344307578,,1,1,0,1437,0,0.0,1,1437,0,none,0,none,0,0,0,no_alert_unknown,no_alert_not_final_benign,-1,dns,port
2025-07-19T23:02:38.238511+0700,103.195.142.83,87.98.154.22,53,37189,UDP,flow,failed,1529090495620550,,1,1,0,1190,0,0.0,1,1190,0,none,0,none,0,0,0,no_alert_unknown,no_alert_not_final_benign,-1,dns,port
2025-07-19T23:02:38.238615+0700,103.195.142.74,118.98.44.50,28924,53,UDP,flow,dns,1800426741704409,,1,1,0,91,0,0.0,1,91,0,none,0,none,0,0,0,no_alert_unknown,no_alert_not_final_benign,-1,dns,app_proto+port
2025-07-19T23:02:38.238691+0700,103.195.142.109,87.98.154.118,53,31230,UDP,flow,failed,1611584986884061,,1,1,0,1437,0,0.0,1,1437,0,none,0,none,0,0,0,no_alert_unknown,no_alert_not_final_benign,-1,dns,port
2025-07-19T23:02:38.238711+0700,103.195.142.2,173.252.107.137,53,57857,UDP,flow,failed,1512272356190193,,1,1,0,174,0,0.0,1,174,0,none,0,none,0,0,0,no_alert_unknown,no_alert_not_final_benign,-1,dns,port
2025-07-19T23:02:38.238730+0700,103.195.142.83,87.98.154.50,53,39570,UDP,flow,failed,1397634623744063,,1,1,0,1190,0,0.0,1,1190,0,none,0,none,0,0,0,no_alert_unknown,no_alert_not_final_benign,-1,dns,port
2025-07-19T23:02:38.238748+0700,103.195.142.2,173.252.107.137,53,11529,UDP,flow,failed,1794236448581753,,1,1,0,189,0,0.0,1,189,0,none,0,none,0,0,0,no_alert_unknown,no_alert_not_final_benign,-1,dns,port
2025-07-19T23:02:38.238769+0700,103.195.142.75,8.8.8.8,50044,53,UDP,flow,dns,1620454801877136,,1,1,0,250,0,0.0,1,250,0,none,0,none,0,0,0,no_alert_unknown,no_alert_not_final_benign,-1,dns,app_proto+port
2025-07-19T23:02:38.238838+0700,103.195.142.75,118.98.44.100,5909,53,UDP,flow,dns,1446195627698454,,1,1,0,74,0,0.0,1,74,0,none,0,none,0,0,0,no_alert_unknown,no_alert_not_final_benign,-1,dns,app_proto+port
2025-07-19T23:02:38.238880+0700,103.195.142.75,8.8.8.8,47007,53,UDP,flow,dns,1315977757010278,,1,1,0,68,0,0.0,1,68,0,none,0,none,0,0,0,no_alert_unknown,no_alert_not_final_benign,-1,dns,app_proto+port
2025-07-19T23:02:38.238928+0700,103.195.142.74,202.134.0.155,61298,53,UDP,flow,dns,1741782558714473,,1,1,0,68,0,0.0,1,68,0,none,0,none,0,0,0,no_alert_unknown,no_alert_not_final_benign,-1,dns,app_proto+port
2025-07-19T23:02:38.238948+0700,103.195.142.195,87.98.154.208,53,27431,UDP,flow,failed,1848954621864621,,1,1,0,1437,0,0.0,1,1437,0,none,0,none,0,0,0,no_alert_unknown,no_alert_not_final_benign,-1,dns,port
2025-07-19T23:02:38.238966+0700,103.195.142.74,202.134.0.155,57399,53,UDP,flow,dns,1187095760874251,,1,1,0,178,0,0.0,1,178,0,none,0,none,0,0,0,no_alert_unknown,no_alert_not_final_benign,-1,dns,app_proto+port
2025-07-19T23:02:38.238986+0700,103.195.142.196,87.98.154.173,53,21219,UDP,flow,failed,1916138523732769,,1,1,0,1437,0,0.0,1,1437,0,none,0,none,0,0,0,no_alert_unknown,no_alert_not_final_benign,-1,dns,port
2025-07-19T23:02:38.239005+0700,103.195.142.74,118.98.44.50,25483,53,UDP,flow,dns,1937238202067809,,1,1,0,184,0,0.0,1,184,0,none,0,none,0,0,0,no_alert_unknown,no_alert_not_final_benign,-1,dns,app_proto+port
2025-07-19T23:02:38.239032+0700,103.195.142.74,202.134.0.155,33732,53,UDP,flow,dns,1700875937065835,,1,1,0,98,0,0.0,1,98,0,none,0,none,0,0,0,no_alert_unknown,no_alert_not_final_benign,-1,dns,app_proto+port
2025-07-19T23:02:38.239081+0700,103.195.142.83,87.98.154.119,53,34255,UDP,flow,failed,1658426838428767,,1,1,0,1190,0,0.0,1,1190,0,none,0,none,0,0,0,no_alert_unknown,no_alert_not_final_benign,-1,dns,port
2025-07-19T23:02:38.239114+0700,103.195.142.2,172.69.21.205,53,60527,UDP,flow,failed,1358969056668799,,1,1,0,147,0,0.0,1,147,0,none,0,none,0,0,0,no_alert_unknown,no_alert_not_final_benign,-1,dns,port
2025-07-19T23:02:38.239249+0700,103.195.142.74,118.98.44.50,44997,53,UDP,flow,dns,1760198912060755,,1,1,0,71,0,0.0,1,71,0,none,0,none,0,0,0,no_alert_unknown,no_alert_not_final_benign,-1,dns,app_proto+port
2025-07-19T23:02:38.239272+0700,103.195.142.109,87.98.154.119,53,55736,UDP,flow,failed,1472311915523430,,1,1,0,1437,0,0.0,1,1437,0,none,0,none,0,0,0,no_alert_unknown,no_alert_not_final_benign,-1,dns,port
2025-07-19T23:02:38.239291+0700,103.195.142.195,87.98.154.236,53,29528,UDP,flow,failed,1561135468391840,,1,1,0,1437,0,0.0,1,1437,0,none,0,none,0,0,0,no_alert_unknown,no_alert_not_final_benign,-1,dns,port
2025-07-19T23:02:38.239311+0700,103.195.142.195,87.98.154.119,53,41272,UDP,flow,failed,1916626036534710,,1,1,0,1437,0,0.0,1,1437,0,none,0,none,0,0,0,no_alert_unknown,no_alert_not_final_benign,-1,dns,port
2025-07-19T23:02:38.239378+0700,103.195.142.195,87.98.154.119,53,12175,UDP,flow,failed,1496120955842103,,1,1,0,1437,0,0.0,1,1437,0,none,0,none,0,0,0,no_alert_unknown,no_alert_not_final_benign,-1,dns,port
2025-07-19T23:02:38.239441+0700,103.195.142.196,87.98.154.119,53,58421,UDP,flow,failed,1744636605378313,,1,1,0,1437,0,0.0,1,1437,0,none,0,none,0,0,0,no_alert_unknown,no_alert_not_final_benign,-1,dns,port
2025-07-19T23:02:38.239510+0700,103.195.142.74,118.98.44.100,12874,53,UDP,flow,dns,1852214553423777,,1,1,0,184,0,0.0,1,184,0,none,0,none,0,0,0,no_alert_unknown,no_alert_not_final_benign,-1,dns,app_proto+port
2025-07-19T23:02:38.239531+0700,103.195.142.109,87.98.154.185,53,22919,UDP,flow,failed,1670478612803571,,1,1,0,1437,0,0.0,1,1437,0,none,0,none,0,0,0,no_alert_unknown,no_alert_not_final_benign,-1,dns,port
2025-07-19T23:02:38.239570+0700,103.195.142.74,118.98.44.20,49037,53,UDP,flow,dns,1491994470723625,,1,1,0,101,0,0.0,1,101,0,none,0,none,0,0,0,no_alert_unknown,no_alert_not_final_benign,-1,dns,app_proto+port
2025-07-19T23:02:38.239672+0700,103.195.142.195,87.98.154.119,53,21408,UDP,flow,failed,1381034911543662,,1,1,0,1437,0,0.0,1,1437,0,none,0,none,0,0,0,no_alert_unknown,no_alert_not_final_benign,-1,dns,port
2025-07-19T23:02:38.239713+0700,103.195.142.46,87.98.154.187,53,7099,UDP,flow,failed,1754483859075623,,1,1,0,1437,0,0.0,1,1437,0,none,0,none,0,0,0,no_alert_unknown,no_alert_not_final_benign,-1,dns,port
2025-07-19T23:02:38.239761+0700,103.195.142.3,198.41.238.32,53,61272,UDP,flow,failed,1686867580105288,,1,1,0,159,0,0.0,1,159,0,none,0,none,0,0,0,no_alert_unknown,no_alert_not_final_benign,-1,dns,port
2025-07-19T23:02:38.239792+0700,103.195.142.196,87.98.154.117,53,41223,UDP,flow,failed,1135426597499502,,1,1,0,1437,0,0.0,1,1437,0,none,0,none,0,0,0,no_alert_unknown,no_alert_not_final_benign,-1,dns,port
2025-07-19T23:02:38.239834+0700,103.195.142.165,87.98.154.119,53,28474,UDP,flow,failed,1520555445662451,,1,1,0,1437,0,0.0,1,1437,0,none,0,none,0,0,0,no_alert_unknown,no_alert_not_final_benign,-1,dns,port
2025-07-19T23:02:38.239852+0700,103.195.142.109,87.98.154.21,53,28359,UDP,flow,failed,1270565815595772,,1,1,0,1437,0,0.0,1,1437,0,none,0,none,0,0,0,no_alert_unknown,no_alert_not_final_benign,-1,dns,port
2025-07-19T23:02:38.239871+0700,103.195.142.109,87.98.154.109,53,44290,UDP,flow,failed,1505526885921741,,1,3,0,4311,0,9.0,3,4311,0,none,0,none,0,0,0,no_alert_unknown,no_alert_not_final_benign,-1,dns,port
2025-07-19T23:02:38.239894+0700,103.195.142.109,87.98.154.249,53,63630,UDP,flow,failed,1542573661238295,,1,1,0,1437,0,0.0,1,1437,0,none,0,none,0,0,0,no_alert_unknown,no_alert_not_final_benign,-1,dns,port
2025-07-19T23:02:38.239913+0700,103.195.142.2,172.69.32.131,53,46794,UDP,flow,failed,1164154436007023,,1,1,0,147,0,0.0,1,147,0,none,0,none,0,0,0,no_alert_unknown,no_alert_not_final_benign,-1,dns,port
2025-07-19T23:02:38.239954+0700,103.195.142.165,87.98.154.141,53,23285,UDP,flow,failed,1807035662218443,,1,1,0,1437,0,0.0,1,1437,0,none,0,none,0,0,0,no_alert_unknown,no_alert_not_final_benign,-1,dns,port
2025-07-19T23:02:38.239993+0700,103.195.142.196,87.98.154.201,53,63936,UDP,flow,failed,1179608662881654,,1,1,0,1437,0,0.0,1,1437,0,none,0,none,0,0,0,no_alert_unknown,no_alert_not_final_benign,-1,dns,port
2025-07-19T23:02:38.240012+0700,103.195.142.196,87.98.154.201,53,45976,UDP,flow,failed,1877910204724702,,1,1,0,1437,0,0.0,1,1437,0,none,0,none,0,0,0,no_alert_unknown,no_alert_not_final_benign,-1,dns,port
2025-07-19T23:02:38.240035+0700,103.195.142.83,87.98.154.222,53,52515,UDP,flow,failed,615604771304985,,1,3,0,3570,0,10.0,3,3570,0,none,0,none,0,0,0,no_alert_unknown,no_alert_not_final_benign,-1,dns,port
2025-07-19T23:02:38.240054+0700,103.195.142.46,87.98.154.79,53,40455,UDP,flow,failed,1130758992115344,,1,1,0,1437,0,0.0,1,1437,0,none,0,none,0,0,0,no_alert_unknown,no_alert_not_final_benign,-1,dns,port
2025-07-19T23:02:38.240073+0700,103.195.142.74,118.98.44.100,18934,53,UDP,flow,dns,1728432890132266,,1,1,0,77,0,0.0,1,77,0,none,0,none,0,0,0,no_alert_unknown,no_alert_not_final_benign,-1,dns,app_proto+port
2025-07-19T23:02:38.240151+0700,103.195.142.76,87.98.154.198,53,18773,UDP,flow,failed,1428085054126030,,1,3,0,4407,0,9.0,3,4407,0,none,0,none,0,0,0,no_alert_unknown,no_alert_not_final_benign,-1,dns,port
2025-07-19T23:02:38.240203+0700,103.195.142.74,118.98.44.20,1038,53,UDP,flow,dns,1742017806874583,,1,1,0,80,0,0.0,1,80,0,none,0,none,0,0,0,no_alert_unknown,no_alert_not_final_benign,-1,dns,app_proto+port
2025-07-19T23:02:38.240271+0700,103.195.142.195,87.98.154.119,53,55880,UDP,flow,failed,1636657376147632,,1,1,0,1437,0,0.0,1,1437,0,none,0,none,0,0,0,no_alert_unknown,no_alert_not_final_benign,-1,dns,port
2025-07-19T23:02:38.240323+0700,103.195.142.75,8.8.8.8,10152,53,UDP,flow,dns,1513798921566578,,1,1,0,138,0,0.0,1,138,0,none,0,none,0,0,0,no_alert_unknown,no_alert_not_final_benign,-1,dns,app_proto+port
2025-07-19T23:02:38.240364+0700,103.195.142.74,118.98.44.100,7235,53,UDP,flow,dns,1964265896229241,,1,1,0,80,0,0.0,1,80,0,none,0,none,0,0,0,no_alert_unknown,no_alert_not_final_benign,-1,dns,app_proto+port
2025-07-19T23:02:38.240387+0700,103.195.142.83,87.98.154.117,53,48280,UDP,flow,failed,1763431244970382,,1,1,0,1190,0,0.0,1,1190,0,none,0,none,0,0,0,no_alert_unknown,no_alert_not_final_benign,-1,dns,port
2025-07-19T23:02:38.240407+0700,103.195.142.74,118.98.44.100,3962,53,UDP,flow,dns,1454908801890745,,1,1,0,86,0,0.0,1,86,0,none,0,none,0,0,0,no_alert_unknown,no_alert_not_final_benign,-1,dns,app_proto+port
2025-07-19T23:02:38.240449+0700,103.195.142.196,87.98.154.118,53,14268,UDP,flow,failed,1319048076343806,,1,1,0,1437,0,0.0,1,1437,0,none,0,none,0,0,0,no_alert_unknown,no_alert_not_final_benign,-1,dns,port
2025-07-19T23:02:38.240474+0700,103.195.142.195,87.98.154.118,53,21079,UDP,flow,failed,1602345807592050,,1,1,0,1437,0,0.0,1,1437,0,none,0,none,0,0,0,no_alert_unknown,no_alert_not_final_benign,-1,dns,port
2025-07-19T23:02:38.240514+0700,103.195.142.75,8.8.8.8,47031,53,UDP,flow,dns,1892681724410902,,1,1,0,72,0,0.0,1,72,0,none,0,none,0,0,0,no_alert_unknown,no_alert_not_final_benign,-1,dns,app_proto+port
2025-07-19T23:02:38.240557+0700,103.195.142.2,172.70.116.71,53,55101,UDP,flow,failed,1225012141177954,,1,1,0,178,0,0.0,1,178,0,none,0,none,0,0,0,no_alert_unknown,no_alert_not_final_benign,-1,dns,port
2025-07-19T23:02:38.240575+0700,103.195.142.83,87.98.154.50,53,8080,UDP,flow,failed,1235013886164164,,1,1,0,1190,0,0.0,1,1190,0,none,0,none,0,0,0,no_alert_unknown,no_alert_not_final_benign,-1,dns,port
2025-07-19T23:02:38.240593+0700,103.195.142.46,87.98.154.119,53,24032,UDP,flow,failed,1371808511573243,,1,1,0,1437,0,0.0,1,1437,0,none,0,none,0,0,0,no_alert_unknown,no_alert_not_final_benign,-1,dns,port
2025-07-19T23:02:38.240644+0700,103.195.142.83,87.98.154.214,53,59459,UDP,flow,failed,1463869880417670,,1,1,0,1190,0,0.0,1,1190,0,none,0,none,0,0,0,no_alert_unknown,no_alert_not_final_benign,-1,dns,port
2025-07-19T23:02:38.240684+0700,103.195.142.46,87.98.154.195,53,54677,UDP,flow,failed,1003040141557312,,1,3,0,4311,0,10.0,3,4311,0,none,0,none,0,0,0,no_alert_unknown,no_alert_not_final_benign,-1,dns,port
2025-07-19T23:02:38.240703+0700,103.195.142.195,87.98.154.8,53,32234,UDP,flow,failed,1272217359695461,,1,1,0,1437,0,0.0,1,1437,0,none,0,none,0,0,0,no_alert_unknown,no_alert_not_final_benign,-1,dns,port
2025-07-19T23:02:38.240742+0700,103.195.142.196,87.98.154.117,53,32214,UDP,flow,failed,1299869699096290,,1,1,0,1437,0,0.0,1,1437,0,none,0,none,0,0,0,no_alert_unknown,no_alert_not_final_benign,-1,dns,port
2025-07-19T23:02:38.240761+0700,103.195.142.109,87.98.154.137,53,31266,UDP,flow,failed,1394012128427804,,1,1,0,1437,0,0.0,1,1437,0,none,0,none,0,0,0,no_alert_unknown,no_alert_not_final_benign,-1,dns,port
2025-07-19T23:02:38.240779+0700,103.195.142.75,8.8.8.8,16660,53,UDP,flow,dns,1307416783175472,,1,1,0,97,0,0.0,1,97,0,none,0,none,0,0,0,no_alert_unknown,no_alert_not_final_benign,-1,dns,app_proto+port
2025-07-19T23:02:38.240825+0700,103.195.142.195,87.98.154.208,53,32049,UDP,flow,failed,1899438637203266,,1,1,0,1437,0,0.0,1,1437,0,none,0,none,0,0,0,no_alert_unknown,no_alert_not_final_benign,-1,dns,port
2025-07-19T23:02:38.240889+0700,103.195.142.76,87.98.154.119,53,10897,UDP,flow,failed,1554960106799103,,1,1,0,1469,0,0.0,1,1469,0,none,0,none,0,0,0,no_alert_unknown,no_alert_not_final_benign,-1,dns,port
2025-07-19T23:02:38.240908+0700,103.195.142.196,87.98.154.173,53,62531,UDP,flow,failed,1278026896261230,,1,1,0,1437,0,0.0,1,1437,0,none,0,none,0,0,0,no_alert_unknown,no_alert_not_final_benign,-1,dns,port
2025-07-19T23:02:38.240926+0700,103.195.142.74,118.98.44.20,14988,53,UDP,flow,dns,1696842352967819,,1,1,0,184,0,0.0,1,184,0,none,0,none,0,0,0,no_alert_unknown,no_alert_not_final_benign,-1,dns,app_proto+port
2025-07-19T23:02:38.240973+0700,103.195.142.76,87.98.154.14,53,50580,UDP,flow,failed,1469316518592738,,1,1,0,1469,0,0.0,1,1469,0,none,0,none,0,0,0,no_alert_unknown,no_alert_not_final_benign,-1,dns,port
2025-07-19T23:02:38.240991+0700,103.195.142.74,118.98.44.50,3649,53,UDP,flow,dns,1244857791037698,,1,1,0,97,0,0.0,1,97,0,none,0,none,0,0,0,no_alert_unknown,no_alert_not_final_benign,-1,dns,app_proto+port
2025-07-19T23:02:38.241011+0700,103.195.142.83,87.98.154.138,53,1335,UDP,flow,failed,1357682303451394,,1,3,0,3570,0,10.0,3,3570,0,none,0,none,0,0,0,no_alert_unknown,no_alert_not_final_benign,-1,dns,port
2025-07-19T23:02:38.241071+0700,103.195.142.75,8.8.8.8,34232,53,UDP,flow,dns,1255978947133816,,1,1,0,78,0,0.0,1,78,0,none,0,none,0,0,0,no_alert_unknown,no_alert_not_final_benign,-1,dns,app_proto+port
2025-07-19T23:02:38.241096+0700,103.195.142.75,8.8.8.8,61476,53,UDP,flow,dns,1270332709224857,,1,1,0,68,0,0.0,1,68,0,none,0,none,0,0,0,no_alert_unknown,no_alert_not_final_benign,-1,dns,app_proto+port
2025-07-19T23:02:38.241149+0700,103.195.142.75,8.8.8.8,9259,53,UDP,flow,dns,1214578928075203,,1,1,0,99,0,0.0,1,99,0,none,0,none,0,0,0,no_alert_unknown,no_alert_not_final_benign,-1,dns,app_proto+port
2025-07-19T23:02:38.241169+0700,103.195.142.46,87.98.154.119,53,38248,UDP,flow,failed,1148394925867473,,1,1,0,1437,0,0.0,1,1437,0,none,0,none,0,0,0,no_alert_unknown,no_alert_not_final_benign,-1,dns,port
2025-07-19T23:02:38.241208+0700,103.195.142.74,202.134.0.155,20123,53,UDP,flow,dns,1779207530103440,,1,1,0,94,0,0.0,1,94,0,none,0,none,0,0,0,no_alert_unknown,no_alert_not_final_benign,-1,dns,app_proto+port
2025-07-19T23:02:38.241228+0700,103.195.142.46,87.98.154.119,53,39296,UDP,flow,failed,1633767920255688,,1,1,0,1437,0,0.0,1,1437,0,none,0,none,0,0,0,no_alert_unknown,no_alert_not_final_benign,-1,dns,port
2025-07-19T23:02:38.241247+0700,103.195.142.165,87.98.154.119,53,22430,UDP,flow,failed,1555790559658738,,1,1,0,1437,0,0.0,1,1437,0,none,0,none,0,0,0,no_alert_unknown,no_alert_not_final_benign,-1,dns,port
2025-07-19T23:02:38.241297+0700,103.195.142.74,118.98.44.50,19949,53,UDP,flow,dns,1673305152242602,,1,1,0,184,0,0.0,1,184,0,none,0,none,0,0,0,no_alert_unknown,no_alert_not_final_benign,-1,dns,app_proto+port
2025-07-19T23:02:38.241309+0700,103.195.142.196,87.98.154.81,53,6536,UDP,flow,failed,1466370084586539,,1,1,0,1437,0,0.0,1,1437,0,none,0,none,0,0,0,no_alert_unknown,no_alert_not_final_benign,-1,dns,port
2025-07-19T23:02:38.241319+0700,103.195.142.108,8.8.8.8,31529,53,UDP,flow,dns,1963113436628071,,1,1,0,68,0,0.0,1,68,0,none,0,none,0,0,0,no_alert_unknown,no_alert_not_final_benign,-1,dns,app_proto+port
2025-07-19T23:02:38.241367+0700,103.195.142.165,87.98.154.237,53,56520,UDP,flow,failed,1475074074297777,,1,1,0,1437,0,0.0,1,1437,0,none,0,none,0,0,0,no_alert_unknown,no_alert_not_final_benign,-1,dns,port
2025-07-19T23:02:38.241380+0700,103.195.142.75,8.8.8.8,37862,53,UDP,flow,dns,1742473055389165,,1,1,0,80,0,0.0,1,80,0,none,0,none,0,0,0,no_alert_unknown,no_alert_not_final_benign,-1,dns,app_proto+port
2025-07-19T23:02:38.241391+0700,103.195.142.3,172.217.33.144,53,41215,UDP,flow,failed,1814310440814080,,1,1,0,155,0,0.0,1,155,0,none,0,none,0,0,0,no_alert_unknown,no_alert_not_final_benign,-1,dns,port
2025-07-19T23:02:38.241402+0700,103.195.142.74,118.98.44.50,19832,53,UDP,flow,dns,1896517835965960,,1,1,0,68,0,0.0,1,68,0,none,0,none,0,0,0,no_alert_unknown,no_alert_not_final_benign,-1,dns,app_proto+port
2025-07-19T23:02:38.241414+0700,103.195.142.83,87.98.154.117,53,34332,UDP,flow,failed,1445429660829375,,1,1,0,1190,0,0.0,1,1190,0,none,0,none,0,0,0,no_alert_unknown,no_alert_not_final_benign,-1,dns,port
2025-07-19T23:02:38.241424+0700,103.195.142.109,87.98.154.119,53,62038,UDP,flow,failed,1966573234243286,,1,1,0,1437,0,0.0,1,1437,0,none,0,none,0,0,0,no_alert_unknown,no_alert_not_final_benign,-1,dns,port
2025-07-19T23:02:38.241446+0700,103.195.142.196,87.98.154.117,53,22243,UDP,flow,failed,1877460736690114,,1,1,0,1437,0,0.0,1,1437,0,none,0,none,0,0,0,no_alert_unknown,no_alert_not_final_benign,-1,dns,port
2025-07-19T23:02:38.241471+0700,103.195.142.74,118.98.44.50,6792,53,UDP,flow,dns,1661990896945235,,1,1,0,138,0,0.0,1,138,0,none,0,none,0,0,0,no_alert_unknown,no_alert_not_final_benign,-1,dns,app_proto+port
2025-07-19T23:02:38.241484+0700,103.195.142.109,87.98.154.129,53,34854,UDP,flow,failed,1715954286086259,,1,1,0,1437,0,0.0,1,1437,0,none,0,none,0,0,0,no_alert_unknown,no_alert_not_final_benign,-1,dns,port
2025-07-19T23:02:38.241494+0700,103.195.142.3,162.158.105.20,53,15825,UDP,flow,failed,1428912764045854,,1,1,0,155,0,0.0,1,155,0,none,0,none,0,0,0,no_alert_unknown,no_alert_not_final_benign,-1,dns,port
2025-07-19T23:02:38.241517+0700,103.195.142.76,87.98.154.246,53,33125,UDP,flow,failed,1425056419498613,,1,1,0,1469,0,0.0,1,1469,0,none,0,none,0,0,0,no_alert_unknown,no_alert_not_final_benign,-1,dns,port
2025-07-19T23:02:38.241527+0700,103.195.142.74,118.98.44.20,41681,53,UDP,flow,dns,1570472116505231,,1,1,0,211,0,0.0,1,211,0,none,0,none,0,0,0,no_alert_unknown,no_alert_not_final_benign,-1,dns,app_proto+port
2025-07-19T23:02:38.241539+0700,103.195.142.76,87.98.154.198,53,32673,UDP,flow,failed,1560797863889558,,1,1,0,1469,0,0.0,1,1469,0,none,0,none,0,0,0,no_alert_unknown,no_alert_not_final_benign,-1,dns,port
2025-07-19T23:02:38.241552+0700,103.195.142.74,118.98.44.100,47944,53,UDP,flow,dns,1425864936278773,,1,1,0,184,0,0.0,1,184,0,none,0,none,0,0,0,no_alert_unknown,no_alert_not_final_benign,-1,dns,app_proto+port
2025-07-19T23:02:38.241564+0700,103.195.142.2,52.247.220.122,53,50230,UDP,flow,failed,1715033125636874,,1,1,0,181,0,0.0,1,181,0,none,0,none,0,0,0,no_alert_unknown,no_alert_not_final_benign,-1,dns,port
2025-07-19T23:02:38.241574+0700,103.195.142.83,87.98.154.182,53,45794,UDP,flow,failed,1942320966683512,,1,1,0,1190,0,0.0,1,1190,0,none,0,none,0,0,0,no_alert_unknown,no_alert_not_final_benign,-1,dns,port
2025-07-19T23:02:38.241585+0700,103.195.142.3,176.65.149.100,53,28178,UDP,flow,failed,1597861838015352,,1,1,0,201,0,0.0,1,201,0,none,0,none,0,0,0,no_alert_unknown,no_alert_not_final_benign,-1,dns,port
2025-07-19T23:02:38.241595+0700,103.195.142.74,118.98.44.20,27754,53,UDP,flow,dns,1803581905390654,,1,1,0,88,0,0.0,1,88,0,none,0,none,0,0,0,no_alert_unknown,no_alert_not_final_benign,-1,dns,app_proto+port
2025-07-19T23:02:38.241606+0700,103.195.142.74,118.98.44.50,11038,53,UDP,flow,dns,1494662273453202,,1,1,0,178,0,0.0,1,178,0,none,0,none,0,0,0,no_alert_unknown,no_alert_not_final_benign,-1,dns,app_proto+port
2025-07-19T23:02:38.241630+0700,103.195.142.75,8.8.8.8,12698,53,UDP,flow,dns,590380274633928,,1,2,0,456,0,4.0,2,456,0,none,0,none,0,0,0,no_alert_unknown,no_alert_not_final_benign,-1,dns,app_proto+port
2025-07-19T23:02:38.241644+0700,103.195.142.74,202.134.0.155,6628,53,UDP,flow,dns,1491682507508970,,1,1,0,93,0,0.0,1,93,0,none,0,none,0,0,0,no_alert_unknown,no_alert_not_final_benign,-1,dns,app_proto+port
2025-07-19T23:02:38.241656+0700,103.195.142.75,8.8.8.8,28119,53,UDP,flow,dns,1677768256081285,,1,1,0,94,0,0.0,1,94,0,none,0,none,0,0,0,no_alert_unknown,no_alert_not_final_benign,-1,dns,app_proto+port
2025-07-19T23:02:38.241667+0700,103.195.142.165,87.98.154.97,53,8983,UDP,flow,failed,1432299718856074,,1,3,0,4311,0,9.0,3,4311,0,none,0,none,0,0,0,no_alert_unknown,no_alert_not_final_benign,-1,dns,port
2025-07-19T23:02:38.241677+0700,103.195.142.83,87.98.154.119,53,27500,UDP,flow,failed,1633641399274998,,1,1,0,1190,0,0.0,1,1190,0,none,0,none,0,0,0,no_alert_unknown,no_alert_not_final_benign,-1,dns,port
2025-07-19T23:02:38.241687+0700,103.195.142.109,87.98.154.119,53,57495,UDP,flow,failed,1492614169054791,,1,1,0,1437,0,0.0,1,1437,0,none,0,none,0,0,0,no_alert_unknown,no_alert_not_final_benign,-1,dns,port
2025-07-19T23:02:38.241721+0700,103.195.142.74,118.98.44.20,22534,53,UDP,flow,dns,1752792231006097,,1,1,0,211,0,0.0,1,211,0,none,0,none,0,0,0,no_alert_unknown,no_alert_not_final_benign,-1,dns,app_proto+port
2025-07-19T23:02:38.241747+0700,103.195.142.3,176.65.149.100,53,35400,UDP,flow,failed,1465127004033107,,1,1,0,146,0,0.0,1,146,0,none,0,none,0,0,0,no_alert_unknown,no_alert_not_final_benign,-1,dns,port
2025-07-19T23:02:38.241758+0700,103.195.142.76,87.98.154.119,53,51806,UDP,flow,failed,1652503682764978,,1,1,0,1469,0,0.0,1,1469,0,none,0,none,0,0,0,no_alert_unknown,no_alert_not_final_benign,-1,dns,port
2025-07-19T23:02:38.241777+0700,103.195.142.109,87.98.154.109,53,3844,UDP,flow,failed,1659404691853929,,1,1,0,1437,0,0.0,1,1437,0,none,0,none,0,0,0,no_alert_unknown,no_alert_not_final_benign,-1,dns,port
2025-07-19T23:02:38.241800+0700,103.195.142.46,87.98.154.139,53,33180,UDP,flow,failed,1633384069616242,,1,3,0,4311,0,9.0,3,4311,0,none,0,none,0,0,0,no_alert_unknown,no_alert_not_final_benign,-1,dns,port
2025-07-19T23:02:38.241826+0700,103.195.142.74,118.98.44.50,3434,53,UDP,flow,dns,1439180033970828,,1,1,0,214,0,0.0,1,214,0,none,0,none,0,0,0,no_alert_unknown,no_alert_not_final_benign,-1,dns,app_proto+port
2025-07-19T23:02:38.241863+0700,103.195.142.83,87.98.154.22,53,56381,UDP,flow,failed,1654086510727918,,1,1,0,1190,0,0.0,1,1190,0,none,0,none,0,0,0,no_alert_unknown,no_alert_not_final_benign,-1,dns,port
2025-07-19T23:02:38.241951+0700,103.195.142.195,87.98.154.172,53,42776,UDP,flow,failed,1465391565722718,,1,1,0,1437,0,0.0,1,1437,0,none,0,none,0,0,0,no_alert_unknown,no_alert_not_final_benign,-1,dns,port
2025-07-19T23:02:38.241975+0700,103.195.142.195,87.98.154.119,53,14340,UDP,flow,failed,1786390739899781,,1,1,0,1437,0,0.0,1,1437,0,none,0,none,0,0,0,no_alert_unknown,no_alert_not_final_benign,-1,dns,port
2025-07-19T23:02:38.242025+0700,103.195.142.74,118.98.44.100,49071,53,UDP,flow,dns,1828451623327427,,1,1,0,220,0,0.0,1,220,0,none,0,none,0,0,0,no_alert_unknown,no_alert_not_final_benign,-1,dns,app_proto+port
2025-07-19T23:02:38.242036+0700,103.195.142.74,118.98.44.100,28095,53,UDP,flow,dns,1721742177228542,,1,1,0,68,0,0.0,1,68,0,none,0,none,0,0,0,no_alert_unknown,no_alert_not_final_benign,-1,dns,app_proto+port
2025-07-19T23:02:38.242048+0700,103.195.142.74,118.98.44.100,55967,53,UDP,flow,dns,1734211650410477,,1,1,0,97,0,0.0,1,97,0,none,0,none,0,0,0,no_alert_unknown,no_alert_not_final_benign,-1,dns,app_proto+port
2025-07-19T23:02:38.242060+0700,103.195.142.74,202.134.0.155,7508,53,UDP,flow,dns,1532014768248889,,1,1,0,88,0,0.0,1,88,0,none,0,none,0,0,0,no_alert_unknown,no_alert_not_final_benign,-1,dns,app_proto+port
2025-07-19T23:02:38.242097+0700,103.195.142.2,172.70.204.31,53,28253,UDP,flow,failed,1646413002004613,,1,1,0,132,0,0.0,1,132,0,none,0,none,0,0,0,no_alert_unknown,no_alert_not_final_benign,-1,dns,port
2025-07-19T23:02:38.242128+0700,103.195.142.76,87.98.154.119,53,34709,UDP,flow,failed,1919578045569479,,1,1,0,1469,0,0.0,1,1469,0,none,0,none,0,0,0,no_alert_unknown,no_alert_not_final_benign,-1,dns,port
2025-07-19T23:02:38.242139+0700,103.195.142.74,118.98.44.50,15476,53,UDP,flow,dns,2017885955578421,,1,1,0,68,0,0.0,1,68,0,none,0,none,0,0,0,no_alert_unknown,no_alert_not_final_benign,-1,dns,app_proto+port
2025-07-19T23:02:38.242150+0700,103.195.142.3,172.70.204.31,53,12221,UDP,flow,failed,1432906257357386,,1,1,0,159,0,0.0,1,159,0,none,0,none,0,0,0,no_alert_unknown,no_alert_not_final_benign,-1,dns,port
2025-07-19T23:02:38.242161+0700,103.195.142.75,8.8.8.8,17490,53,UDP,flow,dns,2222828390799953,,1,1,0,83,0,0.0,1,83,0,none,0,none,0,0,0,no_alert_unknown,no_alert_not_final_benign,-1,dns,app_proto+port
2025-07-19T23:02:38.242172+0700,103.195.142.74,202.134.0.155,61059,53,UDP,flow,dns,1673869948246857,,1,1,0,196,0,0.0,1,196,0,none,0,none,0,0,0,no_alert_unknown,no_alert_not_final_benign,-1,dns,app_proto+port
2025-07-19T23:02:38.256594+0700,103.195.142.74,202.134.0.155,51311,53,UDP,dns,,1946491404700701,wire/pcap,0,0,0,0,0,0.0,0,0,0,none,0,none,0,0,0,no_alert_unknown,no_alert_not_final_benign,-1,dns,port
2025-07-19T23:02:38.274806+0700,103.195.142.74,118.98.44.20,56551,53,UDP,dns,,1743234181555151,wire/pcap,0,0,0,0,0,0.0,0,0,0,none,0,none,0,0,0,no_alert_unknown,no_alert_not_final_benign,-1,dns,port
2025-07-19T23:02:38.296974+0700,103.195.142.75,8.8.8.8,6916,53,UDP,dns,,1838445219208897,wire/pcap,0,0,0,0,0,0.0,0,0,0,none,0,none,0,0,0,no_alert_unknown,no_alert_not_final_benign,-1,dns,port
2025-07-19T23:02:38.310389+0700,103.195.142.74,118.98.44.20,20486,53,UDP,dns,,1896062427577503,wire/pcap,0,0,0,0,0,0.0,0,0,0,none,0,none,0,0,0,no_alert_unknown,no_alert_not_final_benign,-1,dns,port
2025-07-19T23:02:38.324450+0700,103.195.142.74,202.134.0.155,49572,53,UDP,dns,,1956456111395663,wire/pcap,0,0,0,0,0,0.0,0,0,0,none,0,none,0,0,0,no_alert_unknown,no_alert_not_final_benign,-1,dns,port
2025-07-19T23:02:38.324684+0700,103.195.142.75,8.8.8.8,5060,53,UDP,dns,,1957460410228340,wire/pcap,0,0,0,0,0,0.0,0,0,0,none,0,none,0,0,0,no_alert_unknown,no_alert_not_final_benign,-1,dns,port
2025-07-19T23:02:38.360162+0700,103.195.142.75,8.8.8.8,63021,53,UDP,dns,,1828361985369622,wire/pcap,0,0,0,0,0,0.0,0,0,0,none,0,none,0,0,0,no_alert_unknown,no_alert_not_final_benign,-1,dns,port
2025-07-19T23:02:38.375431+0700,103.195.142.74,202.134.0.155,8489,53,UDP,dns,,1893939286671225,wire/pcap,0,0,0,0,0,0.0,0,0,0,none,0,none,0,0,0,no_alert_unknown,no_alert_not_final_benign,-1,dns,port
2025-07-19T23:02:38.386040+0700,103.195.142.75,8.8.8.8,62759,53,UDP,dns,,1939508300262436,wire/pcap,0,0,0,0,0,0.0,0,0,0,none,0,none,0,0,0,no_alert_unknown,no_alert_not_final_benign,-1,dns,port
2025-07-19T23:02:38.387764+0700,103.195.142.74,118.98.44.100,15582,53,UDP,dns,,1946912141378439,wire/pcap,0,0,0,0,0,0.0,0,0,0,none,0,none,0,0,0,no_alert_unknown,no_alert_not_final_benign,-1,dns,port
2025-07-19T23:02:38.409381+0700,103.195.142.75,8.8.8.8,30991,53,UDP,dns,,1758279198498023,wire/pcap,0,0,0,0,0,0.0,0,0,0,none,0,none,0,0,0,no_alert_unknown,no_alert_not_final_benign,-1,dns,port
2025-07-19T23:02:38.413237+0700,103.195.142.74,216.38.8.121,24647,53,UDP,dns,,1774841529809107,wire/pcap,0,0,0,0,0,0.0,0,0,0,none,0,none,0,0,0,no_alert_unknown,no_alert_not_final_benign,-1,dns,port
2025-07-19T23:02:38.438707+0700,103.195.142.74,202.134.0.155,9332,53,UDP,dns,,1884235121570458,wire/pcap,0,0,0,0,0,0.0,0,0,0,none,0,none,0,0,0,no_alert_unknown,no_alert_not_final_benign,-1,dns,port
2025-07-19T23:02:38.440928+0700,103.195.142.74,202.134.0.155,5537,53,UDP,dns,,1893774775670001,wire/pcap,0,0,0,0,0,0.0,0,0,0,none,0,none,0,0,0,no_alert_unknown,no_alert_not_final_benign,-1,dns,port
2025-07-19T23:02:38.441893+0700,103.195.142.74,118.98.44.50,20398,53,UDP,dns,,1897918662372993,wire/pcap,0,0,0,0,0,0.0,0,0,0,none,0,none,0,0,0,no_alert_unknown,no_alert_not_final_benign,-1,dns,port
2025-07-19T23:02:38.442041+0700,103.195.142.74,118.98.44.100,58035,53,UDP,dns,,1898555485318328,wire/pcap,0,0,0,0,0,0.0,0,0,0,none,0,none,0,0,0,no_alert_unknown,no_alert_not_final_benign,-1,dns,port
2025-07-19T23:02:38.442029+0700,103.195.142.74,118.98.44.20,60500,53,UDP,dns,,1898503346323441,wire/pcap,0,0,0,0,0,0.0,0,0,0,none,0,none,0,0,0,no_alert_unknown,no_alert_not_final_benign,-1,dns,port
2025-07-19T23:02:38.499222+0700,103.195.142.74,202.134.0.155,51101,53,UDP,dns,,1862667828523544,wire/pcap,0,0,0,0,0,0.0,0,0,0,none,0,none,0,0,0,no_alert_unknown,no_alert_not_final_benign,-1,dns,port
2025-07-19T23:02:38.499304+0700,103.195.142.75,8.8.8.8,17658,53,UDP,dns,,1863021745628749,wire/pcap,0,0,0,0,0,0.0,0,0,0,none,0,none,0,0,0,no_alert_unknown,no_alert_not_final_benign,-1,dns,port
2025-07-19T23:02:38.499378+0700,103.195.142.74,118.98.44.50,2782,53,UDP,dns,,1863340954618853,wire/pcap,0,0,0,0,0,0.0,0,0,0,none,0,none,0,0,0,no_alert_unknown,no_alert_not_final_benign,-1,dns,port
2025-07-19T23:02:38.499427+0700,103.195.142.74,118.98.44.20,15206,53,UDP,dns,,1863549134866273,wire/pcap,0,0,0,0,0,0.0,0,0,0,none,0,none,0,0,0,no_alert_unknown,no_alert_not_final_benign,-1,dns,port
2025-07-19T23:02:38.499494+0700,103.195.142.74,202.134.0.155,54912,53,UDP,dns,,1863839487693705,wire/pcap,0,0,0,0,0,0.0,0,0,0,none,0,none,0,0,0,no_alert_unknown,no_alert_not_final_benign,-1,dns,port
2025-07-19T23:02:38.509035+0700,103.195.142.74,118.98.44.50,47688,53,UDP,dns,,1904814074676670,wire/pcap,0,0,0,0,0,0.0,0,0,0,none,0,none,0,0,0,no_alert_unknown,no_alert_not_final_benign,-1,dns,port
2025-07-19T23:02:38.509118+0700,103.195.142.74,118.98.44.50,9187,53,UDP,dns,,1905173485121241,wire/pcap,0,0,0,0,0,0.0,0,0,0,none,0,none,0,0,0,no_alert_unknown,no_alert_not_final_benign,-1,dns,port
2025-07-19T23:02:38.533947+0700,103.195.142.74,202.134.0.155,37478,53,UDP,dns,,1730336663536020,wire/pcap,0,0,0,0,0,0.0,0,0,0,none,0,none,0,0,0,no_alert_unknown,no_alert_not_final_benign,-1,dns,port
2025-07-19T23:02:38.534045+0700,103.195.142.74,202.134.0.155,35423,53,UDP,dns,,1730757826357877,wire/pcap,0,0,0,0,0,0.0,0,0,0,none,0,none,0,0,0,no_alert_unknown,no_alert_not_final_benign,-1,dns,port
2025-07-19T23:02:38.534132+0700,103.195.142.74,118.98.44.50,3359,53,UDP,dns,,1731133620360156,wire/pcap,0,0,0,0,0,0.0,0,0,0,none,0,none,0,0,0,no_alert_unknown,no_alert_not_final_benign,-1,dns,port
2025-07-19T23:02:38.534284+0700,103.195.142.74,118.98.44.20,32773,53,UDP,flow,dns,2003353717117916,,1,1,0,79,0,0.0,1,79,0,none,0,none,0,0,0,no_alert_unknown,no_alert_not_final_benign,-1,dns,app_proto+port
2025-07-19T23:02:38.537066+0700,103.195.142.74,202.134.0.155,63210,53,UDP,dns,,1743734215533158,wire/pcap,0,0,0,0,0,0.0,0,0,0,none,0,none,0,0,0,no_alert_unknown,no_alert_not_final_benign,-1,dns,port
2025-07-19T23:02:38.553645+0700,103.195.142.74,202.134.0.155,8074,53,UDP,dns,,1814941349762644,wire/pcap,0,0,0,0,0,0.0,0,0,0,none,0,none,0,0,0,no_alert_unknown,no_alert_not_final_benign,-1,dns,port
2025-07-19T23:02:38.553950+0700,103.195.142.74,118.98.44.20,17693,53,UDP,dns,,1816247429026015,wire/pcap,0,0,0,0,0,0.0,0,0,0,none,0,none,0,0,0,no_alert_unknown,no_alert_not_final_benign,-1,dns,port
2025-07-19T23:02:38.558531+0700,103.195.142.74,202.134.0.155,43793,53,UDP,dns,,1835925484201874,wire/pcap,0,0,0,0,0,0.0,0,0,0,none,0,none,0,0,0,no_alert_unknown,no_alert_not_final_benign,-1,dns,port
2025-07-19T23:02:38.558662+0700,103.195.142.75,8.8.8.8,23940,53,UDP,dns,,1836486766328304,wire/pcap,0,0,0,0,0,0.0,0,0,0,none,0,none,0,0,0,no_alert_unknown,no_alert_not_final_benign,-1,dns,port
2025-07-19T23:02:38.559793+0700,103.195.142.74,118.98.44.100,25642,53,UDP,dns,,1841344156334241,wire/pcap,0,0,0,0,0,0.0,0,0,0,none,0,none,0,0,0,no_alert_unknown,no_alert_not_final_benign,-1,dns,port
2025-07-19T23:02:38.579010+0700,103.195.142.75,8.8.8.8,61255,53,UDP,dns,,1923881705304499,wire/pcap,0,0,0,0,0,0.0,0,0,0,none,0,none,0,0,0,no_alert_unknown,no_alert_not_final_benign,-1,dns,port
2025-07-19T23:02:38.585681+0700,103.195.142.74,118.98.44.100,6454,53,UDP,dns,,1952534165373555,wire/pcap,0,0,0,0,0,0.0,0,0,0,none,0,none,0,0,0,no_alert_unknown,no_alert_not_final_benign,-1,dns,port
2025-07-19T23:02:38.599913+0700,103.195.142.195,87.98.154.119,53,47576,UDP,flow,failed,1919819899791684,,1,1,0,1437,0,0.0,1,1437,0,none,0,none,0,0,0,no_alert_unknown,no_alert_not_final_benign,-1,dns,port
2025-07-19T23:02:38.602402+0700,103.195.142.74,118.98.44.100,7786,53,UDP,dns,,1742874540175623,wire/pcap,0,0,0,0,0,0.0,0,0,0,none,0,none,0,0,0,no_alert_unknown,no_alert_not_final_benign,-1,dns,port
2025-07-19T23:02:38.602455+0700,103.195.142.74,118.98.44.50,31187,53,UDP,dns,,1743101690844944,wire/pcap,0,0,0,0,0,0.0,0,0,0,none,0,none,0,0,0,no_alert_unknown,no_alert_not_final_benign,-1,dns,port
2025-07-19T23:02:38.662836+0700,103.195.142.74,118.98.44.20,50520,53,UDP,dns,,1720962298224379,wire/pcap,0,0,0,0,0,0.0,0,0,0,none,0,none,0,0,0,no_alert_unknown,no_alert_not_final_benign,-1,dns,port
2025-07-19T23:02:38.674757+0700,103.195.142.74,118.98.44.50,14733,53,UDP,dns,,1772160200436842,wire/pcap,0,0,0,0,0,0.0,0,0,0,none,0,none,0,0,0,no_alert_unknown,no_alert_not_final_benign,-1,dns,port
2025-07-19T23:02:38.674927+0700,103.195.142.74,118.98.44.100,45544,53,UDP,dns,,1772890055344003,wire/pcap,0,0,0,0,0,0.0,0,0,0,none,0,none,0,0,0,no_alert_unknown,no_alert_not_final_benign,-1,dns,port
2025-07-19T23:02:38.675908+0700,103.195.142.74,185.67.45.232,46329,53,UDP,dns,,1777103823011860,wire/pcap,0,0,0,0,0,0.0,0,0,0,none,0,none,0,0,0,no_alert_unknown,no_alert_not_final_benign,-1,dns,port
2025-07-19T23:02:38.714159+0700,103.195.142.74,118.98.44.100,53047,53,UDP,dns,,1941390974088838,wire/pcap,0,0,0,0,0,0.0,0,0,0,none,0,none,0,0,0,no_alert_unknown,no_alert_not_final_benign,-1,dns,port
2025-07-19T23:02:38.724786+0700,103.195.142.74,118.98.44.100,51449,53,UDP,dns,,1705558995610308,wire/pcap,0,0,0,0,0,0.0,0,0,0,none,0,none,0,0,0,no_alert_unknown,no_alert_not_final_benign,-1,dns,port
2025-07-19T23:02:38.761201+0700,103.195.142.74,118.98.44.50,44569,53,UDP,dns,,1861960962800109,wire/pcap,0,0,0,0,0,0.0,0,0,0,none,0,none,0,0,0,no_alert_unknown,no_alert_not_final_benign,-1,dns,port
2025-07-19T23:02:38.785790+0700,103.195.142.74,202.134.0.155,57214,53,UDP,dns,,1967567696793489,wire/pcap,0,0,0,0,0,0.0,0,0,0,none,0,none,0,0,0,no_alert_unknown,no_alert_not_final_benign,-1,dns,port
2025-07-19T23:02:38.808138+0700,103.195.142.74,118.98.44.100,62521,53,UDP,dns,,1782078220377631,wire/pcap,0,0,0,0,0,0.0,0,0,0,none,0,none,0,0,0,no_alert_unknown,no_alert_not_final_benign,-1,dns,port
2025-07-19T23:02:38.835355+0700,103.195.142.75,8.8.8.8,55308,53,UDP,dns,,1898974997829416,wire/pcap,0,0,0,0,0,0.0,0,0,0,none,0,none,0,0,0,no_alert_unknown,no_alert_not_final_benign,-1,dns,port
2025-07-19T23:02:38.860115+0700,103.195.142.74,118.98.44.20,29314,53,UDP,dns,,1723844767358182,wire/pcap,0,0,0,0,0,0.0,0,0,0,none,0,none,0,0,0,no_alert_unknown,no_alert_not_final_benign,-1,dns,port
2025-07-19T23:02:38.864683+0700,103.195.142.74,118.98.44.20,61854,53,UDP,dns,,1743462004216184,wire/pcap,0,0,0,0,0,0.0,0,0,0,none,0,none,0,0,0,no_alert_unknown,no_alert_not_final_benign,-1,dns,port
2025-07-19T23:02:38.869043+0700,103.195.142.74,118.98.44.100,59733,53,UDP,dns,,1762189861760044,wire/pcap,0,0,0,0,0,0.0,0,0,0,none,0,none,0,0,0,no_alert_unknown,no_alert_not_final_benign,-1,dns,port
2025-07-19T23:02:38.874162+0700,103.195.142.75,8.8.8.8,33886,53,UDP,dns,,1784175882952521,wire/pcap,0,0,0,0,0,0.0,0,0,0,none,0,none,0,0,0,no_alert_unknown,no_alert_not_final_benign,-1,dns,port
2025-07-19T23:02:38.874295+0700,103.195.142.74,118.98.44.20,41845,53,UDP,dns,,1784744105485454,wire/pcap,0,0,0,0,0,0.0,0,0,0,none,0,none,0,0,0,no_alert_unknown,no_alert_not_final_benign,-1,dns,port
2025-07-19T23:02:38.874478+0700,103.195.142.75,8.8.8.8,9660,53,UDP,dns,,1785532232353129,wire/pcap,0,0,0,0,0,0.0,0,0,0,none,0,none,0,0,0,no_alert_unknown,no_alert_not_final_benign,-1,dns,port
2025-07-19T23:02:38.874562+0700,103.195.142.75,8.8.8.8,2010,53,UDP,flow,dns,1981983146493289,,1,1,0,112,0,0.0,1,112,0,none,0,none,0,0,0,no_alert_unknown,no_alert_not_final_benign,-1,dns,app_proto+port
2025-07-19T23:02:38.879711+0700,103.195.142.74,118.98.44.20,25453,53,UDP,dns,,1808007653754711,wire/pcap,0,0,0,0,0,0.0,0,0,0,none,0,none,0,0,0,no_alert_unknown,no_alert_not_final_benign,-1,dns,port
2025-07-19T23:02:38.879986+0700,103.195.142.75,8.8.8.8,46927,53,UDP,dns,,1809188689975963,wire/pcap,0,0,0,0,0,0.0,0,0,0,none,0,none,0,0,0,no_alert_unknown,no_alert_not_final_benign,-1,dns,port
2025-07-19T23:02:38.882126+0700,103.195.142.74,118.98.44.20,3801,53,UDP,dns,,1818380220428232,wire/pcap,0,0,0,0,0,0.0,0,0,0,none,0,none,0,0,0,no_alert_unknown,no_alert_not_final_benign,-1,dns,port
2025-07-19T23:02:38.886849+0700,103.195.142.74,118.98.44.20,23987,53,UDP,dns,,1838662620249468,wire/pcap,0,0,0,0,0,0.0,0,0,0,none,0,none,0,0,0,no_alert_unknown,no_alert_not_final_benign,-1,dns,port
2025-07-19T23:02:38.897464+0700,103.195.142.74,202.134.0.155,19468,53,UDP,dns,,1884257160523878,wire/pcap,0,0,0,0,0,0.0,0,0,0,none,0,none,0,0,0,no_alert_unknown,no_alert_not_final_benign,-1,dns,port
2025-07-19T23:02:38.897615+0700,103.195.142.74,118.98.44.20,4691,53,UDP,dns,,1884904462601723,wire/pcap,0,0,0,0,0,0.0,0,0,0,none,0,none,0,0,0,no_alert_unknown,no_alert_not_final_benign,-1,dns,port
2025-07-19T23:02:38.902632+0700,103.195.142.74,118.98.44.50,48377,53,UDP,dns,,1906452305687114,wire/pcap,0,0,0,0,0,0.0,0,0,0,none,0,none,0,0,0,no_alert_unknown,no_alert_not_final_benign,-1,dns,port
2025-07-19T23:02:38.903021+0700,103.195.142.75,8.8.8.8,34022,53,UDP,dns,,1908124395881423,wire/pcap,0,0,0,0,0,0.0,0,0,0,none,0,none,0,0,0,no_alert_unknown,no_alert_not_final_benign,-1,dns,port
2025-07-19T23:02:38.904585+0700,103.195.142.74,208.91.112.55,14464,53,UDP,dns,,1914841560591795,wire/pcap,0,0,0,0,0,0.0,0,0,0,none,0,none,0,0,0,no_alert_unknown,no_alert_not_final_benign,-1,dns,port
2025-07-19T23:02:38.910500+0700,103.195.142.108,8.8.8.8,1900,53,UDP,dns,,1216074754602613,wire/pcap,0,0,0,0,0,0.0,0,0,0,none,0,none,0,0,0,no_alert_unknown,no_alert_not_final_benign,-1,dns,port
2025-07-19T23:02:38.910744+0700,103.195.142.75,8.8.8.8,21213,53,UDP,dns,,1941291375198115,wire/pcap,0,0,0,0,0,0.0,0,0,0,none,0,none,0,0,0,no_alert_unknown,no_alert_not_final_benign,-1,dns,port
2025-07-19T23:02:38.931593+0700,103.195.142.74,208.91.112.55,9350,53,UDP,dns,,1749364401564450,wire/pcap,0,0,0,0,0,0.0,0,0,0,none,0,none,0,0,0,no_alert_unknown,no_alert_not_final_benign,-1,dns,port
2025-07-19T23:02:38.933233+0700,103.195.142.74,118.98.44.20,51230,53,UDP,dns,,1756407190423956,wire/pcap,0,0,0,0,0,0.0,0,0,0,none,0,none,0,0,0,no_alert_unknown,no_alert_not_final_benign,-1,dns,port
2025-07-19T23:02:38.951044+0700,103.195.142.75,216.38.8.121,62761,53,UDP,dns,,1832903969310173,wire/pcap,0,0,0,0,0,0.0,0,0,0,none,0,none,0,0,0,no_alert_unknown,no_alert_not_final_benign,-1,dns,port
2025-07-19T23:02:38.958716+0700,103.195.142.74,118.98.44.50,4832,53,UDP,dns,,1865857145588834,wire/pcap,0,0,0,0,0,0.0,0,0,0,none,0,none,0,0,0,no_alert_unknown,no_alert_not_final_benign,-1,dns,port
2025-07-19T23:02:38.995981+0700,103.195.142.74,118.98.44.100,20190,53,UDP,dns,,1744432991667462,wire/pcap,0,0,0,0,0,0.0,0,0,0,none,0,none,0,0,0,no_alert_unknown,no_alert_not_final_benign,-1,dns,port
2025-07-19T23:02:38.995925+0700,103.195.142.74,118.98.44.20,18012,53,UDP,dns,,1744194788233036,wire/pcap,0,0,0,0,0,0.0,0,0,0,none,0,none,0,0,0,no_alert_unknown,no_alert_not_final_benign,-1,dns,port
2025-07-19T23:02:38.997028+0700,103.195.142.75,8.8.8.8,6767,53,UDP,dns,,1748930181585856,wire/pcap,0,0,0,0,0,0.0,0,0,0,none,0,none,0,0,0,no_alert_unknown,no_alert_not_final_benign,-1,dns,port
2025-07-19T23:02:39.001861+0700,103.195.142.74,118.98.44.100,35453,53,UDP,flow,dns,129464727611125,,1,1,0,102,0,0.0,1,102,0,none,0,none,0,0,0,no_alert_unknown,no_alert_not_final_benign,-1,dns,app_proto+port
2025-07-19T23:02:39.014725+0700,103.195.142.74,118.98.44.50,35871,53,UDP,dns,,2033572020377544,wire/pcap,0,0,0,0,0,0.0,0,0,0,none,0,none,0,0,0,no_alert_unknown,no_alert_not_final_benign,-1,dns,port
2025-07-19T23:02:39.021398+0700,103.195.142.74,118.98.44.20,6143,53,UDP,dns,,2062230531913686,wire/pcap,0,0,0,0,0,0.0,0,0,0,none,0,none,0,0,0,no_alert_unknown,no_alert_not_final_benign,-1,dns,port
2025-07-19T23:02:39.022596+0700,103.195.142.74,118.98.44.20,54495,53,UDP,dns,,2067374294382712,wire/pcap,0,0,0,0,0,0.0,0,0,0,none,0,none,0,0,0,no_alert_unknown,no_alert_not_final_benign,-1,dns,port
2025-07-19T23:02:39.033349+0700,103.195.142.76,87.98.154.170,53,57364,UDP,flow,failed,1869931275403656,,1,1,0,1469,0,0.0,1,1469,0,none,0,none,0,0,0,no_alert_unknown,no_alert_not_final_benign,-1,dns,port
2025-07-19T23:02:39.050855+0700,103.195.142.74,118.98.44.50,64775,53,UDP,dns,,2188749002839063,wire/pcap,0,0,0,0,0,0.0,0,0,0,none,0,none,0,0,0,no_alert_unknown,no_alert_not_final_benign,-1,dns,port
2025-07-19T23:02:39.071141+0700,103.195.142.74,118.98.44.20,61616,53,UDP,dns,,1994401105316654,wire/pcap,0,0,0,0,0,0.0,0,0,0,none,0,none,0,0,0,no_alert_unknown,no_alert_not_final_benign,-1,dns,port
2025-07-19T23:02:39.082759+0700,103.195.142.74,118.98.44.20,10909,53,UDP,dns,,2044300676532136,wire/pcap,0,0,0,0,0,0.0,0,0,0,none,0,none,0,0,0,no_alert_unknown,no_alert_not_final_benign,-1,dns,port
2025-07-19T23:02:39.106023+0700,103.195.142.74,118.98.44.100,8781,53,UDP,dns,,2144218294291437,wire/pcap,0,0,0,0,0,0.0,0,0,0,none,0,none,0,0,0,no_alert_unknown,no_alert_not_final_benign,-1,dns,port
2025-07-19T23:02:39.120752+0700,103.195.142.75,8.8.8.8,63607,53,UDP,dns,,2207480038686925,wire/pcap,0,0,0,0,0,0.0,0,0,0,none,0,none,0,0,0,no_alert_unknown,no_alert_not_final_benign,-1,dns,port
2025-07-19T23:02:39.142026+0700,103.195.142.74,118.98.44.100,33555,53,UDP,dns,,2017374429844274,wire/pcap,0,0,0,0,0,0.0,0,0,0,none,0,none,0,0,0,no_alert_unknown,no_alert_not_final_benign,-1,dns,port
2025-07-19T23:02:39.154897+0700,103.195.142.75,8.8.8.8,35279,53,UDP,flow,dns,637372705590328,,1,2,0,384,0,4.0,2,384,0,none,0,none,0,0,0,no_alert_unknown,no_alert_not_final_benign,-1,dns,app_proto+port
2025-07-19T23:02:39.175471+0700,103.195.142.108,8.8.8.8,21899,53,UDP,dns,,2161020241585391,wire/pcap,0,0,0,0,0,0.0,0,0,0,none,0,none,0,0,0,no_alert_unknown,no_alert_not_final_benign,-1,dns,port
2025-07-19T23:02:39.187263+0700,103.195.142.75,8.8.8.8,56704,53,UDP,dns,,2211667344312199,wire/pcap,0,0,0,0,0,0.0,0,0,0,none,0,none,0,0,0,no_alert_unknown,no_alert_not_final_benign,-1,dns,port
2025-07-19T23:02:39.195455+0700,103.195.142.74,118.98.44.20,1107,53,UDP,dns,,2246848223492043,wire/pcap,0,0,0,0,0,0.0,0,0,0,none,0,none,0,0,0,no_alert_unknown,no_alert_not_final_benign,-1,dns,port
2025-07-19T23:02:39.209677+0700,103.195.142.74,118.98.44.50,11521,53,UDP,dns,,2026458834874347,wire/pcap,0,0,0,0,0,0.0,0,0,0,none,0,none,0,0,0,no_alert_unknown,no_alert_not_final_benign,-1,dns,port
2025-07-19T23:02:39.217293+0700,103.195.142.165,87.98.154.89,53,8010,UDP,flow,failed,2177502215298186,,1,1,0,1437,0,0.0,1,1437,0,none,0,none,0,0,0,no_alert_unknown,no_alert_not_final_benign,-1,dns,port
2025-07-19T23:02:39.217363+0700,103.195.142.196,87.98.154.205,53,51981,UDP,flow,failed,2097235162848399,,1,1,0,1437,0,0.0,1,1437,0,none,0,none,0,0,0,no_alert_unknown,no_alert_not_final_benign,-1,dns,port
2025-07-19T23:02:39.217388+0700,103.195.142.74,118.98.44.100,58174,53,UDP,flow,dns,2074460626246848,,1,1,0,202,0,0.0,1,202,0,none,0,none,0,0,0,no_alert_unknown,no_alert_not_final_benign,-1,dns,app_proto+port
2025-07-19T23:02:39.217412+0700,103.195.142.196,87.98.154.145,53,41301,UDP,flow,failed,1407695982779606,,1,1,0,1437,0,0.0,1,1437,0,none,0,none,0,0,0,no_alert_unknown,no_alert_not_final_benign,-1,dns,port
2025-07-19T23:02:39.217548+0700,103.195.142.75,8.8.8.8,1259,53,UDP,flow,dns,1523905113906551,,1,1,0,130,0,0.0,1,130,0,none,0,none,0,0,0,no_alert_unknown,no_alert_not_final_benign,-1,dns,app_proto+port
2025-07-19T23:02:39.217571+0700,103.195.142.3,172.70.204.31,53,14701,UDP,flow,failed,1596043404336569,,1,1,0,154,0,0.0,1,154,0,none,0,none,0,0,0,no_alert_unknown,no_alert_not_final_benign,-1,dns,port
2025-07-19T23:02:39.217599+0700,103.195.142.83,87.98.154.154,53,19074,UDP,flow,failed,2200972196863515,,1,1,0,1190,0,0.0,1,1190,0,none,0,none,0,0,0,no_alert_unknown,no_alert_not_final_benign,-1,dns,port
2025-07-19T23:02:39.217619+0700,103.195.142.74,202.134.0.155,36150,53,UDP,flow,dns,1496021357846301,,1,1,0,214,0,0.0,1,214,0,none,0,none,0,0,0,no_alert_unknown,no_alert_not_final_benign,-1,dns,app_proto+port
2025-07-19T23:02:39.217639+0700,103.195.142.74,202.134.0.155,15705,53,UDP,flow,dns,1815891404087226,,1,1,0,71,0,0.0,1,71,0,none,0,none,0,0,0,no_alert_unknown,no_alert_not_final_benign,-1,dns,app_proto+port
2025-07-19T23:02:39.217747+0700,103.195.142.3,93.158.164.223,53,33930,UDP,flow,failed,1773137442726082,,1,1,0,138,0,0.0,1,138,0,none,0,none,0,0,0,no_alert_unknown,no_alert_not_final_benign,-1,dns,port
2025-07-19T23:02:39.217767+0700,103.195.142.74,202.134.0.155,60509,53,UDP,flow,dns,2077942254362894,,1,1,0,68,0,0.0,1,68,0,none,0,none,0,0,0,no_alert_unknown,no_alert_not_final_benign,-1,dns,app_proto+port
2025-07-19T23:02:39.217788+0700,103.195.142.76,87.98.154.114,53,49902,UDP,flow,failed,2021697987502361,,1,1,0,1469,0,0.0,1,1469,0,none,0,none,0,0,0,no_alert_unknown,no_alert_not_final_benign,-1,dns,port
2025-07-19T23:02:39.217831+0700,103.195.142.195,87.98.154.119,53,54042,UDP,flow,failed,2214248632312214,,1,1,0,1437,0,0.0,1,1437,0,none,0,none,0,0,0,no_alert_unknown,no_alert_not_final_benign,-1,dns,port
2025-07-19T23:02:39.217994+0700,103.195.142.2,173.252.107.134,53,31477,UDP,flow,failed,2177254008971929,,1,1,0,135,0,0.0,1,135,0,none,0,none,0,0,0,no_alert_unknown,no_alert_not_final_benign,-1,dns,port
2025-07-19T23:02:39.218017+0700,103.195.142.83,87.98.154.82,53,5210,UDP,flow,failed,2066972898910944,,1,1,0,1190,0,0.0,1,1190,0,none,0,none,0,0,0,no_alert_unknown,no_alert_not_final_benign,-1,dns,port
2025-07-19T23:02:39.218151+0700,103.195.142.75,8.8.8.8,32387,53,UDP,flow,dns,1489649110311833,,1,1,0,87,0,0.0,1,87,0,none,0,none,0,0,0,no_alert_unknown,no_alert_not_final_benign,-1,dns,app_proto+port
2025-07-19T23:02:39.218174+0700,103.195.142.76,87.98.154.110,53,21170,UDP,flow,failed,1526489594618779,,1,1,0,1469,0,0.0,1,1469,0,none,0,none,0,0,0,no_alert_unknown,no_alert_not_final_benign,-1,dns,port
2025-07-19T23:02:39.218194+0700,103.195.142.74,118.98.44.50,25881,53,UDP,flow,dns,2021276350047169,,1,1,0,184,0,0.0,1,184,0,none,0,none,0,0,0,no_alert_unknown,no_alert_not_final_benign,-1,dns,app_proto+port
2025-07-19T23:02:39.218285+0700,103.195.142.74,118.98.44.20,51582,53,UDP,flow,dns,1654295552156712,,1,1,0,178,0,0.0,1,178,0,none,0,none,0,0,0,no_alert_unknown,no_alert_not_final_benign,-1,dns,app_proto+port
2025-07-19T23:02:39.218306+0700,103.195.142.195,87.98.154.152,53,11800,UDP,flow,failed,2125001359254635,,1,1,0,1437,0,0.0,1,1437,0,none,0,none,0,0,0,no_alert_unknown,no_alert_not_final_benign,-1,dns,port
2025-07-19T23:02:39.218345+0700,103.195.142.195,87.98.154.180,53,32443,UDP,flow,failed,2087329072375135,,1,1,0,1437,0,0.0,1,1437,0,none,0,none,0,0,0,no_alert_unknown,no_alert_not_final_benign,-1,dns,port
2025-07-19T23:02:39.218364+0700,103.195.142.74,118.98.44.100,27715,53,UDP,flow,dns,2120557372663413,,1,1,0,94,0,0.0,1,94,0,none,0,none,0,0,0,no_alert_unknown,no_alert_not_final_benign,-1,dns,app_proto+port
2025-07-19T23:02:39.218432+0700,103.195.142.46,87.98.154.119,53,40372,UDP,flow,failed,1507831519209140,,1,1,0,1437,0,0.0,1,1437,0,none,0,none,0,0,0,no_alert_unknown,no_alert_not_final_benign,-1,dns,port
2025-07-19T23:02:39.218480+0700,103.195.142.3,162.158.89.38,53,18634,UDP,flow,failed,1625867429898006,,1,1,0,136,0,0.0,1,136,0,none,0,none,0,0,0,no_alert_unknown,no_alert_not_final_benign,-1,dns,port
2025-07-19T23:02:39.218499+0700,103.195.142.74,118.98.44.100,25173,53,UDP,flow,dns,1444697285551901,,1,1,0,68,0,0.0,1,68,0,none,0,none,0,0,0,no_alert_unknown,no_alert_not_final_benign,-1,dns,app_proto+port
2025-07-19T23:02:39.218526+0700,103.195.142.83,87.98.154.222,53,36870,UDP,flow,failed,1939915189479217,,1,1,0,1190,0,0.0,1,1190,0,none,0,none,0,0,0,no_alert_unknown,no_alert_not_final_benign,-1,dns,port
2025-07-19T23:02:39.218545+0700,103.195.142.165,87.98.154.125,53,6030,UDP,flow,failed,1128072355604291,,1,3,0,4311,0,9.0,3,4311,0,none,0,none,0,0,0,no_alert_unknown,no_alert_not_final_benign,-1,dns,port
2025-07-19T23:02:39.218564+0700,103.195.142.74,118.98.44.20,26121,53,UDP,flow,dns,1936321658316636,,1,1,0,87,0,0.0,1,87,0,none,0,none,0,0,0,no_alert_unknown,no_alert_not_final_benign,-1,dns,app_proto+port
2025-07-19T23:02:39.218607+0700,103.195.142.74,118.98.44.100,49439,53,UDP,flow,dns,1543424885024953,,1,1,0,214,0,0.0,1,214,0,none,0,none,0,0,0,no_alert_unknown,no_alert_not_final_benign,-1,dns,app_proto+port
2025-07-19T23:02:39.218781+0700,103.195.142.109,87.98.154.118,53,60028,UDP,flow,failed,1530549987863091,,1,1,0,1437,0,0.0,1,1437,0,none,0,none,0,0,0,no_alert_unknown,no_alert_not_final_benign,-1,dns,port
2025-07-19T23:02:39.218801+0700,103.195.142.165,87.98.154.119,53,41991,UDP,flow,failed,1804065439181366,,1,1,0,1437,0,0.0,1,1437,0,none,0,none,0,0,0,no_alert_unknown,no_alert_not_final_benign,-1,dns,port
2025-07-19T23:02:39.218855+0700,103.195.142.109,87.98.154.21,53,20051,UDP,flow,failed,2029915668179568,,1,1,0,1437,0,0.0,1,1437,0,none,0,none,0,0,0,no_alert_unknown,no_alert_not_final_benign,-1,dns,port
2025-07-19T23:02:39.218924+0700,103.195.142.3,172.70.204.31,53,25079,UDP,flow,failed,1557268324379288,,1,1,0,155,0,0.0,1,155,0,none,0,none,0,0,0,no_alert_unknown,no_alert_not_final_benign,-1,dns,port
2025-07-19T23:02:39.218944+0700,103.195.142.109,87.98.154.119,53,18269,UDP,flow,failed,1847702932843211,,1,1,0,1437,0,0.0,1,1437,0,none,0,none,0,0,0,no_alert_unknown,no_alert_not_final_benign,-1,dns,port
2025-07-19T23:02:39.219001+0700,103.195.142.2,172.70.204.31,53,58890,UDP,flow,failed,1558701460908790,,1,1,0,127,0,0.0,1,127,0,none,0,none,0,0,0,no_alert_unknown,no_alert_not_final_benign,-1,dns,port
2025-07-19T23:02:39.219021+0700,103.195.142.109,87.98.154.81,53,33806,UDP,flow,failed,1949422449224451,,1,1,0,1437,0,0.0,1,1437,0,none,0,none,0,0,0,no_alert_unknown,no_alert_not_final_benign,-1,dns,port
2025-07-19T23:02:39.219040+0700,103.195.142.74,118.98.44.50,34183,53,UDP,flow,dns,1963804963924778,,1,1,0,91,0,0.0,1,91,0,none,0,none,0,0,0,no_alert_unknown,no_alert_not_final_benign,-1,dns,app_proto+port
2025-07-19T23:02:39.219061+0700,103.195.142.109,87.98.154.221,53,50027,UDP,flow,failed,1811474019216189,,1,1,0,1437,0,0.0,1,1437,0,none,0,none,0,0,0,no_alert_unknown,no_alert_not_final_benign,-1,dns,port
2025-07-19T23:02:39.219142+0700,103.195.142.75,8.8.8.8,44820,53,UDP,flow,dns,1973921282681812,,1,1,0,220,0,0.0,1,220,0,none,0,none,0,0,0,no_alert_unknown,no_alert_not_final_benign,-1,dns,app_proto+port
2025-07-19T23:02:39.219235+0700,103.195.142.165,87.98.154.119,53,23649,UDP,flow,failed,2014670615571660,,1,1,0,1437,0,0.0,1,1437,0,none,0,none,0,0,0,no_alert_unknown,no_alert_not_final_benign,-1,dns,port
2025-07-19T23:02:39.219379+0700,103.195.142.76,87.98.154.119,53,7640,UDP,flow,failed,1843837210226312,,1,1,0,1469,0,0.0,1,1469,0,none,0,none,0,0,0,no_alert_unknown,no_alert_not_final_benign,-1,dns,port
2025-07-19T23:02:39.219446+0700,103.195.142.109,87.98.154.193,53,3798,UDP,flow,failed,2040215008079832,,1,1,0,1437,0,0.0,1,1437,0,none,0,none,0,0,0,no_alert_unknown,no_alert_not_final_benign,-1,dns,port
2025-07-19T23:02:39.219507+0700,103.195.142.3,154.9.3.118,53,23899,UDP,flow,failed,1486404572049562,,1,1,0,159,0,0.0,1,159,0,none,0,none,0,0,0,no_alert_unknown,no_alert_not_final_benign,-1,dns,port
2025-07-19T23:02:39.219590+0700,103.195.142.83,87.98.154.106,53,3090,UDP,flow,failed,1408119471305099,,1,1,0,1190,0,0.0,1,1190,0,none,0,none,0,0,0,no_alert_unknown,no_alert_not_final_benign,-1,dns,port
2025-07-19T23:02:39.219686+0700,103.195.142.195,87.98.154.236,53,46115,UDP,flow,failed,1609168590107418,,1,1,0,1437,0,0.0,1,1437,0,none,0,none,0,0,0,no_alert_unknown,no_alert_not_final_benign,-1,dns,port
2025-07-19T23:02:39.219729+0700,103.195.142.74,118.98.44.50,60694,53,UDP,flow,dns,2003880142336801,,1,1,0,92,0,0.0,1,92,0,none,0,none,0,0,0,no_alert_unknown,no_alert_not_final_benign,-1,dns,app_proto+port
2025-07-19T23:02:39.219755+0700,103.195.142.2,173.252.107.134,53,40070,UDP,flow,failed,2104822717772588,,1,1,0,174,0,0.0,1,174,0,none,0,none,0,0,0,no_alert_unknown,no_alert_not_final_benign,-1,dns,port
2025-07-19T23:02:39.219792+0700,103.195.142.83,87.98.154.210,53,15639,UDP,flow,failed,1663907733467969,,1,1,0,1190,0,0.0,1,1190,0,none,0,none,0,0,0,no_alert_unknown,no_alert_not_final_benign,-1,dns,port
2025-07-19T23:02:39.219831+0700,103.195.142.165,87.98.154.209,53,49631,UDP,flow,failed,1784178715030339,,1,1,0,1437,0,0.0,1,1437,0,none,0,none,0,0,0,no_alert_unknown,no_alert_not_final_benign,-1,dns,port
2025-07-19T23:02:39.219852+0700,103.195.142.74,118.98.44.50,33812,53,UDP,flow,dns,1501735179285333,,1,1,0,90,0,0.0,1,90,0,none,0,none,0,0,0,no_alert_unknown,no_alert_not_final_benign,-1,dns,app_proto+port
2025-07-19T23:02:39.219880+0700,103.195.142.46,87.98.154.107,53,53690,UDP,flow,failed,1410941503370120,,1,1,0,1437,0,0.0,1,1437,0,none,0,none,0,0,0,no_alert_unknown,no_alert_not_final_benign,-1,dns,port
2025-07-19T23:02:39.219899+0700,103.195.142.74,118.98.44.50,22034,53,UDP,flow,dns,1540620483851497,,1,1,0,178,0,0.0,1,178,0,none,0,none,0,0,0,no_alert_unknown,no_alert_not_final_benign,-1,dns,app_proto+port
2025-07-19T23:02:39.219922+0700,103.195.142.165,87.98.154.118,53,37310,UDP,flow,failed,1774175482443022,,1,1,0,1437,0,0.0,1,1437,0,none,0,none,0,0,0,no_alert_unknown,no_alert_not_final_benign,-1,dns,port
2025-07-19T23:02:39.219964+0700,103.195.142.74,118.98.44.100,11636,53,UDP,flow,dns,2004647321957798,,1,1,0,220,0,0.0,1,220,0,none,0,none,0,0,0,no_alert_unknown,no_alert_not_final_benign,-1,dns,app_proto+port
2025-07-19T23:02:39.219985+0700,103.195.142.46,87.98.154.119,53,61921,UDP,flow,failed,2094538337580485,,1,1,0,1437,0,0.0,1,1437,0,none,0,none,0,0,0,no_alert_unknown,no_alert_not_final_benign,-1,dns,port
2025-07-19T23:02:39.220027+0700,103.195.142.74,118.98.44.100,38707,53,UDP,flow,dns,1906050240968220,,1,1,0,68,0,0.0,1,68,0,none,0,none,0,0,0,no_alert_unknown,no_alert_not_final_benign,-1,dns,app_proto+port
2025-07-19T23:02:39.220123+0700,103.195.142.83,87.98.154.250,53,27992,UDP,flow,failed,1885714753353600,,1,1,0,1190,0,0.0,1,1190,0,none,0,none,0,0,0,no_alert_unknown,no_alert_not_final_benign,-1,dns,port
2025-07-19T23:02:39.220147+0700,103.195.142.46,87.98.154.251,53,63734,UDP,flow,failed,1945792288683952,,1,1,0,1437,0,0.0,1,1437,0,none,0,none,0,0,0,no_alert_unknown,no_alert_not_final_benign,-1,dns,port
2025-07-19T23:02:39.220186+0700,103.195.142.83,87.98.154.50,53,13315,UDP,flow,failed,1913774117386210,,1,1,0,1190,0,0.0,1,1190,0,none,0,none,0,0,0,no_alert_unknown,no_alert_not_final_benign,-1,dns,port
2025-07-19T23:02:39.220232+0700,103.195.142.74,118.98.44.50,13451,53,UDP,flow,dns,1445873189812328,,1,1,0,102,0,0.0,1,102,0,none,0,none,0,0,0,no_alert_unknown,no_alert_not_final_benign,-1,dns,app_proto+port
2025-07-19T23:02:39.220253+0700,103.195.142.83,87.98.154.250,53,6466,UDP,flow,failed,1870725163022459,,1,1,0,1190,0,0.0,1,1190,0,none,0,none,0,0,0,no_alert_unknown,no_alert_not_final_benign,-1,dns,port
2025-07-19T23:02:39.220276+0700,103.195.142.75,8.8.8.8,14523,53,UDP,flow,dns,1634191883663498,,1,1,0,140,0,0.0,1,140,0,none,0,none,0,0,0,no_alert_unknown,no_alert_not_final_benign,-1,dns,app_proto+port
2025-07-19T23:02:39.220297+0700,103.195.142.195,87.98.154.116,53,50040,UDP,flow,failed,1766849836906693,,1,1,0,1437,0,0.0,1,1437,0,none,0,none,0,0,0,no_alert_unknown,no_alert_not_final_benign,-1,dns,port
2025-07-19T23:02:39.220316+0700,103.195.142.195,87.98.154.8,53,24246,UDP,flow,failed,1455860819786002,,1,1,0,1437,0,0.0,1,1437,0,none,0,none,0,0,0,no_alert_unknown,no_alert_not_final_benign,-1,dns,port
2025-07-19T23:02:39.220359+0700,103.195.142.3,17.132.70.132,53,63708,UDP,flow,failed,2090760454240650,,1,1,0,206,0,0.0,1,206,0,none,0,none,0,0,0,no_alert_unknown,no_alert_not_final_benign,-1,dns,port
2025-07-19T23:02:39.220378+0700,103.195.142.3,162.158.105.20,53,58608,UDP,flow,failed,1466302449351101,,1,1,0,154,0,0.0,1,154,0,none,0,none,0,0,0,no_alert_unknown,no_alert_not_final_benign,-1,dns,port
2025-07-19T23:02:39.220441+0700,103.195.142.83,87.98.154.119,53,59461,UDP,flow,failed,2185606141410174,,1,1,0,1190,0,0.0,1,1190,0,none,0,none,0,0,0,no_alert_unknown,no_alert_not_final_benign,-1,dns,port
2025-07-19T23:02:39.220535+0700,103.195.142.196,87.98.154.5,53,58543,UDP,flow,failed,1445749244197781,,1,1,0,1437,0,0.0,1,1437,0,none,0,none,0,0,0,no_alert_unknown,no_alert_not_final_benign,-1,dns,port
2025-07-19T23:02:39.220560+0700,103.195.142.83,87.98.154.222,53,58894,UDP,flow,failed,2193836214549418,,1,1,0,1190,0,0.0,1,1190,0,none,0,none,0,0,0,no_alert_unknown,no_alert_not_final_benign,-1,dns,port
2025-07-19T23:02:39.220604+0700,103.195.142.74,118.98.44.100,30901,53,UDP,flow,dns,2053735053032375,,1,1,0,214,0,0.0,1,214,0,none,0,none,0,0,0,no_alert_unknown,no_alert_not_final_benign,-1,dns,app_proto+port
2025-07-19T23:02:39.220647+0700,103.195.142.74,118.98.44.50,49873,53,UDP,flow,dns,1609927917730918,,1,1,0,78,0,0.0,1,78,0,none,0,none,0,0,0,no_alert_unknown,no_alert_not_final_benign,-1,dns,app_proto+port
2025-07-19T23:02:39.220668+0700,103.195.142.75,8.8.8.8,27724,53,UDP,flow,dns,1941404342647934,,1,1,0,106,0,0.0,1,106,0,none,0,none,0,0,0,no_alert_unknown,no_alert_not_final_benign,-1,dns,app_proto+port
2025-07-19T23:02:39.220749+0700,103.195.142.83,87.98.154.119,53,26825,UDP,flow,failed,2104011934694595,,1,1,0,1190,0,0.0,1,1190,0,none,0,none,0,0,0,no_alert_unknown,no_alert_not_final_benign,-1,dns,port
2025-07-19T23:02:39.220781+0700,103.195.142.83,87.98.154.138,53,34972,UDP,flow,failed,1446452730035454,,1,1,0,1190,0,0.0,1,1190,0,none,0,none,0,0,0,no_alert_unknown,no_alert_not_final_benign,-1,dns,port
2025-07-19T23:02:39.220824+0700,103.195.142.165,87.98.154.119,53,35347,UDP,flow,failed,2110501563759949,,1,1,0,1437,0,0.0,1,1437,0,none,0,none,0,0,0,no_alert_unknown,no_alert_not_final_benign,-1,dns,port
2025-07-19T23:02:39.220843+0700,103.195.142.109,87.98.154.77,53,26492,UDP,flow,failed,1659563852463475,,1,1,0,1437,0,0.0,1,1437,0,none,0,none,0,0,0,no_alert_unknown,no_alert_not_final_benign,-1,dns,port
2025-07-19T23:02:39.220871+0700,103.195.142.74,202.134.0.155,3199,53,UDP,flow,dns,1897374136434050,,1,1,0,68,0,0.0,1,68,0,none,0,none,0,0,0,no_alert_unknown,no_alert_not_final_benign,-1,dns,app_proto+port
2025-07-19T23:02:39.220892+0700,103.195.142.109,87.98.154.117,53,13400,UDP,flow,failed,1720102370049455,,1,1,0,1437,0,0.0,1,1437,0,none,0,none,0,0,0,no_alert_unknown,no_alert_not_final_benign,-1,dns,port
2025-07-19T23:02:39.220911+0700,103.195.142.74,118.98.44.50,51331,53,UDP,flow,dns,1997995963940344,,1,1,0,85,0,0.0,1,85,0,none,0,none,0,0,0,no_alert_unknown,no_alert_not_final_benign,-1,dns,app_proto+port
2025-07-19T23:02:39.220954+0700,103.195.142.195,87.98.154.119,53,60872,UDP,flow,failed,1520497289952784,,1,1,0,1437,0,0.0,1,1437,0,none,0,none,0,0,0,no_alert_unknown,no_alert_not_final_benign,-1,dns,port
2025-07-19T23:02:39.220996+0700,103.195.142.74,118.98.44.20,13130,53,UDP,flow,dns,1994045146300158,,1,1,0,84,0,0.0,1,84,0,none,0,none,0,0,0,no_alert_unknown,no_alert_not_final_benign,-1,dns,app_proto+port
2025-07-19T23:02:39.221021+0700,103.195.142.76,87.98.154.218,53,57176,UDP,flow,failed,1923423475367681,,1,1,0,1469,0,0.0,1,1469,0,none,0,none,0,0,0,no_alert_unknown,no_alert_not_final_benign,-1,dns,port
2025-07-19T23:02:39.221040+0700,103.195.142.74,118.98.44.20,59180,53,UDP,flow,dns,1601048183537427,,1,1,0,83,0,0.0,1,83,0,none,0,none,0,0,0,no_alert_unknown,no_alert_not_final_benign,-1,dns,app_proto+port
2025-07-19T23:02:39.221060+0700,103.195.142.196,87.98.154.119,53,25796,UDP,flow,failed,1578880084312014,,1,1,0,1437,0,0.0,1,1437,0,none,0,none,0,0,0,no_alert_unknown,no_alert_not_final_benign,-1,dns,port
2025-07-19T23:02:39.221079+0700,103.195.142.109,87.98.154.53,53,23880,UDP,flow,failed,2026288861184010,,1,1,0,1437,0,0.0,1,1437,0,none,0,none,0,0,0,no_alert_unknown,no_alert_not_final_benign,-1,dns,port
2025-07-19T23:02:39.221111+0700,103.195.142.196,87.98.154.253,53,20702,UDP,flow,failed,2078860590678169,,1,1,0,1437,0,0.0,1,1437,0,none,0,none,0,0,0,no_alert_unknown,no_alert_not_final_benign,-1,dns,port
2025-07-19T23:02:39.221136+0700,103.195.142.75,8.8.8.8,29441,53,UDP,flow,dns,2081821823893849,,1,1,0,78,0,0.0,1,78,0,none,0,none,0,0,0,no_alert_unknown,no_alert_not_final_benign,-1,dns,app_proto+port
2025-07-19T23:02:39.221157+0700,103.195.142.196,87.98.154.53,53,1858,UDP,flow,failed,1597447965147761,,1,1,0,1437,0,0.0,1,1437,0,none,0,none,0,0,0,no_alert_unknown,no_alert_not_final_benign,-1,dns,port
2025-07-19T23:02:39.221176+0700,103.195.142.196,87.98.154.89,53,51026,UDP,flow,failed,1918929394696824,,1,1,0,1437,0,0.0,1,1437,0,none,0,none,0,0,0,no_alert_unknown,no_alert_not_final_benign,-1,dns,port
2025-07-19T23:02:39.221266+0700,103.195.142.76,87.98.154.166,53,21621,UDP,flow,failed,1481611469947758,,1,1,0,1469,0,0.0,1,1469,0,none,0,none,0,0,0,no_alert_unknown,no_alert_not_final_benign,-1,dns,port
2025-07-19T23:02:39.221284+0700,103.195.142.74,118.98.44.20,13988,53,UDP,flow,dns,2169802455483312,,1,1,0,214,0,0.0,1,214,0,none,0,none,0,0,0,no_alert_unknown,no_alert_not_final_benign,-1,dns,app_proto+port
2025-07-19T23:02:39.221304+0700,103.195.142.74,118.98.44.100,40254,53,UDP,flow,dns,1512831964185526,,1,1,0,92,0,0.0,1,92,0,none,0,none,0,0,0,no_alert_unknown,no_alert_not_final_benign,-1,dns,app_proto+port
2025-07-19T23:02:39.221324+0700,103.195.142.75,8.8.8.8,35440,53,UDP,flow,dns,2004486539477959,,1,1,0,68,0,0.0,1,68,0,none,0,none,0,0,0,no_alert_unknown,no_alert_not_final_benign,-1,dns,app_proto+port
2025-07-19T23:02:39.221343+0700,103.195.142.195,87.98.154.64,53,31763,UDP,flow,failed,1626245477991372,,1,1,0,1437,0,0.0,1,1437,0,none,0,none,0,0,0,no_alert_unknown,no_alert_not_final_benign,-1,dns,port
2025-07-19T23:02:39.221385+0700,103.195.142.74,202.134.0.155,55533,53,UDP,flow,dns,1718212455859212,,1,1,0,102,0,0.0,1,102,0,none,0,none,0,0,0,no_alert_unknown,no_alert_not_final_benign,-1,dns,app_proto+port
2025-07-19T23:02:39.221419+0700,103.195.142.3,74.114.31.149,53,37646,UDP,flow,failed,1557231216985150,,1,1,0,159,0,0.0,1,159,0,none,0,none,0,0,0,no_alert_unknown,no_alert_not_final_benign,-1,dns,port
2025-07-19T23:02:39.221442+0700,103.195.142.196,87.98.154.119,53,57474,UDP,flow,failed,1762552131060799,,1,1,0,1437,0,0.0,1,1437,0,none,0,none,0,0,0,no_alert_unknown,no_alert_not_final_benign,-1,dns,port
2025-07-19T23:02:39.221512+0700,103.195.142.74,118.98.44.100,44649,53,UDP,flow,dns,1952219612152989,,1,1,0,84,0,0.0,1,84,0,none,0,none,0,0,0,no_alert_unknown,no_alert_not_final_benign,-1,dns,app_proto+port
2025-07-19T23:02:39.221561+0700,103.195.142.3,93.158.164.223,53,15223,UDP,flow,failed,1942300643263683,,1,1,0,181,0,0.0,1,181,0,none,0,none,0,0,0,no_alert_unknown,no_alert_not_final_benign,-1,dns,port
2025-07-19T23:02:39.221634+0700,103.195.142.46,87.98.154.119,53,39914,UDP,flow,failed,1423175151486274,,1,1,0,1437,0,0.0,1,1437,0,none,0,none,0,0,0,no_alert_unknown,no_alert_not_final_benign,-1,dns,port
2025-07-19T23:02:39.221701+0700,103.195.142.109,87.98.154.193,53,27149,UDP,flow,failed,2131440904668721,,1,1,0,1437,0,0.0,1,1437,0,none,0,none,0,0,0,no_alert_unknown,no_alert_not_final_benign,-1,dns,port
2025-07-19T23:02:39.221719+0700,103.195.142.74,118.98.44.50,43326,53,UDP,flow,dns,1517001812576186,,1,1,0,97,0,0.0,1,97,0,none,0,none,0,0,0,no_alert_unknown,no_alert_not_final_benign,-1,dns,app_proto+port
2025-07-19T23:02:39.221740+0700,103.195.142.196,87.98.154.117,53,48190,UDP,flow,failed,1882259721259037,,1,1,0,1437,0,0.0,1,1437,0,none,0,none,0,0,0,no_alert_unknown,no_alert_not_final_benign,-1,dns,port
2025-07-19T23:02:39.221759+0700,103.195.142.165,87.98.154.119,53,8794,UDP,flow,failed,2043628539578424,,1,1,0,1437,0,0.0,1,1437,0,none,0,none,0,0,0,no_alert_unknown,no_alert_not_final_benign,-1,dns,port
2025-07-19T23:02:39.221782+0700,103.195.142.76,87.98.154.82,53,41723,UDP,flow,failed,1484760497293576,,1,1,0,1469,0,0.0,1,1469,0,none,0,none,0,0,0,no_alert_unknown,no_alert_not_final_benign,-1,dns,port
2025-07-19T23:02:39.221801+0700,103.195.142.76,87.98.154.119,53,47890,UDP,flow,failed,2041168938174799,,1,1,0,1469,0,0.0,1,1469,0,none,0,none,0,0,0,no_alert_unknown,no_alert_not_final_benign,-1,dns,port
2025-07-19T23:02:39.221843+0700,103.195.142.46,87.98.154.23,53,20653,UDP,flow,failed,1413773923289515,,1,1,0,1437,0,0.0,1,1437,0,none,0,none,0,0,0,no_alert_unknown,no_alert_not_final_benign,-1,dns,port
2025-07-19T23:02:39.221861+0700,103.195.142.74,202.134.0.155,9905,53,UDP,flow,dns,1927886001703354,,1,1,0,68,0,0.0,1,68,0,none,0,none,0,0,0,no_alert_unknown,no_alert_not_final_benign,-1,dns,app_proto+port
2025-07-19T23:02:39.221882+0700,103.195.142.3,36.50.150.34,53,10268,UDP,flow,failed,2008454737070576,,1,1,0,138,0,0.0,1,138,0,none,0,none,0,0,0,no_alert_unknown,no_alert_not_final_benign,-1,dns,port
2025-07-19T23:02:39.221901+0700,103.195.142.74,202.134.0.155,60969,53,UDP,flow,dns,1446446911883781,,1,1,0,220,0,0.0,1,220,0,none,0,none,0,0,0,no_alert_unknown,no_alert_not_final_benign,-1,dns,app_proto+port
2025-07-19T23:02:39.221947+0700,103.195.142.46,87.98.154.111,53,52392,UDP,flow,failed,1814930418731572,,1,1,0,1437,0,0.0,1,1437,0,none,0,none,0,0,0,no_alert_unknown,no_alert_not_final_benign,-1,dns,port
2025-07-19T23:02:39.221966+0700,103.195.142.196,87.98.154.118,53,44486,UDP,flow,failed,1742642258741832,,1,1,0,1437,0,0.0,1,1437,0,none,0,none,0,0,0,no_alert_unknown,no_alert_not_final_benign,-1,dns,port
2025-07-19T23:02:39.222049+0700,103.195.142.46,87.98.154.119,53,22525,UDP,flow,failed,2203147742579529,,1,1,0,1437,0,0.0,1,1437,0,none,0,none,0,0,0,no_alert_unknown,no_alert_not_final_benign,-1,dns,port
2025-07-19T23:02:39.222111+0700,103.195.142.74,202.134.0.155,18260,53,UDP,flow,dns,1799893315128296,,1,1,0,184,0,0.0,1,184,0,none,0,none,0,0,0,no_alert_unknown,no_alert_not_final_benign,-1,dns,app_proto+port
2025-07-19T23:02:39.222141+0700,103.195.142.75,8.8.8.8,43821,53,UDP,flow,dns,1508459911351274,,1,1,0,138,0,0.0,1,138,0,none,0,none,0,0,0,no_alert_unknown,no_alert_not_final_benign,-1,dns,app_proto+port
2025-07-19T23:02:39.222188+0700,103.195.142.83,87.98.154.78,53,14589,UDP,flow,failed,1910102508735518,,1,1,0,1190,0,0.0,1,1190,0,none,0,none,0,0,0,no_alert_unknown,no_alert_not_final_benign,-1,dns,port
2025-07-19T23:02:39.222268+0700,103.195.142.74,118.98.44.20,45474,53,UDP,flow,dns,1826128382626892,,1,1,0,77,0,0.0,1,77,0,none,0,none,0,0,0,no_alert_unknown,no_alert_not_final_benign,-1,dns,app_proto+port
2025-07-19T23:02:39.222288+0700,103.195.142.3,173.252.107.136,53,24048,UDP,flow,failed,2058279784189146,,1,1,0,174,0,0.0,1,174,0,none,0,none,0,0,0,no_alert_unknown,no_alert_not_final_benign,-1,dns,port
2025-07-19T23:02:39.222307+0700,103.195.142.3,176.65.149.100,53,26694,UDP,flow,failed,1451618153041173,,1,1,0,169,0,0.0,1,169,0,none,0,none,0,0,0,no_alert_unknown,no_alert_not_final_benign,-1,dns,port
2025-07-19T23:02:39.222326+0700,103.195.142.109,87.98.154.119,53,61413,UDP,flow,failed,1911461260922239,,1,1,0,1437,0,0.0,1,1437,0,none,0,none,0,0,0,no_alert_unknown,no_alert_not_final_benign,-1,dns,port
2025-07-19T23:02:39.222345+0700,103.195.142.195,87.98.154.180,53,64177,UDP,flow,failed,2237521794665920,,1,1,0,1437,0,0.0,1,1437,0,none,0,none,0,0,0,no_alert_unknown,no_alert_not_final_benign,-1,dns,port
2025-07-19T23:02:39.222370+0700,103.195.142.83,87.98.154.119,53,62591,UDP,flow,failed,1821984573656603,,1,1,0,1190,0,0.0,1,1190,0,none,0,none,0,0,0,no_alert_unknown,no_alert_not_final_benign,-1,dns,port
2025-07-19T23:02:39.222389+0700,103.195.142.3,172.217.44.208,53,45029,UDP,flow,failed,2237261884329512,,1,1,0,206,0,0.0,1,206,0,none,0,none,0,0,0,no_alert_unknown,no_alert_not_final_benign,-1,dns,port
2025-07-19T23:02:39.222408+0700,103.195.142.74,202.134.0.155,37193,53,UDP,flow,dns,2203939859173052,,1,1,0,196,0,0.0,1,196,0,none,0,none,0,0,0,no_alert_unknown,no_alert_not_final_benign,-1,dns,app_proto+port
2025-07-19T23:02:39.222508+0700,103.195.142.195,87.98.154.236,53,21883,UDP,flow,failed,1644540124827409,,1,1,0,1437,0,0.0,1,1437,0,none,0,none,0,0,0,no_alert_unknown,no_alert_not_final_benign,-1,dns,port
2025-07-19T23:02:39.222554+0700,103.195.142.74,118.98.44.100,22213,53,UDP,flow,dns,1433255174967098,,1,1,0,80,0,0.0,1,80,0,none,0,none,0,0,0,no_alert_unknown,no_alert_not_final_benign,-1,dns,app_proto+port
2025-07-19T23:02:39.222624+0700,103.195.142.165,87.98.154.119,53,27916,UDP,flow,failed,1408174080102236,,1,1,0,1437,0,0.0,1,1437,0,none,0,none,0,0,0,no_alert_unknown,no_alert_not_final_benign,-1,dns,port
2025-07-19T23:02:39.222658+0700,103.195.142.196,87.98.154.119,53,27561,UDP,flow,failed,2087369428406150,,1,1,0,1437,0,0.0,1,1437,0,none,0,none,0,0,0,no_alert_unknown,no_alert_not_final_benign,-1,dns,port
2025-07-19T23:02:39.222678+0700,103.195.142.165,87.98.154.119,53,7804,UDP,flow,failed,1943638258061190,,1,1,0,1437,0,0.0,1,1437,0,none,0,none,0,0,0,no_alert_unknown,no_alert_not_final_benign,-1,dns,port
2025-07-19T23:02:39.222697+0700,103.195.142.76,87.98.154.117,53,52846,UDP,flow,failed,1562472769359759,,1,1,0,1469,0,0.0,1,1469,0,none,0,none,0,0,0,no_alert_unknown,no_alert_not_final_benign,-1,dns,port
2025-07-19T23:02:39.222736+0700,103.195.142.109,87.98.154.119,53,36846,UDP,flow,failed,2145427816877969,,1,1,0,1437,0,0.0,1,1437,0,none,0,none,0,0,0,no_alert_unknown,no_alert_not_final_benign,-1,dns,port
2025-07-19T23:02:39.222755+0700,103.195.142.83,87.98.154.194,53,56705,UDP,flow,failed,2246928892465060,,1,1,0,1190,0,0.0,1,1190,0,none,0,none,0,0,0,no_alert_unknown,no_alert_not_final_benign,-1,dns,port
2025-07-19T23:02:39.222774+0700,103.195.142.109,87.98.154.221,53,52251,UDP,flow,failed,1823299129020346,,1,1,0,1437,0,0.0,1,1437,0,none,0,none,0,0,0,no_alert_unknown,no_alert_not_final_benign,-1,dns,port
2025-07-19T23:02:39.222908+0700,103.195.142.74,118.98.44.50,40849,53,UDP,flow,dns,1550555661766850,,1,1,0,178,0,0.0,1,178,0,none,0,none,0,0,0,no_alert_unknown,no_alert_not_final_benign,-1,dns,app_proto+port
2025-07-19T23:02:39.222950+0700,103.195.142.3,173.252.107.134,53,5612,UDP,flow,failed,2197834104803588,,1,1,0,127,0,0.0,1,127,0,none,0,none,0,0,0,no_alert_unknown,no_alert_not_final_benign,-1,dns,port
2025-07-19T23:02:39.222983+0700,103.195.142.165,87.98.154.145,53,45577,UDP,flow,failed,1421422586663558,,1,1,0,1437,0,0.0,1,1437,0,none,0,none,0,0,0,no_alert_unknown,no_alert_not_final_benign,-1,dns,port
2025-07-19T23:02:39.223022+0700,103.195.142.74,118.98.44.100,12379,53,UDP,flow,dns,2018600338821820,,1,1,0,68,0,0.0,1,68,0,none,0,none,0,0,0,no_alert_unknown,no_alert_not_final_benign,-1,dns,app_proto+port
2025-07-19T23:02:39.223046+0700,103.195.142.74,118.98.44.100,48850,53,UDP,flow,dns,1610260826591982,,1,1,0,68,0,0.0,1,68,0,none,0,none,0,0,0,no_alert_unknown,no_alert_not_final_benign,-1,dns,app_proto+port
2025-07-19T23:02:39.223056+0700,103.195.142.75,8.8.8.8,35576,53,UDP,dns,,2083921569647908,wire/pcap,0,0,0,0,0,0.0,0,0,0,none,0,none,0,0,0,no_alert_unknown,no_alert_not_final_benign,-1,dns,port
2025-07-19T23:02:39.223170+0700,103.195.142.75,8.8.8.8,58856,53,UDP,flow,dns,1644247499903872,,1,1,0,178,0,0.0,1,178,0,none,0,none,0,0,0,no_alert_unknown,no_alert_not_final_benign,-1,dns,app_proto+port
2025-07-19T23:02:39.223190+0700,103.195.142.165,87.98.154.119,53,56699,UDP,flow,failed,1535832101393297,,1,1,0,1437,0,0.0,1,1437,0,none,0,none,0,0,0,no_alert_unknown,no_alert_not_final_benign,-1,dns,port
2025-07-19T23:02:39.223209+0700,103.195.142.46,87.98.154.155,53,24763,UDP,flow,failed,1995357825962943,,1,1,0,1437,0,0.0,1,1437,0,none,0,none,0,0,0,no_alert_unknown,no_alert_not_final_benign,-1,dns,port
2025-07-19T23:02:39.223248+0700,103.195.142.74,118.98.44.100,49052,53,UDP,flow,dns,1639274094433454,,1,1,0,202,0,0.0,1,202,0,none,0,none,0,0,0,no_alert_unknown,no_alert_not_final_benign,-1,dns,app_proto+port
2025-07-19T23:02:39.223317+0700,103.195.142.109,87.98.154.118,53,23852,UDP,flow,failed,1978432902042979,,1,1,0,1437,0,0.0,1,1437,0,none,0,none,0,0,0,no_alert_unknown,no_alert_not_final_benign,-1,dns,port
2025-07-19T23:02:39.223336+0700,103.195.142.46,87.98.154.119,53,24294,UDP,flow,failed,1793955406321018,,1,1,0,1437,0,0.0,1,1437,0,none,0,none,0,0,0,no_alert_unknown,no_alert_not_final_benign,-1,dns,port
2025-07-19T23:02:39.223355+0700,103.195.142.109,87.98.154.119,53,51975,UDP,flow,failed,1844693853312403,,1,1,0,1437,0,0.0,1,1437,0,none,0,none,0,0,0,no_alert_unknown,no_alert_not_final_benign,-1,dns,port
2025-07-19T23:02:39.223373+0700,103.195.142.46,87.98.154.215,53,19512,UDP,flow,failed,1566172994835908,,1,1,0,1437,0,0.0,1,1437,0,none,0,none,0,0,0,no_alert_unknown,no_alert_not_final_benign,-1,dns,port
2025-07-19T23:02:39.223392+0700,103.195.142.46,87.98.154.119,53,37180,UDP,flow,failed,2073674323170779,,1,1,0,1437,0,0.0,1,1437,0,none,0,none,0,0,0,no_alert_unknown,no_alert_not_final_benign,-1,dns,port
2025-07-19T23:02:39.223430+0700,103.195.142.109,87.98.154.49,53,23579,UDP,flow,failed,1801067988030960,,1,1,0,1437,0,0.0,1,1437,0,none,0,none,0,0,0,no_alert_unknown,no_alert_not_final_benign,-1,dns,port
2025-07-19T23:02:39.223532+0700,103.195.142.195,87.98.154.117,53,60878,UDP,flow,failed,1729428757255920,,1,1,0,1437,0,0.0,1,1437,0,none,0,none,0,0,0,no_alert_unknown,no_alert_not_final_benign,-1,dns,port
2025-07-19T23:02:39.223583+0700,103.195.142.165,87.98.154.69,53,25884,UDP,flow,failed,1887573017007933,,1,1,0,1437,0,0.0,1,1437,0,none,0,none,0,0,0,no_alert_unknown,no_alert_not_final_benign,-1,dns,port
2025-07-19T23:02:39.223607+0700,103.195.142.109,87.98.154.221,53,34910,UDP,flow,failed,1814693369648960,,1,1,0,1437,0,0.0,1,1437,0,none,0,none,0,0,0,no_alert_unknown,no_alert_not_final_benign,-1,dns,port
2025-07-19T23:02:39.223669+0700,103.195.142.165,87.98.154.237,53,20515,UDP,flow,failed,1527701309331462,,1,1,0,1437,0,0.0,1,1437,0,none,0,none,0,0,0,no_alert_unknown,no_alert_not_final_benign,-1,dns,port
2025-07-19T23:02:39.223755+0700,103.195.142.74,202.134.0.155,63988,53,UDP,flow,dns,1897099564193918,,1,1,0,223,0,0.0,1,223,0,none,0,none,0,0,0,no_alert_unknown,no_alert_not_final_benign,-1,dns,app_proto+port
2025-07-19T23:02:39.223803+0700,103.195.142.2,180.241.110.143,53,55044,UDP,flow,failed,1983235409090982,,1,1,0,129,0,0.0,1,129,0,none,0,none,0,0,0,no_alert_unknown,no_alert_not_final_benign,-1,dns,port
2025-07-19T23:02:39.223821+0700,103.195.142.74,118.98.44.50,10250,53,UDP,flow,dns,1982395825691096,,1,1,0,214,0,0.0,1,214,0,none,0,none,0,0,0,no_alert_unknown,no_alert_not_final_benign,-1,dns,app_proto+port
2025-07-19T23:02:39.223863+0700,103.195.142.46,87.98.154.139,53,38121,UDP,flow,failed,1489837732502209,,1,1,0,1437,0,0.0,1,1437,0,none,0,none,0,0,0,no_alert_unknown,no_alert_not_final_benign,-1,dns,port
2025-07-19T23:02:39.223881+0700,103.195.142.74,118.98.44.50,42407,53,UDP,flow,dns,2169838921751359,,1,1,0,211,0,0.0,1,211,0,none,0,none,0,0,0,no_alert_unknown,no_alert_not_final_benign,-1,dns,app_proto+port
2025-07-19T23:02:39.223902+0700,103.195.142.76,87.98.154.119,53,2727,UDP,flow,failed,1467097581132611,,1,1,0,1469,0,0.0,1,1469,0,none,0,none,0,0,0,no_alert_unknown,no_alert_not_final_benign,-1,dns,port
2025-07-19T23:02:39.223949+0700,103.195.142.75,8.8.8.8,51724,53,UDP,flow,dns,1858864641121332,,1,1,0,184,0,0.0,1,184,0,none,0,none,0,0,0,no_alert_unknown,no_alert_not_final_benign,-1,dns,app_proto+port
2025-07-19T23:02:39.223999+0700,103.195.142.196,87.98.154.119,53,24254,UDP,flow,failed,2185129962544411,,1,1,0,1437,0,0.0,1,1437,0,none,0,none,0,0,0,no_alert_unknown,no_alert_not_final_benign,-1,dns,port
2025-07-19T23:02:39.224062+0700,103.195.142.74,118.98.44.100,14915,53,UDP,flow,dns,1582135930232140,,1,1,0,82,0,0.0,1,82,0,none,0,none,0,0,0,no_alert_unknown,no_alert_not_final_benign,-1,dns,app_proto+port
2025-07-19T23:02:39.224082+0700,103.195.142.2,13.105.68.212,53,48963,UDP,flow,failed,1509798081896038,,1,1,0,178,0,0.0,1,178,0,none,0,none,0,0,0,no_alert_unknown,no_alert_not_final_benign,-1,dns,port
2025-07-19T23:02:39.224129+0700,103.195.142.46,87.98.154.119,53,6316,UDP,flow,failed,1782742429507235,,1,1,0,1437,0,0.0,1,1437,0,none,0,none,0,0,0,no_alert_unknown,no_alert_not_final_benign,-1,dns,port
2025-07-19T23:02:39.224153+0700,103.195.142.196,87.98.154.118,53,63410,UDP,flow,failed,1429014346112696,,1,1,0,1437,0,0.0,1,1437,0,none,0,none,0,0,0,no_alert_unknown,no_alert_not_final_benign,-1,dns,port
2025-07-19T23:02:39.224193+0700,103.195.142.74,202.134.0.155,45755,53,UDP,flow,dns,1598775848050457,,1,1,0,214,0,0.0,1,214,0,none,0,none,0,0,0,no_alert_unknown,no_alert_not_final_benign,-1,dns,app_proto+port
2025-07-19T23:02:39.224279+0700,103.195.142.83,87.98.154.119,53,61586,UDP,flow,failed,1633819363287291,,1,1,0,1190,0,0.0,1,1190,0,none,0,none,0,0,0,no_alert_unknown,no_alert_not_final_benign,-1,dns,port
2025-07-19T23:02:39.224299+0700,103.195.142.196,87.98.154.25,53,57733,UDP,flow,failed,1792316973556004,,1,1,0,1437,0,0.0,1,1437,0,none,0,none,0,0,0,no_alert_unknown,no_alert_not_final_benign,-1,dns,port
2025-07-19T23:02:39.224353+0700,103.195.142.46,87.98.154.159,53,17592,UDP,flow,failed,1836633317024294,,1,1,0,1437,0,0.0,1,1437,0,none,0,none,0,0,0,no_alert_unknown,no_alert_not_final_benign,-1,dns,port
2025-07-19T23:02:39.224417+0700,103.195.142.109,87.98.154.119,53,19627,UDP,flow,failed,1982305239605988,,1,1,0,1437,0,0.0,1,1437,0,none,0,none,0,0,0,no_alert_unknown,no_alert_not_final_benign,-1,dns,port
2025-07-19T23:02:39.224463+0700,103.195.142.46,87.98.154.23,53,62444,UDP,flow,failed,1864397648995461,,1,1,0,1437,0,0.0,1,1437,0,none,0,none,0,0,0,no_alert_unknown,no_alert_not_final_benign,-1,dns,port
2025-07-19T23:02:39.224506+0700,103.195.142.83,87.98.154.119,53,61514,UDP,flow,failed,2016041706366225,,1,1,0,1190,0,0.0,1,1190,0,none,0,none,0,0,0,no_alert_unknown,no_alert_not_final_benign,-1,dns,port
2025-07-19T23:02:39.224545+0700,103.195.142.74,118.98.44.20,59814,53,UDP,flow,dns,2126470247851342,,1,1,0,78,0,0.0,1,78,0,none,0,none,0,0,0,no_alert_unknown,no_alert_not_final_benign,-1,dns,app_proto+port
2025-07-19T23:02:39.224565+0700,103.195.142.196,87.98.154.119,53,55924,UDP,flow,failed,2187649323541878,,1,1,0,1437,0,0.0,1,1437,0,none,0,none,0,0,0,no_alert_unknown,no_alert_not_final_benign,-1,dns,port
2025-07-19T23:02:39.224589+0700,103.195.142.76,87.98.154.110,53,58744,UDP,flow,failed,2207852859401644,,1,1,0,1469,0,0.0,1,1469,0,none,0,none,0,0,0,no_alert_unknown,no_alert_not_final_benign,-1,dns,port
2025-07-19T23:02:39.224609+0700,103.195.142.165,87.98.154.113,53,44673,UDP,flow,failed,2081885624641094,,1,1,0,1437,0,0.0,1,1437,0,none,0,none,0,0,0,no_alert_unknown,no_alert_not_final_benign,-1,dns,port
2025-07-19T23:02:39.224725+0700,103.195.142.76,87.98.154.119,53,63157,UDP,flow,failed,1786800722978506,,1,1,0,1469,0,0.0,1,1469,0,none,0,none,0,0,0,no_alert_unknown,no_alert_not_final_benign,-1,dns,port
2025-07-19T23:02:39.224788+0700,103.195.142.196,87.98.154.233,53,51492,UDP,flow,failed,1774501080705004,,1,1,0,1437,0,0.0,1,1437,0,none,0,none,0,0,0,no_alert_unknown,no_alert_not_final_benign,-1,dns,port
2025-07-19T23:02:39.224807+0700,103.195.142.195,87.98.154.119,53,48379,UDP,flow,failed,1703151154866249,,1,1,0,1437,0,0.0,1,1437,0,none,0,none,0,0,0,no_alert_unknown,no_alert_not_final_benign,-1,dns,port
2025-07-19T23:02:39.224826+0700,103.195.142.83,87.98.154.119,53,3595,UDP,flow,failed,1970690008983672,,1,1,0,1190,0,0.0,1,1190,0,none,0,none,0,0,0,no_alert_unknown,no_alert_not_final_benign,-1,dns,port
2025-07-19T23:02:39.224849+0700,103.195.142.31,9.9.9.9,17767,53,UDP,flow,dns,1744425667700903,,1,2,0,416,0,0.0,2,416,0,none,0,none,0,0,0,no_alert_unknown,no_alert_not_final_benign,-1,dns,app_proto+port
2025-07-19T23:02:39.224914+0700,103.195.142.46,87.98.154.251,53,28628,UDP,flow,failed,1962600825400023,,1,1,0,1437,0,0.0,1,1437,0,none,0,none,0,0,0,no_alert_unknown,no_alert_not_final_benign,-1,dns,port
2025-07-19T23:02:39.224932+0700,103.195.142.46,87.98.154.119,53,8666,UDP,flow,failed,1967836029561695,,1,1,0,1437,0,0.0,1,1437,0,none,0,none,0,0,0,no_alert_unknown,no_alert_not_final_benign,-1,dns,port
2025-07-19T23:02:39.224953+0700,103.195.142.195,87.98.154.96,53,59769,UDP,flow,failed,1557595309124502,,1,3,0,4311,0,9.0,3,4311,0,none,0,none,0,0,0,no_alert_unknown,no_alert_not_final_benign,-1,dns,port
2025-07-19T23:02:39.224981+0700,103.195.142.195,87.98.154.144,53,60303,UDP,flow,failed,1737159434480634,,1,1,0,1437,0,0.0,1,1437,0,none,0,none,0,0,0,no_alert_unknown,no_alert_not_final_benign,-1,dns,port
2025-07-19T23:02:39.225000+0700,103.195.142.165,87.98.154.119,53,44047,UDP,flow,failed,1872101174914062,,1,1,0,1437,0,0.0,1,1437,0,none,0,none,0,0,0,no_alert_unknown,no_alert_not_final_benign,-1,dns,port
2025-07-19T23:02:39.225025+0700,103.195.142.76,87.98.154.170,53,50063,UDP,flow,failed,1498388518120596,,1,3,0,4407,0,10.0,3,4407,0,none,0,none,0,0,0,no_alert_unknown,no_alert_not_final_benign,-1,dns,port
2025-07-19T23:02:39.225044+0700,103.195.142.109,87.98.154.165,53,31922,UDP,flow,failed,2090873896348889,,1,1,0,1437,0,0.0,1,1437,0,none,0,none,0,0,0,no_alert_unknown,no_alert_not_final_benign,-1,dns,port
2025-07-19T23:02:39.225083+0700,103.195.142.196,87.98.154.89,53,15701,UDP,flow,failed,2177836471135613,,1,1,0,1437,0,0.0,1,1437,0,none,0,none,0,0,0,no_alert_unknown,no_alert_not_final_benign,-1,dns,port
2025-07-19T23:02:39.225123+0700,103.195.142.165,87.98.154.37,53,37650,UDP,flow,failed,1760042895126202,,1,1,0,1437,0,0.0,1,1437,0,none,0,none,0,0,0,no_alert_unknown,no_alert_not_final_benign,-1,dns,port
2025-07-19T23:02:39.225145+0700,103.195.142.74,118.98.44.50,55446,53,UDP,flow,dns,1713626028158709,,1,1,0,211,0,0.0,1,211,0,none,0,none,0,0,0,no_alert_unknown,no_alert_not_final_benign,-1,dns,app_proto+port
2025-07-19T23:02:39.225165+0700,103.195.142.74,118.98.44.100,39840,53,UDP,flow,dns,1891944023502602,,1,2,0,311,0,1.0,2,311,0,none,0,none,0,0,0,no_alert_unknown,no_alert_not_final_benign,-1,dns,app_proto+port
2025-07-19T23:02:39.225185+0700,103.195.142.165,87.98.154.69,53,62693,UDP,flow,failed,1528309203251085,,1,3,0,4311,0,10.0,3,4311,0,none,0,none,0,0,0,no_alert_unknown,no_alert_not_final_benign,-1,dns,port
2025-07-19T23:02:39.225240+0700,103.195.142.196,87.98.154.119,53,43473,UDP,flow,failed,2137157055328217,,1,1,0,1437,0,0.0,1,1437,0,none,0,none,0,0,0,no_alert_unknown,no_alert_not_final_benign,-1,dns,port
2025-07-19T23:02:39.225259+0700,103.195.142.74,118.98.44.100,32355,53,UDP,flow,dns,2166195448885333,,1,1,0,96,0,0.0,1,96,0,none,0,none,0,0,0,no_alert_unknown,no_alert_not_final_benign,-1,dns,app_proto+port
2025-07-19T23:02:39.225320+0700,103.195.142.74,118.98.44.20,47481,53,UDP,flow,dns,1802619029598368,,1,1,0,88,0,0.0,1,88,0,none,0,none,0,0,0,no_alert_unknown,no_alert_not_final_benign,-1,dns,app_proto+port
2025-07-19T23:02:39.225377+0700,103.195.142.196,87.98.154.119,53,15198,UDP,flow,failed,2137073564234166,,1,1,0,1437,0,0.0,1,1437,0,none,0,none,0,0,0,no_alert_unknown,no_alert_not_final_benign,-1,dns,port
2025-07-19T23:02:39.225413+0700,103.195.142.3,13.105.68.213,53,53946,UDP,flow,failed,1905960432021968,,1,1,0,181,0,0.0,1,181,0,none,0,none,0,0,0,no_alert_unknown,no_alert_not_final_benign,-1,dns,port
2025-07-19T23:02:39.225433+0700,103.195.142.165,87.98.154.119,53,24793,UDP,flow,failed,1769635118363149,,1,1,0,1437,0,0.0,1,1437,0,none,0,none,0,0,0,no_alert_unknown,no_alert_not_final_benign,-1,dns,port
2025-07-19T23:02:39.225451+0700,103.195.142.165,87.98.154.181,53,39572,UDP,flow,failed,2148953524515473,,1,1,0,1437,0,0.0,1,1437,0,none,0,none,0,0,0,no_alert_unknown,no_alert_not_final_benign,-1,dns,port
2025-07-19T23:02:39.225493+0700,103.195.142.83,87.98.154.54,53,9101,UDP,flow,failed,2169249819309029,,1,1,0,1190,0,0.0,1,1190,0,none,0,none,0,0,0,no_alert_unknown,no_alert_not_final_benign,-1,dns,port
2025-07-19T23:02:39.225512+0700,103.195.142.75,8.8.8.8,23639,53,UDP,flow,dns,337015567987740,,1,2,0,384,0,5.0,2,384,0,none,0,none,0,0,0,no_alert_unknown,no_alert_not_final_benign,-1,dns,app_proto+port
2025-07-19T23:02:39.225539+0700,103.195.142.74,118.98.44.50,26655,53,UDP,flow,dns,1748521427711106,,1,1,0,94,0,0.0,1,94,0,none,0,none,0,0,0,no_alert_unknown,no_alert_not_final_benign,-1,dns,app_proto+port
2025-07-19T23:02:39.225559+0700,103.195.142.74,202.134.0.155,60114,53,UDP,flow,dns,2165812430943561,,1,1,0,214,0,0.0,1,214,0,none,0,none,0,0,0,no_alert_unknown,no_alert_not_final_benign,-1,dns,app_proto+port
2025-07-19T23:02:39.225579+0700,103.195.142.74,202.134.0.155,8790,53,UDP,flow,dns,1756817192432974,,1,1,0,89,0,0.0,1,89,0,none,0,none,0,0,0,no_alert_unknown,no_alert_not_final_benign,-1,dns,app_proto+port
2025-07-19T23:02:39.225622+0700,103.195.142.2,180.251.22.184,53,10956,UDP,flow,failed,32033809348127,,1,1,0,135,0,0.0,1,135,0,none,0,none,0,0,0,no_alert_unknown,no_alert_not_final_benign,-1,dns,port
2025-07-19T23:02:39.225662+0700,103.195.142.75,8.8.8.8,38602,53,UDP,flow,dns,151905432024728,,1,1,0,77,0,0.0,1,77,0,none,0,none,0,0,0,no_alert_unknown,no_alert_not_final_benign,-1,dns,app_proto+port
2025-07-19T23:02:39.225729+0700,103.195.142.74,118.98.44.100,58334,53,UDP,flow,dns,1890871204886375,,1,1,0,91,0,0.0,1,91,0,none,0,none,0,0,0,no_alert_unknown,no_alert_not_final_benign,-1,dns,app_proto+port
2025-07-19T23:02:39.225770+0700,103.195.142.74,118.98.44.20,55365,53,UDP,flow,dns,1955301533726684,,1,1,0,84,0,0.0,1,84,0,none,0,none,0,0,0,no_alert_unknown,no_alert_not_final_benign,-1,dns,app_proto+port
2025-07-19T23:02:39.225790+0700,103.195.142.196,87.98.154.119,53,28236,UDP,flow,failed,1886690015492087,,1,1,0,1437,0,0.0,1,1437,0,none,0,none,0,0,0,no_alert_unknown,no_alert_not_final_benign,-1,dns,port
2025-07-19T23:02:39.225857+0700,103.195.142.2,180.241.27.99,53,59588,UDP,flow,failed,32235167660226,,1,1,0,132,0,0.0,1,132,0,none,0,none,0,0,0,no_alert_unknown,no_alert_not_final_benign,-1,dns,port
2025-07-19T23:02:39.225877+0700,103.195.142.74,118.98.44.100,51064,53,UDP,flow,dns,1982130078267601,,1,1,0,68,0,0.0,1,68,0,none,0,none,0,0,0,no_alert_unknown,no_alert_not_final_benign,-1,dns,app_proto+port
2025-07-19T23:02:39.225897+0700,103.195.142.3,180.251.22.194,53,59686,UDP,flow,failed,245322232346883,,1,1,0,138,0,0.0,1,138,0,none,0,none,0,0,0,no_alert_unknown,no_alert_not_final_benign,-1,dns,port
2025-07-19T23:02:39.225916+0700,103.195.142.74,118.98.44.100,34984,53,UDP,flow,dns,102168539937067,,1,1,0,77,0,0.0,1,77,0,none,0,none,0,0,0,no_alert_unknown,no_alert_not_final_benign,-1,dns,app_proto+port
2025-07-19T23:02:39.225935+0700,103.195.142.196,87.98.154.119,53,48619,UDP,flow,failed,2238064135420265,,1,1,0,1437,0,0.0,1,1437,0,none,0,none,0,0,0,no_alert_unknown,no_alert_not_final_benign,-1,dns,port
2025-07-19T23:02:39.225954+0700,103.195.142.195,87.98.154.119,53,21697,UDP,flow,failed,1921580057737587,,1,1,0,1437,0,0.0,1,1437,0,none,0,none,0,0,0,no_alert_unknown,no_alert_not_final_benign,-1,dns,port
2025-07-19T23:02:39.225973+0700,103.195.142.195,87.98.154.117,53,49261,UDP,flow,failed,129653760375258,,1,1,0,1437,0,0.0,1,1437,0,none,0,none,0,0,0,no_alert_unknown,no_alert_not_final_benign,-1,dns,port
2025-07-19T23:02:39.225992+0700,103.195.142.76,87.98.154.117,53,59527,UDP,flow,failed,2199720567093728,,1,1,0,1469,0,0.0,1,1469,0,none,0,none,0,0,0,no_alert_unknown,no_alert_not_final_benign,-1,dns,port
2025-07-19T23:02:39.226039+0700,103.195.142.31,8.8.8.8,17767,53,UDP,flow,dns,1744578602056187,,1,1,0,89,0,0.0,1,89,0,none,0,none,0,0,0,no_alert_unknown,no_alert_not_final_benign,-1,dns,app_proto+port
2025-07-19T23:02:39.226059+0700,103.195.142.74,118.98.44.20,60670,53,UDP,flow,dns,248763441855156,,1,1,0,83,0,0.0,1,83,0,none,0,none,0,0,0,no_alert_unknown,no_alert_not_final_benign,-1,dns,app_proto+port
2025-07-19T23:02:39.226079+0700,103.195.142.74,118.98.44.20,2200,53,UDP,flow,dns,2104870275496644,,1,1,0,77,0,0.0,1,77,0,none,0,none,0,0,0,no_alert_unknown,no_alert_not_final_benign,-1,dns,app_proto+port
2025-07-19T23:02:39.227508+0700,103.195.142.74,202.134.0.155,33028,53,UDP,dns,,2103041352704094,wire/pcap,0,0,0,0,0,0.0,0,0,0,none,0,none,0,0,0,no_alert_unknown,no_alert_not_final_benign,-1,dns,port
2025-07-19T23:02:39.246257+0700,103.195.142.74,118.98.44.50,62512,53,UDP,dns,,2183567004631491,wire/pcap,0,0,0,0,0,0.0,0,0,0,none,0,none,0,0,0,no_alert_unknown,no_alert_not_final_benign,-1,dns,port
2025-07-19T23:02:39.250253+0700,103.195.142.74,118.98.44.20,47454,53,UDP,dns,,2200731493536186,wire/pcap,0,0,0,0,0,0.0,0,0,0,none,0,none,0,0,0,no_alert_unknown,no_alert_not_final_benign,-1,dns,port
2025-07-19T23:02:39.254670+0700,103.195.142.74,118.98.44.20,27859,53,UDP,dns,,2219699733800019,wire/pcap,0,0,0,0,0,0.0,0,0,0,none,0,none,0,0,0,no_alert_unknown,no_alert_not_final_benign,-1,dns,port
2025-07-19T23:02:39.268239+0700,103.195.142.74,118.98.44.20,24089,53,UDP,dns,,1996506673459691,wire/pcap,0,0,0,0,0,0.0,0,0,0,none,0,none,0,0,0,no_alert_unknown,no_alert_not_final_benign,-1,dns,port
2025-07-19T23:02:39.274506+0700,103.195.142.74,118.98.44.50,45235,53,UDP,dns,,2023420855733406,wire/pcap,0,0,0,0,0,0.0,0,0,0,none,0,none,0,0,0,no_alert_unknown,no_alert_not_final_benign,-1,dns,port
2025-07-19T23:02:39.292282+0700,103.195.142.74,202.134.0.155,51787,53,UDP,dns,,2099769131680948,wire/pcap,0,0,0,0,0,0.0,0,0,0,none,0,none,0,0,0,no_alert_unknown,no_alert_not_final_benign,-1,dns,port
2025-07-19T23:02:39.315093+0700,103.195.142.75,8.8.8.8,43715,53,UDP,dns,,2197739883854541,wire/pcap,0,0,0,0,0,0.0,0,0,0,none,0,none,0,0,0,no_alert_unknown,no_alert_not_final_benign,-1,dns,port
2025-07-19T23:02:39.317684+0700,103.195.142.74,118.98.44.100,56244,53,UDP,dns,,2208870312546097,wire/pcap,0,0,0,0,0,0.0,0,0,0,none,0,none,0,0,0,no_alert_unknown,no_alert_not_final_benign,-1,dns,port
2025-07-19T23:02:39.333727+0700,103.195.142.196,87.98.154.118,53,58385,UDP,flow,failed,120610287271825,,1,1,0,1437,0,0.0,1,1437,0,none,0,none,0,0,0,no_alert_unknown,no_alert_not_final_benign,-1,dns,port
2025-07-19T23:02:39.341623+0700,103.195.142.74,118.98.44.100,57143,53,UDP,dns,,2030211764136114,wire/pcap,0,0,0,0,0,0.0,0,0,0,none,0,none,0,0,0,no_alert_unknown,no_alert_not_final_benign,-1,dns,port
2025-07-19T23:02:39.367851+0700,103.195.142.74,118.98.44.50,49854,53,UDP,dns,,2142858644099374,wire/pcap,0,0,0,0,0,0.0,0,0,0,none,0,none,0,0,0,no_alert_unknown,no_alert_not_final_benign,-1,dns,port
2025-07-19T23:02:39.404269+0700,103.195.142.74,118.98.44.20,64614,53,UDP,dns,,2017799538959464,wire/pcap,0,0,0,0,0,0.0,0,0,0,none,0,none,0,0,0,no_alert_unknown,no_alert_not_final_benign,-1,dns,port
2025-07-19T23:02:39.406343+0700,103.195.142.74,202.134.0.155,12488,53,UDP,dns,,2026705750459306,wire/pcap,0,0,0,0,0,0.0,0,0,0,none,0,none,0,0,0,no_alert_unknown,no_alert_not_final_benign,-1,dns,port
2025-07-19T23:02:39.417667+0700,103.195.142.74,118.98.44.50,39858,53,UDP,dns,,2075342021793842,wire/pcap,0,0,0,0,0,0.0,0,0,0,none,0,none,0,0,0,no_alert_unknown,no_alert_not_final_benign,-1,dns,port
2025-07-19T23:02:39.448079+0700,103.195.142.74,202.134.0.155,31852,53,UDP,dns,,2205963428966669,wire/pcap,0,0,0,0,0,0.0,0,0,0,none,0,none,0,0,0,no_alert_unknown,no_alert_not_final_benign,-1,dns,port
2025-07-19T23:02:39.477689+0700,103.195.142.74,118.98.44.20,39082,53,UDP,dns,,2051662864587903,wire/pcap,0,0,0,0,0,0.0,0,0,0,none,0,none,0,0,0,no_alert_unknown,no_alert_not_final_benign,-1,dns,port
2025-07-19T23:02:39.498125+0700,103.195.142.74,118.98.44.50,39071,53,UDP,dns,,2139433956631554,wire/pcap,0,0,0,0,0,0.0,0,0,0,none,0,none,0,0,0,no_alert_unknown,no_alert_not_final_benign,-1,dns,port
2025-07-19T23:02:39.503442+0700,103.195.142.74,118.98.44.100,41280,53,UDP,dns,,2162267631294975,wire/pcap,0,0,0,0,0,0.0,0,0,0,none,0,none,0,0,0,no_alert_unknown,no_alert_not_final_benign,-1,dns,port
2025-07-19T23:02:39.507500+0700,103.195.142.195,87.98.154.180,53,33752,UDP,flow,failed,2174358559469786,,1,1,0,1437,0,0.0,1,1437,0,none,0,none,0,0,0,no_alert_unknown,no_alert_not_final_benign,-1,dns,port
2025-07-19T23:02:39.565483+0700,103.195.142.74,202.134.0.155,55593,53,UDP,dns,,2147257456924160,wire/pcap,0,0,0,0,0,0.0,0,0,0,none,0,none,0,0,0,no_alert_unknown,no_alert_not_final_benign,-1,dns,port
2025-07-19T23:02:39.565580+0700,103.195.142.74,118.98.44.100,59419,53,UDP,dns,,2147676195064206,wire/pcap,0,0,0,0,0,0.0,0,0,0,none,0,none,0,0,0,no_alert_unknown,no_alert_not_final_benign,-1,dns,port
2025-07-19T23:02:39.567607+0700,103.195.142.74,118.98.44.20,6005,53,UDP,dns,,2156381214567819,wire/pcap,0,0,0,0,0,0.0,0,0,0,none,0,none,0,0,0,no_alert_unknown,no_alert_not_final_benign,-1,dns,port
2025-07-19T23:02:39.602171+0700,103.195.142.46,87.98.154.119,53,50924,UDP,flow,failed,2234641501739406,,1,1,0,1437,0,0.0,1,1437,0,none,0,none,0,0,0,no_alert_unknown,no_alert_not_final_benign,-1,dns,port
2025-07-19T23:02:39.611830+0700,103.195.142.74,118.98.44.20,5917,53,UDP,dns,,2064843428331357,wire/pcap,0,0,0,0,0,0.0,0,0,0,none,0,none,0,0,0,no_alert_unknown,no_alert_not_final_benign,-1,dns,port
2025-07-19T23:02:39.612080+0700,103.195.142.74,118.98.44.100,63605,53,UDP,dns,,2065914448327809,wire/pcap,0,0,0,0,0,0.0,0,0,0,none,0,none,0,0,0,no_alert_unknown,no_alert_not_final_benign,-1,dns,port
2025-07-19T23:02:39.628424+0700,103.195.142.74,118.98.44.100,20443,53,UDP,dns,,2136114040594166,wire/pcap,0,0,0,0,0,0.0,0,0,0,none,0,none,0,0,0,no_alert_unknown,no_alert_not_final_benign,-1,dns,port
2025-07-19T23:02:39.683311+0700,103.195.142.74,118.98.44.100,41946,53,UDP,dns,,2090374042519958,wire/pcap,0,0,0,0,0,0.0,0,0,0,none,0,none,0,0,0,no_alert_unknown,no_alert_not_final_benign,-1,dns,port
2025-07-19T23:02:39.683419+0700,103.195.142.74,118.98.44.50,39821,53,UDP,dns,,2090838697530060,wire/pcap,0,0,0,0,0,0.0,0,0,0,none,0,none,0,0,0,no_alert_unknown,no_alert_not_final_benign,-1,dns,port
2025-07-19T23:02:39.698448+0700,103.195.142.74,118.98.44.50,8938,53,UDP,dns,,2155388777214310,wire/pcap,0,0,0,0,0,0.0,0,0,0,none,0,none,0,0,0,no_alert_unknown,no_alert_not_final_benign,-1,dns,port
2025-07-19T23:02:39.698520+0700,103.195.142.74,118.98.44.100,33587,53,UDP,dns,,2155697789714032,wire/pcap,0,0,0,0,0,0.0,0,0,0,none,0,none,0,0,0,no_alert_unknown,no_alert_not_final_benign,-1,dns,port
2025-07-19T23:02:39.708477+0700,103.195.142.74,202.134.0.155,62215,53,UDP,dns,,2198460824369492,wire/pcap,0,0,0,0,0,0.0,0,0,0,none,0,none,0,0,0,no_alert_unknown,no_alert_not_final_benign,-1,dns,port
2025-07-19T23:02:39.744086+0700,103.195.142.75,185.67.45.231,30470,53,UDP,dns,,2069928044212233,wire/pcap,0,0,0,0,0,0.0,0,0,0,none,0,none,0,0,0,no_alert_unknown,no_alert_not_final_benign,-1,dns,port
2025-07-19T23:02:39.754631+0700,103.195.142.74,118.98.44.20,36209,53,UDP,dns,,2115216694327765,wire/pcap,0,0,0,0,0,0.0,0,0,0,none,0,none,0,0,0,no_alert_unknown,no_alert_not_final_benign,-1,dns,port
2025-07-19T23:02:39.785875+0700,103.195.142.74,118.98.44.50,45309,53,UDP,dns,,2249407607755891,wire/pcap,0,0,0,0,0,0.0,0,0,0,none,0,none,0,0,0,no_alert_unknown,no_alert_not_final_benign,-1,dns,port
2025-07-19T23:02:39.801954+0700,103.195.142.74,118.98.44.100,32456,53,UDP,dns,,2036995509884845,wire/pcap,0,0,0,0,0,0.0,0,0,0,none,0,none,0,0,0,no_alert_unknown,no_alert_not_final_benign,-1,dns,port
2025-07-19T23:02:39.814641+0700,103.195.142.74,118.98.44.50,50337,53,UDP,dns,,2091484738275945,wire/pcap,0,0,0,0,0,0.0,0,0,0,none,0,none,0,0,0,no_alert_unknown,no_alert_not_final_benign,-1,dns,port
2025-07-19T23:02:39.840249+0700,103.195.142.74,118.98.44.50,20517,53,UDP,dns,,2201468370340762,wire/pcap,0,0,0,0,0,0.0,0,0,0,none,0,none,0,0,0,no_alert_unknown,no_alert_not_final_benign,-1,dns,port
2025-07-19T23:02:39.896061+0700,103.195.142.74,202.134.0.155,60086,53,UDP,dns,,2159704443438874,wire/pcap,0,0,0,0,0,0.0,0,0,0,none,0,none,0,0,0,no_alert_unknown,no_alert_not_final_benign,-1,dns,port
2025-07-19T23:02:39.910981+0700,103.195.142.75,8.8.8.8,3937,53,UDP,dns,,2223784175199552,wire/pcap,0,0,0,0,0,0.0,0,0,0,none,0,none,0,0,0,no_alert_unknown,no_alert_not_final_benign,-1,dns,port
2025-07-19T23:02:39.914243+0700,103.195.142.108,8.8.8.8,1900,53,UDP,dns,,1216074754602613,wire/pcap,0,0,0,0,0,0.0,0,0,0,none,0,none,0,0,0,no_alert_unknown,no_alert_not_final_benign,-1,dns,port
2025-07-19T23:02:39.919915+0700,103.195.142.75,8.8.8.8,14843,53,UDP,dns,,1980682274302586,wire/pcap,0,0,0,0,0,0.0,0,0,0,none,0,none,0,0,0,no_alert_unknown,no_alert_not_final_benign,-1,dns,port
2025-07-19T23:02:39.972057+0700,103.195.142.74,118.98.44.20,24061,53,UDP,dns,,2204630161503253,wire/pcap,0,0,0,0,0,0.0,0,0,0,none,0,none,0,0,0,no_alert_unknown,no_alert_not_final_benign,-1,dns,port
2025-07-19T23:02:39.975720+0700,103.195.142.74,118.98.44.20,55232,53,UDP,dns,,2220361476902364,wire/pcap,0,0,0,0,0,0.0,0,0,0,none,0,none,0,0,0,no_alert_unknown,no_alert_not_final_benign,-1,dns,port
2025-07-19T23:02:39.990093+0700,103.195.142.74,118.98.44.20,26614,53,UDP,dns,,2000620895870247,wire/pcap,0,0,0,0,0,0.0,0,0,0,none,0,none,0,0,0,no_alert_unknown,no_alert_not_final_benign,-1,dns,port
2025-07-19T23:02:40.004454+0700,103.195.142.109,87.98.154.109,53,35638,UDP,flow,failed,375970999438731,,1,1,0,1437,0,0.0,1,1437,0,none,0,none,0,0,0,no_alert_unknown,no_alert_not_final_benign,-1,dns,port
2025-07-19T23:02:40.009485+0700,103.195.142.74,118.98.44.100,40048,53,UDP,dns,,40741027841811,wire/pcap,0,0,0,0,0,0.0,0,0,0,none,0,none,0,0,0,no_alert_unknown,no_alert_not_final_benign,-1,dns,port
2025-07-19T23:02:40.010110+0700,103.195.142.74,118.98.44.20,64367,53,UDP,dns,,43423981314903,wire/pcap,0,0,0,0,0,0.0,0,0,0,none,0,none,0,0,0,no_alert_unknown,no_alert_not_final_benign,-1,dns,port
2025-07-19T23:02:40.021497+0700,103.195.142.74,202.134.0.155,29409,53,UDP,dns,,92329873007295,wire/pcap,0,0,0,0,0,0.0,0,0,0,none,0,none,0,0,0,no_alert_unknown,no_alert_not_final_benign,-1,dns,port
2025-07-19T23:02:40.021448+0700,103.195.142.74,118.98.44.100,10867,53,UDP,dns,,92120522107311,wire/pcap,0,0,0,0,0,0.0,0,0,0,none,0,none,0,0,0,no_alert_unknown,no_alert_not_final_benign,-1,dns,port
2025-07-19T23:02:40.040240+0700,103.195.142.74,118.98.44.20,58315,53,UDP,dns,,172832933950937,wire/pcap,0,0,0,0,0,0.0,0,0,0,none,0,none,0,0,0,no_alert_unknown,no_alert_not_final_benign,-1,dns,port
2025-07-19T23:02:40.040340+0700,103.195.142.74,202.134.0.155,15920,53,UDP,dns,,173262363966277,wire/pcap,0,0,0,0,0,0.0,0,0,0,none,0,none,0,0,0,no_alert_unknown,no_alert_not_final_benign,-1,dns,port
2025-07-19T23:02:40.044026+0700,103.195.142.75,8.8.8.8,5743,53,UDP,dns,,189094258700251,wire/pcap,0,0,0,0,0,0.0,0,0,0,none,0,none,0,0,0,no_alert_unknown,no_alert_not_final_benign,-1,dns,port
2025-07-19T23:02:40.049815+0700,103.195.142.75,8.8.8.8,4453,53,UDP,dns,,213957358729133,wire/pcap,0,0,0,0,0,0.0,0,0,0,none,0,none,0,0,0,no_alert_unknown,no_alert_not_final_benign,-1,dns,port
2025-07-19T23:02:40.050844+0700,103.195.142.74,118.98.44.100,54566,53,UDP,flow,dns,104503157005027,,1,1,0,68,0,0.0,1,68,0,none,0,none,0,0,0,no_alert_unknown,no_alert_not_final_benign,-1,dns,app_proto+port
2025-07-19T23:02:40.052203+0700,103.195.142.74,118.98.44.100,28334,53,UDP,flow,dns,525832867700858,,1,1,0,214,0,0.0,1,214,0,none,0,none,0,0,0,no_alert_unknown,no_alert_not_final_benign,-1,dns,app_proto+port
2025-07-19T23:02:40.060495+0700,103.195.142.74,118.98.44.100,53577,53,UDP,dns,,259826171583825,wire/pcap,0,0,0,0,0,0.0,0,0,0,none,0,none,0,0,0,no_alert_unknown,no_alert_not_final_benign,-1,dns,port
2025-07-19T23:02:40.060599+0700,103.195.142.75,8.8.8.8,21734,53,UDP,dns,,260274951508183,wire/pcap,0,0,0,0,0,0.0,0,0,0,none,0,none,0,0,0,no_alert_unknown,no_alert_not_final_benign,-1,dns,port
2025-07-19T23:02:40.062716+0700,103.195.142.74,118.98.44.50,24826,53,UDP,dns,,269365373262918,wire/pcap,0,0,0,0,0,0.0,0,0,0,none,0,none,0,0,0,no_alert_unknown,no_alert_not_final_benign,-1,dns,port
2025-07-19T23:02:40.063306+0700,103.195.142.74,118.98.44.50,16258,53,UDP,dns,,271898315076327,wire/pcap,0,0,0,0,0,0.0,0,0,0,none,0,none,0,0,0,no_alert_unknown,no_alert_not_final_benign,-1,dns,port
2025-07-19T23:02:40.063585+0700,103.195.142.75,8.8.8.8,57095,53,UDP,dns,,273098173520347,wire/pcap,0,0,0,0,0,0.0,0,0,0,none,0,none,0,0,0,no_alert_unknown,no_alert_not_final_benign,-1,dns,port
2025-07-19T23:02:40.064000+0700,103.195.142.74,202.134.0.155,14406,53,UDP,dns,,274881404080587,wire/pcap,0,0,0,0,0,0.0,0,0,0,none,0,none,0,0,0,no_alert_unknown,no_alert_not_final_benign,-1,dns,port
2025-07-19T23:02:40.073611+0700,103.195.142.75,8.8.8.8,37228,53,UDP,dns,,34684555538262,wire/pcap,0,0,0,0,0,0.0,0,0,0,none,0,none,0,0,0,no_alert_unknown,no_alert_not_final_benign,-1,dns,port
2025-07-19T23:02:40.073607+0700,103.195.142.74,202.134.0.155,41668,53,UDP,dns,,34667886214526,wire/pcap,0,0,0,0,0,0.0,0,0,0,none,0,none,0,0,0,no_alert_unknown,no_alert_not_final_benign,-1,dns,port
2025-07-19T23:02:40.074104+0700,103.195.142.74,8.148.43.230,49311,53,UDP,dns,,36803370300522,wire/pcap,0,0,0,0,0,0.0,0,0,0,none,0,none,0,0,0,no_alert_unknown,no_alert_not_final_benign,-1,dns,port
2025-07-19T23:02:40.074591+0700,103.195.142.74,202.134.0.155,13819,53,UDP,dns,,38892392114859,wire/pcap,0,0,0,0,0,0.0,0,0,0,none,0,none,0,0,0,no_alert_unknown,no_alert_not_final_benign,-1,dns,port
2025-07-19T23:02:40.078361+0700,103.195.142.74,118.98.44.20,63073,53,UDP,dns,,55086517361529,wire/pcap,0,0,0,0,0,0.0,0,0,0,none,0,none,0,0,0,no_alert_unknown,no_alert_not_final_benign,-1,dns,port
2025-07-19T23:02:40.078533+0700,103.195.142.75,8.8.8.8,28366,53,UDP,dns,,55822719886797,wire/pcap,0,0,0,0,0,0.0,0,0,0,none,0,none,0,0,0,no_alert_unknown,no_alert_not_final_benign,-1,dns,port
2025-07-19T23:02:40.078601+0700,103.195.142.74,202.134.0.155,15873,53,UDP,dns,,56115937112812,wire/pcap,0,0,0,0,0,0.0,0,0,0,none,0,none,0,0,0,no_alert_unknown,no_alert_not_final_benign,-1,dns,port
2025-07-19T23:02:40.081540+0700,103.195.142.74,118.98.44.50,57004,53,UDP,dns,,68737699800919,wire/pcap,0,0,0,0,0,0.0,0,0,0,none,0,none,0,0,0,no_alert_unknown,no_alert_not_final_benign,-1,dns,port
2025-07-19T23:02:40.095597+0700,103.195.142.31,8.8.8.8,40027,53,UDP,dns,,129114257755024,wire/pcap,0,0,0,0,0,0.0,0,0,0,none,0,none,0,0,0,no_alert_unknown,no_alert_not_final_benign,-1,dns,port
2025-07-19T23:02:40.121034+0700,103.195.142.75,8.8.8.8,45419,53,UDP,dns,,238365963507510,wire/pcap,0,0,0,0,0,0.0,0,0,0,none,0,none,0,0,0,no_alert_unknown,no_alert_not_final_benign,-1,dns,port
2025-07-19T23:02:40.126706+0700,103.195.142.74,202.134.0.155,58904,53,UDP,dns,,262725695228411,wire/pcap,0,0,0,0,0,0.0,0,0,0,none,0,none,0,0,0,no_alert_unknown,no_alert_not_final_benign,-1,dns,port
2025-07-19T23:02:40.140018+0700,103.195.142.74,118.98.44.20,41649,53,UDP,dns,,38426611270071,wire/pcap,0,0,0,0,0,0.0,0,0,0,none,0,none,0,0,0,no_alert_unknown,no_alert_not_final_benign,-1,dns,port
2025-07-19T23:02:40.158837+0700,103.195.142.75,8.8.8.8,18349,53,UDP,dns,,119250581885633,wire/pcap,0,0,0,0,0,0.0,0,0,0,none,0,none,0,0,0,no_alert_unknown,no_alert_not_final_benign,-1,dns,port
2025-07-19T23:02:40.158821+0700,103.195.142.74,202.134.0.155,48162,53,UDP,dns,,119182687717500,wire/pcap,0,0,0,0,0,0.0,0,0,0,none,0,none,0,0,0,no_alert_unknown,no_alert_not_final_benign,-1,dns,port
2025-07-19T23:02:40.176655+0700,103.195.142.74,118.98.44.20,49489,53,UDP,dns,,195779970834306,wire/pcap,0,0,0,0,0,0.0,0,0,0,none,0,none,0,0,0,no_alert_unknown,no_alert_not_final_benign,-1,dns,port
2025-07-19T23:02:40.176922+0700,103.195.142.74,202.134.0.155,33629,53,UDP,dns,,196928407387327,wire/pcap,0,0,0,0,0,0.0,0,0,0,none,0,none,0,0,0,no_alert_unknown,no_alert_not_final_benign,-1,dns,port
2025-07-19T23:02:40.193461+0700,103.195.142.75,8.8.8.8,56521,53,UDP,dns,,267961304875046,wire/pcap,0,0,0,0,0,0.0,0,0,0,none,0,none,0,0,0,no_alert_unknown,no_alert_not_final_benign,-1,dns,port
2025-07-19T23:02:40.195704+0700,103.195.142.75,8.8.8.8,43645,53,UDP,dns,,277595526210627,wire/pcap,0,0,0,0,0,0.0,0,0,0,none,0,none,0,0,0,no_alert_unknown,no_alert_not_final_benign,-1,dns,port
2025-07-19T23:02:40.199936+0700,103.195.142.76,87.98.154.119,53,14962,UDP,flow,failed,2146313643998088,,1,1,0,1469,0,0.0,1,1469,0,none,0,none,0,0,0,no_alert_unknown,no_alert_not_final_benign,-1,dns,port
2025-07-19T23:02:40.200004+0700,103.195.142.196,87.98.154.89,53,18731,UDP,flow,failed,1999403741068307,,1,1,0,1437,0,0.0,1,1437,0,none,0,none,0,0,0,no_alert_unknown,no_alert_not_final_benign,-1,dns,port
2025-07-19T23:02:40.200028+0700,103.195.142.75,8.8.8.8,37348,53,UDP,flow,dns,1750164515372082,,1,1,0,84,0,0.0,1,84,0,none,0,none,0,0,0,no_alert_unknown,no_alert_not_final_benign,-1,dns,app_proto+port
2025-07-19T23:02:40.200051+0700,103.195.142.195,87.98.154.208,53,51831,UDP,flow,failed,1913797180505294,,1,1,0,1437,0,0.0,1,1437,0,none,0,none,0,0,0,no_alert_unknown,no_alert_not_final_benign,-1,dns,port
2025-07-19T23:02:40.200086+0700,103.195.142.3,173.252.107.134,53,33503,UDP,flow,failed,231356903963899,,1,1,0,135,0,0.0,1,135,0,none,0,none,0,0,0,no_alert_unknown,no_alert_not_final_benign,-1,dns,port
2025-07-19T23:02:40.200147+0700,103.195.142.83,87.98.154.82,53,19514,UDP,flow,failed,1704936805285239,,1,3,0,3570,0,10.0,3,3570,0,none,0,none,0,0,0,no_alert_unknown,no_alert_not_final_benign,-1,dns,port
2025-07-19T23:02:40.200167+0700,103.195.142.74,202.134.0.155,7692,53,UDP,flow,dns,2052668066151869,,1,1,0,93,0,0.0,1,93,0,none,0,none,0,0,0,no_alert_unknown,no_alert_not_final_benign,-1,dns,app_proto+port
2025-07-19T23:02:40.200188+0700,103.195.142.165,87.98.154.119,53,1210,UDP,flow,failed,153459731578354,,1,1,0,1437,0,0.0,1,1437,0,none,0,none,0,0,0,no_alert_unknown,no_alert_not_final_benign,-1,dns,port
2025-07-19T23:02:40.200207+0700,103.195.142.74,202.134.0.155,40308,53,UDP,flow,dns,1828052910718516,,1,1,0,148,0,0.0,1,148,0,none,0,none,0,0,0,no_alert_unknown,no_alert_not_final_benign,-1,dns,app_proto+port
2025-07-19T23:02:40.200227+0700,103.195.142.83,87.98.154.119,53,4191,UDP,flow,failed,858381336134,,1,1,0,1190,0,0.0,1,1190,0,none,0,none,0,0,0,no_alert_unknown,no_alert_not_final_benign,-1,dns,port
2025-07-19T23:02:40.200246+0700,103.195.142.83,87.98.154.119,53,45746,UDP,flow,failed,93547916344915,,1,1,0,1190,0,0.0,1,1190,0,none,0,none,0,0,0,no_alert_unknown,no_alert_not_final_benign,-1,dns,port
2025-07-19T23:02:40.200275+0700,103.195.142.109,87.98.154.119,53,39468,UDP,flow,failed,2055687913586276,,1,1,0,1437,0,0.0,1,1437,0,none,0,none,0,0,0,no_alert_unknown,no_alert_not_final_benign,-1,dns,port
2025-07-19T23:02:40.200462+0700,103.195.142.109,87.98.154.119,53,53500,UDP,flow,failed,2122631752237024,,1,1,0,1437,0,0.0,1,1437,0,none,0,none,0,0,0,no_alert_unknown,no_alert_not_final_benign,-1,dns,port
2025-07-19T23:02:40.200483+0700,103.195.142.46,87.98.154.167,53,53081,UDP,flow,failed,1320359600963720,,1,3,0,4311,0,10.0,3,4311,0,none,0,none,0,0,0,no_alert_unknown,no_alert_not_final_benign,-1,dns,port
2025-07-19T23:02:40.200509+0700,103.195.142.2,173.252.107.131,53,29857,UDP,flow,failed,158036509442208,,1,1,0,189,0,0.0,1,189,0,none,0,none,0,0,0,no_alert_unknown,no_alert_not_final_benign,-1,dns,port
2025-07-19T23:02:40.200593+0700,103.195.142.74,118.98.44.100,14676,53,UDP,flow,dns,1970028090081559,,1,1,0,214,0,0.0,1,214,0,none,0,none,0,0,0,no_alert_unknown,no_alert_not_final_benign,-1,dns,app_proto+port
2025-07-19T23:02:40.200636+0700,103.195.142.74,118.98.44.50,15137,53,UDP,flow,dns,276754912559464,,1,1,0,214,0,0.0,1,214,0,none,0,none,0,0,0,no_alert_unknown,no_alert_not_final_benign,-1,dns,app_proto+port
2025-07-19T23:02:40.200657+0700,103.195.142.83,87.98.154.119,53,42133,UDP,flow,failed,1953414979633524,,1,1,0,1190,0,0.0,1,1190,0,none,0,none,0,0,0,no_alert_unknown,no_alert_not_final_benign,-1,dns,port
2025-07-19T23:02:40.200681+0700,103.195.142.196,87.98.154.33,53,18837,UDP,flow,failed,146500283712007,,1,1,0,1437,0,0.0,1,1437,0,none,0,none,0,0,0,no_alert_unknown,no_alert_not_final_benign,-1,dns,port
2025-07-19T23:02:40.200720+0700,103.195.142.74,202.134.0.155,57595,53,UDP,flow,dns,1790651640168970,,1,1,0,78,0,0.0,1,78,0,none,0,none,0,0,0,no_alert_unknown,no_alert_not_final_benign,-1,dns,app_proto+port
2025-07-19T23:02:40.200769+0700,103.195.142.109,87.98.154.119,53,28715,UDP,flow,failed,34850743304726,,1,1,0,1437,0,0.0,1,1437,0,none,0,none,0,0,0,no_alert_unknown,no_alert_not_final_benign,-1,dns,port
2025-07-19T23:02:40.200840+0700,103.195.142.74,118.98.44.50,56750,53,UDP,flow,dns,2032015732556363,,1,1,0,78,0,0.0,1,78,0,none,0,none,0,0,0,no_alert_unknown,no_alert_not_final_benign,-1,dns,app_proto+port
2025-07-19T23:02:40.200862+0700,103.195.142.83,87.98.154.117,53,15054,UDP,flow,failed,2076946372870782,,1,1,0,1190,0,0.0,1,1190,0,none,0,none,0,0,0,no_alert_unknown,no_alert_not_final_benign,-1,dns,port
2025-07-19T23:02:40.200881+0700,103.195.142.109,87.98.154.119,53,22315,UDP,flow,failed,119514443661998,,1,1,0,1437,0,0.0,1,1437,0,none,0,none,0,0,0,no_alert_unknown,no_alert_not_final_benign,-1,dns,port
2025-07-19T23:02:40.200899+0700,103.195.142.46,87.98.154.195,53,63453,UDP,flow,failed,101101185319621,,1,1,0,1437,0,0.0,1,1437,0,none,0,none,0,0,0,no_alert_unknown,no_alert_not_final_benign,-1,dns,port
2025-07-19T23:02:40.200918+0700,103.195.142.31,8.8.8.8,47330,53,UDP,flow,dns,271980066358071,,1,1,0,80,0,0.0,1,80,0,none,0,none,0,0,0,no_alert_unknown,no_alert_not_final_benign,-1,dns,app_proto+port
2025-07-19T23:02:40.200938+0700,103.195.142.2,118.98.99.214,53,4101,UDP,flow,failed,187879766999879,,1,1,0,132,0,0.0,1,132,0,none,0,none,0,0,0,no_alert_unknown,no_alert_not_final_benign,-1,dns,port
2025-07-19T23:02:40.201021+0700,103.195.142.75,8.8.8.8,41495,53,UDP,flow,dns,1916870321488730,,1,1,0,78,0,0.0,1,78,0,none,0,none,0,0,0,no_alert_unknown,no_alert_not_final_benign,-1,dns,app_proto+port
2025-07-19T23:02:40.201045+0700,103.195.142.2,180.251.22.224,53,40229,UDP,flow,failed,19624410399601,,1,1,0,135,0,0.0,1,135,0,none,0,none,0,0,0,no_alert_unknown,no_alert_not_final_benign,-1,dns,port
2025-07-19T23:02:40.201085+0700,103.195.142.165,87.98.154.13,53,31577,UDP,flow,failed,8277697217444,,1,1,0,1437,0,0.0,1,1437,0,none,0,none,0,0,0,no_alert_unknown,no_alert_not_final_benign,-1,dns,port
2025-07-19T23:02:40.201190+0700,103.195.142.74,118.98.44.50,17625,53,UDP,flow,dns,36928536036550,,1,1,0,96,0,0.0,1,96,0,none,0,none,0,0,0,no_alert_unknown,no_alert_not_final_benign,-1,dns,app_proto+port
2025-07-19T23:02:40.201234+0700,103.195.142.74,202.134.0.155,26460,53,UDP,flow,dns,2053085200500096,,1,1,0,85,0,0.0,1,85,0,none,0,none,0,0,0,no_alert_unknown,no_alert_not_final_benign,-1,dns,app_proto+port
2025-07-19T23:02:40.201308+0700,103.195.142.195,87.98.154.118,53,5721,UDP,flow,failed,2028655639643712,,1,1,0,1437,0,0.0,1,1437,0,none,0,none,0,0,0,no_alert_unknown,no_alert_not_final_benign,-1,dns,port
2025-07-19T23:02:40.201329+0700,103.195.142.74,118.98.44.100,23049,53,UDP,flow,dns,153043703023207,,1,1,0,87,0,0.0,1,87,0,none,0,none,0,0,0,no_alert_unknown,no_alert_not_final_benign,-1,dns,app_proto+port
2025-07-19T23:02:40.201362+0700,103.195.142.76,87.98.154.119,53,40716,UDP,flow,failed,280678108219059,,1,1,0,1469,0,0.0,1,1469,0,none,0,none,0,0,0,no_alert_unknown,no_alert_not_final_benign,-1,dns,port
2025-07-19T23:02:40.201381+0700,103.195.142.46,87.98.154.119,53,38521,UDP,flow,failed,1725468243445465,,1,1,0,1437,0,0.0,1,1437,0,none,0,none,0,0,0,no_alert_unknown,no_alert_not_final_benign,-1,dns,port
2025-07-19T23:02:40.201426+0700,103.195.142.74,118.98.44.100,11260,53,UDP,flow,dns,117512485455614,,1,1,0,178,0,0.0,1,178,0,none,0,none,0,0,0,no_alert_unknown,no_alert_not_final_benign,-1,dns,app_proto+port
2025-07-19T23:02:40.201467+0700,103.195.142.46,87.98.154.119,53,62143,UDP,flow,failed,2044403357239163,,1,1,0,1437,0,0.0,1,1437,0,none,0,none,0,0,0,no_alert_unknown,no_alert_not_final_benign,-1,dns,port
2025-07-19T23:02:40.201501+0700,103.195.142.74,118.98.44.20,26560,53,UDP,flow,dns,83855321057293,,1,1,0,178,0,0.0,1,178,0,none,0,none,0,0,0,no_alert_unknown,no_alert_not_final_benign,-1,dns,app_proto+port
2025-07-19T23:02:40.201522+0700,103.195.142.109,87.98.154.119,53,33610,UDP,flow,failed,1946384875833495,,1,1,0,1437,0,0.0,1,1437,0,none,0,none,0,0,0,no_alert_unknown,no_alert_not_final_benign,-1,dns,port
2025-07-19T23:02:40.201580+0700,103.195.142.76,87.98.154.119,53,37289,UDP,flow,failed,2251206274107939,,1,1,0,1469,0,0.0,1,1469,0,none,0,none,0,0,0,no_alert_unknown,no_alert_not_final_benign,-1,dns,port
2025-07-19T23:02:40.201697+0700,103.195.142.195,87.98.154.40,53,43489,UDP,flow,failed,2066491909524157,,1,1,0,1437,0,0.0,1,1437,0,none,0,none,0,0,0,no_alert_unknown,no_alert_not_final_benign,-1,dns,port
2025-07-19T23:02:40.201737+0700,103.195.142.165,87.98.154.119,53,34992,UDP,flow,failed,2154597045816092,,1,1,0,1437,0,0.0,1,1437,0,none,0,none,0,0,0,no_alert_unknown,no_alert_not_final_benign,-1,dns,port
2025-07-19T23:02:40.201821+0700,103.195.142.46,87.98.154.167,53,63452,UDP,flow,failed,183873062488881,,1,1,0,1437,0,0.0,1,1437,0,none,0,none,0,0,0,no_alert_unknown,no_alert_not_final_benign,-1,dns,port
2025-07-19T23:02:40.201860+0700,103.195.142.109,87.98.154.119,53,6167,UDP,flow,failed,2206201950292862,,1,1,0,1437,0,0.0,1,1437,0,none,0,none,0,0,0,no_alert_unknown,no_alert_not_final_benign,-1,dns,port
2025-07-19T23:02:40.201879+0700,103.195.142.74,118.98.44.20,55263,53,UDP,flow,dns,2201227509615564,,1,1,0,92,0,0.0,1,92,0,none,0,none,0,0,0,no_alert_unknown,no_alert_not_final_benign,-1,dns,app_proto+port
2025-07-19T23:02:40.201899+0700,103.195.142.74,118.98.44.100,1094,53,UDP,flow,dns,77067847846890,,1,1,0,100,0,0.0,1,100,0,none,0,none,0,0,0,no_alert_unknown,no_alert_not_final_benign,-1,dns,app_proto+port
2025-07-19T23:02:40.201925+0700,103.195.142.75,8.8.8.8,17079,53,UDP,flow,dns,17330330913792,,1,1,0,214,0,0.0,1,214,0,none,0,none,0,0,0,no_alert_unknown,no_alert_not_final_benign,-1,dns,app_proto+port
2025-07-19T23:02:40.201945+0700,103.195.142.74,118.98.44.100,62833,53,UDP,flow,dns,130112905858101,,1,1,0,214,0,0.0,1,214,0,none,0,none,0,0,0,no_alert_unknown,no_alert_not_final_benign,-1,dns,app_proto+port
2025-07-19T23:02:40.201984+0700,103.195.142.76,87.98.154.214,53,57778,UDP,flow,failed,2058949589847230,,1,1,0,1469,0,0.0,1,1469,0,none,0,none,0,0,0,no_alert_unknown,no_alert_not_final_benign,-1,dns,port
2025-07-19T23:02:40.202026+0700,103.195.142.74,118.98.44.100,45080,53,UDP,flow,dns,1948719354203422,,1,1,0,91,0,0.0,1,91,0,none,0,none,0,0,0,no_alert_unknown,no_alert_not_final_benign,-1,dns,app_proto+port
2025-07-19T23:02:40.202047+0700,103.195.142.74,118.98.44.50,51291,53,UDP,flow,dns,2165871885864227,,1,1,0,220,0,0.0,1,220,0,none,0,none,0,0,0,no_alert_unknown,no_alert_not_final_benign,-1,dns,app_proto+port
2025-07-19T23:02:40.202072+0700,103.195.142.75,8.8.8.8,44936,53,UDP,flow,dns,2204421982965244,,1,1,0,86,0,0.0,1,86,0,none,0,none,0,0,0,no_alert_unknown,no_alert_not_final_benign,-1,dns,app_proto+port
2025-07-19T23:02:40.202095+0700,103.195.142.76,87.98.154.162,53,38987,UDP,flow,failed,159935302127116,,1,1,0,1469,0,0.0,1,1469,0,none,0,none,0,0,0,no_alert_unknown,no_alert_not_final_benign,-1,dns,port
2025-07-19T23:02:40.202141+0700,103.195.142.74,202.134.0.155,9271,53,UDP,flow,dns,1718208199773715,,1,1,0,77,0,0.0,1,77,0,none,0,none,0,0,0,no_alert_unknown,no_alert_not_final_benign,-1,dns,app_proto+port
2025-07-19T23:02:40.202161+0700,103.195.142.74,118.98.44.20,61017,53,UDP,flow,dns,2044695181577776,,1,1,0,211,0,0.0,1,211,0,none,0,none,0,0,0,no_alert_unknown,no_alert_not_final_benign,-1,dns,app_proto+port
2025-07-19T23:02:40.202181+0700,103.195.142.83,87.98.154.119,53,56762,UDP,flow,failed,81086475849509,,1,1,0,1190,0,0.0,1,1190,0,none,0,none,0,0,0,no_alert_unknown,no_alert_not_final_benign,-1,dns,port
2025-07-19T23:02:40.202199+0700,103.195.142.46,87.98.154.111,53,4452,UDP,flow,failed,1944113152511896,,1,3,0,4311,0,9.0,3,4311,0,none,0,none,0,0,0,no_alert_unknown,no_alert_not_final_benign,-1,dns,port
2025-07-19T23:02:40.202248+0700,103.195.142.3,180.251.22.132,53,62240,UDP,flow,failed,241904223440874,,1,1,0,138,0,0.0,1,138,0,none,0,none,0,0,0,no_alert_unknown,no_alert_not_final_benign,-1,dns,port
2025-07-19T23:02:40.202291+0700,103.195.142.74,118.98.44.20,36315,53,UDP,flow,dns,232079626260532,,1,1,0,214,0,0.0,1,214,0,none,0,none,0,0,0,no_alert_unknown,no_alert_not_final_benign,-1,dns,app_proto+port
2025-07-19T23:02:40.202325+0700,103.195.142.75,8.8.8.8,54948,53,UDP,flow,dns,1936709724393626,,1,1,0,68,0,0.0,1,68,0,none,0,none,0,0,0,no_alert_unknown,no_alert_not_final_benign,-1,dns,app_proto+port
2025-07-19T23:02:40.202384+0700,103.195.142.46,87.98.154.83,53,57985,UDP,flow,failed,1779254562246810,,1,3,0,4311,0,10.0,3,4311,0,none,0,none,0,0,0,no_alert_unknown,no_alert_not_final_benign,-1,dns,port
2025-07-19T23:02:40.202428+0700,103.195.142.46,87.98.154.103,53,23181,UDP,flow,failed,100125855830224,,1,1,0,1437,0,0.0,1,1437,0,none,0,none,0,0,0,no_alert_unknown,no_alert_not_final_benign,-1,dns,port
2025-07-19T23:02:40.202505+0700,103.195.142.165,87.98.154.209,53,5670,UDP,flow,failed,1794947817460112,,1,1,0,1437,0,0.0,1,1437,0,none,0,none,0,0,0,no_alert_unknown,no_alert_not_final_benign,-1,dns,port
2025-07-19T23:02:40.202537+0700,103.195.142.74,118.98.44.100,26299,53,UDP,flow,dns,109777740943767,,1,1,0,87,0,0.0,1,87,0,none,0,none,0,0,0,no_alert_unknown,no_alert_not_final_benign,-1,dns,app_proto+port
2025-07-19T23:02:40.202571+0700,103.195.142.3,173.252.107.136,53,10087,UDP,flow,failed,82741349372372,,1,1,0,178,0,0.0,1,178,0,none,0,none,0,0,0,no_alert_unknown,no_alert_not_final_benign,-1,dns,port
2025-07-19T23:02:40.202591+0700,103.195.142.196,87.98.154.119,53,52443,UDP,flow,failed,1962112061198811,,1,1,0,1437,0,0.0,1,1437,0,none,0,none,0,0,0,no_alert_unknown,no_alert_not_final_benign,-1,dns,port
2025-07-19T23:02:40.202612+0700,103.195.142.74,118.98.44.50,7079,53,UDP,flow,dns,2220988383744578,,1,1,0,214,0,0.0,1,214,0,none,0,none,0,0,0,no_alert_unknown,no_alert_not_final_benign,-1,dns,app_proto+port
2025-07-19T23:02:40.202635+0700,103.195.142.74,202.134.0.155,23330,53,UDP,flow,dns,220857716822631,,1,1,0,77,0,0.0,1,77,0,none,0,none,0,0,0,no_alert_unknown,no_alert_not_final_benign,-1,dns,app_proto+port
2025-07-19T23:02:40.202823+0700,103.195.142.74,118.98.44.100,13979,53,UDP,flow,dns,1774568003589042,,1,1,0,178,0,0.0,1,178,0,none,0,none,0,0,0,no_alert_unknown,no_alert_not_final_benign,-1,dns,app_proto+port
2025-07-19T23:02:40.202844+0700,103.195.142.195,87.98.154.119,53,13496,UDP,flow,failed,2004506085151772,,1,1,0,1437,0,0.0,1,1437,0,none,0,none,0,0,0,no_alert_unknown,no_alert_not_final_benign,-1,dns,port
2025-07-19T23:02:40.202893+0700,103.195.142.76,87.98.154.119,53,10010,UDP,flow,failed,1977980939850982,,1,1,0,1469,0,0.0,1,1469,0,none,0,none,0,0,0,no_alert_unknown,no_alert_not_final_benign,-1,dns,port
2025-07-19T23:02:40.202925+0700,103.195.142.74,202.134.0.155,48091,53,UDP,flow,dns,2125363486053694,,1,1,0,68,0,0.0,1,68,0,none,0,none,0,0,0,no_alert_unknown,no_alert_not_final_benign,-1,dns,app_proto+port
2025-07-19T23:02:40.203015+0700,103.195.142.74,118.98.44.50,36385,53,UDP,flow,dns,154075000329746,,1,1,0,78,0,0.0,1,78,0,none,0,none,0,0,0,no_alert_unknown,no_alert_not_final_benign,-1,dns,app_proto+port
2025-07-19T23:02:40.203061+0700,103.195.142.195,87.98.154.119,53,58243,UDP,flow,failed,44253635335841,,1,1,0,1437,0,0.0,1,1437,0,none,0,none,0,0,0,no_alert_unknown,no_alert_not_final_benign,-1,dns,port
2025-07-19T23:02:40.203120+0700,103.195.142.74,118.98.44.100,55142,53,UDP,flow,dns,2081097400506199,,1,1,0,196,0,0.0,1,196,0,none,0,none,0,0,0,no_alert_unknown,no_alert_not_final_benign,-1,dns,app_proto+port
2025-07-19T23:02:40.203142+0700,103.195.142.195,87.98.154.84,53,29236,UDP,flow,failed,235751509317562,,1,1,0,1437,0,0.0,1,1437,0,none,0,none,0,0,0,no_alert_unknown,no_alert_not_final_benign,-1,dns,port
2025-07-19T23:02:40.203184+0700,103.195.142.74,202.134.0.155,11867,53,UDP,flow,dns,2101610315896868,,1,1,0,84,0,0.0,1,84,0,none,0,none,0,0,0,no_alert_unknown,no_alert_not_final_benign,-1,dns,app_proto+port
2025-07-19T23:02:40.203211+0700,103.195.142.74,202.134.0.155,1854,53,UDP,flow,dns,279426206914648,,1,1,0,214,0,0.0,1,214,0,none,0,none,0,0,0,no_alert_unknown,no_alert_not_final_benign,-1,dns,app_proto+port
2025-07-19T23:02:40.203233+0700,103.195.142.76,87.98.154.82,53,49146,UDP,flow,failed,2227266259572848,,1,1,0,1469,0,0.0,1,1469,0,none,0,none,0,0,0,no_alert_unknown,no_alert_not_final_benign,-1,dns,port
2025-07-19T23:02:40.203254+0700,103.195.142.74,118.98.44.50,23224,53,UDP,flow,dns,1747583215196300,,1,1,0,89,0,0.0,1,89,0,none,0,none,0,0,0,no_alert_unknown,no_alert_not_final_benign,-1,dns,app_proto+port
2025-07-19T23:02:40.203274+0700,103.195.142.74,118.98.44.100,28318,53,UDP,flow,dns,1752576528734644,,1,1,0,85,0,0.0,1,85,0,none,0,none,0,0,0,no_alert_unknown,no_alert_not_final_benign,-1,dns,app_proto+port
2025-07-19T23:02:40.203294+0700,103.195.142.46,87.98.154.223,53,30125,UDP,flow,failed,2249970833021535,,1,1,0,1437,0,0.0,1,1437,0,none,0,none,0,0,0,no_alert_unknown,no_alert_not_final_benign,-1,dns,port
2025-07-19T23:02:40.203362+0700,103.195.142.196,87.98.154.119,53,44806,UDP,flow,failed,232127024257835,,1,1,0,1437,0,0.0,1,1437,0,none,0,none,0,0,0,no_alert_unknown,no_alert_not_final_benign,-1,dns,port
2025-07-19T23:02:40.203404+0700,103.195.142.76,87.98.154.119,53,15728,UDP,flow,failed,194533011676049,,1,1,0,1469,0,0.0,1,1469,0,none,0,none,0,0,0,no_alert_unknown,no_alert_not_final_benign,-1,dns,port
2025-07-19T23:02:40.203442+0700,103.195.142.75,8.8.8.8,5555,53,UDP,flow,dns,2029833746176984,,1,1,0,68,0,0.0,1,68,0,none,0,none,0,0,0,no_alert_unknown,no_alert_not_final_benign,-1,dns,app_proto+port
2025-07-19T23:02:40.203490+0700,103.195.142.109,87.98.154.119,53,59852,UDP,flow,failed,1971587019168819,,1,1,0,1437,0,0.0,1,1437,0,none,0,none,0,0,0,no_alert_unknown,no_alert_not_final_benign,-1,dns,port
2025-07-19T23:02:40.203548+0700,103.195.142.109,87.98.154.118,53,18601,UDP,flow,failed,1950200826879052,,1,1,0,1437,0,0.0,1,1437,0,none,0,none,0,0,0,no_alert_unknown,no_alert_not_final_benign,-1,dns,port
2025-07-19T23:02:40.203567+0700,103.195.142.109,87.98.154.165,53,8532,UDP,flow,failed,149248593943705,,1,1,0,1437,0,0.0,1,1437,0,none,0,none,0,0,0,no_alert_unknown,no_alert_not_final_benign,-1,dns,port
2025-07-19T23:02:40.203591+0700,103.195.142.74,202.134.0.155,9684,53,UDP,flow,dns,34248826412207,,1,1,0,178,0,0.0,1,178,0,none,0,none,0,0,0,no_alert_unknown,no_alert_not_final_benign,-1,dns,app_proto+port
2025-07-19T23:02:40.203612+0700,103.195.142.109,87.98.154.101,53,27810,UDP,flow,failed,2000787283238120,,1,1,0,1437,0,0.0,1,1437,0,none,0,none,0,0,0,no_alert_unknown,no_alert_not_final_benign,-1,dns,port
2025-07-19T23:02:40.203632+0700,103.195.142.195,87.98.154.68,53,31641,UDP,flow,failed,1714983075306898,,1,1,0,1437,0,0.0,1,1437,0,none,0,none,0,0,0,no_alert_unknown,no_alert_not_final_benign,-1,dns,port
2025-07-19T23:02:40.203651+0700,103.195.142.2,180.251.22.245,53,57633,UDP,flow,failed,90344852741566,,1,1,0,181,0,0.0,1,181,0,none,0,none,0,0,0,no_alert_unknown,no_alert_not_final_benign,-1,dns,port
2025-07-19T23:02:40.203670+0700,103.195.142.83,87.98.154.22,53,45561,UDP,flow,failed,2111274075479501,,1,1,0,1190,0,0.0,1,1190,0,none,0,none,0,0,0,no_alert_unknown,no_alert_not_final_benign,-1,dns,port
2025-07-19T23:02:40.203719+0700,103.195.142.3,180.250.121.37,53,1346,UDP,flow,failed,186455582694932,,1,1,0,132,0,0.0,1,132,0,none,0,none,0,0,0,no_alert_unknown,no_alert_not_final_benign,-1,dns,port
2025-07-19T23:02:40.203817+0700,103.195.142.46,87.98.154.119,53,33724,UDP,flow,failed,165686673071939,,1,1,0,1437,0,0.0,1,1437,0,none,0,none,0,0,0,no_alert_unknown,no_alert_not_final_benign,-1,dns,port
2025-07-19T23:02:40.203919+0700,103.195.142.75,8.8.8.8,40560,53,UDP,flow,dns,1980281253585063,,1,1,0,68,0,0.0,1,68,0,none,0,none,0,0,0,no_alert_unknown,no_alert_not_final_benign,-1,dns,app_proto+port
2025-07-19T23:02:40.203942+0700,103.195.142.74,118.98.44.100,30069,53,UDP,flow,dns,222159934644484,,1,1,0,74,0,0.0,1,74,0,none,0,none,0,0,0,no_alert_unknown,no_alert_not_final_benign,-1,dns,app_proto+port
2025-07-19T23:02:40.203963+0700,103.195.142.196,87.98.154.177,53,22364,UDP,flow,failed,2208851054289223,,1,1,0,1437,0,0.0,1,1437,0,none,0,none,0,0,0,no_alert_unknown,no_alert_not_final_benign,-1,dns,port
2025-07-19T23:02:40.203991+0700,103.195.142.165,87.98.154.209,53,46663,UDP,flow,failed,228270245601626,,1,1,0,1437,0,0.0,1,1437,0,none,0,none,0,0,0,no_alert_unknown,no_alert_not_final_benign,-1,dns,port
2025-07-19T23:02:40.204010+0700,103.195.142.74,118.98.44.50,21178,53,UDP,flow,dns,1834578636169618,,1,1,0,87,0,0.0,1,87,0,none,0,none,0,0,0,no_alert_unknown,no_alert_not_final_benign,-1,dns,app_proto+port
2025-07-19T23:02:40.204029+0700,103.195.142.76,87.98.154.26,53,23421,UDP,flow,failed,1997582346215850,,1,1,0,1469,0,0.0,1,1469,0,none,0,none,0,0,0,no_alert_unknown,no_alert_not_final_benign,-1,dns,port
2025-07-19T23:02:40.204048+0700,103.195.142.196,87.98.154.119,53,52598,UDP,flow,failed,256328841421299,,1,1,0,1437,0,0.0,1,1437,0,none,0,none,0,0,0,no_alert_unknown,no_alert_not_final_benign,-1,dns,port
2025-07-19T23:02:40.204067+0700,103.195.142.83,87.98.154.119,53,1153,UDP,flow,failed,1724447424504409,,1,1,0,1190,0,0.0,1,1190,0,none,0,none,0,0,0,no_alert_unknown,no_alert_not_final_benign,-1,dns,port
2025-07-19T23:02:40.204085+0700,103.195.142.74,118.98.44.50,6897,53,UDP,flow,dns,2061520020169320,,1,1,0,85,0,0.0,1,85,0,none,0,none,0,0,0,no_alert_unknown,no_alert_not_final_benign,-1,dns,app_proto+port
2025-07-19T23:02:40.204120+0700,103.195.142.109,87.98.154.119,53,46902,UDP,flow,failed,137305029272194,,1,1,0,1437,0,0.0,1,1437,0,none,0,none,0,0,0,no_alert_unknown,no_alert_not_final_benign,-1,dns,port
2025-07-19T23:02:40.204140+0700,103.195.142.195,87.98.154.118,53,34373,UDP,flow,failed,1894279419191949,,1,1,0,1437,0,0.0,1,1437,0,none,0,none,0,0,0,no_alert_unknown,no_alert_not_final_benign,-1,dns,port
2025-07-19T23:02:40.204164+0700,103.195.142.74,118.98.44.100,25551,53,UDP,flow,dns,1802714180084384,,1,1,0,142,0,0.0,1,142,0,none,0,none,0,0,0,no_alert_unknown,no_alert_not_final_benign,-1,dns,app_proto+port
2025-07-19T23:02:40.204209+0700,103.195.142.165,87.98.154.209,53,2751,UDP,flow,failed,1744695573275489,,1,1,0,1437,0,0.0,1,1437,0,none,0,none,0,0,0,no_alert_unknown,no_alert_not_final_benign,-1,dns,port
2025-07-19T23:02:40.204268+0700,103.195.142.74,118.98.44.100,6934,53,UDP,flow,dns,103666895807399,,1,1,0,94,0,0.0,1,94,0,none,0,none,0,0,0,no_alert_unknown,no_alert_not_final_benign,-1,dns,app_proto+port
2025-07-19T23:02:40.204297+0700,103.195.142.83,87.98.154.119,53,37943,UDP,flow,failed,1986915876922323,,1,1,0,1190,0,0.0,1,1190,0,none,0,none,0,0,0,no_alert_unknown,no_alert_not_final_benign,-1,dns,port
2025-07-19T23:02:40.204317+0700,103.195.142.74,118.98.44.100,38737,53,UDP,flow,dns,2116304880460777,,1,1,0,77,0,0.0,1,77,0,none,0,none,0,0,0,no_alert_unknown,no_alert_not_final_benign,-1,dns,app_proto+port
2025-07-19T23:02:40.204359+0700,103.195.142.76,87.98.154.226,53,19844,UDP,flow,failed,143446772802631,,1,1,0,1469,0,0.0,1,1469,0,none,0,none,0,0,0,no_alert_unknown,no_alert_not_final_benign,-1,dns,port
2025-07-19T23:02:40.204407+0700,103.195.142.109,87.98.154.118,53,46048,UDP,flow,failed,48699803427944,,1,1,0,1437,0,0.0,1,1437,0,none,0,none,0,0,0,no_alert_unknown,no_alert_not_final_benign,-1,dns,port
2025-07-19T23:02:40.204505+0700,103.195.142.74,118.98.44.20,45074,53,UDP,flow,dns,6988950463706,,1,1,0,77,0,0.0,1,77,0,none,0,none,0,0,0,no_alert_unknown,no_alert_not_final_benign,-1,dns,app_proto+port
2025-07-19T23:02:40.204526+0700,103.195.142.3,173.252.107.134,53,63516,UDP,flow,failed,2090637181117694,,1,1,0,154,0,0.0,1,154,0,none,0,none,0,0,0,no_alert_unknown,no_alert_not_final_benign,-1,dns,port
2025-07-19T23:02:40.204573+0700,103.195.142.46,87.98.154.119,53,44642,UDP,flow,failed,170321807598951,,1,1,0,1437,0,0.0,1,1437,0,none,0,none,0,0,0,no_alert_unknown,no_alert_not_final_benign,-1,dns,port
2025-07-19T23:02:40.204592+0700,103.195.142.46,87.98.154.55,53,21185,UDP,flow,failed,208897260709254,,1,1,0,1437,0,0.0,1,1437,0,none,0,none,0,0,0,no_alert_unknown,no_alert_not_final_benign,-1,dns,port
2025-07-19T23:02:40.204631+0700,103.195.142.196,87.98.154.119,53,57040,UDP,flow,failed,67656775362080,,1,1,0,1437,0,0.0,1,1437,0,none,0,none,0,0,0,no_alert_unknown,no_alert_not_final_benign,-1,dns,port
2025-07-19T23:02:40.204671+0700,103.195.142.46,87.98.154.251,53,10700,UDP,flow,failed,1964398534846269,,1,1,0,1437,0,0.0,1,1437,0,none,0,none,0,0,0,no_alert_unknown,no_alert_not_final_benign,-1,dns,port
2025-07-19T23:02:40.204695+0700,103.195.142.83,87.98.154.130,53,59093,UDP,flow,failed,2047092166747966,,1,1,0,1190,0,0.0,1,1190,0,none,0,none,0,0,0,no_alert_unknown,no_alert_not_final_benign,-1,dns,port
2025-07-19T23:02:40.204737+0700,103.195.142.75,8.8.8.8,51495,53,UDP,flow,dns,2193111205013332,,1,1,0,83,0,0.0,1,83,0,none,0,none,0,0,0,no_alert_unknown,no_alert_not_final_benign,-1,dns,app_proto+port
2025-07-19T23:02:40.204818+0700,103.195.142.46,87.98.154.223,53,1740,UDP,flow,failed,2158123875821740,,1,1,0,1437,0,0.0,1,1437,0,none,0,none,0,0,0,no_alert_unknown,no_alert_not_final_benign,-1,dns,port
2025-07-19T23:02:40.204864+0700,103.195.142.46,87.98.154.119,53,18366,UDP,flow,failed,1788438804490669,,1,1,0,1437,0,0.0,1,1437,0,none,0,none,0,0,0,no_alert_unknown,no_alert_not_final_benign,-1,dns,port
2025-07-19T23:02:40.204883+0700,103.195.142.46,87.98.154.51,53,1119,UDP,flow,failed,2161315059198384,,1,1,0,1437,0,0.0,1,1437,0,none,0,none,0,0,0,no_alert_unknown,no_alert_not_final_benign,-1,dns,port
2025-07-19T23:02:40.204902+0700,103.195.142.74,202.134.0.155,19005,53,UDP,flow,dns,1753117221906964,,1,1,0,196,0,0.0,1,196,0,none,0,none,0,0,0,no_alert_unknown,no_alert_not_final_benign,-1,dns,app_proto+port
2025-07-19T23:02:40.204922+0700,103.195.142.3,51.178.111.230,53,51816,UDP,flow,failed,1757300323248704,,1,1,0,148,0,0.0,1,148,0,none,0,none,0,0,0,no_alert_unknown,no_alert_not_final_benign,-1,dns,port
2025-07-19T23:02:40.204964+0700,103.195.142.74,118.98.44.50,10458,53,UDP,flow,dns,1775208002349687,,1,1,0,214,0,0.0,1,214,0,none,0,none,0,0,0,no_alert_unknown,no_alert_not_final_benign,-1,dns,app_proto+port
2025-07-19T23:02:40.204984+0700,103.195.142.46,87.98.154.117,53,41677,UDP,flow,failed,1824237101378239,,1,1,0,1437,0,0.0,1,1437,0,none,0,none,0,0,0,no_alert_unknown,no_alert_not_final_benign,-1,dns,port
2025-07-19T23:02:40.205007+0700,103.195.142.195,87.98.154.119,53,41054,UDP,flow,failed,1987375044619009,,1,1,0,1437,0,0.0,1,1437,0,none,0,none,0,0,0,no_alert_unknown,no_alert_not_final_benign,-1,dns,port
2025-07-19T23:02:40.205026+0700,103.195.142.2,180.251.22.226,53,65314,UDP,flow,failed,150128464096021,,1,1,0,154,0,0.0,1,154,0,none,0,none,0,0,0,no_alert_unknown,no_alert_not_final_benign,-1,dns,port
2025-07-19T23:02:40.205045+0700,103.195.142.76,87.98.154.54,53,25596,UDP,flow,failed,192827070212901,,1,1,0,1469,0,0.0,1,1469,0,none,0,none,0,0,0,no_alert_unknown,no_alert_not_final_benign,-1,dns,port
2025-07-19T23:02:40.205087+0700,103.195.142.76,87.98.154.138,53,52929,UDP,flow,failed,1722137817770889,,1,1,0,1469,0,0.0,1,1469,0,none,0,none,0,0,0,no_alert_unknown,no_alert_not_final_benign,-1,dns,port
2025-07-19T23:02:40.205196+0700,103.195.142.74,118.98.44.100,26206,53,UDP,flow,dns,146624581790790,,1,1,0,68,0,0.0,1,68,0,none,0,none,0,0,0,no_alert_unknown,no_alert_not_final_benign,-1,dns,app_proto+port
2025-07-19T23:02:40.205216+0700,103.195.142.74,118.98.44.100,23286,53,UDP,flow,dns,1815354181086310,,1,1,0,71,0,0.0,1,71,0,none,0,none,0,0,0,no_alert_unknown,no_alert_not_final_benign,-1,dns,app_proto+port
2025-07-19T23:02:40.205255+0700,103.195.142.76,87.98.154.54,53,42125,UDP,flow,failed,1707396697549976,,1,1,0,1469,0,0.0,1,1469,0,none,0,none,0,0,0,no_alert_unknown,no_alert_not_final_benign,-1,dns,port
2025-07-19T23:02:40.205298+0700,103.195.142.76,87.98.154.119,53,44668,UDP,flow,failed,2069847920733411,,1,1,0,1469,0,0.0,1,1469,0,none,0,none,0,0,0,no_alert_unknown,no_alert_not_final_benign,-1,dns,port
2025-07-19T23:02:40.205321+0700,103.195.142.83,87.98.154.119,53,38249,UDP,flow,failed,1807471017913638,,1,1,0,1190,0,0.0,1,1190,0,none,0,none,0,0,0,no_alert_unknown,no_alert_not_final_benign,-1,dns,port
2025-07-19T23:02:40.205340+0700,103.195.142.74,118.98.44.50,12281,53,UDP,flow,dns,82163192884580,,1,1,0,101,0,0.0,1,101,0,none,0,none,0,0,0,no_alert_unknown,no_alert_not_final_benign,-1,dns,app_proto+port
2025-07-19T23:02:40.205360+0700,103.195.142.196,87.98.154.205,53,12427,UDP,flow,failed,1713319360064886,,1,3,0,4311,0,10.0,3,4311,0,none,0,none,0,0,0,no_alert_unknown,no_alert_not_final_benign,-1,dns,port
2025-07-19T23:02:40.205423+0700,103.195.142.75,8.8.8.8,50605,53,UDP,flow,dns,198736156749244,,1,1,0,79,0,0.0,1,79,0,none,0,none,0,0,0,no_alert_unknown,no_alert_not_final_benign,-1,dns,app_proto+port
2025-07-19T23:02:40.205493+0700,103.195.142.46,87.98.154.119,53,21115,UDP,flow,failed,1901814566678263,,1,1,0,1437,0,0.0,1,1437,0,none,0,none,0,0,0,no_alert_unknown,no_alert_not_final_benign,-1,dns,port
2025-07-19T23:02:40.205578+0700,103.195.142.83,87.98.154.118,53,12551,UDP,flow,failed,1734470204715009,,1,1,0,1190,0,0.0,1,1190,0,none,0,none,0,0,0,no_alert_unknown,no_alert_not_final_benign,-1,dns,port
2025-07-19T23:02:40.205597+0700,103.195.142.46,87.98.154.223,53,59974,UDP,flow,failed,2022268793778430,,1,1,0,1437,0,0.0,1,1437,0,none,0,none,0,0,0,no_alert_unknown,no_alert_not_final_benign,-1,dns,port
2025-07-19T23:02:40.205616+0700,103.195.142.74,118.98.44.50,4328,53,UDP,flow,dns,2002888442900780,,1,1,0,202,0,0.0,1,202,0,none,0,none,0,0,0,no_alert_unknown,no_alert_not_final_benign,-1,dns,app_proto+port
2025-07-19T23:02:40.205688+0700,103.195.142.74,202.134.0.155,52788,53,UDP,flow,dns,51951367811600,,1,1,0,90,0,0.0,1,90,0,none,0,none,0,0,0,no_alert_unknown,no_alert_not_final_benign,-1,dns,app_proto+port
2025-07-19T23:02:40.205750+0700,103.195.142.109,87.98.154.119,53,5891,UDP,flow,failed,1919716518130361,,1,1,0,1437,0,0.0,1,1437,0,none,0,none,0,0,0,no_alert_unknown,no_alert_not_final_benign,-1,dns,port
2025-07-19T23:02:40.205796+0700,103.195.142.83,87.98.154.119,53,54740,UDP,flow,failed,2133742991373197,,1,1,0,1190,0,0.0,1,1190,0,none,0,none,0,0,0,no_alert_unknown,no_alert_not_final_benign,-1,dns,port
2025-07-19T23:02:40.205861+0700,103.195.142.3,13.66.133.250,53,54313,UDP,flow,failed,1838770344817717,,1,1,0,170,0,0.0,1,170,0,none,0,none,0,0,0,no_alert_unknown,no_alert_not_final_benign,-1,dns,port
2025-07-19T23:02:40.205880+0700,103.195.142.74,118.98.44.100,30285,53,UDP,flow,dns,1815559528379482,,1,1,0,77,0,0.0,1,77,0,none,0,none,0,0,0,no_alert_unknown,no_alert_not_final_benign,-1,dns,app_proto+port
2025-07-19T23:02:40.205925+0700,103.195.142.195,87.98.154.119,53,55463,UDP,flow,failed,2145446767228196,,1,1,0,1437,0,0.0,1,1437,0,none,0,none,0,0,0,no_alert_unknown,no_alert_not_final_benign,-1,dns,port
2025-07-19T23:02:40.205944+0700,103.195.142.74,118.98.44.50,16352,53,UDP,flow,dns,2038301803672934,,1,1,0,223,0,0.0,1,223,0,none,0,none,0,0,0,no_alert_unknown,no_alert_not_final_benign,-1,dns,app_proto+port
2025-07-19T23:02:40.206006+0700,103.195.142.74,118.98.44.50,41413,53,UDP,flow,dns,1953868719388105,,1,1,0,104,0,0.0,1,104,0,none,0,none,0,0,0,no_alert_unknown,no_alert_not_final_benign,-1,dns,app_proto+port
2025-07-19T23:02:40.206047+0700,103.195.142.165,87.98.154.9,53,19320,UDP,flow,failed,2223357882398315,,1,1,0,1437,0,0.0,1,1437,0,none,0,none,0,0,0,no_alert_unknown,no_alert_not_final_benign,-1,dns,port
2025-07-19T23:02:40.206066+0700,103.195.142.75,8.8.8.8,20529,53,UDP,flow,dns,83951384196762,,1,1,0,202,0,0.0,1,202,0,none,0,none,0,0,0,no_alert_unknown,no_alert_not_final_benign,-1,dns,app_proto+port
2025-07-19T23:02:40.206091+0700,103.195.142.165,87.98.154.237,53,41153,UDP,flow,failed,2248819620706058,,1,1,0,1437,0,0.0,1,1437,0,none,0,none,0,0,0,no_alert_unknown,no_alert_not_final_benign,-1,dns,port
2025-07-19T23:02:40.206123+0700,103.195.142.74,202.134.0.155,62153,53,UDP,flow,dns,2039380978956115,,1,1,0,178,0,0.0,1,178,0,none,0,none,0,0,0,no_alert_unknown,no_alert_not_final_benign,-1,dns,app_proto+port
2025-07-19T23:02:40.206143+0700,103.195.142.74,202.134.0.155,48392,53,UDP,flow,dns,1780505890322285,,1,1,0,94,0,0.0,1,94,0,none,0,none,0,0,0,no_alert_unknown,no_alert_not_final_benign,-1,dns,app_proto+port
2025-07-19T23:02:40.206163+0700,103.195.142.74,118.98.44.20,64016,53,UDP,flow,dns,1994112212334565,,1,1,0,84,0,0.0,1,84,0,none,0,none,0,0,0,no_alert_unknown,no_alert_not_final_benign,-1,dns,app_proto+port
2025-07-19T23:02:40.206182+0700,103.195.142.195,87.98.154.60,53,7676,UDP,flow,failed,279667497760797,,1,1,0,1437,0,0.0,1,1437,0,none,0,none,0,0,0,no_alert_unknown,no_alert_not_final_benign,-1,dns,port
2025-07-19T23:02:40.206245+0700,103.195.142.109,87.98.154.253,53,24760,UDP,flow,failed,209806206040262,,1,1,0,1437,0,0.0,1,1437,0,none,0,none,0,0,0,no_alert_unknown,no_alert_not_final_benign,-1,dns,port
2025-07-19T23:02:40.206374+0700,103.195.142.2,51.178.111.230,53,7642,UDP,flow,failed,1796979591412233,,1,1,0,191,0,0.0,1,191,0,none,0,none,0,0,0,no_alert_unknown,no_alert_not_final_benign,-1,dns,port
2025-07-19T23:02:40.206393+0700,103.195.142.109,87.98.154.119,53,33169,UDP,flow,failed,198029107722881,,1,1,0,1437,0,0.0,1,1437,0,none,0,none,0,0,0,no_alert_unknown,no_alert_not_final_benign,-1,dns,port
2025-07-19T23:02:40.206459+0700,103.195.142.74,118.98.44.20,39684,53,UDP,flow,dns,153011901955233,,1,1,0,211,0,0.0,1,211,0,none,0,none,0,0,0,no_alert_unknown,no_alert_not_final_benign,-1,dns,app_proto+port
2025-07-19T23:02:40.206501+0700,103.195.142.195,87.98.154.240,53,46392,UDP,flow,failed,277637772017011,,1,1,0,1437,0,0.0,1,1437,0,none,0,none,0,0,0,no_alert_unknown,no_alert_not_final_benign,-1,dns,port
2025-07-19T23:02:40.206520+0700,103.195.142.74,202.134.0.155,60899,53,UDP,flow,dns,155513223314803,,1,1,0,80,0,0.0,1,80,0,none,0,none,0,0,0,no_alert_unknown,no_alert_not_final_benign,-1,dns,app_proto+port
2025-07-19T23:02:40.206540+0700,103.195.142.196,87.98.154.119,53,52763,UDP,flow,failed,2037113175407993,,1,1,0,1437,0,0.0,1,1437,0,none,0,none,0,0,0,no_alert_unknown,no_alert_not_final_benign,-1,dns,port
2025-07-19T23:02:40.206581+0700,103.195.142.74,202.134.0.155,10599,53,UDP,flow,dns,152507535654406,,1,1,0,211,0,0.0,1,211,0,none,0,none,0,0,0,no_alert_unknown,no_alert_not_final_benign,-1,dns,app_proto+port
2025-07-19T23:02:40.206623+0700,103.195.142.74,118.98.44.100,59943,53,UDP,flow,dns,83087799353532,,1,1,0,78,0,0.0,1,78,0,none,0,none,0,0,0,no_alert_unknown,no_alert_not_final_benign,-1,dns,app_proto+port
2025-07-19T23:02:40.206642+0700,103.195.142.195,87.98.154.119,53,59367,UDP,flow,failed,180282020200802,,1,1,0,1437,0,0.0,1,1437,0,none,0,none,0,0,0,no_alert_unknown,no_alert_not_final_benign,-1,dns,port
2025-07-19T23:02:40.206667+0700,103.195.142.109,87.98.154.221,53,2218,UDP,flow,failed,7924285178306,,1,1,0,1437,0,0.0,1,1437,0,none,0,none,0,0,0,no_alert_unknown,no_alert_not_final_benign,-1,dns,port
2025-07-19T23:02:40.206686+0700,103.195.142.165,87.98.154.181,53,17023,UDP,flow,failed,2024967847281149,,1,1,0,1437,0,0.0,1,1437,0,none,0,none,0,0,0,no_alert_unknown,no_alert_not_final_benign,-1,dns,port
2025-07-19T23:02:40.206705+0700,103.195.142.109,87.98.154.25,53,9623,UDP,flow,failed,2143196691366519,,1,1,0,1437,0,0.0,1,1437,0,none,0,none,0,0,0,no_alert_unknown,no_alert_not_final_benign,-1,dns,port
2025-07-19T23:02:40.206746+0700,103.195.142.74,118.98.44.100,3301,53,UDP,flow,dns,2004938785620632,,1,1,0,88,0,0.0,1,88,0,none,0,none,0,0,0,no_alert_unknown,no_alert_not_final_benign,-1,dns,app_proto+port
2025-07-19T23:02:40.206786+0700,103.195.142.74,118.98.44.50,12165,53,UDP,flow,dns,95916236538632,,1,2,0,204,0,7.0,2,204,0,none,0,none,0,0,0,no_alert_unknown,no_alert_not_final_benign,-1,dns,app_proto+port
2025-07-19T23:02:40.206806+0700,103.195.142.195,87.98.154.119,53,59543,UDP,flow,failed,156313176048472,,1,1,0,1437,0,0.0,1,1437,0,none,0,none,0,0,0,no_alert_unknown,no_alert_not_final_benign,-1,dns,port
2025-07-19T23:02:40.206830+0700,103.195.142.76,87.98.154.142,53,12787,UDP,flow,failed,1823621954470789,,1,3,0,4407,0,10.0,3,4407,0,none,0,none,0,0,0,no_alert_unknown,no_alert_not_final_benign,-1,dns,port
2025-07-19T23:02:40.206893+0700,103.195.142.3,180.251.22.242,53,64046,UDP,flow,failed,150083552871681,,1,1,0,181,0,0.0,1,181,0,none,0,none,0,0,0,no_alert_unknown,no_alert_not_final_benign,-1,dns,port
2025-07-19T23:02:40.206934+0700,103.195.142.74,118.98.44.50,5469,53,UDP,flow,dns,2129974617507323,,1,1,0,68,0,0.0,1,68,0,none,0,none,0,0,0,no_alert_unknown,no_alert_not_final_benign,-1,dns,app_proto+port
2025-07-19T23:02:40.206980+0700,103.195.142.196,87.98.154.119,53,25784,UDP,flow,failed,2064586019374720,,1,1,0,1437,0,0.0,1,1437,0,none,0,none,0,0,0,no_alert_unknown,no_alert_not_final_benign,-1,dns,port
2025-07-19T23:02:40.206999+0700,103.195.142.74,118.98.44.20,55906,53,UDP,flow,dns,206443094148759,,1,1,0,71,0,0.0,1,71,0,none,0,none,0,0,0,no_alert_unknown,no_alert_not_final_benign,-1,dns,app_proto+port
2025-07-19T23:02:40.207019+0700,103.195.142.83,87.98.154.126,53,24459,UDP,flow,failed,254679926048584,,1,1,0,1190,0,0.0,1,1190,0,none,0,none,0,0,0,no_alert_unknown,no_alert_not_final_benign,-1,dns,port
2025-07-19T23:02:40.207046+0700,103.195.142.196,87.98.154.233,53,26235,UDP,flow,failed,1670518840166223,,1,3,0,4311,0,10.0,3,4311,0,none,0,none,0,0,0,no_alert_unknown,no_alert_not_final_benign,-1,dns,port
2025-07-19T23:02:40.207084+0700,103.195.142.74,118.98.44.50,61122,53,UDP,flow,dns,2238518408513381,,1,1,0,84,0,0.0,1,84,0,none,0,none,0,0,0,no_alert_unknown,no_alert_not_final_benign,-1,dns,app_proto+port
2025-07-19T23:02:40.207170+0700,103.195.142.165,87.98.154.119,53,38616,UDP,flow,failed,2198531964406027,,1,1,0,1437,0,0.0,1,1437,0,none,0,none,0,0,0,no_alert_unknown,no_alert_not_final_benign,-1,dns,port
2025-07-19T23:02:40.207210+0700,103.195.142.83,87.98.154.119,53,63152,UDP,flow,failed,244409565841720,,1,1,0,1190,0,0.0,1,1190,0,none,0,none,0,0,0,no_alert_unknown,no_alert_not_final_benign,-1,dns,port
2025-07-19T23:02:40.207258+0700,103.195.142.165,87.98.154.181,53,48049,UDP,flow,failed,2057713823582760,,1,1,0,1437,0,0.0,1,1437,0,none,0,none,0,0,0,no_alert_unknown,no_alert_not_final_benign,-1,dns,port
2025-07-19T23:02:40.207311+0700,103.195.142.46,87.98.154.119,53,41565,UDP,flow,failed,117570982251168,,1,1,0,1437,0,0.0,1,1437,0,none,0,none,0,0,0,no_alert_unknown,no_alert_not_final_benign,-1,dns,port
2025-07-19T23:02:40.207323+0700,103.195.142.75,8.8.8.8,37365,53,UDP,flow,dns,2165542479858386,,1,1,0,77,0,0.0,1,77,0,none,0,none,0,0,0,no_alert_unknown,no_alert_not_final_benign,-1,dns,app_proto+port
2025-07-19T23:02:40.207350+0700,103.195.142.109,87.98.154.81,53,10886,UDP,flow,failed,1596920965696243,,1,3,0,4311,0,10.0,3,4311,0,none,0,none,0,0,0,no_alert_unknown,no_alert_not_final_benign,-1,dns,port
2025-07-19T23:02:40.207372+0700,103.195.142.74,202.134.0.155,25527,53,UDP,flow,dns,2035894267022535,,1,1,0,77,0,0.0,1,77,0,none,0,none,0,0,0,no_alert_unknown,no_alert_not_final_benign,-1,dns,app_proto+port
2025-07-19T23:02:40.207458+0700,103.195.142.83,87.98.154.194,53,16219,UDP,flow,failed,51930068749928,,1,1,0,1190,0,0.0,1,1190,0,none,0,none,0,0,0,no_alert_unknown,no_alert_not_final_benign,-1,dns,port
2025-07-19T23:02:40.207469+0700,103.195.142.74,202.134.0.155,24257,53,UDP,flow,dns,26130625466226,,1,1,0,68,0,0.0,1,68,0,none,0,none,0,0,0,no_alert_unknown,no_alert_not_final_benign,-1,dns,app_proto+port
2025-07-19T23:02:40.207480+0700,103.195.142.46,87.98.154.119,53,7133,UDP,flow,failed,2097366563491711,,1,1,0,1437,0,0.0,1,1437,0,none,0,none,0,0,0,no_alert_unknown,no_alert_not_final_benign,-1,dns,port
2025-07-19T23:02:40.207491+0700,103.195.142.76,87.98.154.254,53,42638,UDP,flow,failed,128050580885437,,1,1,0,1469,0,0.0,1,1469,0,none,0,none,0,0,0,no_alert_unknown,no_alert_not_final_benign,-1,dns,port
2025-07-19T23:02:40.207502+0700,103.195.142.75,8.8.8.8,5819,53,UDP,flow,dns,1302155132342209,,1,2,0,456,0,4.0,2,456,0,none,0,none,0,0,0,no_alert_unknown,no_alert_not_final_benign,-1,dns,app_proto+port
2025-07-19T23:02:40.207516+0700,103.195.142.74,118.98.44.20,53872,53,UDP,flow,dns,235528927383581,,1,1,0,87,0,0.0,1,87,0,none,0,none,0,0,0,no_alert_unknown,no_alert_not_final_benign,-1,dns,app_proto+port
2025-07-19T23:02:40.207540+0700,103.195.142.75,8.8.8.8,19523,53,UDP,flow,dns,151704568402498,,1,1,0,178,0,0.0,1,178,0,none,0,none,0,0,0,no_alert_unknown,no_alert_not_final_benign,-1,dns,app_proto+port
2025-07-19T23:02:40.207552+0700,103.195.142.74,118.98.44.50,48111,53,UDP,flow,dns,2174910830940753,,1,1,0,101,0,0.0,1,101,0,none,0,none,0,0,0,no_alert_unknown,no_alert_not_final_benign,-1,dns,app_proto+port
2025-07-19T23:02:40.207603+0700,103.195.142.196,87.98.154.61,53,38791,UDP,flow,failed,2175738354733923,,1,1,0,1437,0,0.0,1,1437,0,none,0,none,0,0,0,no_alert_unknown,no_alert_not_final_benign,-1,dns,port
2025-07-19T23:02:40.207614+0700,103.195.142.196,87.98.154.145,53,24996,UDP,flow,failed,2107846532600728,,1,1,0,1437,0,0.0,1,1437,0,none,0,none,0,0,0,no_alert_unknown,no_alert_not_final_benign,-1,dns,port
2025-07-19T23:02:40.225957+0700,103.195.142.74,118.98.44.50,13631,53,UDP,dns,,126054319546204,wire/pcap,0,0,0,0,0,0.0,0,0,0,none,0,none,0,0,0,no_alert_unknown,no_alert_not_final_benign,-1,dns,port
2025-07-19T23:02:40.228791+0700,103.195.142.75,8.8.8.8,16249,53,UDP,dns,,138227244650693,wire/pcap,0,0,0,0,0,0.0,0,0,0,none,0,none,0,0,0,no_alert_unknown,no_alert_not_final_benign,-1,dns,port
2025-07-19T23:02:40.239928+0700,103.195.142.75,8.8.8.8,36815,53,UDP,dns,,186061438332151,wire/pcap,0,0,0,0,0,0.0,0,0,0,none,0,none,0,0,0,no_alert_unknown,no_alert_not_final_benign,-1,dns,port
2025-07-19T23:02:40.269253+0700,103.195.142.74,118.98.44.100,36129,53,UDP,dns,,30534544572308,wire/pcap,0,0,0,0,0,0.0,0,0,0,none,0,none,0,0,0,no_alert_unknown,no_alert_not_final_benign,-1,dns,port
2025-07-19T23:02:40.315500+0700,103.195.142.74,202.134.0.155,21383,53,UDP,dns,,229162828244270,wire/pcap,0,0,0,0,0,0.0,0,0,0,none,0,none,0,0,0,no_alert_unknown,no_alert_not_final_benign,-1,dns,port
2025-07-19T23:02:40.327514+0700,103.195.142.75,8.8.8.8,37838,53,UDP,dns,,280764672321010,wire/pcap,0,0,0,0,0,0.0,0,0,0,none,0,none,0,0,0,no_alert_unknown,no_alert_not_final_benign,-1,dns,port
2025-07-19T23:02:40.360862+0700,103.195.142.74,118.98.44.100,42845,53,UDP,dns,,142516664612334,wire/pcap,0,0,0,0,0,0.0,0,0,0,none,0,none,0,0,0,no_alert_unknown,no_alert_not_final_benign,-1,dns,port
2025-07-19T23:02:40.368094+0700,103.195.142.74,118.98.44.20,10923,53,UDP,dns,,173579501387928,wire/pcap,0,0,0,0,0,0.0,0,0,0,none,0,none,0,0,0,no_alert_unknown,no_alert_not_final_benign,-1,dns,port
2025-07-19T23:02:40.387843+0700,103.195.142.75,8.8.8.8,49885,53,UDP,dns,,258401372979211,wire/pcap,0,0,0,0,0,0.0,0,0,0,none,0,none,0,0,0,no_alert_unknown,no_alert_not_final_benign,-1,dns,port
2025-07-19T23:02:40.390928+0700,103.195.142.74,202.134.0.155,39827,53,UDP,dns,,271651388248370,wire/pcap,0,0,0,0,0,0.0,0,0,0,none,0,none,0,0,0,no_alert_unknown,no_alert_not_final_benign,-1,dns,port
2025-07-19T23:02:40.391065+0700,103.195.142.74,118.98.44.20,45316,53,UDP,dns,,272237129738577,wire/pcap,0,0,0,0,0,0.0,0,0,0,none,0,none,0,0,0,no_alert_unknown,no_alert_not_final_benign,-1,dns,port
2025-07-19T23:02:40.424939+0700,103.195.142.74,118.98.44.100,53447,53,UDP,dns,,136250094795858,wire/pcap,0,0,0,0,0,0.0,0,0,0,none,0,none,0,0,0,no_alert_unknown,no_alert_not_final_benign,-1,dns,port
2025-07-19T23:02:40.441085+0700,103.195.142.74,118.98.44.100,16145,53,UDP,dns,,205599504607645,wire/pcap,0,0,0,0,0,0.0,0,0,0,none,0,none,0,0,0,no_alert_unknown,no_alert_not_final_benign,-1,dns,port
2025-07-19T23:02:40.448707+0700,103.195.142.74,118.98.44.50,21813,53,UDP,dns,,238332857891597,wire/pcap,0,0,0,0,0,0.0,0,0,0,none,0,none,0,0,0,no_alert_unknown,no_alert_not_final_benign,-1,dns,port
2025-07-19T23:02:40.457790+0700,103.195.142.74,202.134.0.155,25144,53,UDP,dns,,277343271647177,wire/pcap,0,0,0,0,0,0.0,0,0,0,none,0,none,0,0,0,no_alert_unknown,no_alert_not_final_benign,-1,dns,port
2025-07-19T23:02:40.472684+0700,103.195.142.74,202.134.0.155,36621,53,UDP,dns,,59840910159723,wire/pcap,0,0,0,0,0,0.0,0,0,0,none,0,none,0,0,0,no_alert_unknown,no_alert_not_final_benign,-1,dns,port
2025-07-19T23:02:40.480797+0700,103.195.142.74,118.98.44.20,34699,53,UDP,dns,,94685271439672,wire/pcap,0,0,0,0,0,0.0,0,0,0,none,0,none,0,0,0,no_alert_unknown,no_alert_not_final_benign,-1,dns,port
2025-07-19T23:02:40.490714+0700,103.195.142.74,118.98.44.20,59525,53,UDP,dns,,137279080743278,wire/pcap,0,0,0,0,0,0.0,0,0,0,none,0,none,0,0,0,no_alert_unknown,no_alert_not_final_benign,-1,dns,port
2025-07-19T23:02:40.501012+0700,103.195.142.74,118.98.44.100,37555,53,UDP,dns,,181508228009882,wire/pcap,0,0,0,0,0,0.0,0,0,0,none,0,none,0,0,0,no_alert_unknown,no_alert_not_final_benign,-1,dns,port
2025-07-19T23:02:40.507722+0700,103.195.142.74,118.98.44.50,7513,53,UDP,dns,,210328255436549,wire/pcap,0,0,0,0,0,0.0,0,0,0,none,0,none,0,0,0,no_alert_unknown,no_alert_not_final_benign,-1,dns,port
2025-07-19T23:02:40.523262+0700,103.195.142.74,118.98.44.50,11376,53,UDP,dns,,277071154604586,wire/pcap,0,0,0,0,0,0.0,0,0,0,none,0,none,0,0,0,no_alert_unknown,no_alert_not_final_benign,-1,dns,port
2025-07-19T23:02:40.527918+0700,103.195.142.74,118.98.44.20,29264,53,UDP,dns,,15590920078463,wire/pcap,0,0,0,0,0,0.0,0,0,0,none,0,none,0,0,0,no_alert_unknown,no_alert_not_final_benign,-1,dns,port
2025-07-19T23:02:40.560953+0700,103.195.142.74,202.134.0.155,32268,53,UDP,dns,,157477816034249,wire/pcap,0,0,0,0,0,0.0,0,0,0,none,0,none,0,0,0,no_alert_unknown,no_alert_not_final_benign,-1,dns,port
2025-07-19T23:02:40.592655+0700,103.195.142.74,118.98.44.50,58034,53,UDP,dns,,12161223939268,wire/pcap,0,0,0,0,0,0.0,0,0,0,none,0,none,0,0,0,no_alert_unknown,no_alert_not_final_benign,-1,dns,port
2025-07-19T23:02:40.598499+0700,103.195.142.74,118.98.44.100,63186,53,UDP,dns,,37261535690219,wire/pcap,0,0,0,0,0,0.0,0,0,0,none,0,none,0,0,0,no_alert_unknown,no_alert_not_final_benign,-1,dns,port
2025-07-19T23:02:40.599200+0700,103.195.142.74,202.134.0.155,39055,53,UDP,dns,,40271419946709,wire/pcap,0,0,0,0,0,0.0,0,0,0,none,0,none,0,0,0,no_alert_unknown,no_alert_not_final_benign,-1,dns,port
2025-07-19T23:02:40.617096+0700,103.195.142.74,202.134.0.155,22572,53,UDP,dns,,117136606318875,wire/pcap,0,0,0,0,0,0.0,0,0,0,none,0,none,0,0,0,no_alert_unknown,no_alert_not_final_benign,-1,dns,port
2025-07-19T23:02:40.622871+0700,103.195.142.74,118.98.44.50,7341,53,UDP,dns,,141935802745714,wire/pcap,0,0,0,0,0,0.0,0,0,0,none,0,none,0,0,0,no_alert_unknown,no_alert_not_final_benign,-1,dns,port
2025-07-19T23:02:40.650175+0700,103.195.142.75,8.8.8.8,8328,53,UDP,dns,,259208282207393,wire/pcap,0,0,0,0,0,0.0,0,0,0,none,0,none,0,0,0,no_alert_unknown,no_alert_not_final_benign,-1,dns,port
2025-07-19T23:02:40.684556+0700,103.195.142.74,118.98.44.50,18635,53,UDP,dns,,125398610171331,wire/pcap,0,0,0,0,0,0.0,0,0,0,none,0,none,0,0,0,no_alert_unknown,no_alert_not_final_benign,-1,dns,port
2025-07-19T23:02:40.692269+0700,103.195.142.75,8.8.8.8,3006,53,UDP,dns,,158525550516682,wire/pcap,0,0,0,0,0,0.0,0,0,0,none,0,none,0,0,0,no_alert_unknown,no_alert_not_final_benign,-1,dns,port
2025-07-19T23:02:40.701529+0700,103.195.142.75,8.8.8.8,48986,53,UDP,dns,,198295278924363,wire/pcap,0,0,0,0,0,0.0,0,0,0,none,0,none,0,0,0,no_alert_unknown,no_alert_not_final_benign,-1,dns,port
2025-07-19T23:02:40.701598+0700,103.195.142.74,202.134.0.155,16384,53,UDP,dns,,198593274405363,wire/pcap,0,0,0,0,0,0.0,0,0,0,none,0,none,0,0,0,no_alert_unknown,no_alert_not_final_benign,-1,dns,port
2025-07-19T23:02:40.704883+0700,103.195.142.74,118.98.44.20,7227,53,UDP,dns,,212702455227922,wire/pcap,0,0,0,0,0,0.0,0,0,0,none,0,none,0,0,0,no_alert_unknown,no_alert_not_final_benign,-1,dns,port
2025-07-19T23:02:40.704939+0700,103.195.142.74,118.98.44.50,55866,53,UDP,dns,,212944286177628,wire/pcap,0,0,0,0,0,0.0,0,0,0,none,0,none,0,0,0,no_alert_unknown,no_alert_not_final_benign,-1,dns,port
2025-07-19T23:02:40.714654+0700,103.195.142.74,118.98.44.50,17980,53,UDP,dns,,254669898438831,wire/pcap,0,0,0,0,0,0.0,0,0,0,none,0,none,0,0,0,no_alert_unknown,no_alert_not_final_benign,-1,dns,port
2025-07-19T23:02:40.743479+0700,103.195.142.75,8.8.8.8,38846,53,UDP,dns,,96997540405918,wire/pcap,0,0,0,0,0,0.0,0,0,0,none,0,none,0,0,0,no_alert_unknown,no_alert_not_final_benign,-1,dns,port
2025-07-19T23:02:40.743540+0700,103.195.142.74,118.98.44.50,26442,53,UDP,dns,,97256942974652,wire/pcap,0,0,0,0,0,0.0,0,0,0,none,0,none,0,0,0,no_alert_unknown,no_alert_not_final_benign,-1,dns,port
2025-07-19T23:02:40.764483+0700,103.195.142.74,118.98.44.50,35398,53,UDP,dns,,187204885987846,wire/pcap,0,0,0,0,0,0.0,0,0,0,none,0,none,0,0,0,no_alert_unknown,no_alert_not_final_benign,-1,dns,port
2025-07-19T23:02:40.767134+0700,103.195.142.74,202.134.0.155,38693,53,UDP,dns,,198594576326245,wire/pcap,0,0,0,0,0,0.0,0,0,0,none,0,none,0,0,0,no_alert_unknown,no_alert_not_final_benign,-1,dns,port
2025-07-19T23:02:40.791416+0700,103.195.142.74,118.98.44.20,62471,53,UDP,dns,,21410124365765,wire/pcap,0,0,0,0,0,0.0,0,0,0,none,0,none,0,0,0,no_alert_unknown,no_alert_not_final_benign,-1,dns,port
2025-07-19T23:02:40.806354+0700,103.195.142.75,8.8.8.8,43652,53,UDP,dns,,20645259550528,wire/pcap,0,0,0,0,0,0.0,0,0,0,none,0,none,0,0,0,no_alert_unknown,no_alert_not_final_benign,-1,dns,port
2025-07-19T23:02:40.807958+0700,103.195.142.75,69.39.238.37,52796,53,UDP,dns,,92454486027156,wire/pcap,0,0,0,0,0,0.0,0,0,0,none,0,none,0,0,0,no_alert_unknown,no_alert_not_final_benign,-1,dns,port
2025-07-19T23:02:40.814387+0700,103.195.142.74,118.98.44.50,39936,53,UDP,dns,,120069915029142,wire/pcap,0,0,0,0,0,0.0,0,0,0,none,0,none,0,0,0,no_alert_unknown,no_alert_not_final_benign,-1,dns,port
2025-07-19T23:02:40.834713+0700,103.195.142.75,8.8.8.8,11056,53,UDP,dns,,207365812810735,wire/pcap,0,0,0,0,0,0.0,0,0,0,none,0,none,0,0,0,no_alert_unknown,no_alert_not_final_benign,-1,dns,port
2025-07-19T23:02:40.868396+0700,103.195.142.75,8.8.8.8,30793,53,UDP,dns,,70558455535600,wire/pcap,0,0,0,0,0,0.0,0,0,0,none,0,none,0,0,0,no_alert_unknown,no_alert_not_final_benign,-1,dns,port
2025-07-19T23:02:40.876460+0700,103.195.142.75,8.8.8.8,55991,53,UDP,dns,,105196252990485,wire/pcap,0,0,0,0,0,0.0,0,0,0,none,0,none,0,0,0,no_alert_unknown,no_alert_not_final_benign,-1,dns,port
2025-07-19T23:02:40.884903+0700,103.195.142.74,202.134.0.155,18562,53,UDP,dns,,141456398658164,wire/pcap,0,0,0,0,0,0.0,0,0,0,none,0,none,0,0,0,no_alert_unknown,no_alert_not_final_benign,-1,dns,port
2025-07-19T23:02:40.888127+0700,103.195.142.74,118.98.44.20,32985,53,UDP,dns,,155303027082657,wire/pcap,0,0,0,0,0,0.0,0,0,0,none,0,none,0,0,0,no_alert_unknown,no_alert_not_final_benign,-1,dns,port
2025-07-19T23:02:40.895312+0700,103.195.142.74,118.98.44.100,12499,53,UDP,dns,,186162439940442,wire/pcap,0,0,0,0,0,0.0,0,0,0,none,0,none,0,0,0,no_alert_unknown,no_alert_not_final_benign,-1,dns,port
2025-07-19T23:02:40.911738+0700,103.195.142.108,8.8.8.8,1900,53,UDP,dns,,1216074754602613,wire/pcap,0,0,0,0,0,0.0,0,0,0,none,0,none,0,0,0,no_alert_unknown,no_alert_not_final_benign,-1,dns,port
2025-07-19T23:02:40.916344+0700,103.195.142.75,8.8.8.8,41073,53,UDP,dns,,276496077576006,wire/pcap,0,0,0,0,0,0.0,0,0,0,none,0,none,0,0,0,no_alert_unknown,no_alert_not_final_benign,-1,dns,port
2025-07-19T23:02:40.920371+0700,103.195.142.74,202.134.0.155,45774,53,UDP,dns,,12317770594903,wire/pcap,0,0,0,0,0,0.0,0,0,0,none,0,none,0,0,0,no_alert_unknown,no_alert_not_final_benign,-1,dns,port
2025-07-19T23:02:40.929688+0700,103.195.142.74,118.98.44.100,56886,53,UDP,dns,,52333127319446,wire/pcap,0,0,0,0,0,0.0,0,0,0,none,0,none,0,0,0,no_alert_unknown,no_alert_not_final_benign,-1,dns,port
2025-07-19T23:02:40.940936+0700,103.195.142.74,118.98.44.20,47787,53,UDP,dns,,100642048480460,wire/pcap,0,0,0,0,0,0.0,0,0,0,none,0,none,0,0,0,no_alert_unknown,no_alert_not_final_benign,-1,dns,port
2025-07-19T23:02:40.941745+0700,103.195.142.74,118.98.44.50,8382,53,UDP,dns,,104114429184839,wire/pcap,0,0,0,0,0,0.0,0,0,0,none,0,none,0,0,0,no_alert_unknown,no_alert_not_final_benign,-1,dns,port
2025-07-19T23:02:40.952333+0700,103.195.142.74,118.98.44.50,45197,53,UDP,dns,,149590988675214,wire/pcap,0,0,0,0,0,0.0,0,0,0,none,0,none,0,0,0,no_alert_unknown,no_alert_not_final_benign,-1,dns,port
2025-07-19T23:02:40.970732+0700,103.195.142.74,118.98.44.100,47254,53,UDP,dns,,228616239952288,wire/pcap,0,0,0,0,0,0.0,0,0,0,none,0,none,0,0,0,no_alert_unknown,no_alert_not_final_benign,-1,dns,port
2025-07-19T23:02:40.995049+0700,103.195.142.74,118.98.44.20,19215,53,UDP,dns,,51581056721782,wire/pcap,0,0,0,0,0,0.0,0,0,0,none,0,none,0,0,0,no_alert_unknown,no_alert_not_final_benign,-1,dns,port
2025-07-19T23:02:41.019561+0700,103.195.142.76,87.98.154.118,53,46433,UDP,flow,failed,635358136490392,,1,1,0,1469,0,0.0,1,1469,0,none,0,none,0,0,0,no_alert_unknown,no_alert_not_final_benign,-1,dns,port
2025-07-19T23:02:41.032366+0700,103.195.142.75,8.8.8.8,61847,53,UDP,dns,,420490128902941,wire/pcap,0,0,0,0,0,0.0,0,0,0,none,0,none,0,0,0,no_alert_unknown,no_alert_not_final_benign,-1,dns,port
2025-07-19T23:02:41.040672+0700,103.195.142.74,118.98.44.20,41230,53,UDP,dns,,456160859861301,wire/pcap,0,0,0,0,0,0.0,0,0,0,none,0,none,0,0,0,no_alert_unknown,no_alert_not_final_benign,-1,dns,port
2025-07-19T23:02:41.052146+0700,103.195.142.74,185.67.45.232,39844,53,UDP,dns,,505442665956696,wire/pcap,0,0,0,0,0,0.0,0,0,0,none,0,none,0,0,0,no_alert_unknown,no_alert_not_final_benign,-1,dns,port
2025-07-19T23:02:41.060540+0700,103.195.142.75,8.8.8.8,45972,53,UDP,dns,,541494158689471,wire/pcap,0,0,0,0,0,0.0,0,0,0,none,0,none,0,0,0,no_alert_unknown,no_alert_not_final_benign,-1,dns,port
2025-07-19T23:02:41.062232+0700,103.195.142.74,118.98.44.50,54897,53,UDP,dns,,548760460091132,wire/pcap,0,0,0,0,0,0.0,0,0,0,none,0,none,0,0,0,no_alert_unknown,no_alert_not_final_benign,-1,dns,port
2025-07-19T23:02:41.098546+0700,103.195.142.74,118.98.44.100,54748,53,UDP,dns,,423254806453846,wire/pcap,0,0,0,0,0,0.0,0,0,0,none,0,none,0,0,0,no_alert_unknown,no_alert_not_final_benign,-1,dns,port
2025-07-19T23:02:41.137692+0700,103.195.142.74,118.98.44.100,12869,53,UDP,dns,,309911575314806,wire/pcap,0,0,0,0,0,0.0,0,0,0,none,0,none,0,0,0,no_alert_unknown,no_alert_not_final_benign,-1,dns,port
2025-07-19T23:02:41.180706+0700,103.195.142.75,118.98.44.50,29915,53,UDP,dns,,494654087995595,wire/pcap,0,0,0,0,0,0.0,0,0,0,none,0,none,0,0,0,no_alert_unknown,no_alert_not_final_benign,-1,dns,port
2025-07-19T23:02:41.182750+0700,103.195.142.83,87.98.154.119,53,23379,UDP,flow,failed,2174857497154612,,1,1,0,1190,0,0.0,1,1190,0,none,0,none,0,0,0,no_alert_unknown,no_alert_not_final_benign,-1,dns,port
2025-07-19T23:02:41.182804+0700,103.195.142.46,87.98.154.27,53,3414,UDP,flow,failed,65342254552183,,1,1,0,1437,0,0.0,1,1437,0,none,0,none,0,0,0,no_alert_unknown,no_alert_not_final_benign,-1,dns,port
2025-07-19T23:02:41.182827+0700,103.195.142.46,87.98.154.117,53,28961,UDP,flow,failed,2143855696483450,,1,1,0,1437,0,0.0,1,1437,0,none,0,none,0,0,0,no_alert_unknown,no_alert_not_final_benign,-1,dns,port
2025-07-19T23:02:41.182846+0700,103.195.142.83,87.98.154.118,53,39899,UDP,flow,failed,2046839596389614,,1,1,0,1190,0,0.0,1,1190,0,none,0,none,0,0,0,no_alert_unknown,no_alert_not_final_benign,-1,dns,port
2025-07-19T23:02:41.182865+0700,103.195.142.46,87.98.154.119,53,54294,UDP,flow,failed,2171997624276244,,1,1,0,1437,0,0.0,1,1437,0,none,0,none,0,0,0,no_alert_unknown,no_alert_not_final_benign,-1,dns,port
2025-07-19T23:02:41.182884+0700,103.195.142.3,172.253.2.27,53,51771,UDP,flow,failed,32977809446227,,1,1,0,206,0,0.0,1,206,0,none,0,none,0,0,0,no_alert_unknown,no_alert_not_final_benign,-1,dns,port
2025-07-19T23:02:41.182944+0700,103.195.142.74,118.98.44.50,36264,53,UDP,flow,dns,2061714534045046,,1,1,0,77,0,0.0,1,77,0,none,0,none,0,0,0,no_alert_unknown,no_alert_not_final_benign,-1,dns,app_proto+port
2025-07-19T23:02:41.182966+0700,103.195.142.46,87.98.154.195,53,2958,UDP,flow,failed,15442306864527,,1,1,0,1437,0,0.0,1,1437,0,none,0,none,0,0,0,no_alert_unknown,no_alert_not_final_benign,-1,dns,port
2025-07-19T23:02:41.182985+0700,103.195.142.74,118.98.44.20,36089,53,UDP,flow,dns,227346510386605,,1,1,0,214,0,0.0,1,214,0,none,0,none,0,0,0,no_alert_unknown,no_alert_not_final_benign,-1,dns,app_proto+port
2025-07-19T23:02:41.183005+0700,103.195.142.46,87.98.154.119,53,51522,UDP,flow,failed,487901018789339,,1,1,0,1437,0,0.0,1,1437,0,none,0,none,0,0,0,no_alert_unknown,no_alert_not_final_benign,-1,dns,port
2025-07-19T23:02:41.183024+0700,103.195.142.165,87.98.154.119,53,63445,UDP,flow,failed,60392454428128,,1,1,0,1437,0,0.0,1,1437,0,none,0,none,0,0,0,no_alert_unknown,no_alert_not_final_benign,-1,dns,port
2025-07-19T23:02:41.183043+0700,103.195.142.2,74.125.181.156,53,50744,UDP,flow,failed,98640675411428,,1,1,0,206,0,0.0,1,206,0,none,0,none,0,0,0,no_alert_unknown,no_alert_not_final_benign,-1,dns,port
2025-07-19T23:02:41.183062+0700,103.195.142.109,87.98.154.119,53,42424,UDP,flow,failed,519017151665648,,1,1,0,1437,0,0.0,1,1437,0,none,0,none,0,0,0,no_alert_unknown,no_alert_not_final_benign,-1,dns,port
2025-07-19T23:02:41.183080+0700,103.195.142.75,8.8.8.8,47628,53,UDP,flow,dns,2034488603055711,,1,1,0,68,0,0.0,1,68,0,none,0,none,0,0,0,no_alert_unknown,no_alert_not_final_benign,-1,dns,app_proto+port
2025-07-19T23:02:41.183154+0700,103.195.142.196,87.98.154.117,53,45301,UDP,flow,failed,538625743066800,,1,1,0,1437,0,0.0,1,1437,0,none,0,none,0,0,0,no_alert_unknown,no_alert_not_final_benign,-1,dns,port
2025-07-19T23:02:41.183273+0700,103.195.142.196,87.98.154.117,53,22008,UDP,flow,failed,125351488395235,,1,1,0,1437,0,0.0,1,1437,0,none,0,none,0,0,0,no_alert_unknown,no_alert_not_final_benign,-1,dns,port
2025-07-19T23:02:41.183313+0700,103.195.142.74,118.98.44.100,37050,53,UDP,flow,dns,55113848657909,,1,1,0,81,0,0.0,1,81,0,none,0,none,0,0,0,no_alert_unknown,no_alert_not_final_benign,-1,dns,app_proto+port
2025-07-19T23:02:41.183362+0700,103.195.142.83,87.98.154.117,53,15686,UDP,flow,failed,529442337921079,,1,1,0,1190,0,0.0,1,1190,0,none,0,none,0,0,0,no_alert_unknown,no_alert_not_final_benign,-1,dns,port
2025-07-19T23:02:41.183381+0700,103.195.142.3,173.252.107.134,53,45107,UDP,flow,failed,2110236031850672,,1,1,0,154,0,0.0,1,154,0,none,0,none,0,0,0,no_alert_unknown,no_alert_not_final_benign,-1,dns,port
2025-07-19T23:02:41.183401+0700,103.195.142.76,87.98.154.119,53,12254,UDP,flow,failed,102803153819835,,1,1,0,1469,0,0.0,1,1469,0,none,0,none,0,0,0,no_alert_unknown,no_alert_not_final_benign,-1,dns,port
2025-07-19T23:02:41.183432+0700,103.195.142.74,118.98.44.100,40876,53,UDP,flow,dns,302325224053000,,1,1,0,75,0,0.0,1,75,0,none,0,none,0,0,0,no_alert_unknown,no_alert_not_final_benign,-1,dns,app_proto+port
2025-07-19T23:02:41.183476+0700,103.195.142.109,87.98.154.117,53,47371,UDP,flow,failed,2026505223412331,,1,1,0,1437,0,0.0,1,1437,0,none,0,none,0,0,0,no_alert_unknown,no_alert_not_final_benign,-1,dns,port
2025-07-19T23:02:41.183556+0700,103.195.142.196,87.98.154.119,53,50949,UDP,flow,failed,201375571975038,,1,1,0,1437,0,0.0,1,1437,0,none,0,none,0,0,0,no_alert_unknown,no_alert_not_final_benign,-1,dns,port
2025-07-19T23:02:41.183664+0700,103.195.142.3,3.209.85.19,53,21447,UDP,flow,failed,313389510630297,,1,1,0,179,0,0.0,1,179,0,none,0,none,0,0,0,no_alert_unknown,no_alert_not_final_benign,-1,dns,port
2025-07-19T23:02:41.183740+0700,103.195.142.74,202.134.0.155,20733,53,UDP,flow,dns,2044415690808253,,1,1,0,85,0,0.0,1,85,0,none,0,none,0,0,0,no_alert_unknown,no_alert_not_final_benign,-1,dns,app_proto+port
2025-07-19T23:02:41.183767+0700,103.195.142.46,87.98.154.131,53,11655,UDP,flow,failed,2104427871345609,,1,1,0,1437,0,0.0,1,1437,0,none,0,none,0,0,0,no_alert_unknown,no_alert_not_final_benign,-1,dns,port
2025-07-19T23:02:41.183785+0700,103.195.142.74,118.98.44.100,18915,53,UDP,flow,dns,119315233774586,,1,1,0,220,0,0.0,1,220,0,none,0,none,0,0,0,no_alert_unknown,no_alert_not_final_benign,-1,dns,app_proto+port
2025-07-19T23:02:41.183828+0700,103.195.142.196,87.98.154.177,53,8126,UDP,flow,failed,2023839706520663,,1,3,0,4311,0,10.0,3,4311,0,none,0,none,0,0,0,no_alert_unknown,no_alert_not_final_benign,-1,dns,port
2025-07-19T23:02:41.183884+0700,103.195.142.196,87.98.154.119,53,39857,UDP,flow,failed,271271637097594,,1,1,0,1437,0,0.0,1,1437,0,none,0,none,0,0,0,no_alert_unknown,no_alert_not_final_benign,-1,dns,port
2025-07-19T23:02:41.183908+0700,103.195.142.196,87.98.154.193,53,25000,UDP,flow,failed,340627833756809,,1,1,0,1437,0,0.0,1,1437,0,none,0,none,0,0,0,no_alert_unknown,no_alert_not_final_benign,-1,dns,port
2025-07-19T23:02:41.183927+0700,103.195.142.165,87.98.154.153,53,47301,UDP,flow,failed,1997942401211547,,1,1,0,1437,0,0.0,1,1437,0,none,0,none,0,0,0,no_alert_unknown,no_alert_not_final_benign,-1,dns,port
2025-07-19T23:02:41.183961+0700,103.195.142.74,118.98.44.100,3308,53,UDP,flow,dns,248416988896433,,1,1,0,83,0,0.0,1,83,0,none,0,none,0,0,0,no_alert_unknown,no_alert_not_final_benign,-1,dns,app_proto+port
2025-07-19T23:02:41.184014+0700,103.195.142.109,87.98.154.119,53,40769,UDP,flow,failed,50079459253481,,1,1,0,1437,0,0.0,1,1437,0,none,0,none,0,0,0,no_alert_unknown,no_alert_not_final_benign,-1,dns,port
2025-07-19T23:02:41.184070+0700,103.195.142.83,87.98.154.26,53,48770,UDP,flow,failed,53543641882027,,1,3,0,3570,0,9.0,3,3570,0,none,0,none,0,0,0,no_alert_unknown,no_alert_not_final_benign,-1,dns,port
2025-07-19T23:02:41.184089+0700,103.195.142.74,118.98.44.20,54611,53,UDP,flow,dns,102636662365660,,1,1,0,77,0,0.0,1,77,0,none,0,none,0,0,0,no_alert_unknown,no_alert_not_final_benign,-1,dns,app_proto+port
2025-07-19T23:02:41.184132+0700,103.195.142.83,87.98.154.138,53,54265,UDP,flow,failed,371224249310913,,1,1,0,1190,0,0.0,1,1190,0,none,0,none,0,0,0,no_alert_unknown,no_alert_not_final_benign,-1,dns,port
2025-07-19T23:02:41.184158+0700,103.195.142.196,87.98.154.149,53,28177,UDP,flow,failed,270109228146493,,1,1,0,1437,0,0.0,1,1437,0,none,0,none,0,0,0,no_alert_unknown,no_alert_not_final_benign,-1,dns,port
2025-07-19T23:02:41.184182+0700,103.195.142.3,180.251.22.211,53,38702,UDP,flow,failed,150026200555444,,1,1,0,154,0,0.0,1,154,0,none,0,none,0,0,0,no_alert_unknown,no_alert_not_final_benign,-1,dns,port
2025-07-19T23:02:41.184242+0700,103.195.142.196,87.98.154.225,53,64159,UDP,flow,failed,80796694749196,,1,1,0,1437,0,0.0,1,1437,0,none,0,none,0,0,0,no_alert_unknown,no_alert_not_final_benign,-1,dns,port
2025-07-19T23:02:41.184269+0700,103.195.142.2,180.251.22.233,53,41006,UDP,flow,failed,79981888610381,,1,1,0,135,0,0.0,1,135,0,none,0,none,0,0,0,no_alert_unknown,no_alert_not_final_benign,-1,dns,port
2025-07-19T23:02:41.184340+0700,103.195.142.74,118.98.44.20,7451,53,UDP,flow,dns,2104836589625453,,1,1,0,68,0,0.0,1,68,0,none,0,none,0,0,0,no_alert_unknown,no_alert_not_final_benign,-1,dns,app_proto+port
2025-07-19T23:02:41.184422+0700,103.195.142.195,87.98.154.56,53,23755,UDP,flow,failed,518634320568755,,1,1,0,1437,0,0.0,1,1437,0,none,0,none,0,0,0,no_alert_unknown,no_alert_not_final_benign,-1,dns,port
2025-07-19T23:02:41.184456+0700,103.195.142.2,172.68.20.93,53,16859,UDP,flow,failed,2243851819622884,,1,1,0,176,0,0.0,1,176,0,none,0,none,0,0,0,no_alert_unknown,no_alert_not_final_benign,-1,dns,port
2025-07-19T23:02:41.184536+0700,103.195.142.195,87.98.154.119,53,19742,UDP,flow,failed,314523094884932,,1,1,0,1437,0,0.0,1,1437,0,none,0,none,0,0,0,no_alert_unknown,no_alert_not_final_benign,-1,dns,port
2025-07-19T23:02:41.184579+0700,103.195.142.74,118.98.44.20,37176,53,UDP,flow,dns,2203194745299599,,1,1,0,68,0,0.0,1,68,0,none,0,none,0,0,0,no_alert_unknown,no_alert_not_final_benign,-1,dns,app_proto+port
2025-07-19T23:02:41.184694+0700,103.195.142.31,1.1.1.1,60224,53,UDP,flow,dns,716734764163838,,1,2,0,192,0,5.0,2,192,0,none,0,none,0,0,0,no_alert_unknown,no_alert_not_final_benign,-1,dns,app_proto+port
2025-07-19T23:02:41.184715+0700,103.195.142.3,180.241.27.220,53,51342,UDP,flow,failed,186560437822281,,1,1,0,132,0,0.0,1,132,0,none,0,none,0,0,0,no_alert_unknown,no_alert_not_final_benign,-1,dns,port
2025-07-19T23:02:41.184734+0700,103.195.142.74,202.134.0.155,19202,53,UDP,flow,dns,267458949096395,,1,1,0,110,0,0.0,1,110,0,none,0,none,0,0,0,no_alert_unknown,no_alert_not_final_benign,-1,dns,app_proto+port
2025-07-19T23:02:41.184754+0700,103.195.142.74,202.134.0.155,22797,53,UDP,flow,dns,1981771417658333,,1,1,0,87,0,0.0,1,87,0,none,0,none,0,0,0,no_alert_unknown,no_alert_not_final_benign,-1,dns,app_proto+port
2025-07-19T23:02:41.184803+0700,103.195.142.195,87.98.154.180,53,33878,UDP,flow,failed,306396671452214,,1,1,0,1437,0,0.0,1,1437,0,none,0,none,0,0,0,no_alert_unknown,no_alert_not_final_benign,-1,dns,port
2025-07-19T23:02:41.184821+0700,103.195.142.83,87.98.154.194,53,27065,UDP,flow,failed,2170868747740232,,1,1,0,1190,0,0.0,1,1190,0,none,0,none,0,0,0,no_alert_unknown,no_alert_not_final_benign,-1,dns,port
2025-07-19T23:02:41.184840+0700,103.195.142.83,87.98.154.117,53,56065,UDP,flow,failed,115839691531375,,1,1,0,1190,0,0.0,1,1190,0,none,0,none,0,0,0,no_alert_unknown,no_alert_not_final_benign,-1,dns,port
2025-07-19T23:02:41.184859+0700,103.195.142.46,87.98.154.167,53,2765,UDP,flow,failed,422847981560944,,1,1,0,1437,0,0.0,1,1437,0,none,0,none,0,0,0,no_alert_unknown,no_alert_not_final_benign,-1,dns,port
2025-07-19T23:02:41.184877+0700,103.195.142.165,87.98.154.5,53,10881,UDP,flow,failed,484958038467702,,1,1,0,1437,0,0.0,1,1437,0,none,0,none,0,0,0,no_alert_unknown,no_alert_not_final_benign,-1,dns,port
2025-07-19T23:02:41.184896+0700,103.195.142.83,87.98.154.119,53,49929,UDP,flow,failed,468572153848974,,1,1,0,1190,0,0.0,1,1190,0,none,0,none,0,0,0,no_alert_unknown,no_alert_not_final_benign,-1,dns,port
2025-07-19T23:02:41.184915+0700,103.195.142.76,87.98.154.114,53,43996,UDP,flow,failed,2133490093270289,,1,3,0,4407,0,10.0,3,4407,0,none,0,none,0,0,0,no_alert_unknown,no_alert_not_final_benign,-1,dns,port
2025-07-19T23:02:41.184961+0700,103.195.142.109,87.98.154.119,53,38645,UDP,flow,failed,412147625567640,,1,1,0,1437,0,0.0,1,1437,0,none,0,none,0,0,0,no_alert_unknown,no_alert_not_final_benign,-1,dns,port
2025-07-19T23:02:41.184979+0700,103.195.142.83,87.98.154.166,53,11462,UDP,flow,failed,127931791582676,,1,1,0,1190,0,0.0,1,1190,0,none,0,none,0,0,0,no_alert_unknown,no_alert_not_final_benign,-1,dns,port
2025-07-19T23:02:41.184998+0700,103.195.142.74,118.98.44.20,47050,53,UDP,flow,dns,2055039509603854,,1,1,0,85,0,0.0,1,85,0,none,0,none,0,0,0,no_alert_unknown,no_alert_not_final_benign,-1,dns,app_proto+port
2025-07-19T23:02:41.185037+0700,103.195.142.74,202.134.0.155,15007,53,UDP,flow,dns,374888509613856,,1,1,0,214,0,0.0,1,214,0,none,0,none,0,0,0,no_alert_unknown,no_alert_not_final_benign,-1,dns,app_proto+port
2025-07-19T23:02:41.185122+0700,103.195.142.2,173.252.107.136,53,52769,UDP,flow,failed,84538551576440,,1,1,0,189,0,0.0,1,189,0,none,0,none,0,0,0,no_alert_unknown,no_alert_not_final_benign,-1,dns,port
2025-07-19T23:02:41.185146+0700,103.195.142.165,87.98.154.119,53,27905,UDP,flow,failed,451298573428682,,1,1,0,1437,0,0.0,1,1437,0,none,0,none,0,0,0,no_alert_unknown,no_alert_not_final_benign,-1,dns,port
2025-07-19T23:02:41.185242+0700,103.195.142.74,118.98.44.50,15934,53,UDP,flow,dns,385378539153500,,1,1,0,214,0,0.0,1,214,0,none,0,none,0,0,0,no_alert_unknown,no_alert_not_final_benign,-1,dns,app_proto+port
2025-07-19T23:02:41.185304+0700,103.195.142.76,87.98.154.26,53,25142,UDP,flow,failed,2095147547765136,,1,1,0,1469,0,0.0,1,1469,0,none,0,none,0,0,0,no_alert_unknown,no_alert_not_final_benign,-1,dns,port
2025-07-19T23:02:41.185379+0700,103.195.142.109,87.98.154.119,53,11385,UDP,flow,failed,100550386985427,,1,1,0,1437,0,0.0,1,1437,0,none,0,none,0,0,0,no_alert_unknown,no_alert_not_final_benign,-1,dns,port
2025-07-19T23:02:41.185399+0700,103.195.142.74,118.98.44.50,13094,53,UDP,flow,dns,15206321564182,,1,1,0,250,0,0.0,1,250,0,none,0,none,0,0,0,no_alert_unknown,no_alert_not_final_benign,-1,dns,app_proto+port
2025-07-19T23:02:41.185441+0700,103.195.142.74,202.134.0.155,11611,53,UDP,flow,dns,430567220390571,,1,1,0,87,0,0.0,1,87,0,none,0,none,0,0,0,no_alert_unknown,no_alert_not_final_benign,-1,dns,app_proto+port
2025-07-19T23:02:41.185461+0700,103.195.142.74,118.98.44.50,38999,53,UDP,flow,dns,169832523836080,,1,1,0,77,0,0.0,1,77,0,none,0,none,0,0,0,no_alert_unknown,no_alert_not_final_benign,-1,dns,app_proto+port
2025-07-19T23:02:41.185513+0700,103.195.142.196,87.98.154.119,53,60517,UDP,flow,failed,2036668937677701,,1,1,0,1437,0,0.0,1,1437,0,none,0,none,0,0,0,no_alert_unknown,no_alert_not_final_benign,-1,dns,port
2025-07-19T23:02:41.185533+0700,103.195.142.165,87.98.154.153,53,13112,UDP,flow,failed,78559738473628,,1,1,0,1437,0,0.0,1,1437,0,none,0,none,0,0,0,no_alert_unknown,no_alert_not_final_benign,-1,dns,port
2025-07-19T23:02:41.185555+0700,103.195.142.165,87.98.154.181,53,1337,UDP,flow,failed,475165274746080,,1,1,0,1437,0,0.0,1,1437,0,none,0,none,0,0,0,no_alert_unknown,no_alert_not_final_benign,-1,dns,port
2025-07-19T23:02:41.185605+0700,103.195.142.2,173.252.107.134,53,52262,UDP,flow,failed,2198002072890758,,1,1,0,189,0,0.0,1,189,0,none,0,none,0,0,0,no_alert_unknown,no_alert_not_final_benign,-1,dns,port
2025-07-19T23:02:41.185651+0700,103.195.142.74,118.98.44.100,48546,53,UDP,flow,dns,305401414757855,,1,1,0,88,0,0.0,1,88,0,none,0,none,0,0,0,no_alert_unknown,no_alert_not_final_benign,-1,dns,app_proto+port
2025-07-19T23:02:41.185672+0700,103.195.142.75,8.8.8.8,40459,53,UDP,flow,dns,2119896527285811,,1,1,0,85,0,0.0,1,85,0,none,0,none,0,0,0,no_alert_unknown,no_alert_not_final_benign,-1,dns,app_proto+port
2025-07-19T23:02:41.185738+0700,103.195.142.2,173.252.107.136,53,49530,UDP,flow,failed,162383370530590,,1,1,0,146,0,0.0,1,146,0,none,0,none,0,0,0,no_alert_unknown,no_alert_not_final_benign,-1,dns,port
2025-07-19T23:02:41.185830+0700,103.195.142.46,87.98.154.119,53,1867,UDP,flow,failed,244120410861643,,1,1,0,1437,0,0.0,1,1437,0,none,0,none,0,0,0,no_alert_unknown,no_alert_not_final_benign,-1,dns,port
2025-07-19T23:02:41.185850+0700,103.195.142.75,8.8.8.8,23030,53,UDP,flow,dns,177289551884499,,1,1,0,87,0,0.0,1,87,0,none,0,none,0,0,0,no_alert_unknown,no_alert_not_final_benign,-1,dns,app_proto+port
2025-07-19T23:02:41.185870+0700,103.195.142.195,87.98.154.68,53,6843,UDP,flow,failed,1659646151635380,,1,3,0,4311,0,10.0,3,4311,0,none,0,none,0,0,0,no_alert_unknown,no_alert_not_final_benign,-1,dns,port
2025-07-19T23:02:41.185889+0700,103.195.142.75,8.8.8.8,27419,53,UDP,flow,dns,1999159352308274,,1,1,0,85,0,0.0,1,85,0,none,0,none,0,0,0,no_alert_unknown,no_alert_not_final_benign,-1,dns,app_proto+port
2025-07-19T23:02:41.185915+0700,103.195.142.74,118.98.44.50,4384,53,UDP,flow,dns,395192564331109,,1,1,0,214,0,0.0,1,214,0,none,0,none,0,0,0,no_alert_unknown,no_alert_not_final_benign,-1,dns,app_proto+port
2025-07-19T23:02:41.185994+0700,103.195.142.74,118.98.44.100,7916,53,UDP,flow,dns,256278467523394,,1,1,0,87,0,0.0,1,87,0,none,0,none,0,0,0,no_alert_unknown,no_alert_not_final_benign,-1,dns,app_proto+port
2025-07-19T23:02:41.186017+0700,103.195.142.46,87.98.154.251,53,45643,UDP,flow,failed,123509322232643,,1,1,0,1437,0,0.0,1,1437,0,none,0,none,0,0,0,no_alert_unknown,no_alert_not_final_benign,-1,dns,port
2025-07-19T23:02:41.186037+0700,103.195.142.76,87.98.154.119,53,31802,UDP,flow,failed,417866894553973,,1,1,0,1469,0,0.0,1,1469,0,none,0,none,0,0,0,no_alert_unknown,no_alert_not_final_benign,-1,dns,port
2025-07-19T23:02:41.186060+0700,103.195.142.109,87.98.154.109,53,14331,UDP,flow,failed,558247144207465,,1,1,0,1437,0,0.0,1,1437,0,none,0,none,0,0,0,no_alert_unknown,no_alert_not_final_benign,-1,dns,port
2025-07-19T23:02:41.186139+0700,103.195.142.74,202.134.0.155,64842,53,UDP,flow,dns,32323155211503,,1,1,0,214,0,0.0,1,214,0,none,0,none,0,0,0,no_alert_unknown,no_alert_not_final_benign,-1,dns,app_proto+port
2025-07-19T23:02:41.186231+0700,103.195.142.74,118.98.44.50,63819,53,UDP,flow,dns,441570894951769,,1,1,0,202,0,0.0,1,202,0,none,0,none,0,0,0,no_alert_unknown,no_alert_not_final_benign,-1,dns,app_proto+port
2025-07-19T23:02:41.186295+0700,103.195.142.109,87.98.154.109,53,58884,UDP,flow,failed,292267607012890,,1,1,0,1437,0,0.0,1,1437,0,none,0,none,0,0,0,no_alert_unknown,no_alert_not_final_benign,-1,dns,port
2025-07-19T23:02:41.186314+0700,103.195.142.165,87.98.154.117,53,43051,UDP,flow,failed,314782418941466,,1,1,0,1437,0,0.0,1,1437,0,none,0,none,0,0,0,no_alert_unknown,no_alert_not_final_benign,-1,dns,port
2025-07-19T23:02:41.186333+0700,103.195.142.74,202.134.0.155,21625,53,UDP,flow,dns,486985994155641,,1,1,0,87,0,0.0,1,87,0,none,0,none,0,0,0,no_alert_unknown,no_alert_not_final_benign,-1,dns,app_proto+port
2025-07-19T23:02:41.186359+0700,103.195.142.2,172.253.210.16,53,37648,UDP,flow,failed,2063197584111321,,1,1,0,161,0,0.0,1,161,0,none,0,none,0,0,0,no_alert_unknown,no_alert_not_final_benign,-1,dns,port
2025-07-19T23:02:41.186400+0700,103.195.142.74,202.134.0.155,16919,53,UDP,flow,dns,36249814120357,,1,1,0,85,0,0.0,1,85,0,none,0,none,0,0,0,no_alert_unknown,no_alert_not_final_benign,-1,dns,app_proto+port
2025-07-19T23:02:41.186442+0700,103.195.142.165,87.98.154.13,53,37504,UDP,flow,failed,2161244972136482,,1,3,0,4311,0,10.0,3,4311,0,none,0,none,0,0,0,no_alert_unknown,no_alert_not_final_benign,-1,dns,port
2025-07-19T23:02:41.186461+0700,103.195.142.83,87.98.154.119,53,33048,UDP,flow,failed,465641518086211,,1,1,0,1190,0,0.0,1,1190,0,none,0,none,0,0,0,no_alert_unknown,no_alert_not_final_benign,-1,dns,port
2025-07-19T23:02:41.186480+0700,103.195.142.109,87.98.154.249,53,34600,UDP,flow,failed,2036189609081132,,1,1,0,1437,0,0.0,1,1437,0,none,0,none,0,0,0,no_alert_unknown,no_alert_not_final_benign,-1,dns,port
2025-07-19T23:02:41.186514+0700,103.195.142.74,118.98.44.20,43289,53,UDP,flow,dns,57616520919637,,1,1,0,214,0,0.0,1,214,0,none,0,none,0,0,0,no_alert_unknown,no_alert_not_final_benign,-1,dns,app_proto+port
2025-07-19T23:02:41.186536+0700,103.195.142.76,87.98.154.142,53,9777,UDP,flow,failed,2201004774079070,,1,1,0,1469,0,0.0,1,1469,0,none,0,none,0,0,0,no_alert_unknown,no_alert_not_final_benign,-1,dns,port
2025-07-19T23:02:41.186555+0700,103.195.142.75,8.8.8.8,33366,53,UDP,flow,dns,2009348571609832,,1,1,0,98,0,0.0,1,98,0,none,0,none,0,0,0,no_alert_unknown,no_alert_not_final_benign,-1,dns,app_proto+port
2025-07-19T23:02:41.186575+0700,103.195.142.46,87.98.154.83,53,34434,UDP,flow,failed,2137819172977420,,1,1,0,1437,0,0.0,1,1437,0,none,0,none,0,0,0,no_alert_unknown,no_alert_not_final_benign,-1,dns,port
2025-07-19T23:02:41.186671+0700,103.195.142.196,87.98.154.197,53,21357,UDP,flow,failed,307501174438740,,1,1,0,1437,0,0.0,1,1437,0,none,0,none,0,0,0,no_alert_unknown,no_alert_not_final_benign,-1,dns,port
2025-07-19T23:02:41.186845+0700,103.195.142.76,87.98.154.198,53,7927,UDP,flow,failed,471788941949908,,1,1,0,1469,0,0.0,1,1469,0,none,0,none,0,0,0,no_alert_unknown,no_alert_not_final_benign,-1,dns,port
2025-07-19T23:02:41.186872+0700,103.195.142.195,87.98.154.152,53,2584,UDP,flow,failed,47053850950651,,1,1,0,1437,0,0.0,1,1437,0,none,0,none,0,0,0,no_alert_unknown,no_alert_not_final_benign,-1,dns,port
2025-07-19T23:02:41.186892+0700,103.195.142.46,87.98.154.119,53,54263,UDP,flow,failed,476398368013339,,1,1,0,1437,0,0.0,1,1437,0,none,0,none,0,0,0,no_alert_unknown,no_alert_not_final_benign,-1,dns,port
2025-07-19T23:02:41.186910+0700,103.195.142.3,180.251.22.233,53,59170,UDP,flow,failed,78228023426075,,1,1,0,127,0,0.0,1,127,0,none,0,none,0,0,0,no_alert_unknown,no_alert_not_final_benign,-1,dns,port
2025-07-19T23:02:41.186929+0700,103.195.142.83,87.98.154.26,53,38909,UDP,flow,failed,263457256520818,,1,1,0,1190,0,0.0,1,1190,0,none,0,none,0,0,0,no_alert_unknown,no_alert_not_final_benign,-1,dns,port
2025-07-19T23:02:41.186947+0700,103.195.142.74,118.98.44.50,60437,53,UDP,flow,dns,2101237044952192,,1,1,0,84,0,0.0,1,84,0,none,0,none,0,0,0,no_alert_unknown,no_alert_not_final_benign,-1,dns,app_proto+port
2025-07-19T23:02:41.187000+0700,103.195.142.109,87.98.154.119,53,57877,UDP,flow,failed,515032571985109,,1,1,0,1437,0,0.0,1,1437,0,none,0,none,0,0,0,no_alert_unknown,no_alert_not_final_benign,-1,dns,port
2025-07-19T23:02:41.187021+0700,103.195.142.76,87.98.154.190,53,20694,UDP,flow,failed,2172819147079141,,1,1,0,1469,0,0.0,1,1469,0,none,0,none,0,0,0,no_alert_unknown,no_alert_not_final_benign,-1,dns,port
2025-07-19T23:02:41.187039+0700,103.195.142.46,87.98.154.223,53,21498,UDP,flow,failed,344612016438762,,1,1,0,1437,0,0.0,1,1437,0,none,0,none,0,0,0,no_alert_unknown,no_alert_not_final_benign,-1,dns,port
2025-07-19T23:02:41.187058+0700,103.195.142.76,87.98.154.119,53,11073,UDP,flow,failed,2126985919807345,,1,1,0,1469,0,0.0,1,1469,0,none,0,none,0,0,0,no_alert_unknown,no_alert_not_final_benign,-1,dns,port
2025-07-19T23:02:41.187077+0700,103.195.142.109,87.98.154.137,53,63928,UDP,flow,failed,254123591679886,,1,1,0,1437,0,0.0,1,1437,0,none,0,none,0,0,0,no_alert_unknown,no_alert_not_final_benign,-1,dns,port
2025-07-19T23:02:41.187095+0700,103.195.142.75,8.8.8.8,53078,53,UDP,flow,dns,180469683797993,,1,1,0,214,0,0.0,1,214,0,none,0,none,0,0,0,no_alert_unknown,no_alert_not_final_benign,-1,dns,app_proto+port
2025-07-19T23:02:41.187137+0700,103.195.142.165,87.98.154.119,53,9790,UDP,flow,failed,351397864226853,,1,1,0,1437,0,0.0,1,1437,0,none,0,none,0,0,0,no_alert_unknown,no_alert_not_final_benign,-1,dns,port
2025-07-19T23:02:41.187162+0700,103.195.142.74,202.134.0.155,50902,53,UDP,flow,dns,2104929273462921,,1,1,0,204,0,0.0,1,204,0,none,0,none,0,0,0,no_alert_unknown,no_alert_not_final_benign,-1,dns,app_proto+port
2025-07-19T23:02:41.187204+0700,103.195.142.83,87.98.154.118,53,7531,UDP,flow,failed,493167663530316,,1,1,0,1190,0,0.0,1,1190,0,none,0,none,0,0,0,no_alert_unknown,no_alert_not_final_benign,-1,dns,port
2025-07-19T23:02:41.187223+0700,103.195.142.74,118.98.44.50,19667,53,UDP,flow,dns,83574907814263,,1,1,0,84,0,0.0,1,84,0,none,0,none,0,0,0,no_alert_unknown,no_alert_not_final_benign,-1,dns,app_proto+port
2025-07-19T23:02:41.187242+0700,103.195.142.76,87.98.154.119,53,60914,UDP,flow,failed,328897182515661,,1,1,0,1469,0,0.0,1,1469,0,none,0,none,0,0,0,no_alert_unknown,no_alert_not_final_benign,-1,dns,port
2025-07-19T23:02:41.187261+0700,103.195.142.74,118.98.44.20,34603,53,UDP,flow,dns,25543428293311,,1,1,0,178,0,0.0,1,178,0,none,0,none,0,0,0,no_alert_unknown,no_alert_not_final_benign,-1,dns,app_proto+port
2025-07-19T23:02:41.187331+0700,103.195.142.74,202.134.0.155,62012,53,UDP,flow,dns,823480335287006,,1,2,0,157,0,22.0,2,157,0,none,0,none,0,0,0,no_alert_unknown,no_alert_not_final_benign,-1,dns,app_proto+port
2025-07-19T23:02:41.187422+0700,103.195.142.2,180.251.22.194,53,56365,UDP,flow,failed,89361507501064,,1,1,0,154,0,0.0,1,154,0,none,0,none,0,0,0,no_alert_unknown,no_alert_not_final_benign,-1,dns,port
2025-07-19T23:02:41.187492+0700,103.195.142.3,172.70.116.71,53,65000,UDP,flow,failed,356194483651595,,1,1,0,181,0,0.0,1,181,0,none,0,none,0,0,0,no_alert_unknown,no_alert_not_final_benign,-1,dns,port
2025-07-19T23:02:41.187544+0700,103.195.142.196,87.98.154.119,53,33549,UDP,flow,failed,193340219147354,,1,1,0,1437,0,0.0,1,1437,0,none,0,none,0,0,0,no_alert_unknown,no_alert_not_final_benign,-1,dns,port
2025-07-19T23:02:41.187564+0700,103.195.142.74,118.98.44.50,48930,53,UDP,flow,dns,2097312523699383,,1,1,0,68,0,0.0,1,68,0,none,0,none,0,0,0,no_alert_unknown,no_alert_not_final_benign,-1,dns,app_proto+port
2025-07-19T23:02:41.187643+0700,103.195.142.76,87.98.154.254,53,21007,UDP,flow,failed,2014707271484675,,1,1,0,1469,0,0.0,1,1469,0,none,0,none,0,0,0,no_alert_unknown,no_alert_not_final_benign,-1,dns,port
2025-07-19T23:02:41.187674+0700,103.195.142.196,87.98.154.117,53,37845,UDP,flow,failed,2085128475723070,,1,1,0,1437,0,0.0,1,1437,0,none,0,none,0,0,0,no_alert_unknown,no_alert_not_final_benign,-1,dns,port
2025-07-19T23:02:41.187705+0700,103.195.142.74,118.98.44.100,57284,53,UDP,flow,dns,2028614651823484,,1,1,0,87,0,0.0,1,87,0,none,0,none,0,0,0,no_alert_unknown,no_alert_not_final_benign,-1,dns,app_proto+port
2025-07-19T23:02:41.187726+0700,103.195.142.74,118.98.44.20,46858,53,UDP,flow,dns,2089887957206410,,1,1,0,112,0,0.0,1,112,0,none,0,none,0,0,0,no_alert_unknown,no_alert_not_final_benign,-1,dns,app_proto+port
2025-07-19T23:02:41.187746+0700,103.195.142.83,87.98.154.119,53,39189,UDP,flow,failed,2031543637525909,,1,1,0,1190,0,0.0,1,1190,0,none,0,none,0,0,0,no_alert_unknown,no_alert_not_final_benign,-1,dns,port
2025-07-19T23:02:41.187771+0700,103.195.142.74,202.134.0.155,62383,53,UDP,flow,dns,541305319015891,,1,1,0,178,0,0.0,1,178,0,none,0,none,0,0,0,no_alert_unknown,no_alert_not_final_benign,-1,dns,app_proto+port
2025-07-19T23:02:41.187791+0700,103.195.142.2,118.98.99.134,53,17473,UDP,flow,failed,109658166478312,,1,1,0,132,0,0.0,1,132,0,none,0,none,0,0,0,no_alert_unknown,no_alert_not_final_benign,-1,dns,port
2025-07-19T23:02:41.187833+0700,103.195.142.76,87.98.154.119,53,14369,UDP,flow,failed,533129970796117,,1,1,0,1469,0,0.0,1,1469,0,none,0,none,0,0,0,no_alert_unknown,no_alert_not_final_benign,-1,dns,port
2025-07-19T23:02:41.187851+0700,103.195.142.46,87.98.154.118,53,50031,UDP,flow,failed,466357049968301,,1,1,0,1437,0,0.0,1,1437,0,none,0,none,0,0,0,no_alert_unknown,no_alert_not_final_benign,-1,dns,port
2025-07-19T23:02:41.187893+0700,103.195.142.74,202.134.0.155,54279,53,UDP,flow,dns,205583855470395,,1,1,0,71,0,0.0,1,71,0,none,0,none,0,0,0,no_alert_unknown,no_alert_not_final_benign,-1,dns,app_proto+port
2025-07-19T23:02:41.187913+0700,103.195.142.195,87.98.154.88,53,20812,UDP,flow,failed,2013137840326463,,1,1,0,1437,0,0.0,1,1437,0,none,0,none,0,0,0,no_alert_unknown,no_alert_not_final_benign,-1,dns,port
2025-07-19T23:02:41.187981+0700,103.195.142.196,87.98.154.119,53,41915,UDP,flow,failed,52553891923895,,1,1,0,1437,0,0.0,1,1437,0,none,0,none,0,0,0,no_alert_unknown,no_alert_not_final_benign,-1,dns,port
2025-07-19T23:02:41.188000+0700,103.195.142.109,87.98.154.119,53,22796,UDP,flow,failed,2058570896852966,,1,1,0,1437,0,0.0,1,1437,0,none,0,none,0,0,0,no_alert_unknown,no_alert_not_final_benign,-1,dns,port
2025-07-19T23:02:41.188018+0700,103.195.142.83,87.98.154.119,53,26978,UDP,flow,failed,2124985843992607,,1,1,0,1190,0,0.0,1,1190,0,none,0,none,0,0,0,no_alert_unknown,no_alert_not_final_benign,-1,dns,port
2025-07-19T23:02:41.188037+0700,103.195.142.109,87.98.154.117,53,11346,UDP,flow,failed,470337929365544,,1,1,0,1437,0,0.0,1,1437,0,none,0,none,0,0,0,no_alert_unknown,no_alert_not_final_benign,-1,dns,port
2025-07-19T23:02:41.188055+0700,103.195.142.74,118.98.44.50,50990,53,UDP,flow,dns,24354834434097,,1,1,0,214,0,0.0,1,214,0,none,0,none,0,0,0,no_alert_unknown,no_alert_not_final_benign,-1,dns,app_proto+port
2025-07-19T23:02:41.188080+0700,103.195.142.83,87.98.154.138,53,48302,UDP,flow,failed,342897750853713,,1,1,0,1190,0,0.0,1,1190,0,none,0,none,0,0,0,no_alert_unknown,no_alert_not_final_benign,-1,dns,port
2025-07-19T23:02:41.188118+0700,103.195.142.83,87.98.154.222,53,12560,UDP,flow,failed,2194122316269721,,1,1,0,1190,0,0.0,1,1190,0,none,0,none,0,0,0,no_alert_unknown,no_alert_not_final_benign,-1,dns,port
2025-07-19T23:02:41.188139+0700,103.195.142.196,87.98.154.33,53,15162,UDP,flow,failed,386055755876580,,1,1,0,1437,0,0.0,1,1437,0,none,0,none,0,0,0,no_alert_unknown,no_alert_not_final_benign,-1,dns,port
2025-07-19T23:02:41.188225+0700,103.195.142.165,87.98.154.241,53,16552,UDP,flow,failed,235208452163951,,1,3,0,4311,0,9.0,3,4311,0,none,0,none,0,0,0,no_alert_unknown,no_alert_not_final_benign,-1,dns,port
2025-07-19T23:02:41.188249+0700,103.195.142.74,118.98.44.50,36825,53,UDP,flow,dns,2113383632619961,,1,1,0,77,0,0.0,1,77,0,none,0,none,0,0,0,no_alert_unknown,no_alert_not_final_benign,-1,dns,app_proto+port
2025-07-19T23:02:41.188291+0700,103.195.142.83,87.98.154.110,53,7647,UDP,flow,failed,1662349813959343,,1,3,0,3570,0,10.0,3,3570,0,none,0,none,0,0,0,no_alert_unknown,no_alert_not_final_benign,-1,dns,port
2025-07-19T23:02:41.188310+0700,103.195.142.109,87.98.154.119,53,49242,UDP,flow,failed,115506490460892,,1,1,0,1437,0,0.0,1,1437,0,none,0,none,0,0,0,no_alert_unknown,no_alert_not_final_benign,-1,dns,port
2025-07-19T23:02:41.188328+0700,103.195.142.195,87.98.154.12,53,12195,UDP,flow,failed,1997745874946805,,1,3,0,4311,0,10.0,3,4311,0,none,0,none,0,0,0,no_alert_unknown,no_alert_not_final_benign,-1,dns,port
2025-07-19T23:02:41.188347+0700,103.195.142.74,202.134.0.155,36784,53,UDP,flow,dns,2096572710734703,,1,1,0,87,0,0.0,1,87,0,none,0,none,0,0,0,no_alert_unknown,no_alert_not_final_benign,-1,dns,app_proto+port
2025-07-19T23:02:41.188415+0700,103.195.142.195,87.98.154.236,53,10753,UDP,flow,failed,2110072688692389,,1,1,0,1437,0,0.0,1,1437,0,none,0,none,0,0,0,no_alert_unknown,no_alert_not_final_benign,-1,dns,port
2025-07-19T23:02:41.188457+0700,103.195.142.76,87.98.154.186,53,3441,UDP,flow,failed,60386080214217,,1,1,0,1469,0,0.0,1,1469,0,none,0,none,0,0,0,no_alert_unknown,no_alert_not_final_benign,-1,dns,port
2025-07-19T23:02:41.188536+0700,103.195.142.195,87.98.154.8,53,5048,UDP,flow,failed,2072027480935726,,1,1,0,1437,0,0.0,1,1437,0,none,0,none,0,0,0,no_alert_unknown,no_alert_not_final_benign,-1,dns,port
2025-07-19T23:02:41.188584+0700,103.195.142.74,118.98.44.50,60232,53,UDP,flow,dns,288242409819680,,1,1,0,214,0,0.0,1,214,0,none,0,none,0,0,0,no_alert_unknown,no_alert_not_final_benign,-1,dns,app_proto+port
2025-07-19T23:02:41.188629+0700,103.195.142.76,87.98.154.26,53,63105,UDP,flow,failed,2230328310714073,,1,1,0,1469,0,0.0,1,1469,0,none,0,none,0,0,0,no_alert_unknown,no_alert_not_final_benign,-1,dns,port
2025-07-19T23:02:41.188649+0700,103.195.142.3,121.37.125.49,53,37082,UDP,flow,failed,470165199998755,,1,1,0,131,0,0.0,1,131,0,none,0,none,0,0,0,no_alert_unknown,no_alert_not_final_benign,-1,dns,port
2025-07-19T23:02:41.188704+0700,103.195.142.74,118.98.44.20,26919,53,UDP,flow,dns,2032441028988712,,1,1,0,220,0,0.0,1,220,0,none,0,none,0,0,0,no_alert_unknown,no_alert_not_final_benign,-1,dns,app_proto+port
2025-07-19T23:02:41.188730+0700,103.195.142.76,87.98.154.118,53,39783,UDP,flow,failed,203550171746293,,1,1,0,1469,0,0.0,1,1469,0,none,0,none,0,0,0,no_alert_unknown,no_alert_not_final_benign,-1,dns,port
2025-07-19T23:02:41.188764+0700,103.195.142.74,118.98.44.100,6362,53,UDP,flow,dns,454334116089907,,1,1,0,110,0,0.0,1,110,0,none,0,none,0,0,0,no_alert_unknown,no_alert_not_final_benign,-1,dns,app_proto+port
2025-07-19T23:02:41.188828+0700,103.195.142.195,87.98.154.96,53,33641,UDP,flow,failed,463197955117245,,1,1,0,1437,0,0.0,1,1437,0,none,0,none,0,0,0,no_alert_unknown,no_alert_not_final_benign,-1,dns,port
2025-07-19T23:02:41.188847+0700,103.195.142.75,8.8.8.8,16804,53,UDP,flow,dns,1982420228067542,,1,1,0,68,0,0.0,1,68,0,none,0,none,0,0,0,no_alert_unknown,no_alert_not_final_benign,-1,dns,app_proto+port
2025-07-19T23:02:41.188888+0700,103.195.142.74,118.98.44.100,29946,53,UDP,flow,dns,81205287735652,,1,1,0,78,0,0.0,1,78,0,none,0,none,0,0,0,no_alert_unknown,no_alert_not_final_benign,-1,dns,app_proto+port
2025-07-19T23:02:41.188916+0700,103.195.142.3,180.251.22.246,53,56365,UDP,flow,failed,16395277259234,,1,1,0,127,0,0.0,1,127,0,none,0,none,0,0,0,no_alert_unknown,no_alert_not_final_benign,-1,dns,port
2025-07-19T23:02:41.188947+0700,103.195.142.2,172.253.210.23,53,59898,UDP,flow,failed,2160364909122264,,1,1,0,216,0,0.0,1,216,0,none,0,none,0,0,0,no_alert_unknown,no_alert_not_final_benign,-1,dns,port
2025-07-19T23:02:41.189009+0700,103.195.142.75,8.8.8.8,14573,53,UDP,flow,dns,239086833062969,,1,1,0,214,0,0.0,1,214,0,none,0,none,0,0,0,no_alert_unknown,no_alert_not_final_benign,-1,dns,app_proto+port
2025-07-19T23:02:41.189029+0700,103.195.142.2,180.250.121.26,53,1984,UDP,flow,failed,186130006692961,,1,1,0,132,0,0.0,1,132,0,none,0,none,0,0,0,no_alert_unknown,no_alert_not_final_benign,-1,dns,port
2025-07-19T23:02:41.189131+0700,103.195.142.165,87.98.154.41,53,21782,UDP,flow,failed,2215746512246049,,1,1,0,1437,0,0.0,1,1437,0,none,0,none,0,0,0,no_alert_unknown,no_alert_not_final_benign,-1,dns,port
2025-07-19T23:02:41.189154+0700,103.195.142.74,118.98.44.20,14299,53,UDP,flow,dns,397831827051866,,1,1,0,68,0,0.0,1,68,0,none,0,none,0,0,0,no_alert_unknown,no_alert_not_final_benign,-1,dns,app_proto+port
2025-07-19T23:02:41.189197+0700,103.195.142.109,87.98.154.119,53,28708,UDP,flow,failed,207943149049406,,1,1,0,1437,0,0.0,1,1437,0,none,0,none,0,0,0,no_alert_unknown,no_alert_not_final_benign,-1,dns,port
2025-07-19T23:02:41.189216+0700,103.195.142.109,87.98.154.193,53,22454,UDP,flow,failed,2185561927603782,,1,1,0,1437,0,0.0,1,1437,0,none,0,none,0,0,0,no_alert_unknown,no_alert_not_final_benign,-1,dns,port
2025-07-19T23:02:41.189241+0700,103.195.142.76,87.98.154.254,53,34806,UDP,flow,failed,48966800856874,,1,1,0,1469,0,0.0,1,1469,0,none,0,none,0,0,0,no_alert_unknown,no_alert_not_final_benign,-1,dns,port
2025-07-19T23:02:41.189259+0700,103.195.142.74,202.134.0.155,31202,53,UDP,flow,dns,453890224903979,,1,1,0,110,0,0.0,1,110,0,none,0,none,0,0,0,no_alert_unknown,no_alert_not_final_benign,-1,dns,app_proto+port
2025-07-19T23:02:41.189279+0700,103.195.142.165,87.98.154.119,53,23331,UDP,flow,failed,212224655251291,,1,1,0,1437,0,0.0,1,1437,0,none,0,none,0,0,0,no_alert_unknown,no_alert_not_final_benign,-1,dns,port
2025-07-19T23:02:41.189321+0700,103.195.142.31,8.8.8.8,17749,53,UDP,flow,dns,1975559764269142,,1,1,0,78,0,0.0,1,78,0,none,0,none,0,0,0,no_alert_unknown,no_alert_not_final_benign,-1,dns,app_proto+port
2025-07-19T23:02:41.189362+0700,103.195.142.74,118.98.44.100,33810,53,UDP,flow,dns,102412064086145,,1,1,0,250,0,0.0,1,250,0,none,0,none,0,0,0,no_alert_unknown,no_alert_not_final_benign,-1,dns,app_proto+port
2025-07-19T23:02:41.189387+0700,103.195.142.74,202.134.0.155,9811,53,UDP,flow,dns,2164888392784022,,1,1,0,96,0,0.0,1,96,0,none,0,none,0,0,0,no_alert_unknown,no_alert_not_final_benign,-1,dns,app_proto+port
2025-07-19T23:02:41.189469+0700,103.195.142.165,87.98.154.119,53,30056,UDP,flow,failed,191106416073014,,1,1,0,1437,0,0.0,1,1437,0,none,0,none,0,0,0,no_alert_unknown,no_alert_not_final_benign,-1,dns,port
2025-07-19T23:02:41.189510+0700,103.195.142.165,87.98.154.241,53,37579,UDP,flow,failed,142783949658598,,1,1,0,1437,0,0.0,1,1437,0,none,0,none,0,0,0,no_alert_unknown,no_alert_not_final_benign,-1,dns,port
2025-07-19T23:02:41.189591+0700,103.195.142.83,87.98.154.119,53,27074,UDP,flow,failed,171170180782695,,1,1,0,1190,0,0.0,1,1190,0,none,0,none,0,0,0,no_alert_unknown,no_alert_not_final_benign,-1,dns,port
2025-07-19T23:02:41.189610+0700,103.195.142.46,87.98.154.119,53,52209,UDP,flow,failed,9547558181543,,1,1,0,1437,0,0.0,1,1437,0,none,0,none,0,0,0,no_alert_unknown,no_alert_not_final_benign,-1,dns,port
2025-07-19T23:02:41.189628+0700,103.195.142.165,87.98.154.41,53,23159,UDP,flow,failed,1852244213455565,,1,3,0,4311,0,10.0,3,4311,0,none,0,none,0,0,0,no_alert_unknown,no_alert_not_final_benign,-1,dns,port
2025-07-19T23:02:41.189647+0700,103.195.142.165,87.98.154.119,53,26755,UDP,flow,failed,66712916679460,,1,1,0,1437,0,0.0,1,1437,0,none,0,none,0,0,0,no_alert_unknown,no_alert_not_final_benign,-1,dns,port
2025-07-19T23:02:41.189671+0700,103.195.142.74,118.98.44.20,27815,53,UDP,flow,dns,209280332422125,,1,1,0,68,0,0.0,1,68,0,none,0,none,0,0,0,no_alert_unknown,no_alert_not_final_benign,-1,dns,app_proto+port
2025-07-19T23:02:41.189692+0700,103.195.142.196,87.98.154.5,53,64284,UDP,flow,failed,403292792773836,,1,1,0,1437,0,0.0,1,1437,0,none,0,none,0,0,0,no_alert_unknown,no_alert_not_final_benign,-1,dns,port
2025-07-19T23:02:41.189710+0700,103.195.142.195,87.98.154.119,53,53688,UDP,flow,failed,61255818894633,,1,1,0,1437,0,0.0,1,1437,0,none,0,none,0,0,0,no_alert_unknown,no_alert_not_final_benign,-1,dns,port
2025-07-19T23:02:41.189729+0700,103.195.142.165,87.98.154.153,53,25399,UDP,flow,failed,191057084177713,,1,1,0,1437,0,0.0,1,1437,0,none,0,none,0,0,0,no_alert_unknown,no_alert_not_final_benign,-1,dns,port
2025-07-19T23:02:41.189770+0700,103.195.142.74,202.134.0.155,45673,53,UDP,flow,dns,227719840685555,,1,1,0,238,0,0.0,1,238,0,none,0,none,0,0,0,no_alert_unknown,no_alert_not_final_benign,-1,dns,app_proto+port
2025-07-19T23:02:41.189789+0700,103.195.142.74,202.134.0.155,17029,53,UDP,flow,dns,530423229472417,,1,1,0,220,0,0.0,1,220,0,none,0,none,0,0,0,no_alert_unknown,no_alert_not_final_benign,-1,dns,app_proto+port
2025-07-19T23:02:41.189900+0700,103.195.142.75,8.8.8.8,20732,53,UDP,flow,dns,23713859395508,,1,1,0,68,0,0.0,1,68,0,none,0,none,0,0,0,no_alert_unknown,no_alert_not_final_benign,-1,dns,app_proto+port
2025-07-19T23:02:41.189971+0700,103.195.142.46,87.98.154.119,53,16827,UDP,flow,failed,44740122861653,,1,1,0,1437,0,0.0,1,1437,0,none,0,none,0,0,0,no_alert_unknown,no_alert_not_final_benign,-1,dns,port
2025-07-19T23:02:41.189989+0700,103.195.142.196,87.98.154.119,53,54543,UDP,flow,failed,416617477202013,,1,1,0,1437,0,0.0,1,1437,0,none,0,none,0,0,0,no_alert_unknown,no_alert_not_final_benign,-1,dns,port
2025-07-19T23:02:41.190008+0700,103.195.142.165,87.98.154.119,53,39589,UDP,flow,failed,281703200547074,,1,1,0,1437,0,0.0,1,1437,0,none,0,none,0,0,0,no_alert_unknown,no_alert_not_final_benign,-1,dns,port
2025-07-19T23:02:41.190053+0700,103.195.142.75,8.8.8.8,55262,53,UDP,flow,dns,222494658748786,,1,1,0,178,0,0.0,1,178,0,none,0,none,0,0,0,no_alert_unknown,no_alert_not_final_benign,-1,dns,app_proto+port
2025-07-19T23:02:41.190133+0700,103.195.142.75,8.8.8.8,27783,53,UDP,flow,dns,1522834637611513,,1,2,0,456,0,4.0,2,456,0,none,0,none,0,0,0,no_alert_unknown,no_alert_not_final_benign,-1,dns,app_proto+port
2025-07-19T23:02:41.190184+0700,103.195.142.3,74.125.181.158,53,48179,UDP,flow,failed,350088587141685,,1,1,0,164,0,0.0,1,164,0,none,0,none,0,0,0,no_alert_unknown,no_alert_not_final_benign,-1,dns,port
2025-07-19T23:02:41.190219+0700,103.195.142.46,87.98.154.119,53,9664,UDP,flow,failed,539964165350042,,1,1,0,1437,0,0.0,1,1437,0,none,0,none,0,0,0,no_alert_unknown,no_alert_not_final_benign,-1,dns,port
2025-07-19T23:02:41.190272+0700,103.195.142.76,87.98.154.26,53,53905,UDP,flow,failed,453081500902379,,1,1,0,1469,0,0.0,1,1469,0,none,0,none,0,0,0,no_alert_unknown,no_alert_not_final_benign,-1,dns,port
2025-07-19T23:02:41.190293+0700,103.195.142.76,87.98.154.226,53,17170,UDP,flow,failed,235101171246175,,1,1,0,1469,0,0.0,1,1469,0,none,0,none,0,0,0,no_alert_unknown,no_alert_not_final_benign,-1,dns,port
2025-07-19T23:02:41.190311+0700,103.195.142.75,8.8.8.8,43973,53,UDP,flow,dns,212802395268357,,1,1,0,74,0,0.0,1,74,0,none,0,none,0,0,0,no_alert_unknown,no_alert_not_final_benign,-1,dns,app_proto+port
2025-07-19T23:02:41.190331+0700,103.195.142.2,180.251.22.208,53,25133,UDP,flow,failed,90414792664351,,1,1,0,154,0,0.0,1,154,0,none,0,none,0,0,0,no_alert_unknown,no_alert_not_final_benign,-1,dns,port
2025-07-19T23:02:41.190379+0700,103.195.142.2,173.252.107.131,53,61624,UDP,flow,failed,87379362801076,,1,1,0,174,0,0.0,1,174,0,none,0,none,0,0,0,no_alert_unknown,no_alert_not_final_benign,-1,dns,port
2025-07-19T23:02:41.190398+0700,103.195.142.76,87.98.154.119,53,22282,UDP,flow,failed,88307325888026,,1,1,0,1469,0,0.0,1,1469,0,none,0,none,0,0,0,no_alert_unknown,no_alert_not_final_benign,-1,dns,port
2025-07-19T23:02:41.190417+0700,103.195.142.83,87.98.154.119,53,4549,UDP,flow,failed,550447008015917,,1,1,0,1190,0,0.0,1,1190,0,none,0,none,0,0,0,no_alert_unknown,no_alert_not_final_benign,-1,dns,port
2025-07-19T23:02:41.190435+0700,103.195.142.75,8.8.8.8,19831,53,UDP,flow,dns,435897035482741,,1,1,0,79,0,0.0,1,79,0,none,0,none,0,0,0,no_alert_unknown,no_alert_not_final_benign,-1,dns,app_proto+port
2025-07-19T23:02:41.190499+0700,103.195.142.46,87.98.154.139,53,57715,UDP,flow,failed,419094516754581,,1,1,0,1437,0,0.0,1,1437,0,none,0,none,0,0,0,no_alert_unknown,no_alert_not_final_benign,-1,dns,port
2025-07-19T23:02:41.190569+0700,103.195.142.46,87.98.154.119,53,47327,UDP,flow,failed,546161140001057,,1,1,0,1437,0,0.0,1,1437,0,none,0,none,0,0,0,no_alert_unknown,no_alert_not_final_benign,-1,dns,port
2025-07-19T23:02:41.190631+0700,103.195.142.83,87.98.154.119,53,35669,UDP,flow,failed,300837453785693,,1,1,0,1190,0,0.0,1,1190,0,none,0,none,0,0,0,no_alert_unknown,no_alert_not_final_benign,-1,dns,port
2025-07-19T23:02:41.190697+0700,103.195.142.165,87.98.154.97,53,57543,UDP,flow,failed,555671597837071,,1,1,0,1437,0,0.0,1,1437,0,none,0,none,0,0,0,no_alert_unknown,no_alert_not_final_benign,-1,dns,port
2025-07-19T23:02:41.190716+0700,103.195.142.74,202.134.0.155,36414,53,UDP,flow,dns,314137316780929,,1,1,0,88,0,0.0,1,88,0,none,0,none,0,0,0,no_alert_unknown,no_alert_not_final_benign,-1,dns,app_proto+port
2025-07-19T23:02:41.190784+0700,103.195.142.109,87.98.154.119,53,61463,UDP,flow,failed,368953070611625,,1,1,0,1437,0,0.0,1,1437,0,none,0,none,0,0,0,no_alert_unknown,no_alert_not_final_benign,-1,dns,port
2025-07-19T23:02:41.190831+0700,103.195.142.109,87.98.154.73,53,53140,UDP,flow,failed,12450486512843,,1,1,0,1437,0,0.0,1,1437,0,none,0,none,0,0,0,no_alert_unknown,no_alert_not_final_benign,-1,dns,port
2025-07-19T23:02:41.190878+0700,103.195.142.76,87.98.154.86,53,46431,UDP,flow,failed,126913160769286,,1,1,0,1469,0,0.0,1,1469,0,none,0,none,0,0,0,no_alert_unknown,no_alert_not_final_benign,-1,dns,port
2025-07-19T23:02:41.190918+0700,103.195.142.196,87.98.154.119,53,50199,UDP,flow,failed,557592893353925,,1,1,0,1437,0,0.0,1,1437,0,none,0,none,0,0,0,no_alert_unknown,no_alert_not_final_benign,-1,dns,port
2025-07-19T23:02:41.217809+0700,103.195.142.74,202.134.0.155,22073,53,UDP,dns,,372532992337611,wire/pcap,0,0,0,0,0,0.0,0,0,0,none,0,none,0,0,0,no_alert_unknown,no_alert_not_final_benign,-1,dns,port
2025-07-19T23:02:41.226572+0700,103.195.142.75,8.8.8.8,55987,53,UDP,dns,,410173200058825,wire/pcap,0,0,0,0,0,0.0,0,0,0,none,0,none,0,0,0,no_alert_unknown,no_alert_not_final_benign,-1,dns,port
2025-07-19T23:02:41.246793+0700,103.195.142.75,8.8.8.8,5160,53,UDP,dns,,497018161062953,wire/pcap,0,0,0,0,0,0.0,0,0,0,none,0,none,0,0,0,no_alert_unknown,no_alert_not_final_benign,-1,dns,port
2025-07-19T23:02:41.247808+0700,103.195.142.74,118.98.44.100,25976,53,UDP,dns,,501380376922456,wire/pcap,0,0,0,0,0,0.0,0,0,0,none,0,none,0,0,0,no_alert_unknown,no_alert_not_final_benign,-1,dns,port
2025-07-19T23:02:41.250716+0700,103.195.142.74,118.98.44.100,41537,53,UDP,dns,,513868091102500,wire/pcap,0,0,0,0,0,0.0,0,0,0,none,0,none,0,0,0,no_alert_unknown,no_alert_not_final_benign,-1,dns,port
2025-07-19T23:02:41.283148+0700,103.195.142.75,8.8.8.8,5030,53,UDP,dns,,371690350125617,wire/pcap,0,0,0,0,0,0.0,0,0,0,none,0,none,0,0,0,no_alert_unknown,no_alert_not_final_benign,-1,dns,port
2025-07-19T23:02:41.287860+0700,103.195.142.75,8.8.8.8,17093,53,UDP,dns,,391928592223415,wire/pcap,0,0,0,0,0,0.0,0,0,0,none,0,none,0,0,0,no_alert_unknown,no_alert_not_final_benign,-1,dns,port
2025-07-19T23:02:41.289303+0700,103.195.142.75,8.8.8.8,57973,53,UDP,dns,,398124421271843,wire/pcap,0,0,0,0,0,0.0,0,0,0,none,0,none,0,0,0,no_alert_unknown,no_alert_not_final_benign,-1,dns,port
2025-07-19T23:02:41.303796+0700,103.195.142.74,118.98.44.100,44218,53,UDP,dns,,460371420460929,wire/pcap,0,0,0,0,0,0.0,0,0,0,none,0,none,0,0,0,no_alert_unknown,no_alert_not_final_benign,-1,dns,port
2025-07-19T23:02:41.339196+0700,103.195.142.75,8.8.8.8,13124,53,UDP,dns,,330937360433358,wire/pcap,0,0,0,0,0,0.0,0,0,0,none,0,none,0,0,0,no_alert_unknown,no_alert_not_final_benign,-1,dns,port
2025-07-19T23:02:41.356757+0700,103.195.142.74,118.98.44.50,11852,53,UDP,dns,,406362527300276,wire/pcap,0,0,0,0,0,0.0,0,0,0,none,0,none,0,0,0,no_alert_unknown,no_alert_not_final_benign,-1,dns,port
2025-07-19T23:02:41.393140+0700,103.195.142.74,118.98.44.100,31944,53,UDP,dns,,562625954313486,wire/pcap,0,0,0,0,0,0.0,0,0,0,none,0,none,0,0,0,no_alert_unknown,no_alert_not_final_benign,-1,dns,port
2025-07-19T23:02:41.393183+0700,103.195.142.74,118.98.44.50,33336,53,UDP,dns,,562809354052391,wire/pcap,0,0,0,0,0,0.0,0,0,0,none,0,none,0,0,0,no_alert_unknown,no_alert_not_final_benign,-1,dns,port
2025-07-19T23:02:41.413874+0700,103.195.142.74,118.98.44.20,37336,53,UDP,dns,,370200790517867,wire/pcap,0,0,0,0,0,0.0,0,0,0,none,0,none,0,0,0,no_alert_unknown,no_alert_not_final_benign,-1,dns,port
2025-07-19T23:02:41.414008+0700,103.195.142.74,202.134.0.155,55335,53,UDP,dns,,370778415430153,wire/pcap,0,0,0,0,0,0.0,0,0,0,none,0,none,0,0,0,no_alert_unknown,no_alert_not_final_benign,-1,dns,port
2025-07-19T23:02:41.424469+0700,103.195.142.74,118.98.44.100,3079,53,UDP,dns,,415709662956036,wire/pcap,0,0,0,0,0,0.0,0,0,0,none,0,none,0,0,0,no_alert_unknown,no_alert_not_final_benign,-1,dns,port
2025-07-19T23:02:41.458361+0700,103.195.142.74,118.98.44.50,16730,53,UDP,dns,,561274209220312,wire/pcap,0,0,0,0,0,0.0,0,0,0,none,0,none,0,0,0,no_alert_unknown,no_alert_not_final_benign,-1,dns,port
2025-07-19T23:02:41.464260+0700,103.195.142.74,202.134.0.155,59574,53,UDP,dns,,305135314217024,wire/pcap,0,0,0,0,0,0.0,0,0,0,none,0,none,0,0,0,no_alert_unknown,no_alert_not_final_benign,-1,dns,port
2025-07-19T23:02:41.470725+0700,103.195.142.74,202.134.0.155,38538,53,UDP,dns,,332900970763312,wire/pcap,0,0,0,0,0,0.0,0,0,0,none,0,none,0,0,0,no_alert_unknown,no_alert_not_final_benign,-1,dns,port
2025-07-19T23:02:41.471976+0700,103.195.142.74,118.98.44.50,13718,53,UDP,dns,,338274159820633,wire/pcap,0,0,0,0,0,0.0,0,0,0,none,0,none,0,0,0,no_alert_unknown,no_alert_not_final_benign,-1,dns,port
2025-07-19T23:02:41.475681+0700,103.195.142.74,118.98.44.50,3346,53,UDP,dns,,354185519408319,wire/pcap,0,0,0,0,0,0.0,0,0,0,none,0,none,0,0,0,no_alert_unknown,no_alert_not_final_benign,-1,dns,port
2025-07-19T23:02:41.569004+0700,103.195.142.74,118.98.44.20,6661,53,UDP,dns,,473533027132462,wire/pcap,0,0,0,0,0,0.0,0,0,0,none,0,none,0,0,0,no_alert_unknown,no_alert_not_final_benign,-1,dns,port
2025-07-19T23:02:41.569142+0700,103.195.142.74,118.98.44.50,58526,53,UDP,dns,,474124776123996,wire/pcap,0,0,0,0,0,0.0,0,0,0,none,0,none,0,0,0,no_alert_unknown,no_alert_not_final_benign,-1,dns,port
2025-07-19T23:02:41.573961+0700,103.195.142.74,118.98.44.50,24413,53,UDP,dns,,494819246186405,wire/pcap,0,0,0,0,0,0.0,0,0,0,none,0,none,0,0,0,no_alert_unknown,no_alert_not_final_benign,-1,dns,port
2025-07-19T23:02:41.589872+0700,103.195.142.74,118.98.44.100,43691,53,UDP,dns,,281682245454949,wire/pcap,0,0,0,0,0,0.0,0,0,0,none,0,none,0,0,0,no_alert_unknown,no_alert_not_final_benign,-1,dns,port
2025-07-19T23:02:41.590024+0700,103.195.142.74,118.98.44.20,19277,53,UDP,dns,,282334342643637,wire/pcap,0,0,0,0,0,0.0,0,0,0,none,0,none,0,0,0,no_alert_unknown,no_alert_not_final_benign,-1,dns,port
2025-07-19T23:02:41.591412+0700,103.195.142.74,118.98.44.50,38219,53,UDP,dns,,288299176157752,wire/pcap,0,0,0,0,0,0.0,0,0,0,none,0,none,0,0,0,no_alert_unknown,no_alert_not_final_benign,-1,dns,port
2025-07-19T23:02:41.616125+0700,103.195.142.74,118.98.44.20,3904,53,UDP,dns,,394437477525067,wire/pcap,0,0,0,0,0,0.0,0,0,0,none,0,none,0,0,0,no_alert_unknown,no_alert_not_final_benign,-1,dns,port
2025-07-19T23:02:41.616312+0700,103.195.142.46,87.98.154.111,53,47286,UDP,flow,failed,743572002395005,,1,1,0,1437,0,0.0,1,1437,0,none,0,none,0,0,0,no_alert_unknown,no_alert_not_final_benign,-1,dns,port
2025-07-19T23:02:41.638858+0700,103.195.142.74,118.98.44.100,36648,53,UDP,dns,,492074451748106,wire/pcap,0,0,0,0,0,0.0,0,0,0,none,0,none,0,0,0,no_alert_unknown,no_alert_not_final_benign,-1,dns,port
2025-07-19T23:02:41.639982+0700,103.195.142.74,118.98.44.100,26591,53,UDP,dns,,496905219522755,wire/pcap,0,0,0,0,0,0.0,0,0,0,none,0,none,0,0,0,no_alert_unknown,no_alert_not_final_benign,-1,dns,port
2025-07-19T23:02:41.655030+0700,103.195.142.74,118.98.44.100,52872,53,UDP,dns,,561535864168338,wire/pcap,0,0,0,0,0,0.0,0,0,0,none,0,none,0,0,0,no_alert_unknown,no_alert_not_final_benign,-1,dns,port
2025-07-19T23:02:41.655109+0700,103.195.142.74,202.134.0.155,50489,53,UDP,dns,,561875233543257,wire/pcap,0,0,0,0,0,0.0,0,0,0,none,0,none,0,0,0,no_alert_unknown,no_alert_not_final_benign,-1,dns,port
2025-07-19T23:02:41.655925+0700,103.195.142.74,118.98.44.100,63379,53,UDP,dns,,283903197620449,wire/pcap,0,0,0,0,0,0.0,0,0,0,none,0,none,0,0,0,no_alert_unknown,no_alert_not_final_benign,-1,dns,port
2025-07-19T23:02:41.663658+0700,103.195.142.74,202.134.0.155,19054,53,UDP,dns,,317116362304222,wire/pcap,0,0,0,0,0,0.0,0,0,0,none,0,none,0,0,0,no_alert_unknown,no_alert_not_final_benign,-1,dns,port
2025-07-19T23:02:41.681639+0700,103.195.142.74,118.98.44.20,19444,53,UDP,dns,,394344185218988,wire/pcap,0,0,0,0,0,0.0,0,0,0,none,0,none,0,0,0,no_alert_unknown,no_alert_not_final_benign,-1,dns,port
2025-07-19T23:02:41.686511+0700,103.195.142.74,118.98.44.50,61209,53,UDP,dns,,415269089476599,wire/pcap,0,0,0,0,0,0.0,0,0,0,none,0,none,0,0,0,no_alert_unknown,no_alert_not_final_benign,-1,dns,port
2025-07-19T23:02:41.758952+0700,103.195.142.74,118.98.44.100,65068,53,UDP,dns,,444927376958635,wire/pcap,0,0,0,0,0,0.0,0,0,0,none,0,none,0,0,0,no_alert_unknown,no_alert_not_final_benign,-1,dns,port
2025-07-19T23:02:41.792972+0700,103.195.142.74,118.98.44.20,58259,53,UDP,dns,,309564490695047,wire/pcap,0,0,0,0,0,0.0,0,0,0,none,0,none,0,0,0,no_alert_unknown,no_alert_not_final_benign,-1,dns,port
2025-07-19T23:02:41.793264+0700,103.195.142.74,118.98.44.100,20439,53,UDP,dns,,310821620608186,wire/pcap,0,0,0,0,0,0.0,0,0,0,none,0,none,0,0,0,no_alert_unknown,no_alert_not_final_benign,-1,dns,port
2025-07-19T23:02:41.800001+0700,103.195.142.74,118.98.44.50,12483,53,UDP,dns,,339757678498860,wire/pcap,0,0,0,0,0,0.0,0,0,0,none,0,none,0,0,0,no_alert_unknown,no_alert_not_final_benign,-1,dns,port
2025-07-19T23:02:41.806067+0700,103.195.142.75,8.8.8.8,53464,53,UDP,dns,,365810022583479,wire/pcap,0,0,0,0,0,0.0,0,0,0,none,0,none,0,0,0,no_alert_unknown,no_alert_not_final_benign,-1,dns,port
2025-07-19T23:02:41.817146+0700,103.195.142.75,8.8.8.8,13798,53,UDP,dns,,413394714062659,wire/pcap,0,0,0,0,0,0.0,0,0,0,none,0,none,0,0,0,no_alert_unknown,no_alert_not_final_benign,-1,dns,port
2025-07-19T23:02:41.830154+0700,103.195.142.75,8.8.8.8,33514,53,UDP,dns,,469263768981473,wire/pcap,0,0,0,0,0,0.0,0,0,0,none,0,none,0,0,0,no_alert_unknown,no_alert_not_final_benign,-1,dns,port
2025-07-19T23:02:41.896758+0700,103.195.142.74,202.134.0.155,58414,53,UDP,dns,,473848904469054,wire/pcap,0,0,0,0,0,0.0,0,0,0,none,0,none,0,0,0,no_alert_unknown,no_alert_not_final_benign,-1,dns,port
2025-07-19T23:02:41.896879+0700,103.195.142.74,118.98.44.50,37650,53,UDP,dns,,474367767685791,wire/pcap,0,0,0,0,0,0.0,0,0,0,none,0,none,0,0,0,no_alert_unknown,no_alert_not_final_benign,-1,dns,port
2025-07-19T23:02:41.897017+0700,103.195.142.76,87.98.154.119,53,29447,UDP,flow,failed,597375524940447,,1,1,0,1469,0,0.0,1,1469,0,none,0,none,0,0,0,no_alert_unknown,no_alert_not_final_benign,-1,dns,port
2025-07-19T23:02:41.900245+0700,103.195.142.74,202.134.0.155,33640,53,UDP,dns,,488827106794466,wire/pcap,0,0,0,0,0,0.0,0,0,0,none,0,none,0,0,0,no_alert_unknown,no_alert_not_final_benign,-1,dns,port
2025-07-19T23:02:41.900297+0700,103.195.142.74,118.98.44.100,26164,53,UDP,dns,,489047191507052,wire/pcap,0,0,0,0,0,0.0,0,0,0,none,0,none,0,0,0,no_alert_unknown,no_alert_not_final_benign,-1,dns,port
2025-07-19T23:02:41.900437+0700,103.195.142.74,202.134.0.155,49717,53,UDP,dns,,489648395820267,wire/pcap,0,0,0,0,0,0.0,0,0,0,none,0,none,0,0,0,no_alert_unknown,no_alert_not_final_benign,-1,dns,port
2025-07-19T23:02:41.903187+0700,103.195.142.75,8.8.8.8,2965,53,UDP,dns,,501462828811353,wire/pcap,0,0,0,0,0,0.0,0,0,0,none,0,none,0,0,0,no_alert_unknown,no_alert_not_final_benign,-1,dns,port
2025-07-19T23:02:41.909859+0700,103.195.142.108,8.8.8.8,1900,53,UDP,dns,,1216074754602613,wire/pcap,0,0,0,0,0,0.0,0,0,0,none,0,none,0,0,0,no_alert_unknown,no_alert_not_final_benign,-1,dns,port
2025-07-19T23:02:41.911790+0700,103.195.142.74,202.134.0.155,36986,53,UDP,dns,,538409699792066,wire/pcap,0,0,0,0,0,0.0,0,0,0,none,0,none,0,0,0,no_alert_unknown,no_alert_not_final_benign,-1,dns,port
2025-07-19T23:02:41.916200+0700,103.195.142.74,118.98.44.100,50968,53,UDP,dns,,557351219456471,wire/pcap,0,0,0,0,0,0.0,0,0,0,none,0,none,0,0,0,no_alert_unknown,no_alert_not_final_benign,-1,dns,port
2025-07-19T23:02:41.920691+0700,103.195.142.74,118.98.44.50,5841,53,UDP,dns,,295163094819751,wire/pcap,0,0,0,0,0,0.0,0,0,0,none,0,none,0,0,0,no_alert_unknown,no_alert_not_final_benign,-1,dns,port
2025-07-19T23:02:41.920818+0700,103.195.142.196,87.98.154.119,53,21324,UDP,flow,failed,785172323623847,,1,1,0,1437,0,0.0,1,1437,0,none,0,none,0,0,0,no_alert_unknown,no_alert_not_final_benign,-1,dns,port
2025-07-19T23:02:41.928663+0700,103.185.193.21,1.1.1.1,44636,53,UDP,dns,,329406405679897,wire/pcap,0,0,0,0,0,0.0,0,0,0,none,0,none,0,0,0,no_alert_unknown,no_alert_not_final_benign,-1,dns,port
2025-07-19T23:02:41.936402+0700,103.195.142.75,8.8.8.8,3286,53,UDP,dns,,362642036571628,wire/pcap,0,0,0,0,0,0.0,0,0,0,none,0,none,0,0,0,no_alert_unknown,no_alert_not_final_benign,-1,dns,port
2025-07-19T23:02:41.954780+0700,103.195.142.74,202.134.0.155,52094,53,UDP,dns,,441577510368260,wire/pcap,0,0,0,0,0,0.0,0,0,0,none,0,none,0,0,0,no_alert_unknown,no_alert_not_final_benign,-1,dns,port
2025-07-19T23:02:41.964747+0700,103.195.142.75,8.8.8.8,13082,53,UDP,dns,,484382916761164,wire/pcap,0,0,0,0,0,0.0,0,0,0,none,0,none,0,0,0,no_alert_unknown,no_alert_not_final_benign,-1,dns,port
2025-07-19T23:02:41.970067+0700,103.195.142.74,118.98.44.50,43986,53,UDP,dns,,507234573036103,wire/pcap,0,0,0,0,0,0.0,0,0,0,none,0,none,0,0,0,no_alert_unknown,no_alert_not_final_benign,-1,dns,port
2025-07-19T23:02:41.975623+0700,103.195.142.75,50.28.32.155,57822,53,UDP,dns,,531096094097920,wire/pcap,0,0,0,0,0,0.0,0,0,0,none,0,none,0,0,0,no_alert_unknown,no_alert_not_final_benign,-1,dns,port
2025-07-19T23:02:42.002992+0700,103.195.142.74,202.134.0.155,22489,53,UDP,dns,,575804731657339,wire/pcap,0,0,0,0,0,0.0,0,0,0,none,0,none,0,0,0,no_alert_unknown,no_alert_not_final_benign,-1,dns,port
2025-07-19T23:02:42.014333+0700,103.195.142.75,69.39.238.37,56722,53,UDP,dns,,624511485580070,wire/pcap,0,0,0,0,0,0.0,0,0,0,none,0,none,0,0,0,no_alert_unknown,no_alert_not_final_benign,-1,dns,port
2025-07-19T23:02:42.033593+0700,103.195.142.74,118.98.44.20,24371,53,UDP,dns,,707233913336975,wire/pcap,0,0,0,0,0,0.0,0,0,0,none,0,none,0,0,0,no_alert_unknown,no_alert_not_final_benign,-1,dns,port
2025-07-19T23:02:42.033674+0700,103.195.142.74,118.98.44.50,60964,53,UDP,dns,,707582456368809,wire/pcap,0,0,0,0,0,0.0,0,0,0,none,0,none,0,0,0,no_alert_unknown,no_alert_not_final_benign,-1,dns,port
2025-07-19T23:02:42.087744+0700,103.195.142.74,202.134.0.155,9932,53,UDP,dns,,658333269210541,wire/pcap,0,0,0,0,0,0.0,0,0,0,none,0,none,0,0,0,no_alert_unknown,no_alert_not_final_benign,-1,dns,port
2025-07-19T23:02:42.096986+0700,103.195.142.74,118.98.44.20,47820,53,UDP,flow,dns,623664917932546,,1,1,0,112,0,0.0,1,112,0,none,0,none,0,0,0,no_alert_unknown,no_alert_not_final_benign,-1,dns,app_proto+port
2025-07-19T23:02:42.108993+0700,103.195.142.75,8.8.8.8,12676,53,UDP,dns,,749596819400994,wire/pcap,0,0,0,0,0,0.0,0,0,0,none,0,none,0,0,0,no_alert_unknown,no_alert_not_final_benign,-1,dns,port
2025-07-19T23:02:42.109042+0700,103.195.142.74,118.98.44.20,50501,53,UDP,dns,,749809366359793,wire/pcap,0,0,0,0,0,0.0,0,0,0,none,0,none,0,0,0,no_alert_unknown,no_alert_not_final_benign,-1,dns,port
2025-07-19T23:02:42.136655+0700,103.195.142.74,202.134.0.155,8667,53,UDP,dns,,586930283666020,wire/pcap,0,0,0,0,0,0.0,0,0,0,none,0,none,0,0,0,no_alert_unknown,no_alert_not_final_benign,-1,dns,port
2025-07-19T23:02:42.163697+0700,103.195.142.75,8.8.8.8,51966,53,UDP,dns,,703075377363366,wire/pcap,0,0,0,0,0,0.0,0,0,0,none,0,none,0,0,0,no_alert_unknown,no_alert_not_final_benign,-1,dns,port
2025-07-19T23:02:42.166200+0700,103.195.142.74,202.134.0.155,33687,53,UDP,flow,dns,332451329175548,,1,1,0,90,0,0.0,1,90,0,none,0,none,0,0,0,no_alert_unknown,no_alert_not_final_benign,-1,dns,app_proto+port
2025-07-19T23:02:42.166286+0700,103.195.142.109,87.98.154.225,53,50251,UDP,flow,failed,558545303466031,,1,3,0,4311,0,9.0,3,4311,0,none,0,none,0,0,0,no_alert_unknown,no_alert_not_final_benign,-1,dns,port
2025-07-19T23:02:42.166345+0700,103.195.142.2,118.98.99.237,53,7137,UDP,flow,failed,606696563700006,,1,1,0,149,0,0.0,1,149,0,none,0,none,0,0,0,no_alert_unknown,no_alert_not_final_benign,-1,dns,port
2025-07-19T23:02:42.166414+0700,103.195.142.74,118.98.44.20,17078,53,UDP,flow,dns,199083883393551,,1,1,0,68,0,0.0,1,68,0,none,0,none,0,0,0,no_alert_unknown,no_alert_not_final_benign,-1,dns,app_proto+port
2025-07-19T23:02:42.166436+0700,103.195.142.76,87.98.154.119,53,2859,UDP,flow,failed,399381559079459,,1,1,0,1469,0,0.0,1,1469,0,none,0,none,0,0,0,no_alert_unknown,no_alert_not_final_benign,-1,dns,port
2025-07-19T23:02:42.166515+0700,103.195.142.74,202.134.0.155,60023,53,UDP,flow,dns,91579955180287,,1,1,0,85,0,0.0,1,85,0,none,0,none,0,0,0,no_alert_unknown,no_alert_not_final_benign,-1,dns,app_proto+port
2025-07-19T23:02:42.166557+0700,103.195.142.196,87.98.154.118,53,26256,UDP,flow,failed,507170869900074,,1,1,0,1437,0,0.0,1,1437,0,none,0,none,0,0,0,no_alert_unknown,no_alert_not_final_benign,-1,dns,port
2025-07-19T23:02:42.166577+0700,103.195.142.165,87.98.154.85,53,15512,UDP,flow,failed,88735783744356,,1,1,0,1437,0,0.0,1,1437,0,none,0,none,0,0,0,no_alert_unknown,no_alert_not_final_benign,-1,dns,port
2025-07-19T23:02:42.166597+0700,103.195.142.74,202.134.0.155,6955,53,UDP,flow,dns,303902479709120,,1,1,0,75,0,0.0,1,75,0,none,0,none,0,0,0,no_alert_unknown,no_alert_not_final_benign,-1,dns,app_proto+port
2025-07-19T23:02:42.166656+0700,103.195.142.74,118.98.44.100,43941,53,UDP,flow,dns,813602333029396,,1,1,0,214,0,0.0,1,214,0,none,0,none,0,0,0,no_alert_unknown,no_alert_not_final_benign,-1,dns,app_proto+port
2025-07-19T23:02:42.166927+0700,103.195.142.195,87.98.154.119,53,19555,UDP,flow,failed,402130191283457,,1,1,0,1437,0,0.0,1,1437,0,none,0,none,0,0,0,no_alert_unknown,no_alert_not_final_benign,-1,dns,port
2025-07-19T23:02:42.167018+0700,103.195.142.74,118.98.44.100,14058,53,UDP,flow,dns,591108606489915,,1,1,0,77,0,0.0,1,77,0,none,0,none,0,0,0,no_alert_unknown,no_alert_not_final_benign,-1,dns,app_proto+port
2025-07-19T23:02:42.167040+0700,103.195.142.31,8.8.8.8,58019,53,UDP,flow,dns,462045490476498,,1,1,0,76,0,0.0,1,76,0,none,0,none,0,0,0,no_alert_unknown,no_alert_not_final_benign,-1,dns,app_proto+port
2025-07-19T23:02:42.167085+0700,103.195.142.74,118.98.44.100,13177,53,UDP,flow,dns,786338505192936,,1,1,0,102,0,0.0,1,102,0,none,0,none,0,0,0,no_alert_unknown,no_alert_not_final_benign,-1,dns,app_proto+port
2025-07-19T23:02:42.167130+0700,103.195.142.165,87.98.154.119,53,47223,UDP,flow,failed,294439650031127,,1,1,0,1437,0,0.0,1,1437,0,none,0,none,0,0,0,no_alert_unknown,no_alert_not_final_benign,-1,dns,port
2025-07-19T23:02:42.167151+0700,103.195.142.46,87.98.154.119,53,57792,UDP,flow,failed,1264387790894626,,1,2,0,2874,0,22.0,2,2874,0,none,0,none,0,0,0,no_alert_unknown,no_alert_not_final_benign,-1,dns,port
2025-07-19T23:02:42.167170+0700,103.195.142.196,87.98.154.119,53,35979,UDP,flow,failed,529340726605435,,1,1,0,1437,0,0.0,1,1437,0,none,0,none,0,0,0,no_alert_unknown,no_alert_not_final_benign,-1,dns,port
2025-07-19T23:02:42.167241+0700,103.195.142.74,118.98.44.100,64113,53,UDP,flow,dns,84828509861734,,1,1,0,196,0,0.0,1,196,0,none,0,none,0,0,0,no_alert_unknown,no_alert_not_final_benign,-1,dns,app_proto+port
2025-07-19T23:02:42.167332+0700,103.195.142.74,202.134.0.155,16630,53,UDP,flow,dns,98288251533425,,1,1,0,88,0,0.0,1,88,0,none,0,none,0,0,0,no_alert_unknown,no_alert_not_final_benign,-1,dns,app_proto+port
2025-07-19T23:02:42.167376+0700,103.195.142.74,118.98.44.50,1958,53,UDP,flow,dns,247708531325105,,1,1,0,88,0,0.0,1,88,0,none,0,none,0,0,0,no_alert_unknown,no_alert_not_final_benign,-1,dns,app_proto+port
2025-07-19T23:02:42.167408+0700,103.195.142.46,87.98.154.23,53,10226,UDP,flow,failed,105241335003466,,1,1,0,1437,0,0.0,1,1437,0,none,0,none,0,0,0,no_alert_unknown,no_alert_not_final_benign,-1,dns,port
2025-07-19T23:02:42.167430+0700,103.195.142.76,87.98.154.119,53,24622,UDP,flow,failed,620455475313076,,1,1,0,1469,0,0.0,1,1469,0,none,0,none,0,0,0,no_alert_unknown,no_alert_not_final_benign,-1,dns,port
2025-07-19T23:02:42.167486+0700,103.195.142.74,118.98.44.100,39372,53,UDP,flow,dns,177792961509832,,1,1,0,214,0,0.0,1,214,0,none,0,none,0,0,0,no_alert_unknown,no_alert_not_final_benign,-1,dns,app_proto+port
2025-07-19T23:02:42.167512+0700,103.195.142.195,87.98.154.119,53,59303,UDP,flow,failed,570388232436179,,1,1,0,1437,0,0.0,1,1437,0,none,0,none,0,0,0,no_alert_unknown,no_alert_not_final_benign,-1,dns,port
2025-07-19T23:02:42.167531+0700,103.195.142.195,87.98.154.119,53,51419,UDP,flow,failed,268958013028848,,1,1,0,1437,0,0.0,1,1437,0,none,0,none,0,0,0,no_alert_unknown,no_alert_not_final_benign,-1,dns,port
2025-07-19T23:02:42.167589+0700,103.195.142.195,87.98.154.12,53,28780,UDP,flow,failed,157134188411462,,1,1,0,1437,0,0.0,1,1437,0,none,0,none,0,0,0,no_alert_unknown,no_alert_not_final_benign,-1,dns,port
2025-07-19T23:02:42.167628+0700,103.195.142.109,87.98.154.119,53,13875,UDP,flow,failed,357287910865549,,1,1,0,1437,0,0.0,1,1437,0,none,0,none,0,0,0,no_alert_unknown,no_alert_not_final_benign,-1,dns,port
2025-07-19T23:02:42.167647+0700,103.195.142.195,87.98.154.124,53,8285,UDP,flow,failed,101528200575700,,1,1,0,1437,0,0.0,1,1437,0,none,0,none,0,0,0,no_alert_unknown,no_alert_not_final_benign,-1,dns,port
2025-07-19T23:02:42.167729+0700,103.195.142.74,118.98.44.50,62592,53,UDP,flow,dns,261742065449734,,1,1,0,83,0,0.0,1,83,0,none,0,none,0,0,0,no_alert_unknown,no_alert_not_final_benign,-1,dns,app_proto+port
2025-07-19T23:02:42.167834+0700,103.195.142.165,87.98.154.119,53,1432,UDP,flow,failed,461247079938960,,1,1,0,1437,0,0.0,1,1437,0,none,0,none,0,0,0,no_alert_unknown,no_alert_not_final_benign,-1,dns,port
2025-07-19T23:02:42.167865+0700,103.195.142.46,87.98.154.119,53,43804,UDP,flow,failed,2092440028609495,,1,2,0,2874,0,1.0,2,2874,0,none,0,none,0,0,0,no_alert_unknown,no_alert_not_final_benign,-1,dns,port
2025-07-19T23:02:42.167887+0700,103.195.142.83,87.98.154.254,53,56229,UDP,flow,failed,312771270114329,,1,1,0,1190,0,0.0,1,1190,0,none,0,none,0,0,0,no_alert_unknown,no_alert_not_final_benign,-1,dns,port
2025-07-19T23:02:42.167908+0700,103.195.142.75,8.8.8.8,33892,53,UDP,flow,dns,754419096910882,,1,1,0,214,0,0.0,1,214,0,none,0,none,0,0,0,no_alert_unknown,no_alert_not_final_benign,-1,dns,app_proto+port
2025-07-19T23:02:42.167987+0700,103.195.142.109,87.98.154.45,53,50387,UDP,flow,failed,520987288173666,,1,1,0,1437,0,0.0,1,1437,0,none,0,none,0,0,0,no_alert_unknown,no_alert_not_final_benign,-1,dns,port
2025-07-19T23:02:42.168005+0700,103.195.142.165,87.98.154.119,53,33467,UDP,flow,failed,47992148753629,,1,1,0,1437,0,0.0,1,1437,0,none,0,none,0,0,0,no_alert_unknown,no_alert_not_final_benign,-1,dns,port
2025-07-19T23:02:42.168061+0700,103.195.142.76,87.98.154.170,53,12778,UDP,flow,failed,565796443225405,,1,1,0,1469,0,0.0,1,1469,0,none,0,none,0,0,0,no_alert_unknown,no_alert_not_final_benign,-1,dns,port
2025-07-19T23:02:42.168125+0700,103.195.142.83,87.98.154.102,53,5748,UDP,flow,failed,57089459584447,,1,1,0,1190,0,0.0,1,1190,0,none,0,none,0,0,0,no_alert_unknown,no_alert_not_final_benign,-1,dns,port
2025-07-19T23:02:42.168152+0700,103.195.142.195,87.98.154.119,53,14394,UDP,flow,failed,297487764848098,,1,1,0,1437,0,0.0,1,1437,0,none,0,none,0,0,0,no_alert_unknown,no_alert_not_final_benign,-1,dns,port
2025-07-19T23:02:42.168229+0700,103.195.142.74,118.98.44.100,21195,53,UDP,flow,dns,739531525095064,,1,1,0,75,0,0.0,1,75,0,none,0,none,0,0,0,no_alert_unknown,no_alert_not_final_benign,-1,dns,app_proto+port
2025-07-19T23:02:42.168395+0700,103.195.142.165,87.98.154.61,53,33813,UDP,flow,failed,159770186383244,,1,1,0,1437,0,0.0,1,1437,0,none,0,none,0,0,0,no_alert_unknown,no_alert_not_final_benign,-1,dns,port
2025-07-19T23:02:42.168414+0700,103.195.142.75,8.8.8.8,52772,53,UDP,flow,dns,420020945059739,,1,1,0,184,0,0.0,1,184,0,none,0,none,0,0,0,no_alert_unknown,no_alert_not_final_benign,-1,dns,app_proto+port
2025-07-19T23:02:42.168443+0700,103.195.142.196,87.98.154.121,53,14992,UDP,flow,failed,372080797843448,,1,3,0,4311,0,9.0,3,4311,0,none,0,none,0,0,0,no_alert_unknown,no_alert_not_final_benign,-1,dns,port
2025-07-19T23:02:42.168474+0700,103.195.142.74,118.98.44.50,35861,53,UDP,flow,dns,150232582488157,,1,1,0,68,0,0.0,1,68,0,none,0,none,0,0,0,no_alert_unknown,no_alert_not_final_benign,-1,dns,app_proto+port
2025-07-19T23:02:42.168495+0700,103.195.142.83,87.98.154.54,53,48594,UDP,flow,failed,2010107182743684,,1,3,0,3570,0,9.0,3,3570,0,none,0,none,0,0,0,no_alert_unknown,no_alert_not_final_benign,-1,dns,port
2025-07-19T23:02:42.168514+0700,103.195.142.109,87.98.154.137,53,63604,UDP,flow,failed,82450558976171,,1,1,0,1437,0,0.0,1,1437,0,none,0,none,0,0,0,no_alert_unknown,no_alert_not_final_benign,-1,dns,port
2025-07-19T23:02:42.168535+0700,103.195.142.165,87.98.154.119,53,58313,UDP,flow,failed,274802298224840,,1,1,0,1437,0,0.0,1,1437,0,none,0,none,0,0,0,no_alert_unknown,no_alert_not_final_benign,-1,dns,port
2025-07-19T23:02:42.168645+0700,103.195.142.165,87.98.154.33,53,58462,UDP,flow,failed,416745033073020,,1,1,0,1437,0,0.0,1,1437,0,none,0,none,0,0,0,no_alert_unknown,no_alert_not_final_benign,-1,dns,port
2025-07-19T23:02:42.168702+0700,103.195.142.83,87.98.154.166,53,35290,UDP,flow,failed,32647867236815,,1,1,0,1190,0,0.0,1,1190,0,none,0,none,0,0,0,no_alert_unknown,no_alert_not_final_benign,-1,dns,port
2025-07-19T23:02:42.168734+0700,103.195.142.109,87.98.154.81,53,30045,UDP,flow,failed,798599456326126,,1,1,0,1437,0,0.0,1,1437,0,none,0,none,0,0,0,no_alert_unknown,no_alert_not_final_benign,-1,dns,port
2025-07-19T23:02:42.168787+0700,103.195.142.75,34.8.196.142,26198,53,UDP,flow,dns,645285715214842,,1,1,0,225,0,0.0,1,225,0,none,0,none,0,0,0,no_alert_unknown,no_alert_not_final_benign,-1,dns,app_proto+port
2025-07-19T23:02:42.168856+0700,103.195.142.83,87.98.154.119,53,22332,UDP,flow,failed,442045754344301,,1,1,0,1190,0,0.0,1,1190,0,none,0,none,0,0,0,no_alert_unknown,no_alert_not_final_benign,-1,dns,port
2025-07-19T23:02:42.168982+0700,103.195.142.196,87.98.154.121,53,1714,UDP,flow,failed,322451010520172,,1,1,0,1437,0,0.0,1,1437,0,none,0,none,0,0,0,no_alert_unknown,no_alert_not_final_benign,-1,dns,port
2025-07-19T23:02:42.169006+0700,103.195.142.3,172.70.116.71,53,51335,UDP,flow,failed,2539863180730,,1,1,0,134,0,0.0,1,134,0,none,0,none,0,0,0,no_alert_unknown,no_alert_not_final_benign,-1,dns,port
2025-07-19T23:02:42.169061+0700,103.195.142.165,87.98.154.118,53,50521,UDP,flow,failed,577881085740477,,1,1,0,1437,0,0.0,1,1437,0,none,0,none,0,0,0,no_alert_unknown,no_alert_not_final_benign,-1,dns,port
2025-07-19T23:02:42.169087+0700,103.195.142.109,87.98.154.119,53,20125,UDP,flow,failed,596797855270420,,1,1,0,1437,0,0.0,1,1437,0,none,0,none,0,0,0,no_alert_unknown,no_alert_not_final_benign,-1,dns,port
2025-07-19T23:02:42.169127+0700,103.195.142.75,8.8.8.8,24589,53,UDP,flow,dns,648270971373076,,1,1,0,214,0,0.0,1,214,0,none,0,none,0,0,0,no_alert_unknown,no_alert_not_final_benign,-1,dns,app_proto+port
2025-07-19T23:02:42.169170+0700,103.195.142.76,87.98.154.117,53,16826,UDP,flow,failed,352317758146278,,1,1,0,1469,0,0.0,1,1469,0,none,0,none,0,0,0,no_alert_unknown,no_alert_not_final_benign,-1,dns,port
2025-07-19T23:02:42.169232+0700,103.195.142.83,87.98.154.70,53,5036,UDP,flow,failed,332806822266660,,1,1,0,1190,0,0.0,1,1190,0,none,0,none,0,0,0,no_alert_unknown,no_alert_not_final_benign,-1,dns,port
2025-07-19T23:02:42.169291+0700,103.195.142.109,87.98.154.41,53,20069,UDP,flow,failed,548050575132529,,1,1,0,1437,0,0.0,1,1437,0,none,0,none,0,0,0,no_alert_unknown,no_alert_not_final_benign,-1,dns,port
2025-07-19T23:02:42.169312+0700,103.195.142.83,87.98.154.250,53,7681,UDP,flow,failed,84363812046833,,1,1,0,1190,0,0.0,1,1190,0,none,0,none,0,0,0,no_alert_unknown,no_alert_not_final_benign,-1,dns,port
2025-07-19T23:02:42.169331+0700,103.195.142.165,87.98.154.97,53,35618,UDP,flow,failed,497431580870646,,1,1,0,1437,0,0.0,1,1437,0,none,0,none,0,0,0,no_alert_unknown,no_alert_not_final_benign,-1,dns,port
2025-07-19T23:02:42.169396+0700,103.195.142.196,87.98.154.5,53,48248,UDP,flow,failed,364824651335784,,1,1,0,1437,0,0.0,1,1437,0,none,0,none,0,0,0,no_alert_unknown,no_alert_not_final_benign,-1,dns,port
2025-07-19T23:02:42.169421+0700,103.195.142.3,180.241.27.171,53,55877,UDP,flow,failed,783100355315976,,1,1,0,138,0,0.0,1,138,0,none,0,none,0,0,0,no_alert_unknown,no_alert_not_final_benign,-1,dns,port
2025-07-19T23:02:42.169461+0700,103.195.142.74,202.134.0.155,17001,53,UDP,flow,dns,209705271003406,,1,1,0,178,0,0.0,1,178,0,none,0,none,0,0,0,no_alert_unknown,no_alert_not_final_benign,-1,dns,app_proto+port
2025-07-19T23:02:42.169489+0700,103.195.142.46,87.98.154.119,53,28001,UDP,flow,failed,366463933581614,,1,1,0,1437,0,0.0,1,1437,0,none,0,none,0,0,0,no_alert_unknown,no_alert_not_final_benign,-1,dns,port
2025-07-19T23:02:42.169508+0700,103.195.142.46,87.98.154.119,53,35538,UDP,flow,failed,134263237740897,,1,1,0,1437,0,0.0,1,1437,0,none,0,none,0,0,0,no_alert_unknown,no_alert_not_final_benign,-1,dns,port
2025-07-19T23:02:42.169527+0700,103.195.142.76,87.98.154.30,53,3603,UDP,flow,failed,806018312866344,,1,1,0,1469,0,0.0,1,1469,0,none,0,none,0,0,0,no_alert_unknown,no_alert_not_final_benign,-1,dns,port
2025-07-19T23:02:42.169546+0700,103.195.142.75,8.8.8.8,52318,53,UDP,flow,dns,532244318358174,,1,1,0,85,0,0.0,1,85,0,none,0,none,0,0,0,no_alert_unknown,no_alert_not_final_benign,-1,dns,app_proto+port
2025-07-19T23:02:42.169598+0700,103.195.142.76,87.98.154.119,53,2902,UDP,flow,failed,640024427400152,,1,1,0,1469,0,0.0,1,1469,0,none,0,none,0,0,0,no_alert_unknown,no_alert_not_final_benign,-1,dns,port
2025-07-19T23:02:42.169618+0700,103.195.142.195,87.98.154.119,53,28232,UDP,flow,failed,612630782577761,,1,1,0,1437,0,0.0,1,1437,0,none,0,none,0,0,0,no_alert_unknown,no_alert_not_final_benign,-1,dns,port
2025-07-19T23:02:42.169636+0700,103.195.142.75,8.8.8.8,17780,53,UDP,flow,dns,52938438315120,,1,1,0,90,0,0.0,1,90,0,none,0,none,0,0,0,no_alert_unknown,no_alert_not_final_benign,-1,dns,app_proto+port
2025-07-19T23:02:42.169764+0700,103.195.142.195,87.98.154.152,53,31556,UDP,flow,failed,826989661752672,,1,1,0,1437,0,0.0,1,1437,0,none,0,none,0,0,0,no_alert_unknown,no_alert_not_final_benign,-1,dns,port
2025-07-19T23:02:42.169784+0700,103.195.142.76,87.98.154.117,53,33655,UDP,flow,failed,288463324483148,,1,1,0,1469,0,0.0,1,1469,0,none,0,none,0,0,0,no_alert_unknown,no_alert_not_final_benign,-1,dns,port
2025-07-19T23:02:42.169883+0700,103.195.142.109,87.98.154.137,53,55578,UDP,flow,failed,775462734434475,,1,1,0,1437,0,0.0,1,1437,0,none,0,none,0,0,0,no_alert_unknown,no_alert_not_final_benign,-1,dns,port
2025-07-19T23:02:42.169955+0700,103.195.142.75,208.74.121.116,11540,53,UDP,flow,dns,28561423438223,,1,1,0,88,0,0.0,1,88,0,none,0,none,0,0,0,no_alert_unknown,no_alert_not_final_benign,-1,dns,app_proto+port
2025-07-19T23:02:42.170030+0700,103.195.142.75,34.8.196.142,4563,53,UDP,flow,dns,700051864523223,,1,1,0,225,0,0.0,1,225,0,none,0,none,0,0,0,no_alert_unknown,no_alert_not_final_benign,-1,dns,app_proto+port
2025-07-19T23:02:42.170051+0700,103.195.142.83,87.98.154.117,53,22984,UDP,flow,failed,580026571592157,,1,1,0,1190,0,0.0,1,1190,0,none,0,none,0,0,0,no_alert_unknown,no_alert_not_final_benign,-1,dns,port
2025-07-19T23:02:42.170070+0700,103.195.142.2,172.253.0.216,53,48000,UDP,flow,failed,730828421566999,,1,1,0,214,0,0.0,1,214,0,none,0,none,0,0,0,no_alert_unknown,no_alert_not_final_benign,-1,dns,port
2025-07-19T23:02:42.170173+0700,103.195.142.83,87.98.154.119,53,32264,UDP,flow,failed,188976460436245,,1,1,0,1190,0,0.0,1,1190,0,none,0,none,0,0,0,no_alert_unknown,no_alert_not_final_benign,-1,dns,port
2025-07-19T23:02:42.170192+0700,103.195.142.109,87.98.154.253,53,10456,UDP,flow,failed,262140824556329,,1,3,0,4311,0,9.0,3,4311,0,none,0,none,0,0,0,no_alert_unknown,no_alert_not_final_benign,-1,dns,port
2025-07-19T23:02:42.170218+0700,103.195.142.74,118.98.44.100,31455,53,UDP,flow,dns,791855449674598,,1,1,0,87,0,0.0,1,87,0,none,0,none,0,0,0,no_alert_unknown,no_alert_not_final_benign,-1,dns,app_proto+port
2025-07-19T23:02:42.170238+0700,103.195.142.74,202.134.0.155,46203,53,UDP,flow,dns,753944893363079,,1,1,0,79,0,0.0,1,79,0,none,0,none,0,0,0,no_alert_unknown,no_alert_not_final_benign,-1,dns,app_proto+port
2025-07-19T23:02:42.170258+0700,103.195.142.83,87.98.154.166,53,37249,UDP,flow,failed,136765417362425,,1,1,0,1190,0,0.0,1,1190,0,none,0,none,0,0,0,no_alert_unknown,no_alert_not_final_benign,-1,dns,port
2025-07-19T23:02:42.170277+0700,103.195.142.196,87.98.154.221,53,13407,UDP,flow,failed,24186194793486,,1,1,0,1437,0,0.0,1,1437,0,none,0,none,0,0,0,no_alert_unknown,no_alert_not_final_benign,-1,dns,port
2025-07-19T23:02:42.170311+0700,103.195.142.196,87.98.154.61,53,16602,UDP,flow,failed,48837347087490,,1,1,0,1437,0,0.0,1,1437,0,none,0,none,0,0,0,no_alert_unknown,no_alert_not_final_benign,-1,dns,port
2025-07-19T23:02:42.170444+0700,103.195.142.76,87.98.154.254,53,58648,UDP,flow,failed,681743815447874,,1,1,0,1469,0,0.0,1,1469,0,none,0,none,0,0,0,no_alert_unknown,no_alert_not_final_benign,-1,dns,port
2025-07-19T23:02:42.170526+0700,103.195.142.83,87.98.154.226,53,8327,UDP,flow,failed,626289267807628,,1,1,0,1190,0,0.0,1,1190,0,none,0,none,0,0,0,no_alert_unknown,no_alert_not_final_benign,-1,dns,port
2025-07-19T23:02:42.170544+0700,103.195.142.74,118.98.44.50,35550,53,UDP,flow,dns,161845846250905,,1,1,0,68,0,0.0,1,68,0,none,0,none,0,0,0,no_alert_unknown,no_alert_not_final_benign,-1,dns,app_proto+port
2025-07-19T23:02:42.170589+0700,103.195.142.74,118.98.44.20,5214,53,UDP,flow,dns,611558807868916,,1,1,0,214,0,0.0,1,214,0,none,0,none,0,0,0,no_alert_unknown,no_alert_not_final_benign,-1,dns,app_proto+port
2025-07-19T23:02:42.170645+0700,103.195.142.3,172.253.2.19,53,61233,UDP,flow,failed,473171023206124,,1,1,0,222,0,0.0,1,222,0,none,0,none,0,0,0,no_alert_unknown,no_alert_not_final_benign,-1,dns,port
2025-07-19T23:02:42.170696+0700,103.195.142.83,87.98.154.119,53,27597,UDP,flow,failed,642276286764900,,1,1,0,1190,0,0.0,1,1190,0,none,0,none,0,0,0,no_alert_unknown,no_alert_not_final_benign,-1,dns,port
2025-07-19T23:02:42.170727+0700,103.195.142.109,87.98.154.17,53,50220,UDP,flow,failed,309171362305899,,1,1,0,1437,0,0.0,1,1437,0,none,0,none,0,0,0,no_alert_unknown,no_alert_not_final_benign,-1,dns,port
2025-07-19T23:02:42.170746+0700,103.195.142.2,121.37.125.52,53,34276,UDP,flow,failed,682889003243542,,1,1,0,151,0,0.0,1,151,0,none,0,none,0,0,0,no_alert_unknown,no_alert_not_final_benign,-1,dns,port
2025-07-19T23:02:42.170859+0700,103.195.142.75,216.38.8.120,8938,53,UDP,flow,dns,784422905223380,,1,1,0,85,0,0.0,1,85,0,none,0,none,0,0,0,no_alert_unknown,no_alert_not_final_benign,-1,dns,app_proto+port
2025-07-19T23:02:42.170880+0700,103.195.142.83,87.98.154.18,53,7197,UDP,flow,failed,605673096648929,,1,1,0,1190,0,0.0,1,1190,0,none,0,none,0,0,0,no_alert_unknown,no_alert_not_final_benign,-1,dns,port
2025-07-19T23:02:42.170899+0700,103.195.142.195,87.98.154.124,53,63012,UDP,flow,failed,39790807980308,,1,1,0,1437,0,0.0,1,1437,0,none,0,none,0,0,0,no_alert_unknown,no_alert_not_final_benign,-1,dns,port
2025-07-19T23:02:42.170917+0700,103.195.142.109,87.98.154.53,53,57585,UDP,flow,failed,1927911063001507,,1,3,0,4311,0,10.0,3,4311,0,none,0,none,0,0,0,no_alert_unknown,no_alert_not_final_benign,-1,dns,port
2025-07-19T23:02:42.170936+0700,103.195.142.74,202.134.0.155,11754,53,UDP,flow,dns,810814333688236,,1,1,0,88,0,0.0,1,88,0,none,0,none,0,0,0,no_alert_unknown,no_alert_not_final_benign,-1,dns,app_proto+port
2025-07-19T23:02:42.170993+0700,103.195.142.195,87.98.154.119,53,45668,UDP,flow,failed,161941934873031,,1,1,0,1437,0,0.0,1,1437,0,none,0,none,0,0,0,no_alert_unknown,no_alert_not_final_benign,-1,dns,port
2025-07-19T23:02:42.171020+0700,103.195.142.75,208.74.121.116,21280,53,UDP,flow,dns,252525677681146,,1,1,0,88,0,0.0,1,88,0,none,0,none,0,0,0,no_alert_unknown,no_alert_not_final_benign,-1,dns,app_proto+port
2025-07-19T23:02:42.171145+0700,103.195.142.2,3.228.173.15,53,48472,UDP,flow,failed,818743412693656,,1,1,0,147,0,0.0,1,147,0,none,0,none,0,0,0,no_alert_unknown,no_alert_not_final_benign,-1,dns,port
2025-07-19T23:02:42.171197+0700,103.195.142.2,180.251.22.147,53,3168,UDP,flow,failed,32291967769241,,1,1,0,181,0,0.0,1,181,0,none,0,none,0,0,0,no_alert_unknown,no_alert_not_final_benign,-1,dns,port
2025-07-19T23:02:42.171234+0700,103.195.142.196,87.98.154.117,53,28890,UDP,flow,failed,88575334783690,,1,1,0,1437,0,0.0,1,1437,0,none,0,none,0,0,0,no_alert_unknown,no_alert_not_final_benign,-1,dns,port
2025-07-19T23:02:42.171268+0700,103.195.142.74,118.98.44.50,19111,53,UDP,flow,dns,159770975640323,,1,1,0,178,0,0.0,1,178,0,none,0,none,0,0,0,no_alert_unknown,no_alert_not_final_benign,-1,dns,app_proto+port
2025-07-19T23:02:42.171353+0700,103.195.142.109,87.98.154.165,53,63676,UDP,flow,failed,219188478647055,,1,1,0,1437,0,0.0,1,1437,0,none,0,none,0,0,0,no_alert_unknown,no_alert_not_final_benign,-1,dns,port
2025-07-19T23:02:42.171460+0700,103.195.142.74,202.134.0.155,48176,53,UDP,flow,dns,327651201882918,,1,1,0,202,0,0.0,1,202,0,none,0,none,0,0,0,no_alert_unknown,no_alert_not_final_benign,-1,dns,app_proto+port
2025-07-19T23:02:42.171594+0700,103.195.142.196,87.98.154.249,53,49363,UDP,flow,failed,4267035630542,,1,1,0,1437,0,0.0,1,1437,0,none,0,none,0,0,0,no_alert_unknown,no_alert_not_final_benign,-1,dns,port
2025-07-19T23:02:42.171614+0700,103.195.142.195,87.98.154.119,53,58805,UDP,flow,failed,429930878639188,,1,1,0,1437,0,0.0,1,1437,0,none,0,none,0,0,0,no_alert_unknown,no_alert_not_final_benign,-1,dns,port
2025-07-19T23:02:42.171633+0700,103.195.142.76,87.98.154.198,53,22462,UDP,flow,failed,313436748225624,,1,1,0,1469,0,0.0,1,1469,0,none,0,none,0,0,0,no_alert_unknown,no_alert_not_final_benign,-1,dns,port
2025-07-19T23:02:42.171676+0700,103.195.142.74,202.134.0.155,41914,53,UDP,flow,dns,83670839172304,,1,1,0,78,0,0.0,1,78,0,none,0,none,0,0,0,no_alert_unknown,no_alert_not_final_benign,-1,dns,app_proto+port
2025-07-19T23:02:42.171704+0700,103.195.142.196,87.98.154.5,53,61515,UDP,flow,failed,465494872399156,,1,1,0,1437,0,0.0,1,1437,0,none,0,none,0,0,0,no_alert_unknown,no_alert_not_final_benign,-1,dns,port
2025-07-19T23:02:42.171724+0700,103.195.142.74,118.98.44.20,59061,53,UDP,flow,dns,227195275615588,,1,1,0,68,0,0.0,1,68,0,none,0,none,0,0,0,no_alert_unknown,no_alert_not_final_benign,-1,dns,app_proto+port
2025-07-19T23:02:42.171744+0700,103.195.142.74,118.98.44.20,18471,53,UDP,flow,dns,383232888118753,,1,1,0,124,0,0.0,1,124,0,none,0,none,0,0,0,no_alert_unknown,no_alert_not_final_benign,-1,dns,app_proto+port
2025-07-19T23:02:42.171764+0700,103.195.142.74,118.98.44.20,28053,53,UDP,flow,dns,610589670154007,,1,1,0,77,0,0.0,1,77,0,none,0,none,0,0,0,no_alert_unknown,no_alert_not_final_benign,-1,dns,app_proto+port
2025-07-19T23:02:42.171784+0700,103.195.142.165,87.98.154.119,53,44887,UDP,flow,failed,794688391520176,,1,1,0,1437,0,0.0,1,1437,0,none,0,none,0,0,0,no_alert_unknown,no_alert_not_final_benign,-1,dns,port
2025-07-19T23:02:42.171943+0700,103.195.142.46,87.98.154.27,53,59709,UDP,flow,failed,126439281041486,,1,3,0,4311,0,10.0,3,4311,0,none,0,none,0,0,0,no_alert_unknown,no_alert_not_final_benign,-1,dns,port
2025-07-19T23:02:42.172025+0700,103.195.142.165,87.98.154.125,53,35705,UDP,flow,failed,182170715594842,,1,1,0,1437,0,0.0,1,1437,0,none,0,none,0,0,0,no_alert_unknown,no_alert_not_final_benign,-1,dns,port
2025-07-19T23:02:42.172071+0700,103.195.142.75,8.8.8.8,39273,53,UDP,flow,dns,1686518513049756,,1,2,0,384,0,4.0,2,384,0,none,0,none,0,0,0,no_alert_unknown,no_alert_not_final_benign,-1,dns,app_proto+port
2025-07-19T23:02:42.172212+0700,103.195.142.2,180.241.27.68,53,7877,UDP,flow,failed,653081260302690,,1,1,0,192,0,0.0,1,192,0,none,0,none,0,0,0,no_alert_unknown,no_alert_not_final_benign,-1,dns,port
2025-07-19T23:02:42.172250+0700,103.195.142.83,87.98.154.110,53,33091,UDP,flow,failed,626336187589114,,1,1,0,1190,0,0.0,1,1190,0,none,0,none,0,0,0,no_alert_unknown,no_alert_not_final_benign,-1,dns,port
2025-07-19T23:02:42.172290+0700,103.195.142.74,118.98.44.100,61990,53,UDP,flow,dns,71439519687170,,1,1,0,107,0,0.0,1,107,0,none,0,none,0,0,0,no_alert_unknown,no_alert_not_final_benign,-1,dns,app_proto+port
2025-07-19T23:02:42.172329+0700,103.195.142.109,87.98.154.119,53,46600,UDP,flow,failed,130259238822433,,1,1,0,1437,0,0.0,1,1437,0,none,0,none,0,0,0,no_alert_unknown,no_alert_not_final_benign,-1,dns,port
2025-07-19T23:02:42.172396+0700,103.195.142.109,87.98.154.193,53,23075,UDP,flow,failed,525530127049352,,1,1,0,1437,0,0.0,1,1437,0,none,0,none,0,0,0,no_alert_unknown,no_alert_not_final_benign,-1,dns,port
2025-07-19T23:02:42.172537+0700,103.195.142.74,118.98.44.20,7498,53,UDP,flow,dns,13322712294233,,1,1,0,178,0,0.0,1,178,0,none,0,none,0,0,0,no_alert_unknown,no_alert_not_final_benign,-1,dns,app_proto+port
2025-07-19T23:02:42.172557+0700,103.195.142.74,118.98.44.20,35668,53,UDP,flow,dns,210029125149547,,1,1,0,214,0,0.0,1,214,0,none,0,none,0,0,0,no_alert_unknown,no_alert_not_final_benign,-1,dns,app_proto+port
2025-07-19T23:02:42.172576+0700,103.195.142.76,87.98.154.119,53,60680,UDP,flow,failed,244899477037947,,1,1,0,1469,0,0.0,1,1469,0,none,0,none,0,0,0,no_alert_unknown,no_alert_not_final_benign,-1,dns,port
2025-07-19T23:02:42.172647+0700,103.195.142.83,87.98.154.194,53,17856,UDP,flow,failed,843436436530468,,1,1,0,1190,0,0.0,1,1190,0,none,0,none,0,0,0,no_alert_unknown,no_alert_not_final_benign,-1,dns,port
2025-07-19T23:02:42.172723+0700,103.195.142.109,87.98.154.119,53,36425,UDP,flow,failed,637964411446950,,1,1,0,1437,0,0.0,1,1437,0,none,0,none,0,0,0,no_alert_unknown,no_alert_not_final_benign,-1,dns,port
2025-07-19T23:02:42.172742+0700,103.195.142.196,87.98.154.119,53,50595,UDP,flow,failed,138500198475460,,1,1,0,1437,0,0.0,1,1437,0,none,0,none,0,0,0,no_alert_unknown,no_alert_not_final_benign,-1,dns,port
2025-07-19T23:02:42.172761+0700,103.195.142.196,87.98.154.169,53,53108,UDP,flow,failed,359430288811732,,1,1,0,1437,0,0.0,1,1437,0,none,0,none,0,0,0,no_alert_unknown,no_alert_not_final_benign,-1,dns,port
2025-07-19T23:02:42.172794+0700,103.195.142.74,118.98.44.20,1855,53,UDP,flow,dns,181856049145653,,1,1,0,74,0,0.0,1,74,0,none,0,none,0,0,0,no_alert_unknown,no_alert_not_final_benign,-1,dns,app_proto+port
2025-07-19T23:02:42.172862+0700,103.195.142.76,87.98.154.119,53,60432,UDP,flow,failed,24616547166147,,1,1,0,1469,0,0.0,1,1469,0,none,0,none,0,0,0,no_alert_unknown,no_alert_not_final_benign,-1,dns,port
2025-07-19T23:02:42.172888+0700,103.195.142.75,8.8.8.8,8398,53,UDP,flow,dns,223795984574427,,1,1,0,68,0,0.0,1,68,0,none,0,none,0,0,0,no_alert_unknown,no_alert_not_final_benign,-1,dns,app_proto+port
2025-07-19T23:02:42.172908+0700,103.195.142.74,118.98.44.100,61167,53,UDP,flow,dns,480050386282530,,1,1,0,85,0,0.0,1,85,0,none,0,none,0,0,0,no_alert_unknown,no_alert_not_final_benign,-1,dns,app_proto+port
2025-07-19T23:02:42.172928+0700,103.195.142.2,74.114.31.154,53,56083,UDP,flow,failed,459347900475568,,1,1,0,160,0,0.0,1,160,0,none,0,none,0,0,0,no_alert_unknown,no_alert_not_final_benign,-1,dns,port
2025-07-19T23:02:42.172946+0700,103.195.142.109,87.98.154.119,53,2098,UDP,flow,failed,731282158037432,,1,1,0,1437,0,0.0,1,1437,0,none,0,none,0,0,0,no_alert_unknown,no_alert_not_final_benign,-1,dns,port
2025-07-19T23:02:42.172988+0700,103.195.142.195,87.98.154.0,53,12487,UDP,flow,failed,593886232881614,,1,1,0,1437,0,0.0,1,1437,0,none,0,none,0,0,0,no_alert_unknown,no_alert_not_final_benign,-1,dns,port
2025-07-19T23:02:42.173059+0700,103.195.142.196,87.98.154.33,53,39521,UDP,flow,failed,51228330208051,,1,1,0,1437,0,0.0,1,1437,0,none,0,none,0,0,0,no_alert_unknown,no_alert_not_final_benign,-1,dns,port
2025-07-19T23:02:42.173096+0700,103.195.142.165,87.98.154.125,53,63478,UDP,flow,failed,14162908195639,,1,1,0,1437,0,0.0,1,1437,0,none,0,none,0,0,0,no_alert_unknown,no_alert_not_final_benign,-1,dns,port
2025-07-19T23:02:42.173189+0700,103.195.142.83,87.98.154.119,53,5208,UDP,flow,failed,151129826437984,,1,1,0,1190,0,0.0,1,1190,0,none,0,none,0,0,0,no_alert_unknown,no_alert_not_final_benign,-1,dns,port
2025-07-19T23:02:42.173233+0700,103.195.142.74,118.98.44.20,16642,53,UDP,flow,dns,431682056334197,,1,1,0,220,0,0.0,1,220,0,none,0,none,0,0,0,no_alert_unknown,no_alert_not_final_benign,-1,dns,app_proto+port
2025-07-19T23:02:42.173353+0700,103.195.142.195,87.98.154.40,53,52324,UDP,flow,failed,1968250768567588,,1,3,0,4311,0,10.0,3,4311,0,none,0,none,0,0,0,no_alert_unknown,no_alert_not_final_benign,-1,dns,port
2025-07-19T23:02:42.173377+0700,103.195.142.31,8.8.8.8,29560,53,UDP,flow,dns,448652784086331,,1,1,0,97,0,0.0,1,97,0,none,0,none,0,0,0,no_alert_unknown,no_alert_not_final_benign,-1,dns,app_proto+port
2025-07-19T23:02:42.173457+0700,103.195.142.74,118.98.44.50,10010,53,UDP,flow,dns,133006246391252,,1,1,0,178,0,0.0,1,178,0,none,0,none,0,0,0,no_alert_unknown,no_alert_not_final_benign,-1,dns,app_proto+port
2025-07-19T23:02:42.173486+0700,103.195.142.196,87.98.154.233,53,60650,UDP,flow,failed,625318081310239,,1,1,0,1437,0,0.0,1,1437,0,none,0,none,0,0,0,no_alert_unknown,no_alert_not_final_benign,-1,dns,port
2025-07-19T23:02:42.173686+0700,103.195.142.31,8.8.8.8,49945,53,UDP,flow,dns,595008310062808,,1,1,0,73,0,0.0,1,73,0,none,0,none,0,0,0,no_alert_unknown,no_alert_not_final_benign,-1,dns,app_proto+port
2025-07-19T23:02:42.173825+0700,103.195.142.76,87.98.154.119,53,9286,UDP,flow,failed,198087875407674,,1,1,0,1469,0,0.0,1,1469,0,none,0,none,0,0,0,no_alert_unknown,no_alert_not_final_benign,-1,dns,port
2025-07-19T23:02:42.173900+0700,103.195.142.195,87.98.154.119,53,50829,UDP,flow,failed,486728172416830,,1,1,0,1437,0,0.0,1,1437,0,none,0,none,0,0,0,no_alert_unknown,no_alert_not_final_benign,-1,dns,port
2025-07-19T23:02:42.173945+0700,103.195.142.75,8.8.8.8,6811,53,UDP,flow,dns,384439430459210,,1,1,0,124,0,0.0,1,124,0,none,0,none,0,0,0,no_alert_unknown,no_alert_not_final_benign,-1,dns,app_proto+port
2025-07-19T23:02:42.173970+0700,103.195.142.46,87.98.154.195,53,13584,UDP,flow,failed,129185063219044,,1,1,0,1437,0,0.0,1,1437,0,none,0,none,0,0,0,no_alert_unknown,no_alert_not_final_benign,-1,dns,port
2025-07-19T23:02:42.173995+0700,103.195.142.109,87.98.154.119,53,27671,UDP,flow,failed,403668454649773,,1,1,0,1437,0,0.0,1,1437,0,none,0,none,0,0,0,no_alert_unknown,no_alert_not_final_benign,-1,dns,port
2025-07-19T23:02:42.174036+0700,103.195.142.195,87.98.154.119,53,39885,UDP,flow,failed,51444612837453,,1,1,0,1437,0,0.0,1,1437,0,none,0,none,0,0,0,no_alert_unknown,no_alert_not_final_benign,-1,dns,port
2025-07-19T23:02:42.174054+0700,103.195.142.74,118.98.44.20,9303,53,UDP,flow,dns,629596390076511,,1,1,0,131,0,0.0,1,131,0,none,0,none,0,0,0,no_alert_unknown,no_alert_not_final_benign,-1,dns,app_proto+port
2025-07-19T23:02:42.174163+0700,103.195.142.195,87.98.154.208,53,1937,UDP,flow,failed,76204502986964,,1,1,0,1437,0,0.0,1,1437,0,none,0,none,0,0,0,no_alert_unknown,no_alert_not_final_benign,-1,dns,port
2025-07-19T23:02:42.174175+0700,103.195.142.3,172.253.236.219,53,56719,UDP,flow,failed,536479310917862,,1,1,0,182,0,0.0,1,182,0,none,0,none,0,0,0,no_alert_unknown,no_alert_not_final_benign,-1,dns,port
2025-07-19T23:02:42.174186+0700,103.195.142.75,8.8.8.8,32262,53,UDP,flow,dns,252578871030091,,1,1,0,214,0,0.0,1,214,0,none,0,none,0,0,0,no_alert_unknown,no_alert_not_final_benign,-1,dns,app_proto+port
2025-07-19T23:02:42.174210+0700,103.195.142.195,87.98.154.152,53,21949,UDP,flow,failed,186065777570160,,1,1,0,1437,0,0.0,1,1437,0,none,0,none,0,0,0,no_alert_unknown,no_alert_not_final_benign,-1,dns,port
2025-07-19T23:02:42.174234+0700,103.195.142.196,87.98.154.233,53,22067,UDP,flow,failed,624352612495772,,1,1,0,1437,0,0.0,1,1437,0,none,0,none,0,0,0,no_alert_unknown,no_alert_not_final_benign,-1,dns,port
2025-07-19T23:02:42.174246+0700,103.195.142.2,180.251.22.181,53,61472,UDP,flow,failed,31008527266229,,1,1,0,127,0,0.0,1,127,0,none,0,none,0,0,0,no_alert_unknown,no_alert_not_final_benign,-1,dns,port
2025-07-19T23:02:42.174266+0700,103.195.142.196,87.98.154.61,53,54775,UDP,flow,failed,232883420574191,,1,1,0,1437,0,0.0,1,1437,0,none,0,none,0,0,0,no_alert_unknown,no_alert_not_final_benign,-1,dns,port
2025-07-19T23:02:42.174316+0700,103.195.142.74,118.98.44.100,15765,53,UDP,flow,dns,305062228243031,,1,1,0,184,0,0.0,1,184,0,none,0,none,0,0,0,no_alert_unknown,no_alert_not_final_benign,-1,dns,app_proto+port
2025-07-19T23:02:42.174329+0700,103.195.142.74,118.98.44.100,10491,53,UDP,flow,dns,69704487252571,,1,1,0,107,0,0.0,1,107,0,none,0,none,0,0,0,no_alert_unknown,no_alert_not_final_benign,-1,dns,app_proto+port
2025-07-19T23:02:42.174340+0700,103.195.142.46,87.98.154.71,53,48087,UDP,flow,failed,594733016396480,,1,1,0,1437,0,0.0,1,1437,0,none,0,none,0,0,0,no_alert_unknown,no_alert_not_final_benign,-1,dns,port
2025-07-19T23:02:42.174389+0700,103.195.142.74,118.98.44.100,50952,53,UDP,flow,dns,91697751831290,,1,1,0,68,0,0.0,1,68,0,none,0,none,0,0,0,no_alert_unknown,no_alert_not_final_benign,-1,dns,app_proto+port
2025-07-19T23:02:42.174434+0700,103.195.142.74,118.98.44.20,25088,53,UDP,flow,dns,834245227492191,,1,1,0,80,0,0.0,1,80,0,none,0,none,0,0,0,no_alert_unknown,no_alert_not_final_benign,-1,dns,app_proto+port
2025-07-19T23:02:42.174449+0700,103.195.142.165,87.98.154.119,53,13803,UDP,flow,failed,103554660545562,,1,1,0,1437,0,0.0,1,1437,0,none,0,none,0,0,0,no_alert_unknown,no_alert_not_final_benign,-1,dns,port
2025-07-19T23:02:42.174507+0700,103.195.142.74,118.98.44.20,57814,53,UDP,flow,dns,84765871879493,,1,1,0,202,0,0.0,1,202,0,none,0,none,0,0,0,no_alert_unknown,no_alert_not_final_benign,-1,dns,app_proto+port
2025-07-19T23:02:42.174530+0700,103.195.142.46,87.98.154.111,53,40839,UDP,flow,failed,621036208240020,,1,1,0,1437,0,0.0,1,1437,0,none,0,none,0,0,0,no_alert_unknown,no_alert_not_final_benign,-1,dns,port
2025-07-19T23:02:42.174565+0700,103.195.142.74,118.98.44.100,1613,53,UDP,flow,dns,751630509585992,,1,1,0,68,0,0.0,1,68,0,none,0,none,0,0,0,no_alert_unknown,no_alert_not_final_benign,-1,dns,app_proto+port
2025-07-19T23:02:42.174599+0700,103.195.142.83,87.98.154.119,53,51347,UDP,flow,failed,558463279806390,,1,1,0,1190,0,0.0,1,1190,0,none,0,none,0,0,0,no_alert_unknown,no_alert_not_final_benign,-1,dns,port
2025-07-19T23:02:42.174610+0700,103.195.142.196,87.98.154.89,53,10499,UDP,flow,failed,340341708142605,,1,1,0,1437,0,0.0,1,1437,0,none,0,none,0,0,0,no_alert_unknown,no_alert_not_final_benign,-1,dns,port
2025-07-19T23:02:42.174620+0700,103.195.142.75,8.8.8.8,32426,53,UDP,flow,dns,443300722686024,,1,1,0,94,0,0.0,1,94,0,none,0,none,0,0,0,no_alert_unknown,no_alert_not_final_benign,-1,dns,app_proto+port
2025-07-19T23:02:42.174631+0700,103.195.142.195,87.98.154.119,53,4975,UDP,flow,failed,768138319804516,,1,1,0,1437,0,0.0,1,1437,0,none,0,none,0,0,0,no_alert_unknown,no_alert_not_final_benign,-1,dns,port
2025-07-19T23:02:42.174685+0700,103.195.142.109,87.98.154.245,53,10622,UDP,flow,failed,784832899955068,,1,1,0,1437,0,0.0,1,1437,0,none,0,none,0,0,0,no_alert_unknown,no_alert_not_final_benign,-1,dns,port
2025-07-19T23:02:42.174709+0700,103.195.142.74,34.8.38.57,48021,53,UDP,flow,dns,586674534922734,,1,1,0,225,0,0.0,1,225,0,none,0,none,0,0,0,no_alert_unknown,no_alert_not_final_benign,-1,dns,app_proto+port
2025-07-19T23:02:42.174724+0700,103.195.142.165,87.98.154.69,53,30214,UDP,flow,failed,723783325760203,,1,1,0,1437,0,0.0,1,1437,0,none,0,none,0,0,0,no_alert_unknown,no_alert_not_final_benign,-1,dns,port
2025-07-19T23:02:42.174742+0700,103.195.142.165,87.98.154.117,53,63467,UDP,flow,failed,414303345687345,,1,1,0,1437,0,0.0,1,1437,0,none,0,none,0,0,0,no_alert_unknown,no_alert_not_final_benign,-1,dns,port
2025-07-19T23:02:42.174761+0700,103.195.142.74,202.134.0.155,63542,53,UDP,flow,dns,700168346712964,,1,1,0,80,0,0.0,1,80,0,none,0,none,0,0,0,no_alert_unknown,no_alert_not_final_benign,-1,dns,app_proto+port
2025-07-19T23:02:42.174822+0700,103.195.142.46,87.98.154.139,53,12850,UDP,flow,failed,406785402256656,,1,1,0,1437,0,0.0,1,1437,0,none,0,none,0,0,0,no_alert_unknown,no_alert_not_final_benign,-1,dns,port
2025-07-19T23:02:42.174839+0700,103.195.142.195,87.98.154.68,53,26832,UDP,flow,failed,687972341890379,,1,1,0,1437,0,0.0,1,1437,0,none,0,none,0,0,0,no_alert_unknown,no_alert_not_final_benign,-1,dns,port
2025-07-19T23:02:42.174860+0700,103.195.142.74,118.98.44.100,6405,53,UDP,flow,dns,384951505698261,,1,1,0,220,0,0.0,1,220,0,none,0,none,0,0,0,no_alert_unknown,no_alert_not_final_benign,-1,dns,app_proto+port
2025-07-19T23:02:42.174880+0700,103.195.142.75,8.8.8.8,42664,53,UDP,flow,dns,414104212585955,,1,1,0,132,0,0.0,1,132,0,none,0,none,0,0,0,no_alert_unknown,no_alert_not_final_benign,-1,dns,app_proto+port
2025-07-19T23:02:42.174898+0700,103.195.142.165,87.98.154.118,53,18266,UDP,flow,failed,641049094766172,,1,1,0,1437,0,0.0,1,1437,0,none,0,none,0,0,0,no_alert_unknown,no_alert_not_final_benign,-1,dns,port
2025-07-19T23:02:42.174908+0700,103.195.142.83,87.98.154.119,53,59645,UDP,flow,failed,411128904334950,,1,1,0,1190,0,0.0,1,1190,0,none,0,none,0,0,0,no_alert_unknown,no_alert_not_final_benign,-1,dns,port
2025-07-19T23:02:42.174941+0700,103.195.142.74,202.134.0.155,57634,53,UDP,flow,dns,611358629281404,,1,1,0,214,0,0.0,1,214,0,none,0,none,0,0,0,no_alert_unknown,no_alert_not_final_benign,-1,dns,app_proto+port
2025-07-19T23:02:42.174953+0700,103.195.142.195,87.98.154.96,53,46579,UDP,flow,failed,337988749278900,,1,1,0,1437,0,0.0,1,1437,0,none,0,none,0,0,0,no_alert_unknown,no_alert_not_final_benign,-1,dns,port
2025-07-19T23:02:42.174969+0700,103.195.142.83,87.98.154.74,53,56580,UDP,flow,failed,287844144758455,,1,1,0,1190,0,0.0,1,1190,0,none,0,none,0,0,0,no_alert_unknown,no_alert_not_final_benign,-1,dns,port
2025-07-19T23:02:42.175069+0700,103.195.142.76,87.98.154.134,53,45814,UDP,flow,failed,383279514566577,,1,1,0,1469,0,0.0,1,1469,0,none,0,none,0,0,0,no_alert_unknown,no_alert_not_final_benign,-1,dns,port
2025-07-19T23:02:42.175089+0700,103.195.142.74,118.98.44.20,48276,53,UDP,flow,dns,799971699834815,,1,1,0,214,0,0.0,1,214,0,none,0,none,0,0,0,no_alert_unknown,no_alert_not_final_benign,-1,dns,app_proto+port
2025-07-19T23:02:42.175112+0700,103.195.142.74,118.98.44.50,22999,53,UDP,flow,dns,613517635862466,,1,1,0,76,0,0.0,1,76,0,none,0,none,0,0,0,no_alert_unknown,no_alert_not_final_benign,-1,dns,app_proto+port
2025-07-19T23:02:42.175135+0700,103.195.142.75,8.8.8.8,6072,53,UDP,flow,dns,319031174021341,,1,1,0,178,0,0.0,1,178,0,none,0,none,0,0,0,no_alert_unknown,no_alert_not_final_benign,-1,dns,app_proto+port
2025-07-19T23:02:42.175158+0700,103.195.142.74,202.134.0.155,49037,53,UDP,flow,dns,792482630517206,,1,1,0,87,0,0.0,1,87,0,none,0,none,0,0,0,no_alert_unknown,no_alert_not_final_benign,-1,dns,app_proto+port
2025-07-19T23:02:42.175169+0700,103.195.142.74,118.98.44.50,53396,53,UDP,flow,dns,706931363725844,,1,1,0,88,0,0.0,1,88,0,none,0,none,0,0,0,no_alert_unknown,no_alert_not_final_benign,-1,dns,app_proto+port
2025-07-19T23:02:42.175180+0700,103.195.142.31,8.8.8.8,45391,53,UDP,flow,dns,375848685978136,,1,1,0,78,0,0.0,1,78,0,none,0,none,0,0,0,no_alert_unknown,no_alert_not_final_benign,-1,dns,app_proto+port
2025-07-19T23:02:42.175207+0700,103.195.142.46,87.98.154.255,53,9713,UDP,flow,failed,446426481672854,,1,3,0,4311,0,9.0,3,4311,0,none,0,none,0,0,0,no_alert_unknown,no_alert_not_final_benign,-1,dns,port
2025-07-19T23:02:42.175217+0700,103.195.142.195,87.98.154.212,53,4696,UDP,flow,failed,290645141209872,,1,1,0,1437,0,0.0,1,1437,0,none,0,none,0,0,0,no_alert_unknown,no_alert_not_final_benign,-1,dns,port
2025-07-19T23:02:42.175227+0700,103.195.142.195,87.98.154.184,53,11427,UDP,flow,failed,664426069410804,,1,1,0,1437,0,0.0,1,1437,0,none,0,none,0,0,0,no_alert_unknown,no_alert_not_final_benign,-1,dns,port
2025-07-19T23:02:42.175237+0700,103.195.142.195,87.98.154.96,53,17888,UDP,flow,failed,330335389860927,,1,1,0,1437,0,0.0,1,1437,0,none,0,none,0,0,0,no_alert_unknown,no_alert_not_final_benign,-1,dns,port
2025-07-19T23:02:42.175247+0700,103.195.142.195,87.98.154.119,53,40667,UDP,flow,failed,550881811678292,,1,1,0,1437,0,0.0,1,1437,0,none,0,none,0,0,0,no_alert_unknown,no_alert_not_final_benign,-1,dns,port
2025-07-19T23:02:42.175294+0700,103.195.142.75,8.8.8.8,56907,53,UDP,flow,dns,691396828972409,,1,1,0,88,0,0.0,1,88,0,none,0,none,0,0,0,no_alert_unknown,no_alert_not_final_benign,-1,dns,app_proto+port
2025-07-19T23:02:42.175312+0700,103.195.142.74,118.98.44.20,8054,53,UDP,flow,dns,556408540218900,,1,1,0,214,0,0.0,1,214,0,none,0,none,0,0,0,no_alert_unknown,no_alert_not_final_benign,-1,dns,app_proto+port
2025-07-19T23:02:42.175323+0700,103.195.142.75,8.8.8.8,15142,53,UDP,flow,dns,777210987595289,,1,1,0,68,0,0.0,1,68,0,none,0,none,0,0,0,no_alert_unknown,no_alert_not_final_benign,-1,dns,app_proto+port
2025-07-19T23:02:42.175334+0700,103.195.142.74,118.98.44.50,13738,53,UDP,flow,dns,789221239277147,,1,1,0,214,0,0.0,1,214,0,none,0,none,0,0,0,no_alert_unknown,no_alert_not_final_benign,-1,dns,app_proto+port
2025-07-19T23:02:42.175361+0700,103.195.142.3,44.192.161.120,53,4924,UDP,flow,failed,824638384096998,,1,1,0,136,0,0.0,1,136,0,none,0,none,0,0,0,no_alert_unknown,no_alert_not_final_benign,-1,dns,port
2025-07-19T23:02:42.175397+0700,103.195.142.74,118.98.44.100,31798,53,UDP,flow,dns,598025314224068,,1,1,0,85,0,0.0,1,85,0,none,0,none,0,0,0,no_alert_unknown,no_alert_not_final_benign,-1,dns,app_proto+port
2025-07-19T23:02:42.175431+0700,103.195.142.75,8.8.8.8,64948,53,UDP,flow,dns,562923702110271,,1,1,0,220,0,0.0,1,220,0,none,0,none,0,0,0,no_alert_unknown,no_alert_not_final_benign,-1,dns,app_proto+port
2025-07-19T23:02:42.175450+0700,103.195.142.3,172.253.13.149,53,47367,UDP,flow,failed,406426224609877,,1,1,0,212,0,0.0,1,212,0,none,0,none,0,0,0,no_alert_unknown,no_alert_not_final_benign,-1,dns,port
2025-07-19T23:02:42.175578+0700,103.195.142.76,87.98.154.119,53,23828,UDP,flow,failed,344553866906306,,1,1,0,1469,0,0.0,1,1469,0,none,0,none,0,0,0,no_alert_unknown,no_alert_not_final_benign,-1,dns,port
2025-07-19T23:02:42.175594+0700,103.195.142.109,87.98.154.119,53,63282,UDP,flow,failed,424107017030404,,1,1,0,1437,0,0.0,1,1437,0,none,0,none,0,0,0,no_alert_unknown,no_alert_not_final_benign,-1,dns,port
2025-07-19T23:02:42.175610+0700,103.195.142.76,87.98.154.170,53,46237,UDP,flow,failed,742901331905306,,1,1,0,1469,0,0.0,1,1469,0,none,0,none,0,0,0,no_alert_unknown,no_alert_not_final_benign,-1,dns,port
2025-07-19T23:02:42.191602+0700,103.195.142.74,118.98.44.20,32786,53,UDP,dns,,822924345058239,wire/pcap,0,0,0,0,0,0.0,0,0,0,none,0,none,0,0,0,no_alert_unknown,no_alert_not_final_benign,-1,dns,port
2025-07-19T23:02:42.191718+0700,103.195.142.74,118.98.44.50,28506,53,UDP,dns,,823424611501070,wire/pcap,0,0,0,0,0,0.0,0,0,0,none,0,none,0,0,0,no_alert_unknown,no_alert_not_final_benign,-1,dns,port
2025-07-19T23:02:42.197668+0700,103.195.142.74,118.98.44.100,16554,53,UDP,dns,,567503195965366,wire/pcap,0,0,0,0,0,0.0,0,0,0,none,0,none,0,0,0,no_alert_unknown,no_alert_not_final_benign,-1,dns,port
2025-07-19T23:02:42.218476+0700,103.195.142.75,8.8.8.8,38142,53,UDP,dns,,656873139862474,wire/pcap,0,0,0,0,0,0.0,0,0,0,none,0,none,0,0,0,no_alert_unknown,no_alert_not_final_benign,-1,dns,port
2025-07-19T23:02:42.218577+0700,103.195.142.74,202.134.0.155,15990,53,UDP,dns,,657308140962485,wire/pcap,0,0,0,0,0,0.0,0,0,0,none,0,none,0,0,0,no_alert_unknown,no_alert_not_final_benign,-1,dns,port
2025-07-19T23:02:42.227691+0700,103.195.142.74,202.134.0.155,39920,53,UDP,dns,,696450724594896,wire/pcap,0,0,0,0,0,0.0,0,0,0,none,0,none,0,0,0,no_alert_unknown,no_alert_not_final_benign,-1,dns,port
2025-07-19T23:02:42.228167+0700,103.195.142.74,118.98.44.20,44356,53,UDP,dns,,698497873397921,wire/pcap,0,0,0,0,0,0.0,0,0,0,none,0,none,0,0,0,no_alert_unknown,no_alert_not_final_benign,-1,dns,port
2025-07-19T23:02:42.236698+0700,103.195.142.74,118.98.44.20,29948,53,UDP,dns,,735137326110671,wire/pcap,0,0,0,0,0,0.0,0,0,0,none,0,none,0,0,0,no_alert_unknown,no_alert_not_final_benign,-1,dns,port
2025-07-19T23:02:42.236790+0700,103.195.142.74,118.98.44.100,57598,53,UDP,dns,,735534124724374,wire/pcap,0,0,0,0,0,0.0,0,0,0,none,0,none,0,0,0,no_alert_unknown,no_alert_not_final_benign,-1,dns,port
2025-07-19T23:02:42.289229+0700,103.195.142.31,8.8.8.8,26209,53,UDP,dns,,679282423938561,wire/pcap,0,0,0,0,0,0.0,0,0,0,none,0,none,0,0,0,no_alert_unknown,no_alert_not_final_benign,-1,dns,port
2025-07-19T23:02:42.294850+0700,103.195.142.74,118.98.44.100,19126,53,UDP,flow,dns,1091140839505696,,1,1,0,88,0,0.0,1,88,0,none,0,none,0,0,0,no_alert_unknown,no_alert_not_final_benign,-1,dns,app_proto+port
2025-07-19T23:02:42.304479+0700,103.195.142.74,118.98.44.100,50591,53,UDP,dns,,744778492463754,wire/pcap,0,0,0,0,0,0.0,0,0,0,none,0,none,0,0,0,no_alert_unknown,no_alert_not_final_benign,-1,dns,port
2025-07-19T23:02:42.350814+0700,103.195.142.74,202.134.0.155,64380,53,UDP,dns,,662313624168629,wire/pcap,0,0,0,0,0,0.0,0,0,0,none,0,none,0,0,0,no_alert_unknown,no_alert_not_final_benign,-1,dns,port
2025-07-19T23:02:42.351010+0700,103.195.142.74,118.98.44.20,27437,53,UDP,dns,,663154848327333,wire/pcap,0,0,0,0,0,0.0,0,0,0,none,0,none,0,0,0,no_alert_unknown,no_alert_not_final_benign,-1,dns,port
2025-07-19T23:02:42.364508+0700,103.195.142.74,202.134.0.155,41854,53,UDP,dns,,721125254082725,wire/pcap,0,0,0,0,0,0.0,0,0,0,none,0,none,0,0,0,no_alert_unknown,no_alert_not_final_benign,-1,dns,port
2025-07-19T23:02:42.392910+0700,103.195.142.74,118.98.44.20,26516,53,UDP,dns,,843110744195175,wire/pcap,0,0,0,0,0,0.0,0,0,0,none,0,none,0,0,0,no_alert_unknown,no_alert_not_final_benign,-1,dns,port
2025-07-19T23:02:42.409671+0700,103.195.142.74,118.98.44.100,38930,53,UDP,dns,,633626303916378,wire/pcap,0,0,0,0,0,0.0,0,0,0,none,0,none,0,0,0,no_alert_unknown,no_alert_not_final_benign,-1,dns,port
2025-07-19T23:02:42.411656+0700,103.195.142.75,8.8.8.8,11495,53,UDP,dns,,642150424015363,wire/pcap,0,0,0,0,0,0.0,0,0,0,none,0,none,0,0,0,no_alert_unknown,no_alert_not_final_benign,-1,dns,port
2025-07-19T23:02:42.431340+0700,103.195.142.75,69.39.238.37,9559,53,UDP,dns,,726695526952985,wire/pcap,0,0,0,0,0,0.0,0,0,0,none,0,none,0,0,0,no_alert_unknown,no_alert_not_final_benign,-1,dns,port
2025-07-19T23:02:42.454500+0700,103.195.142.74,118.98.44.100,62860,53,UDP,dns,,826163788622349,wire/pcap,0,0,0,0,0,0.0,0,0,0,none,0,none,0,0,0,no_alert_unknown,no_alert_not_final_benign,-1,dns,port
2025-07-19T23:02:42.454624+0700,103.195.142.74,118.98.44.20,29009,53,UDP,dns,,826697459422045,wire/pcap,0,0,0,0,0,0.0,0,0,0,none,0,none,0,0,0,no_alert_unknown,no_alert_not_final_benign,-1,dns,port
2025-07-19T23:02:42.454701+0700,103.195.142.74,118.98.44.100,17750,53,UDP,dns,,827026977528604,wire/pcap,0,0,0,0,0,0.0,0,0,0,none,0,none,0,0,0,no_alert_unknown,no_alert_not_final_benign,-1,dns,port
2025-07-19T23:02:42.457768+0700,103.195.142.74,118.98.44.50,61915,53,UDP,dns,,840200352172996,wire/pcap,0,0,0,0,0,0.0,0,0,0,none,0,none,0,0,0,no_alert_unknown,no_alert_not_final_benign,-1,dns,port
2025-07-19T23:02:42.460998+0700,103.195.142.74,202.134.0.155,17208,53,UDP,dns,,572596555452117,wire/pcap,0,0,0,0,0,0.0,0,0,0,none,0,none,0,0,0,no_alert_unknown,no_alert_not_final_benign,-1,dns,port
2025-07-19T23:02:42.464071+0700,103.195.142.74,118.98.44.100,2423,53,UDP,dns,,585796983369637,wire/pcap,0,0,0,0,0,0.0,0,0,0,none,0,none,0,0,0,no_alert_unknown,no_alert_not_final_benign,-1,dns,port
2025-07-19T23:02:42.488184+0700,103.195.142.74,118.98.44.20,26108,53,UDP,dns,,689362206655809,wire/pcap,0,0,0,0,0,0.0,0,0,0,none,0,none,0,0,0,no_alert_unknown,no_alert_not_final_benign,-1,dns,port
2025-07-19T23:02:42.516552+0700,103.195.142.74,118.98.44.50,37333,53,UDP,dns,,811202890617647,wire/pcap,0,0,0,0,0,0.0,0,0,0,none,0,none,0,0,0,no_alert_unknown,no_alert_not_final_benign,-1,dns,port
2025-07-19T23:02:42.608581+0700,103.195.142.74,118.98.44.50,65369,53,UDP,dns,,643513531554184,wire/pcap,0,0,0,0,0,0.0,0,0,0,none,0,none,0,0,0,no_alert_unknown,no_alert_not_final_benign,-1,dns,port
2025-07-19T23:02:42.627627+0700,103.195.142.75,8.8.8.8,15387,53,UDP,dns,,725313363565964,wire/pcap,0,0,0,0,0,0.0,0,0,0,none,0,none,0,0,0,no_alert_unknown,no_alert_not_final_benign,-1,dns,port
2025-07-19T23:02:42.661257+0700,103.195.142.74,202.134.0.155,35242,53,UDP,dns,,588279544271682,wire/pcap,0,0,0,0,0,0.0,0,0,0,none,0,none,0,0,0,no_alert_unknown,no_alert_not_final_benign,-1,dns,port
2025-07-19T23:02:42.664894+0700,103.195.142.75,8.8.8.8,63383,53,UDP,dns,,603899244018682,wire/pcap,0,0,0,0,0,0.0,0,0,0,none,0,none,0,0,0,no_alert_unknown,no_alert_not_final_benign,-1,dns,port
2025-07-19T23:02:42.666633+0700,103.195.142.74,118.98.44.100,37246,53,UDP,dns,,611369687603130,wire/pcap,0,0,0,0,0,0.0,0,0,0,none,0,none,0,0,0,no_alert_unknown,no_alert_not_final_benign,-1,dns,port
2025-07-19T23:02:42.667032+0700,103.195.142.74,118.98.44.50,37479,53,UDP,dns,,613084588197150,wire/pcap,0,0,0,0,0,0.0,0,0,0,none,0,none,0,0,0,no_alert_unknown,no_alert_not_final_benign,-1,dns,port
2025-07-19T23:02:42.705986+0700,103.195.142.74,202.134.0.155,29906,53,UDP,dns,,780387153049244,wire/pcap,0,0,0,0,0,0.0,0,0,0,none,0,none,0,0,0,no_alert_unknown,no_alert_not_final_benign,-1,dns,port
2025-07-19T23:02:42.709833+0700,103.195.142.74,118.98.44.20,10860,53,UDP,dns,,796912955798906,wire/pcap,0,0,0,0,0,0.0,0,0,0,none,0,none,0,0,0,no_alert_unknown,no_alert_not_final_benign,-1,dns,port
2025-07-19T23:02:42.737975+0700,103.195.142.83,87.98.154.82,53,63630,UDP,flow,failed,990649490130398,,1,1,0,1190,0,0.0,1,1190,0,none,0,none,0,0,0,no_alert_unknown,no_alert_not_final_benign,-1,dns,port
2025-07-19T23:02:42.767707+0700,103.195.142.75,8.8.8.8,44044,53,UDP,dns,,764004942627921,wire/pcap,0,0,0,0,0,0.0,0,0,0,none,0,none,0,0,0,no_alert_unknown,no_alert_not_final_benign,-1,dns,port
2025-07-19T23:02:42.794431+0700,103.195.142.75,8.8.8.8,36797,53,UDP,dns,,597307528305496,wire/pcap,0,0,0,0,0,0.0,0,0,0,none,0,none,0,0,0,no_alert_unknown,no_alert_not_final_benign,-1,dns,port
2025-07-19T23:02:42.794445+0700,103.195.142.74,202.134.0.155,1533,53,UDP,dns,,597368801629190,wire/pcap,0,0,0,0,0,0.0,0,0,0,none,0,none,0,0,0,no_alert_unknown,no_alert_not_final_benign,-1,dns,port
2025-07-19T23:02:42.794713+0700,103.195.142.75,8.8.8.8,54487,53,UDP,dns,,598516724944782,wire/pcap,0,0,0,0,0,0.0,0,0,0,none,0,none,0,0,0,no_alert_unknown,no_alert_not_final_benign,-1,dns,port
2025-07-19T23:02:42.802646+0700,103.195.142.74,118.98.44.50,34410,53,UDP,dns,,632589054472501,wire/pcap,0,0,0,0,0,0.0,0,0,0,none,0,none,0,0,0,no_alert_unknown,no_alert_not_final_benign,-1,dns,port
2025-07-19T23:02:42.845976+0700,103.195.142.74,202.134.0.155,56615,53,UDP,dns,,818693746326534,wire/pcap,0,0,0,0,0,0.0,0,0,0,none,0,none,0,0,0,no_alert_unknown,no_alert_not_final_benign,-1,dns,port
2025-07-19T23:02:42.915735+0700,103.195.142.74,118.98.44.20,63915,53,UDP,dns,,836829504729649,wire/pcap,0,0,0,0,0,0.0,0,0,0,none,0,none,0,0,0,no_alert_unknown,no_alert_not_final_benign,-1,dns,port
2025-07-19T23:02:42.916457+0700,103.195.142.108,8.8.8.8,1900,53,UDP,dns,,1216074754602613,wire/pcap,0,0,0,0,0,0.0,0,0,0,none,0,none,0,0,0,no_alert_unknown,no_alert_not_final_benign,-1,dns,port
2025-07-19T23:02:42.916842+0700,103.195.142.74,50.28.102.86,37007,53,UDP,dns,,841582068552492,wire/pcap,0,0,0,0,0,0.0,0,0,0,none,0,none,0,0,0,no_alert_unknown,no_alert_not_final_benign,-1,dns,port
2025-07-19T23:02:42.920790+0700,103.195.142.75,8.8.8.8,51573,53,UDP,dns,,577067404989397,wire/pcap,0,0,0,0,0,0.0,0,0,0,none,0,none,0,0,0,no_alert_unknown,no_alert_not_final_benign,-1,dns,port
2025-07-19T23:02:42.927670+0700,103.195.142.74,118.98.44.20,42022,53,UDP,dns,,606615532920910,wire/pcap,0,0,0,0,0,0.0,0,0,0,none,0,none,0,0,0,no_alert_unknown,no_alert_not_final_benign,-1,dns,port
2025-07-19T23:02:42.929500+0700,103.195.142.74,50.28.102.86,28387,53,UDP,dns,,614473019690333,wire/pcap,0,0,0,0,0,0.0,0,0,0,none,0,none,0,0,0,no_alert_unknown,no_alert_not_final_benign,-1,dns,port
2025-07-19T23:02:42.977884+0700,103.195.142.75,8.8.8.8,38891,53,UDP,dns,,822281011448195,wire/pcap,0,0,0,0,0,0.0,0,0,0,none,0,none,0,0,0,no_alert_unknown,no_alert_not_final_benign,-1,dns,port
2025-07-19T23:02:42.977963+0700,103.195.142.74,118.98.44.50,24378,53,UDP,dns,,822622683165708,wire/pcap,0,0,0,0,0,0.0,0,0,0,none,0,none,0,0,0,no_alert_unknown,no_alert_not_final_benign,-1,dns,port
2025-07-19T23:02:42.994366+0700,103.195.142.74,118.98.44.100,50449,53,UDP,dns,,611597984956707,wire/pcap,0,0,0,0,0,0.0,0,0,0,none,0,none,0,0,0,no_alert_unknown,no_alert_not_final_benign,-1,dns,port
2025-07-19T23:02:42.994490+0700,103.195.142.75,8.8.8.8,6952,53,UDP,dns,,612130824443989,wire/pcap,0,0,0,0,0,0.0,0,0,0,none,0,none,0,0,0,no_alert_unknown,no_alert_not_final_benign,-1,dns,port
2025-07-19T23:02:43.006740+0700,103.195.142.75,8.8.8.8,15959,53,UDP,dns,,873375335593842,wire/pcap,0,0,0,0,0,0.0,0,0,0,none,0,none,0,0,0,no_alert_unknown,no_alert_not_final_benign,-1,dns,port
2025-07-19T23:02:43.016471+0700,103.195.142.74,118.98.44.100,17250,53,UDP,dns,,915169814074134,wire/pcap,0,0,0,0,0,0.0,0,0,0,none,0,none,0,0,0,no_alert_unknown,no_alert_not_final_benign,-1,dns,port
2025-07-19T23:02:43.033094+0700,103.195.142.74,118.98.44.50,45748,53,UDP,dns,,986566139029907,wire/pcap,0,0,0,0,0,0.0,0,0,0,none,0,none,0,0,0,no_alert_unknown,no_alert_not_final_benign,-1,dns,port
2025-07-19T23:02:43.039267+0700,103.195.142.74,118.98.44.100,29565,53,UDP,dns,,1013079063698347,wire/pcap,0,0,0,0,0,0.0,0,0,0,none,0,none,0,0,0,no_alert_unknown,no_alert_not_final_benign,-1,dns,port
2025-07-19T23:02:43.041837+0700,103.195.142.74,118.98.44.20,56266,53,UDP,dns,,1024116287422555,wire/pcap,0,0,0,0,0,0.0,0,0,0,none,0,none,0,0,0,no_alert_unknown,no_alert_not_final_benign,-1,dns,port
2025-07-19T23:02:43.041925+0700,103.195.142.74,202.134.0.155,44678,53,UDP,dns,,1024493197631882,wire/pcap,0,0,0,0,0,0.0,0,0,0,none,0,none,0,0,0,no_alert_unknown,no_alert_not_final_benign,-1,dns,port
2025-07-19T23:02:43.047466+0700,103.195.142.74,118.98.44.50,61105,53,UDP,dns,,1048292023179927,wire/pcap,0,0,0,0,0,0.0,0,0,0,none,0,none,0,0,0,no_alert_unknown,no_alert_not_final_benign,-1,dns,port
2025-07-19T23:02:43.059703+0700,103.195.142.74,118.98.44.100,14629,53,UDP,dns,,1100850477896639,wire/pcap,0,0,0,0,0,0.0,0,0,0,none,0,none,0,0,0,no_alert_unknown,no_alert_not_final_benign,-1,dns,port
2025-07-19T23:02:43.065485+0700,103.195.142.74,202.134.0.155,5680,53,UDP,dns,,1125682867613844,wire/pcap,0,0,0,0,0,0.0,0,0,0,none,0,none,0,0,0,no_alert_unknown,no_alert_not_final_benign,-1,dns,port
2025-07-19T23:02:43.096423+0700,103.195.142.75,8.8.8.8,5867,53,UDP,dns,,977085531326398,wire/pcap,0,0,0,0,0,0.0,0,0,0,none,0,none,0,0,0,no_alert_unknown,no_alert_not_final_benign,-1,dns,port
2025-07-19T23:02:43.099943+0700,103.195.142.74,118.98.44.50,14573,53,UDP,dns,,992204863117722,wire/pcap,0,0,0,0,0,0.0,0,0,0,none,0,none,0,0,0,no_alert_unknown,no_alert_not_final_benign,-1,dns,port
2025-07-19T23:02:43.110586+0700,103.195.142.74,118.98.44.100,43318,53,UDP,dns,,1037916487841050,wire/pcap,0,0,0,0,0,0.0,0,0,0,none,0,none,0,0,0,no_alert_unknown,no_alert_not_final_benign,-1,dns,port
2025-07-19T23:02:43.135702+0700,103.195.142.74,118.98.44.100,5527,53,UDP,dns,,864311870974117,wire/pcap,0,0,0,0,0,0.0,0,0,0,none,0,none,0,0,0,no_alert_unknown,no_alert_not_final_benign,-1,dns,port
2025-07-19T23:02:43.149196+0700,103.195.142.74,118.98.44.20,2973,53,UDP,dns,,922267024706428,wire/pcap,0,0,0,0,0,0.0,0,0,0,none,0,none,0,0,0,no_alert_unknown,no_alert_not_final_benign,-1,dns,port
2025-07-19T23:02:43.150194+0700,103.195.142.74,118.98.44.20,23141,53,UDP,flow,dns,870842899745715,,1,1,0,74,0,0.0,1,74,0,none,0,none,0,0,0,no_alert_unknown,no_alert_not_final_benign,-1,dns,app_proto+port
2025-07-19T23:02:43.150265+0700,103.195.142.76,87.98.154.226,53,55029,UDP,flow,failed,883176929217482,,1,1,0,1469,0,0.0,1,1469,0,none,0,none,0,0,0,no_alert_unknown,no_alert_not_final_benign,-1,dns,port
2025-07-19T23:02:43.150291+0700,103.195.142.74,118.98.44.20,47147,53,UDP,flow,dns,546722549582795,,1,1,0,80,0,0.0,1,80,0,none,0,none,0,0,0,no_alert_unknown,no_alert_not_final_benign,-1,dns,app_proto+port
2025-07-19T23:02:43.150341+0700,103.195.142.74,118.98.44.20,56738,53,UDP,flow,dns,975304769064106,,1,1,0,97,0,0.0,1,97,0,none,0,none,0,0,0,no_alert_unknown,no_alert_not_final_benign,-1,dns,app_proto+port
2025-07-19T23:02:43.150378+0700,103.195.142.165,87.98.154.119,53,18139,UDP,flow,failed,1125303940926714,,1,1,0,1437,0,0.0,1,1437,0,none,0,none,0,0,0,no_alert_unknown,no_alert_not_final_benign,-1,dns,port
2025-07-19T23:02:43.150398+0700,103.195.142.74,118.98.44.20,26455,53,UDP,flow,dns,495646573710593,,1,1,0,83,0,0.0,1,83,0,none,0,none,0,0,0,no_alert_unknown,no_alert_not_final_benign,-1,dns,app_proto+port
2025-07-19T23:02:43.150418+0700,103.195.142.165,87.98.154.97,53,14036,UDP,flow,failed,958816695733507,,1,1,0,1437,0,0.0,1,1437,0,none,0,none,0,0,0,no_alert_unknown,no_alert_not_final_benign,-1,dns,port
2025-07-19T23:02:43.150438+0700,103.195.142.74,202.134.0.155,11391,53,UDP,flow,dns,861388922670349,,1,1,0,214,0,0.0,1,214,0,none,0,none,0,0,0,no_alert_unknown,no_alert_not_final_benign,-1,dns,app_proto+port
2025-07-19T23:02:43.150459+0700,103.195.142.165,87.98.154.119,53,9723,UDP,flow,failed,734785110068531,,1,1,0,1437,0,0.0,1,1437,0,none,0,none,0,0,0,no_alert_unknown,no_alert_not_final_benign,-1,dns,port
2025-07-19T23:02:43.150480+0700,103.195.142.76,87.98.154.119,53,20658,UDP,flow,failed,758801767255370,,1,1,0,1469,0,0.0,1,1469,0,none,0,none,0,0,0,no_alert_unknown,no_alert_not_final_benign,-1,dns,port
2025-07-19T23:02:43.150510+0700,103.195.142.46,87.98.154.83,53,35208,UDP,flow,failed,1022888401161549,,1,1,0,1437,0,0.0,1,1437,0,none,0,none,0,0,0,no_alert_unknown,no_alert_not_final_benign,-1,dns,port
2025-07-19T23:02:43.150449+0700,103.195.142.74,202.134.0.155,35748,53,UDP,dns,,927649947861854,wire/pcap,0,0,0,0,0,0.0,0,0,0,none,0,none,0,0,0,no_alert_unknown,no_alert_not_final_benign,-1,dns,port
2025-07-19T23:02:43.150665+0700,103.195.142.165,87.98.154.125,53,13120,UDP,flow,failed,513717390265893,,1,1,0,1437,0,0.0,1,1437,0,none,0,none,0,0,0,no_alert_unknown,no_alert_not_final_benign,-1,dns,port
2025-07-19T23:02:43.150724+0700,103.195.142.195,87.98.154.32,53,48890,UDP,flow,failed,532781042159399,,1,1,0,1437,0,0.0,1,1437,0,none,0,none,0,0,0,no_alert_unknown,no_alert_not_final_benign,-1,dns,port
2025-07-19T23:02:43.150850+0700,103.195.142.76,87.98.154.170,53,5364,UDP,flow,failed,694022733811757,,1,1,0,1469,0,0.0,1,1469,0,none,0,none,0,0,0,no_alert_unknown,no_alert_not_final_benign,-1,dns,port
2025-07-19T23:02:43.150945+0700,103.195.142.196,87.98.154.119,53,1205,UDP,flow,failed,646635843211313,,1,1,0,1437,0,0.0,1,1437,0,none,0,none,0,0,0,no_alert_unknown,no_alert_not_final_benign,-1,dns,port
2025-07-19T23:02:43.150971+0700,103.195.142.75,8.8.8.8,17832,53,UDP,flow,dns,609220708192421,,1,1,0,184,0,0.0,1,184,0,none,0,none,0,0,0,no_alert_unknown,no_alert_not_final_benign,-1,dns,app_proto+port
2025-07-19T23:02:43.151062+0700,103.195.142.109,87.98.154.119,53,35416,UDP,flow,failed,1034570067857681,,1,1,0,1437,0,0.0,1,1437,0,none,0,none,0,0,0,no_alert_unknown,no_alert_not_final_benign,-1,dns,port
2025-07-19T23:02:43.151085+0700,103.195.142.3,172.217.32.153,53,37182,UDP,flow,failed,568644730409293,,1,1,0,156,0,0.0,1,156,0,none,0,none,0,0,0,no_alert_unknown,no_alert_not_final_benign,-1,dns,port
2025-07-19T23:02:43.151136+0700,103.195.142.46,87.98.154.119,53,10326,UDP,flow,failed,924491197567331,,1,1,0,1437,0,0.0,1,1437,0,none,0,none,0,0,0,no_alert_unknown,no_alert_not_final_benign,-1,dns,port
2025-07-19T23:02:43.151200+0700,103.195.142.83,87.98.154.14,53,17341,UDP,flow,failed,912268620845472,,1,1,0,1190,0,0.0,1,1190,0,none,0,none,0,0,0,no_alert_unknown,no_alert_not_final_benign,-1,dns,port
2025-07-19T23:02:43.151360+0700,103.195.142.83,87.98.154.110,53,42420,UDP,flow,failed,706913521685055,,1,1,0,1190,0,0.0,1,1190,0,none,0,none,0,0,0,no_alert_unknown,no_alert_not_final_benign,-1,dns,port
2025-07-19T23:02:43.151393+0700,103.195.142.75,208.74.121.116,12689,53,UDP,flow,dns,427128921182785,,1,1,0,88,0,0.0,1,88,0,none,0,none,0,0,0,no_alert_unknown,no_alert_not_final_benign,-1,dns,app_proto+port
2025-07-19T23:02:43.151452+0700,103.195.142.75,8.8.8.8,17000,53,UDP,flow,dns,324578342065038,,1,1,0,106,0,0.0,1,106,0,none,0,none,0,0,0,no_alert_unknown,no_alert_not_final_benign,-1,dns,app_proto+port
2025-07-19T23:02:43.151473+0700,103.195.142.109,87.98.154.225,53,2239,UDP,flow,failed,540411570410413,,1,1,0,1437,0,0.0,1,1437,0,none,0,none,0,0,0,no_alert_unknown,no_alert_not_final_benign,-1,dns,port
2025-07-19T23:02:43.151559+0700,103.195.142.75,8.8.8.8,31355,53,UDP,flow,dns,840216614917047,,1,1,0,78,0,0.0,1,78,0,none,0,none,0,0,0,no_alert_unknown,no_alert_not_final_benign,-1,dns,app_proto+port
2025-07-19T23:02:43.151612+0700,103.195.142.46,87.98.154.55,53,40676,UDP,flow,failed,2094907062867010,,1,3,0,4311,0,10.0,3,4311,0,none,0,none,0,0,0,no_alert_unknown,no_alert_not_final_benign,-1,dns,port
2025-07-19T23:02:43.151707+0700,103.195.142.195,87.98.154.4,53,49740,UDP,flow,failed,305483492087106,,1,1,0,1437,0,0.0,1,1437,0,none,0,none,0,0,0,no_alert_unknown,no_alert_not_final_benign,-1,dns,port
2025-07-19T23:02:43.151778+0700,103.195.142.75,8.8.8.8,5584,53,UDP,flow,dns,1078707678467488,,1,1,0,214,0,0.0,1,214,0,none,0,none,0,0,0,no_alert_unknown,no_alert_not_final_benign,-1,dns,app_proto+port
2025-07-19T23:02:43.151799+0700,103.195.142.74,118.98.44.20,2776,53,UDP,flow,dns,1031136256316947,,1,1,0,214,0,0.0,1,214,0,none,0,none,0,0,0,no_alert_unknown,no_alert_not_final_benign,-1,dns,app_proto+port
2025-07-19T23:02:43.151874+0700,103.195.142.75,8.8.8.8,53203,53,UDP,flow,dns,327702817723965,,1,1,0,68,0,0.0,1,68,0,none,0,none,0,0,0,no_alert_unknown,no_alert_not_final_benign,-1,dns,app_proto+port
2025-07-19T23:02:43.151898+0700,103.195.142.196,87.98.154.119,53,64381,UDP,flow,failed,436081303017026,,1,1,0,1437,0,0.0,1,1437,0,none,0,none,0,0,0,no_alert_unknown,no_alert_not_final_benign,-1,dns,port
2025-07-19T23:02:43.151929+0700,103.195.142.3,173.252.107.131,53,56138,UDP,flow,failed,416803370423875,,1,1,0,135,0,0.0,1,135,0,none,0,none,0,0,0,no_alert_unknown,no_alert_not_final_benign,-1,dns,port
2025-07-19T23:02:43.152040+0700,103.195.142.109,87.98.154.118,53,16746,UDP,flow,failed,709085295400673,,1,1,0,1437,0,0.0,1,1437,0,none,0,none,0,0,0,no_alert_unknown,no_alert_not_final_benign,-1,dns,port
2025-07-19T23:02:43.152061+0700,103.195.142.75,8.8.8.8,65173,53,UDP,flow,dns,1960898342803236,,1,2,0,456,0,4.0,2,456,0,none,0,none,0,0,0,no_alert_unknown,no_alert_not_final_benign,-1,dns,app_proto+port
2025-07-19T23:02:43.152081+0700,103.195.142.74,118.98.44.20,18487,53,UDP,flow,dns,286122019444738,,1,1,0,90,0,0.0,1,90,0,none,0,none,0,0,0,no_alert_unknown,no_alert_not_final_benign,-1,dns,app_proto+port
2025-07-19T23:02:43.152125+0700,103.195.142.196,87.98.154.119,53,61724,UDP,flow,failed,478607200671836,,1,1,0,1437,0,0.0,1,1437,0,none,0,none,0,0,0,no_alert_unknown,no_alert_not_final_benign,-1,dns,port
2025-07-19T23:02:43.152146+0700,103.195.142.2,121.37.125.52,53,55207,UDP,flow,failed,412375847262324,,1,1,0,194,0,0.0,1,194,0,none,0,none,0,0,0,no_alert_unknown,no_alert_not_final_benign,-1,dns,port
2025-07-19T23:02:43.152165+0700,103.195.142.74,118.98.44.20,21683,53,UDP,flow,dns,778179631962371,,1,1,0,214,0,0.0,1,214,0,none,0,none,0,0,0,no_alert_unknown,no_alert_not_final_benign,-1,dns,app_proto+port
2025-07-19T23:02:43.152209+0700,103.195.142.76,87.98.154.86,53,58649,UDP,flow,failed,191703277689556,,1,3,0,4407,0,9.0,3,4407,0,none,0,none,0,0,0,no_alert_unknown,no_alert_not_final_benign,-1,dns,port
2025-07-19T23:02:43.152232+0700,103.195.142.165,87.98.154.119,53,21025,UDP,flow,failed,358839183203123,,1,1,0,1437,0,0.0,1,1437,0,none,0,none,0,0,0,no_alert_unknown,no_alert_not_final_benign,-1,dns,port
2025-07-19T23:02:43.152275+0700,103.195.142.195,87.98.154.119,53,18946,UDP,flow,failed,656300521413461,,1,1,0,1437,0,0.0,1,1437,0,none,0,none,0,0,0,no_alert_unknown,no_alert_not_final_benign,-1,dns,port
2025-07-19T23:02:43.152293+0700,103.195.142.165,87.98.154.213,53,45053,UDP,flow,failed,455563605892021,,1,1,0,1437,0,0.0,1,1437,0,none,0,none,0,0,0,no_alert_unknown,no_alert_not_final_benign,-1,dns,port
2025-07-19T23:02:43.152348+0700,103.195.142.196,87.98.154.119,53,21189,UDP,flow,failed,589992924863509,,1,1,0,1437,0,0.0,1,1437,0,none,0,none,0,0,0,no_alert_unknown,no_alert_not_final_benign,-1,dns,port
2025-07-19T23:02:43.152366+0700,103.195.142.74,118.98.44.20,13059,53,UDP,flow,dns,470137210592283,,1,1,0,104,0,0.0,1,104,0,none,0,none,0,0,0,no_alert_unknown,no_alert_not_final_benign,-1,dns,app_proto+port
2025-07-19T23:02:43.152386+0700,103.195.142.83,87.98.154.119,53,4662,UDP,flow,failed,632991040527513,,1,1,0,1190,0,0.0,1,1190,0,none,0,none,0,0,0,no_alert_unknown,no_alert_not_final_benign,-1,dns,port
2025-07-19T23:02:43.152415+0700,103.195.142.83,87.98.154.119,53,50020,UDP,flow,failed,779589021916370,,1,1,0,1190,0,0.0,1,1190,0,none,0,none,0,0,0,no_alert_unknown,no_alert_not_final_benign,-1,dns,port
2025-07-19T23:02:43.152434+0700,103.195.142.74,118.98.44.100,63174,53,UDP,flow,dns,1044636512738692,,1,1,0,214,0,0.0,1,214,0,none,0,none,0,0,0,no_alert_unknown,no_alert_not_final_benign,-1,dns,app_proto+port
2025-07-19T23:02:43.152510+0700,103.195.142.83,87.98.154.119,53,31662,UDP,flow,failed,1067322227482190,,1,1,0,1190,0,0.0,1,1190,0,none,0,none,0,0,0,no_alert_unknown,no_alert_not_final_benign,-1,dns,port
2025-07-19T23:02:43.152529+0700,103.195.142.165,87.98.154.157,53,56016,UDP,flow,failed,1109575375118047,,1,1,0,1437,0,0.0,1,1437,0,none,0,none,0,0,0,no_alert_unknown,no_alert_not_final_benign,-1,dns,port
2025-07-19T23:02:43.152643+0700,103.195.142.76,87.98.154.119,53,27968,UDP,flow,failed,535516110577640,,1,1,0,1469,0,0.0,1,1469,0,none,0,none,0,0,0,no_alert_unknown,no_alert_not_final_benign,-1,dns,port
2025-07-19T23:02:43.152663+0700,103.195.142.76,87.98.154.30,53,41420,UDP,flow,failed,559004761710890,,1,3,0,4407,0,10.0,3,4407,0,none,0,none,0,0,0,no_alert_unknown,no_alert_not_final_benign,-1,dns,port
2025-07-19T23:02:43.152681+0700,103.195.142.2,172.253.236.218,53,40471,UDP,flow,failed,697279355478350,,1,1,0,160,0,0.0,1,160,0,none,0,none,0,0,0,no_alert_unknown,no_alert_not_final_benign,-1,dns,port
2025-07-19T23:02:43.152700+0700,103.195.142.74,118.98.44.50,26104,53,UDP,flow,dns,751393328587213,,1,1,0,214,0,0.0,1,214,0,none,0,none,0,0,0,no_alert_unknown,no_alert_not_final_benign,-1,dns,app_proto+port
2025-07-19T23:02:43.152721+0700,103.195.142.2,180.241.27.131,53,9409,UDP,flow,failed,598946883166677,,1,1,0,192,0,0.0,1,192,0,none,0,none,0,0,0,no_alert_unknown,no_alert_not_final_benign,-1,dns,port
2025-07-19T23:02:43.152745+0700,103.195.142.2,118.98.101.74,53,52173,UDP,flow,failed,834733291397738,,1,1,0,192,0,0.0,1,192,0,none,0,none,0,0,0,no_alert_unknown,no_alert_not_final_benign,-1,dns,port
2025-07-19T23:02:43.152824+0700,103.195.142.196,87.98.154.61,53,54803,UDP,flow,failed,838528486990749,,1,1,0,1437,0,0.0,1,1437,0,none,0,none,0,0,0,no_alert_unknown,no_alert_not_final_benign,-1,dns,port
2025-07-19T23:02:43.152844+0700,103.195.142.109,87.98.154.81,53,43904,UDP,flow,failed,574890352894912,,1,1,0,1437,0,0.0,1,1437,0,none,0,none,0,0,0,no_alert_unknown,no_alert_not_final_benign,-1,dns,port
2025-07-19T23:02:43.152862+0700,103.195.142.76,87.98.154.114,53,56821,UDP,flow,failed,995082584187873,,1,1,0,1469,0,0.0,1,1469,0,none,0,none,0,0,0,no_alert_unknown,no_alert_not_final_benign,-1,dns,port
2025-07-19T23:02:43.152886+0700,103.195.142.196,87.98.154.119,53,23877,UDP,flow,failed,701071854593323,,1,1,0,1437,0,0.0,1,1437,0,none,0,none,0,0,0,no_alert_unknown,no_alert_not_final_benign,-1,dns,port
2025-07-19T23:02:43.152906+0700,103.195.142.109,87.98.154.81,53,38221,UDP,flow,failed,631208796742979,,1,1,0,1437,0,0.0,1,1437,0,none,0,none,0,0,0,no_alert_unknown,no_alert_not_final_benign,-1,dns,port
2025-07-19T23:02:43.152925+0700,103.195.142.76,87.98.154.119,53,9899,UDP,flow,failed,672740175308292,,1,1,0,1469,0,0.0,1,1469,0,none,0,none,0,0,0,no_alert_unknown,no_alert_not_final_benign,-1,dns,port
2025-07-19T23:02:43.152969+0700,103.195.142.46,87.98.154.119,53,54820,UDP,flow,failed,423204111115943,,1,1,0,1437,0,0.0,1,1437,0,none,0,none,0,0,0,no_alert_unknown,no_alert_not_final_benign,-1,dns,port
2025-07-19T23:02:43.153036+0700,103.195.142.75,34.8.196.142,6885,53,UDP,flow,dns,620200805721991,,1,1,0,225,0,0.0,1,225,0,none,0,none,0,0,0,no_alert_unknown,no_alert_not_final_benign,-1,dns,app_proto+port
2025-07-19T23:02:43.153144+0700,103.195.142.83,87.98.154.246,53,38453,UDP,flow,failed,1109813307041889,,1,1,0,1190,0,0.0,1,1190,0,none,0,none,0,0,0,no_alert_unknown,no_alert_not_final_benign,-1,dns,port
2025-07-19T23:02:43.153188+0700,103.195.142.83,87.98.154.46,53,26855,UDP,flow,failed,342765735569615,,1,1,0,1190,0,0.0,1,1190,0,none,0,none,0,0,0,no_alert_unknown,no_alert_not_final_benign,-1,dns,port
2025-07-19T23:02:43.153206+0700,103.195.142.76,87.98.154.2,53,2131,UDP,flow,failed,1055618215307575,,1,1,0,1469,0,0.0,1,1469,0,none,0,none,0,0,0,no_alert_unknown,no_alert_not_final_benign,-1,dns,port
2025-07-19T23:02:43.153225+0700,103.195.142.76,87.98.154.119,53,36798,UDP,flow,failed,742648916273505,,1,1,0,1469,0,0.0,1,1469,0,none,0,none,0,0,0,no_alert_unknown,no_alert_not_final_benign,-1,dns,port
2025-07-19T23:02:43.153243+0700,103.195.142.83,87.98.154.119,53,18345,UDP,flow,failed,792564958161265,,1,1,0,1190,0,0.0,1,1190,0,none,0,none,0,0,0,no_alert_unknown,no_alert_not_final_benign,-1,dns,port
2025-07-19T23:02:43.153261+0700,103.195.142.74,202.134.0.155,6946,53,UDP,flow,dns,305554239122004,,1,1,0,196,0,0.0,1,196,0,none,0,none,0,0,0,no_alert_unknown,no_alert_not_final_benign,-1,dns,app_proto+port
2025-07-19T23:02:43.153357+0700,103.195.142.46,87.98.154.167,53,51168,UDP,flow,failed,366400152333720,,1,1,0,1437,0,0.0,1,1437,0,none,0,none,0,0,0,no_alert_unknown,no_alert_not_final_benign,-1,dns,port
2025-07-19T23:02:43.153377+0700,103.195.142.75,8.8.8.8,54794,53,UDP,flow,dns,807604056092071,,1,1,0,214,0,0.0,1,214,0,none,0,none,0,0,0,no_alert_unknown,no_alert_not_final_benign,-1,dns,app_proto+port
2025-07-19T23:02:43.153401+0700,103.195.142.109,87.98.154.217,53,6568,UDP,flow,failed,1010617080802754,,1,1,0,1437,0,0.0,1,1437,0,none,0,none,0,0,0,no_alert_unknown,no_alert_not_final_benign,-1,dns,port
2025-07-19T23:02:43.153457+0700,103.195.142.83,87.98.154.222,53,14914,UDP,flow,failed,329263823646191,,1,1,0,1190,0,0.0,1,1190,0,none,0,none,0,0,0,no_alert_unknown,no_alert_not_final_benign,-1,dns,port
2025-07-19T23:02:43.153476+0700,103.195.142.2,172.253.236.215,53,59295,UDP,flow,failed,441579026902512,,1,1,0,269,0,0.0,1,269,0,none,0,none,0,0,0,no_alert_unknown,no_alert_not_final_benign,-1,dns,port
2025-07-19T23:02:43.153495+0700,103.195.142.74,118.98.44.100,60805,53,UDP,flow,dns,1104817276644934,,1,1,0,75,0,0.0,1,75,0,none,0,none,0,0,0,no_alert_unknown,no_alert_not_final_benign,-1,dns,app_proto+port
2025-07-19T23:02:43.153514+0700,103.195.142.196,87.98.154.118,53,38314,UDP,flow,failed,419878772338356,,1,1,0,1437,0,0.0,1,1437,0,none,0,none,0,0,0,no_alert_unknown,no_alert_not_final_benign,-1,dns,port
2025-07-19T23:02:43.153533+0700,103.195.142.195,87.98.154.156,53,62411,UDP,flow,failed,911531952959297,,1,1,0,1437,0,0.0,1,1437,0,none,0,none,0,0,0,no_alert_unknown,no_alert_not_final_benign,-1,dns,port
2025-07-19T23:02:43.153557+0700,103.195.142.74,118.98.44.20,4469,53,UDP,flow,dns,1077306537602902,,1,1,0,94,0,0.0,1,94,0,none,0,none,0,0,0,no_alert_unknown,no_alert_not_final_benign,-1,dns,app_proto+port
2025-07-19T23:02:43.153600+0700,103.195.142.31,8.8.8.8,53410,53,UDP,flow,dns,887857746931605,,1,1,0,78,0,0.0,1,78,0,none,0,none,0,0,0,no_alert_unknown,no_alert_not_final_benign,-1,dns,app_proto+port
2025-07-19T23:02:43.153656+0700,103.195.142.46,87.98.154.255,53,26150,UDP,flow,failed,383080366927987,,1,1,0,1437,0,0.0,1,1437,0,none,0,none,0,0,0,no_alert_unknown,no_alert_not_final_benign,-1,dns,port
2025-07-19T23:02:43.153676+0700,103.195.142.196,87.98.154.119,53,36672,UDP,flow,failed,855791374823627,,1,1,0,1437,0,0.0,1,1437,0,none,0,none,0,0,0,no_alert_unknown,no_alert_not_final_benign,-1,dns,port
2025-07-19T23:02:43.153694+0700,103.195.142.195,87.98.154.119,53,16302,UDP,flow,failed,470049085255923,,1,1,0,1437,0,0.0,1,1437,0,none,0,none,0,0,0,no_alert_unknown,no_alert_not_final_benign,-1,dns,port
2025-07-19T23:02:43.153761+0700,103.195.142.196,87.98.154.113,53,22762,UDP,flow,failed,1106350537241027,,1,1,0,1437,0,0.0,1,1437,0,none,0,none,0,0,0,no_alert_unknown,no_alert_not_final_benign,-1,dns,port
2025-07-19T23:02:43.153780+0700,103.195.142.195,87.98.154.119,53,33455,UDP,flow,failed,769798565065193,,1,1,0,1437,0,0.0,1,1437,0,none,0,none,0,0,0,no_alert_unknown,no_alert_not_final_benign,-1,dns,port
2025-07-19T23:02:43.153798+0700,103.195.142.2,172.253.251.52,53,46059,UDP,flow,failed,1022376560685597,,1,1,0,212,0,0.0,1,212,0,none,0,none,0,0,0,no_alert_unknown,no_alert_not_final_benign,-1,dns,port
2025-07-19T23:02:43.153817+0700,103.195.142.74,202.134.0.155,20775,53,UDP,flow,dns,626704916542051,,1,1,0,214,0,0.0,1,214,0,none,0,none,0,0,0,no_alert_unknown,no_alert_not_final_benign,-1,dns,app_proto+port
2025-07-19T23:02:43.153836+0700,103.195.142.196,87.98.154.119,53,52632,UDP,flow,failed,314851415749272,,1,1,0,1437,0,0.0,1,1437,0,none,0,none,0,0,0,no_alert_unknown,no_alert_not_final_benign,-1,dns,port
2025-07-19T23:02:43.153855+0700,103.195.142.109,87.98.154.137,53,7511,UDP,flow,failed,301164195541748,,1,1,0,1437,0,0.0,1,1437,0,none,0,none,0,0,0,no_alert_unknown,no_alert_not_final_benign,-1,dns,port
2025-07-19T23:02:43.153903+0700,103.195.142.46,87.98.154.119,53,34556,UDP,flow,failed,681078068867839,,1,1,0,1437,0,0.0,1,1437,0,none,0,none,0,0,0,no_alert_unknown,no_alert_not_final_benign,-1,dns,port
2025-07-19T23:02:43.153963+0700,103.195.142.109,87.98.154.25,53,44489,UDP,flow,failed,2234010177303585,,1,3,0,4311,0,10.0,3,4311,0,none,0,none,0,0,0,no_alert_unknown,no_alert_not_final_benign,-1,dns,port
2025-07-19T23:02:43.153982+0700,103.195.142.74,118.98.44.100,29621,53,UDP,flow,dns,303175528477767,,1,1,0,114,0,0.0,1,114,0,none,0,none,0,0,0,no_alert_unknown,no_alert_not_final_benign,-1,dns,app_proto+port
2025-07-19T23:02:43.154010+0700,103.195.142.46,87.98.154.199,53,57327,UDP,flow,failed,979940629214313,,1,1,0,1437,0,0.0,1,1437,0,none,0,none,0,0,0,no_alert_unknown,no_alert_not_final_benign,-1,dns,port
2025-07-19T23:02:43.154030+0700,103.195.142.165,87.98.154.57,53,17299,UDP,flow,failed,396728689292420,,1,1,0,1437,0,0.0,1,1437,0,none,0,none,0,0,0,no_alert_unknown,no_alert_not_final_benign,-1,dns,port
2025-07-19T23:02:43.154062+0700,103.195.142.76,87.98.154.106,53,12450,UDP,flow,failed,436268314850446,,1,1,0,1469,0,0.0,1,1469,0,none,0,none,0,0,0,no_alert_unknown,no_alert_not_final_benign,-1,dns,port
2025-07-19T23:02:43.154081+0700,103.195.142.3,180.241.27.137,53,11233,UDP,flow,failed,668927278838940,,1,1,0,132,0,0.0,1,132,0,none,0,none,0,0,0,no_alert_unknown,no_alert_not_final_benign,-1,dns,port
2025-07-19T23:02:43.154125+0700,103.195.142.83,87.98.154.138,53,12824,UDP,flow,failed,1097320059827425,,1,1,0,1190,0,0.0,1,1190,0,none,0,none,0,0,0,no_alert_unknown,no_alert_not_final_benign,-1,dns,port
2025-07-19T23:02:43.154167+0700,103.195.142.74,118.98.44.50,14370,53,UDP,flow,dns,927722704401719,,1,1,0,214,0,0.0,1,214,0,none,0,none,0,0,0,no_alert_unknown,no_alert_not_final_benign,-1,dns,app_proto+port
2025-07-19T23:02:43.154210+0700,103.195.142.2,3.228.173.15,53,4891,UDP,flow,failed,699624368239960,,1,1,0,190,0,0.0,1,190,0,none,0,none,0,0,0,no_alert_unknown,no_alert_not_final_benign,-1,dns,port
2025-07-19T23:02:43.154322+0700,103.195.142.74,118.98.44.20,60814,53,UDP,flow,dns,844025289242270,,1,1,0,74,0,0.0,1,74,0,none,0,none,0,0,0,no_alert_unknown,no_alert_not_final_benign,-1,dns,app_proto+port
2025-07-19T23:02:43.154343+0700,103.195.142.165,87.98.154.97,53,15900,UDP,flow,failed,305936753096365,,1,1,0,1437,0,0.0,1,1437,0,none,0,none,0,0,0,no_alert_unknown,no_alert_not_final_benign,-1,dns,port
2025-07-19T23:02:43.154361+0700,103.195.142.46,87.98.154.117,53,44947,UDP,flow,failed,814681430095561,,1,1,0,1437,0,0.0,1,1437,0,none,0,none,0,0,0,no_alert_unknown,no_alert_not_final_benign,-1,dns,port
2025-07-19T23:02:43.154385+0700,103.195.142.75,8.8.8.8,28407,53,UDP,flow,dns,305889869363001,,1,1,0,238,0,0.0,1,238,0,none,0,none,0,0,0,no_alert_unknown,no_alert_not_final_benign,-1,dns,app_proto+port
2025-07-19T23:02:43.154405+0700,103.195.142.74,118.98.44.50,64295,53,UDP,flow,dns,556804758501187,,1,1,0,68,0,0.0,1,68,0,none,0,none,0,0,0,no_alert_unknown,no_alert_not_final_benign,-1,dns,app_proto+port
2025-07-19T23:02:43.154424+0700,103.195.142.2,13.105.68.212,53,62744,UDP,flow,failed,649971681458025,,1,1,0,178,0,0.0,1,178,0,none,0,none,0,0,0,no_alert_unknown,no_alert_not_final_benign,-1,dns,port
2025-07-19T23:02:43.154464+0700,103.195.142.74,34.8.196.142,14273,53,UDP,flow,dns,1035850618632171,,1,1,0,225,0,0.0,1,225,0,none,0,none,0,0,0,no_alert_unknown,no_alert_not_final_benign,-1,dns,app_proto+port
2025-07-19T23:02:43.154483+0700,103.195.142.74,118.98.44.100,7882,53,UDP,flow,dns,471837091952794,,1,1,0,196,0,0.0,1,196,0,none,0,none,0,0,0,no_alert_unknown,no_alert_not_final_benign,-1,dns,app_proto+port
2025-07-19T23:02:43.154503+0700,103.195.142.109,87.98.154.13,53,31724,UDP,flow,failed,582270141528386,,1,1,0,1437,0,0.0,1,1437,0,none,0,none,0,0,0,no_alert_unknown,no_alert_not_final_benign,-1,dns,port
2025-07-19T23:02:43.154522+0700,103.195.142.74,202.134.0.155,24464,53,UDP,flow,dns,583201139194202,,1,1,0,214,0,0.0,1,214,0,none,0,none,0,0,0,no_alert_unknown,no_alert_not_final_benign,-1,dns,app_proto+port
2025-07-19T23:02:43.154546+0700,103.195.142.75,8.8.8.8,33709,53,UDP,flow,dns,741759867681160,,1,1,0,75,0,0.0,1,75,0,none,0,none,0,0,0,no_alert_unknown,no_alert_not_final_benign,-1,dns,app_proto+port
2025-07-19T23:02:43.154589+0700,103.195.142.74,118.98.44.50,4947,53,UDP,flow,dns,1100170012981935,,1,1,0,214,0,0.0,1,214,0,none,0,none,0,0,0,no_alert_unknown,no_alert_not_final_benign,-1,dns,app_proto+port
2025-07-19T23:02:43.154650+0700,103.195.142.74,118.98.44.100,50425,53,UDP,flow,dns,318362121534154,,1,1,0,196,0,0.0,1,196,0,none,0,none,0,0,0,no_alert_unknown,no_alert_not_final_benign,-1,dns,app_proto+port
2025-07-19T23:02:43.154694+0700,103.195.142.76,87.98.154.226,53,8446,UDP,flow,failed,490732989119442,,1,1,0,1469,0,0.0,1,1469,0,none,0,none,0,0,0,no_alert_unknown,no_alert_not_final_benign,-1,dns,port
2025-07-19T23:02:43.154818+0700,103.195.142.74,202.134.0.155,2205,53,UDP,flow,dns,656037235785039,,1,1,0,214,0,0.0,1,214,0,none,0,none,0,0,0,no_alert_unknown,no_alert_not_final_benign,-1,dns,app_proto+port
2025-07-19T23:02:43.154882+0700,103.195.142.74,118.98.44.50,6815,53,UDP,flow,dns,966066285903242,,1,1,0,81,0,0.0,1,81,0,none,0,none,0,0,0,no_alert_unknown,no_alert_not_final_benign,-1,dns,app_proto+port
2025-07-19T23:02:43.154902+0700,103.195.142.46,87.98.154.75,53,36794,UDP,flow,failed,413037051837947,,1,1,0,1437,0,0.0,1,1437,0,none,0,none,0,0,0,no_alert_unknown,no_alert_not_final_benign,-1,dns,port
2025-07-19T23:02:43.154971+0700,103.195.142.76,87.98.154.119,53,27289,UDP,flow,failed,1072079124168475,,1,1,0,1469,0,0.0,1,1469,0,none,0,none,0,0,0,no_alert_unknown,no_alert_not_final_benign,-1,dns,port
2025-07-19T23:02:43.154989+0700,103.195.142.76,87.98.154.58,53,1620,UDP,flow,failed,425499602190201,,1,1,0,1469,0,0.0,1,1469,0,none,0,none,0,0,0,no_alert_unknown,no_alert_not_final_benign,-1,dns,port
2025-07-19T23:02:43.155008+0700,103.195.142.76,87.98.154.119,53,51888,UDP,flow,failed,628433888804810,,1,1,0,1469,0,0.0,1,1469,0,none,0,none,0,0,0,no_alert_unknown,no_alert_not_final_benign,-1,dns,port
2025-07-19T23:02:43.155026+0700,103.195.142.76,87.98.154.118,53,63124,UDP,flow,failed,506932959772653,,1,1,0,1469,0,0.0,1,1469,0,none,0,none,0,0,0,no_alert_unknown,no_alert_not_final_benign,-1,dns,port
2025-07-19T23:02:43.155045+0700,103.195.142.2,180.241.27.147,53,5773,UDP,flow,failed,687103810732229,,1,1,0,192,0,0.0,1,192,0,none,0,none,0,0,0,no_alert_unknown,no_alert_not_final_benign,-1,dns,port
2025-07-19T23:02:43.155078+0700,103.195.142.109,87.98.154.118,53,31492,UDP,flow,failed,345519423422848,,1,1,0,1437,0,0.0,1,1437,0,none,0,none,0,0,0,no_alert_unknown,no_alert_not_final_benign,-1,dns,port
2025-07-19T23:02:43.155115+0700,103.195.142.165,87.98.154.69,53,55150,UDP,flow,failed,813281004749194,,1,1,0,1437,0,0.0,1,1437,0,none,0,none,0,0,0,no_alert_unknown,no_alert_not_final_benign,-1,dns,port
2025-07-19T23:02:43.155195+0700,103.195.142.109,87.98.154.118,53,25187,UDP,flow,failed,639344472949395,,1,1,0,1437,0,0.0,1,1437,0,none,0,none,0,0,0,no_alert_unknown,no_alert_not_final_benign,-1,dns,port
2025-07-19T23:02:43.155241+0700,103.195.142.76,87.98.154.119,53,57331,UDP,flow,failed,556962292630182,,1,1,0,1469,0,0.0,1,1469,0,none,0,none,0,0,0,no_alert_unknown,no_alert_not_final_benign,-1,dns,port
2025-07-19T23:02:43.155387+0700,103.195.142.74,118.98.44.50,11913,53,UDP,flow,dns,639624528397747,,1,1,0,214,0,0.0,1,214,0,none,0,none,0,0,0,no_alert_unknown,no_alert_not_final_benign,-1,dns,app_proto+port
2025-07-19T23:02:43.155421+0700,103.195.142.74,118.98.44.50,9149,53,UDP,flow,dns,577037446284790,,1,1,0,85,0,0.0,1,85,0,none,0,none,0,0,0,no_alert_unknown,no_alert_not_final_benign,-1,dns,app_proto+port
2025-07-19T23:02:43.155475+0700,103.195.142.165,87.98.154.41,53,23385,UDP,flow,failed,855555652454116,,1,1,0,1437,0,0.0,1,1437,0,none,0,none,0,0,0,no_alert_unknown,no_alert_not_final_benign,-1,dns,port
2025-07-19T23:02:43.155538+0700,103.195.142.195,87.98.154.124,53,50268,UDP,flow,failed,402251716429727,,1,1,0,1437,0,0.0,1,1437,0,none,0,none,0,0,0,no_alert_unknown,no_alert_not_final_benign,-1,dns,port
2025-07-19T23:02:43.155588+0700,103.195.142.195,87.98.154.68,53,22095,UDP,flow,failed,605049862817824,,1,1,0,1437,0,0.0,1,1437,0,none,0,none,0,0,0,no_alert_unknown,no_alert_not_final_benign,-1,dns,port
2025-07-19T23:02:43.155641+0700,103.195.142.74,118.98.44.20,62972,53,UDP,flow,dns,603712934447233,,1,1,0,178,0,0.0,1,178,0,none,0,none,0,0,0,no_alert_unknown,no_alert_not_final_benign,-1,dns,app_proto+port
2025-07-19T23:02:43.155696+0700,103.195.142.74,118.98.44.50,53645,53,UDP,flow,dns,395076693067970,,1,1,0,68,0,0.0,1,68,0,none,0,none,0,0,0,no_alert_unknown,no_alert_not_final_benign,-1,dns,app_proto+port
2025-07-19T23:02:43.155732+0700,103.195.142.196,87.98.154.119,53,12135,UDP,flow,failed,569455217412301,,1,1,0,1437,0,0.0,1,1437,0,none,0,none,0,0,0,no_alert_unknown,no_alert_not_final_benign,-1,dns,port
2025-07-19T23:02:43.155770+0700,103.195.142.196,87.98.154.233,53,34096,UDP,flow,failed,710438436473138,,1,1,0,1437,0,0.0,1,1437,0,none,0,none,0,0,0,no_alert_unknown,no_alert_not_final_benign,-1,dns,port
2025-07-19T23:02:43.155802+0700,103.195.142.74,118.98.44.20,28855,53,UDP,flow,dns,1057621044562260,,1,1,0,80,0,0.0,1,80,0,none,0,none,0,0,0,no_alert_unknown,no_alert_not_final_benign,-1,dns,app_proto+port
2025-07-19T23:02:43.155824+0700,103.195.142.165,87.98.154.69,53,42476,UDP,flow,failed,612015158790508,,1,1,0,1437,0,0.0,1,1437,0,none,0,none,0,0,0,no_alert_unknown,no_alert_not_final_benign,-1,dns,port
2025-07-19T23:02:43.155843+0700,103.195.142.46,87.98.154.119,53,19224,UDP,flow,failed,487611080247668,,1,1,0,1437,0,0.0,1,1437,0,none,0,none,0,0,0,no_alert_unknown,no_alert_not_final_benign,-1,dns,port
2025-07-19T23:02:43.155881+0700,103.195.142.109,87.98.154.25,53,28094,UDP,flow,failed,892648707328377,,1,1,0,1437,0,0.0,1,1437,0,none,0,none,0,0,0,no_alert_unknown,no_alert_not_final_benign,-1,dns,port
2025-07-19T23:02:43.155940+0700,103.195.142.75,8.8.8.8,25694,53,UDP,flow,dns,471758836796096,,1,1,0,104,0,0.0,1,104,0,none,0,none,0,0,0,no_alert_unknown,no_alert_not_final_benign,-1,dns,app_proto+port
2025-07-19T23:02:43.156003+0700,103.195.142.83,87.98.154.166,53,38634,UDP,flow,failed,572008121174795,,1,1,0,1190,0,0.0,1,1190,0,none,0,none,0,0,0,no_alert_unknown,no_alert_not_final_benign,-1,dns,port
2025-07-19T23:02:43.156053+0700,103.195.142.76,87.98.154.119,53,52403,UDP,flow,failed,846021975608134,,1,1,0,1469,0,0.0,1,1469,0,none,0,none,0,0,0,no_alert_unknown,no_alert_not_final_benign,-1,dns,port
2025-07-19T23:02:43.156072+0700,103.195.142.196,87.98.154.33,53,4125,UDP,flow,failed,580761205017653,,1,1,0,1437,0,0.0,1,1437,0,none,0,none,0,0,0,no_alert_unknown,no_alert_not_final_benign,-1,dns,port
2025-07-19T23:02:43.156091+0700,103.195.142.76,87.98.154.198,53,44510,UDP,flow,failed,447539703843986,,1,1,0,1469,0,0.0,1,1469,0,none,0,none,0,0,0,no_alert_unknown,no_alert_not_final_benign,-1,dns,port
2025-07-19T23:02:43.156132+0700,103.195.142.195,87.98.154.12,53,30890,UDP,flow,failed,894794986622144,,1,1,0,1437,0,0.0,1,1437,0,none,0,none,0,0,0,no_alert_unknown,no_alert_not_final_benign,-1,dns,port
2025-07-19T23:02:43.156168+0700,103.195.142.74,118.98.44.100,29002,53,UDP,flow,dns,1035111155109063,,1,1,0,214,0,0.0,1,214,0,none,0,none,0,0,0,no_alert_unknown,no_alert_not_final_benign,-1,dns,app_proto+port
2025-07-19T23:02:43.156189+0700,103.195.142.76,87.98.154.142,53,53867,UDP,flow,failed,845886709632208,,1,1,0,1469,0,0.0,1,1469,0,none,0,none,0,0,0,no_alert_unknown,no_alert_not_final_benign,-1,dns,port
2025-07-19T23:02:43.156210+0700,103.195.142.2,3.209.85.19,53,37562,UDP,flow,failed,826674691837166,,1,1,0,147,0,0.0,1,147,0,none,0,none,0,0,0,no_alert_unknown,no_alert_not_final_benign,-1,dns,port
2025-07-19T23:02:43.156335+0700,103.195.142.31,8.8.8.8,27999,53,UDP,flow,dns,376409801887270,,1,1,0,88,0,0.0,1,88,0,none,0,none,0,0,0,no_alert_unknown,no_alert_not_final_benign,-1,dns,app_proto+port
2025-07-19T23:02:43.156359+0700,103.195.142.83,87.98.154.138,53,51330,UDP,flow,failed,453499380961196,,1,1,0,1190,0,0.0,1,1190,0,none,0,none,0,0,0,no_alert_unknown,no_alert_not_final_benign,-1,dns,port
2025-07-19T23:02:43.156403+0700,103.195.142.2,74.114.31.150,53,46402,UDP,flow,failed,683946711846865,,1,1,0,214,0,0.0,1,214,0,none,0,none,0,0,0,no_alert_unknown,no_alert_not_final_benign,-1,dns,port
2025-07-19T23:02:43.156428+0700,103.195.142.74,118.98.44.100,47435,53,UDP,flow,dns,597259953573908,,1,1,0,85,0,0.0,1,85,0,none,0,none,0,0,0,no_alert_unknown,no_alert_not_final_benign,-1,dns,app_proto+port
2025-07-19T23:02:43.156470+0700,103.195.142.74,118.98.44.100,37076,53,UDP,flow,dns,889354940583992,,1,1,0,81,0,0.0,1,81,0,none,0,none,0,0,0,no_alert_unknown,no_alert_not_final_benign,-1,dns,app_proto+port
2025-07-19T23:02:43.156496+0700,103.195.142.196,87.98.154.149,53,39731,UDP,flow,failed,62834834870345,,1,3,0,4311,0,9.0,3,4311,0,none,0,none,0,0,0,no_alert_unknown,no_alert_not_final_benign,-1,dns,port
2025-07-19T23:02:43.156518+0700,103.195.142.109,87.98.154.119,53,4681,UDP,flow,failed,670577324724354,,1,1,0,1437,0,0.0,1,1437,0,none,0,none,0,0,0,no_alert_unknown,no_alert_not_final_benign,-1,dns,port
2025-07-19T23:02:43.156540+0700,103.195.142.75,8.8.8.8,41860,53,UDP,flow,dns,566851879768277,,1,1,0,75,0,0.0,1,75,0,none,0,none,0,0,0,no_alert_unknown,no_alert_not_final_benign,-1,dns,app_proto+port
2025-07-19T23:02:43.156560+0700,103.195.142.109,87.98.154.119,53,20450,UDP,flow,failed,976580094660825,,1,1,0,1437,0,0.0,1,1437,0,none,0,none,0,0,0,no_alert_unknown,no_alert_not_final_benign,-1,dns,port
2025-07-19T23:02:43.156583+0700,103.195.142.165,87.98.154.119,53,22308,UDP,flow,failed,356121401954522,,1,1,0,1437,0,0.0,1,1437,0,none,0,none,0,0,0,no_alert_unknown,no_alert_not_final_benign,-1,dns,port
2025-07-19T23:02:43.156605+0700,103.195.142.74,118.98.44.20,44334,53,UDP,flow,dns,866086377623825,,1,1,0,178,0,0.0,1,178,0,none,0,none,0,0,0,no_alert_unknown,no_alert_not_final_benign,-1,dns,app_proto+port
2025-07-19T23:02:43.156632+0700,103.195.142.165,87.98.154.41,53,48582,UDP,flow,failed,940088154526039,,1,1,0,1437,0,0.0,1,1437,0,none,0,none,0,0,0,no_alert_unknown,no_alert_not_final_benign,-1,dns,port
2025-07-19T23:02:43.156652+0700,103.195.142.76,87.98.154.78,53,57573,UDP,flow,failed,675181710938504,,1,1,0,1469,0,0.0,1,1469,0,none,0,none,0,0,0,no_alert_unknown,no_alert_not_final_benign,-1,dns,port
2025-07-19T23:02:43.156671+0700,103.195.142.46,87.98.154.139,53,45112,UDP,flow,failed,688764258620024,,1,1,0,1437,0,0.0,1,1437,0,none,0,none,0,0,0,no_alert_unknown,no_alert_not_final_benign,-1,dns,port
2025-07-19T23:02:43.156715+0700,103.195.142.109,87.98.154.109,53,50733,UDP,flow,failed,1037601934414646,,1,1,0,1437,0,0.0,1,1437,0,none,0,none,0,0,0,no_alert_unknown,no_alert_not_final_benign,-1,dns,port
2025-07-19T23:02:43.156754+0700,103.195.142.74,118.98.44.20,59597,53,UDP,flow,dns,1057278644720543,,1,1,0,68,0,0.0,1,68,0,none,0,none,0,0,0,no_alert_unknown,no_alert_not_final_benign,-1,dns,app_proto+port
2025-07-19T23:02:43.156794+0700,103.195.142.74,118.98.44.100,56264,53,UDP,flow,dns,676059875513706,,1,1,0,81,0,0.0,1,81,0,none,0,none,0,0,0,no_alert_unknown,no_alert_not_final_benign,-1,dns,app_proto+port
2025-07-19T23:02:43.156884+0700,103.195.142.195,87.98.154.119,53,57248,UDP,flow,failed,892679410292496,,1,1,0,1437,0,0.0,1,1437,0,none,0,none,0,0,0,no_alert_unknown,no_alert_not_final_benign,-1,dns,port
2025-07-19T23:02:43.156915+0700,103.195.142.3,13.251.250.246,53,57933,UDP,flow,failed,812863202858861,,1,1,0,174,0,0.0,1,174,0,none,0,none,0,0,0,no_alert_unknown,no_alert_not_final_benign,-1,dns,port
2025-07-19T23:02:43.156970+0700,103.195.142.74,202.134.0.155,16390,53,UDP,flow,dns,780786958211094,,1,1,0,81,0,0.0,1,81,0,none,0,none,0,0,0,no_alert_unknown,no_alert_not_final_benign,-1,dns,app_proto+port
2025-07-19T23:02:43.157127+0700,103.195.142.195,87.98.154.204,53,15182,UDP,flow,failed,1056984940091434,,1,1,0,1437,0,0.0,1,1437,0,none,0,none,0,0,0,no_alert_unknown,no_alert_not_final_benign,-1,dns,port
2025-07-19T23:02:43.157273+0700,103.195.142.196,87.98.154.119,53,22606,UDP,flow,failed,1025845739526562,,1,1,0,1437,0,0.0,1,1437,0,none,0,none,0,0,0,no_alert_unknown,no_alert_not_final_benign,-1,dns,port
2025-07-19T23:02:43.157315+0700,103.195.142.74,118.98.44.100,34860,53,UDP,flow,dns,610794683111940,,1,1,0,214,0,0.0,1,214,0,none,0,none,0,0,0,no_alert_unknown,no_alert_not_final_benign,-1,dns,app_proto+port
2025-07-19T23:02:43.157352+0700,103.195.142.74,202.134.0.155,32589,53,UDP,flow,dns,1056846868781682,,1,1,0,80,0,0.0,1,80,0,none,0,none,0,0,0,no_alert_unknown,no_alert_not_final_benign,-1,dns,app_proto+port
2025-07-19T23:02:43.157374+0700,103.195.142.46,87.98.154.119,53,51862,UDP,flow,failed,972100499413619,,1,1,0,1437,0,0.0,1,1437,0,none,0,none,0,0,0,no_alert_unknown,no_alert_not_final_benign,-1,dns,port
2025-07-19T23:02:43.157485+0700,103.195.142.109,87.98.154.53,53,54524,UDP,flow,failed,918968783739633,,1,1,0,1437,0,0.0,1,1437,0,none,0,none,0,0,0,no_alert_unknown,no_alert_not_final_benign,-1,dns,port
2025-07-19T23:02:43.157603+0700,103.195.142.74,202.134.0.155,20688,53,UDP,flow,dns,1103225174433643,,1,1,0,214,0,0.0,1,214,0,none,0,none,0,0,0,no_alert_unknown,no_alert_not_final_benign,-1,dns,app_proto+port
2025-07-19T23:02:43.157682+0700,103.195.142.76,87.98.154.119,53,6465,UDP,flow,failed,819540261150753,,1,1,0,1469,0,0.0,1,1469,0,none,0,none,0,0,0,no_alert_unknown,no_alert_not_final_benign,-1,dns,port
2025-07-19T23:02:43.157785+0700,103.195.142.74,118.98.44.20,15080,53,UDP,flow,dns,724950268387494,,1,1,0,214,0,0.0,1,214,0,none,0,none,0,0,0,no_alert_unknown,no_alert_not_final_benign,-1,dns,app_proto+port
2025-07-19T23:02:43.157807+0700,103.195.142.165,87.98.154.119,53,46648,UDP,flow,failed,643502844158130,,1,1,0,1437,0,0.0,1,1437,0,none,0,none,0,0,0,no_alert_unknown,no_alert_not_final_benign,-1,dns,port
2025-07-19T23:02:43.157829+0700,103.195.142.74,118.98.44.100,24005,53,UDP,flow,dns,611568218939620,,1,1,0,178,0,0.0,1,178,0,none,0,none,0,0,0,no_alert_unknown,no_alert_not_final_benign,-1,dns,app_proto+port
2025-07-19T23:02:43.157904+0700,103.195.142.196,87.98.154.119,53,37325,UDP,flow,failed,775680728506795,,1,1,0,1437,0,0.0,1,1437,0,none,0,none,0,0,0,no_alert_unknown,no_alert_not_final_benign,-1,dns,port
2025-07-19T23:02:43.157931+0700,103.185.193.21,1.1.1.1,39892,53,UDP,flow,dns,1054372015710687,,1,2,0,316,0,0.0,2,316,0,none,0,none,0,0,0,no_alert_unknown,no_alert_not_final_benign,-1,dns,app_proto+port
2025-07-19T23:02:43.157975+0700,103.195.142.2,192.178.115.80,53,33884,UDP,flow,failed,1032953024291422,,1,1,0,212,0,0.0,1,212,0,none,0,none,0,0,0,no_alert_unknown,no_alert_not_final_benign,-1,dns,port
2025-07-19T23:02:43.158012+0700,103.195.142.74,118.98.44.100,30779,53,UDP,flow,dns,1019181079405320,,1,1,0,250,0,0.0,1,250,0,none,0,none,0,0,0,no_alert_unknown,no_alert_not_final_benign,-1,dns,app_proto+port
2025-07-19T23:02:43.158205+0700,103.195.142.74,118.98.44.20,34002,53,UDP,flow,dns,866610515420911,,1,1,0,214,0,0.0,1,214,0,none,0,none,0,0,0,no_alert_unknown,no_alert_not_final_benign,-1,dns,app_proto+port
2025-07-19T23:02:43.158227+0700,103.195.142.74,118.98.44.100,10904,53,UDP,flow,dns,656566025987852,,1,1,0,178,0,0.0,1,178,0,none,0,none,0,0,0,no_alert_unknown,no_alert_not_final_benign,-1,dns,app_proto+port
2025-07-19T23:02:43.158274+0700,103.195.142.75,8.8.8.8,23614,53,UDP,flow,dns,1335443786770428,,1,1,0,68,0,0.0,1,68,0,none,0,none,0,0,0,no_alert_unknown,no_alert_not_final_benign,-1,dns,app_proto+port
2025-07-19T23:02:43.158294+0700,103.195.142.74,118.98.44.100,16159,53,UDP,flow,dns,883428495140864,,1,1,0,196,0,0.0,1,196,0,none,0,none,0,0,0,no_alert_unknown,no_alert_not_final_benign,-1,dns,app_proto+port
2025-07-19T23:02:43.168622+0700,103.195.142.74,202.134.0.155,35408,53,UDP,dns,,1005701598825130,wire/pcap,0,0,0,0,0,0.0,0,0,0,none,0,none,0,0,0,no_alert_unknown,no_alert_not_final_benign,-1,dns,port
2025-07-19T23:02:43.168718+0700,103.195.142.74,118.98.44.100,16072,53,UDP,dns,,1006116716378521,wire/pcap,0,0,0,0,0,0.0,0,0,0,none,0,none,0,0,0,no_alert_unknown,no_alert_not_final_benign,-1,dns,port
2025-07-19T23:02:43.168726+0700,103.195.142.75,8.8.8.8,49557,53,UDP,dns,,1006150694212110,wire/pcap,0,0,0,0,0,0.0,0,0,0,none,0,none,0,0,0,no_alert_unknown,no_alert_not_final_benign,-1,dns,port
2025-07-19T23:02:43.170499+0700,103.195.142.74,118.98.44.50,56428,53,UDP,dns,,1013763679854685,wire/pcap,0,0,0,0,0,0.0,0,0,0,none,0,none,0,0,0,no_alert_unknown,no_alert_not_final_benign,-1,dns,port
2025-07-19T23:02:43.174635+0700,103.195.142.74,202.134.0.155,37096,53,UDP,dns,,1031529667562879,wire/pcap,0,0,0,0,0,0.0,0,0,0,none,0,none,0,0,0,no_alert_unknown,no_alert_not_final_benign,-1,dns,port
2025-07-19T23:02:43.180527+0700,103.195.142.74,185.67.45.231,32058,53,UDP,dns,,1056833555668824,wire/pcap,0,0,0,0,0,0.0,0,0,0,none,0,none,0,0,0,no_alert_unknown,no_alert_not_final_benign,-1,dns,port
2025-07-19T23:02:43.198650+0700,103.195.142.74,202.134.0.155,21025,53,UDP,dns,,853197193399995,wire/pcap,0,0,0,0,0,0.0,0,0,0,none,0,none,0,0,0,no_alert_unknown,no_alert_not_final_benign,-1,dns,port
2025-07-19T23:02:43.199636+0700,103.195.142.74,118.98.44.20,32326,53,UDP,dns,,857432634145426,wire/pcap,0,0,0,0,0,0.0,0,0,0,none,0,none,0,0,0,no_alert_unknown,no_alert_not_final_benign,-1,dns,port
2025-07-19T23:02:43.209651+0700,103.195.142.74,118.98.44.20,43605,53,UDP,dns,,900448189604852,wire/pcap,0,0,0,0,0,0.0,0,0,0,none,0,none,0,0,0,no_alert_unknown,no_alert_not_final_benign,-1,dns,port
2025-07-19T23:02:43.229289+0700,103.195.142.74,202.134.0.155,24060,53,UDP,dns,,984789514339737,wire/pcap,0,0,0,0,0,0.0,0,0,0,none,0,none,0,0,0,no_alert_unknown,no_alert_not_final_benign,-1,dns,port
2025-07-19T23:02:43.235145+0700,103.195.142.108,8.8.8.8,15714,53,UDP,dns,,1009940879082365,wire/pcap,0,0,0,0,0,0.0,0,0,0,none,0,none,0,0,0,no_alert_unknown,no_alert_not_final_benign,-1,dns,port
2025-07-19T23:02:43.247917+0700,103.195.142.75,8.8.8.8,23694,53,UDP,dns,,1064798608351694,wire/pcap,0,0,0,0,0,0.0,0,0,0,none,0,none,0,0,0,no_alert_unknown,no_alert_not_final_benign,-1,dns,port
2025-07-19T23:02:43.248002+0700,103.195.142.74,118.98.44.100,54926,53,UDP,dns,,1065162408017269,wire/pcap,0,0,0,0,0,0.0,0,0,0,none,0,none,0,0,0,no_alert_unknown,no_alert_not_final_benign,-1,dns,port
2025-07-19T23:02:43.249319+0700,103.195.142.74,118.98.44.100,24927,53,UDP,dns,,1070817817014991,wire/pcap,0,0,0,0,0,0.0,0,0,0,none,0,none,0,0,0,no_alert_unknown,no_alert_not_final_benign,-1,dns,port
2025-07-19T23:02:43.260433+0700,103.195.142.75,8.8.8.8,1547,53,UDP,dns,,1118552586180854,wire/pcap,0,0,0,0,0,0.0,0,0,0,none,0,none,0,0,0,no_alert_unknown,no_alert_not_final_benign,-1,dns,port
2025-07-19T23:02:43.286616+0700,103.195.142.74,202.134.0.155,25226,53,UDP,dns,,949533184439257,wire/pcap,0,0,0,0,0,0.0,0,0,0,none,0,none,0,0,0,no_alert_unknown,no_alert_not_final_benign,-1,dns,port
2025-07-19T23:02:43.291084+0700,103.195.142.75,8.8.8.8,51463,53,UDP,dns,,968723391256975,wire/pcap,0,0,0,0,0,0.0,0,0,0,none,0,none,0,0,0,no_alert_unknown,no_alert_not_final_benign,-1,dns,port
2025-07-19T23:02:43.303314+0700,103.195.142.31,8.8.8.8,27708,53,UDP,dns,,1021250766893604,wire/pcap,0,0,0,0,0,0.0,0,0,0,none,0,none,0,0,0,no_alert_unknown,no_alert_not_final_benign,-1,dns,port
2025-07-19T23:02:43.308848+0700,103.195.142.74,118.98.44.100,27479,53,UDP,dns,,1045019544451114,wire/pcap,0,0,0,0,0,0.0,0,0,0,none,0,none,0,0,0,no_alert_unknown,no_alert_not_final_benign,-1,dns,port
2025-07-19T23:02:43.337237+0700,103.195.142.74,185.67.45.232,34430,53,UDP,dns,,885472270791421,wire/pcap,0,0,0,0,0,0.0,0,0,0,none,0,none,0,0,0,no_alert_unknown,no_alert_not_final_benign,-1,dns,port
2025-07-19T23:02:43.377379+0700,103.195.142.75,8.8.8.8,43134,53,UDP,dns,,1057883125795381,wire/pcap,0,0,0,0,0,0.0,0,0,0,none,0,none,0,0,0,no_alert_unknown,no_alert_not_final_benign,-1,dns,port
2025-07-19T23:02:43.397776+0700,103.195.142.196,87.98.154.149,53,29704,UDP,flow,failed,1332911511824726,,1,1,0,1437,0,0.0,1,1437,0,none,0,none,0,0,0,no_alert_unknown,no_alert_not_final_benign,-1,dns,port
2025-07-19T23:02:43.403088+0700,103.195.142.74,118.98.44.100,43147,53,UDP,dns,,886825379377887,wire/pcap,0,0,0,0,0,0.0,0,0,0,none,0,none,0,0,0,no_alert_unknown,no_alert_not_final_benign,-1,dns,port
2025-07-19T23:02:43.403171+0700,103.195.142.74,202.134.0.155,13380,53,UDP,dns,,887185416155165,wire/pcap,0,0,0,0,0,0.0,0,0,0,none,0,none,0,0,0,no_alert_unknown,no_alert_not_final_benign,-1,dns,port
2025-07-19T23:02:43.406567+0700,103.195.142.74,118.98.44.50,4516,53,UDP,dns,,901769060587892,wire/pcap,0,0,0,0,0,0.0,0,0,0,none,0,none,0,0,0,no_alert_unknown,no_alert_not_final_benign,-1,dns,port
2025-07-19T23:02:43.406660+0700,103.195.142.75,8.8.8.8,14803,53,UDP,dns,,902167128158012,wire/pcap,0,0,0,0,0,0.0,0,0,0,none,0,none,0,0,0,no_alert_unknown,no_alert_not_final_benign,-1,dns,port
2025-07-19T23:02:43.418194+0700,103.195.142.74,34.8.38.57,16402,53,UDP,dns,,951708527105468,wire/pcap,0,0,0,0,0,0.0,0,0,0,none,0,none,0,0,0,no_alert_unknown,no_alert_not_final_benign,-1,dns,port
2025-07-19T23:02:43.420728+0700,103.195.142.74,202.134.0.155,54300,53,UDP,dns,,962590895967755,wire/pcap,0,0,0,0,0,0.0,0,0,0,none,0,none,0,0,0,no_alert_unknown,no_alert_not_final_benign,-1,dns,port
2025-07-19T23:02:43.438374+0700,103.195.142.74,118.98.44.20,33640,53,UDP,dns,,1038377211981393,wire/pcap,0,0,0,0,0,0.0,0,0,0,none,0,none,0,0,0,no_alert_unknown,no_alert_not_final_benign,-1,dns,port
2025-07-19T23:02:43.444249+0700,103.195.142.74,34.8.196.142,63910,53,UDP,dns,,1063611375352322,wire/pcap,0,0,0,0,0,0.0,0,0,0,none,0,none,0,0,0,no_alert_unknown,no_alert_not_final_benign,-1,dns,port
2025-07-19T23:02:43.453765+0700,103.195.142.74,118.98.44.100,8208,53,UDP,dns,,1104481839787217,wire/pcap,0,0,0,0,0,0.0,0,0,0,none,0,none,0,0,0,no_alert_unknown,no_alert_not_final_benign,-1,dns,port
2025-07-19T23:02:43.459282+0700,103.195.142.74,118.98.44.50,42099,53,UDP,dns,,846702678671205,wire/pcap,0,0,0,0,0,0.0,0,0,0,none,0,none,0,0,0,no_alert_unknown,no_alert_not_final_benign,-1,dns,port
2025-07-19T23:02:43.470563+0700,103.195.142.75,8.8.8.8,57764,53,UDP,dns,,895155248142330,wire/pcap,0,0,0,0,0,0.0,0,0,0,none,0,none,0,0,0,no_alert_unknown,no_alert_not_final_benign,-1,dns,port
2025-07-19T23:02:43.470871+0700,103.195.142.75,216.38.8.121,43020,53,UDP,dns,,896475695470773,wire/pcap,0,0,0,0,0,0.0,0,0,0,none,0,none,0,0,0,no_alert_unknown,no_alert_not_final_benign,-1,dns,port
2025-07-19T23:02:43.492998+0700,103.195.142.74,118.98.44.50,15596,53,UDP,dns,,991514311160842,wire/pcap,0,0,0,0,0,0.0,0,0,0,none,0,none,0,0,0,no_alert_unknown,no_alert_not_final_benign,-1,dns,port
2025-07-19T23:02:43.496124+0700,103.195.142.74,202.134.0.155,29871,53,UDP,dns,,1004937203256302,wire/pcap,0,0,0,0,0,0.0,0,0,0,none,0,none,0,0,0,no_alert_unknown,no_alert_not_final_benign,-1,dns,port
2025-07-19T23:02:43.497584+0700,103.195.142.74,118.98.44.50,13606,53,UDP,dns,,1011210705906725,wire/pcap,0,0,0,0,0,0.0,0,0,0,none,0,none,0,0,0,no_alert_unknown,no_alert_not_final_benign,-1,dns,port
2025-07-19T23:02:43.543166+0700,103.195.142.74,118.98.44.20,13900,53,UDP,dns,,925507756306115,wire/pcap,0,0,0,0,0,0.0,0,0,0,none,0,none,0,0,0,no_alert_unknown,no_alert_not_final_benign,-1,dns,port
2025-07-19T23:02:43.548915+0700,103.195.142.75,8.8.8.8,50444,53,UDP,dns,,950200924422546,wire/pcap,0,0,0,0,0,0.0,0,0,0,none,0,none,0,0,0,no_alert_unknown,no_alert_not_final_benign,-1,dns,port
2025-07-19T23:02:43.587170+0700,103.195.142.74,118.98.44.50,10851,53,UDP,dns,,1114502747722651,wire/pcap,0,0,0,0,0,0.0,0,0,0,none,0,none,0,0,0,no_alert_unknown,no_alert_not_final_benign,-1,dns,port
2025-07-19T23:02:43.587986+0700,103.195.142.74,118.98.44.100,49613,53,UDP,dns,,1118008259264887,wire/pcap,0,0,0,0,0,0.0,0,0,0,none,0,none,0,0,0,no_alert_unknown,no_alert_not_final_benign,-1,dns,port
2025-07-19T23:02:43.607150+0700,103.195.142.75,8.8.8.8,58512,53,UDP,dns,,918839971310252,wire/pcap,0,0,0,0,0,0.0,0,0,0,none,0,none,0,0,0,no_alert_unknown,no_alert_not_final_benign,-1,dns,port
2025-07-19T23:02:43.615883+0700,103.195.142.75,34.8.196.142,64033,53,UDP,dns,,956351099162173,wire/pcap,0,0,0,0,0,0.0,0,0,0,none,0,none,0,0,0,no_alert_unknown,no_alert_not_final_benign,-1,dns,port
2025-07-19T23:02:43.621499+0700,103.195.142.74,118.98.44.50,41037,53,UDP,dns,,980471417748055,wire/pcap,0,0,0,0,0,0.0,0,0,0,none,0,none,0,0,0,no_alert_unknown,no_alert_not_final_benign,-1,dns,port
2025-07-19T23:02:43.622489+0700,103.195.142.74,118.98.44.50,65392,53,UDP,dns,,984723589427675,wire/pcap,0,0,0,0,0,0.0,0,0,0,none,0,none,0,0,0,no_alert_unknown,no_alert_not_final_benign,-1,dns,port
2025-07-19T23:02:43.630512+0700,103.195.142.74,118.98.44.20,6121,53,UDP,dns,,1019178843344780,wire/pcap,0,0,0,0,0,0.0,0,0,0,none,0,none,0,0,0,no_alert_unknown,no_alert_not_final_benign,-1,dns,port
2025-07-19T23:02:43.636803+0700,103.195.142.31,8.8.8.8,4319,53,UDP,dns,,1046200447876314,wire/pcap,0,0,0,0,0,0.0,0,0,0,none,0,none,0,0,0,no_alert_unknown,no_alert_not_final_benign,-1,dns,port
2025-07-19T23:02:43.642239+0700,103.195.142.74,34.8.38.57,64764,53,UDP,dns,,1069549038105023,wire/pcap,0,0,0,0,0,0.0,0,0,0,none,0,none,0,0,0,no_alert_unknown,no_alert_not_final_benign,-1,dns,port
2025-07-19T23:02:43.668870+0700,103.195.142.74,118.98.44.100,26245,53,UDP,dns,,902450375068731,wire/pcap,0,0,0,0,0,0.0,0,0,0,none,0,none,0,0,0,no_alert_unknown,no_alert_not_final_benign,-1,dns,port
2025-07-19T23:02:43.677093+0700,103.195.142.74,118.98.44.100,13613,53,UDP,dns,,937770678496728,wire/pcap,0,0,0,0,0,0.0,0,0,0,none,0,none,0,0,0,no_alert_unknown,no_alert_not_final_benign,-1,dns,port
2025-07-19T23:02:43.681069+0700,103.195.142.74,202.134.0.155,53991,53,UDP,dns,,954846455044009,wire/pcap,0,0,0,0,0,0.0,0,0,0,none,0,none,0,0,0,no_alert_unknown,no_alert_not_final_benign,-1,dns,port
2025-07-19T23:02:43.694697+0700,103.195.142.74,118.98.44.50,51791,53,UDP,dns,,1013379744192676,wire/pcap,0,0,0,0,0,0.0,0,0,0,none,0,none,0,0,0,no_alert_unknown,no_alert_not_final_benign,-1,dns,port
2025-07-19T23:02:43.703368+0700,103.195.142.74,118.98.44.50,64900,53,UDP,dns,,1050621524299721,wire/pcap,0,0,0,0,0,0.0,0,0,0,none,0,none,0,0,0,no_alert_unknown,no_alert_not_final_benign,-1,dns,port
2025-07-19T23:02:43.703450+0700,103.195.142.74,118.98.44.20,38091,53,UDP,dns,,1050972400159429,wire/pcap,0,0,0,0,0,0.0,0,0,0,none,0,none,0,0,0,no_alert_unknown,no_alert_not_final_benign,-1,dns,port
2025-07-19T23:02:43.704138+0700,103.195.142.74,118.98.44.20,18925,53,UDP,dns,,1053929028850968,wire/pcap,0,0,0,0,0,0.0,0,0,0,none,0,none,0,0,0,no_alert_unknown,no_alert_not_final_benign,-1,dns,port
2025-07-19T23:02:43.711039+0700,103.195.142.74,118.98.44.100,50149,53,UDP,dns,,1083566618248241,wire/pcap,0,0,0,0,0,0.0,0,0,0,none,0,none,0,0,0,no_alert_unknown,no_alert_not_final_benign,-1,dns,port
2025-07-19T23:02:43.727961+0700,103.195.142.75,8.8.8.8,29310,53,UDP,dns,,874769131463461,wire/pcap,0,0,0,0,0,0.0,0,0,0,none,0,none,0,0,0,no_alert_unknown,no_alert_not_final_benign,-1,dns,port
2025-07-19T23:02:43.742236+0700,103.195.142.74,118.98.44.100,24853,53,UDP,dns,,936080450062573,wire/pcap,0,0,0,0,0,0.0,0,0,0,none,0,none,0,0,0,no_alert_unknown,no_alert_not_final_benign,-1,dns,port
2025-07-19T23:02:43.742323+0700,103.195.142.74,118.98.44.100,60741,53,UDP,dns,,936456714613612,wire/pcap,0,0,0,0,0,0.0,0,0,0,none,0,none,0,0,0,no_alert_unknown,no_alert_not_final_benign,-1,dns,port
2025-07-19T23:02:43.751751+0700,103.195.142.74,118.98.44.20,64801,53,UDP,dns,,976948287353533,wire/pcap,0,0,0,0,0,0.0,0,0,0,none,0,none,0,0,0,no_alert_unknown,no_alert_not_final_benign,-1,dns,port
2025-07-19T23:02:43.754026+0700,103.195.142.74,202.134.0.155,58174,53,UDP,dns,,986720019030043,wire/pcap,0,0,0,0,0,0.0,0,0,0,none,0,none,0,0,0,no_alert_unknown,no_alert_not_final_benign,-1,dns,port
2025-07-19T23:02:43.754150+0700,103.195.142.75,50.28.102.86,11401,53,UDP,dns,,987249872496300,wire/pcap,0,0,0,0,0,0.0,0,0,0,none,0,none,0,0,0,no_alert_unknown,no_alert_not_final_benign,-1,dns,port
2025-07-19T23:02:43.765006+0700,103.195.142.75,8.8.8.8,57057,53,UDP,dns,,1033876900711940,wire/pcap,0,0,0,0,0,0.0,0,0,0,none,0,none,0,0,0,no_alert_unknown,no_alert_not_final_benign,-1,dns,port
2025-07-19T23:02:43.786170+0700,103.195.142.74,118.98.44.20,8497,53,UDP,dns,,1124777814286143,wire/pcap,0,0,0,0,0,0.0,0,0,0,none,0,none,0,0,0,no_alert_unknown,no_alert_not_final_benign,-1,dns,port
2025-07-19T23:02:43.801408+0700,103.195.142.75,8.8.8.8,11982,53,UDP,dns,,908747039584070,wire/pcap,0,0,0,0,0,0.0,0,0,0,none,0,none,0,0,0,no_alert_unknown,no_alert_not_final_benign,-1,dns,port
2025-07-19T23:02:43.802685+0700,103.195.142.74,202.134.0.155,53052,53,UDP,dns,,914232587804213,wire/pcap,0,0,0,0,0,0.0,0,0,0,none,0,none,0,0,0,no_alert_unknown,no_alert_not_final_benign,-1,dns,port
2025-07-19T23:02:43.822603+0700,103.195.142.74,118.98.44.100,18026,53,UDP,dns,,999778399995597,wire/pcap,0,0,0,0,0,0.0,0,0,0,none,0,none,0,0,0,no_alert_unknown,no_alert_not_final_benign,-1,dns,port
2025-07-19T23:02:43.822692+0700,103.195.142.74,118.98.44.20,59364,53,UDP,dns,,1000163095058818,wire/pcap,0,0,0,0,0,0.0,0,0,0,none,0,none,0,0,0,no_alert_unknown,no_alert_not_final_benign,-1,dns,port
2025-07-19T23:02:43.838383+0700,103.195.142.74,118.98.44.20,61041,53,UDP,dns,,1067553691562328,wire/pcap,0,0,0,0,0,0.0,0,0,0,none,0,none,0,0,0,no_alert_unknown,no_alert_not_final_benign,-1,dns,port
2025-07-19T23:02:43.838534+0700,103.195.142.74,202.134.0.155,3714,53,UDP,dns,,1068204187848455,wire/pcap,0,0,0,0,0,0.0,0,0,0,none,0,none,0,0,0,no_alert_unknown,no_alert_not_final_benign,-1,dns,port
2025-07-19T23:02:43.848576+0700,103.195.142.74,118.98.44.50,53157,53,UDP,dns,,1111333201811752,wire/pcap,0,0,0,0,0,0.0,0,0,0,none,0,none,0,0,0,no_alert_unknown,no_alert_not_final_benign,-1,dns,port
2025-07-19T23:02:43.858213+0700,103.195.142.74,202.134.0.155,62358,53,UDP,dns,,871248518151833,wire/pcap,0,0,0,0,0,0.0,0,0,0,none,0,none,0,0,0,no_alert_unknown,no_alert_not_final_benign,-1,dns,port
2025-07-19T23:02:43.862536+0700,103.195.142.74,202.134.0.155,18842,53,UDP,dns,,889818076010882,wire/pcap,0,0,0,0,0,0.0,0,0,0,none,0,none,0,0,0,no_alert_unknown,no_alert_not_final_benign,-1,dns,port
2025-07-19T23:02:43.872292+0700,103.195.142.74,202.134.0.155,41682,53,UDP,dns,,931718362927583,wire/pcap,0,0,0,0,0,0.0,0,0,0,none,0,none,0,0,0,no_alert_unknown,no_alert_not_final_benign,-1,dns,port
2025-07-19T23:02:43.881217+0700,103.195.142.75,8.8.8.8,15677,53,UDP,dns,,970050988329683,wire/pcap,0,0,0,0,0,0.0,0,0,0,none,0,none,0,0,0,no_alert_unknown,no_alert_not_final_benign,-1,dns,port
2025-07-19T23:02:43.885251+0700,103.195.142.74,118.98.44.50,9143,53,UDP,dns,,987377664717410,wire/pcap,0,0,0,0,0,0.0,0,0,0,none,0,none,0,0,0,no_alert_unknown,no_alert_not_final_benign,-1,dns,port
2025-07-19T23:02:43.888164+0700,103.195.142.74,118.98.44.100,10323,53,UDP,dns,,999889188269318,wire/pcap,0,0,0,0,0,0.0,0,0,0,none,0,none,0,0,0,no_alert_unknown,no_alert_not_final_benign,-1,dns,port
2025-07-19T23:02:43.891604+0700,103.195.142.74,118.98.44.100,9838,53,UDP,dns,,1014661656753954,wire/pcap,0,0,0,0,0,0.0,0,0,0,none,0,none,0,0,0,no_alert_unknown,no_alert_not_final_benign,-1,dns,port
2025-07-19T23:02:43.905048+0700,103.195.142.74,202.134.0.155,62159,53,UDP,dns,,1072402785069418,wire/pcap,0,0,0,0,0,0.0,0,0,0,none,0,none,0,0,0,no_alert_unknown,no_alert_not_final_benign,-1,dns,port
2025-07-19T23:02:43.913023+0700,103.195.142.108,8.8.8.8,1900,53,UDP,dns,,1216074754602613,wire/pcap,0,0,0,0,0,0.0,0,0,0,none,0,none,0,0,0,no_alert_unknown,no_alert_not_final_benign,-1,dns,port
2025-07-19T23:02:43.918389+0700,103.195.142.74,202.134.0.155,19454,53,UDP,dns,,848227847286324,wire/pcap,0,0,0,0,0,0.0,0,0,0,none,0,none,0,0,0,no_alert_unknown,no_alert_not_final_benign,-1,dns,port
2025-07-19T23:02:43.921481+0700,103.195.142.74,118.98.44.100,12881,53,UDP,dns,,861508288687257,wire/pcap,0,0,0,0,0,0.0,0,0,0,none,0,none,0,0,0,no_alert_unknown,no_alert_not_final_benign,-1,dns,port
2025-07-19T23:02:43.921483+0700,103.195.142.74,202.134.0.155,5773,53,UDP,dns,,861515060904632,wire/pcap,0,0,0,0,0,0.0,0,0,0,none,0,none,0,0,0,no_alert_unknown,no_alert_not_final_benign,-1,dns,port
2025-07-19T23:02:43.927116+0700,103.195.142.74,118.98.44.20,29815,53,UDP,dns,,885709257828527,wire/pcap,0,0,0,0,0,0.0,0,0,0,none,0,none,0,0,0,no_alert_unknown,no_alert_not_final_benign,-1,dns,port
2025-07-19T23:02:43.933850+0700,103.195.142.74,118.98.44.100,7340,53,UDP,dns,,914631388398382,wire/pcap,0,0,0,0,0,0.0,0,0,0,none,0,none,0,0,0,no_alert_unknown,no_alert_not_final_benign,-1,dns,port
2025-07-19T23:02:43.934660+0700,103.195.142.74,8.8.8.8,43605,53,UDP,dns,,918112806405857,wire/pcap,0,0,0,0,0,0.0,0,0,0,none,0,none,0,0,0,no_alert_unknown,no_alert_not_final_benign,-1,dns,port
2025-07-19T23:02:43.936212+0700,103.195.142.75,69.16.230.48,30506,53,UDP,dns,,924778044888788,wire/pcap,0,0,0,0,0,0.0,0,0,0,none,0,none,0,0,0,no_alert_unknown,no_alert_not_final_benign,-1,dns,port
2025-07-19T23:02:43.936572+0700,103.195.142.74,118.98.44.50,10551,53,UDP,dns,,926324253577298,wire/pcap,0,0,0,0,0,0.0,0,0,0,none,0,none,0,0,0,no_alert_unknown,no_alert_not_final_benign,-1,dns,port
2025-07-19T23:02:43.944194+0700,103.195.142.74,118.98.44.100,61934,53,UDP,dns,,959060798881447,wire/pcap,0,0,0,0,0,0.0,0,0,0,none,0,none,0,0,0,no_alert_unknown,no_alert_not_final_benign,-1,dns,port
2025-07-19T23:02:43.944300+0700,103.195.142.74,118.98.44.20,21786,53,UDP,dns,,959514121769513,wire/pcap,0,0,0,0,0,0.0,0,0,0,none,0,none,0,0,0,no_alert_unknown,no_alert_not_final_benign,-1,dns,port
2025-07-19T23:02:43.944342+0700,103.195.142.75,8.8.8.8,43225,53,UDP,dns,,959696473608593,wire/pcap,0,0,0,0,0,0.0,0,0,0,none,0,none,0,0,0,no_alert_unknown,no_alert_not_final_benign,-1,dns,port
2025-07-19T23:02:43.952746+0700,103.195.142.74,118.98.44.20,48625,53,UDP,dns,,995788973132779,wire/pcap,0,0,0,0,0,0.0,0,0,0,none,0,none,0,0,0,no_alert_unknown,no_alert_not_final_benign,-1,dns,port
2025-07-19T23:02:43.954460+0700,103.195.142.75,8.8.8.8,9511,53,UDP,dns,,1003149988864876,wire/pcap,0,0,0,0,0,0.0,0,0,0,none,0,none,0,0,0,no_alert_unknown,no_alert_not_final_benign,-1,dns,port
2025-07-19T23:02:43.966936+0700,103.195.142.74,118.98.44.20,27472,53,UDP,dns,,1056736783769274,wire/pcap,0,0,0,0,0,0.0,0,0,0,none,0,none,0,0,0,no_alert_unknown,no_alert_not_final_benign,-1,dns,port
2025-07-19T23:02:44.007893+0700,103.195.142.74,202.134.0.155,22880,53,UDP,dns,,1159802213720015,wire/pcap,0,0,0,0,0,0.0,0,0,0,none,0,none,0,0,0,no_alert_unknown,no_alert_not_final_benign,-1,dns,port
2025-07-19T23:02:44.016670+0700,103.195.142.75,8.8.8.8,37822,53,UDP,dns,,1197499677625027,wire/pcap,0,0,0,0,0,0.0,0,0,0,none,0,none,0,0,0,no_alert_unknown,no_alert_not_final_benign,-1,dns,port
2025-07-19T23:02:44.016836+0700,103.195.142.74,202.134.0.155,2575,53,UDP,dns,,1198211835397691,wire/pcap,0,0,0,0,0,0.0,0,0,0,none,0,none,0,0,0,no_alert_unknown,no_alert_not_final_benign,-1,dns,port
2025-07-19T23:02:44.053858+0700,103.195.142.75,45.79.197.241,42576,53,UDP,dns,,1357220694986923,wire/pcap,0,0,0,0,0,0.0,0,0,0,none,0,none,0,0,0,no_alert_unknown,no_alert_not_final_benign,-1,dns,port
2025-07-19T23:02:44.059187+0700,103.195.142.74,118.98.44.20,15851,53,UDP,dns,,1380107499190275,wire/pcap,0,0,0,0,0,0.0,0,0,0,none,0,none,0,0,0,no_alert_unknown,no_alert_not_final_benign,-1,dns,port
2025-07-19T23:02:44.059319+0700,103.195.142.74,202.134.0.155,38939,53,UDP,dns,,1380675217584634,wire/pcap,0,0,0,0,0,0.0,0,0,0,none,0,none,0,0,0,no_alert_unknown,no_alert_not_final_benign,-1,dns,port
2025-07-19T23:02:44.068489+0700,103.195.142.74,202.134.0.155,6274,53,UDP,dns,,1138584150586035,wire/pcap,0,0,0,0,0,0.0,0,0,0,none,0,none,0,0,0,no_alert_unknown,no_alert_not_final_benign,-1,dns,port
2025-07-19T23:02:44.082426+0700,103.195.142.74,118.98.44.20,41516,53,UDP,dns,,1198444719191135,wire/pcap,0,0,0,0,0,0.0,0,0,0,none,0,none,0,0,0,no_alert_unknown,no_alert_not_final_benign,-1,dns,port
2025-07-19T23:02:44.091016+0700,103.195.142.74,118.98.44.100,8941,53,UDP,dns,,1235338736659332,wire/pcap,0,0,0,0,0,0.0,0,0,0,none,0,none,0,0,0,no_alert_unknown,no_alert_not_final_benign,-1,dns,port
2025-07-19T23:02:44.115867+0700,103.195.142.74,118.98.44.20,39069,53,UDP,dns,,1342073337300479,wire/pcap,0,0,0,0,0,0.0,0,0,0,none,0,none,0,0,0,no_alert_unknown,no_alert_not_final_benign,-1,dns,port
2025-07-19T23:02:44.119140+0700,103.195.142.74,118.98.44.50,4652,53,UDP,dns,,1356130842808466,wire/pcap,0,0,0,0,0,0.0,0,0,0,none,0,none,0,0,0,no_alert_unknown,no_alert_not_final_benign,-1,dns,port
2025-07-19T23:02:44.127621+0700,103.195.142.75,69.39.238.37,34427,53,UDP,dns,,1392555091215407,wire/pcap,0,0,0,0,0,0.0,0,0,0,none,0,none,0,0,0,no_alert_unknown,no_alert_not_final_benign,-1,dns,port
2025-07-19T23:02:44.134214+0700,103.195.142.109,87.98.154.119,53,48350,UDP,flow,failed,1139476051535956,,1,1,0,1437,0,0.0,1,1437,0,none,0,none,0,0,0,no_alert_unknown,no_alert_not_final_benign,-1,dns,port
2025-07-19T23:02:44.134279+0700,103.195.142.46,87.98.154.47,53,58370,UDP,flow,failed,636991557478585,,1,1,0,1437,0,0.0,1,1437,0,none,0,none,0,0,0,no_alert_unknown,no_alert_not_final_benign,-1,dns,port
2025-07-19T23:02:44.134326+0700,103.195.142.74,118.98.44.100,1984,53,UDP,flow,dns,1295026937669883,,1,1,0,68,0,0.0,1,68,0,none,0,none,0,0,0,no_alert_unknown,no_alert_not_final_benign,-1,dns,app_proto+port
2025-07-19T23:02:44.134351+0700,103.195.142.165,87.98.154.157,53,43999,UDP,flow,failed,635199581858051,,1,3,0,4311,0,10.0,3,4311,0,none,0,none,0,0,0,no_alert_unknown,no_alert_not_final_benign,-1,dns,port
2025-07-19T23:02:44.134387+0700,103.195.142.165,87.98.154.13,53,23990,UDP,flow,failed,1053966141696265,,1,1,0,1437,0,0.0,1,1437,0,none,0,none,0,0,0,no_alert_unknown,no_alert_not_final_benign,-1,dns,port
2025-07-19T23:02:44.134503+0700,103.195.142.83,87.98.154.170,53,37552,UDP,flow,failed,993142189730104,,1,1,0,1190,0,0.0,1,1190,0,none,0,none,0,0,0,no_alert_unknown,no_alert_not_final_benign,-1,dns,port
2025-07-19T23:02:44.134536+0700,103.195.142.109,87.98.154.119,53,60885,UDP,flow,failed,1227247276468566,,1,1,0,1437,0,0.0,1,1437,0,none,0,none,0,0,0,no_alert_unknown,no_alert_not_final_benign,-1,dns,port
2025-07-19T23:02:44.134696+0700,103.195.142.46,87.98.154.195,53,60084,UDP,flow,failed,582216014113185,,1,1,0,1437,0,0.0,1,1437,0,none,0,none,0,0,0,no_alert_unknown,no_alert_not_final_benign,-1,dns,port
2025-07-19T23:02:44.134742+0700,103.195.142.74,202.134.0.155,51722,53,UDP,flow,dns,817685715364279,,1,1,0,80,0,0.0,1,80,0,none,0,none,0,0,0,no_alert_unknown,no_alert_not_final_benign,-1,dns,app_proto+port
2025-07-19T23:02:44.134815+0700,103.195.142.74,202.134.0.155,59772,53,UDP,flow,dns,868255106607670,,1,1,0,92,0,0.0,1,92,0,none,0,none,0,0,0,no_alert_unknown,no_alert_not_final_benign,-1,dns,app_proto+port
2025-07-19T23:02:44.134891+0700,103.195.142.3,172.253.229.156,53,45578,UDP,flow,failed,734663090383507,,1,1,0,212,0,0.0,1,212,0,none,0,none,0,0,0,no_alert_unknown,no_alert_not_final_benign,-1,dns,port
2025-07-19T23:02:44.135031+0700,103.195.142.196,87.98.154.119,53,2618,UDP,flow,failed,642653086493426,,1,1,0,1437,0,0.0,1,1437,0,none,0,none,0,0,0,no_alert_unknown,no_alert_not_final_benign,-1,dns,port
2025-07-19T23:02:44.135052+0700,103.195.142.74,118.98.44.20,58343,53,UDP,flow,dns,983747186731797,,1,1,0,86,0,0.0,1,86,0,none,0,none,0,0,0,no_alert_unknown,no_alert_not_final_benign,-1,dns,app_proto+port
2025-07-19T23:02:44.135090+0700,103.195.142.75,8.8.8.8,21651,53,UDP,flow,dns,1079262798031641,,1,1,0,196,0,0.0,1,196,0,none,0,none,0,0,0,no_alert_unknown,no_alert_not_final_benign,-1,dns,app_proto+port
2025-07-19T23:02:44.135156+0700,103.195.142.109,87.98.154.197,53,5987,UDP,flow,failed,585151904361367,,1,1,0,1437,0,0.0,1,1437,0,none,0,none,0,0,0,no_alert_unknown,no_alert_not_final_benign,-1,dns,port
2025-07-19T23:02:44.135195+0700,103.195.142.195,87.98.154.232,53,49591,UDP,flow,failed,593476141722554,,1,1,0,1437,0,0.0,1,1437,0,none,0,none,0,0,0,no_alert_unknown,no_alert_not_final_benign,-1,dns,port
2025-07-19T23:02:44.135267+0700,103.195.142.74,202.134.0.155,36624,53,UDP,flow,dns,679936718679183,,1,1,0,77,0,0.0,1,77,0,none,0,none,0,0,0,no_alert_unknown,no_alert_not_final_benign,-1,dns,app_proto+port
2025-07-19T23:02:44.135366+0700,103.195.142.75,8.8.8.8,58657,53,UDP,flow,dns,637212271193461,,1,1,0,196,0,0.0,1,196,0,none,0,none,0,0,0,no_alert_unknown,no_alert_not_final_benign,-1,dns,app_proto+port
2025-07-19T23:02:44.135388+0700,103.195.142.74,118.98.44.20,22707,53,UDP,flow,dns,791452151131550,,1,1,0,74,0,0.0,1,74,0,none,0,none,0,0,0,no_alert_unknown,no_alert_not_final_benign,-1,dns,app_proto+port
2025-07-19T23:02:44.135442+0700,103.195.142.196,87.98.154.205,53,21062,UDP,flow,failed,604832844623565,,1,1,0,1437,0,0.0,1,1437,0,none,0,none,0,0,0,no_alert_unknown,no_alert_not_final_benign,-1,dns,port
2025-07-19T23:02:44.135472+0700,103.195.142.74,118.98.44.100,36984,53,UDP,flow,dns,575144605527837,,1,1,0,132,0,0.0,1,132,0,none,0,none,0,0,0,no_alert_unknown,no_alert_not_final_benign,-1,dns,app_proto+port
2025-07-19T23:02:44.135494+0700,103.195.142.2,118.98.101.71,53,47585,UDP,flow,failed,663686657879879,,1,1,0,132,0,0.0,1,132,0,none,0,none,0,0,0,no_alert_unknown,no_alert_not_final_benign,-1,dns,port
2025-07-19T23:02:44.135588+0700,103.195.142.196,87.98.154.65,53,42020,UDP,flow,failed,809808936775532,,1,3,0,4311,0,10.0,3,4311,0,none,0,none,0,0,0,no_alert_unknown,no_alert_not_final_benign,-1,dns,port
2025-07-19T23:02:44.135640+0700,103.195.142.74,34.8.38.57,50636,53,UDP,flow,dns,734405933609138,,1,1,0,225,0,0.0,1,225,0,none,0,none,0,0,0,no_alert_unknown,no_alert_not_final_benign,-1,dns,app_proto+port
2025-07-19T23:02:44.135694+0700,103.195.142.109,87.98.154.119,53,50838,UDP,flow,failed,1105665305358693,,1,1,0,1437,0,0.0,1,1437,0,none,0,none,0,0,0,no_alert_unknown,no_alert_not_final_benign,-1,dns,port
2025-07-19T23:02:44.135746+0700,103.195.142.74,34.8.38.57,8285,53,UDP,flow,dns,814584097157511,,1,1,0,225,0,0.0,1,225,0,none,0,none,0,0,0,no_alert_unknown,no_alert_not_final_benign,-1,dns,app_proto+port
2025-07-19T23:02:44.135781+0700,103.195.142.74,118.98.44.50,65314,53,UDP,flow,dns,974716513628586,,1,1,0,214,0,0.0,1,214,0,none,0,none,0,0,0,no_alert_unknown,no_alert_not_final_benign,-1,dns,app_proto+port
2025-07-19T23:02:44.135852+0700,103.195.142.165,87.98.154.229,53,36926,UDP,flow,failed,1060228921242065,,1,1,0,1437,0,0.0,1,1437,0,none,0,none,0,0,0,no_alert_unknown,no_alert_not_final_benign,-1,dns,port
2025-07-19T23:02:44.135886+0700,103.195.142.74,118.98.44.50,34291,53,UDP,flow,dns,595988410282467,,1,1,0,220,0,0.0,1,220,0,none,0,none,0,0,0,no_alert_unknown,no_alert_not_final_benign,-1,dns,app_proto+port
2025-07-19T23:02:44.135909+0700,103.195.142.195,87.98.154.119,53,5177,UDP,flow,failed,1354863207854584,,1,1,0,1437,0,0.0,1,1437,0,none,0,none,0,0,0,no_alert_unknown,no_alert_not_final_benign,-1,dns,port
2025-07-19T23:02:44.135985+0700,103.195.142.83,87.98.154.110,53,4123,UDP,flow,failed,634984503849669,,1,1,0,1190,0,0.0,1,1190,0,none,0,none,0,0,0,no_alert_unknown,no_alert_not_final_benign,-1,dns,port
2025-07-19T23:02:44.136005+0700,103.195.142.75,8.8.8.8,46296,53,UDP,flow,dns,1130882988258097,,1,1,0,75,0,0.0,1,75,0,none,0,none,0,0,0,no_alert_unknown,no_alert_not_final_benign,-1,dns,app_proto+port
2025-07-19T23:02:44.136049+0700,103.195.142.195,87.98.154.240,53,41105,UDP,flow,failed,43087840621367,,1,3,0,4311,0,10.0,3,4311,0,none,0,none,0,0,0,no_alert_unknown,no_alert_not_final_benign,-1,dns,port
2025-07-19T23:02:44.136095+0700,103.195.142.195,87.98.154.119,53,34052,UDP,flow,failed,667323440116815,,1,1,0,1437,0,0.0,1,1437,0,none,0,none,0,0,0,no_alert_unknown,no_alert_not_final_benign,-1,dns,port
2025-07-19T23:02:44.136132+0700,103.195.142.109,87.98.154.119,53,41350,UDP,flow,failed,1073563482535088,,1,1,0,1437,0,0.0,1,1437,0,none,0,none,0,0,0,no_alert_unknown,no_alert_not_final_benign,-1,dns,port
2025-07-19T23:02:44.136164+0700,103.195.142.108,8.8.8.8,13228,53,UDP,flow,dns,669093112460543,,1,1,0,68,0,0.0,1,68,0,none,0,none,0,0,0,no_alert_unknown,no_alert_not_final_benign,-1,dns,app_proto+port
2025-07-19T23:02:44.136185+0700,103.195.142.195,87.98.154.40,53,61762,UDP,flow,failed,1006421500114294,,1,1,0,1437,0,0.0,1,1437,0,none,0,none,0,0,0,no_alert_unknown,no_alert_not_final_benign,-1,dns,port
2025-07-19T23:02:44.136250+0700,103.195.142.46,87.98.154.119,53,36037,UDP,flow,failed,1155719424915020,,1,1,0,1437,0,0.0,1,1437,0,none,0,none,0,0,0,no_alert_unknown,no_alert_not_final_benign,-1,dns,port
2025-07-19T23:02:44.136293+0700,103.195.142.109,87.98.154.119,53,20724,UDP,flow,failed,958933158934317,,1,1,0,1437,0,0.0,1,1437,0,none,0,none,0,0,0,no_alert_unknown,no_alert_not_final_benign,-1,dns,port
2025-07-19T23:02:44.136311+0700,103.195.142.165,87.98.154.185,53,32253,UDP,flow,failed,810157619427157,,1,1,0,1437,0,0.0,1,1437,0,none,0,none,0,0,0,no_alert_unknown,no_alert_not_final_benign,-1,dns,port
2025-07-19T23:02:44.136404+0700,103.195.142.83,87.98.154.119,53,3393,UDP,flow,failed,955812527749302,,1,1,0,1190,0,0.0,1,1190,0,none,0,none,0,0,0,no_alert_unknown,no_alert_not_final_benign,-1,dns,port
2025-07-19T23:02:44.136445+0700,103.195.142.195,87.98.154.40,53,3098,UDP,flow,failed,1064531873970455,,1,1,0,1437,0,0.0,1,1437,0,none,0,none,0,0,0,no_alert_unknown,no_alert_not_final_benign,-1,dns,port
2025-07-19T23:02:44.136486+0700,103.195.142.75,8.8.8.8,61346,53,UDP,flow,dns,2081434082752914,,1,2,0,432,0,4.0,2,432,0,none,0,none,0,0,0,no_alert_unknown,no_alert_not_final_benign,-1,dns,app_proto+port
2025-07-19T23:02:44.136506+0700,103.195.142.165,87.98.154.119,53,22956,UDP,flow,failed,624091802384796,,1,1,0,1437,0,0.0,1,1437,0,none,0,none,0,0,0,no_alert_unknown,no_alert_not_final_benign,-1,dns,port
2025-07-19T23:02:44.136525+0700,103.195.142.74,118.98.44.50,54209,53,UDP,flow,dns,1279485126392279,,1,1,0,78,0,0.0,1,78,0,none,0,none,0,0,0,no_alert_unknown,no_alert_not_final_benign,-1,dns,app_proto+port
2025-07-19T23:02:44.136547+0700,103.195.142.76,87.98.154.58,53,8223,UDP,flow,failed,492135973009959,,1,3,0,4407,0,9.0,3,4407,0,none,0,none,0,0,0,no_alert_unknown,no_alert_not_final_benign,-1,dns,port
2025-07-19T23:02:44.136647+0700,103.195.142.75,8.8.8.8,64266,53,UDP,flow,dns,1794543373204298,,1,2,0,456,0,4.0,2,456,0,none,0,none,0,0,0,no_alert_unknown,no_alert_not_final_benign,-1,dns,app_proto+port
2025-07-19T23:02:44.136775+0700,103.195.142.195,87.98.154.12,53,22309,UDP,flow,failed,1202297036553154,,1,1,0,1437,0,0.0,1,1437,0,none,0,none,0,0,0,no_alert_unknown,no_alert_not_final_benign,-1,dns,port
2025-07-19T23:02:44.136838+0700,103.195.142.74,118.98.44.50,14395,53,UDP,flow,dns,836993436630029,,1,1,0,231,0,0.0,1,231,0,none,0,none,0,0,0,no_alert_unknown,no_alert_not_final_benign,-1,dns,app_proto+port
2025-07-19T23:02:44.136870+0700,103.195.142.83,87.98.154.119,53,33063,UDP,flow,failed,1343627812420666,,1,1,0,1190,0,0.0,1,1190,0,none,0,none,0,0,0,no_alert_unknown,no_alert_not_final_benign,-1,dns,port
2025-07-19T23:02:44.136889+0700,103.195.142.74,202.134.0.155,9250,53,UDP,flow,dns,755478550363216,,1,1,0,79,0,0.0,1,79,0,none,0,none,0,0,0,no_alert_unknown,no_alert_not_final_benign,-1,dns,app_proto+port
2025-07-19T23:02:44.136917+0700,103.195.142.83,87.98.154.82,53,39953,UDP,flow,failed,609150077844591,,1,1,0,1190,0,0.0,1,1190,0,none,0,none,0,0,0,no_alert_unknown,no_alert_not_final_benign,-1,dns,port
2025-07-19T23:02:44.136973+0700,103.195.142.109,87.98.154.119,53,28903,UDP,flow,failed,783339288607873,,1,1,0,1437,0,0.0,1,1437,0,none,0,none,0,0,0,no_alert_unknown,no_alert_not_final_benign,-1,dns,port
2025-07-19T23:02:44.137164+0700,103.195.142.109,87.98.154.117,53,39398,UDP,flow,failed,1190224934288611,,1,1,0,1437,0,0.0,1,1437,0,none,0,none,0,0,0,no_alert_unknown,no_alert_not_final_benign,-1,dns,port
2025-07-19T23:02:44.137198+0700,103.195.142.109,87.98.154.119,53,29942,UDP,flow,failed,718431737494784,,1,1,0,1437,0,0.0,1,1437,0,none,0,none,0,0,0,no_alert_unknown,no_alert_not_final_benign,-1,dns,port
2025-07-19T23:02:44.137218+0700,103.195.142.109,87.98.154.189,53,11217,UDP,flow,failed,1234988041977155,,1,1,0,1437,0,0.0,1,1437,0,none,0,none,0,0,0,no_alert_unknown,no_alert_not_final_benign,-1,dns,port
2025-07-19T23:02:44.137282+0700,103.195.142.165,87.98.154.153,53,61487,UDP,flow,failed,713053384949148,,1,1,0,1437,0,0.0,1,1437,0,none,0,none,0,0,0,no_alert_unknown,no_alert_not_final_benign,-1,dns,port
2025-07-19T23:02:44.137310+0700,103.195.142.74,118.98.44.50,7302,53,UDP,flow,dns,958699274911201,,1,1,0,84,0,0.0,1,84,0,none,0,none,0,0,0,no_alert_unknown,no_alert_not_final_benign,-1,dns,app_proto+port
2025-07-19T23:02:44.137507+0700,103.195.142.74,118.98.44.20,51578,53,UDP,flow,dns,1034762844454487,,1,1,0,85,0,0.0,1,85,0,none,0,none,0,0,0,no_alert_unknown,no_alert_not_final_benign,-1,dns,app_proto+port
2025-07-19T23:02:44.137600+0700,103.195.142.75,8.8.8.8,41633,53,UDP,flow,dns,777650129092229,,1,1,0,83,0,0.0,1,83,0,none,0,none,0,0,0,no_alert_unknown,no_alert_not_final_benign,-1,dns,app_proto+port
2025-07-19T23:02:44.137685+0700,103.195.142.165,87.98.154.118,53,41384,UDP,flow,failed,1292698486456059,,1,1,0,1437,0,0.0,1,1437,0,none,0,none,0,0,0,no_alert_unknown,no_alert_not_final_benign,-1,dns,port
2025-07-19T23:02:44.137706+0700,103.195.142.74,118.98.44.20,11422,53,UDP,flow,dns,863593527787288,,1,1,0,178,0,0.0,1,178,0,none,0,none,0,0,0,no_alert_unknown,no_alert_not_final_benign,-1,dns,app_proto+port
2025-07-19T23:02:44.137750+0700,103.195.142.74,118.98.44.50,28378,53,UDP,flow,dns,875426944008384,,1,1,0,214,0,0.0,1,214,0,none,0,none,0,0,0,no_alert_unknown,no_alert_not_final_benign,-1,dns,app_proto+port
2025-07-19T23:02:44.137858+0700,103.195.142.46,87.98.154.119,53,52629,UDP,flow,failed,791860080755245,,1,1,0,1437,0,0.0,1,1437,0,none,0,none,0,0,0,no_alert_unknown,no_alert_not_final_benign,-1,dns,port
2025-07-19T23:02:44.137879+0700,103.195.142.196,87.98.154.5,53,44341,UDP,flow,failed,1114541359776376,,1,1,0,1437,0,0.0,1,1437,0,none,0,none,0,0,0,no_alert_unknown,no_alert_not_final_benign,-1,dns,port
2025-07-19T23:02:44.137904+0700,103.195.142.3,3.209.85.19,53,41436,UDP,flow,failed,818191570518698,,1,1,0,136,0,0.0,1,136,0,none,0,none,0,0,0,no_alert_unknown,no_alert_not_final_benign,-1,dns,port
2025-07-19T23:02:44.137992+0700,103.195.142.46,87.98.154.111,53,15079,UDP,flow,failed,719804756870068,,1,1,0,1437,0,0.0,1,1437,0,none,0,none,0,0,0,no_alert_unknown,no_alert_not_final_benign,-1,dns,port
2025-07-19T23:02:44.138028+0700,103.195.142.46,87.98.154.219,53,13308,UDP,flow,failed,1347959077946306,,1,1,0,1437,0,0.0,1,1437,0,none,0,none,0,0,0,no_alert_unknown,no_alert_not_final_benign,-1,dns,port
2025-07-19T23:02:44.138095+0700,103.195.142.165,87.98.154.13,53,54961,UDP,flow,failed,1358779769439352,,1,1,0,1437,0,0.0,1,1437,0,none,0,none,0,0,0,no_alert_unknown,no_alert_not_final_benign,-1,dns,port
2025-07-19T23:02:44.138127+0700,103.195.142.46,87.98.154.227,53,33388,UDP,flow,failed,725570618803347,,1,1,0,1437,0,0.0,1,1437,0,none,0,none,0,0,0,no_alert_unknown,no_alert_not_final_benign,-1,dns,port
2025-07-19T23:02:44.138204+0700,103.195.142.196,87.98.154.93,53,58236,UDP,flow,failed,634935142401218,,1,1,0,1437,0,0.0,1,1437,0,none,0,none,0,0,0,no_alert_unknown,no_alert_not_final_benign,-1,dns,port
2025-07-19T23:02:44.138245+0700,103.195.142.74,202.134.0.155,34064,53,UDP,flow,dns,1145148295169390,,1,1,0,79,0,0.0,1,79,0,none,0,none,0,0,0,no_alert_unknown,no_alert_not_final_benign,-1,dns,app_proto+port
2025-07-19T23:02:44.138266+0700,103.195.142.74,208.91.112.55,37697,53,UDP,flow,dns,1373312659047844,,1,1,0,99,0,0.0,1,99,0,none,0,none,0,0,0,no_alert_unknown,no_alert_not_final_benign,-1,dns,app_proto+port
2025-07-19T23:02:44.138372+0700,103.195.142.74,34.8.38.57,55666,53,UDP,flow,dns,1209639194281467,,1,1,0,207,0,0.0,1,207,0,none,0,none,0,0,0,no_alert_unknown,no_alert_not_final_benign,-1,dns,app_proto+port
2025-07-19T23:02:44.138401+0700,103.195.142.195,87.98.154.212,53,8731,UDP,flow,failed,327981348964046,,1,3,0,4311,0,9.0,3,4311,0,none,0,none,0,0,0,no_alert_unknown,no_alert_not_final_benign,-1,dns,port
2025-07-19T23:02:44.138469+0700,103.195.142.76,87.98.154.50,53,45972,UDP,flow,failed,936297994667775,,1,1,0,1469,0,0.0,1,1469,0,none,0,none,0,0,0,no_alert_unknown,no_alert_not_final_benign,-1,dns,port
2025-07-19T23:02:44.138506+0700,103.195.142.165,87.98.154.233,53,25691,UDP,flow,failed,750691765340114,,1,1,0,1437,0,0.0,1,1437,0,none,0,none,0,0,0,no_alert_unknown,no_alert_not_final_benign,-1,dns,port
2025-07-19T23:02:44.138538+0700,103.195.142.109,87.98.154.81,53,12590,UDP,flow,failed,1268385119422571,,1,1,0,1437,0,0.0,1,1437,0,none,0,none,0,0,0,no_alert_unknown,no_alert_not_final_benign,-1,dns,port
2025-07-19T23:02:44.138569+0700,103.195.142.74,118.98.44.50,47066,53,UDP,flow,dns,974325277149320,,1,1,0,74,0,0.0,1,74,0,none,0,none,0,0,0,no_alert_unknown,no_alert_not_final_benign,-1,dns,app_proto+port
2025-07-19T23:02:44.138602+0700,103.195.142.74,118.98.44.20,42503,53,UDP,flow,dns,752107210950927,,1,1,0,205,0,0.0,1,205,0,none,0,none,0,0,0,no_alert_unknown,no_alert_not_final_benign,-1,dns,app_proto+port
2025-07-19T23:02:44.138638+0700,103.195.142.74,118.98.44.100,7721,53,UDP,flow,dns,838142560848395,,1,1,0,214,0,0.0,1,214,0,none,0,none,0,0,0,no_alert_unknown,no_alert_not_final_benign,-1,dns,app_proto+port
2025-07-19T23:02:44.138659+0700,103.195.142.74,34.8.38.57,52950,53,UDP,flow,dns,852117453818523,,1,1,0,225,0,0.0,1,225,0,none,0,none,0,0,0,no_alert_unknown,no_alert_not_final_benign,-1,dns,app_proto+port
2025-07-19T23:02:44.138679+0700,103.195.142.83,87.98.154.119,53,29587,UDP,flow,failed,1010479259994812,,1,1,0,1190,0,0.0,1,1190,0,none,0,none,0,0,0,no_alert_unknown,no_alert_not_final_benign,-1,dns,port
2025-07-19T23:02:44.138723+0700,103.195.142.195,87.98.154.119,53,32831,UDP,flow,failed,1265483273358095,,1,1,0,1437,0,0.0,1,1437,0,none,0,none,0,0,0,no_alert_unknown,no_alert_not_final_benign,-1,dns,port
2025-07-19T23:02:44.138766+0700,103.195.142.196,87.98.154.37,53,22526,UDP,flow,failed,1020789310114613,,1,1,0,1437,0,0.0,1,1437,0,none,0,none,0,0,0,no_alert_unknown,no_alert_not_final_benign,-1,dns,port
2025-07-19T23:02:44.138789+0700,103.195.142.165,87.98.154.119,53,10311,UDP,flow,failed,1097901857262397,,1,1,0,1437,0,0.0,1,1437,0,none,0,none,0,0,0,no_alert_unknown,no_alert_not_final_benign,-1,dns,port
2025-07-19T23:02:44.138808+0700,103.195.142.195,87.98.154.119,53,47833,UDP,flow,failed,1249602646068160,,1,1,0,1437,0,0.0,1,1437,0,none,0,none,0,0,0,no_alert_unknown,no_alert_not_final_benign,-1,dns,port
2025-07-19T23:02:44.138826+0700,103.195.142.109,87.98.154.53,53,17197,UDP,flow,failed,839132063026223,,1,1,0,1437,0,0.0,1,1437,0,none,0,none,0,0,0,no_alert_unknown,no_alert_not_final_benign,-1,dns,port
2025-07-19T23:02:44.138847+0700,103.195.142.46,87.98.154.119,53,12009,UDP,flow,failed,568767060331602,,1,1,0,1437,0,0.0,1,1437,0,none,0,none,0,0,0,no_alert_unknown,no_alert_not_final_benign,-1,dns,port
2025-07-19T23:02:44.138907+0700,103.195.142.196,87.98.154.119,53,8182,UDP,flow,failed,1065517310627049,,1,1,0,1437,0,0.0,1,1437,0,none,0,none,0,0,0,no_alert_unknown,no_alert_not_final_benign,-1,dns,port
2025-07-19T23:02:44.138948+0700,103.195.142.196,87.98.154.177,53,48025,UDP,flow,failed,904158529867040,,1,1,0,1437,0,0.0,1,1437,0,none,0,none,0,0,0,no_alert_unknown,no_alert_not_final_benign,-1,dns,port
2025-07-19T23:02:44.138998+0700,103.195.142.75,8.8.8.8,24739,53,UDP,flow,dns,868469093584290,,1,1,0,214,0,0.0,1,214,0,none,0,none,0,0,0,no_alert_unknown,no_alert_not_final_benign,-1,dns,app_proto+port
2025-07-19T23:02:44.139024+0700,103.195.142.46,87.98.154.119,53,31138,UDP,flow,failed,852426041544257,,1,1,0,1437,0,0.0,1,1437,0,none,0,none,0,0,0,no_alert_unknown,no_alert_not_final_benign,-1,dns,port
2025-07-19T23:02:44.139265+0700,103.195.142.74,118.98.44.50,54684,53,UDP,flow,dns,882957218959603,,1,1,0,83,0,0.0,1,83,0,none,0,none,0,0,0,no_alert_unknown,no_alert_not_final_benign,-1,dns,app_proto+port
2025-07-19T23:02:44.139313+0700,103.195.142.83,87.98.154.119,53,31876,UDP,flow,failed,1201055319675130,,1,1,0,1190,0,0.0,1,1190,0,none,0,none,0,0,0,no_alert_unknown,no_alert_not_final_benign,-1,dns,port
2025-07-19T23:02:44.139335+0700,103.195.142.196,87.98.154.119,53,32078,UDP,flow,failed,1160403455922435,,1,1,0,1437,0,0.0,1,1437,0,none,0,none,0,0,0,no_alert_unknown,no_alert_not_final_benign,-1,dns,port
2025-07-19T23:02:44.139503+0700,103.195.142.74,208.91.112.55,21305,53,UDP,flow,dns,1207940479734171,,1,1,0,99,0,0.0,1,99,0,none,0,none,0,0,0,no_alert_unknown,no_alert_not_final_benign,-1,dns,app_proto+port
2025-07-19T23:02:44.139543+0700,103.195.142.109,87.98.154.119,53,60985,UDP,flow,failed,1099923794448815,,1,1,0,1437,0,0.0,1,1437,0,none,0,none,0,0,0,no_alert_unknown,no_alert_not_final_benign,-1,dns,port
2025-07-19T23:02:44.139564+0700,103.195.142.75,216.38.8.120,46359,53,UDP,flow,dns,1264021212778950,,1,1,0,85,0,0.0,1,85,0,none,0,none,0,0,0,no_alert_unknown,no_alert_not_final_benign,-1,dns,app_proto+port
2025-07-19T23:02:44.139647+0700,103.195.142.76,87.98.154.119,53,25312,UDP,flow,failed,1070144178639414,,1,1,0,1469,0,0.0,1,1469,0,none,0,none,0,0,0,no_alert_unknown,no_alert_not_final_benign,-1,dns,port
2025-07-19T23:02:44.139666+0700,103.195.142.75,8.8.8.8,32934,53,UDP,flow,dns,1109835365044852,,1,1,0,81,0,0.0,1,81,0,none,0,none,0,0,0,no_alert_unknown,no_alert_not_final_benign,-1,dns,app_proto+port
2025-07-19T23:02:44.139689+0700,103.195.142.46,87.98.154.247,53,7996,UDP,flow,failed,1123465042875159,,1,1,0,1437,0,0.0,1,1437,0,none,0,none,0,0,0,no_alert_unknown,no_alert_not_final_benign,-1,dns,port
2025-07-19T23:02:44.139862+0700,103.195.142.46,87.98.154.55,53,26499,UDP,flow,failed,1282671151764415,,1,1,0,1437,0,0.0,1,1437,0,none,0,none,0,0,0,no_alert_unknown,no_alert_not_final_benign,-1,dns,port
2025-07-19T23:02:44.139882+0700,103.195.142.109,87.98.154.119,53,3952,UDP,flow,failed,1075224313156558,,1,1,0,1437,0,0.0,1,1437,0,none,0,none,0,0,0,no_alert_unknown,no_alert_not_final_benign,-1,dns,port
2025-07-19T23:02:44.139923+0700,103.195.142.74,118.98.44.20,35024,53,UDP,flow,dns,861234156098659,,1,1,0,81,0,0.0,1,81,0,none,0,none,0,0,0,no_alert_unknown,no_alert_not_final_benign,-1,dns,app_proto+port
2025-07-19T23:02:44.139975+0700,103.195.142.165,87.98.154.41,53,29266,UDP,flow,failed,1066844493862146,,1,1,0,1437,0,0.0,1,1437,0,none,0,none,0,0,0,no_alert_unknown,no_alert_not_final_benign,-1,dns,port
2025-07-19T23:02:44.140007+0700,103.195.142.196,87.98.154.119,53,51090,UDP,flow,failed,1123493728507161,,1,1,0,1437,0,0.0,1,1437,0,none,0,none,0,0,0,no_alert_unknown,no_alert_not_final_benign,-1,dns,port
2025-07-19T23:02:44.140114+0700,103.195.142.195,87.98.154.40,53,57530,UDP,flow,failed,918202360944090,,1,1,0,1437,0,0.0,1,1437,0,none,0,none,0,0,0,no_alert_unknown,no_alert_not_final_benign,-1,dns,port
2025-07-19T23:02:44.139988+0700,103.195.142.74,118.98.44.50,37080,53,UDP,dns,,1164194425235200,wire/pcap,0,0,0,0,0,0.0,0,0,0,none,0,none,0,0,0,no_alert_unknown,no_alert_not_final_benign,-1,dns,port
2025-07-19T23:02:44.140077+0700,103.195.142.74,202.134.0.155,64436,53,UDP,dns,,1164579156088522,wire/pcap,0,0,0,0,0,0.0,0,0,0,none,0,none,0,0,0,no_alert_unknown,no_alert_not_final_benign,-1,dns,port
2025-07-19T23:02:44.140198+0700,103.195.142.2,172.217.47.23,53,58029,UDP,flow,failed,980854257768373,,1,1,0,160,0,0.0,1,160,0,none,0,none,0,0,0,no_alert_unknown,no_alert_not_final_benign,-1,dns,port
2025-07-19T23:02:44.140221+0700,103.195.142.2,172.253.251.124,53,43145,UDP,flow,failed,901064692422610,,1,1,0,212,0,0.0,1,212,0,none,0,none,0,0,0,no_alert_unknown,no_alert_not_final_benign,-1,dns,port
2025-07-19T23:02:44.140267+0700,103.195.142.2,172.253.0.17,53,50550,UDP,flow,failed,599124476319757,,1,1,0,181,0,0.0,1,181,0,none,0,none,0,0,0,no_alert_unknown,no_alert_not_final_benign,-1,dns,port
2025-07-19T23:02:44.140339+0700,103.195.142.165,87.98.154.117,53,26364,UDP,flow,failed,1110358220757286,,1,1,0,1437,0,0.0,1,1437,0,none,0,none,0,0,0,no_alert_unknown,no_alert_not_final_benign,-1,dns,port
2025-07-19T23:02:44.140364+0700,103.195.142.46,87.98.154.119,53,48364,UDP,flow,failed,567668841470296,,1,1,0,1437,0,0.0,1,1437,0,none,0,none,0,0,0,no_alert_unknown,no_alert_not_final_benign,-1,dns,port
2025-07-19T23:02:44.140383+0700,103.195.142.83,87.98.154.110,53,4010,UDP,flow,failed,1344812378904929,,1,1,0,1190,0,0.0,1,1190,0,none,0,none,0,0,0,no_alert_unknown,no_alert_not_final_benign,-1,dns,port
2025-07-19T23:02:44.140403+0700,103.195.142.31,8.8.8.8,52214,53,UDP,flow,dns,1009148151486870,,1,1,0,85,0,0.0,1,85,0,none,0,none,0,0,0,no_alert_unknown,no_alert_not_final_benign,-1,dns,app_proto+port
2025-07-19T23:02:44.140425+0700,103.195.142.74,34.8.196.142,35168,53,UDP,flow,dns,965913789094344,,1,1,0,225,0,0.0,1,225,0,none,0,none,0,0,0,no_alert_unknown,no_alert_not_final_benign,-1,dns,app_proto+port
2025-07-19T23:02:44.140446+0700,103.195.142.109,87.98.154.169,53,29671,UDP,flow,failed,862100881103315,,1,1,0,1437,0,0.0,1,1437,0,none,0,none,0,0,0,no_alert_unknown,no_alert_not_final_benign,-1,dns,port
2025-07-19T23:02:44.140465+0700,103.195.142.2,13.251.250.246,53,41615,UDP,flow,failed,759766151092916,,1,1,0,196,0,0.0,1,196,0,none,0,none,0,0,0,no_alert_unknown,no_alert_not_final_benign,-1,dns,port
2025-07-19T23:02:44.140494+0700,103.195.142.46,87.98.154.119,53,28512,UDP,flow,failed,866103476509408,,1,1,0,1437,0,0.0,1,1437,0,none,0,none,0,0,0,no_alert_unknown,no_alert_not_final_benign,-1,dns,port
2025-07-19T23:02:44.140513+0700,103.195.142.46,87.98.154.119,53,64340,UDP,flow,failed,1030761651985137,,1,1,0,1437,0,0.0,1,1437,0,none,0,none,0,0,0,no_alert_unknown,no_alert_not_final_benign,-1,dns,port
2025-07-19T23:02:44.140534+0700,103.195.142.196,87.98.154.141,53,16541,UDP,flow,failed,569497594321740,,1,1,0,1437,0,0.0,1,1437,0,none,0,none,0,0,0,no_alert_unknown,no_alert_not_final_benign,-1,dns,port
2025-07-19T23:02:44.140665+0700,103.195.142.75,8.8.8.8,3762,53,UDP,flow,dns,1175952551206109,,1,1,0,214,0,0.0,1,214,0,none,0,none,0,0,0,no_alert_unknown,no_alert_not_final_benign,-1,dns,app_proto+port
2025-07-19T23:02:44.140716+0700,103.195.142.76,87.98.154.202,53,55430,UDP,flow,failed,1363830319439133,,1,1,0,1469,0,0.0,1,1469,0,none,0,none,0,0,0,no_alert_unknown,no_alert_not_final_benign,-1,dns,port
2025-07-19T23:02:44.140737+0700,103.195.142.83,87.98.154.119,53,18872,UDP,flow,failed,1120814063312185,,1,1,0,1190,0,0.0,1,1190,0,none,0,none,0,0,0,no_alert_unknown,no_alert_not_final_benign,-1,dns,port
2025-07-19T23:02:44.140777+0700,103.195.142.75,8.8.8.8,48797,53,UDP,flow,dns,1016254247689536,,1,1,0,211,0,0.0,1,211,0,none,0,none,0,0,0,no_alert_unknown,no_alert_not_final_benign,-1,dns,app_proto+port
2025-07-19T23:02:44.140804+0700,103.195.142.109,87.98.154.119,53,16984,UDP,flow,failed,1149926309977436,,1,1,0,1437,0,0.0,1,1437,0,none,0,none,0,0,0,no_alert_unknown,no_alert_not_final_benign,-1,dns,port
2025-07-19T23:02:44.140824+0700,103.195.142.76,87.98.154.119,53,62487,UDP,flow,failed,643092597268002,,1,1,0,1469,0,0.0,1,1469,0,none,0,none,0,0,0,no_alert_unknown,no_alert_not_final_benign,-1,dns,port
2025-07-19T23:02:44.140842+0700,103.195.142.74,118.98.44.100,2478,53,UDP,flow,dns,1155912029068885,,1,1,0,85,0,0.0,1,85,0,none,0,none,0,0,0,no_alert_unknown,no_alert_not_final_benign,-1,dns,app_proto+port
2025-07-19T23:02:44.140896+0700,103.195.142.74,118.98.44.100,22063,53,UDP,flow,dns,566026098073291,,1,1,0,214,0,0.0,1,214,0,none,0,none,0,0,0,no_alert_unknown,no_alert_not_final_benign,-1,dns,app_proto+port
2025-07-19T23:02:44.140918+0700,103.195.142.74,118.98.44.20,11077,53,UDP,flow,dns,996144077561581,,1,1,0,214,0,0.0,1,214,0,none,0,none,0,0,0,no_alert_unknown,no_alert_not_final_benign,-1,dns,app_proto+port
2025-07-19T23:02:44.140978+0700,103.195.142.195,87.98.154.119,53,11663,UDP,flow,failed,1018637283647429,,1,1,0,1437,0,0.0,1,1437,0,none,0,none,0,0,0,no_alert_unknown,no_alert_not_final_benign,-1,dns,port
2025-07-19T23:02:44.141015+0700,103.195.142.196,87.98.154.177,53,29385,UDP,flow,failed,1245807197511688,,1,1,0,1437,0,0.0,1,1437,0,none,0,none,0,0,0,no_alert_unknown,no_alert_not_final_benign,-1,dns,port
2025-07-19T23:02:44.141040+0700,103.195.142.74,118.98.44.100,7093,53,UDP,flow,dns,833737956745294,,1,1,0,220,0,0.0,1,220,0,none,0,none,0,0,0,no_alert_unknown,no_alert_not_final_benign,-1,dns,app_proto+port
2025-07-19T23:02:44.141054+0700,103.195.142.46,87.98.154.243,53,61147,UDP,flow,failed,1254480753942624,,1,1,0,1437,0,0.0,1,1437,0,none,0,none,0,0,0,no_alert_unknown,no_alert_not_final_benign,-1,dns,port
2025-07-19T23:02:44.141084+0700,103.195.142.109,87.98.154.119,53,10303,UDP,flow,failed,1233600274718890,,1,1,0,1437,0,0.0,1,1437,0,none,0,none,0,0,0,no_alert_unknown,no_alert_not_final_benign,-1,dns,port
2025-07-19T23:02:44.141103+0700,103.195.142.83,87.98.154.254,53,8260,UDP,flow,failed,141313922916654,,1,3,0,3570,0,10.0,3,3570,0,none,0,none,0,0,0,no_alert_unknown,no_alert_not_final_benign,-1,dns,port
2025-07-19T23:02:44.141163+0700,103.195.142.2,172.217.44.209,53,63570,UDP,flow,failed,1278618362405408,,1,1,0,163,0,0.0,1,163,0,none,0,none,0,0,0,no_alert_unknown,no_alert_not_final_benign,-1,dns,port
2025-07-19T23:02:44.141176+0700,103.195.142.165,87.98.154.119,53,25599,UDP,flow,failed,887254314213957,,1,1,0,1437,0,0.0,1,1437,0,none,0,none,0,0,0,no_alert_unknown,no_alert_not_final_benign,-1,dns,port
2025-07-19T23:02:44.141189+0700,103.195.142.109,87.98.154.119,53,17566,UDP,flow,failed,898349187752694,,1,1,0,1437,0,0.0,1,1437,0,none,0,none,0,0,0,no_alert_unknown,no_alert_not_final_benign,-1,dns,port
2025-07-19T23:02:44.141254+0700,103.195.142.109,87.98.154.141,53,57206,UDP,flow,failed,1152128560948201,,1,1,0,1437,0,0.0,1,1437,0,none,0,none,0,0,0,no_alert_unknown,no_alert_not_final_benign,-1,dns,port
2025-07-19T23:02:44.141268+0700,103.195.142.195,87.98.154.68,53,51332,UDP,flow,failed,590582895436790,,1,1,0,1437,0,0.0,1,1437,0,none,0,none,0,0,0,no_alert_unknown,no_alert_not_final_benign,-1,dns,port
2025-07-19T23:02:44.141281+0700,103.195.142.46,87.98.154.119,53,56952,UDP,flow,failed,640263865525328,,1,1,0,1437,0,0.0,1,1437,0,none,0,none,0,0,0,no_alert_unknown,no_alert_not_final_benign,-1,dns,port
2025-07-19T23:02:44.141303+0700,103.195.142.83,87.98.154.119,53,38605,UDP,flow,failed,571970951079134,,1,1,0,1190,0,0.0,1,1190,0,none,0,none,0,0,0,no_alert_unknown,no_alert_not_final_benign,-1,dns,port
2025-07-19T23:02:44.141370+0700,103.195.142.83,87.98.154.119,53,36364,UDP,flow,failed,693980173067756,,1,1,0,1190,0,0.0,1,1190,0,none,0,none,0,0,0,no_alert_unknown,no_alert_not_final_benign,-1,dns,port
2025-07-19T23:02:44.141393+0700,103.195.142.195,87.98.154.117,53,48678,UDP,flow,failed,1236596884268533,,1,1,0,1437,0,0.0,1,1437,0,none,0,none,0,0,0,no_alert_unknown,no_alert_not_final_benign,-1,dns,port
2025-07-19T23:02:44.141439+0700,103.195.142.74,118.98.44.20,65347,53,UDP,flow,dns,1231393872832052,,1,1,0,184,0,0.0,1,184,0,none,0,none,0,0,0,no_alert_unknown,no_alert_not_final_benign,-1,dns,app_proto+port
2025-07-19T23:02:44.141454+0700,103.195.142.3,180.241.110.100,53,36590,UDP,flow,failed,1306934720226875,,1,1,0,138,0,0.0,1,138,0,none,0,none,0,0,0,no_alert_unknown,no_alert_not_final_benign,-1,dns,port
2025-07-19T23:02:44.141499+0700,103.195.142.196,87.98.154.165,53,4633,UDP,flow,failed,613551121393324,,1,1,0,1437,0,0.0,1,1437,0,none,0,none,0,0,0,no_alert_unknown,no_alert_not_final_benign,-1,dns,port
2025-07-19T23:02:44.141520+0700,103.195.142.74,118.98.44.20,61439,53,UDP,flow,dns,861720449804001,,1,1,0,214,0,0.0,1,214,0,none,0,none,0,0,0,no_alert_unknown,no_alert_not_final_benign,-1,dns,app_proto+port
2025-07-19T23:02:44.141554+0700,103.195.142.109,87.98.154.165,53,19077,UDP,flow,failed,790201006974754,,1,1,0,1437,0,0.0,1,1437,0,none,0,none,0,0,0,no_alert_unknown,no_alert_not_final_benign,-1,dns,port
2025-07-19T23:02:44.141645+0700,103.195.142.2,172.217.44.222,53,58767,UDP,flow,failed,698359013009393,,1,1,0,160,0,0.0,1,160,0,none,0,none,0,0,0,no_alert_unknown,no_alert_not_final_benign,-1,dns,port
2025-07-19T23:02:44.141657+0700,103.195.142.83,87.98.154.119,53,26633,UDP,flow,failed,1160629497063457,,1,1,0,1190,0,0.0,1,1190,0,none,0,none,0,0,0,no_alert_unknown,no_alert_not_final_benign,-1,dns,port
2025-07-19T23:02:44.141673+0700,103.195.142.165,87.98.154.119,53,20731,UDP,flow,failed,589900847933513,,1,1,0,1437,0,0.0,1,1437,0,none,0,none,0,0,0,no_alert_unknown,no_alert_not_final_benign,-1,dns,port
2025-07-19T23:02:44.141693+0700,103.195.142.195,87.98.154.119,53,15300,UDP,flow,failed,933411744868476,,1,1,0,1437,0,0.0,1,1437,0,none,0,none,0,0,0,no_alert_unknown,no_alert_not_final_benign,-1,dns,port
2025-07-19T23:02:44.141705+0700,103.195.142.2,180.241.27.157,53,25377,UDP,flow,failed,758700108310780,,1,1,0,132,0,0.0,1,132,0,none,0,none,0,0,0,no_alert_unknown,no_alert_not_final_benign,-1,dns,port
2025-07-19T23:02:44.141717+0700,103.195.142.165,87.98.154.101,53,13772,UDP,flow,failed,1395265260382809,,1,1,0,1437,0,0.0,1,1437,0,none,0,none,0,0,0,no_alert_unknown,no_alert_not_final_benign,-1,dns,port
2025-07-19T23:02:44.141768+0700,103.195.142.196,87.98.154.85,53,27566,UDP,flow,failed,1313386225560524,,1,1,0,1437,0,0.0,1,1437,0,none,0,none,0,0,0,no_alert_unknown,no_alert_not_final_benign,-1,dns,port
2025-07-19T23:02:44.141781+0700,103.195.142.83,87.98.154.54,53,9654,UDP,flow,failed,1228201754192888,,1,1,0,1190,0,0.0,1,1190,0,none,0,none,0,0,0,no_alert_unknown,no_alert_not_final_benign,-1,dns,port
2025-07-19T23:02:44.141792+0700,103.195.142.165,87.98.154.213,53,32220,UDP,flow,failed,511018555567110,,1,3,0,4311,0,9.0,3,4311,0,none,0,none,0,0,0,no_alert_unknown,no_alert_not_final_benign,-1,dns,port
2025-07-19T23:02:44.141821+0700,103.195.142.46,87.98.154.19,53,63768,UDP,flow,failed,632366705962094,,1,1,0,1437,0,0.0,1,1437,0,none,0,none,0,0,0,no_alert_unknown,no_alert_not_final_benign,-1,dns,port
2025-07-19T23:02:44.141851+0700,103.195.142.74,118.98.44.20,35106,53,UDP,flow,dns,705725260721293,,1,1,0,196,0,0.0,1,196,0,none,0,none,0,0,0,no_alert_unknown,no_alert_not_final_benign,-1,dns,app_proto+port
2025-07-19T23:02:44.141896+0700,103.195.142.196,87.98.154.119,53,31942,UDP,flow,failed,956918307974432,,1,1,0,1437,0,0.0,1,1437,0,none,0,none,0,0,0,no_alert_unknown,no_alert_not_final_benign,-1,dns,port
2025-07-19T23:02:44.141911+0700,103.195.142.2,51.38.107.72,53,49555,UDP,flow,failed,1135665150782830,,1,1,0,186,0,0.0,1,186,0,none,0,none,0,0,0,no_alert_unknown,no_alert_not_final_benign,-1,dns,port
2025-07-19T23:02:44.141978+0700,103.195.142.165,87.98.154.119,53,16883,UDP,flow,failed,913719218237159,,1,1,0,1437,0,0.0,1,1437,0,none,0,none,0,0,0,no_alert_unknown,no_alert_not_final_benign,-1,dns,port
2025-07-19T23:02:44.142009+0700,103.195.142.196,87.98.154.205,53,18131,UDP,flow,failed,929036739440407,,1,1,0,1437,0,0.0,1,1437,0,none,0,none,0,0,0,no_alert_unknown,no_alert_not_final_benign,-1,dns,port
2025-07-19T23:02:44.142035+0700,103.195.142.3,172.253.198.153,53,35383,UDP,flow,failed,1080148976627524,,1,1,0,212,0,0.0,1,212,0,none,0,none,0,0,0,no_alert_unknown,no_alert_not_final_benign,-1,dns,port
2025-07-19T23:02:44.142060+0700,103.195.142.74,118.98.44.20,29326,53,UDP,flow,dns,1089473650585438,,1,1,0,104,0,0.0,1,104,0,none,0,none,0,0,0,no_alert_unknown,no_alert_not_final_benign,-1,dns,app_proto+port
2025-07-19T23:02:44.142090+0700,103.195.142.83,87.98.154.119,53,42062,UDP,flow,failed,1174635647299634,,1,1,0,1190,0,0.0,1,1190,0,none,0,none,0,0,0,no_alert_unknown,no_alert_not_final_benign,-1,dns,port
2025-07-19T23:02:44.142111+0700,103.195.142.3,180.241.110.15,53,47617,UDP,flow,failed,1176513453125726,,1,1,0,181,0,0.0,1,181,0,none,0,none,0,0,0,no_alert_unknown,no_alert_not_final_benign,-1,dns,port
2025-07-19T23:02:44.142123+0700,103.195.142.74,118.98.44.50,11368,53,UDP,flow,dns,1365897636769901,,1,1,0,178,0,0.0,1,178,0,none,0,none,0,0,0,no_alert_unknown,no_alert_not_final_benign,-1,dns,app_proto+port
2025-07-19T23:02:44.142135+0700,103.195.142.2,74.125.17.251,53,43613,UDP,flow,failed,966793064640723,,1,1,0,208,0,0.0,1,208,0,none,0,none,0,0,0,no_alert_unknown,no_alert_not_final_benign,-1,dns,port
2025-07-19T23:02:44.142147+0700,103.195.142.74,202.134.0.155,18674,53,UDP,flow,dns,1112373551460685,,1,1,0,214,0,0.0,1,214,0,none,0,none,0,0,0,no_alert_unknown,no_alert_not_final_benign,-1,dns,app_proto+port
2025-07-19T23:02:44.142160+0700,103.195.142.46,87.98.154.119,53,1359,UDP,flow,failed,1205708906131903,,1,1,0,1437,0,0.0,1,1437,0,none,0,none,0,0,0,no_alert_unknown,no_alert_not_final_benign,-1,dns,port
2025-07-19T23:02:44.142226+0700,103.195.142.75,8.8.8.8,8927,53,UDP,flow,dns,1015705985577963,,1,1,0,91,0,0.0,1,91,0,none,0,none,0,0,0,no_alert_unknown,no_alert_not_final_benign,-1,dns,app_proto+port
2025-07-19T23:02:44.142252+0700,103.195.142.74,118.98.44.20,13821,53,UDP,flow,dns,885533822645600,,1,1,0,80,0,0.0,1,80,0,none,0,none,0,0,0,no_alert_unknown,no_alert_not_final_benign,-1,dns,app_proto+port
2025-07-19T23:02:44.142264+0700,103.195.142.74,50.28.104.44,64435,53,UDP,flow,dns,1087192693896767,,1,1,0,85,0,0.0,1,85,0,none,0,none,0,0,0,no_alert_unknown,no_alert_not_final_benign,-1,dns,app_proto+port
2025-07-19T23:02:44.142276+0700,103.195.142.83,87.98.154.54,53,61122,UDP,flow,failed,1322227346470523,,1,1,0,1190,0,0.0,1,1190,0,none,0,none,0,0,0,no_alert_unknown,no_alert_not_final_benign,-1,dns,port
2025-07-19T23:02:44.142288+0700,103.195.142.83,87.98.154.118,53,6634,UDP,flow,failed,1114171213313679,,1,1,0,1190,0,0.0,1,1190,0,none,0,none,0,0,0,no_alert_unknown,no_alert_not_final_benign,-1,dns,port
2025-07-19T23:02:44.142300+0700,103.195.142.165,87.98.154.119,53,29850,UDP,flow,failed,1157640726804175,,1,1,0,1437,0,0.0,1,1437,0,none,0,none,0,0,0,no_alert_unknown,no_alert_not_final_benign,-1,dns,port
2025-07-19T23:02:44.142358+0700,103.195.142.109,87.98.154.241,53,40466,UDP,flow,failed,885343527860174,,1,1,0,1437,0,0.0,1,1437,0,none,0,none,0,0,0,no_alert_unknown,no_alert_not_final_benign,-1,dns,port
2025-07-19T23:02:44.142463+0700,103.195.142.165,87.98.154.241,53,14828,UDP,flow,failed,1198627110090961,,1,1,0,1437,0,0.0,1,1437,0,none,0,none,0,0,0,no_alert_unknown,no_alert_not_final_benign,-1,dns,port
2025-07-19T23:02:44.142483+0700,103.195.142.2,162.158.92.10,53,17853,UDP,flow,failed,1338472564488484,,1,1,0,139,0,0.0,1,139,0,none,0,none,0,0,0,no_alert_unknown,no_alert_not_final_benign,-1,dns,port
2025-07-19T23:02:44.142535+0700,103.195.142.74,118.98.44.100,63021,53,UDP,flow,dns,1204250956101975,,1,1,0,109,0,0.0,1,109,0,none,0,none,0,0,0,no_alert_unknown,no_alert_not_final_benign,-1,dns,app_proto+port
2025-07-19T23:02:44.142548+0700,103.195.142.46,87.98.154.119,53,41985,UDP,flow,failed,1162557237131693,,1,1,0,1437,0,0.0,1,1437,0,none,0,none,0,0,0,no_alert_unknown,no_alert_not_final_benign,-1,dns,port
2025-07-19T23:02:44.142560+0700,103.195.142.46,87.98.154.118,53,18887,UDP,flow,failed,897814233446924,,1,1,0,1437,0,0.0,1,1437,0,none,0,none,0,0,0,no_alert_unknown,no_alert_not_final_benign,-1,dns,port
2025-07-19T23:02:44.142571+0700,103.195.142.196,87.98.154.149,53,49420,UDP,flow,failed,1163488685095480,,1,1,0,1437,0,0.0,1,1437,0,none,0,none,0,0,0,no_alert_unknown,no_alert_not_final_benign,-1,dns,port
2025-07-19T23:02:44.142583+0700,103.195.142.109,87.98.154.118,53,62539,UDP,flow,failed,1333147201469183,,1,1,0,1437,0,0.0,1,1437,0,none,0,none,0,0,0,no_alert_unknown,no_alert_not_final_benign,-1,dns,port
2025-07-19T23:02:44.142620+0700,103.195.142.75,8.8.8.8,49765,53,UDP,flow,dns,1243367714225157,,1,1,0,178,0,0.0,1,178,0,none,0,none,0,0,0,no_alert_unknown,no_alert_not_final_benign,-1,dns,app_proto+port
2025-07-19T23:02:44.142639+0700,103.195.142.165,87.98.154.119,53,44154,UDP,flow,failed,1310550402170007,,1,1,0,1437,0,0.0,1,1437,0,none,0,none,0,0,0,no_alert_unknown,no_alert_not_final_benign,-1,dns,port
2025-07-19T23:02:44.142675+0700,103.195.142.46,87.98.154.83,53,20632,UDP,flow,failed,845272272829652,,1,1,0,1437,0,0.0,1,1437,0,none,0,none,0,0,0,no_alert_unknown,no_alert_not_final_benign,-1,dns,port
2025-07-19T23:02:44.142719+0700,103.195.142.74,118.98.44.100,2161,53,UDP,flow,dns,870383038791173,,1,1,0,81,0,0.0,1,81,0,none,0,none,0,0,0,no_alert_unknown,no_alert_not_final_benign,-1,dns,app_proto+port
2025-07-19T23:02:44.142748+0700,103.195.142.83,87.98.154.119,53,5103,UDP,flow,failed,862663602830892,,1,1,0,1190,0,0.0,1,1190,0,none,0,none,0,0,0,no_alert_unknown,no_alert_not_final_benign,-1,dns,port
2025-07-19T23:02:44.142760+0700,103.195.142.3,172.253.251.60,53,54522,UDP,flow,failed,864584340504241,,1,1,0,212,0,0.0,1,212,0,none,0,none,0,0,0,no_alert_unknown,no_alert_not_final_benign,-1,dns,port
2025-07-19T23:02:44.142772+0700,103.195.142.109,87.98.154.25,53,36098,UDP,flow,failed,1153374579359544,,1,1,0,1437,0,0.0,1,1437,0,none,0,none,0,0,0,no_alert_unknown,no_alert_not_final_benign,-1,dns,port
2025-07-19T23:02:44.142799+0700,103.195.142.165,87.98.154.119,53,39787,UDP,flow,failed,1221437375545480,,1,1,0,1437,0,0.0,1,1437,0,none,0,none,0,0,0,no_alert_unknown,no_alert_not_final_benign,-1,dns,port
2025-07-19T23:02:44.142831+0700,103.195.142.109,87.98.154.118,53,49850,UDP,flow,failed,1046660202725689,,1,1,0,1437,0,0.0,1,1437,0,none,0,none,0,0,0,no_alert_unknown,no_alert_not_final_benign,-1,dns,port
2025-07-19T23:02:44.142883+0700,103.195.142.195,87.98.154.118,53,18825,UDP,flow,failed,1407212355420927,,1,1,0,1437,0,0.0,1,1437,0,none,0,none,0,0,0,no_alert_unknown,no_alert_not_final_benign,-1,dns,port
2025-07-19T23:02:44.142899+0700,103.195.142.75,8.8.8.8,58350,53,UDP,flow,dns,1279685731713862,,1,1,0,68,0,0.0,1,68,0,none,0,none,0,0,0,no_alert_unknown,no_alert_not_final_benign,-1,dns,app_proto+port
2025-07-19T23:02:44.147103+0700,103.195.142.75,8.8.8.8,54675,53,UDP,dns,,1194754086206062,wire/pcap,0,0,0,0,0,0.0,0,0,0,none,0,none,0,0,0,no_alert_unknown,no_alert_not_final_benign,-1,dns,port
2025-07-19T23:02:44.147460+0700,103.195.142.74,118.98.44.50,51395,53,UDP,dns,,1196288612014074,wire/pcap,0,0,0,0,0,0.0,0,0,0,none,0,none,0,0,0,no_alert_unknown,no_alert_not_final_benign,-1,dns,port
2025-07-19T23:02:44.149457+0700,103.195.142.75,8.8.8.8,49989,53,UDP,dns,,1204864639954272,wire/pcap,0,0,0,0,0,0.0,0,0,0,none,0,none,0,0,0,no_alert_unknown,no_alert_not_final_benign,-1,dns,port
2025-07-19T23:02:44.166909+0700,103.195.142.74,118.98.44.100,53712,53,UDP,dns,,1279819127208013,wire/pcap,0,0,0,0,0,0.0,0,0,0,none,0,none,0,0,0,no_alert_unknown,no_alert_not_final_benign,-1,dns,port
2025-07-19T23:02:44.167052+0700,103.195.142.74,118.98.44.50,19918,53,UDP,dns,,1280436147563149,wire/pcap,0,0,0,0,0,0.0,0,0,0,none,0,none,0,0,0,no_alert_unknown,no_alert_not_final_benign,-1,dns,port
2025-07-19T23:02:44.176999+0700,103.195.142.75,8.8.8.8,50276,53,UDP,dns,,1323156590961759,wire/pcap,0,0,0,0,0,0.0,0,0,0,none,0,none,0,0,0,no_alert_unknown,no_alert_not_final_benign,-1,dns,port
2025-07-19T23:02:44.182881+0700,103.195.142.74,118.98.44.100,21426,53,UDP,dns,,1348418752212487,wire/pcap,0,0,0,0,0,0.0,0,0,0,none,0,none,0,0,0,no_alert_unknown,no_alert_not_final_benign,-1,dns,port
2025-07-19T23:02:44.188741+0700,103.195.142.75,8.8.8.8,3953,53,UDP,dns,,1373589617658681,wire/pcap,0,0,0,0,0,0.0,0,0,0,none,0,none,0,0,0,no_alert_unknown,no_alert_not_final_benign,-1,dns,port
2025-07-19T23:02:44.194404+0700,103.195.142.75,208.74.121.116,56337,53,UDP,dns,,1397911794433716,wire/pcap,0,0,0,0,0,0.0,0,0,0,none,0,none,0,0,0,no_alert_unknown,no_alert_not_final_benign,-1,dns,port
2025-07-19T23:02:44.203819+0700,103.195.142.74,202.134.0.155,48271,53,UDP,dns,,1156874541997772,wire/pcap,0,0,0,0,0,0.0,0,0,0,none,0,none,0,0,0,no_alert_unknown,no_alert_not_final_benign,-1,dns,port
2025-07-19T23:02:44.227608+0700,103.195.142.74,118.98.44.100,22689,53,UDP,dns,,1259045082358623,wire/pcap,0,0,0,0,0,0.0,0,0,0,none,0,none,0,0,0,no_alert_unknown,no_alert_not_final_benign,-1,dns,port
2025-07-19T23:02:44.235802+0700,103.195.142.75,8.8.8.8,46637,53,UDP,dns,,1294239678171044,wire/pcap,0,0,0,0,0,0.0,0,0,0,none,0,none,0,0,0,no_alert_unknown,no_alert_not_final_benign,-1,dns,port
2025-07-19T23:02:44.239235+0700,103.195.142.75,69.39.238.37,4067,53,UDP,dns,,1308984826927260,wire/pcap,0,0,0,0,0,0.0,0,0,0,none,0,none,0,0,0,no_alert_unknown,no_alert_not_final_benign,-1,dns,port
2025-07-19T23:02:44.251573+0700,103.195.142.74,118.98.44.20,48020,53,UDP,dns,,1361975065455316,wire/pcap,0,0,0,0,0,0.0,0,0,0,none,0,none,0,0,0,no_alert_unknown,no_alert_not_final_benign,-1,dns,port
2025-07-19T23:02:44.251651+0700,103.195.142.74,118.98.44.20,12399,53,UDP,dns,,1362311347296121,wire/pcap,0,0,0,0,0,0.0,0,0,0,none,0,none,0,0,0,no_alert_unknown,no_alert_not_final_benign,-1,dns,port
2025-07-19T23:02:44.274389+0700,103.195.142.74,118.98.44.100,17190,53,UDP,dns,,1178495018328233,wire/pcap,0,0,0,0,0,0.0,0,0,0,none,0,none,0,0,0,no_alert_unknown,no_alert_not_final_benign,-1,dns,port
2025-07-19T23:02:44.290678+0700,103.195.142.239,8.8.8.8,59931,53,UDP,dns,,1984056319393614,wire/pcap,0,0,0,0,0,0.0,0,0,0,none,0,none,0,0,0,no_alert_unknown,no_alert_not_final_benign,-1,dns,port
2025-07-19T23:02:44.291329+0700,103.195.142.74,118.98.44.50,16504,53,UDP,dns,,1251248593405023,wire/pcap,0,0,0,0,0,0.0,0,0,0,none,0,none,0,0,0,no_alert_unknown,no_alert_not_final_benign,-1,dns,port
2025-07-19T23:02:44.291403+0700,103.195.142.74,118.98.44.20,20587,53,UDP,dns,,1251568386713606,wire/pcap,0,0,0,0,0,0.0,0,0,0,none,0,none,0,0,0,no_alert_unknown,no_alert_not_final_benign,-1,dns,port
2025-07-19T23:02:44.295617+0700,103.195.142.74,118.98.44.50,20865,53,UDP,dns,,1269666236698766,wire/pcap,0,0,0,0,0,0.0,0,0,0,none,0,none,0,0,0,no_alert_unknown,no_alert_not_final_benign,-1,dns,port
2025-07-19T23:02:44.296224+0700,103.195.142.74,118.98.44.100,36903,53,UDP,flow,dns,1636838889031094,,1,1,0,214,0,0.0,1,214,0,none,0,none,0,0,0,no_alert_unknown,no_alert_not_final_benign,-1,dns,app_proto+port
2025-07-19T23:02:44.299420+0700,103.195.142.74,118.98.44.50,43876,53,UDP,dns,,1286000697453915,wire/pcap,0,0,0,0,0,0.0,0,0,0,none,0,none,0,0,0,no_alert_unknown,no_alert_not_final_benign,-1,dns,port
2025-07-19T23:02:44.354906+0700,103.195.142.74,118.98.44.20,29252,53,UDP,dns,,1242838929650527,wire/pcap,0,0,0,0,0,0.0,0,0,0,none,0,none,0,0,0,no_alert_unknown,no_alert_not_final_benign,-1,dns,port
2025-07-19T23:02:44.367170+0700,103.195.142.74,118.98.44.50,15081,53,UDP,dns,,1295508362538534,wire/pcap,0,0,0,0,0,0.0,0,0,0,none,0,none,0,0,0,no_alert_unknown,no_alert_not_final_benign,-1,dns,port
2025-07-19T23:02:44.374592+0700,103.195.142.75,69.39.238.37,27688,53,UDP,dns,,1327389373156844,wire/pcap,0,0,0,0,0,0.0,0,0,0,none,0,none,0,0,0,no_alert_unknown,no_alert_not_final_benign,-1,dns,port
2025-07-19T23:02:44.419509+0700,103.195.142.74,118.98.44.20,34136,53,UDP,flow,dns,1583981599647856,,1,1,0,214,0,0.0,1,214,0,none,0,none,0,0,0,no_alert_unknown,no_alert_not_final_benign,-1,dns,app_proto+port
2025-07-19T23:02:44.474490+0700,103.195.142.74,118.98.44.50,61350,53,UDP,dns,,1193494223686364,wire/pcap,0,0,0,0,0,0.0,0,0,0,none,0,none,0,0,0,no_alert_unknown,no_alert_not_final_benign,-1,dns,port
2025-07-19T23:02:44.474637+0700,103.195.142.74,118.98.44.20,53409,53,UDP,dns,,1194126079208232,wire/pcap,0,0,0,0,0,0.0,0,0,0,none,0,none,0,0,0,no_alert_unknown,no_alert_not_final_benign,-1,dns,port
2025-07-19T23:02:44.492978+0700,103.195.142.74,118.98.44.20,40740,53,UDP,dns,,1272903328425230,wire/pcap,0,0,0,0,0,0.0,0,0,0,none,0,none,0,0,0,no_alert_unknown,no_alert_not_final_benign,-1,dns,port
2025-07-19T23:02:44.510883+0700,103.195.142.75,8.8.8.8,10739,53,UDP,dns,,1349802716900796,wire/pcap,0,0,0,0,0,0.0,0,0,0,none,0,none,0,0,0,no_alert_unknown,no_alert_not_final_benign,-1,dns,port
2025-07-19T23:02:44.511024+0700,103.195.142.75,8.8.8.8,28116,53,UDP,dns,,1350409453522104,wire/pcap,0,0,0,0,0,0.0,0,0,0,none,0,none,0,0,0,no_alert_unknown,no_alert_not_final_benign,-1,dns,port
2025-07-19T23:02:44.519360+0700,103.195.142.74,202.134.0.155,43032,53,UDP,dns,,1386213216253312,wire/pcap,0,0,0,0,0,0.0,0,0,0,none,0,none,0,0,0,no_alert_unknown,no_alert_not_final_benign,-1,dns,port
2025-07-19T23:02:44.526492+0700,103.195.142.74,118.98.44.100,57105,53,UDP,dns,,1135367027494364,wire/pcap,0,0,0,0,0,0.0,0,0,0,none,0,none,0,0,0,no_alert_unknown,no_alert_not_final_benign,-1,dns,port
2025-07-19T23:02:44.537120+0700,103.195.142.74,118.98.44.20,31033,53,UDP,dns,,1181013445112680,wire/pcap,0,0,0,0,0,0.0,0,0,0,none,0,none,0,0,0,no_alert_unknown,no_alert_not_final_benign,-1,dns,port
2025-07-19T23:02:44.552433+0700,103.195.142.75,8.8.8.8,39630,53,UDP,dns,,1246783606336461,wire/pcap,0,0,0,0,0,0.0,0,0,0,none,0,none,0,0,0,no_alert_unknown,no_alert_not_final_benign,-1,dns,port
2025-07-19T23:02:44.552526+0700,103.195.142.75,8.8.8.8,36370,53,UDP,dns,,1247184683883796,wire/pcap,0,0,0,0,0,0.0,0,0,0,none,0,none,0,0,0,no_alert_unknown,no_alert_not_final_benign,-1,dns,port
2025-07-19T23:02:44.552816+0700,103.195.142.74,202.134.0.155,53027,53,UDP,dns,,1248428138668305,wire/pcap,0,0,0,0,0,0.0,0,0,0,none,0,none,0,0,0,no_alert_unknown,no_alert_not_final_benign,-1,dns,port
2025-07-19T23:02:44.560291+0700,103.195.142.74,202.134.0.155,7713,53,UDP,dns,,1280535745945395,wire/pcap,0,0,0,0,0,0.0,0,0,0,none,0,none,0,0,0,no_alert_unknown,no_alert_not_final_benign,-1,dns,port
2025-07-19T23:02:44.578130+0700,103.195.142.75,8.8.8.8,7096,53,UDP,dns,,1357151355453377,wire/pcap,0,0,0,0,0,0.0,0,0,0,none,0,none,0,0,0,no_alert_unknown,no_alert_not_final_benign,-1,dns,port
2025-07-19T23:02:44.584310+0700,103.195.142.75,8.8.8.8,37623,53,UDP,dns,,1383695996604210,wire/pcap,0,0,0,0,0,0.0,0,0,0,none,0,none,0,0,0,no_alert_unknown,no_alert_not_final_benign,-1,dns,port
2025-07-19T23:02:44.594943+0700,103.195.142.74,118.98.44.100,8651,53,UDP,dns,,1147886352382071,wire/pcap,0,0,0,0,0,0.0,0,0,0,none,0,none,0,0,0,no_alert_unknown,no_alert_not_final_benign,-1,dns,port
2025-07-19T23:02:44.606385+0700,103.195.142.74,118.98.44.50,10380,53,UDP,dns,,1197029381797771,wire/pcap,0,0,0,0,0,0.0,0,0,0,none,0,none,0,0,0,no_alert_unknown,no_alert_not_final_benign,-1,dns,port
2025-07-19T23:02:44.615147+0700,103.195.142.74,118.98.44.50,52999,53,UDP,dns,,1234663091691429,wire/pcap,0,0,0,0,0,0.0,0,0,0,none,0,none,0,0,0,no_alert_unknown,no_alert_not_final_benign,-1,dns,port
2025-07-19T23:02:44.615230+0700,103.195.142.74,118.98.44.100,32704,53,UDP,dns,,1235020288583910,wire/pcap,0,0,0,0,0,0.0,0,0,0,none,0,none,0,0,0,no_alert_unknown,no_alert_not_final_benign,-1,dns,port
2025-07-19T23:02:44.626342+0700,103.195.142.196,87.98.154.119,53,21346,UDP,flow,failed,1491193444793757,,1,1,0,1437,0,0.0,1,1437,0,none,0,none,0,0,0,no_alert_unknown,no_alert_not_final_benign,-1,dns,port
2025-07-19T23:02:44.647472+0700,103.195.142.74,202.134.0.155,40410,53,UDP,dns,,1373497269254607,wire/pcap,0,0,0,0,0,0.0,0,0,0,none,0,none,0,0,0,no_alert_unknown,no_alert_not_final_benign,-1,dns,port
2025-07-19T23:02:44.670699+0700,103.195.142.74,202.134.0.155,9658,53,UDP,dns,,1191781163643597,wire/pcap,0,0,0,0,0,0.0,0,0,0,none,0,none,0,0,0,no_alert_unknown,no_alert_not_final_benign,-1,dns,port
2025-07-19T23:02:44.696304+0700,103.195.142.75,8.8.8.8,47517,53,UDP,dns,,1301755601183455,wire/pcap,0,0,0,0,0,0.0,0,0,0,none,0,none,0,0,0,no_alert_unknown,no_alert_not_final_benign,-1,dns,port
2025-07-19T23:02:44.705232+0700,103.195.142.74,118.98.44.50,29746,53,UDP,dns,,1340098756122421,wire/pcap,0,0,0,0,0,0.0,0,0,0,none,0,none,0,0,0,no_alert_unknown,no_alert_not_final_benign,-1,dns,port
2025-07-19T23:02:44.709693+0700,103.195.142.74,208.91.112.55,8791,53,UDP,dns,,1359262434297108,wire/pcap,0,0,0,0,0,0.0,0,0,0,none,0,none,0,0,0,no_alert_unknown,no_alert_not_final_benign,-1,dns,port
2025-07-19T23:02:44.716343+0700,103.195.142.74,50.28.32.153,56830,53,UDP,dns,,1387821547811646,wire/pcap,0,0,0,0,0,0.0,0,0,0,none,0,none,0,0,0,no_alert_unknown,no_alert_not_final_benign,-1,dns,port
2025-07-19T23:02:44.737052+0700,103.195.142.74,208.91.112.55,51482,53,UDP,dns,,1195290397347257,wire/pcap,0,0,0,0,0,0.0,0,0,0,none,0,none,0,0,0,no_alert_unknown,no_alert_not_final_benign,-1,dns,port
2025-07-19T23:02:44.748209+0700,103.195.142.74,118.98.44.100,57439,53,UDP,dns,,1243209438350824,wire/pcap,0,0,0,0,0,0.0,0,0,0,none,0,none,0,0,0,no_alert_unknown,no_alert_not_final_benign,-1,dns,port
2025-07-19T23:02:44.753259+0700,103.195.142.74,202.134.0.155,47493,53,UDP,dns,,1264901097692537,wire/pcap,0,0,0,0,0,0.0,0,0,0,none,0,none,0,0,0,no_alert_unknown,no_alert_not_final_benign,-1,dns,port
2025-07-19T23:02:44.764149+0700,103.195.142.74,118.98.44.50,52094,53,UDP,dns,,1311670515053583,wire/pcap,0,0,0,0,0,0.0,0,0,0,none,0,none,0,0,0,no_alert_unknown,no_alert_not_final_benign,-1,dns,port
2025-07-19T23:02:44.764230+0700,103.195.142.74,118.98.44.50,55435,53,UDP,dns,,1312019396289994,wire/pcap,0,0,0,0,0,0.0,0,0,0,none,0,none,0,0,0,no_alert_unknown,no_alert_not_final_benign,-1,dns,port
2025-07-19T23:02:44.773955+0700,103.195.142.74,118.98.44.50,22715,53,UDP,dns,,1353790669594556,wire/pcap,0,0,0,0,0,0.0,0,0,0,none,0,none,0,0,0,no_alert_unknown,no_alert_not_final_benign,-1,dns,port
2025-07-19T23:02:44.774424+0700,103.195.142.75,8.8.8.8,29012,53,UDP,dns,,1355804952851588,wire/pcap,0,0,0,0,0,0.0,0,0,0,none,0,none,0,0,0,no_alert_unknown,no_alert_not_final_benign,-1,dns,port
2025-07-19T23:02:44.776152+0700,103.195.142.74,118.98.44.50,1697,53,UDP,dns,,1363223900558529,wire/pcap,0,0,0,0,0,0.0,0,0,0,none,0,none,0,0,0,no_alert_unknown,no_alert_not_final_benign,-1,dns,port
2025-07-19T23:02:44.790536+0700,103.195.142.74,118.98.44.20,47903,53,UDP,dns,,1143530253625355,wire/pcap,0,0,0,0,0,0.0,0,0,0,none,0,none,0,0,0,no_alert_unknown,no_alert_not_final_benign,-1,dns,port
2025-07-19T23:02:44.791392+0700,103.195.142.74,118.98.44.50,49130,53,UDP,dns,,1147205341562830,wire/pcap,0,0,0,0,0,0.0,0,0,0,none,0,none,0,0,0,no_alert_unknown,no_alert_not_final_benign,-1,dns,port
2025-07-19T23:02:44.792230+0700,103.195.142.74,118.98.44.20,17277,53,UDP,dns,,1150803032684791,wire/pcap,0,0,0,0,0,0.0,0,0,0,none,0,none,0,0,0,no_alert_unknown,no_alert_not_final_benign,-1,dns,port
2025-07-19T23:02:44.792850+0700,103.195.142.74,202.134.0.155,8160,53,UDP,dns,,1153465687525384,wire/pcap,0,0,0,0,0,0.0,0,0,0,none,0,none,0,0,0,no_alert_unknown,no_alert_not_final_benign,-1,dns,port
2025-07-19T23:02:44.796114+0700,103.195.142.75,8.8.8.8,30123,53,UDP,dns,,1167487038862705,wire/pcap,0,0,0,0,0,0.0,0,0,0,none,0,none,0,0,0,no_alert_unknown,no_alert_not_final_benign,-1,dns,port
2025-07-19T23:02:44.798433+0700,103.195.142.74,202.134.0.155,24090,53,UDP,dns,,1177445984418504,wire/pcap,0,0,0,0,0,0.0,0,0,0,none,0,none,0,0,0,no_alert_unknown,no_alert_not_final_benign,-1,dns,port
2025-07-19T23:02:44.807320+0700,103.195.142.74,118.98.44.20,43359,53,UDP,dns,,1215617430881780,wire/pcap,0,0,0,0,0,0.0,0,0,0,none,0,none,0,0,0,no_alert_unknown,no_alert_not_final_benign,-1,dns,port
2025-07-19T23:02:44.821444+0700,103.195.142.74,34.8.38.57,24401,53,UDP,dns,,1276276601902777,wire/pcap,0,0,0,0,0,0.0,0,0,0,none,0,none,0,0,0,no_alert_unknown,no_alert_not_final_benign,-1,dns,port
2025-07-19T23:02:44.821529+0700,103.195.142.74,118.98.44.50,14937,53,UDP,dns,,1276641435644639,wire/pcap,0,0,0,0,0,0.0,0,0,0,none,0,none,0,0,0,no_alert_unknown,no_alert_not_final_benign,-1,dns,port
2025-07-19T23:02:44.847847+0700,103.195.142.74,34.8.196.142,59632,53,UDP,dns,,1389678426212843,wire/pcap,0,0,0,0,0,0.0,0,0,0,none,0,none,0,0,0,no_alert_unknown,no_alert_not_final_benign,-1,dns,port
2025-07-19T23:02:44.853260+0700,103.195.142.74,118.98.44.20,26565,53,UDP,dns,,1131450784969679,wire/pcap,0,0,0,0,0,0.0,0,0,0,none,0,none,0,0,0,no_alert_unknown,no_alert_not_final_benign,-1,dns,port
2025-07-19T23:02:44.861053+0700,103.195.142.75,8.8.8.8,35114,53,UDP,dns,,1164921803891459,wire/pcap,0,0,0,0,0,0.0,0,0,0,none,0,none,0,0,0,no_alert_unknown,no_alert_not_final_benign,-1,dns,port
2025-07-19T23:02:44.861563+0700,103.195.142.74,202.134.0.155,39688,53,UDP,dns,,1167112312008337,wire/pcap,0,0,0,0,0,0.0,0,0,0,none,0,none,0,0,0,no_alert_unknown,no_alert_not_final_benign,-1,dns,port
2025-07-19T23:02:44.864350+0700,103.195.142.74,202.134.0.155,36545,53,UDP,dns,,1179084464872006,wire/pcap,0,0,0,0,0,0.0,0,0,0,none,0,none,0,0,0,no_alert_unknown,no_alert_not_final_benign,-1,dns,port
2025-07-19T23:02:44.874142+0700,103.195.142.74,118.98.44.50,40810,53,UDP,dns,,1221137717117625,wire/pcap,0,0,0,0,0,0.0,0,0,0,none,0,none,0,0,0,no_alert_unknown,no_alert_not_final_benign,-1,dns,port
2025-07-19T23:02:44.892593+0700,103.195.142.75,8.8.8.8,30813,53,UDP,dns,,1300383943061334,wire/pcap,0,0,0,0,0,0.0,0,0,0,none,0,none,0,0,0,no_alert_unknown,no_alert_not_final_benign,-1,dns,port
2025-07-19T23:02:44.893412+0700,103.195.142.75,8.8.8.8,39359,53,UDP,dns,,1303903675406413,wire/pcap,0,0,0,0,0,0.0,0,0,0,none,0,none,0,0,0,no_alert_unknown,no_alert_not_final_benign,-1,dns,port
2025-07-19T23:02:44.902119+0700,103.195.142.74,202.134.0.155,60910,53,UDP,dns,,1341299492798627,wire/pcap,0,0,0,0,0,0.0,0,0,0,none,0,none,0,0,0,no_alert_unknown,no_alert_not_final_benign,-1,dns,port
2025-07-19T23:02:44.911549+0700,103.195.142.75,8.8.8.8,14978,53,UDP,dns,,1381798403381983,wire/pcap,0,0,0,0,0,0.0,0,0,0,none,0,none,0,0,0,no_alert_unknown,no_alert_not_final_benign,-1,dns,port
2025-07-19T23:02:44.912862+0700,103.195.142.74,118.98.44.100,9947,53,UDP,dns,,1387440559966053,wire/pcap,0,0,0,0,0,0.0,0,0,0,none,0,none,0,0,0,no_alert_unknown,no_alert_not_final_benign,-1,dns,port
2025-07-19T23:02:44.916249+0700,103.195.142.108,8.8.8.8,1900,53,UDP,dns,,1216074754602613,wire/pcap,0,0,0,0,0,0.0,0,0,0,none,0,none,0,0,0,no_alert_unknown,no_alert_not_final_benign,-1,dns,port
2025-07-19T23:02:44.949623+0700,103.195.142.74,118.98.44.20,12719,53,UDP,dns,,1263852703547693,wire/pcap,0,0,0,0,0,0.0,0,0,0,none,0,none,0,0,0,no_alert_unknown,no_alert_not_final_benign,-1,dns,port
2025-07-19T23:02:44.949626+0700,103.195.142.74,118.98.44.100,50086,53,UDP,dns,,1263865732324610,wire/pcap,0,0,0,0,0,0.0,0,0,0,none,0,none,0,0,0,no_alert_unknown,no_alert_not_final_benign,-1,dns,port
2025-07-19T23:02:44.959072+0700,103.195.142.74,118.98.44.100,44039,53,UDP,dns,,1304437188398550,wire/pcap,0,0,0,0,0,0.0,0,0,0,none,0,none,0,0,0,no_alert_unknown,no_alert_not_final_benign,-1,dns,port
2025-07-19T23:02:44.963737+0700,103.195.142.74,118.98.44.20,44771,53,UDP,dns,,1324469418552005,wire/pcap,0,0,0,0,0,0.0,0,0,0,none,0,none,0,0,0,no_alert_unknown,no_alert_not_final_benign,-1,dns,port
2025-07-19T23:02:44.994115+0700,103.195.142.75,8.8.8.8,14087,53,UDP,dns,,1173470791736199,wire/pcap,0,0,0,0,0,0.0,0,0,0,none,0,none,0,0,0,no_alert_unknown,no_alert_not_final_benign,-1,dns,port
2025-07-19T23:02:44.994176+0700,103.195.142.75,208.74.121.116,15305,53,UDP,dns,,1173730824475051,wire/pcap,0,0,0,0,0,0.0,0,0,0,none,0,none,0,0,0,no_alert_unknown,no_alert_not_final_benign,-1,dns,port
2025-07-19T23:02:45.052996+0700,103.195.142.74,118.98.44.50,13778,53,UDP,dns,,1634992838899540,wire/pcap,0,0,0,0,0,0.0,0,0,0,none,0,none,0,0,0,no_alert_unknown,no_alert_not_final_benign,-1,dns,port
2025-07-19T23:02:45.053106+0700,103.195.142.74,202.134.0.155,34415,53,UDP,dns,,1635467511399962,wire/pcap,0,0,0,0,0,0.0,0,0,0,none,0,none,0,0,0,no_alert_unknown,no_alert_not_final_benign,-1,dns,port
2025-07-19T23:02:45.099114+0700,103.195.142.74,118.98.44.100,13031,53,UDP,dns,,1551592080769029,wire/pcap,0,0,0,0,0,0.0,0,0,0,none,0,none,0,0,0,no_alert_unknown,no_alert_not_final_benign,-1,dns,port
2025-07-19T23:02:45.099253+0700,103.195.142.74,118.98.44.50,47078,53,UDP,dns,,1552190988954363,wire/pcap,0,0,0,0,0,0.0,0,0,0,none,0,none,0,0,0,no_alert_unknown,no_alert_not_final_benign,-1,dns,port
2025-07-19T23:02:45.118551+0700,103.195.142.76,87.98.154.174,53,47399,UDP,flow,failed,1629405092807531,,1,1,0,1469,0,0.0,1,1469,0,none,0,none,0,0,0,no_alert_unknown,no_alert_not_final_benign,-1,dns,port
2025-07-19T23:02:45.118772+0700,103.195.142.74,118.98.44.20,60065,53,UDP,flow,dns,1130417527620778,,1,1,0,87,0,0.0,1,87,0,none,0,none,0,0,0,no_alert_unknown,no_alert_not_final_benign,-1,dns,app_proto+port
2025-07-19T23:02:45.118894+0700,103.195.142.76,87.98.154.119,53,9682,UDP,flow,failed,1006198025782507,,1,1,0,1469,0,0.0,1,1469,0,none,0,none,0,0,0,no_alert_unknown,no_alert_not_final_benign,-1,dns,port
2025-07-19T23:02:45.118915+0700,103.195.142.3,180.241.110.94,53,58311,UDP,flow,failed,1531660975441156,,1,1,0,127,0,0.0,1,127,0,none,0,none,0,0,0,no_alert_unknown,no_alert_not_final_benign,-1,dns,port
2025-07-19T23:02:45.118967+0700,103.195.142.165,87.98.154.13,53,35687,UDP,flow,failed,1163453207250227,,1,1,0,1437,0,0.0,1,1437,0,none,0,none,0,0,0,no_alert_unknown,no_alert_not_final_benign,-1,dns,port
2025-07-19T23:02:45.119008+0700,103.195.142.74,118.98.44.50,31502,53,UDP,flow,dns,1474751793431937,,1,1,0,101,0,0.0,1,101,0,none,0,none,0,0,0,no_alert_unknown,no_alert_not_final_benign,-1,dns,app_proto+port
2025-07-19T23:02:45.119041+0700,103.195.142.76,87.98.154.119,53,33677,UDP,flow,failed,981139389187493,,1,1,0,1469,0,0.0,1,1469,0,none,0,none,0,0,0,no_alert_unknown,no_alert_not_final_benign,-1,dns,port
2025-07-19T23:02:45.119060+0700,103.195.142.196,87.98.154.119,53,45476,UDP,flow,failed,1571592885667301,,1,1,0,1437,0,0.0,1,1437,0,none,0,none,0,0,0,no_alert_unknown,no_alert_not_final_benign,-1,dns,port
2025-07-19T23:02:45.119108+0700,103.195.142.75,8.8.8.8,3893,53,UDP,flow,dns,252350918329887,,1,2,0,456,0,5.0,2,456,0,none,0,none,0,0,0,no_alert_unknown,no_alert_not_final_benign,-1,dns,app_proto+port
2025-07-19T23:02:45.119172+0700,103.195.142.76,87.98.154.142,53,7203,UDP,flow,failed,1036587369924134,,1,1,0,1469,0,0.0,1,1469,0,none,0,none,0,0,0,no_alert_unknown,no_alert_not_final_benign,-1,dns,port
2025-07-19T23:02:45.119201+0700,103.195.142.74,202.134.0.155,27818,53,UDP,flow,dns,921993071593098,,1,1,0,81,0,0.0,1,81,0,none,0,none,0,0,0,no_alert_unknown,no_alert_not_final_benign,-1,dns,app_proto+port
2025-07-19T23:02:45.119235+0700,103.195.142.75,8.8.8.8,26050,53,UDP,flow,dns,1243462034032356,,1,1,0,250,0,0.0,1,250,0,none,0,none,0,0,0,no_alert_unknown,no_alert_not_final_benign,-1,dns,app_proto+port
2025-07-19T23:02:45.119259+0700,103.195.142.76,87.98.154.119,53,36380,UDP,flow,failed,1281207990191919,,1,1,0,1469,0,0.0,1,1469,0,none,0,none,0,0,0,no_alert_unknown,no_alert_not_final_benign,-1,dns,port
2025-07-19T23:02:45.119323+0700,103.195.142.74,118.98.44.50,52990,53,UDP,flow,dns,1586765491701697,,1,1,0,73,0,0.0,1,73,0,none,0,none,0,0,0,no_alert_unknown,no_alert_not_final_benign,-1,dns,app_proto+port
2025-07-19T23:02:45.119375+0700,103.195.142.2,173.252.107.135,53,59411,UDP,flow,failed,1652082271553705,,1,1,0,189,0,0.0,1,189,0,none,0,none,0,0,0,no_alert_unknown,no_alert_not_final_benign,-1,dns,port
2025-07-19T23:02:45.119441+0700,103.195.142.195,87.98.154.100,53,34054,UDP,flow,failed,1234768587294927,,1,1,0,1437,0,0.0,1,1437,0,none,0,none,0,0,0,no_alert_unknown,no_alert_not_final_benign,-1,dns,port
2025-07-19T23:02:45.119464+0700,103.195.142.195,87.98.154.240,53,64499,UDP,flow,failed,1170330079430897,,1,1,0,1437,0,0.0,1,1437,0,none,0,none,0,0,0,no_alert_unknown,no_alert_not_final_benign,-1,dns,port
2025-07-19T23:02:45.119482+0700,103.195.142.2,87.236.176.34,53,33956,UDP,flow,failed,1384102141921645,,1,1,0,211,0,0.0,1,211,0,none,0,none,0,0,0,no_alert_unknown,no_alert_not_final_benign,-1,dns,port
2025-07-19T23:02:45.119577+0700,103.195.142.46,87.98.154.55,53,35181,UDP,flow,failed,1146127609137562,,1,1,0,1437,0,0.0,1,1437,0,none,0,none,0,0,0,no_alert_unknown,no_alert_not_final_benign,-1,dns,port
2025-07-19T23:02:45.119648+0700,103.195.142.75,8.8.8.8,53963,53,UDP,flow,dns,1078741004028494,,1,1,0,70,0,0.0,1,70,0,none,0,none,0,0,0,no_alert_unknown,no_alert_not_final_benign,-1,dns,app_proto+port
2025-07-19T23:02:45.119689+0700,103.195.142.75,8.8.8.8,54865,53,UDP,flow,dns,914955706993353,,1,1,0,77,0,0.0,1,77,0,none,0,none,0,0,0,no_alert_unknown,no_alert_not_final_benign,-1,dns,app_proto+port
2025-07-19T23:02:45.119709+0700,103.195.142.74,118.98.44.50,17321,53,UDP,flow,dns,965328433810150,,1,1,0,178,0,0.0,1,178,0,none,0,none,0,0,0,no_alert_unknown,no_alert_not_final_benign,-1,dns,app_proto+port
2025-07-19T23:02:45.119742+0700,103.195.142.75,8.8.8.8,4117,53,UDP,flow,dns,1365516289346319,,1,1,0,196,0,0.0,1,196,0,none,0,none,0,0,0,no_alert_unknown,no_alert_not_final_benign,-1,dns,app_proto+port
2025-07-19T23:02:45.119895+0700,103.195.142.74,118.98.44.100,55206,53,UDP,flow,dns,1555395409382593,,1,1,0,196,0,0.0,1,196,0,none,0,none,0,0,0,no_alert_unknown,no_alert_not_final_benign,-1,dns,app_proto+port
2025-07-19T23:02:45.119917+0700,103.195.142.83,87.98.154.54,53,24546,UDP,flow,failed,877847057370330,,1,1,0,1190,0,0.0,1,1190,0,none,0,none,0,0,0,no_alert_unknown,no_alert_not_final_benign,-1,dns,port
2025-07-19T23:02:45.120020+0700,103.195.142.83,87.98.154.254,53,10385,UDP,flow,failed,1677747918507333,,1,1,0,1190,0,0.0,1,1190,0,none,0,none,0,0,0,no_alert_unknown,no_alert_not_final_benign,-1,dns,port
2025-07-19T23:02:45.120062+0700,103.195.142.74,118.98.44.50,19527,53,UDP,flow,dns,1498166224325962,,1,1,0,87,0,0.0,1,87,0,none,0,none,0,0,0,no_alert_unknown,no_alert_not_final_benign,-1,dns,app_proto+port
2025-07-19T23:02:45.120141+0700,103.195.142.165,87.98.154.41,53,45970,UDP,flow,failed,1447480927227331,,1,1,0,1437,0,0.0,1,1437,0,none,0,none,0,0,0,no_alert_unknown,no_alert_not_final_benign,-1,dns,port
2025-07-19T23:02:45.120162+0700,103.195.142.83,87.98.154.119,53,52818,UDP,flow,failed,1409170972970476,,1,1,0,1190,0,0.0,1,1190,0,none,0,none,0,0,0,no_alert_unknown,no_alert_not_final_benign,-1,dns,port
2025-07-19T23:02:45.120181+0700,103.195.142.46,87.98.154.119,53,20162,UDP,flow,failed,1255237977935419,,1,1,0,1437,0,0.0,1,1437,0,none,0,none,0,0,0,no_alert_unknown,no_alert_not_final_benign,-1,dns,port
2025-07-19T23:02:45.120200+0700,103.195.142.165,87.98.154.119,53,7891,UDP,flow,failed,995861857275454,,1,1,0,1437,0,0.0,1,1437,0,none,0,none,0,0,0,no_alert_unknown,no_alert_not_final_benign,-1,dns,port
2025-07-19T23:02:45.120221+0700,103.195.142.74,118.98.44.50,59502,53,UDP,flow,dns,950339304459860,,1,1,0,84,0,0.0,1,84,0,none,0,none,0,0,0,no_alert_unknown,no_alert_not_final_benign,-1,dns,app_proto+port
2025-07-19T23:02:45.120243+0700,103.195.142.76,87.98.154.74,53,16982,UDP,flow,failed,1025236671958676,,1,1,0,1469,0,0.0,1,1469,0,none,0,none,0,0,0,no_alert_unknown,no_alert_not_final_benign,-1,dns,port
2025-07-19T23:02:45.120286+0700,103.195.142.165,87.98.154.117,53,6628,UDP,flow,failed,1483813922574038,,1,1,0,1437,0,0.0,1,1437,0,none,0,none,0,0,0,no_alert_unknown,no_alert_not_final_benign,-1,dns,port
2025-07-19T23:02:45.120331+0700,103.195.142.74,202.134.0.155,34885,53,UDP,flow,dns,1159852884594411,,1,1,0,68,0,0.0,1,68,0,none,0,none,0,0,0,no_alert_unknown,no_alert_not_final_benign,-1,dns,app_proto+port
2025-07-19T23:02:45.120355+0700,103.195.142.76,87.98.154.119,53,6487,UDP,flow,failed,951212398776108,,1,1,0,1469,0,0.0,1,1469,0,none,0,none,0,0,0,no_alert_unknown,no_alert_not_final_benign,-1,dns,port
2025-07-19T23:02:45.120375+0700,103.195.142.2,156.154.76.145,53,4853,UDP,flow,failed,1012848289681272,,1,1,0,135,0,0.0,1,135,0,none,0,none,0,0,0,no_alert_unknown,no_alert_not_final_benign,-1,dns,port
2025-07-19T23:02:45.120399+0700,103.195.142.165,87.98.154.119,53,9042,UDP,flow,failed,1413713680043949,,1,1,0,1437,0,0.0,1,1437,0,none,0,none,0,0,0,no_alert_unknown,no_alert_not_final_benign,-1,dns,port
2025-07-19T23:02:45.120426+0700,103.195.142.196,87.98.154.37,53,12765,UDP,flow,failed,1086921909964718,,1,3,0,4311,0,10.0,3,4311,0,none,0,none,0,0,0,no_alert_unknown,no_alert_not_final_benign,-1,dns,port
2025-07-19T23:02:45.120491+0700,103.195.142.76,87.98.154.119,53,28778,UDP,flow,failed,1337229105008641,,1,1,0,1469,0,0.0,1,1469,0,none,0,none,0,0,0,no_alert_unknown,no_alert_not_final_benign,-1,dns,port
2025-07-19T23:02:45.120515+0700,103.195.142.46,87.98.154.171,53,25977,UDP,flow,failed,1242513839984748,,1,1,0,1437,0,0.0,1,1437,0,none,0,none,0,0,0,no_alert_unknown,no_alert_not_final_benign,-1,dns,port
2025-07-19T23:02:45.120619+0700,103.195.142.196,87.98.154.119,53,54737,UDP,flow,failed,1175721984102656,,1,1,0,1437,0,0.0,1,1437,0,none,0,none,0,0,0,no_alert_unknown,no_alert_not_final_benign,-1,dns,port
2025-07-19T23:02:45.120639+0700,103.195.142.3,156.154.76.145,53,56119,UDP,flow,failed,993047724134715,,1,1,0,154,0,0.0,1,154,0,none,0,none,0,0,0,no_alert_unknown,no_alert_not_final_benign,-1,dns,port
2025-07-19T23:02:45.120661+0700,103.195.142.196,87.98.154.233,53,45677,UDP,flow,failed,1381130495758690,,1,1,0,1437,0,0.0,1,1437,0,none,0,none,0,0,0,no_alert_unknown,no_alert_not_final_benign,-1,dns,port
2025-07-19T23:02:45.120680+0700,103.195.142.195,87.98.154.119,53,1537,UDP,flow,failed,869212563411305,,1,1,0,1437,0,0.0,1,1437,0,none,0,none,0,0,0,no_alert_unknown,no_alert_not_final_benign,-1,dns,port
2025-07-19T23:02:45.120703+0700,103.195.142.83,87.98.154.82,53,57331,UDP,flow,failed,936063855071649,,1,1,0,1190,0,0.0,1,1190,0,none,0,none,0,0,0,no_alert_unknown,no_alert_not_final_benign,-1,dns,port
2025-07-19T23:02:45.120774+0700,103.195.142.74,118.98.44.20,36188,53,UDP,flow,dns,1043710016262716,,1,1,0,78,0,0.0,1,78,0,none,0,none,0,0,0,no_alert_unknown,no_alert_not_final_benign,-1,dns,app_proto+port
2025-07-19T23:02:45.120797+0700,103.195.142.83,87.98.154.118,53,61517,UDP,flow,failed,1137011352572479,,1,1,0,1190,0,0.0,1,1190,0,none,0,none,0,0,0,no_alert_unknown,no_alert_not_final_benign,-1,dns,port
2025-07-19T23:02:45.120817+0700,103.195.142.74,202.134.0.155,57216,53,UDP,flow,dns,1463627740910270,,1,1,0,82,0,0.0,1,82,0,none,0,none,0,0,0,no_alert_unknown,no_alert_not_final_benign,-1,dns,app_proto+port
2025-07-19T23:02:45.120838+0700,103.195.142.196,87.98.154.57,53,59299,UDP,flow,failed,1572233383613122,,1,1,0,1437,0,0.0,1,1437,0,none,0,none,0,0,0,no_alert_unknown,no_alert_not_final_benign,-1,dns,port
2025-07-19T23:02:45.120880+0700,103.195.142.196,87.98.154.119,53,24134,UDP,flow,failed,866595623244673,,1,1,0,1437,0,0.0,1,1437,0,none,0,none,0,0,0,no_alert_unknown,no_alert_not_final_benign,-1,dns,port
2025-07-19T23:02:45.120904+0700,103.195.142.74,34.8.38.57,8030,53,UDP,flow,dns,922303878370204,,1,1,0,225,0,0.0,1,225,0,none,0,none,0,0,0,no_alert_unknown,no_alert_not_final_benign,-1,dns,app_proto+port
2025-07-19T23:02:45.120929+0700,103.195.142.195,87.98.154.184,53,50450,UDP,flow,failed,410798680871898,,1,3,0,4311,0,10.0,3,4311,0,none,0,none,0,0,0,no_alert_unknown,no_alert_not_final_benign,-1,dns,port
2025-07-19T23:02:45.120949+0700,103.195.142.83,87.98.154.186,53,61304,UDP,flow,failed,1608094169207789,,1,1,0,1190,0,0.0,1,1190,0,none,0,none,0,0,0,no_alert_unknown,no_alert_not_final_benign,-1,dns,port
2025-07-19T23:02:45.121004+0700,103.195.142.196,87.98.154.65,53,56780,UDP,flow,failed,963971470038193,,1,1,0,1437,0,0.0,1,1437,0,none,0,none,0,0,0,no_alert_unknown,no_alert_not_final_benign,-1,dns,port
2025-07-19T23:02:45.121028+0700,103.195.142.74,202.134.0.155,16218,53,UDP,flow,dns,998919302387039,,1,1,0,84,0,0.0,1,84,0,none,0,none,0,0,0,no_alert_unknown,no_alert_not_final_benign,-1,dns,app_proto+port
2025-07-19T23:02:45.121128+0700,103.195.142.2,180.241.110.98,53,38370,UDP,flow,failed,1203965106296286,,1,1,0,181,0,0.0,1,181,0,none,0,none,0,0,0,no_alert_unknown,no_alert_not_final_benign,-1,dns,port
2025-07-19T23:02:45.121173+0700,103.195.142.76,87.98.154.86,53,48042,UDP,flow,failed,1162159656834552,,1,1,0,1469,0,0.0,1,1469,0,none,0,none,0,0,0,no_alert_unknown,no_alert_not_final_benign,-1,dns,port
2025-07-19T23:02:45.121193+0700,103.195.142.83,87.98.154.119,53,25165,UDP,flow,failed,1543549069727327,,1,1,0,1190,0,0.0,1,1190,0,none,0,none,0,0,0,no_alert_unknown,no_alert_not_final_benign,-1,dns,port
2025-07-19T23:02:45.121213+0700,103.195.142.2,74.114.31.153,53,54866,UDP,flow,failed,988375771289267,,1,1,0,160,0,0.0,1,160,0,none,0,none,0,0,0,no_alert_unknown,no_alert_not_final_benign,-1,dns,port
2025-07-19T23:02:45.121314+0700,103.195.142.76,87.98.154.142,53,3824,UDP,flow,failed,1411193820321631,,1,1,0,1469,0,0.0,1,1469,0,none,0,none,0,0,0,no_alert_unknown,no_alert_not_final_benign,-1,dns,port
2025-07-19T23:02:45.121355+0700,103.195.142.195,87.98.154.117,53,9566,UDP,flow,failed,1584436217091952,,1,1,0,1437,0,0.0,1,1437,0,none,0,none,0,0,0,no_alert_unknown,no_alert_not_final_benign,-1,dns,port
2025-07-19T23:02:45.121378+0700,103.195.142.196,87.98.154.9,53,15004,UDP,flow,failed,1398296434743210,,1,3,0,4311,0,9.0,3,4311,0,none,0,none,0,0,0,no_alert_unknown,no_alert_not_final_benign,-1,dns,port
2025-07-19T23:02:45.121397+0700,103.195.142.2,172.217.43.155,53,34085,UDP,flow,failed,1372563176134630,,1,1,0,216,0,0.0,1,216,0,none,0,none,0,0,0,no_alert_unknown,no_alert_not_final_benign,-1,dns,port
2025-07-19T23:02:45.121416+0700,103.195.142.74,202.134.0.155,13354,53,UDP,flow,dns,899264651565068,,1,1,0,214,0,0.0,1,214,0,none,0,none,0,0,0,no_alert_unknown,no_alert_not_final_benign,-1,dns,app_proto+port
2025-07-19T23:02:45.121532+0700,103.195.142.165,87.98.154.119,53,51751,UDP,flow,failed,1221453551212712,,1,1,0,1437,0,0.0,1,1437,0,none,0,none,0,0,0,no_alert_unknown,no_alert_not_final_benign,-1,dns,port
2025-07-19T23:02:45.121565+0700,103.195.142.196,87.98.154.121,53,24197,UDP,flow,failed,1676552186403056,,1,1,0,1437,0,0.0,1,1437,0,none,0,none,0,0,0,no_alert_unknown,no_alert_not_final_benign,-1,dns,port
2025-07-19T23:02:45.121622+0700,103.195.142.74,118.98.44.20,56305,53,UDP,flow,dns,869017177200949,,1,1,0,178,0,0.0,1,178,0,none,0,none,0,0,0,no_alert_unknown,no_alert_not_final_benign,-1,dns,app_proto+port
2025-07-19T23:02:45.121662+0700,103.195.142.74,118.98.44.100,46844,53,UDP,flow,dns,1519293795899706,,1,1,0,87,0,0.0,1,87,0,none,0,none,0,0,0,no_alert_unknown,no_alert_not_final_benign,-1,dns,app_proto+port
2025-07-19T23:02:45.121698+0700,103.195.142.75,8.8.8.8,17257,53,UDP,flow,dns,931459018430917,,1,1,0,87,0,0.0,1,87,0,none,0,none,0,0,0,no_alert_unknown,no_alert_not_final_benign,-1,dns,app_proto+port
2025-07-19T23:02:45.121793+0700,103.195.142.2,180.241.110.185,53,54944,UDP,flow,failed,1632252860144192,,1,1,0,154,0,0.0,1,154,0,none,0,none,0,0,0,no_alert_unknown,no_alert_not_final_benign,-1,dns,port
2025-07-19T23:02:45.121815+0700,103.195.142.195,87.98.154.119,53,59813,UDP,flow,failed,933146210114122,,1,1,0,1437,0,0.0,1,1437,0,none,0,none,0,0,0,no_alert_unknown,no_alert_not_final_benign,-1,dns,port
2025-07-19T23:02:45.121881+0700,103.195.142.2,180.241.233.6,53,23846,UDP,flow,failed,1408550618307310,,1,1,0,154,0,0.0,1,154,0,none,0,none,0,0,0,no_alert_unknown,no_alert_not_final_benign,-1,dns,port
2025-07-19T23:02:45.121920+0700,103.195.142.46,87.98.154.115,53,21577,UDP,flow,failed,1586565408398075,,1,1,0,1437,0,0.0,1,1437,0,none,0,none,0,0,0,no_alert_unknown,no_alert_not_final_benign,-1,dns,port
2025-07-19T23:02:45.121941+0700,103.195.142.196,87.98.154.81,53,13774,UDP,flow,failed,1322780479757076,,1,1,0,1437,0,0.0,1,1437,0,none,0,none,0,0,0,no_alert_unknown,no_alert_not_final_benign,-1,dns,port
2025-07-19T23:02:45.121985+0700,103.195.142.196,87.98.154.121,53,48855,UDP,flow,failed,1649567916596200,,1,1,0,1437,0,0.0,1,1437,0,none,0,none,0,0,0,no_alert_unknown,no_alert_not_final_benign,-1,dns,port
2025-07-19T23:02:45.122026+0700,103.195.142.196,87.98.154.119,53,60778,UDP,flow,failed,994417363492024,,1,1,0,1437,0,0.0,1,1437,0,none,0,none,0,0,0,no_alert_unknown,no_alert_not_final_benign,-1,dns,port
2025-07-19T23:02:45.122044+0700,103.195.142.2,173.252.107.132,53,15418,UDP,flow,failed,1547649425054924,,1,1,0,146,0,0.0,1,146,0,none,0,none,0,0,0,no_alert_unknown,no_alert_not_final_benign,-1,dns,port
2025-07-19T23:02:45.122082+0700,103.195.142.196,87.98.154.149,53,29436,UDP,flow,failed,1569185875729709,,1,1,0,1437,0,0.0,1,1437,0,none,0,none,0,0,0,no_alert_unknown,no_alert_not_final_benign,-1,dns,port
2025-07-19T23:02:45.122193+0700,103.195.142.74,118.98.44.50,14671,53,UDP,flow,dns,982797643849081,,1,1,0,220,0,0.0,1,220,0,none,0,none,0,0,0,no_alert_unknown,no_alert_not_final_benign,-1,dns,app_proto+port
2025-07-19T23:02:45.122284+0700,103.195.142.165,87.98.154.213,53,4040,UDP,flow,failed,1598844857851628,,1,1,0,1437,0,0.0,1,1437,0,none,0,none,0,0,0,no_alert_unknown,no_alert_not_final_benign,-1,dns,port
2025-07-19T23:02:45.122305+0700,103.195.142.46,87.98.154.27,53,17559,UDP,flow,failed,1220057945644805,,1,1,0,1437,0,0.0,1,1437,0,none,0,none,0,0,0,no_alert_unknown,no_alert_not_final_benign,-1,dns,port
2025-07-19T23:02:45.122324+0700,103.195.142.83,87.98.154.119,53,27621,UDP,flow,failed,864804985675553,,1,1,0,1190,0,0.0,1,1190,0,none,0,none,0,0,0,no_alert_unknown,no_alert_not_final_benign,-1,dns,port
2025-07-19T23:02:45.122354+0700,103.195.142.2,180.250.244.198,53,55553,UDP,flow,failed,1288969588743981,,1,1,0,181,0,0.0,1,181,0,none,0,none,0,0,0,no_alert_unknown,no_alert_not_final_benign,-1,dns,port
2025-07-19T23:02:45.122373+0700,103.195.142.195,87.98.154.119,53,56307,UDP,flow,failed,1514158823743322,,1,1,0,1437,0,0.0,1,1437,0,none,0,none,0,0,0,no_alert_unknown,no_alert_not_final_benign,-1,dns,port
2025-07-19T23:02:45.122417+0700,103.195.142.195,87.98.154.119,53,56332,UDP,flow,failed,1529293501079535,,1,1,0,1437,0,0.0,1,1437,0,none,0,none,0,0,0,no_alert_unknown,no_alert_not_final_benign,-1,dns,port
2025-07-19T23:02:45.122484+0700,103.195.142.3,172.70.116.71,53,26810,UDP,flow,failed,1643401230393500,,1,1,0,137,0,0.0,1,137,0,none,0,none,0,0,0,no_alert_unknown,no_alert_not_final_benign,-1,dns,port
2025-07-19T23:02:45.122503+0700,103.195.142.46,87.98.154.119,53,17679,UDP,flow,failed,1011549927612582,,1,1,0,1437,0,0.0,1,1437,0,none,0,none,0,0,0,no_alert_unknown,no_alert_not_final_benign,-1,dns,port
2025-07-19T23:02:45.122744+0700,103.195.142.46,87.98.154.83,53,55231,UDP,flow,failed,1059353986507448,,1,1,0,1437,0,0.0,1,1437,0,none,0,none,0,0,0,no_alert_unknown,no_alert_not_final_benign,-1,dns,port
2025-07-19T23:02:45.122823+0700,103.195.142.195,87.98.154.128,53,51737,UDP,flow,failed,1176814723638133,,1,1,0,1437,0,0.0,1,1437,0,none,0,none,0,0,0,no_alert_unknown,no_alert_not_final_benign,-1,dns,port
2025-07-19T23:02:45.122873+0700,103.195.142.196,87.98.154.9,53,54609,UDP,flow,failed,1260636516230038,,1,1,0,1437,0,0.0,1,1437,0,none,0,none,0,0,0,no_alert_unknown,no_alert_not_final_benign,-1,dns,port
2025-07-19T23:02:45.122931+0700,103.195.142.74,118.98.44.100,43043,53,UDP,flow,dns,1587027005711289,,1,1,0,73,0,0.0,1,73,0,none,0,none,0,0,0,no_alert_unknown,no_alert_not_final_benign,-1,dns,app_proto+port
2025-07-19T23:02:45.123044+0700,103.195.142.74,118.98.44.20,36770,53,UDP,flow,dns,1437362671494515,,1,1,0,214,0,0.0,1,214,0,none,0,none,0,0,0,no_alert_unknown,no_alert_not_final_benign,-1,dns,app_proto+port
2025-07-19T23:02:45.123084+0700,103.195.142.2,156.154.76.145,53,33928,UDP,flow,failed,1024490122225167,,1,1,0,127,0,0.0,1,127,0,none,0,none,0,0,0,no_alert_unknown,no_alert_not_final_benign,-1,dns,port
2025-07-19T23:02:45.123116+0700,103.195.142.196,87.98.154.205,53,18460,UDP,flow,failed,1003686568437301,,1,1,0,1437,0,0.0,1,1437,0,none,0,none,0,0,0,no_alert_unknown,no_alert_not_final_benign,-1,dns,port
2025-07-19T23:02:45.123136+0700,103.195.142.196,87.98.154.177,53,16789,UDP,flow,failed,1316396505146981,,1,1,0,1437,0,0.0,1,1437,0,none,0,none,0,0,0,no_alert_unknown,no_alert_not_final_benign,-1,dns,port
2025-07-19T23:02:45.123289+0700,103.195.142.74,118.98.44.50,5713,53,UDP,flow,dns,1194198376228655,,1,1,0,75,0,0.0,1,75,0,none,0,none,0,0,0,no_alert_unknown,no_alert_not_final_benign,-1,dns,app_proto+port
2025-07-19T23:02:45.123324+0700,103.195.142.76,87.98.154.230,53,24977,UDP,flow,failed,930454120671033,,1,3,0,4407,0,10.0,3,4407,0,none,0,none,0,0,0,no_alert_unknown,no_alert_not_final_benign,-1,dns,port
2025-07-19T23:02:45.123434+0700,103.195.142.74,118.98.44.50,11230,53,UDP,flow,dns,1362764295808989,,1,1,0,250,0,0.0,1,250,0,none,0,none,0,0,0,no_alert_unknown,no_alert_not_final_benign,-1,dns,app_proto+port
2025-07-19T23:02:45.123535+0700,103.195.142.3,172.253.211.93,53,49010,UDP,flow,failed,1052690262501436,,1,1,0,202,0,0.0,1,202,0,none,0,none,0,0,0,no_alert_unknown,no_alert_not_final_benign,-1,dns,port
2025-07-19T23:02:45.123556+0700,103.195.142.76,87.98.154.114,53,22098,UDP,flow,failed,1156186435856459,,1,1,0,1469,0,0.0,1,1469,0,none,0,none,0,0,0,no_alert_unknown,no_alert_not_final_benign,-1,dns,port
2025-07-19T23:02:45.123622+0700,103.195.142.3,180.241.233.6,53,5678,UDP,flow,failed,1687723508345040,,1,1,0,154,0,0.0,1,154,0,none,0,none,0,0,0,no_alert_unknown,no_alert_not_final_benign,-1,dns,port
2025-07-19T23:02:45.123644+0700,103.195.142.2,3.19.147.50,53,57631,UDP,flow,failed,1160032748021981,,1,1,0,290,0,0.0,1,290,0,none,0,none,0,0,0,no_alert_unknown,no_alert_not_final_benign,-1,dns,port
2025-07-19T23:02:45.123664+0700,103.195.142.195,87.98.154.124,53,62263,UDP,flow,failed,1039023503681769,,1,1,0,1437,0,0.0,1,1437,0,none,0,none,0,0,0,no_alert_unknown,no_alert_not_final_benign,-1,dns,port
2025-07-19T23:02:45.123684+0700,103.195.142.2,74.125.17.253,53,56556,UDP,flow,failed,1388450348181755,,1,1,0,208,0,0.0,1,208,0,none,0,none,0,0,0,no_alert_unknown,no_alert_not_final_benign,-1,dns,port
2025-07-19T23:02:45.123703+0700,103.195.142.74,118.98.44.20,61066,53,UDP,flow,dns,1394955658307851,,1,1,0,68,0,0.0,1,68,0,none,0,none,0,0,0,no_alert_unknown,no_alert_not_final_benign,-1,dns,app_proto+port
2025-07-19T23:02:45.123730+0700,103.195.142.109,87.98.154.157,53,19222,UDP,flow,failed,1618559283472660,,1,1,0,1437,0,0.0,1,1437,0,none,0,none,0,0,0,no_alert_unknown,no_alert_not_final_benign,-1,dns,port
2025-07-19T23:02:45.123834+0700,103.195.142.83,87.98.154.198,53,24072,UDP,flow,failed,755497449007579,,1,3,0,3570,0,10.0,3,3570,0,none,0,none,0,0,0,no_alert_unknown,no_alert_not_final_benign,-1,dns,port
2025-07-19T23:02:45.123910+0700,103.195.142.74,202.134.0.155,19425,53,UDP,flow,dns,999219448687151,,1,1,0,78,0,0.0,1,78,0,none,0,none,0,0,0,no_alert_unknown,no_alert_not_final_benign,-1,dns,app_proto+port
2025-07-19T23:02:45.123945+0700,103.195.142.74,202.134.0.155,46762,53,UDP,flow,dns,1517213727959633,,1,1,0,85,0,0.0,1,85,0,none,0,none,0,0,0,no_alert_unknown,no_alert_not_final_benign,-1,dns,app_proto+port
2025-07-19T23:02:45.123966+0700,103.195.142.195,87.98.154.119,53,38072,UDP,flow,failed,1048201792694938,,1,1,0,1437,0,0.0,1,1437,0,none,0,none,0,0,0,no_alert_unknown,no_alert_not_final_benign,-1,dns,port
2025-07-19T23:02:45.123984+0700,103.195.142.76,87.98.154.142,53,27503,UDP,flow,failed,916146783562447,,1,1,0,1469,0,0.0,1,1469,0,none,0,none,0,0,0,no_alert_unknown,no_alert_not_final_benign,-1,dns,port
2025-07-19T23:02:45.124005+0700,103.195.142.46,87.98.154.119,53,40420,UDP,flow,failed,1225333446126357,,1,1,0,1437,0,0.0,1,1437,0,none,0,none,0,0,0,no_alert_unknown,no_alert_not_final_benign,-1,dns,port
2025-07-19T23:02:45.124068+0700,103.195.142.165,87.98.154.205,53,55201,UDP,flow,failed,981087994030909,,1,1,0,1437,0,0.0,1,1437,0,none,0,none,0,0,0,no_alert_unknown,no_alert_not_final_benign,-1,dns,port
2025-07-19T23:02:45.124089+0700,103.195.142.109,87.98.154.25,53,37942,UDP,flow,failed,1231347475262276,,1,1,0,1437,0,0.0,1,1437,0,none,0,none,0,0,0,no_alert_unknown,no_alert_not_final_benign,-1,dns,port
2025-07-19T23:02:45.124130+0700,103.195.142.31,8.8.8.8,5678,53,UDP,flow,dns,986556855856102,,1,2,0,200,0,0.0,2,200,0,none,0,none,0,0,0,no_alert_unknown,no_alert_not_final_benign,-1,dns,app_proto+port
2025-07-19T23:02:45.124324+0700,103.195.142.195,87.98.154.96,53,30088,UDP,flow,failed,1068374552325398,,1,1,0,1437,0,0.0,1,1437,0,none,0,none,0,0,0,no_alert_unknown,no_alert_not_final_benign,-1,dns,port
2025-07-19T23:02:45.124381+0700,103.195.142.2,180.241.110.43,53,25409,UDP,flow,failed,1413024173174090,,1,1,0,181,0,0.0,1,181,0,none,0,none,0,0,0,no_alert_unknown,no_alert_not_final_benign,-1,dns,port
2025-07-19T23:02:45.124401+0700,103.195.142.195,87.98.154.212,53,21619,UDP,flow,failed,1661560722861418,,1,1,0,1437,0,0.0,1,1437,0,none,0,none,0,0,0,no_alert_unknown,no_alert_not_final_benign,-1,dns,port
2025-07-19T23:02:45.124486+0700,103.195.142.195,87.98.154.228,53,5190,UDP,flow,failed,897096774430147,,1,1,0,1437,0,0.0,1,1437,0,none,0,none,0,0,0,no_alert_unknown,no_alert_not_final_benign,-1,dns,port
2025-07-19T23:02:45.124576+0700,103.195.142.46,87.98.154.227,53,45478,UDP,flow,failed,701798237842973,,1,3,0,4311,0,9.0,3,4311,0,none,0,none,0,0,0,no_alert_unknown,no_alert_not_final_benign,-1,dns,port
2025-07-19T23:02:45.124606+0700,103.195.142.76,87.98.154.119,53,18777,UDP,flow,failed,1262296789855824,,1,1,0,1469,0,0.0,1,1469,0,none,0,none,0,0,0,no_alert_unknown,no_alert_not_final_benign,-1,dns,port
2025-07-19T23:02:45.124632+0700,103.195.142.196,87.98.154.117,53,39725,UDP,flow,failed,929645415935600,,1,1,0,1437,0,0.0,1,1437,0,none,0,none,0,0,0,no_alert_unknown,no_alert_not_final_benign,-1,dns,port
2025-07-19T23:02:45.124680+0700,103.195.142.109,87.98.154.253,53,41625,UDP,flow,failed,1378826940952218,,1,1,0,1437,0,0.0,1,1437,0,none,0,none,0,0,0,no_alert_unknown,no_alert_not_final_benign,-1,dns,port
2025-07-19T23:02:45.124699+0700,103.195.142.165,87.98.154.119,53,29564,UDP,flow,failed,1293602954260133,,1,1,0,1437,0,0.0,1,1437,0,none,0,none,0,0,0,no_alert_unknown,no_alert_not_final_benign,-1,dns,port
2025-07-19T23:02:45.124718+0700,103.195.142.196,87.98.154.119,53,37714,UDP,flow,failed,1362912032632557,,1,1,0,1437,0,0.0,1,1437,0,none,0,none,0,0,0,no_alert_unknown,no_alert_not_final_benign,-1,dns,port
2025-07-19T23:02:45.124737+0700,103.195.142.165,87.98.154.119,53,16186,UDP,flow,failed,1459902617464652,,1,1,0,1437,0,0.0,1,1437,0,none,0,none,0,0,0,no_alert_unknown,no_alert_not_final_benign,-1,dns,port
2025-07-19T23:02:45.124771+0700,103.195.142.109,87.98.154.119,53,63326,UDP,flow,failed,1464665497579342,,1,1,0,1437,0,0.0,1,1437,0,none,0,none,0,0,0,no_alert_unknown,no_alert_not_final_benign,-1,dns,port
2025-07-19T23:02:45.124802+0700,103.195.142.76,87.98.154.119,53,29961,UDP,flow,failed,918165814161309,,1,1,0,1469,0,0.0,1,1469,0,none,0,none,0,0,0,no_alert_unknown,no_alert_not_final_benign,-1,dns,port
2025-07-19T23:02:45.124908+0700,103.195.142.75,8.8.8.8,58100,53,UDP,flow,dns,900207900667943,,1,1,0,92,0,0.0,1,92,0,none,0,none,0,0,0,no_alert_unknown,no_alert_not_final_benign,-1,dns,app_proto+port
2025-07-19T23:02:45.124931+0700,103.195.142.196,87.98.154.93,53,58039,UDP,flow,failed,455618570989622,,1,3,0,4311,0,10.0,3,4311,0,none,0,none,0,0,0,no_alert_unknown,no_alert_not_final_benign,-1,dns,port
2025-07-19T23:02:45.125070+0700,103.195.142.74,118.98.44.100,50777,53,UDP,flow,dns,1003786152096053,,1,1,0,74,0,0.0,1,74,0,none,0,none,0,0,0,no_alert_unknown,no_alert_not_final_benign,-1,dns,app_proto+port
2025-07-19T23:02:45.125152+0700,103.195.142.2,156.154.76.145,53,15420,UDP,flow,failed,992043247317368,,1,1,0,175,0,0.0,1,175,0,none,0,none,0,0,0,no_alert_unknown,no_alert_not_final_benign,-1,dns,port
2025-07-19T23:02:45.125207+0700,103.195.142.83,87.98.154.198,53,27733,UDP,flow,failed,966942884737512,,1,1,0,1190,0,0.0,1,1190,0,none,0,none,0,0,0,no_alert_unknown,no_alert_not_final_benign,-1,dns,port
2025-07-19T23:02:45.125241+0700,103.195.142.74,118.98.44.100,46391,53,UDP,flow,dns,1091139731763836,,1,1,0,214,0,0.0,1,214,0,none,0,none,0,0,0,no_alert_unknown,no_alert_not_final_benign,-1,dns,app_proto+port
2025-07-19T23:02:45.125262+0700,103.195.142.83,87.98.154.226,53,40778,UDP,flow,failed,431511408456320,,1,3,0,3570,0,10.0,3,3570,0,none,0,none,0,0,0,no_alert_unknown,no_alert_not_final_benign,-1,dns,port
2025-07-19T23:02:45.125368+0700,103.195.142.109,87.98.154.119,53,56655,UDP,flow,failed,1492954198094496,,1,1,0,1437,0,0.0,1,1437,0,none,0,none,0,0,0,no_alert_unknown,no_alert_not_final_benign,-1,dns,port
2025-07-19T23:02:45.125391+0700,103.195.142.195,87.98.154.119,53,42877,UDP,flow,failed,1481268341027641,,1,1,0,1437,0,0.0,1,1437,0,none,0,none,0,0,0,no_alert_unknown,no_alert_not_final_benign,-1,dns,port
2025-07-19T23:02:45.125431+0700,103.195.142.76,87.98.154.198,53,59660,UDP,flow,failed,950642192855932,,1,1,0,1469,0,0.0,1,1469,0,none,0,none,0,0,0,no_alert_unknown,no_alert_not_final_benign,-1,dns,port
2025-07-19T23:02:45.125498+0700,103.195.142.109,87.98.154.119,53,57145,UDP,flow,failed,895462022361989,,1,1,0,1437,0,0.0,1,1437,0,none,0,none,0,0,0,no_alert_unknown,no_alert_not_final_benign,-1,dns,port
2025-07-19T23:02:45.125542+0700,103.195.142.83,87.98.154.117,53,55112,UDP,flow,failed,919917061452740,,1,1,0,1190,0,0.0,1,1190,0,none,0,none,0,0,0,no_alert_unknown,no_alert_not_final_benign,-1,dns,port
2025-07-19T23:02:45.125572+0700,103.195.142.2,180.250.120.242,53,63341,UDP,flow,failed,1542492487463973,,1,1,0,138,0,0.0,1,138,0,none,0,none,0,0,0,no_alert_unknown,no_alert_not_final_benign,-1,dns,port
2025-07-19T23:02:45.125593+0700,103.195.142.76,87.98.154.119,53,37147,UDP,flow,failed,1265163014616129,,1,1,0,1469,0,0.0,1,1469,0,none,0,none,0,0,0,no_alert_unknown,no_alert_not_final_benign,-1,dns,port
2025-07-19T23:02:45.125614+0700,103.195.142.74,118.98.44.20,7433,53,UDP,flow,dns,1019411074298951,,1,1,0,87,0,0.0,1,87,0,none,0,none,0,0,0,no_alert_unknown,no_alert_not_final_benign,-1,dns,app_proto+port
2025-07-19T23:02:45.125670+0700,103.195.142.3,156.154.76.145,53,59796,UDP,flow,failed,987768413402252,,1,1,0,154,0,0.0,1,154,0,none,0,none,0,0,0,no_alert_unknown,no_alert_not_final_benign,-1,dns,port
2025-07-19T23:02:45.125691+0700,103.195.142.46,87.98.154.119,53,8047,UDP,flow,failed,984131586208928,,1,1,0,1437,0,0.0,1,1437,0,none,0,none,0,0,0,no_alert_unknown,no_alert_not_final_benign,-1,dns,port
2025-07-19T23:02:45.125685+0700,103.195.142.74,202.134.0.155,61274,53,UDP,dns,,1665713526291614,wire/pcap,0,0,0,0,0,0.0,0,0,0,none,0,none,0,0,0,no_alert_unknown,no_alert_not_final_benign,-1,dns,port
2025-07-19T23:02:45.125796+0700,103.195.142.3,180.241.110.50,53,28229,UDP,flow,failed,1509387738002751,,1,1,0,138,0,0.0,1,138,0,none,0,none,0,0,0,no_alert_unknown,no_alert_not_final_benign,-1,dns,port
2025-07-19T23:02:45.125820+0700,103.195.142.196,87.98.154.29,53,27601,UDP,flow,failed,1630190716040590,,1,1,0,1437,0,0.0,1,1437,0,none,0,none,0,0,0,no_alert_unknown,no_alert_not_final_benign,-1,dns,port
2025-07-19T23:02:45.125840+0700,103.195.142.3,173.252.107.135,53,54919,UDP,flow,failed,1644217586726349,,1,1,0,178,0,0.0,1,178,0,none,0,none,0,0,0,no_alert_unknown,no_alert_not_final_benign,-1,dns,port
2025-07-19T23:02:45.125859+0700,103.195.142.165,87.98.154.125,53,29539,UDP,flow,failed,918585803912724,,1,1,0,1437,0,0.0,1,1437,0,none,0,none,0,0,0,no_alert_unknown,no_alert_not_final_benign,-1,dns,port
2025-07-19T23:02:45.125915+0700,103.195.142.196,87.98.154.119,53,36699,UDP,flow,failed,1448685492418112,,1,1,0,1437,0,0.0,1,1437,0,none,0,none,0,0,0,no_alert_unknown,no_alert_not_final_benign,-1,dns,port
2025-07-19T23:02:45.125841+0700,103.195.142.74,118.98.44.20,8712,53,UDP,dns,,1666385005231837,wire/pcap,0,0,0,0,0,0.0,0,0,0,none,0,none,0,0,0,no_alert_unknown,no_alert_not_final_benign,-1,dns,port
2025-07-19T23:02:45.126016+0700,103.195.142.74,202.134.0.155,65357,53,UDP,flow,dns,1016544842331827,,1,1,0,91,0,0.0,1,91,0,none,0,none,0,0,0,no_alert_unknown,no_alert_not_final_benign,-1,dns,app_proto+port
2025-07-19T23:02:45.126040+0700,103.195.142.74,118.98.44.100,47326,53,UDP,flow,dns,1631264847541983,,1,1,0,214,0,0.0,1,214,0,none,0,none,0,0,0,no_alert_unknown,no_alert_not_final_benign,-1,dns,app_proto+port
2025-07-19T23:02:45.126070+0700,103.195.142.46,87.98.154.119,53,17067,UDP,flow,failed,1340653029799688,,1,1,0,1437,0,0.0,1,1437,0,none,0,none,0,0,0,no_alert_unknown,no_alert_not_final_benign,-1,dns,port
2025-07-19T23:02:45.126090+0700,103.195.142.46,87.98.154.255,53,23601,UDP,flow,failed,1478040708626213,,1,1,0,1437,0,0.0,1,1437,0,none,0,none,0,0,0,no_alert_unknown,no_alert_not_final_benign,-1,dns,port
2025-07-19T23:02:45.125802+0700,103.195.142.74,202.134.0.155,55047,53,UDP,dns,,1666217630828225,wire/pcap,0,0,0,0,0,0.0,0,0,0,none,0,none,0,0,0,no_alert_unknown,no_alert_not_final_benign,-1,dns,port
2025-07-19T23:02:45.126124+0700,103.195.142.196,87.98.154.121,53,5170,UDP,flow,failed,1418374456850226,,1,1,0,1437,0,0.0,1,1437,0,none,0,none,0,0,0,no_alert_unknown,no_alert_not_final_benign,-1,dns,port
2025-07-19T23:02:45.126330+0700,103.195.142.74,118.98.44.50,58138,53,UDP,flow,dns,1050885289195634,,1,1,0,214,0,0.0,1,214,0,none,0,none,0,0,0,no_alert_unknown,no_alert_not_final_benign,-1,dns,app_proto+port
2025-07-19T23:02:45.126429+0700,103.195.142.75,8.8.8.8,35466,53,UDP,flow,dns,1554674943572119,,1,1,0,204,0,0.0,1,204,0,none,0,none,0,0,0,no_alert_unknown,no_alert_not_final_benign,-1,dns,app_proto+port
2025-07-19T23:02:45.126467+0700,103.195.142.46,87.98.154.111,53,19123,UDP,flow,failed,1406795310151892,,1,1,0,1437,0,0.0,1,1437,0,none,0,none,0,0,0,no_alert_unknown,no_alert_not_final_benign,-1,dns,port
2025-07-19T23:02:45.126566+0700,103.195.142.74,202.134.0.155,30723,53,UDP,flow,dns,1129310341085486,,1,1,0,214,0,0.0,1,214,0,none,0,none,0,0,0,no_alert_unknown,no_alert_not_final_benign,-1,dns,app_proto+port
2025-07-19T23:02:45.126645+0700,103.195.142.196,87.98.154.119,53,37202,UDP,flow,failed,917041365236015,,1,1,0,1437,0,0.0,1,1437,0,none,0,none,0,0,0,no_alert_unknown,no_alert_not_final_benign,-1,dns,port
2025-07-19T23:02:45.126678+0700,103.195.142.2,185.247.137.171,53,48468,UDP,flow,failed,1382231109646706,,1,1,0,195,0,0.0,1,195,0,none,0,none,0,0,0,no_alert_unknown,no_alert_not_final_benign,-1,dns,port
2025-07-19T23:02:45.126704+0700,103.195.142.76,87.98.154.86,53,16954,UDP,flow,failed,1274517493823951,,1,1,0,1469,0,0.0,1,1469,0,none,0,none,0,0,0,no_alert_unknown,no_alert_not_final_benign,-1,dns,port
2025-07-19T23:02:45.126846+0700,103.195.142.165,87.98.154.119,53,44202,UDP,flow,failed,1622443999148564,,1,1,0,1437,0,0.0,1,1437,0,none,0,none,0,0,0,no_alert_unknown,no_alert_not_final_benign,-1,dns,port
2025-07-19T23:02:45.127006+0700,103.195.142.75,8.8.8.8,25517,53,UDP,flow,dns,1562662619495155,,1,1,0,202,0,0.0,1,202,0,none,0,none,0,0,0,no_alert_unknown,no_alert_not_final_benign,-1,dns,app_proto+port
2025-07-19T23:02:45.127044+0700,103.195.142.74,118.98.44.100,9155,53,UDP,flow,dns,1362634362043160,,1,1,0,68,0,0.0,1,68,0,none,0,none,0,0,0,no_alert_unknown,no_alert_not_final_benign,-1,dns,app_proto+port
2025-07-19T23:02:45.127179+0700,103.195.142.46,87.98.154.139,53,53759,UDP,flow,failed,872215720147834,,1,1,0,1437,0,0.0,1,1437,0,none,0,none,0,0,0,no_alert_unknown,no_alert_not_final_benign,-1,dns,port
2025-07-19T23:02:45.127200+0700,103.195.142.74,118.98.44.50,1537,53,UDP,flow,dns,1412923060894620,,1,1,0,83,0,0.0,1,83,0,none,0,none,0,0,0,no_alert_unknown,no_alert_not_final_benign,-1,dns,app_proto+port
2025-07-19T23:02:45.127275+0700,103.195.142.195,87.98.154.12,53,5014,UDP,flow,failed,1288501338291232,,1,1,0,1437,0,0.0,1,1437,0,none,0,none,0,0,0,no_alert_unknown,no_alert_not_final_benign,-1,dns,port
2025-07-19T23:02:45.127367+0700,103.195.142.74,118.98.44.50,18356,53,UDP,flow,dns,1434497534966950,,1,1,0,196,0,0.0,1,196,0,none,0,none,0,0,0,no_alert_unknown,no_alert_not_final_benign,-1,dns,app_proto+port
2025-07-19T23:02:45.127408+0700,103.195.142.46,87.98.154.199,53,12445,UDP,flow,failed,835065802898611,,1,3,0,4311,0,10.0,3,4311,0,none,0,none,0,0,0,no_alert_unknown,no_alert_not_final_benign,-1,dns,port
2025-07-19T23:02:45.127442+0700,103.195.142.75,8.8.8.8,49894,53,UDP,flow,dns,1109257836281043,,1,1,0,86,0,0.0,1,86,0,none,0,none,0,0,0,no_alert_unknown,no_alert_not_final_benign,-1,dns,app_proto+port
2025-07-19T23:02:45.127474+0700,103.195.142.2,180.241.110.186,53,13452,UDP,flow,failed,1633316282023200,,1,1,0,177,0,0.0,1,177,0,none,0,none,0,0,0,no_alert_unknown,no_alert_not_final_benign,-1,dns,port
2025-07-19T23:02:45.127564+0700,103.195.142.109,87.98.154.53,53,15280,UDP,flow,failed,850803233242684,,1,1,0,1437,0,0.0,1,1437,0,none,0,none,0,0,0,no_alert_unknown,no_alert_not_final_benign,-1,dns,port
2025-07-19T23:02:45.127588+0700,103.195.142.75,8.8.8.8,3318,53,UDP,flow,dns,1109894121111236,,1,1,0,214,0,0.0,1,214,0,none,0,none,0,0,0,no_alert_unknown,no_alert_not_final_benign,-1,dns,app_proto+port
2025-07-19T23:02:45.127608+0700,103.195.142.195,87.98.154.119,53,24984,UDP,flow,failed,1225038055063282,,1,1,0,1437,0,0.0,1,1437,0,none,0,none,0,0,0,no_alert_unknown,no_alert_not_final_benign,-1,dns,port
2025-07-19T23:02:45.127628+0700,103.195.142.74,202.134.0.155,56575,53,UDP,flow,dns,1088010885119864,,1,1,0,104,0,0.0,1,104,0,none,0,none,0,0,0,no_alert_unknown,no_alert_not_final_benign,-1,dns,app_proto+port
2025-07-19T23:02:45.127648+0700,103.195.142.74,118.98.44.100,43244,53,UDP,flow,dns,861269311799194,,1,1,0,81,0,0.0,1,81,0,none,0,none,0,0,0,no_alert_unknown,no_alert_not_final_benign,-1,dns,app_proto+port
2025-07-19T23:02:45.127716+0700,103.195.142.109,87.98.154.197,53,28696,UDP,flow,failed,374695573176434,,1,3,0,4311,0,10.0,3,4311,0,none,0,none,0,0,0,no_alert_unknown,no_alert_not_final_benign,-1,dns,port
2025-07-19T23:02:45.127736+0700,103.195.142.3,180.250.244.204,53,21632,UDP,flow,failed,1616299269144752,,1,1,0,134,0,0.0,1,134,0,none,0,none,0,0,0,no_alert_unknown,no_alert_not_final_benign,-1,dns,port
2025-07-19T23:02:45.127771+0700,103.195.142.3,13.105.68.212,53,51294,UDP,flow,failed,1189321801777395,,1,1,0,178,0,0.0,1,178,0,none,0,none,0,0,0,no_alert_unknown,no_alert_not_final_benign,-1,dns,port
2025-07-19T23:02:45.127810+0700,103.195.142.196,87.98.154.119,53,57511,UDP,flow,failed,1309531709030748,,1,1,0,1437,0,0.0,1,1437,0,none,0,none,0,0,0,no_alert_unknown,no_alert_not_final_benign,-1,dns,port
2025-07-19T23:02:45.127851+0700,103.185.193.21,1.1.1.1,58587,53,UDP,flow,dns,1067953849090415,,1,2,0,232,0,0.0,2,232,0,none,0,none,0,0,0,no_alert_unknown,no_alert_not_final_benign,-1,dns,app_proto+port
2025-07-19T23:02:45.127870+0700,103.195.142.165,87.98.154.185,53,25363,UDP,flow,failed,294523199013319,,1,3,0,4311,0,10.0,3,4311,0,none,0,none,0,0,0,no_alert_unknown,no_alert_not_final_benign,-1,dns,port
2025-07-19T23:02:45.128039+0700,103.195.142.46,87.98.154.119,53,38878,UDP,flow,failed,1621067688231590,,1,1,0,1437,0,0.0,1,1437,0,none,0,none,0,0,0,no_alert_unknown,no_alert_not_final_benign,-1,dns,port
2025-07-19T23:02:45.128097+0700,103.195.142.46,87.98.154.167,53,18326,UDP,flow,failed,1102553277317823,,1,1,0,1437,0,0.0,1,1437,0,none,0,none,0,0,0,no_alert_unknown,no_alert_not_final_benign,-1,dns,port
2025-07-19T23:02:45.128193+0700,103.195.142.196,87.98.154.119,53,9225,UDP,flow,failed,1031032504959734,,1,1,0,1437,0,0.0,1,1437,0,none,0,none,0,0,0,no_alert_unknown,no_alert_not_final_benign,-1,dns,port
2025-07-19T23:02:45.128326+0700,103.195.142.46,87.98.154.119,53,41437,UDP,flow,failed,1645406509712434,,1,1,0,1437,0,0.0,1,1437,0,none,0,none,0,0,0,no_alert_unknown,no_alert_not_final_benign,-1,dns,port
2025-07-19T23:02:45.128351+0700,103.195.142.83,87.98.154.26,53,45625,UDP,flow,failed,1316313802720447,,1,1,0,1190,0,0.0,1,1190,0,none,0,none,0,0,0,no_alert_unknown,no_alert_not_final_benign,-1,dns,port
2025-07-19T23:02:45.128398+0700,103.195.142.83,87.98.154.119,53,50389,UDP,flow,failed,1057869303432418,,1,1,0,1190,0,0.0,1,1190,0,none,0,none,0,0,0,no_alert_unknown,no_alert_not_final_benign,-1,dns,port
2025-07-19T23:02:45.128458+0700,103.195.142.195,87.98.154.119,53,5305,UDP,flow,failed,1572792995005773,,1,1,0,1437,0,0.0,1,1437,0,none,0,none,0,0,0,no_alert_unknown,no_alert_not_final_benign,-1,dns,port
2025-07-19T23:02:45.128478+0700,103.195.142.74,202.134.0.155,26826,53,UDP,flow,dns,1030034596021619,,1,1,0,178,0,0.0,1,178,0,none,0,none,0,0,0,no_alert_unknown,no_alert_not_final_benign,-1,dns,app_proto+port
2025-07-19T23:02:45.128520+0700,103.195.142.74,118.98.44.20,52390,53,UDP,flow,dns,973728955549204,,1,1,0,97,0,0.0,1,97,0,none,0,none,0,0,0,no_alert_unknown,no_alert_not_final_benign,-1,dns,app_proto+port
2025-07-19T23:02:45.128617+0700,103.195.142.75,8.8.8.8,54792,53,UDP,flow,dns,854867468142320,,1,1,0,87,0,0.0,1,87,0,none,0,none,0,0,0,no_alert_unknown,no_alert_not_final_benign,-1,dns,app_proto+port
2025-07-19T23:02:45.128668+0700,103.195.142.3,172.217.44.221,53,65070,UDP,flow,failed,1437300603930457,,1,1,0,164,0,0.0,1,164,0,none,0,none,0,0,0,no_alert_unknown,no_alert_not_final_benign,-1,dns,port
2025-07-19T23:02:45.128688+0700,103.195.142.74,202.134.0.155,15450,53,UDP,flow,dns,1437654344517498,,1,1,0,74,0,0.0,1,74,0,none,0,none,0,0,0,no_alert_unknown,no_alert_not_final_benign,-1,dns,app_proto+port
2025-07-19T23:02:45.128715+0700,103.195.142.109,87.98.154.169,53,22632,UDP,flow,failed,733785179408269,,1,3,0,4311,0,10.0,3,4311,0,none,0,none,0,0,0,no_alert_unknown,no_alert_not_final_benign,-1,dns,port
2025-07-19T23:02:45.128798+0700,103.195.142.165,87.98.154.119,53,17627,UDP,flow,failed,980583738755004,,1,1,0,1437,0,0.0,1,1437,0,none,0,none,0,0,0,no_alert_unknown,no_alert_not_final_benign,-1,dns,port
2025-07-19T23:02:45.128856+0700,103.195.142.165,87.98.154.119,53,8193,UDP,flow,failed,901603630434456,,1,1,0,1437,0,0.0,1,1437,0,none,0,none,0,0,0,no_alert_unknown,no_alert_not_final_benign,-1,dns,port
2025-07-19T23:02:45.128914+0700,103.195.142.74,118.98.44.100,17375,53,UDP,flow,dns,1044988313520394,,1,1,0,178,0,0.0,1,178,0,none,0,none,0,0,0,no_alert_unknown,no_alert_not_final_benign,-1,dns,app_proto+port
2025-07-19T23:02:45.128964+0700,103.195.142.83,87.98.154.119,53,4010,UDP,flow,failed,1418502046861652,,1,1,0,1190,0,0.0,1,1190,0,none,0,none,0,0,0,no_alert_unknown,no_alert_not_final_benign,-1,dns,port
2025-07-19T23:02:45.128993+0700,103.195.142.76,87.98.154.119,53,14955,UDP,flow,failed,1513714251516254,,1,1,0,1469,0,0.0,1,1469,0,none,0,none,0,0,0,no_alert_unknown,no_alert_not_final_benign,-1,dns,port
2025-07-19T23:02:45.129085+0700,103.195.142.74,118.98.44.50,55015,53,UDP,flow,dns,1497128310327676,,1,1,0,214,0,0.0,1,214,0,none,0,none,0,0,0,no_alert_unknown,no_alert_not_final_benign,-1,dns,app_proto+port
2025-07-19T23:02:45.129150+0700,103.195.142.83,87.98.154.218,53,39562,UDP,flow,failed,1312170034383280,,1,1,0,1190,0,0.0,1,1190,0,none,0,none,0,0,0,no_alert_unknown,no_alert_not_final_benign,-1,dns,port
2025-07-19T23:02:45.129208+0700,103.195.142.46,87.98.154.143,53,52837,UDP,flow,failed,1512911494039985,,1,1,0,1437,0,0.0,1,1437,0,none,0,none,0,0,0,no_alert_unknown,no_alert_not_final_benign,-1,dns,port
2025-07-19T23:02:45.129232+0700,103.195.142.165,87.98.154.73,53,15397,UDP,flow,failed,1645439492016683,,1,1,0,1437,0,0.0,1,1437,0,none,0,none,0,0,0,no_alert_unknown,no_alert_not_final_benign,-1,dns,port
2025-07-19T23:02:45.129255+0700,103.195.142.74,118.98.44.50,16699,53,UDP,flow,dns,1449579148266085,,1,1,0,196,0,0.0,1,196,0,none,0,none,0,0,0,no_alert_unknown,no_alert_not_final_benign,-1,dns,app_proto+port
2025-07-19T23:02:45.129354+0700,103.195.142.31,8.8.8.8,27659,53,UDP,flow,dns,1361698242153363,,1,1,0,91,0,0.0,1,91,0,none,0,none,0,0,0,no_alert_unknown,no_alert_not_final_benign,-1,dns,app_proto+port
2025-07-19T23:02:45.129403+0700,103.195.142.2,172.70.116.71,53,63307,UDP,flow,failed,1281728856378377,,1,1,0,194,0,0.0,1,194,0,none,0,none,0,0,0,no_alert_unknown,no_alert_not_final_benign,-1,dns,port
2025-07-19T23:02:45.129440+0700,103.195.142.196,87.98.154.237,53,2547,UDP,flow,failed,1514796533993182,,1,1,0,1437,0,0.0,1,1437,0,none,0,none,0,0,0,no_alert_unknown,no_alert_not_final_benign,-1,dns,port
2025-07-19T23:02:45.129494+0700,103.195.142.83,87.98.154.142,53,64230,UDP,flow,failed,1390398528933808,,1,3,0,3570,0,9.0,3,3570,0,none,0,none,0,0,0,no_alert_unknown,no_alert_not_final_benign,-1,dns,port
2025-07-19T23:02:45.129518+0700,103.195.142.74,202.134.0.155,38648,53,UDP,flow,dns,1345987647295413,,1,1,0,214,0,0.0,1,214,0,none,0,none,0,0,0,no_alert_unknown,no_alert_not_final_benign,-1,dns,app_proto+port
2025-07-19T23:02:45.129527+0700,103.195.142.46,87.98.154.119,53,21484,UDP,flow,failed,1330420624904283,,1,1,0,1437,0,0.0,1,1437,0,none,0,none,0,0,0,no_alert_unknown,no_alert_not_final_benign,-1,dns,port
2025-07-19T23:02:45.129536+0700,103.195.142.74,202.134.0.155,2895,53,UDP,flow,dns,1678720610783337,,1,1,0,178,0,0.0,1,178,0,none,0,none,0,0,0,no_alert_unknown,no_alert_not_final_benign,-1,dns,app_proto+port
2025-07-19T23:02:45.129571+0700,103.195.142.76,87.98.154.119,53,40381,UDP,flow,failed,1644897975849171,,1,1,0,1469,0,0.0,1,1469,0,none,0,none,0,0,0,no_alert_unknown,no_alert_not_final_benign,-1,dns,port
2025-07-19T23:02:45.129579+0700,103.195.142.195,87.98.154.119,53,39182,UDP,flow,failed,1515281170354480,,1,1,0,1437,0,0.0,1,1437,0,none,0,none,0,0,0,no_alert_unknown,no_alert_not_final_benign,-1,dns,port
2025-07-19T23:02:45.129587+0700,103.195.142.3,51.38.107.72,53,16313,UDP,flow,failed,1633886001942835,,1,1,0,186,0,0.0,1,186,0,none,0,none,0,0,0,no_alert_unknown,no_alert_not_final_benign,-1,dns,port
2025-07-19T23:02:45.129613+0700,103.195.142.196,87.98.154.119,53,24441,UDP,flow,failed,1554843054428533,,1,1,0,1437,0,0.0,1,1437,0,none,0,none,0,0,0,no_alert_unknown,no_alert_not_final_benign,-1,dns,port
2025-07-19T23:02:45.129636+0700,103.195.142.195,87.98.154.212,53,38242,UDP,flow,failed,1671449775821304,,1,1,0,1437,0,0.0,1,1437,0,none,0,none,0,0,0,no_alert_unknown,no_alert_not_final_benign,-1,dns,port
2025-07-19T23:02:45.129668+0700,103.195.142.3,180.241.110.77,53,8999,UDP,flow,failed,1600206409355959,,1,1,0,154,0,0.0,1,154,0,none,0,none,0,0,0,no_alert_unknown,no_alert_not_final_benign,-1,dns,port
2025-07-19T23:02:45.129676+0700,103.195.142.3,192.178.115.81,53,62552,UDP,flow,failed,1254329040360150,,1,1,0,212,0,0.0,1,212,0,none,0,none,0,0,0,no_alert_unknown,no_alert_not_final_benign,-1,dns,port
2025-07-19T23:02:45.129690+0700,103.195.142.74,202.134.0.155,63748,53,UDP,flow,dns,1528596483265472,,1,1,0,214,0,0.0,1,214,0,none,0,none,0,0,0,no_alert_unknown,no_alert_not_final_benign,-1,dns,app_proto+port
2025-07-19T23:02:45.129720+0700,103.195.142.195,87.98.154.156,53,8951,UDP,flow,failed,783894889026633,,1,3,0,4311,0,10.0,3,4311,0,none,0,none,0,0,0,no_alert_unknown,no_alert_not_final_benign,-1,dns,port
2025-07-19T23:02:45.129740+0700,103.195.142.74,118.98.44.20,20753,53,UDP,flow,dns,1443220425266484,,1,1,0,196,0,0.0,1,196,0,none,0,none,0,0,0,no_alert_unknown,no_alert_not_final_benign,-1,dns,app_proto+port
2025-07-19T23:02:45.129789+0700,103.195.142.76,87.98.154.119,53,10963,UDP,flow,failed,1350045978187336,,1,1,0,1469,0,0.0,1,1469,0,none,0,none,0,0,0,no_alert_unknown,no_alert_not_final_benign,-1,dns,port
2025-07-19T23:02:45.129828+0700,103.195.142.74,202.134.0.155,19768,53,UDP,flow,dns,1217214635759302,,1,1,0,68,0,0.0,1,68,0,none,0,none,0,0,0,no_alert_unknown,no_alert_not_final_benign,-1,dns,app_proto+port
2025-07-19T23:02:45.129837+0700,103.195.142.76,87.98.154.119,53,25459,UDP,flow,failed,1415115252553565,,1,1,0,1469,0,0.0,1,1469,0,none,0,none,0,0,0,no_alert_unknown,no_alert_not_final_benign,-1,dns,port
2025-07-19T23:02:45.129846+0700,103.195.142.83,87.98.154.119,53,63171,UDP,flow,failed,1267928063793045,,1,1,0,1190,0,0.0,1,1190,0,none,0,none,0,0,0,no_alert_unknown,no_alert_not_final_benign,-1,dns,port
2025-07-19T23:02:45.129858+0700,103.195.142.76,87.98.154.2,53,64336,UDP,flow,failed,623442926294957,,1,3,0,4407,0,10.0,3,4407,0,none,0,none,0,0,0,no_alert_unknown,no_alert_not_final_benign,-1,dns,port
2025-07-19T23:02:45.129904+0700,103.195.142.76,87.98.154.119,53,36173,UDP,flow,failed,1129521758198044,,1,1,0,1469,0,0.0,1,1469,0,none,0,none,0,0,0,no_alert_unknown,no_alert_not_final_benign,-1,dns,port
2025-07-19T23:02:45.129912+0700,103.195.142.46,87.98.154.119,53,3873,UDP,flow,failed,1507295244048797,,1,1,0,1437,0,0.0,1,1437,0,none,0,none,0,0,0,no_alert_unknown,no_alert_not_final_benign,-1,dns,port
2025-07-19T23:02:45.129920+0700,103.195.142.76,87.98.154.119,53,20808,UDP,flow,failed,1182597149088165,,1,1,0,1469,0,0.0,1,1469,0,none,0,none,0,0,0,no_alert_unknown,no_alert_not_final_benign,-1,dns,port
2025-07-19T23:02:45.129930+0700,103.195.142.83,87.98.154.119,53,19979,UDP,flow,failed,1185975748975135,,1,1,0,1190,0,0.0,1,1190,0,none,0,none,0,0,0,no_alert_unknown,no_alert_not_final_benign,-1,dns,port
2025-07-19T23:02:45.129948+0700,103.195.142.83,87.98.154.170,53,34841,UDP,flow,failed,1102844114426507,,1,3,0,3570,0,10.0,3,3570,0,none,0,none,0,0,0,no_alert_unknown,no_alert_not_final_benign,-1,dns,port
2025-07-19T23:02:45.129980+0700,103.195.142.83,87.98.154.190,53,8681,UDP,flow,failed,1348364171598690,,1,1,0,1190,0,0.0,1,1190,0,none,0,none,0,0,0,no_alert_unknown,no_alert_not_final_benign,-1,dns,port
2025-07-19T23:02:45.129988+0700,103.195.142.74,118.98.44.50,56391,53,UDP,flow,dns,1347877833530562,,1,1,0,214,0,0.0,1,214,0,none,0,none,0,0,0,no_alert_unknown,no_alert_not_final_benign,-1,dns,app_proto+port
2025-07-19T23:02:45.129996+0700,103.195.142.165,87.98.154.149,53,59303,UDP,flow,failed,1414968836218088,,1,1,0,1437,0,0.0,1,1437,0,none,0,none,0,0,0,no_alert_unknown,no_alert_not_final_benign,-1,dns,port
2025-07-19T23:02:45.130004+0700,103.195.142.195,87.98.154.119,53,24680,UDP,flow,failed,1452090373299446,,1,1,0,1437,0,0.0,1,1437,0,none,0,none,0,0,0,no_alert_unknown,no_alert_not_final_benign,-1,dns,port
2025-07-19T23:02:45.130011+0700,103.195.142.46,87.98.154.171,53,59508,UDP,flow,failed,1124482387139897,,1,3,0,4311,0,10.0,3,4311,0,none,0,none,0,0,0,no_alert_unknown,no_alert_not_final_benign,-1,dns,port
2025-07-19T23:02:45.130045+0700,103.195.142.3,180.241.110.160,53,4928,UDP,flow,failed,1562165791415715,,1,1,0,134,0,0.0,1,134,0,none,0,none,0,0,0,no_alert_unknown,no_alert_not_final_benign,-1,dns,port
2025-07-19T23:02:45.130073+0700,103.195.142.109,87.98.154.253,53,52502,UDP,flow,failed,1278615666941552,,1,1,0,1437,0,0.0,1,1437,0,none,0,none,0,0,0,no_alert_unknown,no_alert_not_final_benign,-1,dns,port
2025-07-19T23:02:45.130095+0700,103.195.142.83,87.98.154.119,53,4205,UDP,flow,failed,1887214523113270,,1,1,0,1190,0,0.0,1,1190,0,none,0,none,0,0,0,no_alert_unknown,no_alert_not_final_benign,-1,dns,port
2025-07-19T23:02:45.130115+0700,103.195.142.109,87.98.154.119,53,46106,UDP,flow,failed,1280050530803571,,1,1,0,1437,0,0.0,1,1437,0,none,0,none,0,0,0,no_alert_unknown,no_alert_not_final_benign,-1,dns,port
2025-07-19T23:02:45.130124+0700,103.195.142.196,87.98.154.119,53,33950,UDP,flow,failed,1187639853440888,,1,1,0,1437,0,0.0,1,1437,0,none,0,none,0,0,0,no_alert_unknown,no_alert_not_final_benign,-1,dns,port
2025-07-19T23:02:45.130132+0700,103.195.142.196,87.98.154.119,53,63718,UDP,flow,failed,1275964100304774,,1,1,0,1437,0,0.0,1,1437,0,none,0,none,0,0,0,no_alert_unknown,no_alert_not_final_benign,-1,dns,port
2025-07-19T23:02:45.130144+0700,103.195.142.83,87.98.154.114,53,29314,UDP,flow,failed,1175224507359113,,1,3,0,3570,0,10.0,3,3570,0,none,0,none,0,0,0,no_alert_unknown,no_alert_not_final_benign,-1,dns,port
2025-07-19T23:02:45.130154+0700,103.195.142.46,87.98.154.119,53,53157,UDP,flow,failed,1951483262132124,,1,1,0,1437,0,0.0,1,1437,0,none,0,none,0,0,0,no_alert_unknown,no_alert_not_final_benign,-1,dns,port
2025-07-19T23:02:45.136441+0700,103.195.142.74,50.28.32.153,53945,53,UDP,dns,,1430437793446812,wire/pcap,0,0,0,0,0,0.0,0,0,0,none,0,none,0,0,0,no_alert_unknown,no_alert_not_final_benign,-1,dns,port
2025-07-19T23:02:45.161855+0700,103.195.142.75,8.8.8.8,3075,53,UDP,dns,,1539590364802400,wire/pcap,0,0,0,0,0,0.0,0,0,0,none,0,none,0,0,0,no_alert_unknown,no_alert_not_final_benign,-1,dns,port
2025-07-19T23:02:45.173128+0700,103.195.142.74,50.28.32.153,40879,53,UDP,dns,,1588006333786687,wire/pcap,0,0,0,0,0,0.0,0,0,0,none,0,none,0,0,0,no_alert_unknown,no_alert_not_final_benign,-1,dns,port
2025-07-19T23:02:45.186359+0700,103.195.142.74,118.98.44.20,61698,53,UDP,dns,,1644833380026162,wire/pcap,0,0,0,0,0,0.0,0,0,0,none,0,none,0,0,0,no_alert_unknown,no_alert_not_final_benign,-1,dns,port
2025-07-19T23:02:45.242432+0700,103.195.142.75,8.8.8.8,14783,53,UDP,dns,,1604190463278422,wire/pcap,0,0,0,0,0,0.0,0,0,0,none,0,none,0,0,0,no_alert_unknown,no_alert_not_final_benign,-1,dns,port
2025-07-19T23:02:45.291487+0700,103.195.142.74,118.98.44.20,8627,53,UDP,dns,,1533403811300552,wire/pcap,0,0,0,0,0,0.0,0,0,0,none,0,none,0,0,0,no_alert_unknown,no_alert_not_final_benign,-1,dns,port
2025-07-19T23:02:45.318765+0700,103.195.142.74,202.134.0.155,29087,53,UDP,dns,,1650564497547529,wire/pcap,0,0,0,0,0,0.0,0,0,0,none,0,none,0,0,0,no_alert_unknown,no_alert_not_final_benign,-1,dns,port
2025-07-19T23:02:45.321696+0700,103.195.142.74,118.98.44.50,19628,53,UDP,dns,,1663149195425706,wire/pcap,0,0,0,0,0,0.0,0,0,0,none,0,none,0,0,0,no_alert_unknown,no_alert_not_final_benign,-1,dns,port
2025-07-19T23:02:45.325208+0700,103.195.142.31,8.8.8.8,10169,53,UDP,dns,,1678235511026009,wire/pcap,0,0,0,0,0,0.0,0,0,0,none,0,none,0,0,0,no_alert_unknown,no_alert_not_final_benign,-1,dns,port
2025-07-19T23:02:45.325362+0700,103.195.142.31,8.8.8.8,17199,53,UDP,dns,,1678894194507299,wire/pcap,0,0,0,0,0,0.0,0,0,0,none,0,none,0,0,0,no_alert_unknown,no_alert_not_final_benign,-1,dns,port
2025-07-19T23:02:45.355514+0700,103.195.142.74,118.98.44.50,32819,53,UDP,dns,,1526922135192269,wire/pcap,0,0,0,0,0,0.0,0,0,0,none,0,none,0,0,0,no_alert_unknown,no_alert_not_final_benign,-1,dns,port
2025-07-19T23:02:45.381297+0700,103.195.142.75,8.8.8.8,64779,53,UDP,dns,,1637661236884600,wire/pcap,0,0,0,0,0,0.0,0,0,0,none,0,none,0,0,0,no_alert_unknown,no_alert_not_final_benign,-1,dns,port
2025-07-19T23:02:45.450505+0700,103.195.142.75,50.28.102.86,57289,53,UDP,dns,,1653431930862412,wire/pcap,0,0,0,0,0,0.0,0,0,0,none,0,none,0,0,0,no_alert_unknown,no_alert_not_final_benign,-1,dns,port
2025-07-19T23:02:45.459762+0700,103.195.142.74,118.98.44.100,10882,53,UDP,dns,,1411714328613631,wire/pcap,0,0,0,0,0,0.0,0,0,0,none,0,none,0,0,0,no_alert_unknown,no_alert_not_final_benign,-1,dns,port
2025-07-19T23:02:45.469846+0700,103.195.142.75,8.8.8.8,6627,53,UDP,dns,,1455025357461227,wire/pcap,0,0,0,0,0,0.0,0,0,0,none,0,none,0,0,0,no_alert_unknown,no_alert_not_final_benign,-1,dns,port
2025-07-19T23:02:45.508722+0700,103.195.142.74,118.98.44.20,9968,53,UDP,dns,,1621998190402771,wire/pcap,0,0,0,0,0,0.0,0,0,0,none,0,none,0,0,0,no_alert_unknown,no_alert_not_final_benign,-1,dns,port
2025-07-19T23:02:45.513773+0700,103.195.142.74,202.134.0.155,37148,53,UDP,dns,,1643688949210241,wire/pcap,0,0,0,0,0,0.0,0,0,0,none,0,none,0,0,0,no_alert_unknown,no_alert_not_final_benign,-1,dns,port
2025-07-19T23:02:45.531749+0700,103.195.142.74,202.134.0.155,55470,53,UDP,dns,,1439422862200132,wire/pcap,0,0,0,0,0,0.0,0,0,0,none,0,none,0,0,0,no_alert_unknown,no_alert_not_final_benign,-1,dns,port
2025-07-19T23:02:45.547994+0700,103.195.142.74,118.98.44.50,29841,53,UDP,dns,,1509195348908884,wire/pcap,0,0,0,0,0,0.0,0,0,0,none,0,none,0,0,0,no_alert_unknown,no_alert_not_final_benign,-1,dns,port
2025-07-19T23:02:45.549009+0700,103.195.142.75,8.8.8.8,56939,53,UDP,dns,,1513552490136171,wire/pcap,0,0,0,0,0,0.0,0,0,0,none,0,none,0,0,0,no_alert_unknown,no_alert_not_final_benign,-1,dns,port
2025-07-19T23:02:45.549329+0700,103.195.142.75,8.8.8.8,14256,53,UDP,dns,,1514926731702109,wire/pcap,0,0,0,0,0,0.0,0,0,0,none,0,none,0,0,0,no_alert_unknown,no_alert_not_final_benign,-1,dns,port
2025-07-19T23:02:45.549634+0700,103.195.142.74,118.98.44.20,28921,53,UDP,dns,,1516236982522236,wire/pcap,0,0,0,0,0,0.0,0,0,0,none,0,none,0,0,0,no_alert_unknown,no_alert_not_final_benign,-1,dns,port
2025-07-19T23:02:45.550116+0700,103.195.142.74,118.98.44.50,43598,53,UDP,dns,,1518309260308947,wire/pcap,0,0,0,0,0,0.0,0,0,0,none,0,none,0,0,0,no_alert_unknown,no_alert_not_final_benign,-1,dns,port
2025-07-19T23:02:45.550497+0700,103.195.142.74,118.98.44.20,3774,53,UDP,dns,,1519943125488532,wire/pcap,0,0,0,0,0,0.0,0,0,0,none,0,none,0,0,0,no_alert_unknown,no_alert_not_final_benign,-1,dns,port
2025-07-19T23:02:45.551353+0700,103.195.142.74,118.98.44.50,25205,53,UDP,dns,,1523620499609725,wire/pcap,0,0,0,0,0,0.0,0,0,0,none,0,none,0,0,0,no_alert_unknown,no_alert_not_final_benign,-1,dns,port
2025-07-19T23:02:45.553090+0700,103.195.142.75,8.8.8.8,7937,53,UDP,dns,,1531080767490716,wire/pcap,0,0,0,0,0,0.0,0,0,0,none,0,none,0,0,0,no_alert_unknown,no_alert_not_final_benign,-1,dns,port
2025-07-19T23:02:45.554932+0700,103.195.142.74,118.98.44.50,7220,53,UDP,dns,,1538990283439927,wire/pcap,0,0,0,0,0,0.0,0,0,0,none,0,none,0,0,0,no_alert_unknown,no_alert_not_final_benign,-1,dns,port
2025-07-19T23:02:45.554988+0700,103.195.142.74,118.98.44.100,9267,53,UDP,dns,,1539232489826587,wire/pcap,0,0,0,0,0,0.0,0,0,0,none,0,none,0,0,0,no_alert_unknown,no_alert_not_final_benign,-1,dns,port
2025-07-19T23:02:45.555116+0700,103.195.142.75,8.8.8.8,51827,53,UDP,dns,,1539781502074102,wire/pcap,0,0,0,0,0,0.0,0,0,0,none,0,none,0,0,0,no_alert_unknown,no_alert_not_final_benign,-1,dns,port
2025-07-19T23:02:45.562106+0700,103.195.142.75,50.28.102.86,22333,53,UDP,dns,,1569803946971892,wire/pcap,0,0,0,0,0,0.0,0,0,0,none,0,none,0,0,0,no_alert_unknown,no_alert_not_final_benign,-1,dns,port
2025-07-19T23:02:45.577868+0700,103.195.142.74,202.134.0.155,12428,53,UDP,dns,,1637503395590713,wire/pcap,0,0,0,0,0,0.0,0,0,0,none,0,none,0,0,0,no_alert_unknown,no_alert_not_final_benign,-1,dns,port
2025-07-19T23:02:45.592859+0700,103.195.142.74,118.98.44.100,46788,53,UDP,dns,,1420412234084559,wire/pcap,0,0,0,0,0,0.0,0,0,0,none,0,none,0,0,0,no_alert_unknown,no_alert_not_final_benign,-1,dns,port
2025-07-19T23:02:45.595666+0700,103.195.142.74,118.98.44.20,26478,53,UDP,flow,dns,1612219750891559,,1,1,0,81,0,0.0,1,81,0,none,0,none,0,0,0,no_alert_unknown,no_alert_not_final_benign,-1,dns,app_proto+port
2025-07-19T23:02:45.595725+0700,103.195.142.75,8.8.8.8,30805,53,UDP,flow,dns,732899259285148,,1,2,0,456,0,4.0,2,456,0,none,0,none,0,0,0,no_alert_unknown,no_alert_not_final_benign,-1,dns,app_proto+port
2025-07-19T23:02:45.619519+0700,103.195.142.75,8.8.8.8,26014,53,UDP,dns,,1534917786374920,wire/pcap,0,0,0,0,0,0.0,0,0,0,none,0,none,0,0,0,no_alert_unknown,no_alert_not_final_benign,-1,dns,port
2025-07-19T23:02:45.656675+0700,103.195.142.74,202.134.0.155,36430,53,UDP,dns,,1413025274936180,wire/pcap,0,0,0,0,0,0.0,0,0,0,none,0,none,0,0,0,no_alert_unknown,no_alert_not_final_benign,-1,dns,port
2025-07-19T23:02:45.668960+0700,103.195.142.74,118.98.44.20,8356,53,UDP,dns,,1465790422121893,wire/pcap,0,0,0,0,0,0.0,0,0,0,none,0,none,0,0,0,no_alert_unknown,no_alert_not_final_benign,-1,dns,port
2025-07-19T23:02:45.669167+0700,103.195.142.74,118.98.44.50,58282,53,UDP,dns,,1466676905143823,wire/pcap,0,0,0,0,0,0.0,0,0,0,none,0,none,0,0,0,no_alert_unknown,no_alert_not_final_benign,-1,dns,port
2025-07-19T23:02:45.669245+0700,103.195.142.74,202.134.0.155,37600,53,UDP,dns,,1467012422500676,wire/pcap,0,0,0,0,0,0.0,0,0,0,none,0,none,0,0,0,no_alert_unknown,no_alert_not_final_benign,-1,dns,port
2025-07-19T23:02:45.670151+0700,103.195.142.74,118.98.44.100,32032,53,UDP,dns,,1470904739278097,wire/pcap,0,0,0,0,0,0.0,0,0,0,none,0,none,0,0,0,no_alert_unknown,no_alert_not_final_benign,-1,dns,port
2025-07-19T23:02:45.697517+0700,103.195.142.75,50.28.102.86,24135,53,UDP,dns,,1588441723051876,wire/pcap,0,0,0,0,0,0.0,0,0,0,none,0,none,0,0,0,no_alert_unknown,no_alert_not_final_benign,-1,dns,port
2025-07-19T23:02:45.706266+0700,103.195.142.75,8.8.8.8,41798,53,UDP,dns,,1626017947311987,wire/pcap,0,0,0,0,0,0.0,0,0,0,none,0,none,0,0,0,no_alert_unknown,no_alert_not_final_benign,-1,dns,port
2025-07-19T23:02:45.709950+0700,103.195.142.74,118.98.44.20,6515,53,UDP,dns,,1641840912508439,wire/pcap,0,0,0,0,0,0.0,0,0,0,none,0,none,0,0,0,no_alert_unknown,no_alert_not_final_benign,-1,dns,port
2025-07-19T23:02:45.709948+0700,103.195.142.74,118.98.44.100,43521,53,UDP,dns,,1641832798045613,wire/pcap,0,0,0,0,0,0.0,0,0,0,none,0,none,0,0,0,no_alert_unknown,no_alert_not_final_benign,-1,dns,port
2025-07-19T23:02:45.710322+0700,103.195.142.74,202.134.0.155,40847,53,UDP,dns,,1643437813955253,wire/pcap,0,0,0,0,0,0.0,0,0,0,none,0,none,0,0,0,no_alert_unknown,no_alert_not_final_benign,-1,dns,port
2025-07-19T23:02:45.719516+0700,103.195.142.74,118.98.44.20,59562,53,UDP,dns,,1682926967858253,wire/pcap,0,0,0,0,0,0.0,0,0,0,none,0,none,0,0,0,no_alert_unknown,no_alert_not_final_benign,-1,dns,port
2025-07-19T23:02:45.720860+0700,103.195.142.74,118.98.44.100,39255,53,UDP,dns,,1688698852130451,wire/pcap,0,0,0,0,0,0.0,0,0,0,none,0,none,0,0,0,no_alert_unknown,no_alert_not_final_benign,-1,dns,port
2025-07-19T23:02:45.726287+0700,103.195.142.75,8.8.8.8,61486,53,UDP,dns,,1430532100711365,wire/pcap,0,0,0,0,0,0.0,0,0,0,none,0,none,0,0,0,no_alert_unknown,no_alert_not_final_benign,-1,dns,port
2025-07-19T23:02:45.726920+0700,103.195.142.74,118.98.44.20,59928,53,UDP,dns,,1433249992752574,wire/pcap,0,0,0,0,0,0.0,0,0,0,none,0,none,0,0,0,no_alert_unknown,no_alert_not_final_benign,-1,dns,port
2025-07-19T23:02:45.734933+0700,103.195.142.76,87.98.154.114,53,41734,UDP,flow,failed,1957436263599643,,1,1,0,1469,0,0.0,1,1469,0,none,0,none,0,0,0,no_alert_unknown,no_alert_not_final_benign,-1,dns,port
2025-07-19T23:02:45.760394+0700,103.195.142.74,202.134.0.155,63759,53,UDP,dns,,1577018293954157,wire/pcap,0,0,0,0,0,0.0,0,0,0,none,0,none,0,0,0,no_alert_unknown,no_alert_not_final_benign,-1,dns,port
2025-07-19T23:02:45.793540+0700,103.195.142.74,118.98.44.20,53533,53,UDP,dns,,1437906823619020,wire/pcap,0,0,0,0,0,0.0,0,0,0,none,0,none,0,0,0,no_alert_unknown,no_alert_not_final_benign,-1,dns,port
2025-07-19T23:02:45.819812+0700,103.195.142.75,8.8.8.8,60380,53,UDP,dns,,1550742165321400,wire/pcap,0,0,0,0,0,0.0,0,0,0,none,0,none,0,0,0,no_alert_unknown,no_alert_not_final_benign,-1,dns,port
2025-07-19T23:02:45.843003+0700,103.195.142.74,118.98.44.100,53726,53,UDP,dns,,1650349626312801,wire/pcap,0,0,0,0,0,0.0,0,0,0,none,0,none,0,0,0,no_alert_unknown,no_alert_not_final_benign,-1,dns,port
2025-07-19T23:02:45.856785+0700,103.195.142.74,202.134.0.155,43131,53,UDP,flow,dns,1745912398260957,,1,1,0,178,0,0.0,1,178,0,none,0,none,0,0,0,no_alert_unknown,no_alert_not_final_benign,-1,dns,app_proto+port
2025-07-19T23:02:45.873527+0700,103.195.142.74,118.98.44.50,32056,53,UDP,dns,,1499970477024859,wire/pcap,0,0,0,0,0,0.0,0,0,0,none,0,none,0,0,0,no_alert_unknown,no_alert_not_final_benign,-1,dns,port
2025-07-19T23:02:45.873603+0700,103.195.142.74,118.98.44.100,3360,53,UDP,dns,,1500299098834082,wire/pcap,0,0,0,0,0,0.0,0,0,0,none,0,none,0,0,0,no_alert_unknown,no_alert_not_final_benign,-1,dns,port
2025-07-19T23:02:45.874412+0700,103.195.142.75,50.28.32.155,24300,53,UDP,dns,,1503773972387363,wire/pcap,0,0,0,0,0,0.0,0,0,0,none,0,none,0,0,0,no_alert_unknown,no_alert_not_final_benign,-1,dns,port
2025-07-19T23:02:45.890029+0700,103.195.142.74,118.98.44.100,2085,53,UDP,dns,,1570846981937932,wire/pcap,0,0,0,0,0,0.0,0,0,0,none,0,none,0,0,0,no_alert_unknown,no_alert_not_final_benign,-1,dns,port
2025-07-19T23:02:45.890721+0700,103.195.142.74,118.98.44.100,2136,53,UDP,dns,,1573819673429766,wire/pcap,0,0,0,0,0,0.0,0,0,0,none,0,none,0,0,0,no_alert_unknown,no_alert_not_final_benign,-1,dns,port
2025-07-19T23:02:45.910989+0700,103.195.142.74,202.134.0.155,60788,53,UDP,dns,,1660869144455831,wire/pcap,0,0,0,0,0,0.0,0,0,0,none,0,none,0,0,0,no_alert_unknown,no_alert_not_final_benign,-1,dns,port
2025-07-19T23:02:45.915145+0700,103.195.142.108,8.8.8.8,1900,53,UDP,dns,,1216074754602613,wire/pcap,0,0,0,0,0,0.0,0,0,0,none,0,none,0,0,0,no_alert_unknown,no_alert_not_final_benign,-1,dns,port
2025-07-19T23:02:45.929668+0700,103.195.142.75,8.8.8.8,23010,53,UDP,dns,,1459620468732213,wire/pcap,0,0,0,0,0,0.0,0,0,0,none,0,none,0,0,0,no_alert_unknown,no_alert_not_final_benign,-1,dns,port
2025-07-19T23:02:45.929728+0700,103.195.142.75,8.8.8.8,6935,53,UDP,dns,,1459880404459328,wire/pcap,0,0,0,0,0,0.0,0,0,0,none,0,none,0,0,0,no_alert_unknown,no_alert_not_final_benign,-1,dns,port
2025-07-19T23:02:45.954290+0700,103.195.142.75,208.74.121.116,42041,53,UDP,dns,,1565373552896301,wire/pcap,0,0,0,0,0,0.0,0,0,0,none,0,none,0,0,0,no_alert_unknown,no_alert_not_final_benign,-1,dns,port
2025-07-19T23:02:45.959000+0700,103.195.142.75,8.8.8.8,25012,53,UDP,dns,,1585600545352794,wire/pcap,0,0,0,0,0,0.0,0,0,0,none,0,none,0,0,0,no_alert_unknown,no_alert_not_final_benign,-1,dns,port
2025-07-19T23:02:45.976929+0700,103.195.142.74,202.134.0.155,4222,53,UDP,dns,,1662606897102989,wire/pcap,0,0,0,0,0,0.0,0,0,0,none,0,none,0,0,0,no_alert_unknown,no_alert_not_final_benign,-1,dns,port
2025-07-19T23:02:45.979148+0700,103.195.142.74,118.98.44.100,29632,53,UDP,dns,,1672137832118534,wire/pcap,0,0,0,0,0,0.0,0,0,0,none,0,none,0,0,0,no_alert_unknown,no_alert_not_final_benign,-1,dns,port
2025-07-19T23:02:46.009093+0700,103.195.142.74,202.134.0.155,24318,53,UDP,dns,,1727905222973196,wire/pcap,0,0,0,0,0,0.0,0,0,0,none,0,none,0,0,0,no_alert_unknown,no_alert_not_final_benign,-1,dns,port
2025-07-19T23:02:46.041653+0700,103.195.142.75,50.28.102.86,16665,53,UDP,dns,,1867750361033275,wire/pcap,0,0,0,0,0,0.0,0,0,0,none,0,none,0,0,0,no_alert_unknown,no_alert_not_final_benign,-1,dns,port
2025-07-19T23:02:46.060154+0700,103.195.142.74,118.98.44.100,29210,53,UDP,dns,,1947209905211862,wire/pcap,0,0,0,0,0,0.0,0,0,0,none,0,none,0,0,0,no_alert_unknown,no_alert_not_final_benign,-1,dns,port
2025-07-19T23:02:46.060200+0700,103.195.142.74,118.98.44.50,59257,53,UDP,dns,,1947408040115524,wire/pcap,0,0,0,0,0,0.0,0,0,0,none,0,none,0,0,0,no_alert_unknown,no_alert_not_final_benign,-1,dns,port
2025-07-19T23:02:46.074336+0700,103.195.142.75,8.8.8.8,4285,53,UDP,dns,,1726648411413200,wire/pcap,0,0,0,0,0,0.0,0,0,0,none,0,none,0,0,0,no_alert_unknown,no_alert_not_final_benign,-1,dns,port
2025-07-19T23:02:46.103058+0700,103.195.142.165,87.98.154.119,53,64378,UDP,flow,failed,1367215972540422,,1,1,0,1437,0,0.0,1,1437,0,none,0,none,0,0,0,no_alert_unknown,no_alert_not_final_benign,-1,dns,port
2025-07-19T23:02:46.103201+0700,103.195.142.76,87.98.154.114,53,50937,UDP,flow,failed,1331534156456163,,1,1,0,1469,0,0.0,1,1469,0,none,0,none,0,0,0,no_alert_unknown,no_alert_not_final_benign,-1,dns,port
2025-07-19T23:02:46.103221+0700,103.195.142.83,87.98.154.119,53,60763,UDP,flow,failed,1364116250288524,,1,1,0,1190,0,0.0,1,1190,0,none,0,none,0,0,0,no_alert_unknown,no_alert_not_final_benign,-1,dns,port
2025-07-19T23:02:46.103279+0700,103.195.142.195,87.98.154.119,53,50345,UDP,flow,failed,1143816772379040,,1,1,0,1437,0,0.0,1,1437,0,none,0,none,0,0,0,no_alert_unknown,no_alert_not_final_benign,-1,dns,port
2025-07-19T23:02:46.103378+0700,103.195.142.74,118.98.44.50,60942,53,UDP,flow,dns,1540637147062874,,1,1,0,109,0,0.0,1,109,0,none,0,none,0,0,0,no_alert_unknown,no_alert_not_final_benign,-1,dns,app_proto+port
2025-07-19T23:02:46.103420+0700,103.195.142.76,87.98.154.230,53,44628,UDP,flow,failed,1307922395030137,,1,1,0,1469,0,0.0,1,1469,0,none,0,none,0,0,0,no_alert_unknown,no_alert_not_final_benign,-1,dns,port
2025-07-19T23:02:46.103460+0700,103.195.142.109,87.98.154.118,53,30251,UDP,flow,failed,1658611799351950,,1,1,0,1437,0,0.0,1,1437,0,none,0,none,0,0,0,no_alert_unknown,no_alert_not_final_benign,-1,dns,port
2025-07-19T23:02:46.103514+0700,103.195.142.46,87.98.154.143,53,30082,UDP,flow,failed,1149064723161749,,1,3,0,4311,0,10.0,3,4311,0,none,0,none,0,0,0,no_alert_unknown,no_alert_not_final_benign,-1,dns,port
2025-07-19T23:02:46.103582+0700,103.195.142.109,87.98.154.119,53,28899,UDP,flow,failed,1530362257072795,,1,1,0,1437,0,0.0,1,1437,0,none,0,none,0,0,0,no_alert_unknown,no_alert_not_final_benign,-1,dns,port
2025-07-19T23:02:46.103664+0700,103.195.142.74,118.98.44.100,10458,53,UDP,flow,dns,1783983124767455,,1,1,0,130,0,0.0,1,130,0,none,0,none,0,0,0,no_alert_unknown,no_alert_not_final_benign,-1,dns,app_proto+port
2025-07-19T23:02:46.103787+0700,103.195.142.165,87.98.154.69,53,39795,UDP,flow,failed,1232467233858403,,1,1,0,1437,0,0.0,1,1437,0,none,0,none,0,0,0,no_alert_unknown,no_alert_not_final_benign,-1,dns,port
2025-07-19T23:02:46.103831+0700,103.195.142.74,118.98.44.100,60983,53,UDP,flow,dns,1808835021104057,,1,1,0,196,0,0.0,1,196,0,none,0,none,0,0,0,no_alert_unknown,no_alert_not_final_benign,-1,dns,app_proto+port
2025-07-19T23:02:46.103897+0700,103.195.142.109,87.98.154.119,53,35448,UDP,flow,failed,1374752058500215,,1,1,0,1437,0,0.0,1,1437,0,none,0,none,0,0,0,no_alert_unknown,no_alert_not_final_benign,-1,dns,port
2025-07-19T23:02:46.103953+0700,103.195.142.83,87.98.154.82,53,47533,UDP,flow,failed,1624496761988312,,1,1,0,1190,0,0.0,1,1190,0,none,0,none,0,0,0,no_alert_unknown,no_alert_not_final_benign,-1,dns,port
2025-07-19T23:02:46.104000+0700,103.195.142.196,87.98.154.93,53,21697,UDP,flow,failed,1695752547657046,,1,1,0,1437,0,0.0,1,1437,0,none,0,none,0,0,0,no_alert_unknown,no_alert_not_final_benign,-1,dns,port
2025-07-19T23:02:46.104020+0700,103.195.142.76,87.98.154.146,53,11987,UDP,flow,failed,1875844120307053,,1,1,0,1469,0,0.0,1,1469,0,none,0,none,0,0,0,no_alert_unknown,no_alert_not_final_benign,-1,dns,port
2025-07-19T23:02:46.104041+0700,103.195.142.75,8.8.8.8,62923,53,UDP,flow,dns,2086263751828971,,1,2,0,182,0,5.0,2,182,0,none,0,none,0,0,0,no_alert_unknown,no_alert_not_final_benign,-1,dns,app_proto+port
2025-07-19T23:02:46.104068+0700,103.195.142.74,118.98.44.50,34701,53,UDP,flow,dns,1584222854506054,,1,1,0,214,0,0.0,1,214,0,none,0,none,0,0,0,no_alert_unknown,no_alert_not_final_benign,-1,dns,app_proto+port
2025-07-19T23:02:46.104089+0700,103.195.142.74,118.98.44.50,16479,53,UDP,flow,dns,1583912190207934,,1,1,0,79,0,0.0,1,79,0,none,0,none,0,0,0,no_alert_unknown,no_alert_not_final_benign,-1,dns,app_proto+port
2025-07-19T23:02:46.104157+0700,103.195.142.74,118.98.44.50,20436,53,UDP,flow,dns,1321570844731384,,1,1,0,214,0,0.0,1,214,0,none,0,none,0,0,0,no_alert_unknown,no_alert_not_final_benign,-1,dns,app_proto+port
2025-07-19T23:02:46.104178+0700,103.195.142.74,202.134.0.155,65126,53,UDP,flow,dns,1261650248788023,,1,1,0,78,0,0.0,1,78,0,none,0,none,0,0,0,no_alert_unknown,no_alert_not_final_benign,-1,dns,app_proto+port
2025-07-19T23:02:46.104249+0700,103.195.142.76,87.98.154.119,53,7713,UDP,flow,failed,1748552933042484,,1,1,0,1469,0,0.0,1,1469,0,none,0,none,0,0,0,no_alert_unknown,no_alert_not_final_benign,-1,dns,port
2025-07-19T23:02:46.104305+0700,103.195.142.46,87.98.154.227,53,41913,UDP,flow,failed,1717386036308316,,1,1,0,1437,0,0.0,1,1437,0,none,0,none,0,0,0,no_alert_unknown,no_alert_not_final_benign,-1,dns,port
2025-07-19T23:02:46.104369+0700,103.195.142.74,34.8.196.142,47560,53,UDP,flow,dns,1322265781987682,,1,1,0,207,0,0.0,1,207,0,none,0,none,0,0,0,no_alert_unknown,no_alert_not_final_benign,-1,dns,app_proto+port
2025-07-19T23:02:46.104403+0700,103.195.142.165,87.98.154.119,53,18427,UDP,flow,failed,1442615781222887,,1,1,0,1437,0,0.0,1,1437,0,none,0,none,0,0,0,no_alert_unknown,no_alert_not_final_benign,-1,dns,port
2025-07-19T23:02:46.104457+0700,103.195.142.46,87.98.154.135,53,4994,UDP,flow,failed,1969819773561358,,1,1,0,1437,0,0.0,1,1437,0,none,0,none,0,0,0,no_alert_unknown,no_alert_not_final_benign,-1,dns,port
2025-07-19T23:02:46.104481+0700,103.195.142.74,118.98.44.50,47631,53,UDP,flow,dns,1377019909433880,,1,1,0,214,0,0.0,1,214,0,none,0,none,0,0,0,no_alert_unknown,no_alert_not_final_benign,-1,dns,app_proto+port
2025-07-19T23:02:46.104502+0700,103.195.142.195,87.98.154.119,53,43295,UDP,flow,failed,1127064510327397,,1,1,0,1437,0,0.0,1,1437,0,none,0,none,0,0,0,no_alert_unknown,no_alert_not_final_benign,-1,dns,port
2025-07-19T23:02:46.104528+0700,103.195.142.109,87.98.154.119,53,40940,UDP,flow,failed,1876207657347758,,1,1,0,1437,0,0.0,1,1437,0,none,0,none,0,0,0,no_alert_unknown,no_alert_not_final_benign,-1,dns,port
2025-07-19T23:02:46.104548+0700,103.195.142.74,118.98.44.20,56957,53,UDP,flow,dns,1692026663856827,,1,1,0,214,0,0.0,1,214,0,none,0,none,0,0,0,no_alert_unknown,no_alert_not_final_benign,-1,dns,app_proto+port
2025-07-19T23:02:46.104568+0700,103.195.142.165,87.98.154.13,53,63058,UDP,flow,failed,1694151625009864,,1,1,0,1437,0,0.0,1,1437,0,none,0,none,0,0,0,no_alert_unknown,no_alert_not_final_benign,-1,dns,port
2025-07-19T23:02:46.104590+0700,103.195.142.74,202.134.0.155,63925,53,UDP,flow,dns,1492757125917397,,1,1,0,71,0,0.0,1,71,0,none,0,none,0,0,0,no_alert_unknown,no_alert_not_final_benign,-1,dns,app_proto+port
2025-07-19T23:02:46.104650+0700,103.195.142.195,87.98.154.176,53,32544,UDP,flow,failed,1285672116546325,,1,1,0,1437,0,0.0,1,1437,0,none,0,none,0,0,0,no_alert_unknown,no_alert_not_final_benign,-1,dns,port
2025-07-19T23:02:46.104669+0700,103.195.142.165,87.98.154.177,53,29894,UDP,flow,failed,1187174110194464,,1,1,0,1437,0,0.0,1,1437,0,none,0,none,0,0,0,no_alert_unknown,no_alert_not_final_benign,-1,dns,port
2025-07-19T23:02:46.104701+0700,103.195.142.83,87.98.154.114,53,20068,UDP,flow,failed,1502114015538014,,1,1,0,1190,0,0.0,1,1190,0,none,0,none,0,0,0,no_alert_unknown,no_alert_not_final_benign,-1,dns,port
2025-07-19T23:02:46.104753+0700,103.195.142.195,87.98.154.240,53,18274,UDP,flow,failed,1563945295997953,,1,1,0,1437,0,0.0,1,1437,0,none,0,none,0,0,0,no_alert_unknown,no_alert_not_final_benign,-1,dns,port
2025-07-19T23:02:46.104819+0700,103.195.142.83,87.98.154.119,53,62871,UDP,flow,failed,1594199000345633,,1,1,0,1190,0,0.0,1,1190,0,none,0,none,0,0,0,no_alert_unknown,no_alert_not_final_benign,-1,dns,port
2025-07-19T23:02:46.104888+0700,103.195.142.74,50.28.104.44,20616,53,UDP,flow,dns,1299395817237676,,1,1,0,85,0,0.0,1,85,0,none,0,none,0,0,0,no_alert_unknown,no_alert_not_final_benign,-1,dns,app_proto+port
2025-07-19T23:02:46.104932+0700,103.195.142.195,87.98.154.119,53,59346,UDP,flow,failed,1347662791961913,,1,1,0,1437,0,0.0,1,1437,0,none,0,none,0,0,0,no_alert_unknown,no_alert_not_final_benign,-1,dns,port
2025-07-19T23:02:46.104994+0700,103.195.142.74,118.98.44.100,47582,53,UDP,flow,dns,1931785419615727,,1,1,0,220,0,0.0,1,220,0,none,0,none,0,0,0,no_alert_unknown,no_alert_not_final_benign,-1,dns,app_proto+port
2025-07-19T23:02:46.105016+0700,103.195.142.3,193.163.125.177,53,54102,UDP,flow,failed,1639234633068119,,1,1,0,150,0,0.0,1,150,0,none,0,none,0,0,0,no_alert_unknown,no_alert_not_final_benign,-1,dns,port
2025-07-19T23:02:46.105161+0700,103.195.142.83,87.98.154.26,53,24469,UDP,flow,failed,1186983822618482,,1,1,0,1190,0,0.0,1,1190,0,none,0,none,0,0,0,no_alert_unknown,no_alert_not_final_benign,-1,dns,port
2025-07-19T23:02:46.105180+0700,103.195.142.46,87.98.154.255,53,9867,UDP,flow,failed,1919466012668131,,1,1,0,1437,0,0.0,1,1437,0,none,0,none,0,0,0,no_alert_unknown,no_alert_not_final_benign,-1,dns,port
2025-07-19T23:02:46.105268+0700,103.195.142.83,87.98.154.119,53,10263,UDP,flow,failed,1554187609239893,,1,1,0,1190,0,0.0,1,1190,0,none,0,none,0,0,0,no_alert_unknown,no_alert_not_final_benign,-1,dns,port
2025-07-19T23:02:46.105390+0700,103.195.142.165,87.98.154.129,53,29539,UDP,flow,failed,1345648323654130,,1,1,0,1437,0,0.0,1,1437,0,none,0,none,0,0,0,no_alert_unknown,no_alert_not_final_benign,-1,dns,port
2025-07-19T23:02:46.105465+0700,103.195.142.2,118.98.105.194,53,42757,UDP,flow,failed,1580298843255470,,1,1,0,179,0,0.0,1,179,0,none,0,none,0,0,0,no_alert_unknown,no_alert_not_final_benign,-1,dns,port
2025-07-19T23:02:46.105490+0700,103.195.142.74,118.98.44.20,34552,53,UDP,flow,dns,1152997592724225,,1,1,0,196,0,0.0,1,196,0,none,0,none,0,0,0,no_alert_unknown,no_alert_not_final_benign,-1,dns,app_proto+port
2025-07-19T23:02:46.105542+0700,103.195.142.46,87.98.154.119,53,16679,UDP,flow,failed,1841927375483664,,1,1,0,1437,0,0.0,1,1437,0,none,0,none,0,0,0,no_alert_unknown,no_alert_not_final_benign,-1,dns,port
2025-07-19T23:02:46.105563+0700,103.195.142.2,180.250.244.205,53,47588,UDP,flow,failed,1448652838532018,,1,1,0,177,0,0.0,1,177,0,none,0,none,0,0,0,no_alert_unknown,no_alert_not_final_benign,-1,dns,port
2025-07-19T23:02:46.105582+0700,103.195.142.195,87.98.154.119,53,26998,UDP,flow,failed,1580215579374536,,1,1,0,1437,0,0.0,1,1437,0,none,0,none,0,0,0,no_alert_unknown,no_alert_not_final_benign,-1,dns,port
2025-07-19T23:02:46.105620+0700,103.195.142.108,8.8.8.8,28599,53,UDP,flow,dns,1788666055554057,,1,1,0,68,0,0.0,1,68,0,none,0,none,0,0,0,no_alert_unknown,no_alert_not_final_benign,-1,dns,app_proto+port
2025-07-19T23:02:46.105646+0700,103.195.142.76,87.98.154.117,53,28987,UDP,flow,failed,1365107541537904,,1,1,0,1469,0,0.0,1,1469,0,none,0,none,0,0,0,no_alert_unknown,no_alert_not_final_benign,-1,dns,port
2025-07-19T23:02:46.105692+0700,103.195.142.83,87.98.154.118,53,40082,UDP,flow,failed,1856246906090652,,1,1,0,1190,0,0.0,1,1190,0,none,0,none,0,0,0,no_alert_unknown,no_alert_not_final_benign,-1,dns,port
2025-07-19T23:02:46.105739+0700,103.195.142.2,180.241.110.106,53,17287,UDP,flow,failed,1530839092688432,,1,1,0,135,0,0.0,1,135,0,none,0,none,0,0,0,no_alert_unknown,no_alert_not_final_benign,-1,dns,port
2025-07-19T23:02:46.105758+0700,103.195.142.165,87.98.154.119,53,5479,UDP,flow,failed,1390810232059470,,1,1,0,1437,0,0.0,1,1437,0,none,0,none,0,0,0,no_alert_unknown,no_alert_not_final_benign,-1,dns,port
2025-07-19T23:02:46.105777+0700,103.195.142.76,87.98.154.22,53,27106,UDP,flow,failed,1159318671062660,,1,1,0,1469,0,0.0,1,1469,0,none,0,none,0,0,0,no_alert_unknown,no_alert_not_final_benign,-1,dns,port
2025-07-19T23:02:46.105796+0700,103.195.142.196,87.98.154.117,53,6500,UDP,flow,failed,1249864555951754,,1,1,0,1437,0,0.0,1,1437,0,none,0,none,0,0,0,no_alert_unknown,no_alert_not_final_benign,-1,dns,port
2025-07-19T23:02:46.105814+0700,103.195.142.165,87.98.154.241,53,59271,UDP,flow,failed,1429067234866853,,1,1,0,1437,0,0.0,1,1437,0,none,0,none,0,0,0,no_alert_unknown,no_alert_not_final_benign,-1,dns,port
2025-07-19T23:02:46.105833+0700,103.195.142.74,202.134.0.155,48558,53,UDP,flow,dns,1518784271021770,,1,1,0,87,0,0.0,1,87,0,none,0,none,0,0,0,no_alert_unknown,no_alert_not_final_benign,-1,dns,app_proto+port
2025-07-19T23:02:46.105909+0700,103.195.142.83,87.98.154.119,53,13840,UDP,flow,failed,1474282822432624,,1,1,0,1190,0,0.0,1,1190,0,none,0,none,0,0,0,no_alert_unknown,no_alert_not_final_benign,-1,dns,port
2025-07-19T23:02:46.106000+0700,103.195.142.109,87.98.154.85,53,33305,UDP,flow,failed,1442810533115831,,1,1,0,1437,0,0.0,1,1437,0,none,0,none,0,0,0,no_alert_unknown,no_alert_not_final_benign,-1,dns,port
2025-07-19T23:02:46.106019+0700,103.195.142.74,118.98.44.100,23585,53,UDP,flow,dns,1675423510755257,,1,1,0,78,0,0.0,1,78,0,none,0,none,0,0,0,no_alert_unknown,no_alert_not_final_benign,-1,dns,app_proto+port
2025-07-19T23:02:46.106066+0700,103.195.142.74,118.98.44.50,25235,53,UDP,flow,dns,1888541080352814,,1,1,0,214,0,0.0,1,214,0,none,0,none,0,0,0,no_alert_unknown,no_alert_not_final_benign,-1,dns,app_proto+port
2025-07-19T23:02:46.106096+0700,103.195.142.74,118.98.44.20,15137,53,UDP,flow,dns,1802175671498805,,1,1,0,68,0,0.0,1,68,0,none,0,none,0,0,0,no_alert_unknown,no_alert_not_final_benign,-1,dns,app_proto+port
2025-07-19T23:02:46.106238+0700,103.195.142.165,87.98.154.119,53,45164,UDP,flow,failed,1796714249910742,,1,1,0,1437,0,0.0,1,1437,0,none,0,none,0,0,0,no_alert_unknown,no_alert_not_final_benign,-1,dns,port
2025-07-19T23:02:46.106269+0700,103.195.142.76,87.98.154.119,53,21224,UDP,flow,failed,1864248369871435,,1,1,0,1469,0,0.0,1,1469,0,none,0,none,0,0,0,no_alert_unknown,no_alert_not_final_benign,-1,dns,port
2025-07-19T23:02:46.106289+0700,103.195.142.83,87.98.154.226,53,11012,UDP,flow,failed,1939180708035152,,1,1,0,1190,0,0.0,1,1190,0,none,0,none,0,0,0,no_alert_unknown,no_alert_not_final_benign,-1,dns,port
2025-07-19T23:02:46.106320+0700,103.195.142.109,87.98.154.169,53,20822,UDP,flow,failed,1928786219039529,,1,1,0,1437,0,0.0,1,1437,0,none,0,none,0,0,0,no_alert_unknown,no_alert_not_final_benign,-1,dns,port
2025-07-19T23:02:46.106341+0700,103.195.142.196,87.98.154.119,53,63940,UDP,flow,failed,1340098780199732,,1,1,0,1437,0,0.0,1,1437,0,none,0,none,0,0,0,no_alert_unknown,no_alert_not_final_benign,-1,dns,port
2025-07-19T23:02:46.106361+0700,103.195.142.74,118.98.44.20,26165,53,UDP,flow,dns,1877720952732564,,1,1,0,196,0,0.0,1,196,0,none,0,none,0,0,0,no_alert_unknown,no_alert_not_final_benign,-1,dns,app_proto+port
2025-07-19T23:02:46.106409+0700,103.195.142.76,87.98.154.58,53,55791,UDP,flow,failed,1510217056058508,,1,1,0,1469,0,0.0,1,1469,0,none,0,none,0,0,0,no_alert_unknown,no_alert_not_final_benign,-1,dns,port
2025-07-19T23:02:46.106471+0700,103.195.142.74,118.98.44.50,24758,53,UDP,flow,dns,1259895858265444,,1,1,0,141,0,0.0,1,141,0,none,0,none,0,0,0,no_alert_unknown,no_alert_not_final_benign,-1,dns,app_proto+port
2025-07-19T23:02:46.106511+0700,103.195.142.196,87.98.154.119,53,29273,UDP,flow,failed,1844939153735182,,1,1,0,1437,0,0.0,1,1437,0,none,0,none,0,0,0,no_alert_unknown,no_alert_not_final_benign,-1,dns,port
2025-07-19T23:02:46.106531+0700,103.195.142.74,118.98.44.50,21170,53,UDP,flow,dns,1262068187397755,,1,1,0,68,0,0.0,1,68,0,none,0,none,0,0,0,no_alert_unknown,no_alert_not_final_benign,-1,dns,app_proto+port
2025-07-19T23:02:46.106574+0700,103.195.142.109,87.98.154.145,53,62697,UDP,flow,failed,766637402619742,,1,2,0,2874,0,3.0,2,2874,0,none,0,none,0,0,0,no_alert_unknown,no_alert_not_final_benign,-1,dns,port
2025-07-19T23:02:46.106593+0700,103.195.142.196,87.98.154.205,53,59179,UDP,flow,failed,1596663193206661,,1,1,0,1437,0,0.0,1,1437,0,none,0,none,0,0,0,no_alert_unknown,no_alert_not_final_benign,-1,dns,port
2025-07-19T23:02:46.106630+0700,103.195.142.76,87.98.154.170,53,38461,UDP,flow,failed,1171526122012553,,1,1,0,1469,0,0.0,1,1469,0,none,0,none,0,0,0,no_alert_unknown,no_alert_not_final_benign,-1,dns,port
2025-07-19T23:02:46.106649+0700,103.195.142.195,87.98.154.92,53,34657,UDP,flow,failed,1838129483939729,,1,1,0,1437,0,0.0,1,1437,0,none,0,none,0,0,0,no_alert_unknown,no_alert_not_final_benign,-1,dns,port
2025-07-19T23:02:46.106753+0700,103.195.142.74,118.98.44.50,33488,53,UDP,flow,dns,1673358750777354,,1,1,0,214,0,0.0,1,214,0,none,0,none,0,0,0,no_alert_unknown,no_alert_not_final_benign,-1,dns,app_proto+port
2025-07-19T23:02:46.106774+0700,103.195.142.75,8.8.8.8,53993,53,UDP,flow,dns,1340724508688436,,1,1,0,214,0,0.0,1,214,0,none,0,none,0,0,0,no_alert_unknown,no_alert_not_final_benign,-1,dns,app_proto+port
2025-07-19T23:02:46.106853+0700,103.195.142.109,87.98.154.197,53,49583,UDP,flow,failed,1895790413742264,,1,1,0,1437,0,0.0,1,1437,0,none,0,none,0,0,0,no_alert_unknown,no_alert_not_final_benign,-1,dns,port
2025-07-19T23:02:46.106874+0700,103.195.142.195,87.98.154.120,53,46044,UDP,flow,failed,1595261490823504,,1,1,0,1437,0,0.0,1,1437,0,none,0,none,0,0,0,no_alert_unknown,no_alert_not_final_benign,-1,dns,port
2025-07-19T23:02:46.106909+0700,103.195.142.74,118.98.44.50,2475,53,UDP,flow,dns,1708307988414902,,1,1,0,95,0,0.0,1,95,0,none,0,none,0,0,0,no_alert_unknown,no_alert_not_final_benign,-1,dns,app_proto+port
2025-07-19T23:02:46.106994+0700,103.195.142.75,8.8.8.8,51707,53,UDP,flow,dns,1693153185038867,,1,1,0,93,0,0.0,1,93,0,none,0,none,0,0,0,no_alert_unknown,no_alert_not_final_benign,-1,dns,app_proto+port
2025-07-19T23:02:46.107066+0700,103.195.142.196,87.98.154.119,53,7021,UDP,flow,failed,1480113620124199,,1,1,0,1437,0,0.0,1,1437,0,none,0,none,0,0,0,no_alert_unknown,no_alert_not_final_benign,-1,dns,port
2025-07-19T23:02:46.107087+0700,103.195.142.165,87.98.154.119,53,46931,UDP,flow,failed,1574798814741077,,1,1,0,1437,0,0.0,1,1437,0,none,0,none,0,0,0,no_alert_unknown,no_alert_not_final_benign,-1,dns,port
2025-07-19T23:02:46.107140+0700,103.195.142.74,118.98.44.20,5032,53,UDP,flow,dns,1825208506319454,,1,1,0,106,0,0.0,1,106,0,none,0,none,0,0,0,no_alert_unknown,no_alert_not_final_benign,-1,dns,app_proto+port
2025-07-19T23:02:46.107163+0700,103.195.142.3,118.98.111.155,53,18703,UDP,flow,failed,1677042318836435,,1,1,0,177,0,0.0,1,177,0,none,0,none,0,0,0,no_alert_unknown,no_alert_not_final_benign,-1,dns,port
2025-07-19T23:02:46.107244+0700,103.195.142.165,87.98.154.129,53,32666,UDP,flow,failed,934058653451003,,1,3,0,4311,0,10.0,3,4311,0,none,0,none,0,0,0,no_alert_unknown,no_alert_not_final_benign,-1,dns,port
2025-07-19T23:02:46.107263+0700,103.195.142.2,66.249.73.114,53,63778,UDP,flow,failed,1784120458543923,,1,1,0,163,0,0.0,1,163,0,none,0,none,0,0,0,no_alert_unknown,no_alert_not_final_benign,-1,dns,port
2025-07-19T23:02:46.107292+0700,103.195.142.76,87.98.154.119,53,30231,UDP,flow,failed,1664769697973044,,1,1,0,1469,0,0.0,1,1469,0,none,0,none,0,0,0,no_alert_unknown,no_alert_not_final_benign,-1,dns,port
2025-07-19T23:02:46.107312+0700,103.195.142.83,87.98.154.26,53,15154,UDP,flow,failed,1877851047134092,,1,1,0,1190,0,0.0,1,1190,0,none,0,none,0,0,0,no_alert_unknown,no_alert_not_final_benign,-1,dns,port
2025-07-19T23:02:46.107345+0700,103.195.142.165,87.98.154.241,53,38619,UDP,flow,failed,1310774107702295,,1,1,0,1437,0,0.0,1,1437,0,none,0,none,0,0,0,no_alert_unknown,no_alert_not_final_benign,-1,dns,port
2025-07-19T23:02:46.107425+0700,103.195.142.195,87.98.154.119,53,37296,UDP,flow,failed,1360984150377607,,1,1,0,1437,0,0.0,1,1437,0,none,0,none,0,0,0,no_alert_unknown,no_alert_not_final_benign,-1,dns,port
2025-07-19T23:02:46.107561+0700,103.195.142.76,87.98.154.119,53,24078,UDP,flow,failed,1177328901424339,,1,1,0,1469,0,0.0,1,1469,0,none,0,none,0,0,0,no_alert_unknown,no_alert_not_final_benign,-1,dns,port
2025-07-19T23:02:46.107617+0700,103.195.142.75,8.8.8.8,1827,53,UDP,flow,dns,1204601579374216,,1,1,0,211,0,0.0,1,211,0,none,0,none,0,0,0,no_alert_unknown,no_alert_not_final_benign,-1,dns,app_proto+port
2025-07-19T23:02:46.107637+0700,103.195.142.74,202.134.0.155,63538,53,UDP,flow,dns,1932895493490358,,1,1,0,196,0,0.0,1,196,0,none,0,none,0,0,0,no_alert_unknown,no_alert_not_final_benign,-1,dns,app_proto+port
2025-07-19T23:02:46.107687+0700,103.195.142.75,8.8.8.8,19365,53,UDP,flow,dns,1163833087887138,,1,1,0,214,0,0.0,1,214,0,none,0,none,0,0,0,no_alert_unknown,no_alert_not_final_benign,-1,dns,app_proto+port
2025-07-19T23:02:46.107706+0700,103.195.142.74,202.134.0.155,47761,53,UDP,flow,dns,1542568981301175,,1,1,0,107,0,0.0,1,107,0,none,0,none,0,0,0,no_alert_unknown,no_alert_not_final_benign,-1,dns,app_proto+port
2025-07-19T23:02:46.107728+0700,103.195.142.74,118.98.44.20,11209,53,UDP,flow,dns,1417117752297405,,1,1,0,250,0,0.0,1,250,0,none,0,none,0,0,0,no_alert_unknown,no_alert_not_final_benign,-1,dns,app_proto+port
2025-07-19T23:02:46.107784+0700,103.195.142.2,180.241.110.160,53,53740,UDP,flow,failed,1633284103276538,,1,1,0,127,0,0.0,1,127,0,none,0,none,0,0,0,no_alert_unknown,no_alert_not_final_benign,-1,dns,port
2025-07-19T23:02:46.107813+0700,103.195.142.2,172.70.116.71,53,38861,UDP,flow,failed,1177777638672420,,1,1,0,195,0,0.0,1,195,0,none,0,none,0,0,0,no_alert_unknown,no_alert_not_final_benign,-1,dns,port
2025-07-19T23:02:46.107852+0700,103.195.142.109,87.98.154.119,53,18427,UDP,flow,failed,1168547216885847,,1,1,0,1437,0,0.0,1,1437,0,none,0,none,0,0,0,no_alert_unknown,no_alert_not_final_benign,-1,dns,port
2025-07-19T23:02:46.107927+0700,103.195.142.83,87.98.154.142,53,1820,UDP,flow,failed,1247752539342971,,1,1,0,1190,0,0.0,1,1190,0,none,0,none,0,0,0,no_alert_unknown,no_alert_not_final_benign,-1,dns,port
2025-07-19T23:02:46.108052+0700,103.195.142.74,118.98.44.20,46542,53,UDP,flow,dns,1146370266040761,,1,1,0,84,0,0.0,1,84,0,none,0,none,0,0,0,no_alert_unknown,no_alert_not_final_benign,-1,dns,app_proto+port
2025-07-19T23:02:46.108148+0700,103.195.142.74,118.98.44.50,18455,53,UDP,flow,dns,1694574710295068,,1,1,0,79,0,0.0,1,79,0,none,0,none,0,0,0,no_alert_unknown,no_alert_not_final_benign,-1,dns,app_proto+port
2025-07-19T23:02:46.108207+0700,103.195.142.46,87.98.154.55,53,47421,UDP,flow,failed,1360036821994178,,1,1,0,1437,0,0.0,1,1437,0,none,0,none,0,0,0,no_alert_unknown,no_alert_not_final_benign,-1,dns,port
2025-07-19T23:02:46.108230+0700,103.195.142.74,118.98.44.20,24302,53,UDP,flow,dns,1894474471508703,,1,1,0,214,0,0.0,1,214,0,none,0,none,0,0,0,no_alert_unknown,no_alert_not_final_benign,-1,dns,app_proto+port
2025-07-19T23:02:46.108291+0700,103.195.142.196,87.98.154.1,53,51969,UDP,flow,failed,1869963327441790,,1,1,0,1437,0,0.0,1,1437,0,none,0,none,0,0,0,no_alert_unknown,no_alert_not_final_benign,-1,dns,port
2025-07-19T23:02:46.108310+0700,103.195.142.196,87.98.154.119,53,53506,UDP,flow,failed,1257600265554946,,1,1,0,1437,0,0.0,1,1437,0,none,0,none,0,0,0,no_alert_unknown,no_alert_not_final_benign,-1,dns,port
2025-07-19T23:02:46.108389+0700,103.195.142.165,87.98.154.118,53,41473,UDP,flow,failed,1912098097139004,,1,1,0,1437,0,0.0,1,1437,0,none,0,none,0,0,0,no_alert_unknown,no_alert_not_final_benign,-1,dns,port
2025-07-19T23:02:46.108407+0700,103.195.142.75,8.8.8.8,51635,53,UDP,flow,dns,1863537561832806,,1,1,0,250,0,0.0,1,250,0,none,0,none,0,0,0,no_alert_unknown,no_alert_not_final_benign,-1,dns,app_proto+port
2025-07-19T23:02:46.108491+0700,103.195.142.75,8.8.8.8,15403,53,UDP,flow,dns,1805933560008173,,1,1,0,107,0,0.0,1,107,0,none,0,none,0,0,0,no_alert_unknown,no_alert_not_final_benign,-1,dns,app_proto+port
2025-07-19T23:02:46.108512+0700,103.195.142.74,118.98.44.50,8012,53,UDP,flow,dns,1519989949730309,,1,1,0,102,0,0.0,1,102,0,none,0,none,0,0,0,no_alert_unknown,no_alert_not_final_benign,-1,dns,app_proto+port
2025-07-19T23:02:46.108562+0700,103.195.142.2,13.105.68.212,53,20652,UDP,flow,failed,1849945718525595,,1,1,0,178,0,0.0,1,178,0,none,0,none,0,0,0,no_alert_unknown,no_alert_not_final_benign,-1,dns,port
2025-07-19T23:02:46.108587+0700,103.195.142.46,87.98.154.119,53,5399,UDP,flow,failed,1565433018388129,,1,1,0,1437,0,0.0,1,1437,0,none,0,none,0,0,0,no_alert_unknown,no_alert_not_final_benign,-1,dns,port
2025-07-19T23:02:46.108684+0700,103.195.142.74,118.98.44.20,62576,53,UDP,flow,dns,1858856706379768,,1,1,0,100,0,0.0,1,100,0,none,0,none,0,0,0,no_alert_unknown,no_alert_not_final_benign,-1,dns,app_proto+port
2025-07-19T23:02:46.108714+0700,103.195.142.46,87.98.154.119,53,5495,UDP,flow,failed,1516107814604827,,1,1,0,1437,0,0.0,1,1437,0,none,0,none,0,0,0,no_alert_unknown,no_alert_not_final_benign,-1,dns,port
2025-07-19T23:02:46.108793+0700,103.195.142.76,87.98.154.58,53,1237,UDP,flow,failed,1544234231009370,,1,1,0,1469,0,0.0,1,1469,0,none,0,none,0,0,0,no_alert_unknown,no_alert_not_final_benign,-1,dns,port
2025-07-19T23:02:46.108903+0700,103.195.142.75,8.8.8.8,25225,53,UDP,flow,dns,1758883851669678,,1,1,0,184,0,0.0,1,184,0,none,0,none,0,0,0,no_alert_unknown,no_alert_not_final_benign,-1,dns,app_proto+port
2025-07-19T23:02:46.108970+0700,103.195.142.75,8.8.8.8,33891,53,UDP,flow,dns,1691418598969582,,1,1,0,102,0,0.0,1,102,0,none,0,none,0,0,0,no_alert_unknown,no_alert_not_final_benign,-1,dns,app_proto+port
2025-07-19T23:02:46.109161+0700,103.195.142.83,87.98.154.254,53,11339,UDP,flow,failed,1424018159374745,,1,1,0,1190,0,0.0,1,1190,0,none,0,none,0,0,0,no_alert_unknown,no_alert_not_final_benign,-1,dns,port
2025-07-19T23:02:46.109216+0700,103.195.142.165,87.98.154.119,53,14379,UDP,flow,failed,1267472423719387,,1,1,0,1437,0,0.0,1,1437,0,none,0,none,0,0,0,no_alert_unknown,no_alert_not_final_benign,-1,dns,port
2025-07-19T23:02:46.109241+0700,103.195.142.74,202.134.0.155,27994,53,UDP,flow,dns,1601959895110160,,1,1,0,109,0,0.0,1,109,0,none,0,none,0,0,0,no_alert_unknown,no_alert_not_final_benign,-1,dns,app_proto+port
2025-07-19T23:02:46.109265+0700,103.195.142.74,118.98.44.100,32905,53,UDP,flow,dns,1573605775970873,,1,1,0,130,0,0.0,1,130,0,none,0,none,0,0,0,no_alert_unknown,no_alert_not_final_benign,-1,dns,app_proto+port
2025-07-19T23:02:46.109295+0700,103.195.142.75,8.8.8.8,9444,53,UDP,flow,dns,1198858556805935,,1,1,0,79,0,0.0,1,79,0,none,0,none,0,0,0,no_alert_unknown,no_alert_not_final_benign,-1,dns,app_proto+port
2025-07-19T23:02:46.109324+0700,103.195.142.74,118.98.44.50,64127,53,UDP,flow,dns,1493668530230108,,1,1,0,71,0,0.0,1,71,0,none,0,none,0,0,0,no_alert_unknown,no_alert_not_final_benign,-1,dns,app_proto+port
2025-07-19T23:02:46.109344+0700,103.195.142.109,87.98.154.113,53,2269,UDP,flow,failed,1217213201781649,,1,1,0,1437,0,0.0,1,1437,0,none,0,none,0,0,0,no_alert_unknown,no_alert_not_final_benign,-1,dns,port
2025-07-19T23:02:46.109489+0700,103.195.142.195,87.98.154.68,53,43441,UDP,flow,failed,1313680443315294,,1,1,0,1437,0,0.0,1,1437,0,none,0,none,0,0,0,no_alert_unknown,no_alert_not_final_benign,-1,dns,port
2025-07-19T23:02:46.109537+0700,103.195.142.2,172.70.252.98,53,15373,UDP,flow,failed,1352096278189168,,1,1,0,137,0,0.0,1,137,0,none,0,none,0,0,0,no_alert_unknown,no_alert_not_final_benign,-1,dns,port
2025-07-19T23:02:46.109619+0700,103.195.142.83,87.98.154.86,53,64367,UDP,flow,failed,1771832745137381,,1,1,0,1190,0,0.0,1,1190,0,none,0,none,0,0,0,no_alert_unknown,no_alert_not_final_benign,-1,dns,port
2025-07-19T23:02:46.109722+0700,103.195.142.165,87.98.154.101,53,50772,UDP,flow,failed,1224330196686178,,1,3,0,4311,0,10.0,3,4311,0,none,0,none,0,0,0,no_alert_unknown,no_alert_not_final_benign,-1,dns,port
2025-07-19T23:02:46.109745+0700,103.195.142.74,118.98.44.50,7704,53,UDP,flow,dns,1212989433976164,,1,1,0,94,0,0.0,1,94,0,none,0,none,0,0,0,no_alert_unknown,no_alert_not_final_benign,-1,dns,app_proto+port
2025-07-19T23:02:46.109764+0700,103.195.142.74,118.98.44.100,36494,53,UDP,flow,dns,1899205003122052,,1,1,0,214,0,0.0,1,214,0,none,0,none,0,0,0,no_alert_unknown,no_alert_not_final_benign,-1,dns,app_proto+port
2025-07-19T23:02:46.109837+0700,103.195.142.109,87.98.154.119,53,61590,UDP,flow,failed,1766889780483940,,1,1,0,1437,0,0.0,1,1437,0,none,0,none,0,0,0,no_alert_unknown,no_alert_not_final_benign,-1,dns,port
2025-07-19T23:02:46.109856+0700,103.195.142.109,87.98.154.57,53,58715,UDP,flow,failed,1703094714242956,,1,1,0,1437,0,0.0,1,1437,0,none,0,none,0,0,0,no_alert_unknown,no_alert_not_final_benign,-1,dns,port
2025-07-19T23:02:46.109883+0700,103.195.142.46,87.98.154.255,53,24287,UDP,flow,failed,1495193345595308,,1,1,0,1437,0,0.0,1,1437,0,none,0,none,0,0,0,no_alert_unknown,no_alert_not_final_benign,-1,dns,port
2025-07-19T23:02:46.109979+0700,103.195.142.75,8.8.8.8,44081,53,UDP,flow,dns,1203116680288307,,1,1,0,107,0,0.0,1,107,0,none,0,none,0,0,0,no_alert_unknown,no_alert_not_final_benign,-1,dns,app_proto+port
2025-07-19T23:02:46.110000+0700,103.195.142.109,87.98.154.197,53,13581,UDP,flow,failed,1903245210490992,,1,1,0,1437,0,0.0,1,1437,0,none,0,none,0,0,0,no_alert_unknown,no_alert_not_final_benign,-1,dns,port
2025-07-19T23:02:46.110036+0700,103.195.142.165,87.98.154.121,53,36514,UDP,flow,failed,1478465818335415,,1,1,0,1437,0,0.0,1,1437,0,none,0,none,0,0,0,no_alert_unknown,no_alert_not_final_benign,-1,dns,port
2025-07-19T23:02:46.110113+0700,103.195.142.83,87.98.154.134,53,50498,UDP,flow,failed,1887078808426816,,1,1,0,1190,0,0.0,1,1190,0,none,0,none,0,0,0,no_alert_unknown,no_alert_not_final_benign,-1,dns,port
2025-07-19T23:02:46.110156+0700,103.195.142.3,51.38.107.72,53,7787,UDP,flow,failed,1658903895218597,,1,1,0,143,0,0.0,1,143,0,none,0,none,0,0,0,no_alert_unknown,no_alert_not_final_benign,-1,dns,port
2025-07-19T23:02:46.110186+0700,103.195.142.195,87.98.154.132,53,36824,UDP,flow,failed,823358665333169,,1,2,0,2874,0,4.0,2,2874,0,none,0,none,0,0,0,no_alert_unknown,no_alert_not_final_benign,-1,dns,port
2025-07-19T23:02:46.110224+0700,103.195.142.83,87.98.154.119,53,31727,UDP,flow,failed,1294634875558333,,1,1,0,1190,0,0.0,1,1190,0,none,0,none,0,0,0,no_alert_unknown,no_alert_not_final_benign,-1,dns,port
2025-07-19T23:02:46.110281+0700,103.195.142.46,87.98.154.191,53,27245,UDP,flow,failed,1577176807184988,,1,1,0,1437,0,0.0,1,1437,0,none,0,none,0,0,0,no_alert_unknown,no_alert_not_final_benign,-1,dns,port
2025-07-19T23:02:46.110298+0700,103.195.142.74,118.98.44.50,40551,53,UDP,flow,dns,1508448356670055,,1,1,0,87,0,0.0,1,87,0,none,0,none,0,0,0,no_alert_unknown,no_alert_not_final_benign,-1,dns,app_proto+port
2025-07-19T23:02:46.110323+0700,103.195.142.195,87.98.154.119,53,33650,UDP,flow,failed,1165299104160491,,1,1,0,1437,0,0.0,1,1437,0,none,0,none,0,0,0,no_alert_unknown,no_alert_not_final_benign,-1,dns,port
2025-07-19T23:02:46.110388+0700,103.195.142.195,87.98.154.44,53,9772,UDP,flow,failed,1747617779555257,,1,1,0,1437,0,0.0,1,1437,0,none,0,none,0,0,0,no_alert_unknown,no_alert_not_final_benign,-1,dns,port
2025-07-19T23:02:46.110406+0700,103.195.142.83,87.98.154.119,53,20603,UDP,flow,failed,1758350787746752,,1,1,0,1190,0,0.0,1,1190,0,none,0,none,0,0,0,no_alert_unknown,no_alert_not_final_benign,-1,dns,port
2025-07-19T23:02:46.110448+0700,103.195.142.165,87.98.154.119,53,38528,UDP,flow,failed,1794978543246553,,1,1,0,1437,0,0.0,1,1437,0,none,0,none,0,0,0,no_alert_unknown,no_alert_not_final_benign,-1,dns,port
2025-07-19T23:02:46.110466+0700,103.195.142.3,172.217.43.151,53,38371,UDP,flow,failed,1538984687574238,,1,1,0,208,0,0.0,1,208,0,none,0,none,0,0,0,no_alert_unknown,no_alert_not_final_benign,-1,dns,port
2025-07-19T23:02:46.110484+0700,103.195.142.74,118.98.44.100,48575,53,UDP,flow,dns,1423143462837882,,1,1,0,130,0,0.0,1,130,0,none,0,none,0,0,0,no_alert_unknown,no_alert_not_final_benign,-1,dns,app_proto+port
2025-07-19T23:02:46.110503+0700,103.195.142.109,87.98.154.119,53,32443,UDP,flow,failed,1532226877464318,,1,1,0,1437,0,0.0,1,1437,0,none,0,none,0,0,0,no_alert_unknown,no_alert_not_final_benign,-1,dns,port
2025-07-19T23:02:46.110520+0700,103.195.142.83,87.98.154.26,53,63307,UDP,flow,failed,1128985781739298,,1,1,0,1190,0,0.0,1,1190,0,none,0,none,0,0,0,no_alert_unknown,no_alert_not_final_benign,-1,dns,port
2025-07-19T23:02:46.110561+0700,103.195.142.109,87.98.154.141,53,14867,UDP,flow,failed,1012637091504062,,1,3,0,4311,0,10.0,3,4311,0,none,0,none,0,0,0,no_alert_unknown,no_alert_not_final_benign,-1,dns,port
2025-07-19T23:02:46.110578+0700,103.195.142.2,74.125.41.88,53,53813,UDP,flow,failed,1897949544914994,,1,1,0,195,0,0.0,1,195,0,none,0,none,0,0,0,no_alert_unknown,no_alert_not_final_benign,-1,dns,port
2025-07-19T23:02:46.110595+0700,103.195.142.74,118.98.44.100,64683,53,UDP,flow,dns,1796744353489044,,1,1,0,214,0,0.0,1,214,0,none,0,none,0,0,0,no_alert_unknown,no_alert_not_final_benign,-1,dns,app_proto+port
2025-07-19T23:02:46.110613+0700,103.195.142.74,202.134.0.155,8818,53,UDP,flow,dns,1884735382823149,,1,1,0,214,0,0.0,1,214,0,none,0,none,0,0,0,no_alert_unknown,no_alert_not_final_benign,-1,dns,app_proto+port
2025-07-19T23:02:46.110632+0700,103.195.142.74,118.98.44.50,28570,53,UDP,flow,dns,1164108002959667,,1,1,0,178,0,0.0,1,178,0,none,0,none,0,0,0,no_alert_unknown,no_alert_not_final_benign,-1,dns,app_proto+port
2025-07-19T23:02:46.110651+0700,103.195.142.196,87.98.154.118,53,37091,UDP,flow,failed,1175469258449276,,1,1,0,1437,0,0.0,1,1437,0,none,0,none,0,0,0,no_alert_unknown,no_alert_not_final_benign,-1,dns,port
2025-07-19T23:02:46.110675+0700,103.195.142.75,8.8.8.8,50998,53,UDP,flow,dns,1906066839511510,,1,1,0,214,0,0.0,1,214,0,none,0,none,0,0,0,no_alert_unknown,no_alert_not_final_benign,-1,dns,app_proto+port
2025-07-19T23:02:46.110762+0700,103.195.142.76,87.98.154.119,53,4050,UDP,flow,failed,1515903212921504,,1,1,0,1469,0,0.0,1,1469,0,none,0,none,0,0,0,no_alert_unknown,no_alert_not_final_benign,-1,dns,port
2025-07-19T23:02:46.110819+0700,103.195.142.195,87.98.154.148,53,37152,UDP,flow,failed,1500466171617954,,1,1,0,1437,0,0.0,1,1437,0,none,0,none,0,0,0,no_alert_unknown,no_alert_not_final_benign,-1,dns,port
2025-07-19T23:02:46.110848+0700,103.195.142.109,87.98.154.119,53,48504,UDP,flow,failed,1362618242441911,,1,1,0,1437,0,0.0,1,1437,0,none,0,none,0,0,0,no_alert_unknown,no_alert_not_final_benign,-1,dns,port
2025-07-19T23:02:46.110869+0700,103.195.142.46,87.98.154.119,53,51543,UDP,flow,failed,1679473591067504,,1,1,0,1437,0,0.0,1,1437,0,none,0,none,0,0,0,no_alert_unknown,no_alert_not_final_benign,-1,dns,port
2025-07-19T23:02:46.110887+0700,103.195.142.195,87.98.154.184,53,50090,UDP,flow,failed,1912805716468611,,1,1,0,1437,0,0.0,1,1437,0,none,0,none,0,0,0,no_alert_unknown,no_alert_not_final_benign,-1,dns,port
2025-07-19T23:02:46.110924+0700,103.195.142.165,87.98.154.185,53,39460,UDP,flow,failed,1787182540268426,,1,1,0,1437,0,0.0,1,1437,0,none,0,none,0,0,0,no_alert_unknown,no_alert_not_final_benign,-1,dns,port
2025-07-19T23:02:46.110987+0700,103.195.142.83,87.98.154.119,53,17470,UDP,flow,failed,1749109206492188,,1,1,0,1190,0,0.0,1,1190,0,none,0,none,0,0,0,no_alert_unknown,no_alert_not_final_benign,-1,dns,port
2025-07-19T23:02:46.111053+0700,103.195.142.76,87.98.154.119,53,12840,UDP,flow,failed,1833927330243698,,1,1,0,1469,0,0.0,1,1469,0,none,0,none,0,0,0,no_alert_unknown,no_alert_not_final_benign,-1,dns,port
2025-07-19T23:02:46.111072+0700,103.195.142.46,87.98.154.55,53,53340,UDP,flow,failed,1909797734392992,,1,1,0,1437,0,0.0,1,1437,0,none,0,none,0,0,0,no_alert_unknown,no_alert_not_final_benign,-1,dns,port
2025-07-19T23:02:46.111117+0700,103.195.142.74,118.98.44.50,54287,53,UDP,flow,dns,1348478737786017,,1,1,0,68,0,0.0,1,68,0,none,0,none,0,0,0,no_alert_unknown,no_alert_not_final_benign,-1,dns,app_proto+port
2025-07-19T23:02:46.111186+0700,103.195.142.46,87.98.154.175,53,32840,UDP,flow,failed,1120834470487374,,1,2,0,2874,0,3.0,2,2874,0,none,0,none,0,0,0,no_alert_unknown,no_alert_not_final_benign,-1,dns,port
2025-07-19T23:02:46.111204+0700,103.195.142.46,87.98.154.117,53,20145,UDP,flow,failed,1690088939201873,,1,1,0,1437,0,0.0,1,1437,0,none,0,none,0,0,0,no_alert_unknown,no_alert_not_final_benign,-1,dns,port
2025-07-19T23:02:46.111228+0700,103.195.142.74,202.134.0.155,6706,53,UDP,flow,dns,1254810376414639,,1,1,0,89,0,0.0,1,89,0,none,0,none,0,0,0,no_alert_unknown,no_alert_not_final_benign,-1,dns,app_proto+port
2025-07-19T23:02:46.111248+0700,103.195.142.196,87.98.154.117,53,62737,UDP,flow,failed,1425102473209269,,1,1,0,1437,0,0.0,1,1437,0,none,0,none,0,0,0,no_alert_unknown,no_alert_not_final_benign,-1,dns,port
2025-07-19T23:02:46.111264+0700,103.195.142.2,74.125.17.249,53,62801,UDP,flow,failed,1322165913789980,,1,1,0,208,0,0.0,1,208,0,none,0,none,0,0,0,no_alert_unknown,no_alert_not_final_benign,-1,dns,port
2025-07-19T23:02:46.111281+0700,103.195.142.2,197.163.50.2,53,50030,UDP,flow,failed,1869449185535544,,1,1,0,195,0,0.0,1,195,0,none,0,none,0,0,0,no_alert_unknown,no_alert_not_final_benign,-1,dns,port
2025-07-19T23:02:46.111319+0700,103.195.142.3,180.241.110.106,53,11111,UDP,flow,failed,1600277933270933,,1,1,0,177,0,0.0,1,177,0,none,0,none,0,0,0,no_alert_unknown,no_alert_not_final_benign,-1,dns,port
2025-07-19T23:02:46.111336+0700,103.195.142.3,66.249.73.114,53,61622,UDP,flow,failed,1867822063495111,,1,1,0,163,0,0.0,1,163,0,none,0,none,0,0,0,no_alert_unknown,no_alert_not_final_benign,-1,dns,port
2025-07-19T23:02:46.111377+0700,103.195.142.74,202.134.0.155,7592,53,UDP,flow,dns,1848829632260171,,1,1,0,214,0,0.0,1,214,0,none,0,none,0,0,0,no_alert_unknown,no_alert_not_final_benign,-1,dns,app_proto+port
2025-07-19T23:02:46.111395+0700,103.195.142.46,87.98.154.27,53,33700,UDP,flow,failed,1636088046495819,,1,1,0,1437,0,0.0,1,1437,0,none,0,none,0,0,0,no_alert_unknown,no_alert_not_final_benign,-1,dns,port
2025-07-19T23:02:46.111540+0700,103.195.142.165,87.98.154.73,53,27686,UDP,flow,failed,1533339842783813,,1,3,0,4311,0,9.0,3,4311,0,none,0,none,0,0,0,no_alert_unknown,no_alert_not_final_benign,-1,dns,port
2025-07-19T23:02:46.111558+0700,103.195.142.109,87.98.154.119,53,6438,UDP,flow,failed,1417502105414221,,1,1,0,1437,0,0.0,1,1437,0,none,0,none,0,0,0,no_alert_unknown,no_alert_not_final_benign,-1,dns,port
2025-07-19T23:02:46.111577+0700,103.195.142.109,87.98.154.25,53,17738,UDP,flow,failed,1772989769788029,,1,1,0,1437,0,0.0,1,1437,0,none,0,none,0,0,0,no_alert_unknown,no_alert_not_final_benign,-1,dns,port
2025-07-19T23:02:46.111625+0700,103.195.142.75,8.8.8.8,47307,53,UDP,flow,dns,1533186436967215,,1,1,0,196,0,0.0,1,196,0,none,0,none,0,0,0,no_alert_unknown,no_alert_not_final_benign,-1,dns,app_proto+port
2025-07-19T23:02:46.111653+0700,103.195.142.165,87.98.154.185,53,24292,UDP,flow,failed,1803926626970461,,1,1,0,1437,0,0.0,1,1437,0,none,0,none,0,0,0,no_alert_unknown,no_alert_not_final_benign,-1,dns,port
2025-07-19T23:02:46.111837+0700,103.195.142.195,87.98.154.119,53,59759,UDP,flow,failed,1854364835196531,,1,1,0,1437,0,0.0,1,1437,0,none,0,none,0,0,0,no_alert_unknown,no_alert_not_final_benign,-1,dns,port
2025-07-19T23:02:46.111869+0700,103.195.142.74,118.98.44.50,10849,53,UDP,flow,dns,1830171199024775,,1,1,0,196,0,0.0,1,196,0,none,0,none,0,0,0,no_alert_unknown,no_alert_not_final_benign,-1,dns,app_proto+port
2025-07-19T23:02:46.111913+0700,103.195.142.165,87.98.154.119,53,30108,UDP,flow,failed,1679251163328332,,1,1,0,1437,0,0.0,1,1437,0,none,0,none,0,0,0,no_alert_unknown,no_alert_not_final_benign,-1,dns,port
2025-07-19T23:02:46.111959+0700,103.195.142.195,87.98.154.119,53,36221,UDP,flow,failed,1742961355730801,,1,1,0,1437,0,0.0,1,1437,0,none,0,none,0,0,0,no_alert_unknown,no_alert_not_final_benign,-1,dns,port
2025-07-19T23:02:46.111994+0700,103.195.142.3,173.252.107.132,53,34985,UDP,flow,failed,1480343092866942,,1,1,0,178,0,0.0,1,178,0,none,0,none,0,0,0,no_alert_unknown,no_alert_not_final_benign,-1,dns,port
2025-07-19T23:02:46.112024+0700,103.195.142.75,8.8.8.8,44735,53,UDP,flow,dns,1550096840011905,,1,1,0,72,0,0.0,1,72,0,none,0,none,0,0,0,no_alert_unknown,no_alert_not_final_benign,-1,dns,app_proto+port
2025-07-19T23:02:46.112054+0700,103.195.142.109,87.98.154.225,53,14428,UDP,flow,failed,1614266823422194,,1,1,0,1437,0,0.0,1,1437,0,none,0,none,0,0,0,no_alert_unknown,no_alert_not_final_benign,-1,dns,port
2025-07-19T23:02:46.112086+0700,103.195.142.74,118.98.44.20,35421,53,UDP,flow,dns,1714108943184286,,1,1,0,196,0,0.0,1,196,0,none,0,none,0,0,0,no_alert_unknown,no_alert_not_final_benign,-1,dns,app_proto+port
2025-07-19T23:02:46.112167+0700,103.195.142.165,87.98.154.133,53,58637,UDP,flow,failed,710018028352048,,1,2,0,2874,0,4.0,2,2874,0,none,0,none,0,0,0,no_alert_unknown,no_alert_not_final_benign,-1,dns,port
2025-07-19T23:02:46.112239+0700,103.195.142.3,180.241.110.84,53,40063,UDP,flow,failed,1600198765064850,,1,1,0,154,0,0.0,1,154,0,none,0,none,0,0,0,no_alert_unknown,no_alert_not_final_benign,-1,dns,port
2025-07-19T23:02:46.112267+0700,103.195.142.74,118.98.44.100,53642,53,UDP,flow,dns,1799830333829975,,1,1,0,68,0,0.0,1,68,0,none,0,none,0,0,0,no_alert_unknown,no_alert_not_final_benign,-1,dns,app_proto+port
2025-07-19T23:02:46.112389+0700,103.195.142.83,87.98.154.54,53,11260,UDP,flow,failed,1854012469752711,,1,1,0,1190,0,0.0,1,1190,0,none,0,none,0,0,0,no_alert_unknown,no_alert_not_final_benign,-1,dns,port
2025-07-19T23:02:46.112539+0700,103.195.142.83,87.98.154.226,53,7047,UDP,flow,failed,1933303928140705,,1,1,0,1190,0,0.0,1,1190,0,none,0,none,0,0,0,no_alert_unknown,no_alert_not_final_benign,-1,dns,port
2025-07-19T23:02:46.112617+0700,103.195.142.74,118.98.44.20,44700,53,UDP,flow,dns,1868875332465633,,1,1,0,74,0,0.0,1,74,0,none,0,none,0,0,0,no_alert_unknown,no_alert_not_final_benign,-1,dns,app_proto+port
2025-07-19T23:02:46.112637+0700,103.195.142.109,87.98.154.119,53,55402,UDP,flow,failed,1465117959336950,,1,1,0,1437,0,0.0,1,1437,0,none,0,none,0,0,0,no_alert_unknown,no_alert_not_final_benign,-1,dns,port
2025-07-19T23:02:46.112699+0700,103.195.142.165,87.98.154.119,53,28489,UDP,flow,failed,1730023130805865,,1,1,0,1437,0,0.0,1,1437,0,none,0,none,0,0,0,no_alert_unknown,no_alert_not_final_benign,-1,dns,port
2025-07-19T23:02:46.112725+0700,103.195.142.3,173.252.107.132,53,38330,UDP,flow,failed,1411979884705385,,1,1,0,174,0,0.0,1,174,0,none,0,none,0,0,0,no_alert_unknown,no_alert_not_final_benign,-1,dns,port
2025-07-19T23:02:46.112828+0700,103.195.142.74,118.98.44.20,45775,53,UDP,flow,dns,1555688262088339,,1,1,0,214,0,0.0,1,214,0,none,0,none,0,0,0,no_alert_unknown,no_alert_not_final_benign,-1,dns,app_proto+port
2025-07-19T23:02:46.112920+0700,103.195.142.109,87.98.154.119,53,3610,UDP,flow,failed,1612670018795218,,1,1,0,1437,0,0.0,1,1437,0,none,0,none,0,0,0,no_alert_unknown,no_alert_not_final_benign,-1,dns,port
2025-07-19T23:02:46.112964+0700,103.195.142.83,87.98.154.254,53,50988,UDP,flow,failed,1634597242156782,,1,1,0,1190,0,0.0,1,1190,0,none,0,none,0,0,0,no_alert_unknown,no_alert_not_final_benign,-1,dns,port
2025-07-19T23:02:46.113062+0700,103.195.142.165,87.98.154.119,53,38843,UDP,flow,failed,1893159496857562,,1,1,0,1437,0,0.0,1,1437,0,none,0,none,0,0,0,no_alert_unknown,no_alert_not_final_benign,-1,dns,port
2025-07-19T23:02:46.113096+0700,103.195.142.74,202.134.0.155,13096,53,UDP,flow,dns,1425450614798371,,1,1,0,214,0,0.0,1,214,0,none,0,none,0,0,0,no_alert_unknown,no_alert_not_final_benign,-1,dns,app_proto+port
2025-07-19T23:02:46.113158+0700,103.195.142.76,87.98.154.119,53,48541,UDP,flow,failed,1410540079167779,,1,1,0,1469,0,0.0,1,1469,0,none,0,none,0,0,0,no_alert_unknown,no_alert_not_final_benign,-1,dns,port
2025-07-19T23:02:46.113224+0700,103.195.142.76,87.98.154.18,53,34420,UDP,flow,failed,1640655605152037,,1,1,0,1469,0,0.0,1,1469,0,none,0,none,0,0,0,no_alert_unknown,no_alert_not_final_benign,-1,dns,port
2025-07-19T23:02:46.113290+0700,103.195.142.74,118.98.44.50,17555,53,UDP,flow,dns,1830284563528040,,1,1,0,68,0,0.0,1,68,0,none,0,none,0,0,0,no_alert_unknown,no_alert_not_final_benign,-1,dns,app_proto+port
2025-07-19T23:02:46.113335+0700,103.195.142.74,118.98.44.100,56701,53,UDP,flow,dns,1718641235081669,,1,1,0,214,0,0.0,1,214,0,none,0,none,0,0,0,no_alert_unknown,no_alert_not_final_benign,-1,dns,app_proto+port
2025-07-19T23:02:46.113355+0700,103.195.142.109,87.98.154.161,53,10241,UDP,flow,failed,1461856512784876,,1,1,0,1437,0,0.0,1,1437,0,none,0,none,0,0,0,no_alert_unknown,no_alert_not_final_benign,-1,dns,port
2025-07-19T23:02:46.113385+0700,103.195.142.196,87.98.154.93,53,21088,UDP,flow,failed,1697986566633972,,1,1,0,1437,0,0.0,1,1437,0,none,0,none,0,0,0,no_alert_unknown,no_alert_not_final_benign,-1,dns,port
2025-07-19T23:02:46.113423+0700,103.195.142.195,87.98.154.212,53,45358,UDP,flow,failed,1628884830206518,,1,1,0,1437,0,0.0,1,1437,0,none,0,none,0,0,0,no_alert_unknown,no_alert_not_final_benign,-1,dns,port
2025-07-19T23:02:46.113447+0700,103.195.142.74,118.98.44.100,41973,53,UDP,flow,dns,1747889015044671,,1,1,0,81,0,0.0,1,81,0,none,0,none,0,0,0,no_alert_unknown,no_alert_not_final_benign,-1,dns,app_proto+port
2025-07-19T23:02:46.113478+0700,103.195.142.75,8.8.8.8,52876,53,UDP,flow,dns,1850643235945189,,1,1,0,78,0,0.0,1,78,0,none,0,none,0,0,0,no_alert_unknown,no_alert_not_final_benign,-1,dns,app_proto+port
2025-07-19T23:02:46.113501+0700,103.195.142.74,118.98.44.20,2114,53,UDP,flow,dns,1887511427496694,,1,1,0,85,0,0.0,1,85,0,none,0,none,0,0,0,no_alert_unknown,no_alert_not_final_benign,-1,dns,app_proto+port
2025-07-19T23:02:46.113581+0700,103.195.142.3,172.253.236.215,53,34915,UDP,flow,failed,1630876147333939,,1,1,0,158,0,0.0,1,158,0,none,0,none,0,0,0,no_alert_unknown,no_alert_not_final_benign,-1,dns,port
2025-07-19T23:02:46.113731+0700,103.195.142.74,118.98.44.100,33053,53,UDP,dns,,1895848968575001,wire/pcap,0,0,0,0,0,0.0,0,0,0,none,0,none,0,0,0,no_alert_unknown,no_alert_not_final_benign,-1,dns,port
2025-07-19T23:02:46.113800+0700,103.195.142.74,118.98.44.20,16833,53,UDP,dns,,1896143854893696,wire/pcap,0,0,0,0,0,0.0,0,0,0,none,0,none,0,0,0,no_alert_unknown,no_alert_not_final_benign,-1,dns,port
2025-07-19T23:02:46.142112+0700,103.195.142.74,118.98.44.50,43999,53,UDP,dns,,1736269883662280,wire/pcap,0,0,0,0,0,0.0,0,0,0,none,0,none,0,0,0,no_alert_unknown,no_alert_not_final_benign,-1,dns,port
2025-07-19T23:02:46.142308+0700,103.195.142.75,8.8.8.8,1119,53,UDP,dns,,1737110907405197,wire/pcap,0,0,0,0,0,0.0,0,0,0,none,0,none,0,0,0,no_alert_unknown,no_alert_not_final_benign,-1,dns,port
2025-07-19T23:02:46.142305+0700,103.195.142.75,8.8.8.8,64603,53,UDP,dns,,1737096377195357,wire/pcap,0,0,0,0,0,0.0,0,0,0,none,0,none,0,0,0,no_alert_unknown,no_alert_not_final_benign,-1,dns,port
2025-07-19T23:02:46.178588+0700,103.195.142.75,8.8.8.8,62731,53,UDP,dns,,1892930928413078,wire/pcap,0,0,0,0,0,0.0,0,0,0,none,0,none,0,0,0,no_alert_unknown,no_alert_not_final_benign,-1,dns,port
2025-07-19T23:02:46.184032+0700,103.195.142.83,87.98.154.254,53,52757,UDP,flow,failed,2127038463803245,,1,1,0,1190,0,0.0,1,1190,0,none,0,none,0,0,0,no_alert_unknown,no_alert_not_final_benign,-1,dns,port
2025-07-19T23:02:46.184515+0700,103.195.142.74,202.134.0.155,53352,53,UDP,dns,,1918387391534216,wire/pcap,0,0,0,0,0,0.0,0,0,0,none,0,none,0,0,0,no_alert_unknown,no_alert_not_final_benign,-1,dns,port
2025-07-19T23:02:46.193872+0700,103.195.142.75,8.8.8.8,37451,53,UDP,dns,,1958573897655373,wire/pcap,0,0,0,0,0,0.0,0,0,0,none,0,none,0,0,0,no_alert_unknown,no_alert_not_final_benign,-1,dns,port
2025-07-19T23:02:46.221379+0700,103.195.142.74,118.98.44.50,53185,53,UDP,dns,,1795244057202739,wire/pcap,0,0,0,0,0,0.0,0,0,0,none,0,none,0,0,0,no_alert_unknown,no_alert_not_final_benign,-1,dns,port
2025-07-19T23:02:46.271024+0700,103.195.142.74,118.98.44.20,58207,53,UDP,dns,,1726991467308887,wire/pcap,0,0,0,0,0,0.0,0,0,0,none,0,none,0,0,0,no_alert_unknown,no_alert_not_final_benign,-1,dns,port
2025-07-19T23:02:46.271115+0700,103.195.142.74,118.98.44.50,29068,53,UDP,dns,,1727383365399918,wire/pcap,0,0,0,0,0,0.0,0,0,0,none,0,none,0,0,0,no_alert_unknown,no_alert_not_final_benign,-1,dns,port
2025-07-19T23:02:46.304050+0700,103.195.142.75,8.8.8.8,17928,53,UDP,dns,,1868838220838415,wire/pcap,0,0,0,0,0,0.0,0,0,0,none,0,none,0,0,0,no_alert_unknown,no_alert_not_final_benign,-1,dns,port
2025-07-19T23:02:46.322563+0700,103.195.142.75,8.8.8.8,8358,53,UDP,dns,,1948349892672525,wire/pcap,0,0,0,0,0,0.0,0,0,0,none,0,none,0,0,0,no_alert_unknown,no_alert_not_final_benign,-1,dns,port
2025-07-19T23:02:46.322604+0700,103.195.142.74,202.134.0.155,16395,53,UDP,dns,,1948527639563295,wire/pcap,0,0,0,0,0,0.0,0,0,0,none,0,none,0,0,0,no_alert_unknown,no_alert_not_final_benign,-1,dns,port
2025-07-19T23:02:46.333413+0700,103.195.142.76,87.98.154.194,53,55792,UDP,flow,failed,1704669210655300,,1,1,0,1469,0,0.0,1,1469,0,none,0,none,0,0,0,no_alert_unknown,no_alert_not_final_benign,-1,dns,port
2025-07-19T23:02:46.341466+0700,103.195.142.74,202.134.0.155,9908,53,UDP,dns,,1748062096014491,wire/pcap,0,0,0,0,0,0.0,0,0,0,none,0,none,0,0,0,no_alert_unknown,no_alert_not_final_benign,-1,dns,port
2025-07-19T23:02:46.363902+0700,103.195.142.31,8.8.8.8,9268,53,UDP,dns,,1844422867416511,wire/pcap,0,0,0,0,0,0.0,0,0,0,none,0,none,0,0,0,no_alert_unknown,no_alert_not_final_benign,-1,dns,port
2025-07-19T23:02:46.365088+0700,103.195.142.75,8.8.8.8,14851,53,UDP,dns,,1849520190461294,wire/pcap,0,0,0,0,0,0.0,0,0,0,none,0,none,0,0,0,no_alert_unknown,no_alert_not_final_benign,-1,dns,port
2025-07-19T23:02:46.365197+0700,103.195.142.75,8.8.8.8,17744,53,UDP,dns,,1849984845784481,wire/pcap,0,0,0,0,0,0.0,0,0,0,none,0,none,0,0,0,no_alert_unknown,no_alert_not_final_benign,-1,dns,port
2025-07-19T23:02:46.391257+0700,103.195.142.74,118.98.44.100,39851,53,UDP,dns,,1961912658209075,wire/pcap,0,0,0,0,0,0.0,0,0,0,none,0,none,0,0,0,no_alert_unknown,no_alert_not_final_benign,-1,dns,port
2025-07-19T23:02:46.402475+0700,103.195.142.109,87.98.154.169,53,39239,UDP,flow,failed,2207396580601859,,1,1,0,1437,0,0.0,1,1437,0,none,0,none,0,0,0,no_alert_unknown,no_alert_not_final_benign,-1,dns,port
2025-07-19T23:02:46.419000+0700,103.195.142.74,118.98.44.20,25640,53,UDP,dns,,1799593816456479,wire/pcap,0,0,0,0,0,0.0,0,0,0,none,0,none,0,0,0,no_alert_unknown,no_alert_not_final_benign,-1,dns,port
2025-07-19T23:02:46.420213+0700,103.195.142.74,202.134.0.155,39153,53,UDP,dns,,1804803910347971,wire/pcap,0,0,0,0,0,0.0,0,0,0,none,0,none,0,0,0,no_alert_unknown,no_alert_not_final_benign,-1,dns,port
2025-07-19T23:02:46.426675+0700,103.195.142.74,118.98.44.100,56897,53,UDP,dns,,1832557201591558,wire/pcap,0,0,0,0,0,0.0,0,0,0,none,0,none,0,0,0,no_alert_unknown,no_alert_not_final_benign,-1,dns,port
2025-07-19T23:02:46.438816+0700,103.195.142.74,202.134.0.155,7959,53,UDP,dns,,1884703413223415,wire/pcap,0,0,0,0,0,0.0,0,0,0,none,0,none,0,0,0,no_alert_unknown,no_alert_not_final_benign,-1,dns,port
2025-07-19T23:02:46.444194+0700,103.195.142.74,118.98.44.20,61133,53,UDP,dns,,1907800886639815,wire/pcap,0,0,0,0,0,0.0,0,0,0,none,0,none,0,0,0,no_alert_unknown,no_alert_not_final_benign,-1,dns,port
2025-07-19T23:02:46.461371+0700,103.195.142.75,8.8.8.8,57940,53,UDP,dns,,1700101068673885,wire/pcap,0,0,0,0,0,0.0,0,0,0,none,0,none,0,0,0,no_alert_unknown,no_alert_not_final_benign,-1,dns,port
2025-07-19T23:02:46.461724+0700,103.195.142.75,50.28.102.86,19347,53,UDP,dns,,1701616874966863,wire/pcap,0,0,0,0,0,0.0,0,0,0,none,0,none,0,0,0,no_alert_unknown,no_alert_not_final_benign,-1,dns,port
2025-07-19T23:02:46.491247+0700,103.195.142.74,118.98.44.100,27610,53,UDP,dns,,1828416956602069,wire/pcap,0,0,0,0,0,0.0,0,0,0,none,0,none,0,0,0,no_alert_unknown,no_alert_not_final_benign,-1,dns,port
2025-07-19T23:02:46.495030+0700,103.195.142.74,202.134.0.155,65377,53,UDP,dns,,1844666552670585,wire/pcap,0,0,0,0,0,0.0,0,0,0,none,0,none,0,0,0,no_alert_unknown,no_alert_not_final_benign,-1,dns,port
2025-07-19T23:02:46.518742+0700,103.195.142.74,118.98.44.50,37073,53,UDP,dns,,1946505571893152,wire/pcap,0,0,0,0,0,0.0,0,0,0,none,0,none,0,0,0,no_alert_unknown,no_alert_not_final_benign,-1,dns,port
2025-07-19T23:02:46.542934+0700,103.195.142.74,118.98.44.20,24295,53,UDP,dns,,1768936465736650,wire/pcap,0,0,0,0,0,0.0,0,0,0,none,0,none,0,0,0,no_alert_unknown,no_alert_not_final_benign,-1,dns,port
2025-07-19T23:02:46.543046+0700,103.195.142.74,118.98.44.20,22095,53,UDP,dns,,1769418502050016,wire/pcap,0,0,0,0,0,0.0,0,0,0,none,0,none,0,0,0,no_alert_unknown,no_alert_not_final_benign,-1,dns,port
2025-07-19T23:02:46.555571+0700,103.195.142.74,118.98.44.20,40761,53,UDP,dns,,1823209603337203,wire/pcap,0,0,0,0,0,0.0,0,0,0,none,0,none,0,0,0,no_alert_unknown,no_alert_not_final_benign,-1,dns,port
2025-07-19T23:02:46.576014+0700,103.195.142.74,118.98.44.20,1886,53,UDP,dns,,1911011753751347,wire/pcap,0,0,0,0,0,0.0,0,0,0,none,0,none,0,0,0,no_alert_unknown,no_alert_not_final_benign,-1,dns,port
2025-07-19T23:02:46.576104+0700,103.195.142.74,202.134.0.155,47630,53,UDP,dns,,1911401565548837,wire/pcap,0,0,0,0,0,0.0,0,0,0,none,0,none,0,0,0,no_alert_unknown,no_alert_not_final_benign,-1,dns,port
2025-07-19T23:02:46.617149+0700,103.195.142.74,118.98.44.100,33016,53,UDP,dns,,1806213039358374,wire/pcap,0,0,0,0,0,0.0,0,0,0,none,0,none,0,0,0,no_alert_unknown,no_alert_not_final_benign,-1,dns,port
2025-07-19T23:02:46.622327+0700,103.195.142.75,118.98.44.20,44724,53,UDP,dns,,1828450992045904,wire/pcap,0,0,0,0,0,0.0,0,0,0,none,0,none,0,0,0,no_alert_unknown,no_alert_not_final_benign,-1,dns,port
2025-07-19T23:02:46.664627+0700,103.195.142.74,118.98.44.100,22696,53,UDP,dns,,1728652667680579,wire/pcap,0,0,0,0,0,0.0,0,0,0,none,0,none,0,0,0,no_alert_unknown,no_alert_not_final_benign,-1,dns,port
2025-07-19T23:02:46.670396+0700,103.195.142.74,202.134.0.155,25172,53,UDP,dns,,1753429431860641,wire/pcap,0,0,0,0,0,0.0,0,0,0,none,0,none,0,0,0,no_alert_unknown,no_alert_not_final_benign,-1,dns,port
2025-07-19T23:02:46.670449+0700,103.195.142.74,118.98.44.20,44246,53,UDP,dns,,1753657297307683,wire/pcap,0,0,0,0,0,0.0,0,0,0,none,0,none,0,0,0,no_alert_unknown,no_alert_not_final_benign,-1,dns,port
2025-07-19T23:02:46.680969+0700,103.195.142.76,87.98.154.30,53,31110,UDP,flow,failed,1806019365095242,,1,1,0,1469,0,0.0,1,1469,0,none,0,none,0,0,0,no_alert_unknown,no_alert_not_final_benign,-1,dns,port
2025-07-19T23:02:46.718848+0700,103.195.142.75,8.8.8.8,19137,53,UDP,dns,,1961531266343921,wire/pcap,0,0,0,0,0,0.0,0,0,0,none,0,none,0,0,0,no_alert_unknown,no_alert_not_final_benign,-1,dns,port
2025-07-19T23:02:46.720089+0700,103.195.142.74,118.98.44.100,12433,53,UDP,dns,,1966861815454934,wire/pcap,0,0,0,0,0,0.0,0,0,0,none,0,none,0,0,0,no_alert_unknown,no_alert_not_final_benign,-1,dns,port
2025-07-19T23:02:46.741039+0700,103.195.142.74,118.98.44.100,15592,53,UDP,dns,,1775367130533178,wire/pcap,0,0,0,0,0,0.0,0,0,0,none,0,none,0,0,0,no_alert_unknown,no_alert_not_final_benign,-1,dns,port
2025-07-19T23:02:46.741144+0700,103.195.142.74,118.98.44.50,9716,53,UDP,dns,,1775817454047695,wire/pcap,0,0,0,0,0,0.0,0,0,0,none,0,none,0,0,0,no_alert_unknown,no_alert_not_final_benign,-1,dns,port
2025-07-19T23:02:46.748982+0700,103.195.142.75,8.8.8.8,45252,53,UDP,dns,,1809478599456864,wire/pcap,0,0,0,0,0,0.0,0,0,0,none,0,none,0,0,0,no_alert_unknown,no_alert_not_final_benign,-1,dns,port
2025-07-19T23:02:46.764232+0700,103.195.142.74,202.134.0.155,41623,53,UDP,dns,,1874977533149800,wire/pcap,0,0,0,0,0,0.0,0,0,0,none,0,none,0,0,0,no_alert_unknown,no_alert_not_final_benign,-1,dns,port
2025-07-19T23:02:46.779153+0700,103.195.142.74,202.134.0.155,53507,53,UDP,dns,,1939062104661672,wire/pcap,0,0,0,0,0,0.0,0,0,0,none,0,none,0,0,0,no_alert_unknown,no_alert_not_final_benign,-1,dns,port
2025-07-19T23:02:46.783933+0700,103.195.142.74,118.98.44.100,49899,53,UDP,dns,,1959593059605108,wire/pcap,0,0,0,0,0,0.0,0,0,0,none,0,none,0,0,0,no_alert_unknown,no_alert_not_final_benign,-1,dns,port
2025-07-19T23:02:46.796118+0700,103.195.142.74,118.98.44.50,56452,53,UDP,dns,,1730451411775381,wire/pcap,0,0,0,0,0,0.0,0,0,0,none,0,none,0,0,0,no_alert_unknown,no_alert_not_final_benign,-1,dns,port
2025-07-19T23:02:46.798256+0700,103.195.142.74,118.98.44.20,2323,53,UDP,dns,,1739633648850960,wire/pcap,0,0,0,0,0,0.0,0,0,0,none,0,none,0,0,0,no_alert_unknown,no_alert_not_final_benign,-1,dns,port
2025-07-19T23:02:46.805535+0700,103.195.142.74,118.98.44.20,40473,53,UDP,dns,,1770899233877070,wire/pcap,0,0,0,0,0,0.0,0,0,0,none,0,none,0,0,0,no_alert_unknown,no_alert_not_final_benign,-1,dns,port
2025-07-19T23:02:46.807641+0700,103.195.142.75,8.8.8.8,54826,53,UDP,dns,,1779942719952122,wire/pcap,0,0,0,0,0,0.0,0,0,0,none,0,none,0,0,0,no_alert_unknown,no_alert_not_final_benign,-1,dns,port
2025-07-19T23:02:46.816405+0700,103.195.142.74,118.98.44.100,62362,53,UDP,dns,,1817583836274432,wire/pcap,0,0,0,0,0,0.0,0,0,0,none,0,none,0,0,0,no_alert_unknown,no_alert_not_final_benign,-1,dns,port
2025-07-19T23:02:46.828576+0700,103.195.142.74,202.134.0.155,38545,53,UDP,dns,,1869859511086683,wire/pcap,0,0,0,0,0,0.0,0,0,0,none,0,none,0,0,0,no_alert_unknown,no_alert_not_final_benign,-1,dns,port
2025-07-19T23:02:46.828978+0700,103.195.142.74,118.98.44.100,38012,53,UDP,dns,,1871587056676895,wire/pcap,0,0,0,0,0,0.0,0,0,0,none,0,none,0,0,0,no_alert_unknown,no_alert_not_final_benign,-1,dns,port
2025-07-19T23:02:46.842653+0700,103.195.142.74,202.134.0.155,53710,53,UDP,dns,,1930317986121635,wire/pcap,0,0,0,0,0,0.0,0,0,0,none,0,none,0,0,0,no_alert_unknown,no_alert_not_final_benign,-1,dns,port
2025-07-19T23:02:46.858691+0700,103.195.142.75,8.8.8.8,41004,53,UDP,dns,,1717725899267215,wire/pcap,0,0,0,0,0,0.0,0,0,0,none,0,none,0,0,0,no_alert_unknown,no_alert_not_final_benign,-1,dns,port
2025-07-19T23:02:46.860352+0700,103.195.142.74,118.98.44.50,52350,53,UDP,dns,,1724860020590065,wire/pcap,0,0,0,0,0,0.0,0,0,0,none,0,none,0,0,0,no_alert_unknown,no_alert_not_final_benign,-1,dns,port
2025-07-19T23:02:46.869405+0700,103.195.142.74,50.28.32.153,34700,53,UDP,dns,,1763744629773995,wire/pcap,0,0,0,0,0,0.0,0,0,0,none,0,none,0,0,0,no_alert_unknown,no_alert_not_final_benign,-1,dns,port
2025-07-19T23:02:46.874713+0700,103.195.142.75,8.8.8.8,48552,53,UDP,dns,,1786543043041662,wire/pcap,0,0,0,0,0,0.0,0,0,0,none,0,none,0,0,0,no_alert_unknown,no_alert_not_final_benign,-1,dns,port
2025-07-19T23:02:46.880574+0700,103.195.142.75,8.8.8.8,37502,53,UDP,dns,,1811715034176765,wire/pcap,0,0,0,0,0,0.0,0,0,0,none,0,none,0,0,0,no_alert_unknown,no_alert_not_final_benign,-1,dns,port
2025-07-19T23:02:46.888212+0700,103.195.142.75,8.8.8.8,60492,53,UDP,dns,,1844517259104824,wire/pcap,0,0,0,0,0,0.0,0,0,0,none,0,none,0,0,0,no_alert_unknown,no_alert_not_final_benign,-1,dns,port
2025-07-19T23:02:46.888294+0700,103.195.142.74,118.98.44.20,41422,53,UDP,dns,,1844869622328245,wire/pcap,0,0,0,0,0,0.0,0,0,0,none,0,none,0,0,0,no_alert_unknown,no_alert_not_final_benign,-1,dns,port
2025-07-19T23:02:46.912373+0700,103.195.142.74,118.98.44.100,50118,53,UDP,dns,,1948289254337908,wire/pcap,0,0,0,0,0,0.0,0,0,0,none,0,none,0,0,0,no_alert_unknown,no_alert_not_final_benign,-1,dns,port
2025-07-19T23:02:46.914316+0700,103.195.142.108,8.8.8.8,1900,53,UDP,dns,,1216074754602613,wire/pcap,0,0,0,0,0,0.0,0,0,0,none,0,none,0,0,0,no_alert_unknown,no_alert_not_final_benign,-1,dns,port
2025-07-19T23:02:46.924277+0700,103.195.142.74,118.98.44.50,15446,53,UDP,dns,,1717942171547771,wire/pcap,0,0,0,0,0,0.0,0,0,0,none,0,none,0,0,0,no_alert_unknown,no_alert_not_final_benign,-1,dns,port
2025-07-19T23:02:46.925176+0700,103.195.142.74,202.134.0.155,55640,53,UDP,dns,,1721802361455252,wire/pcap,0,0,0,0,0,0.0,0,0,0,none,0,none,0,0,0,no_alert_unknown,no_alert_not_final_benign,-1,dns,port
2025-07-19T23:02:46.927735+0700,103.195.142.74,118.98.44.50,63706,53,UDP,dns,,1732794551944362,wire/pcap,0,0,0,0,0,0.0,0,0,0,none,0,none,0,0,0,no_alert_unknown,no_alert_not_final_benign,-1,dns,port
2025-07-19T23:02:46.938220+0700,103.195.142.74,202.134.0.155,16149,53,UDP,dns,,1777828218566304,wire/pcap,0,0,0,0,0,0.0,0,0,0,none,0,none,0,0,0,no_alert_unknown,no_alert_not_final_benign,-1,dns,port
2025-07-19T23:02:46.938292+0700,103.195.142.74,118.98.44.20,6799,53,UDP,dns,,1778135972411228,wire/pcap,0,0,0,0,0,0.0,0,0,0,none,0,none,0,0,0,no_alert_unknown,no_alert_not_final_benign,-1,dns,port
2025-07-19T23:02:46.938323+0700,103.195.142.75,8.8.8.8,15886,53,UDP,dns,,1778270296803445,wire/pcap,0,0,0,0,0,0.0,0,0,0,none,0,none,0,0,0,no_alert_unknown,no_alert_not_final_benign,-1,dns,port
2025-07-19T23:02:46.946985+0700,103.195.142.74,202.134.0.155,42270,53,UDP,dns,,1815470413994082,wire/pcap,0,0,0,0,0,0.0,0,0,0,none,0,none,0,0,0,no_alert_unknown,no_alert_not_final_benign,-1,dns,port
2025-07-19T23:02:46.953859+0700,103.195.142.74,118.98.44.50,48585,53,UDP,dns,,1844996530362435,wire/pcap,0,0,0,0,0,0.0,0,0,0,none,0,none,0,0,0,no_alert_unknown,no_alert_not_final_benign,-1,dns,port
2025-07-19T23:02:46.962780+0700,103.195.142.74,202.134.0.155,11748,53,UDP,dns,,1883312539265744,wire/pcap,0,0,0,0,0,0.0,0,0,0,none,0,none,0,0,0,no_alert_unknown,no_alert_not_final_benign,-1,dns,port
2025-07-19T23:02:46.974510+0700,103.195.142.74,118.98.44.50,38360,53,UDP,dns,,1933689560654500,wire/pcap,0,0,0,0,0,0.0,0,0,0,none,0,none,0,0,0,no_alert_unknown,no_alert_not_final_benign,-1,dns,port
2025-07-19T23:02:46.981071+0700,103.195.142.74,50.28.32.153,9004,53,UDP,dns,,1961871131691657,wire/pcap,0,0,0,0,0,0.0,0,0,0,none,0,none,0,0,0,no_alert_unknown,no_alert_not_final_benign,-1,dns,port
2025-07-19T23:02:46.983149+0700,103.195.142.74,118.98.44.100,28589,53,UDP,dns,,1689319149719419,wire/pcap,0,0,0,0,0,0.0,0,0,0,none,0,none,0,0,0,no_alert_unknown,no_alert_not_final_benign,-1,dns,port
2025-07-19T23:02:46.985862+0700,103.195.142.74,118.98.44.100,50394,53,UDP,dns,,1700970807940207,wire/pcap,0,0,0,0,0,0.0,0,0,0,none,0,none,0,0,0,no_alert_unknown,no_alert_not_final_benign,-1,dns,port
2025-07-19T23:02:47.003151+0700,103.195.142.74,118.98.44.100,10408,53,UDP,dns,,1983859825013838,wire/pcap,0,0,0,0,0,0.0,0,0,0,none,0,none,0,0,0,no_alert_unknown,no_alert_not_final_benign,-1,dns,port
2025-07-19T23:02:47.011710+0700,103.195.142.74,118.98.44.50,12870,53,UDP,dns,,2020622368244028,wire/pcap,0,0,0,0,0,0.0,0,0,0,none,0,none,0,0,0,no_alert_unknown,no_alert_not_final_benign,-1,dns,port
2025-07-19T23:02:47.019570+0700,103.195.142.74,118.98.44.100,50817,53,UDP,dns,,2054377935961112,wire/pcap,0,0,0,0,0,0.0,0,0,0,none,0,none,0,0,0,no_alert_unknown,no_alert_not_final_benign,-1,dns,port
2025-07-19T23:02:47.029785+0700,103.195.142.74,118.98.44.50,15716,53,UDP,dns,,2098250707622693,wire/pcap,0,0,0,0,0,0.0,0,0,0,none,0,none,0,0,0,no_alert_unknown,no_alert_not_final_benign,-1,dns,port
2025-07-19T23:02:47.029907+0700,103.195.142.74,118.98.44.50,31912,53,UDP,dns,,2098774664170741,wire/pcap,0,0,0,0,0,0.0,0,0,0,none,0,none,0,0,0,no_alert_unknown,no_alert_not_final_benign,-1,dns,port
2025-07-19T23:02:47.034032+0700,103.195.142.74,118.98.44.100,40829,53,UDP,dns,,2116492039431597,wire/pcap,0,0,0,0,0,0.0,0,0,0,none,0,none,0,0,0,no_alert_unknown,no_alert_not_final_benign,-1,dns,port
2025-07-19T23:02:47.044932+0700,103.195.142.74,202.134.0.155,8177,53,UDP,dns,,2163306329516300,wire/pcap,0,0,0,0,0,0.0,0,0,0,none,0,none,0,0,0,no_alert_unknown,no_alert_not_final_benign,-1,dns,port
2025-07-19T23:02:47.046148+0700,103.195.142.74,202.134.0.155,35480,53,UDP,dns,,2168530972424042,wire/pcap,0,0,0,0,0,0.0,0,0,0,none,0,none,0,0,0,no_alert_unknown,no_alert_not_final_benign,-1,dns,port
2025-07-19T23:02:47.053884+0700,103.195.142.75,8.8.8.8,59717,53,UDP,dns,,2201757876366436,wire/pcap,0,0,0,0,0,0.0,0,0,0,none,0,none,0,0,0,no_alert_unknown,no_alert_not_final_benign,-1,dns,port
2025-07-19T23:02:47.053932+0700,103.195.142.74,118.98.44.20,7901,53,UDP,dns,,2201964862286140,wire/pcap,0,0,0,0,0,0.0,0,0,0,none,0,none,0,0,0,no_alert_unknown,no_alert_not_final_benign,-1,dns,port
2025-07-19T23:02:47.054493+0700,103.195.142.75,8.8.8.8,13239,53,UDP,dns,,2204374635564732,wire/pcap,0,0,0,0,0,0.0,0,0,0,none,0,none,0,0,0,no_alert_unknown,no_alert_not_final_benign,-1,dns,port
2025-07-19T23:02:47.058543+0700,103.195.142.74,118.98.44.50,16735,53,UDP,dns,,2221768559693127,wire/pcap,0,0,0,0,0,0.0,0,0,0,none,0,none,0,0,0,no_alert_unknown,no_alert_not_final_benign,-1,dns,port
2025-07-19T23:02:47.069825+0700,103.195.142.75,118.98.44.20,51966,53,UDP,dns,,1988748862156393,wire/pcap,0,0,0,0,0,0.0,0,0,0,none,0,none,0,0,0,no_alert_unknown,no_alert_not_final_benign,-1,dns,port
2025-07-19T23:02:47.087026+0700,103.195.142.74,202.134.0.155,17703,53,UDP,flow,dns,1874056395176928,,1,1,0,96,0,0.0,1,96,0,none,0,none,0,0,0,no_alert_unknown,no_alert_not_final_benign,-1,dns,app_proto+port
2025-07-19T23:02:47.087088+0700,103.195.142.195,87.98.154.44,53,1955,UDP,flow,failed,1451528366865379,,1,3,0,4311,0,10.0,3,4311,0,none,0,none,0,0,0,no_alert_unknown,no_alert_not_final_benign,-1,dns,port
2025-07-19T23:02:47.087210+0700,103.195.142.74,118.98.44.50,11447,53,UDP,flow,dns,1451183528295697,,1,1,0,68,0,0.0,1,68,0,none,0,none,0,0,0,no_alert_unknown,no_alert_not_final_benign,-1,dns,app_proto+port
2025-07-19T23:02:47.087233+0700,103.195.142.165,87.98.154.119,53,62194,UDP,flow,failed,1686285311491428,,1,1,0,1437,0,0.0,1,1437,0,none,0,none,0,0,0,no_alert_unknown,no_alert_not_final_benign,-1,dns,port
2025-07-19T23:02:47.087301+0700,103.195.142.74,118.98.44.50,34445,53,UDP,flow,dns,2133817975913913,,1,1,0,110,0,0.0,1,110,0,none,0,none,0,0,0,no_alert_unknown,no_alert_not_final_benign,-1,dns,app_proto+port
2025-07-19T23:02:47.087353+0700,103.195.142.195,87.98.154.119,53,51767,UDP,flow,failed,1881784734400012,,1,1,0,1437,0,0.0,1,1437,0,none,0,none,0,0,0,no_alert_unknown,no_alert_not_final_benign,-1,dns,port
2025-07-19T23:02:47.087404+0700,103.195.142.75,8.8.8.8,36006,53,UDP,flow,dns,1771976667053583,,1,1,0,214,0,0.0,1,214,0,none,0,none,0,0,0,no_alert_unknown,no_alert_not_final_benign,-1,dns,app_proto+port
2025-07-19T23:02:47.087470+0700,103.195.142.74,202.134.0.155,20104,53,UDP,flow,dns,2136566792863255,,1,1,0,214,0,0.0,1,214,0,none,0,none,0,0,0,no_alert_unknown,no_alert_not_final_benign,-1,dns,app_proto+port
2025-07-19T23:02:47.087513+0700,103.195.142.195,87.98.154.128,53,54788,UDP,flow,failed,1058702552743470,,1,3,0,4311,0,10.0,3,4311,0,none,0,none,0,0,0,no_alert_unknown,no_alert_not_final_benign,-1,dns,port
2025-07-19T23:02:47.087608+0700,103.195.142.76,87.98.154.86,53,40820,UDP,flow,failed,1457853247077995,,1,1,0,1469,0,0.0,1,1469,0,none,0,none,0,0,0,no_alert_unknown,no_alert_not_final_benign,-1,dns,port
2025-07-19T23:02:47.087658+0700,103.195.142.74,118.98.44.20,14908,53,UDP,flow,dns,1991535848013529,,1,1,0,214,0,0.0,1,214,0,none,0,none,0,0,0,no_alert_unknown,no_alert_not_final_benign,-1,dns,app_proto+port
2025-07-19T23:02:47.087678+0700,103.195.142.165,87.98.154.213,53,43279,UDP,flow,failed,1517662210113437,,1,1,0,1437,0,0.0,1,1437,0,none,0,none,0,0,0,no_alert_unknown,no_alert_not_final_benign,-1,dns,port
2025-07-19T23:02:47.087725+0700,103.195.142.46,87.98.154.199,53,15323,UDP,flow,failed,2050571816878087,,1,1,0,1437,0,0.0,1,1437,0,none,0,none,0,0,0,no_alert_unknown,no_alert_not_final_benign,-1,dns,port
2025-07-19T23:02:47.087746+0700,103.195.142.76,87.98.154.119,53,11085,UDP,flow,failed,1888733341630533,,1,1,0,1469,0,0.0,1,1469,0,none,0,none,0,0,0,no_alert_unknown,no_alert_not_final_benign,-1,dns,port
2025-07-19T23:02:47.087920+0700,103.195.142.3,172.70.116.71,53,58851,UDP,flow,failed,1890462617452877,,1,1,0,174,0,0.0,1,174,0,none,0,none,0,0,0,no_alert_unknown,no_alert_not_final_benign,-1,dns,port
2025-07-19T23:02:47.087951+0700,103.195.142.3,172.70.116.71,53,48010,UDP,flow,failed,1594066193432977,,1,1,0,140,0,0.0,1,140,0,none,0,none,0,0,0,no_alert_unknown,no_alert_not_final_benign,-1,dns,port
2025-07-19T23:02:47.088001+0700,103.195.142.195,87.98.154.119,53,31450,UDP,flow,failed,2053327605285281,,1,1,0,1437,0,0.0,1,1437,0,none,0,none,0,0,0,no_alert_unknown,no_alert_not_final_benign,-1,dns,port
2025-07-19T23:02:47.088020+0700,103.195.142.74,202.134.0.155,25786,53,UDP,flow,dns,1710405054448165,,1,1,0,74,0,0.0,1,74,0,none,0,none,0,0,0,no_alert_unknown,no_alert_not_final_benign,-1,dns,app_proto+port
2025-07-19T23:02:47.088046+0700,103.195.142.46,87.98.154.227,53,46322,UDP,flow,failed,1723724988498514,,1,1,0,1437,0,0.0,1,1437,0,none,0,none,0,0,0,no_alert_unknown,no_alert_not_final_benign,-1,dns,port
2025-07-19T23:02:47.088065+0700,103.195.142.74,202.134.0.155,43546,53,UDP,flow,dns,1839521008009843,,1,1,0,184,0,0.0,1,184,0,none,0,none,0,0,0,no_alert_unknown,no_alert_not_final_benign,-1,dns,app_proto+port
2025-07-19T23:02:47.088085+0700,103.195.142.2,66.249.74.18,53,33241,UDP,flow,failed,1863649523483287,,1,1,0,163,0,0.0,1,163,0,none,0,none,0,0,0,no_alert_unknown,no_alert_not_final_benign,-1,dns,port
2025-07-19T23:02:47.088127+0700,103.195.142.46,87.98.154.118,53,11839,UDP,flow,failed,1507439663858404,,1,1,0,1437,0,0.0,1,1437,0,none,0,none,0,0,0,no_alert_unknown,no_alert_not_final_benign,-1,dns,port
2025-07-19T23:02:47.088147+0700,103.195.142.75,216.38.8.120,12603,53,UDP,flow,dns,1966090740908910,,1,1,0,85,0,0.0,1,85,0,none,0,none,0,0,0,no_alert_unknown,no_alert_not_final_benign,-1,dns,app_proto+port
2025-07-19T23:02:47.088167+0700,103.195.142.195,87.98.154.184,53,42478,UDP,flow,failed,1950577008067762,,1,1,0,1437,0,0.0,1,1437,0,none,0,none,0,0,0,no_alert_unknown,no_alert_not_final_benign,-1,dns,port
2025-07-19T23:02:47.088185+0700,103.195.142.196,87.98.154.118,53,42894,UDP,flow,failed,1863472763520196,,1,1,0,1437,0,0.0,1,1437,0,none,0,none,0,0,0,no_alert_unknown,no_alert_not_final_benign,-1,dns,port
2025-07-19T23:02:47.088204+0700,103.195.142.195,87.98.154.128,53,16703,UDP,flow,failed,2087890825528550,,1,1,0,1437,0,0.0,1,1437,0,none,0,none,0,0,0,no_alert_unknown,no_alert_not_final_benign,-1,dns,port
2025-07-19T23:02:47.088222+0700,103.195.142.196,87.98.154.209,53,16440,UDP,flow,failed,1792222502470931,,1,1,0,1437,0,0.0,1,1437,0,none,0,none,0,0,0,no_alert_unknown,no_alert_not_final_benign,-1,dns,port
2025-07-19T23:02:47.088241+0700,103.195.142.195,87.98.154.119,53,7538,UDP,flow,failed,2160470882796897,,1,1,0,1437,0,0.0,1,1437,0,none,0,none,0,0,0,no_alert_unknown,no_alert_not_final_benign,-1,dns,port
2025-07-19T23:02:47.088288+0700,103.195.142.74,118.98.44.50,55628,53,UDP,flow,dns,1805866580002336,,1,1,0,68,0,0.0,1,68,0,none,0,none,0,0,0,no_alert_unknown,no_alert_not_final_benign,-1,dns,app_proto+port
2025-07-19T23:02:47.088332+0700,103.195.142.2,193.163.125.176,53,54069,UDP,flow,failed,1431985363437237,,1,1,0,204,0,0.0,1,204,0,none,0,none,0,0,0,no_alert_unknown,no_alert_not_final_benign,-1,dns,port
2025-07-19T23:02:47.088367+0700,103.195.142.74,202.134.0.155,61923,53,UDP,flow,dns,1889049398036233,,1,1,0,85,0,0.0,1,85,0,none,0,none,0,0,0,no_alert_unknown,no_alert_not_final_benign,-1,dns,app_proto+port
2025-07-19T23:02:47.088389+0700,103.195.142.74,202.134.0.155,52966,53,UDP,flow,dns,1588869178607435,,1,1,0,107,0,0.0,1,107,0,none,0,none,0,0,0,no_alert_unknown,no_alert_not_final_benign,-1,dns,app_proto+port
2025-07-19T23:02:47.088413+0700,103.195.142.195,87.98.154.119,53,4729,UDP,flow,failed,1681369103484838,,1,1,0,1437,0,0.0,1,1437,0,none,0,none,0,0,0,no_alert_unknown,no_alert_not_final_benign,-1,dns,port
2025-07-19T23:02:47.088453+0700,103.195.142.2,190.92.195.42,53,43087,UDP,flow,failed,1990593548011462,,1,1,0,131,0,0.0,1,131,0,none,0,none,0,0,0,no_alert_unknown,no_alert_not_final_benign,-1,dns,port
2025-07-19T23:02:47.088495+0700,103.195.142.46,87.98.154.119,53,23141,UDP,flow,failed,1941150647011357,,1,1,0,1437,0,0.0,1,1437,0,none,0,none,0,0,0,no_alert_unknown,no_alert_not_final_benign,-1,dns,port
2025-07-19T23:02:47.088661+0700,103.195.142.74,118.98.44.20,1072,53,UDP,flow,dns,2205426269243622,,1,1,0,68,0,0.0,1,68,0,none,0,none,0,0,0,no_alert_unknown,no_alert_not_final_benign,-1,dns,app_proto+port
2025-07-19T23:02:47.088682+0700,103.195.142.83,87.98.154.118,53,18869,UDP,flow,failed,1441768472267215,,1,1,0,1190,0,0.0,1,1190,0,none,0,none,0,0,0,no_alert_unknown,no_alert_not_final_benign,-1,dns,port
2025-07-19T23:02:47.088701+0700,103.195.142.3,66.249.73.113,53,48592,UDP,flow,failed,1871341464930780,,1,1,0,163,0,0.0,1,163,0,none,0,none,0,0,0,no_alert_unknown,no_alert_not_final_benign,-1,dns,port
2025-07-19T23:02:47.088720+0700,103.195.142.83,87.98.154.118,53,4885,UDP,flow,failed,2185808515189221,,1,1,0,1190,0,0.0,1,1190,0,none,0,none,0,0,0,no_alert_unknown,no_alert_not_final_benign,-1,dns,port
2025-07-19T23:02:47.088741+0700,103.195.142.74,118.98.44.50,11665,53,UDP,flow,dns,1990302929144391,,1,1,0,214,0,0.0,1,214,0,none,0,none,0,0,0,no_alert_unknown,no_alert_not_final_benign,-1,dns,app_proto+port
2025-07-19T23:02:47.088825+0700,103.195.142.76,87.98.154.222,53,48940,UDP,flow,failed,1428422848891578,,1,1,0,1469,0,0.0,1,1469,0,none,0,none,0,0,0,no_alert_unknown,no_alert_not_final_benign,-1,dns,port
2025-07-19T23:02:47.088844+0700,103.195.142.74,118.98.44.50,42793,53,UDP,flow,dns,1427440089647861,,1,1,0,79,0,0.0,1,79,0,none,0,none,0,0,0,no_alert_unknown,no_alert_not_final_benign,-1,dns,app_proto+port
2025-07-19T23:02:47.088938+0700,103.195.142.109,87.98.154.119,53,49219,UDP,flow,failed,1413187382758369,,1,1,0,1437,0,0.0,1,1437,0,none,0,none,0,0,0,no_alert_unknown,no_alert_not_final_benign,-1,dns,port
2025-07-19T23:02:47.088958+0700,103.195.142.3,180.241.233.43,53,61478,UDP,flow,failed,1631743923277008,,1,1,0,135,0,0.0,1,135,0,none,0,none,0,0,0,no_alert_unknown,no_alert_not_final_benign,-1,dns,port
2025-07-19T23:02:47.089026+0700,103.195.142.196,87.98.154.119,53,55943,UDP,flow,failed,1845074567908675,,1,1,0,1437,0,0.0,1,1437,0,none,0,none,0,0,0,no_alert_unknown,no_alert_not_final_benign,-1,dns,port
2025-07-19T23:02:47.089044+0700,103.195.142.109,87.98.154.253,53,2660,UDP,flow,failed,1495625526758743,,1,1,0,1437,0,0.0,1,1437,0,none,0,none,0,0,0,no_alert_unknown,no_alert_not_final_benign,-1,dns,port
2025-07-19T23:02:47.089063+0700,103.195.142.74,118.98.44.50,11849,53,UDP,flow,dns,1690981736271234,,1,1,0,79,0,0.0,1,79,0,none,0,none,0,0,0,no_alert_unknown,no_alert_not_final_benign,-1,dns,app_proto+port
2025-07-19T23:02:47.089164+0700,103.195.142.109,87.98.154.133,53,16615,UDP,flow,failed,1522409171471752,,1,1,0,1437,0,0.0,1,1437,0,none,0,none,0,0,0,no_alert_unknown,no_alert_not_final_benign,-1,dns,port
2025-07-19T23:02:47.089452+0700,103.195.142.75,8.8.8.8,23647,53,UDP,flow,dns,1541941303528948,,1,1,0,107,0,0.0,1,107,0,none,0,none,0,0,0,no_alert_unknown,no_alert_not_final_benign,-1,dns,app_proto+port
2025-07-19T23:02:47.089543+0700,103.195.142.83,87.98.154.170,53,43184,UDP,flow,failed,2043203622030848,,1,1,0,1190,0,0.0,1,1190,0,none,0,none,0,0,0,no_alert_unknown,no_alert_not_final_benign,-1,dns,port
2025-07-19T23:02:47.089596+0700,103.195.142.46,87.98.154.119,53,59153,UDP,flow,failed,1826013274132112,,1,1,0,1437,0,0.0,1,1437,0,none,0,none,0,0,0,no_alert_unknown,no_alert_not_final_benign,-1,dns,port
2025-07-19T23:02:47.089615+0700,103.195.142.2,180.241.110.253,53,22978,UDP,flow,failed,1830214470749890,,1,1,0,129,0,0.0,1,129,0,none,0,none,0,0,0,no_alert_unknown,no_alert_not_final_benign,-1,dns,port
2025-07-19T23:02:47.089659+0700,103.195.142.46,87.98.154.83,53,2494,UDP,flow,failed,1669895778684769,,1,1,0,1437,0,0.0,1,1437,0,none,0,none,0,0,0,no_alert_unknown,no_alert_not_final_benign,-1,dns,port
2025-07-19T23:02:47.089684+0700,103.195.142.83,87.98.154.58,53,29975,UDP,flow,failed,2103130739855319,,1,1,0,1190,0,0.0,1,1190,0,none,0,none,0,0,0,no_alert_unknown,no_alert_not_final_benign,-1,dns,port
2025-07-19T23:02:47.089725+0700,103.195.142.109,87.98.154.119,53,16482,UDP,flow,failed,1789842722148507,,1,1,0,1437,0,0.0,1,1437,0,none,0,none,0,0,0,no_alert_unknown,no_alert_not_final_benign,-1,dns,port
2025-07-19T23:02:47.089828+0700,103.195.142.74,202.134.0.155,39897,53,UDP,flow,dns,1783585932988660,,1,1,0,130,0,0.0,1,130,0,none,0,none,0,0,0,no_alert_unknown,no_alert_not_final_benign,-1,dns,app_proto+port
2025-07-19T23:02:47.089877+0700,103.195.142.75,8.8.8.8,36819,53,UDP,flow,dns,1688812576133434,,1,1,0,68,0,0.0,1,68,0,none,0,none,0,0,0,no_alert_unknown,no_alert_not_final_benign,-1,dns,app_proto+port
2025-07-19T23:02:47.089905+0700,103.195.142.74,202.134.0.155,44382,53,UDP,flow,dns,1909697485558152,,1,1,0,214,0,0.0,1,214,0,none,0,none,0,0,0,no_alert_unknown,no_alert_not_final_benign,-1,dns,app_proto+port
2025-07-19T23:02:47.089925+0700,103.195.142.74,118.98.44.100,26661,53,UDP,flow,dns,1554735852442107,,1,1,0,80,0,0.0,1,80,0,none,0,none,0,0,0,no_alert_unknown,no_alert_not_final_benign,-1,dns,app_proto+port
2025-07-19T23:02:47.089967+0700,103.195.142.74,118.98.44.20,45124,53,UDP,flow,dns,1803089933783691,,1,1,0,196,0,0.0,1,196,0,none,0,none,0,0,0,no_alert_unknown,no_alert_not_final_benign,-1,dns,app_proto+port
2025-07-19T23:02:47.090014+0700,103.195.142.3,172.71.244.10,53,46675,UDP,flow,failed,1804213392593640,,1,1,0,143,0,0.0,1,143,0,none,0,none,0,0,0,no_alert_unknown,no_alert_not_final_benign,-1,dns,port
2025-07-19T23:02:47.090040+0700,103.195.142.165,87.98.154.119,53,34911,UDP,flow,failed,1564993462358770,,1,1,0,1437,0,0.0,1,1437,0,none,0,none,0,0,0,no_alert_unknown,no_alert_not_final_benign,-1,dns,port
2025-07-19T23:02:47.090134+0700,103.195.142.75,8.8.8.8,46047,53,UDP,flow,dns,1601877066273747,,1,1,0,214,0,0.0,1,214,0,none,0,none,0,0,0,no_alert_unknown,no_alert_not_final_benign,-1,dns,app_proto+port
2025-07-19T23:02:47.090178+0700,103.195.142.75,50.116.34.34,40106,53,UDP,flow,dns,1747314318660798,,1,1,0,85,0,0.0,1,85,0,none,0,none,0,0,0,no_alert_unknown,no_alert_not_final_benign,-1,dns,app_proto+port
2025-07-19T23:02:47.090198+0700,103.195.142.75,8.8.8.8,55862,53,UDP,flow,dns,2125893090497762,,1,1,0,68,0,0.0,1,68,0,none,0,none,0,0,0,no_alert_unknown,no_alert_not_final_benign,-1,dns,app_proto+port
2025-07-19T23:02:47.090294+0700,103.195.142.74,118.98.44.100,35732,53,UDP,flow,dns,2005699788887585,,1,1,0,196,0,0.0,1,196,0,none,0,none,0,0,0,no_alert_unknown,no_alert_not_final_benign,-1,dns,app_proto+port
2025-07-19T23:02:47.090354+0700,103.195.142.74,118.98.44.100,10284,53,UDP,flow,dns,1436584670877229,,1,1,0,77,0,0.0,1,77,0,none,0,none,0,0,0,no_alert_unknown,no_alert_not_final_benign,-1,dns,app_proto+port
2025-07-19T23:02:47.090375+0700,103.195.142.74,202.134.0.155,31924,53,UDP,flow,dns,2124954703648308,,1,1,0,79,0,0.0,1,79,0,none,0,none,0,0,0,no_alert_unknown,no_alert_not_final_benign,-1,dns,app_proto+port
2025-07-19T23:02:47.090412+0700,103.195.142.76,87.98.154.119,53,49543,UDP,flow,failed,1740278639384229,,1,1,0,1469,0,0.0,1,1469,0,none,0,none,0,0,0,no_alert_unknown,no_alert_not_final_benign,-1,dns,port
2025-07-19T23:02:47.090454+0700,103.195.142.196,87.98.154.119,53,2596,UDP,flow,failed,2156276475254473,,1,1,0,1437,0,0.0,1,1437,0,none,0,none,0,0,0,no_alert_unknown,no_alert_not_final_benign,-1,dns,port
2025-07-19T23:02:47.090496+0700,103.195.142.196,87.98.154.237,53,35398,UDP,flow,failed,1664504780052239,,1,3,0,4311,0,9.0,3,4311,0,none,0,none,0,0,0,no_alert_unknown,no_alert_not_final_benign,-1,dns,port
2025-07-19T23:02:47.090568+0700,103.195.142.74,118.98.44.20,23570,53,UDP,flow,dns,2117060167423900,,1,1,0,68,0,0.0,1,68,0,none,0,none,0,0,0,no_alert_unknown,no_alert_not_final_benign,-1,dns,app_proto+port
2025-07-19T23:02:47.090622+0700,103.195.142.74,118.98.44.20,57895,53,UDP,flow,dns,2154007251671183,,1,1,0,196,0,0.0,1,196,0,none,0,none,0,0,0,no_alert_unknown,no_alert_not_final_benign,-1,dns,app_proto+port
2025-07-19T23:02:47.090645+0700,103.195.142.76,87.98.154.86,53,43723,UDP,flow,failed,1700989265270929,,1,1,0,1469,0,0.0,1,1469,0,none,0,none,0,0,0,no_alert_unknown,no_alert_not_final_benign,-1,dns,port
2025-07-19T23:02:47.090689+0700,103.195.142.196,87.98.154.119,53,29215,UDP,flow,failed,1801823850944909,,1,1,0,1437,0,0.0,1,1437,0,none,0,none,0,0,0,no_alert_unknown,no_alert_not_final_benign,-1,dns,port
2025-07-19T23:02:47.090735+0700,103.195.142.196,87.98.154.181,53,50402,UDP,flow,failed,2093363249764834,,1,1,0,1437,0,0.0,1,1437,0,none,0,none,0,0,0,no_alert_unknown,no_alert_not_final_benign,-1,dns,port
2025-07-19T23:02:47.090770+0700,103.195.142.83,87.98.154.119,53,6582,UDP,flow,failed,1555259939379754,,1,1,0,1190,0,0.0,1,1190,0,none,0,none,0,0,0,no_alert_unknown,no_alert_not_final_benign,-1,dns,port
2025-07-19T23:02:47.090860+0700,103.195.142.75,8.8.8.8,28564,53,UDP,flow,dns,1436553642596976,,1,1,0,196,0,0.0,1,196,0,none,0,none,0,0,0,no_alert_unknown,no_alert_not_final_benign,-1,dns,app_proto+port
2025-07-19T23:02:47.090883+0700,103.195.142.75,8.8.8.8,63785,53,UDP,flow,dns,2229634785958565,,1,1,0,77,0,0.0,1,77,0,none,0,none,0,0,0,no_alert_unknown,no_alert_not_final_benign,-1,dns,app_proto+port
2025-07-19T23:02:47.090904+0700,103.195.142.46,87.98.154.27,53,31648,UDP,flow,failed,1605324990536359,,1,1,0,1437,0,0.0,1,1437,0,none,0,none,0,0,0,no_alert_unknown,no_alert_not_final_benign,-1,dns,port
2025-07-19T23:02:47.090945+0700,103.195.142.46,87.98.154.227,53,50822,UDP,flow,failed,1722075592416023,,1,1,0,1437,0,0.0,1,1437,0,none,0,none,0,0,0,no_alert_unknown,no_alert_not_final_benign,-1,dns,port
2025-07-19T23:02:47.090884+0700,103.195.142.75,8.8.8.8,49947,53,UDP,dns,,2079196571215334,wire/pcap,0,0,0,0,0,0.0,0,0,0,none,0,none,0,0,0,no_alert_unknown,no_alert_not_final_benign,-1,dns,port
2025-07-19T23:02:47.090970+0700,103.195.142.74,118.98.44.20,4006,53,UDP,flow,dns,1450632885984046,,1,1,0,79,0,0.0,1,79,0,none,0,none,0,0,0,no_alert_unknown,no_alert_not_final_benign,-1,dns,app_proto+port
2025-07-19T23:02:47.090993+0700,103.195.142.109,87.98.154.53,53,56902,UDP,flow,failed,1557783976893232,,1,1,0,1437,0,0.0,1,1437,0,none,0,none,0,0,0,no_alert_unknown,no_alert_not_final_benign,-1,dns,port
2025-07-19T23:02:47.091073+0700,103.195.142.196,87.98.154.65,53,1400,UDP,flow,failed,1713412324875160,,1,1,0,1437,0,0.0,1,1437,0,none,0,none,0,0,0,no_alert_unknown,no_alert_not_final_benign,-1,dns,port
2025-07-19T23:02:47.091211+0700,103.195.142.74,202.134.0.155,36642,53,UDP,flow,dns,1502774608944057,,1,1,0,196,0,0.0,1,196,0,none,0,none,0,0,0,no_alert_unknown,no_alert_not_final_benign,-1,dns,app_proto+port
2025-07-19T23:02:47.091290+0700,103.195.142.74,202.134.0.155,48763,53,UDP,flow,dns,1435651077528555,,1,1,0,214,0,0.0,1,214,0,none,0,none,0,0,0,no_alert_unknown,no_alert_not_final_benign,-1,dns,app_proto+port
2025-07-19T23:02:47.091338+0700,103.195.142.83,87.98.154.119,53,2706,UDP,flow,failed,1861019200019444,,1,1,0,1190,0,0.0,1,1190,0,none,0,none,0,0,0,no_alert_unknown,no_alert_not_final_benign,-1,dns,port
2025-07-19T23:02:47.091421+0700,103.195.142.109,87.98.154.113,53,6612,UDP,flow,failed,1315378271575040,,1,3,0,4311,0,10.0,3,4311,0,none,0,none,0,0,0,no_alert_unknown,no_alert_not_final_benign,-1,dns,port
2025-07-19T23:02:47.091527+0700,103.195.142.75,50.116.34.34,55456,53,UDP,flow,dns,2241326286658772,,1,1,0,85,0,0.0,1,85,0,none,0,none,0,0,0,no_alert_unknown,no_alert_not_final_benign,-1,dns,app_proto+port
2025-07-19T23:02:47.091548+0700,103.195.142.74,118.98.44.20,16069,53,UDP,flow,dns,2176179647044835,,1,1,0,111,0,0.0,1,111,0,none,0,none,0,0,0,no_alert_unknown,no_alert_not_final_benign,-1,dns,app_proto+port
2025-07-19T23:02:47.091609+0700,103.195.142.74,118.98.44.50,44804,53,UDP,flow,dns,1999051591146956,,1,1,0,214,0,0.0,1,214,0,none,0,none,0,0,0,no_alert_unknown,no_alert_not_final_benign,-1,dns,app_proto+port
2025-07-19T23:02:47.091673+0700,103.195.142.74,202.134.0.155,12121,53,UDP,flow,dns,2069785851223637,,1,1,0,68,0,0.0,1,68,0,none,0,none,0,0,0,no_alert_unknown,no_alert_not_final_benign,-1,dns,app_proto+port
2025-07-19T23:02:47.091707+0700,103.195.142.3,180.241.233.12,53,10786,UDP,flow,failed,1407853182738008,,1,1,0,179,0,0.0,1,179,0,none,0,none,0,0,0,no_alert_unknown,no_alert_not_final_benign,-1,dns,port
2025-07-19T23:02:47.091775+0700,103.195.142.3,173.252.107.132,53,64796,UDP,flow,failed,1412946063089302,,1,1,0,174,0,0.0,1,174,0,none,0,none,0,0,0,no_alert_unknown,no_alert_not_final_benign,-1,dns,port
2025-07-19T23:02:47.091829+0700,103.195.142.74,202.134.0.155,12804,53,UDP,flow,dns,2168470987235297,,1,1,0,114,0,0.0,1,114,0,none,0,none,0,0,0,no_alert_unknown,no_alert_not_final_benign,-1,dns,app_proto+port
2025-07-19T23:02:47.091859+0700,103.195.142.109,87.98.154.225,53,53253,UDP,flow,failed,1627716107460603,,1,1,0,1437,0,0.0,1,1437,0,none,0,none,0,0,0,no_alert_unknown,no_alert_not_final_benign,-1,dns,port
2025-07-19T23:02:47.091880+0700,103.195.142.75,8.8.8.8,9951,53,UDP,flow,dns,2006986519175216,,1,1,0,214,0,0.0,1,214,0,none,0,none,0,0,0,no_alert_unknown,no_alert_not_final_benign,-1,dns,app_proto+port
2025-07-19T23:02:47.091922+0700,103.195.142.74,118.98.44.100,2563,53,UDP,flow,dns,1868555881898117,,1,1,0,85,0,0.0,1,85,0,none,0,none,0,0,0,no_alert_unknown,no_alert_not_final_benign,-1,dns,app_proto+port
2025-07-19T23:02:47.091973+0700,103.195.142.165,87.98.154.157,53,25825,UDP,flow,failed,2168211301884300,,1,1,0,1437,0,0.0,1,1437,0,none,0,none,0,0,0,no_alert_unknown,no_alert_not_final_benign,-1,dns,port
2025-07-19T23:02:47.091996+0700,103.195.142.46,87.98.154.119,53,4317,UDP,flow,failed,2187378803761561,,1,1,0,1437,0,0.0,1,1437,0,none,0,none,0,0,0,no_alert_unknown,no_alert_not_final_benign,-1,dns,port
2025-07-19T23:02:47.092016+0700,103.195.142.83,87.98.154.119,53,16372,UDP,flow,failed,1835318710329762,,1,1,0,1190,0,0.0,1,1190,0,none,0,none,0,0,0,no_alert_unknown,no_alert_not_final_benign,-1,dns,port
2025-07-19T23:02:47.092038+0700,103.195.142.76,87.98.154.119,53,45433,UDP,flow,failed,2166870165447123,,1,1,0,1469,0,0.0,1,1469,0,none,0,none,0,0,0,no_alert_unknown,no_alert_not_final_benign,-1,dns,port
2025-07-19T23:02:47.092059+0700,103.195.142.3,180.241.233.28,53,10530,UDP,flow,failed,1623930203890268,,1,1,0,127,0,0.0,1,127,0,none,0,none,0,0,0,no_alert_unknown,no_alert_not_final_benign,-1,dns,port
2025-07-19T23:02:47.092140+0700,103.195.142.74,118.98.44.20,22012,53,UDP,flow,dns,1936638437909410,,1,1,0,184,0,0.0,1,184,0,none,0,none,0,0,0,no_alert_unknown,no_alert_not_final_benign,-1,dns,app_proto+port
2025-07-19T23:02:47.092181+0700,103.195.142.3,180.251.28.101,53,30017,UDP,flow,failed,2025736260641834,,1,1,0,138,0,0.0,1,138,0,none,0,none,0,0,0,no_alert_unknown,no_alert_not_final_benign,-1,dns,port
2025-07-19T23:02:47.092310+0700,103.195.142.2,172.253.7.217,53,59524,UDP,flow,failed,1850680719926500,,1,1,0,223,0,0.0,1,223,0,none,0,none,0,0,0,no_alert_unknown,no_alert_not_final_benign,-1,dns,port
2025-07-19T23:02:47.092329+0700,103.195.142.46,87.98.154.119,53,29494,UDP,flow,failed,1974682920641803,,1,1,0,1437,0,0.0,1,1437,0,none,0,none,0,0,0,no_alert_unknown,no_alert_not_final_benign,-1,dns,port
2025-07-19T23:02:47.092359+0700,103.195.142.109,87.98.154.119,53,35938,UDP,flow,failed,2061955330237840,,1,1,0,1437,0,0.0,1,1437,0,none,0,none,0,0,0,no_alert_unknown,no_alert_not_final_benign,-1,dns,port
2025-07-19T23:02:47.092379+0700,103.195.142.74,118.98.44.100,34982,53,UDP,flow,dns,1775364644496793,,1,1,0,196,0,0.0,1,196,0,none,0,none,0,0,0,no_alert_unknown,no_alert_not_final_benign,-1,dns,app_proto+port
2025-07-19T23:02:47.092411+0700,103.195.142.83,87.98.154.226,53,2513,UDP,flow,failed,1940087403865499,,1,1,0,1190,0,0.0,1,1190,0,none,0,none,0,0,0,no_alert_unknown,no_alert_not_final_benign,-1,dns,port
2025-07-19T23:02:47.092539+0700,103.195.142.195,87.98.154.72,53,32406,UDP,flow,failed,1646890883442335,,1,3,0,4311,0,9.0,3,4311,0,none,0,none,0,0,0,no_alert_unknown,no_alert_not_final_benign,-1,dns,port
2025-07-19T23:02:47.092570+0700,103.195.142.75,8.8.8.8,20292,53,UDP,flow,dns,2138409934874298,,1,1,0,77,0,0.0,1,77,0,none,0,none,0,0,0,no_alert_unknown,no_alert_not_final_benign,-1,dns,app_proto+port
2025-07-19T23:02:47.092616+0700,103.195.142.75,8.8.8.8,11478,53,UDP,flow,dns,1801606819505921,,1,1,0,74,0,0.0,1,74,0,none,0,none,0,0,0,no_alert_unknown,no_alert_not_final_benign,-1,dns,app_proto+port
2025-07-19T23:02:47.092651+0700,103.195.142.76,87.98.154.250,53,20891,UDP,flow,failed,1646321155663653,,1,1,0,1469,0,0.0,1,1469,0,none,0,none,0,0,0,no_alert_unknown,no_alert_not_final_benign,-1,dns,port
2025-07-19T23:02:47.092702+0700,103.195.142.2,197.166.250.2,53,7399,UDP,flow,failed,1740750604494644,,1,1,0,145,0,0.0,1,145,0,none,0,none,0,0,0,no_alert_unknown,no_alert_not_final_benign,-1,dns,port
2025-07-19T23:02:47.092724+0700,103.195.142.75,8.8.8.8,34349,53,UDP,flow,dns,2007142513796981,,1,1,0,214,0,0.0,1,214,0,none,0,none,0,0,0,no_alert_unknown,no_alert_not_final_benign,-1,dns,app_proto+port
2025-07-19T23:02:47.092762+0700,103.195.142.74,118.98.44.50,26238,53,UDP,flow,dns,1555089896269783,,1,1,0,184,0,0.0,1,184,0,none,0,none,0,0,0,no_alert_unknown,no_alert_not_final_benign,-1,dns,app_proto+port
2025-07-19T23:02:47.092800+0700,103.195.142.74,118.98.44.100,23540,53,UDP,flow,dns,2060617594071075,,1,1,0,214,0,0.0,1,214,0,none,0,none,0,0,0,no_alert_unknown,no_alert_not_final_benign,-1,dns,app_proto+port
2025-07-19T23:02:47.092850+0700,103.195.142.2,172.70.116.71,53,15911,UDP,flow,failed,1894218499975397,,1,1,0,203,0,0.0,1,203,0,none,0,none,0,0,0,no_alert_unknown,no_alert_not_final_benign,-1,dns,port
2025-07-19T23:02:47.092869+0700,103.195.142.165,87.98.154.119,53,14141,UDP,flow,failed,1707001926215925,,1,1,0,1437,0,0.0,1,1437,0,none,0,none,0,0,0,no_alert_unknown,no_alert_not_final_benign,-1,dns,port
2025-07-19T23:02:47.092894+0700,103.195.142.83,87.98.154.198,53,17424,UDP,flow,failed,1990572171094370,,1,1,0,1190,0,0.0,1,1190,0,none,0,none,0,0,0,no_alert_unknown,no_alert_not_final_benign,-1,dns,port
2025-07-19T23:02:47.092913+0700,103.195.142.196,87.98.154.65,53,11183,UDP,flow,failed,2251665017891255,,1,1,0,1437,0,0.0,1,1437,0,none,0,none,0,0,0,no_alert_unknown,no_alert_not_final_benign,-1,dns,port
2025-07-19T23:02:47.093000+0700,103.195.142.196,87.98.154.119,53,52497,UDP,flow,failed,1530353589709464,,1,1,0,1437,0,0.0,1,1437,0,none,0,none,0,0,0,no_alert_unknown,no_alert_not_final_benign,-1,dns,port
2025-07-19T23:02:47.093020+0700,103.195.142.196,87.98.154.93,53,1895,UDP,flow,failed,1931966534150860,,1,1,0,1437,0,0.0,1,1437,0,none,0,none,0,0,0,no_alert_unknown,no_alert_not_final_benign,-1,dns,port
2025-07-19T23:02:47.093327+0700,103.195.142.196,87.98.154.119,53,47612,UDP,flow,failed,1629821070568807,,1,1,0,1437,0,0.0,1,1437,0,none,0,none,0,0,0,no_alert_unknown,no_alert_not_final_benign,-1,dns,port
2025-07-19T23:02:47.093373+0700,103.195.142.76,87.98.154.119,53,35058,UDP,flow,failed,1606248575233447,,1,1,0,1469,0,0.0,1,1469,0,none,0,none,0,0,0,no_alert_unknown,no_alert_not_final_benign,-1,dns,port
2025-07-19T23:02:47.093489+0700,103.195.142.109,87.98.154.169,53,62477,UDP,flow,failed,2208727771803222,,1,1,0,1437,0,0.0,1,1437,0,none,0,none,0,0,0,no_alert_unknown,no_alert_not_final_benign,-1,dns,port
2025-07-19T23:02:47.093510+0700,103.195.142.76,87.98.154.58,53,63939,UDP,flow,failed,1470710747917913,,1,1,0,1469,0,0.0,1,1469,0,none,0,none,0,0,0,no_alert_unknown,no_alert_not_final_benign,-1,dns,port
2025-07-19T23:02:47.093554+0700,103.195.142.76,87.98.154.119,53,34143,UDP,flow,failed,1594146508992194,,1,1,0,1469,0,0.0,1,1469,0,none,0,none,0,0,0,no_alert_unknown,no_alert_not_final_benign,-1,dns,port
2025-07-19T23:02:47.093579+0700,103.195.142.196,87.98.154.118,53,43279,UDP,flow,failed,1804671565000551,,1,1,0,1437,0,0.0,1,1437,0,none,0,none,0,0,0,no_alert_unknown,no_alert_not_final_benign,-1,dns,port
2025-07-19T23:02:47.093599+0700,103.195.142.195,87.98.154.240,53,62299,UDP,flow,failed,1540508444094337,,1,1,0,1437,0,0.0,1,1437,0,none,0,none,0,0,0,no_alert_unknown,no_alert_not_final_benign,-1,dns,port
2025-07-19T23:02:47.093693+0700,103.195.142.74,118.98.44.50,58193,53,UDP,flow,dns,1563165959483519,,1,1,0,202,0,0.0,1,202,0,none,0,none,0,0,0,no_alert_unknown,no_alert_not_final_benign,-1,dns,app_proto+port
2025-07-19T23:02:47.093737+0700,103.195.142.165,87.98.154.119,53,32731,UDP,flow,failed,1703093964927231,,1,1,0,1437,0,0.0,1,1437,0,none,0,none,0,0,0,no_alert_unknown,no_alert_not_final_benign,-1,dns,port
2025-07-19T23:02:47.093832+0700,103.195.142.2,180.241.110.180,53,28800,UDP,flow,failed,1560920163447204,,1,1,0,135,0,0.0,1,135,0,none,0,none,0,0,0,no_alert_unknown,no_alert_not_final_benign,-1,dns,port
2025-07-19T23:02:47.093854+0700,103.195.142.165,87.98.154.119,53,16730,UDP,flow,failed,1626788915736999,,1,1,0,1437,0,0.0,1,1437,0,none,0,none,0,0,0,no_alert_unknown,no_alert_not_final_benign,-1,dns,port
2025-07-19T23:02:47.093938+0700,103.195.142.83,87.98.154.198,53,59400,UDP,flow,failed,1762850245341687,,1,1,0,1190,0,0.0,1,1190,0,none,0,none,0,0,0,no_alert_unknown,no_alert_not_final_benign,-1,dns,port
2025-07-19T23:02:47.094064+0700,103.195.142.83,87.98.154.162,53,62853,UDP,flow,failed,1622612980232747,,1,1,0,1190,0,0.0,1,1190,0,none,0,none,0,0,0,no_alert_unknown,no_alert_not_final_benign,-1,dns,port
2025-07-19T23:02:47.094119+0700,103.195.142.165,87.98.154.157,53,17101,UDP,flow,failed,2112563493696153,,1,1,0,1437,0,0.0,1,1437,0,none,0,none,0,0,0,no_alert_unknown,no_alert_not_final_benign,-1,dns,port
2025-07-19T23:02:47.094163+0700,103.195.142.196,87.98.154.177,53,29953,UDP,flow,failed,1877159970632456,,1,1,0,1437,0,0.0,1,1437,0,none,0,none,0,0,0,no_alert_unknown,no_alert_not_final_benign,-1,dns,port
2025-07-19T23:02:47.094203+0700,103.195.142.76,87.98.154.119,53,57020,UDP,flow,failed,1700417746138138,,1,1,0,1469,0,0.0,1,1469,0,none,0,none,0,0,0,no_alert_unknown,no_alert_not_final_benign,-1,dns,port
2025-07-19T23:02:47.094274+0700,103.195.142.109,87.98.154.118,53,20962,UDP,flow,failed,1766928105764050,,1,1,0,1437,0,0.0,1,1437,0,none,0,none,0,0,0,no_alert_unknown,no_alert_not_final_benign,-1,dns,port
2025-07-19T23:02:47.094339+0700,103.195.142.74,118.98.44.50,64035,53,UDP,flow,dns,1697708874298787,,1,1,0,214,0,0.0,1,214,0,none,0,none,0,0,0,no_alert_unknown,no_alert_not_final_benign,-1,dns,app_proto+port
2025-07-19T23:02:47.094361+0700,103.195.142.109,87.98.154.119,53,55891,UDP,flow,failed,1714819391649221,,1,1,0,1437,0,0.0,1,1437,0,none,0,none,0,0,0,no_alert_unknown,no_alert_not_final_benign,-1,dns,port
2025-07-19T23:02:47.094382+0700,103.195.142.74,118.98.44.50,37434,53,UDP,flow,dns,1807252711044649,,1,1,0,184,0,0.0,1,184,0,none,0,none,0,0,0,no_alert_unknown,no_alert_not_final_benign,-1,dns,app_proto+port
2025-07-19T23:02:47.094403+0700,103.195.142.196,87.98.154.118,53,2285,UDP,flow,failed,2197724975101591,,1,1,0,1437,0,0.0,1,1437,0,none,0,none,0,0,0,no_alert_unknown,no_alert_not_final_benign,-1,dns,port
2025-07-19T23:02:47.094422+0700,103.195.142.46,87.98.154.119,53,50417,UDP,flow,failed,1480454536460073,,1,1,0,1437,0,0.0,1,1437,0,none,0,none,0,0,0,no_alert_unknown,no_alert_not_final_benign,-1,dns,port
2025-07-19T23:02:47.094446+0700,103.195.142.195,87.98.154.118,53,9984,UDP,flow,failed,1841301878961986,,1,1,0,1437,0,0.0,1,1437,0,none,0,none,0,0,0,no_alert_unknown,no_alert_not_final_benign,-1,dns,port
2025-07-19T23:02:47.094465+0700,103.195.142.3,180.241.27.201,53,55427,UDP,flow,failed,2040285878056858,,1,1,0,106,0,0.0,1,106,0,none,0,none,0,0,0,no_alert_unknown,no_alert_not_final_benign,-1,dns,port
2025-07-19T23:02:47.094485+0700,103.195.142.74,118.98.44.50,24097,53,UDP,flow,dns,2162107105638614,,1,1,0,83,0,0.0,1,83,0,none,0,none,0,0,0,no_alert_unknown,no_alert_not_final_benign,-1,dns,app_proto+port
2025-07-19T23:02:47.094506+0700,103.195.142.3,172.70.116.71,53,11734,UDP,flow,failed,1634063442344257,,1,1,0,185,0,0.0,1,185,0,none,0,none,0,0,0,no_alert_unknown,no_alert_not_final_benign,-1,dns,port
2025-07-19T23:02:47.094527+0700,103.195.142.75,8.8.8.8,51201,53,UDP,flow,dns,2003552644987375,,1,1,0,214,0,0.0,1,214,0,none,0,none,0,0,0,no_alert_unknown,no_alert_not_final_benign,-1,dns,app_proto+port
2025-07-19T23:02:47.094604+0700,103.195.142.109,87.98.154.119,53,48862,UDP,flow,failed,1515548708076133,,1,1,0,1437,0,0.0,1,1437,0,none,0,none,0,0,0,no_alert_unknown,no_alert_not_final_benign,-1,dns,port
2025-07-19T23:02:47.094630+0700,103.195.142.109,87.98.154.117,53,29722,UDP,flow,failed,1530207901022845,,1,1,0,1437,0,0.0,1,1437,0,none,0,none,0,0,0,no_alert_unknown,no_alert_not_final_benign,-1,dns,port
2025-07-19T23:02:47.094649+0700,103.195.142.46,87.98.154.119,53,48964,UDP,flow,failed,2201232403430020,,1,1,0,1437,0,0.0,1,1437,0,none,0,none,0,0,0,no_alert_unknown,no_alert_not_final_benign,-1,dns,port
2025-07-19T23:02:47.094667+0700,103.195.142.76,87.98.154.118,53,42449,UDP,flow,failed,2213874512853642,,1,1,0,1469,0,0.0,1,1469,0,none,0,none,0,0,0,no_alert_unknown,no_alert_not_final_benign,-1,dns,port
2025-07-19T23:02:47.094685+0700,103.195.142.196,87.98.154.253,53,31497,UDP,flow,failed,1977000544074381,,1,1,0,1437,0,0.0,1,1437,0,none,0,none,0,0,0,no_alert_unknown,no_alert_not_final_benign,-1,dns,port
2025-07-19T23:02:47.094728+0700,103.195.142.74,118.98.44.50,52578,53,UDP,flow,dns,1772509933042346,,1,1,0,204,0,0.0,1,204,0,none,0,none,0,0,0,no_alert_unknown,no_alert_not_final_benign,-1,dns,app_proto+port
2025-07-19T23:02:47.094765+0700,103.195.142.109,87.98.154.57,53,52009,UDP,flow,failed,1681886742805197,,1,3,0,4311,0,10.0,3,4311,0,none,0,none,0,0,0,no_alert_unknown,no_alert_not_final_benign,-1,dns,port
2025-07-19T23:02:47.094786+0700,103.195.142.196,87.98.154.65,53,40427,UDP,flow,failed,2038856148876005,,1,1,0,1437,0,0.0,1,1437,0,none,0,none,0,0,0,no_alert_unknown,no_alert_not_final_benign,-1,dns,port
2025-07-19T23:02:47.094804+0700,103.195.142.75,8.8.8.8,55955,53,UDP,flow,dns,2065677888944871,,1,1,0,214,0,0.0,1,214,0,none,0,none,0,0,0,no_alert_unknown,no_alert_not_final_benign,-1,dns,app_proto+port
2025-07-19T23:02:47.094826+0700,103.195.142.74,118.98.44.20,7905,53,UDP,flow,dns,2128524473826164,,1,1,0,214,0,0.0,1,214,0,none,0,none,0,0,0,no_alert_unknown,no_alert_not_final_benign,-1,dns,app_proto+port
2025-07-19T23:02:47.094846+0700,103.195.142.109,87.98.154.85,53,33578,UDP,flow,failed,1595081704373152,,1,3,0,4311,0,9.0,3,4311,0,none,0,none,0,0,0,no_alert_unknown,no_alert_not_final_benign,-1,dns,port
2025-07-19T23:02:47.094883+0700,103.195.142.74,118.98.44.20,28680,53,UDP,flow,dns,1988701788339234,,1,1,0,85,0,0.0,1,85,0,none,0,none,0,0,0,no_alert_unknown,no_alert_not_final_benign,-1,dns,app_proto+port
2025-07-19T23:02:47.094908+0700,103.195.142.195,87.98.154.119,53,27711,UDP,flow,failed,1658941339958317,,1,1,0,1437,0,0.0,1,1437,0,none,0,none,0,0,0,no_alert_unknown,no_alert_not_final_benign,-1,dns,port
2025-07-19T23:02:47.095081+0700,103.195.142.195,87.98.154.156,53,47566,UDP,flow,failed,1971462859750738,,1,1,0,1437,0,0.0,1,1437,0,none,0,none,0,0,0,no_alert_unknown,no_alert_not_final_benign,-1,dns,port
2025-07-19T23:02:47.095125+0700,103.195.142.195,87.98.154.40,53,63579,UDP,flow,failed,1580126954749323,,1,1,0,1437,0,0.0,1,1437,0,none,0,none,0,0,0,no_alert_unknown,no_alert_not_final_benign,-1,dns,port
2025-07-19T23:02:47.095243+0700,103.195.142.195,87.98.154.72,53,37792,UDP,flow,failed,1483874486812220,,1,1,0,1437,0,0.0,1,1437,0,none,0,none,0,0,0,no_alert_unknown,no_alert_not_final_benign,-1,dns,port
2025-07-19T23:02:47.095408+0700,103.195.142.74,118.98.44.50,5322,53,UDP,flow,dns,1824183362617117,,1,1,0,214,0,0.0,1,214,0,none,0,none,0,0,0,no_alert_unknown,no_alert_not_final_benign,-1,dns,app_proto+port
2025-07-19T23:02:47.095479+0700,103.195.142.3,173.252.107.132,53,28832,UDP,flow,failed,1477896970338133,,1,1,0,178,0,0.0,1,178,0,none,0,none,0,0,0,no_alert_unknown,no_alert_not_final_benign,-1,dns,port
2025-07-19T23:02:47.095527+0700,103.195.142.76,87.98.154.119,53,35019,UDP,flow,failed,2237536395427749,,1,1,0,1469,0,0.0,1,1469,0,none,0,none,0,0,0,no_alert_unknown,no_alert_not_final_benign,-1,dns,port
2025-07-19T23:02:47.095563+0700,103.195.142.75,8.8.8.8,19951,53,UDP,flow,dns,1924426304028603,,1,1,0,178,0,0.0,1,178,0,none,0,none,0,0,0,no_alert_unknown,no_alert_not_final_benign,-1,dns,app_proto+port
2025-07-19T23:02:47.095625+0700,103.195.142.2,192.221.146.135,53,65378,UDP,flow,failed,1760044959301572,,1,1,0,199,0,0.0,1,199,0,none,0,none,0,0,0,no_alert_unknown,no_alert_not_final_benign,-1,dns,port
2025-07-19T23:02:47.095674+0700,103.195.142.2,172.70.116.71,53,16847,UDP,flow,failed,1547769309200339,,1,1,0,180,0,0.0,1,180,0,none,0,none,0,0,0,no_alert_unknown,no_alert_not_final_benign,-1,dns,port
2025-07-19T23:02:47.095718+0700,103.195.142.83,87.98.154.119,53,58333,UDP,flow,failed,2118571276468429,,1,1,0,1190,0,0.0,1,1190,0,none,0,none,0,0,0,no_alert_unknown,no_alert_not_final_benign,-1,dns,port
2025-07-19T23:02:47.095740+0700,103.195.142.109,87.98.154.225,53,55859,UDP,flow,failed,1564783466545359,,1,1,0,1437,0,0.0,1,1437,0,none,0,none,0,0,0,no_alert_unknown,no_alert_not_final_benign,-1,dns,port
2025-07-19T23:02:47.095777+0700,103.195.142.165,87.98.154.213,53,46752,UDP,flow,failed,1500770987442419,,1,1,0,1437,0,0.0,1,1437,0,none,0,none,0,0,0,no_alert_unknown,no_alert_not_final_benign,-1,dns,port
2025-07-19T23:02:47.095853+0700,103.195.142.76,87.98.154.118,53,34411,UDP,flow,failed,1558674091442669,,1,1,0,1469,0,0.0,1,1469,0,none,0,none,0,0,0,no_alert_unknown,no_alert_not_final_benign,-1,dns,port
2025-07-19T23:02:47.095955+0700,103.195.142.165,87.98.154.119,53,30704,UDP,flow,failed,2068258165195493,,1,1,0,1437,0,0.0,1,1437,0,none,0,none,0,0,0,no_alert_unknown,no_alert_not_final_benign,-1,dns,port
2025-07-19T23:02:47.096020+0700,103.195.142.195,87.98.154.119,53,47388,UDP,flow,failed,1849001069282369,,1,1,0,1437,0,0.0,1,1437,0,none,0,none,0,0,0,no_alert_unknown,no_alert_not_final_benign,-1,dns,port
2025-07-19T23:02:47.096053+0700,103.195.142.3,66.249.74.18,53,48252,UDP,flow,failed,1786829502252118,,1,1,0,163,0,0.0,1,163,0,none,0,none,0,0,0,no_alert_unknown,no_alert_not_final_benign,-1,dns,port
2025-07-19T23:02:47.096074+0700,103.195.142.195,87.98.154.100,53,39692,UDP,flow,failed,1345033492333923,,1,3,0,4311,0,10.0,3,4311,0,none,0,none,0,0,0,no_alert_unknown,no_alert_not_final_benign,-1,dns,port
2025-07-19T23:02:47.096136+0700,103.195.142.74,118.98.44.20,64113,53,UDP,flow,dns,2006695785039383,,1,1,0,80,0,0.0,1,80,0,none,0,none,0,0,0,no_alert_unknown,no_alert_not_final_benign,-1,dns,app_proto+port
2025-07-19T23:02:47.096175+0700,103.195.142.74,202.134.0.155,6812,53,UDP,flow,dns,1692610778138146,,1,1,0,214,0,0.0,1,214,0,none,0,none,0,0,0,no_alert_unknown,no_alert_not_final_benign,-1,dns,app_proto+port
2025-07-19T23:02:47.096300+0700,103.195.142.165,87.98.154.119,53,7381,UDP,flow,failed,2199440527820491,,1,1,0,1437,0,0.0,1,1437,0,none,0,none,0,0,0,no_alert_unknown,no_alert_not_final_benign,-1,dns,port
2025-07-19T23:02:47.096346+0700,103.195.142.3,172.70.116.71,53,34609,UDP,flow,failed,1834904599889745,,1,1,0,174,0,0.0,1,174,0,none,0,none,0,0,0,no_alert_unknown,no_alert_not_final_benign,-1,dns,port
2025-07-19T23:02:47.096396+0700,103.195.142.74,118.98.44.20,30378,53,UDP,flow,dns,1933177621743564,,1,1,0,214,0,0.0,1,214,0,none,0,none,0,0,0,no_alert_unknown,no_alert_not_final_benign,-1,dns,app_proto+port
2025-07-19T23:02:47.096485+0700,103.195.142.74,118.98.44.100,51611,53,UDP,flow,dns,2038455806036070,,1,1,0,214,0,0.0,1,214,0,none,0,none,0,0,0,no_alert_unknown,no_alert_not_final_benign,-1,dns,app_proto+port
2025-07-19T23:02:47.096512+0700,103.195.142.165,87.98.154.93,53,45897,UDP,flow,failed,1750025127561343,,1,1,0,1437,0,0.0,1,1437,0,none,0,none,0,0,0,no_alert_unknown,no_alert_not_final_benign,-1,dns,port
2025-07-19T23:02:47.096540+0700,103.195.142.74,118.98.44.100,41303,53,UDP,flow,dns,1818754584053920,,1,1,0,178,0,0.0,1,178,0,none,0,none,0,0,0,no_alert_unknown,no_alert_not_final_benign,-1,dns,app_proto+port
2025-07-19T23:02:47.096576+0700,103.195.142.76,87.98.154.117,53,45169,UDP,flow,failed,1748799015913678,,1,1,0,1469,0,0.0,1,1469,0,none,0,none,0,0,0,no_alert_unknown,no_alert_not_final_benign,-1,dns,port
2025-07-19T23:02:47.096613+0700,103.195.142.75,8.8.8.8,1526,53,UDP,flow,dns,1965145753094365,,1,1,0,68,0,0.0,1,68,0,none,0,none,0,0,0,no_alert_unknown,no_alert_not_final_benign,-1,dns,app_proto+port
2025-07-19T23:02:47.096650+0700,103.195.142.196,87.98.154.119,53,36143,UDP,flow,failed,2249250153728244,,1,1,0,1437,0,0.0,1,1437,0,none,0,none,0,0,0,no_alert_unknown,no_alert_not_final_benign,-1,dns,port
2025-07-19T23:02:47.096790+0700,103.195.142.76,87.98.154.146,53,17583,UDP,flow,failed,1590221531679046,,1,3,0,4407,0,10.0,3,4407,0,none,0,none,0,0,0,no_alert_unknown,no_alert_not_final_benign,-1,dns,port
2025-07-19T23:02:47.096832+0700,103.195.142.165,87.98.154.17,53,9039,UDP,flow,failed,1992743093963292,,1,1,0,1437,0,0.0,1,1437,0,none,0,none,0,0,0,no_alert_unknown,no_alert_not_final_benign,-1,dns,port
2025-07-19T23:02:47.096870+0700,103.195.142.74,202.134.0.155,30008,53,UDP,flow,dns,1853000786414118,,1,1,0,68,0,0.0,1,68,0,none,0,none,0,0,0,no_alert_unknown,no_alert_not_final_benign,-1,dns,app_proto+port
2025-07-19T23:02:47.096918+0700,103.195.142.109,87.98.154.119,53,34844,UDP,flow,failed,2059180265212484,,1,1,0,1437,0,0.0,1,1437,0,none,0,none,0,0,0,no_alert_unknown,no_alert_not_final_benign,-1,dns,port
2025-07-19T23:02:47.096968+0700,103.195.142.74,118.98.44.20,30750,53,UDP,flow,dns,2137577981643513,,1,1,0,102,0,0.0,1,102,0,none,0,none,0,0,0,no_alert_unknown,no_alert_not_final_benign,-1,dns,app_proto+port
2025-07-19T23:02:47.097074+0700,103.195.142.75,8.8.8.8,43380,53,UDP,flow,dns,2101052010498985,,1,1,0,184,0,0.0,1,184,0,none,0,none,0,0,0,no_alert_unknown,no_alert_not_final_benign,-1,dns,app_proto+port
2025-07-19T23:02:47.097106+0700,103.195.142.195,87.98.154.119,53,22639,UDP,flow,failed,1736407101115312,,1,1,0,1437,0,0.0,1,1437,0,none,0,none,0,0,0,no_alert_unknown,no_alert_not_final_benign,-1,dns,port
2025-07-19T23:02:47.097286+0700,103.195.142.74,118.98.44.20,23985,53,UDP,flow,dns,1948476754857007,,1,1,0,76,0,0.0,1,76,0,none,0,none,0,0,0,no_alert_unknown,no_alert_not_final_benign,-1,dns,app_proto+port
2025-07-19T23:02:47.097339+0700,103.195.142.165,87.98.154.65,53,63569,UDP,flow,failed,2034460863532217,,1,1,0,1437,0,0.0,1,1437,0,none,0,none,0,0,0,no_alert_unknown,no_alert_not_final_benign,-1,dns,port
2025-07-19T23:02:47.097411+0700,103.195.142.195,87.98.154.12,53,16802,UDP,flow,failed,1871521270566098,,1,1,0,1437,0,0.0,1,1437,0,none,0,none,0,0,0,no_alert_unknown,no_alert_not_final_benign,-1,dns,port
2025-07-19T23:02:47.097427+0700,103.195.142.74,202.134.0.155,12845,53,UDP,flow,dns,1772352041291124,,1,1,0,68,0,0.0,1,68,0,none,0,none,0,0,0,no_alert_unknown,no_alert_not_final_benign,-1,dns,app_proto+port
2025-07-19T23:02:47.097440+0700,103.195.142.109,87.98.154.225,53,60230,UDP,flow,failed,2089127554223508,,1,1,0,1437,0,0.0,1,1437,0,none,0,none,0,0,0,no_alert_unknown,no_alert_not_final_benign,-1,dns,port
2025-07-19T23:02:47.097477+0700,103.195.142.83,87.98.154.119,53,42540,UDP,flow,failed,1709859906031005,,1,1,0,1190,0,0.0,1,1190,0,none,0,none,0,0,0,no_alert_unknown,no_alert_not_final_benign,-1,dns,port
2025-07-19T23:02:47.097486+0700,103.195.142.195,87.98.154.119,53,9374,UDP,flow,failed,1874306237566375,,1,1,0,1437,0,0.0,1,1437,0,none,0,none,0,0,0,no_alert_unknown,no_alert_not_final_benign,-1,dns,port
2025-07-19T23:02:47.097503+0700,103.195.142.74,118.98.44.20,28567,53,UDP,flow,dns,1951118860520986,,1,1,0,68,0,0.0,1,68,0,none,0,none,0,0,0,no_alert_unknown,no_alert_not_final_benign,-1,dns,app_proto+port
2025-07-19T23:02:47.097514+0700,103.195.142.83,87.98.154.119,53,55576,UDP,flow,failed,2167383727050366,,1,1,0,1190,0,0.0,1,1190,0,none,0,none,0,0,0,no_alert_unknown,no_alert_not_final_benign,-1,dns,port
2025-07-19T23:02:47.097523+0700,103.195.142.46,87.98.154.119,53,54259,UDP,flow,failed,1829811854610365,,1,1,0,1437,0,0.0,1,1437,0,none,0,none,0,0,0,no_alert_unknown,no_alert_not_final_benign,-1,dns,port
2025-07-19T23:02:47.097553+0700,103.195.142.75,8.8.8.8,31785,53,UDP,flow,dns,1695334401348006,,1,1,0,95,0,0.0,1,95,0,none,0,none,0,0,0,no_alert_unknown,no_alert_not_final_benign,-1,dns,app_proto+port
2025-07-19T23:02:47.097581+0700,103.195.142.2,162.158.161.140,53,59484,UDP,flow,failed,1807877986423384,,1,1,0,143,0,0.0,1,143,0,none,0,none,0,0,0,no_alert_unknown,no_alert_not_final_benign,-1,dns,port
2025-07-19T23:02:47.097592+0700,103.195.142.75,8.8.8.8,10907,53,UDP,flow,dns,1815452529824669,,1,1,0,101,0,0.0,1,101,0,none,0,none,0,0,0,no_alert_unknown,no_alert_not_final_benign,-1,dns,app_proto+port
2025-07-19T23:02:47.097606+0700,103.195.142.2,180.241.110.251,53,14822,UDP,flow,failed,1736064538350699,,1,1,0,129,0,0.0,1,129,0,none,0,none,0,0,0,no_alert_unknown,no_alert_not_final_benign,-1,dns,port
2025-07-19T23:02:47.097648+0700,103.195.142.165,87.98.154.119,53,30701,UDP,flow,failed,2042185994114471,,1,1,0,1437,0,0.0,1,1437,0,none,0,none,0,0,0,no_alert_unknown,no_alert_not_final_benign,-1,dns,port
2025-07-19T23:02:47.097666+0700,103.195.142.46,87.98.154.119,53,61145,UDP,flow,failed,2106114827654649,,1,1,0,1437,0,0.0,1,1437,0,none,0,none,0,0,0,no_alert_unknown,no_alert_not_final_benign,-1,dns,port
2025-07-19T23:02:47.097673+0700,103.195.142.195,87.98.154.116,53,55735,UDP,flow,failed,1924056465774225,,1,1,0,1437,0,0.0,1,1437,0,none,0,none,0,0,0,no_alert_unknown,no_alert_not_final_benign,-1,dns,port
2025-07-19T23:02:47.097681+0700,103.195.142.165,87.98.154.157,53,39215,UDP,flow,failed,2093647103497943,,1,1,0,1437,0,0.0,1,1437,0,none,0,none,0,0,0,no_alert_unknown,no_alert_not_final_benign,-1,dns,port
2025-07-19T23:02:47.097692+0700,103.195.142.196,87.98.154.229,53,35527,UDP,flow,failed,2139507241424625,,1,1,0,1437,0,0.0,1,1437,0,none,0,none,0,0,0,no_alert_unknown,no_alert_not_final_benign,-1,dns,port
2025-07-19T23:02:47.097700+0700,103.195.142.195,87.98.154.119,53,20485,UDP,flow,failed,2161604218820354,,1,1,0,1437,0,0.0,1,1437,0,none,0,none,0,0,0,no_alert_unknown,no_alert_not_final_benign,-1,dns,port
2025-07-19T23:02:47.097708+0700,103.195.142.74,118.98.44.20,19078,53,UDP,flow,dns,2065761432409887,,1,1,0,87,0,0.0,1,87,0,none,0,none,0,0,0,no_alert_unknown,no_alert_not_final_benign,-1,dns,app_proto+port
2025-07-19T23:02:47.097717+0700,103.195.142.195,87.98.154.119,53,24287,UDP,flow,failed,85084557973370,,1,1,0,1437,0,0.0,1,1437,0,none,0,none,0,0,0,no_alert_unknown,no_alert_not_final_benign,-1,dns,port
2025-07-19T23:02:47.097725+0700,103.195.142.195,87.98.154.119,53,31751,UDP,flow,failed,1828797234517936,,1,1,0,1437,0,0.0,1,1437,0,none,0,none,0,0,0,no_alert_unknown,no_alert_not_final_benign,-1,dns,port
2025-07-19T23:02:47.116423+0700,103.195.142.74,50.28.32.153,12521,53,UDP,dns,,2188886713343243,wire/pcap,0,0,0,0,0,0.0,0,0,0,none,0,none,0,0,0,no_alert_unknown,no_alert_not_final_benign,-1,dns,port
2025-07-19T23:02:47.117680+0700,103.195.142.74,118.98.44.20,44021,53,UDP,dns,,2194283849642806,wire/pcap,0,0,0,0,0,0.0,0,0,0,none,0,none,0,0,0,no_alert_unknown,no_alert_not_final_benign,-1,dns,port
2025-07-19T23:02:47.128764+0700,103.195.142.74,118.98.44.50,57595,53,UDP,dns,,2241888773403957,wire/pcap,0,0,0,0,0,0.0,0,0,0,none,0,none,0,0,0,no_alert_unknown,no_alert_not_final_benign,-1,dns,port
2025-07-19T23:02:47.154401+0700,103.195.142.75,8.8.8.8,45392,53,UDP,dns,,2070525704448493,wire/pcap,0,0,0,0,0,0.0,0,0,0,none,0,none,0,0,0,no_alert_unknown,no_alert_not_final_benign,-1,dns,port
2025-07-19T23:02:47.166904+0700,103.195.142.74,118.98.44.20,4184,53,UDP,dns,,2124223420294430,wire/pcap,0,0,0,0,0,0.0,0,0,0,none,0,none,0,0,0,no_alert_unknown,no_alert_not_final_benign,-1,dns,port
2025-07-19T23:02:47.167014+0700,103.195.142.74,118.98.44.100,59398,53,UDP,dns,,2124697692503580,wire/pcap,0,0,0,0,0,0.0,0,0,0,none,0,none,0,0,0,no_alert_unknown,no_alert_not_final_benign,-1,dns,port
2025-07-19T23:02:47.167061+0700,103.195.142.75,8.8.8.8,24132,53,UDP,dns,,2124896900479745,wire/pcap,0,0,0,0,0,0.0,0,0,0,none,0,none,0,0,0,no_alert_unknown,no_alert_not_final_benign,-1,dns,port
2025-07-19T23:02:47.180409+0700,103.195.142.74,202.134.0.155,32187,53,UDP,dns,,2182229673759868,wire/pcap,0,0,0,0,0,0.0,0,0,0,none,0,none,0,0,0,no_alert_unknown,no_alert_not_final_benign,-1,dns,port
2025-07-19T23:02:47.200451+0700,103.195.142.74,118.98.44.50,43123,53,UDP,dns,,1986831441970802,wire/pcap,0,0,0,0,0,0.0,0,0,0,none,0,none,0,0,0,no_alert_unknown,no_alert_not_final_benign,-1,dns,port
2025-07-19T23:02:47.200534+0700,103.195.142.74,118.98.44.20,62216,53,UDP,dns,,1987188081314179,wire/pcap,0,0,0,0,0,0.0,0,0,0,none,0,none,0,0,0,no_alert_unknown,no_alert_not_final_benign,-1,dns,port
2025-07-19T23:02:47.220630+0700,103.195.142.74,118.98.44.100,23409,53,UDP,dns,,2073499559118848,wire/pcap,0,0,0,0,0,0.0,0,0,0,none,0,none,0,0,0,no_alert_unknown,no_alert_not_final_benign,-1,dns,port
2025-07-19T23:02:47.228507+0700,103.195.142.75,8.8.8.8,63995,53,UDP,dns,,2107333107252441,wire/pcap,0,0,0,0,0,0.0,0,0,0,none,0,none,0,0,0,no_alert_unknown,no_alert_not_final_benign,-1,dns,port
2025-07-19T23:02:47.251363+0700,103.195.142.74,118.98.44.20,27047,53,UDP,dns,,2205498977813484,wire/pcap,0,0,0,0,0,0.0,0,0,0,none,0,none,0,0,0,no_alert_unknown,no_alert_not_final_benign,-1,dns,port
2025-07-19T23:02:47.252238+0700,103.195.142.74,118.98.44.50,25061,53,UDP,dns,,2209254595586256,wire/pcap,0,0,0,0,0,0.0,0,0,0,none,0,none,0,0,0,no_alert_unknown,no_alert_not_final_benign,-1,dns,port
2025-07-19T23:02:47.259266+0700,103.195.142.74,118.98.44.100,20011,53,UDP,dns,,2239442808844064,wire/pcap,0,0,0,0,0,0.0,0,0,0,none,0,none,0,0,0,no_alert_unknown,no_alert_not_final_benign,-1,dns,port
2025-07-19T23:02:47.298823+0700,103.195.142.74,202.134.0.155,35325,53,UDP,dns,,2127863787652637,wire/pcap,0,0,0,0,0,0.0,0,0,0,none,0,none,0,0,0,no_alert_unknown,no_alert_not_final_benign,-1,dns,port
2025-07-19T23:02:47.302988+0700,103.195.142.74,202.134.0.155,32741,53,UDP,dns,,2145749097190524,wire/pcap,0,0,0,0,0,0.0,0,0,0,none,0,none,0,0,0,no_alert_unknown,no_alert_not_final_benign,-1,dns,port
2025-07-19T23:02:47.325503+0700,103.195.142.74,202.134.0.155,39874,53,UDP,flow,dns,278348461530333,,1,1,0,250,0,0.0,1,250,0,none,0,none,0,0,0,no_alert_unknown,no_alert_not_final_benign,-1,dns,app_proto+port
2025-07-19T23:02:47.345728+0700,103.195.142.75,8.8.8.8,18847,53,UDP,dns,,2047841059057162,wire/pcap,0,0,0,0,0,0.0,0,0,0,none,0,none,0,0,0,no_alert_unknown,no_alert_not_final_benign,-1,dns,port
2025-07-19T23:02:47.349893+0700,103.195.142.195,87.98.154.60,53,32170,UDP,flow,failed,261309764045110,,1,1,0,1437,0,0.0,1,1437,0,none,0,none,0,0,0,no_alert_unknown,no_alert_not_final_benign,-1,dns,port
2025-07-19T23:02:47.350637+0700,103.195.142.108,8.8.8.8,31220,53,UDP,dns,,2068924709274136,wire/pcap,0,0,0,0,0,0.0,0,0,0,none,0,none,0,0,0,no_alert_unknown,no_alert_not_final_benign,-1,dns,port
2025-07-19T23:02:47.355200+0700,103.195.142.74,118.98.44.50,61112,53,UDP,dns,,2088524829777001,wire/pcap,0,0,0,0,0,0.0,0,0,0,none,0,none,0,0,0,no_alert_unknown,no_alert_not_final_benign,-1,dns,port
2025-07-19T23:02:47.375355+0700,103.195.142.74,118.98.44.20,17092,53,UDP,dns,,2175090216530328,wire/pcap,0,0,0,0,0,0.0,0,0,0,none,0,none,0,0,0,no_alert_unknown,no_alert_not_final_benign,-1,dns,port
2025-07-19T23:02:47.423659+0700,103.195.142.75,8.8.8.8,49976,53,UDP,dns,,2101078354108232,wire/pcap,0,0,0,0,0,0.0,0,0,0,none,0,none,0,0,0,no_alert_unknown,no_alert_not_final_benign,-1,dns,port
2025-07-19T23:02:47.452295+0700,103.195.142.74,118.98.44.100,27829,53,UDP,dns,,2224067768522659,wire/pcap,0,0,0,0,0,0.0,0,0,0,none,0,none,0,0,0,no_alert_unknown,no_alert_not_final_benign,-1,dns,port
2025-07-19T23:02:47.460628+0700,103.195.142.74,69.16.230.48,3553,53,UDP,dns,,1978384753095642,wire/pcap,0,0,0,0,0,0.0,0,0,0,none,0,none,0,0,0,no_alert_unknown,no_alert_not_final_benign,-1,dns,port
2025-07-19T23:02:47.503706+0700,103.195.142.74,202.134.0.155,50863,53,UDP,dns,,2163401720040691,wire/pcap,0,0,0,0,0,0.0,0,0,0,none,0,none,0,0,0,no_alert_unknown,no_alert_not_final_benign,-1,dns,port
2025-07-19T23:02:47.531134+0700,103.195.142.75,8.8.8.8,61651,53,UDP,dns,,1999729283299834,wire/pcap,0,0,0,0,0,0.0,0,0,0,none,0,none,0,0,0,no_alert_unknown,no_alert_not_final_benign,-1,dns,port
2025-07-19T23:02:47.553338+0700,103.195.142.74,202.134.0.155,62733,53,UDP,dns,,2095096736400883,wire/pcap,0,0,0,0,0,0.0,0,0,0,none,0,none,0,0,0,no_alert_unknown,no_alert_not_final_benign,-1,dns,port
2025-07-19T23:02:47.583519+0700,103.195.142.74,118.98.44.100,53337,53,UDP,dns,,2224722787834525,wire/pcap,0,0,0,0,0,0.0,0,0,0,none,0,none,0,0,0,no_alert_unknown,no_alert_not_final_benign,-1,dns,port
2025-07-19T23:02:47.583589+0700,103.195.142.75,8.8.8.8,50944,53,UDP,dns,,2225023806656207,wire/pcap,0,0,0,0,0,0.0,0,0,0,none,0,none,0,0,0,no_alert_unknown,no_alert_not_final_benign,-1,dns,port
2025-07-19T23:02:47.583871+0700,103.195.142.74,202.134.0.155,13476,53,UDP,dns,,2226232342712663,wire/pcap,0,0,0,0,0,0.0,0,0,0,none,0,none,0,0,0,no_alert_unknown,no_alert_not_final_benign,-1,dns,port
2025-07-19T23:02:47.602698+0700,103.195.142.74,118.98.44.100,30807,53,UDP,dns,,2025619472953305,wire/pcap,0,0,0,0,0,0.0,0,0,0,none,0,none,0,0,0,no_alert_unknown,no_alert_not_final_benign,-1,dns,port
2025-07-19T23:02:47.619599+0700,103.195.142.74,118.98.44.50,12571,53,UDP,dns,,2098207972636418,wire/pcap,0,0,0,0,0,0.0,0,0,0,none,0,none,0,0,0,no_alert_unknown,no_alert_not_final_benign,-1,dns,port
2025-07-19T23:02:47.657750+0700,103.195.142.74,202.134.0.155,56273,53,UDP,dns,,1980591319206073,wire/pcap,0,0,0,0,0,0.0,0,0,0,none,0,none,0,0,0,no_alert_unknown,no_alert_not_final_benign,-1,dns,port
2025-07-19T23:02:47.669058+0700,103.195.142.74,118.98.44.20,59391,53,UDP,dns,,2029158288794905,wire/pcap,0,0,0,0,0,0.0,0,0,0,none,0,none,0,0,0,no_alert_unknown,no_alert_not_final_benign,-1,dns,port
2025-07-19T23:02:47.674349+0700,103.195.142.74,118.98.44.100,6286,53,UDP,dns,,2051885201659153,wire/pcap,0,0,0,0,0,0.0,0,0,0,none,0,none,0,0,0,no_alert_unknown,no_alert_not_final_benign,-1,dns,port
2025-07-19T23:02:47.675478+0700,103.195.142.74,118.98.44.50,6320,53,UDP,dns,,2056732340584958,wire/pcap,0,0,0,0,0,0.0,0,0,0,none,0,none,0,0,0,no_alert_unknown,no_alert_not_final_benign,-1,dns,port
2025-07-19T23:02:47.675587+0700,103.195.142.74,118.98.44.50,3078,53,UDP,dns,,2057200071318235,wire/pcap,0,0,0,0,0,0.0,0,0,0,none,0,none,0,0,0,no_alert_unknown,no_alert_not_final_benign,-1,dns,port
2025-07-19T23:02:47.686852+0700,103.195.142.75,8.8.8.8,18109,53,UDP,dns,,2105583334263070,wire/pcap,0,0,0,0,0,0.0,0,0,0,none,0,none,0,0,0,no_alert_unknown,no_alert_not_final_benign,-1,dns,port
2025-07-19T23:02:47.696441+0700,103.195.142.74,118.98.44.100,42730,53,UDP,dns,,2146768798868554,wire/pcap,0,0,0,0,0,0.0,0,0,0,none,0,none,0,0,0,no_alert_unknown,no_alert_not_final_benign,-1,dns,port
2025-07-19T23:02:47.696555+0700,103.195.142.74,118.98.44.20,52558,53,UDP,dns,,2147259362830236,wire/pcap,0,0,0,0,0,0.0,0,0,0,none,0,none,0,0,0,no_alert_unknown,no_alert_not_final_benign,-1,dns,port
2025-07-19T23:02:47.706468+0700,103.195.142.74,118.98.44.100,45319,53,UDP,dns,,2189832633354126,wire/pcap,0,0,0,0,0,0.0,0,0,0,none,0,none,0,0,0,no_alert_unknown,no_alert_not_final_benign,-1,dns,port
2025-07-19T23:02:47.710644+0700,103.195.142.74,202.134.0.155,63132,53,UDP,dns,,2207768296185154,wire/pcap,0,0,0,0,0,0.0,0,0,0,none,0,none,0,0,0,no_alert_unknown,no_alert_not_final_benign,-1,dns,port
2025-07-19T23:02:47.711026+0700,103.195.142.74,118.98.44.100,11529,53,UDP,dns,,2209411767626424,wire/pcap,0,0,0,0,0,0.0,0,0,0,none,0,none,0,0,0,no_alert_unknown,no_alert_not_final_benign,-1,dns,port
2025-07-19T23:02:47.714304+0700,103.195.142.74,118.98.44.100,11374,53,UDP,dns,,2223491385031670,wire/pcap,0,0,0,0,0,0.0,0,0,0,none,0,none,0,0,0,no_alert_unknown,no_alert_not_final_benign,-1,dns,port
2025-07-19T23:02:47.718755+0700,103.195.142.74,118.98.44.50,40777,53,UDP,dns,,2242607962976509,wire/pcap,0,0,0,0,0,0.0,0,0,0,none,0,none,0,0,0,no_alert_unknown,no_alert_not_final_benign,-1,dns,port
2025-07-19T23:02:47.734854+0700,103.195.142.74,202.134.0.155,4289,53,UDP,dns,,2030274688065734,wire/pcap,0,0,0,0,0,0.0,0,0,0,none,0,none,0,0,0,no_alert_unknown,no_alert_not_final_benign,-1,dns,port
2025-07-19T23:02:47.735959+0700,103.195.142.74,118.98.44.20,40562,53,UDP,dns,,2035021093927723,wire/pcap,0,0,0,0,0,0.0,0,0,0,none,0,none,0,0,0,no_alert_unknown,no_alert_not_final_benign,-1,dns,port
2025-07-19T23:02:47.760160+0700,103.195.142.74,118.98.44.50,39098,53,UDP,dns,,2138965747375894,wire/pcap,0,0,0,0,0,0.0,0,0,0,none,0,none,0,0,0,no_alert_unknown,no_alert_not_final_benign,-1,dns,port
2025-07-19T23:02:47.761443+0700,103.195.142.74,202.134.0.155,16100,53,UDP,dns,,2144473842691140,wire/pcap,0,0,0,0,0,0.0,0,0,0,none,0,none,0,0,0,no_alert_unknown,no_alert_not_final_benign,-1,dns,port
2025-07-19T23:02:47.764583+0700,103.195.142.46,87.98.154.107,53,53233,UDP,flow,failed,2204519141082735,,1,1,0,1437,0,0.0,1,1437,0,none,0,none,0,0,0,no_alert_unknown,no_alert_not_final_benign,-1,dns,port
2025-07-19T23:02:47.774813+0700,103.195.142.74,118.98.44.20,8164,53,UDP,dns,,2201898632338251,wire/pcap,0,0,0,0,0,0.0,0,0,0,none,0,none,0,0,0,no_alert_unknown,no_alert_not_final_benign,-1,dns,port
2025-07-19T23:02:47.774913+0700,103.195.142.74,118.98.44.20,15157,53,UDP,dns,,2202327817752757,wire/pcap,0,0,0,0,0,0.0,0,0,0,none,0,none,0,0,0,no_alert_unknown,no_alert_not_final_benign,-1,dns,port
2025-07-19T23:02:47.777726+0700,103.195.142.74,118.98.44.20,65395,53,UDP,dns,,2214410418492485,wire/pcap,0,0,0,0,0,0.0,0,0,0,none,0,none,0,0,0,no_alert_unknown,no_alert_not_final_benign,-1,dns,port
2025-07-19T23:02:47.784325+0700,103.195.142.75,8.8.8.8,52228,53,UDP,dns,,2242751346246115,wire/pcap,0,0,0,0,0,0.0,0,0,0,none,0,none,0,0,0,no_alert_unknown,no_alert_not_final_benign,-1,dns,port
2025-07-19T23:02:47.797276+0700,103.195.142.75,8.8.8.8,4299,53,UDP,dns,,2016901504676992,wire/pcap,0,0,0,0,0,0.0,0,0,0,none,0,none,0,0,0,no_alert_unknown,no_alert_not_final_benign,-1,dns,port
2025-07-19T23:02:47.799032+0700,103.195.142.75,8.8.8.8,27392,53,UDP,dns,,2024443753644378,wire/pcap,0,0,0,0,0,0.0,0,0,0,none,0,none,0,0,0,no_alert_unknown,no_alert_not_final_benign,-1,dns,port
2025-07-19T23:02:47.824031+0700,103.195.142.74,202.134.0.155,24721,53,UDP,dns,,2131814845036656,wire/pcap,0,0,0,0,0,0.0,0,0,0,none,0,none,0,0,0,no_alert_unknown,no_alert_not_final_benign,-1,dns,port
2025-07-19T23:02:47.836214+0700,103.195.142.74,118.98.44.20,2312,53,UDP,dns,,2184140647293297,wire/pcap,0,0,0,0,0,0.0,0,0,0,none,0,none,0,0,0,no_alert_unknown,no_alert_not_final_benign,-1,dns,port
2025-07-19T23:02:47.844205+0700,103.195.142.75,8.8.8.8,63207,53,UDP,dns,,2218460612356611,wire/pcap,0,0,0,0,0,0.0,0,0,0,none,0,none,0,0,0,no_alert_unknown,no_alert_not_final_benign,-1,dns,port
2025-07-19T23:02:47.844442+0700,103.195.142.74,118.98.44.50,22962,53,UDP,dns,,2219476049607119,wire/pcap,0,0,0,0,0,0.0,0,0,0,none,0,none,0,0,0,no_alert_unknown,no_alert_not_final_benign,-1,dns,port
2025-07-19T23:02:47.859020+0700,103.195.142.74,118.98.44.100,22632,53,UDP,dns,,2000613363518057,wire/pcap,0,0,0,0,0,0.0,0,0,0,none,0,none,0,0,0,no_alert_unknown,no_alert_not_final_benign,-1,dns,port
2025-07-19T23:02:47.861964+0700,103.195.142.74,118.98.44.20,6755,53,UDP,dns,,2013261241669034,wire/pcap,0,0,0,0,0,0.0,0,0,0,none,0,none,0,0,0,no_alert_unknown,no_alert_not_final_benign,-1,dns,port
2025-07-19T23:02:47.880695+0700,103.195.142.74,69.16.230.48,22493,53,UDP,dns,,2093708039039520,wire/pcap,0,0,0,0,0,0.0,0,0,0,none,0,none,0,0,0,no_alert_unknown,no_alert_not_final_benign,-1,dns,port
2025-07-19T23:02:47.884906+0700,103.195.142.31,8.8.8.8,16312,53,UDP,dns,,2111794600617510,wire/pcap,0,0,0,0,0,0.0,0,0,0,none,0,none,0,0,0,no_alert_unknown,no_alert_not_final_benign,-1,dns,port
2025-07-19T23:02:47.913068+0700,103.195.142.75,8.8.8.8,12736,53,UDP,dns,,2232747880695457,wire/pcap,0,0,0,0,0,0.0,0,0,0,none,0,none,0,0,0,no_alert_unknown,no_alert_not_final_benign,-1,dns,port
2025-07-19T23:02:47.913205+0700,103.195.142.108,8.8.8.8,1900,53,UDP,dns,,1216074754602613,wire/pcap,0,0,0,0,0,0.0,0,0,0,none,0,none,0,0,0,no_alert_unknown,no_alert_not_final_benign,-1,dns,port
2025-07-19T23:02:47.913198+0700,103.195.142.74,202.134.0.155,16518,53,UDP,dns,,2233307448978453,wire/pcap,0,0,0,0,0,0.0,0,0,0,none,0,none,0,0,0,no_alert_unknown,no_alert_not_final_benign,-1,dns,port
2025-07-19T23:02:47.935974+0700,103.195.142.74,118.98.44.20,15182,53,UDP,dns,,2049655582217641,wire/pcap,0,0,0,0,0,0.0,0,0,0,none,0,none,0,0,0,no_alert_unknown,no_alert_not_final_benign,-1,dns,port
2025-07-19T23:02:47.943803+0700,103.195.142.74,118.98.44.20,55215,53,UDP,dns,,2083280600728339,wire/pcap,0,0,0,0,0,0.0,0,0,0,none,0,none,0,0,0,no_alert_unknown,no_alert_not_final_benign,-1,dns,port
2025-07-19T23:02:47.945581+0700,103.195.142.74,202.134.0.155,10623,53,UDP,dns,,2090915299787361,wire/pcap,0,0,0,0,0,0.0,0,0,0,none,0,none,0,0,0,no_alert_unknown,no_alert_not_final_benign,-1,dns,port
2025-07-19T23:02:47.958827+0700,103.195.142.74,118.98.44.100,57929,53,UDP,dns,,2147808238672572,wire/pcap,0,0,0,0,0,0.0,0,0,0,none,0,none,0,0,0,no_alert_unknown,no_alert_not_final_benign,-1,dns,port
2025-07-19T23:02:47.958875+0700,103.195.142.74,118.98.44.100,30252,53,UDP,dns,,2148013745177403,wire/pcap,0,0,0,0,0,0.0,0,0,0,none,0,none,0,0,0,no_alert_unknown,no_alert_not_final_benign,-1,dns,port
2025-07-19T23:02:47.968297+0700,103.195.142.74,118.98.44.50,39587,53,UDP,dns,,2188482806544249,wire/pcap,0,0,0,0,0,0.0,0,0,0,none,0,none,0,0,0,no_alert_unknown,no_alert_not_final_benign,-1,dns,port
2025-07-19T23:02:47.971134+0700,103.195.142.74,118.98.44.50,11050,53,UDP,dns,,2200668163467819,wire/pcap,0,0,0,0,0,0.0,0,0,0,none,0,none,0,0,0,no_alert_unknown,no_alert_not_final_benign,-1,dns,port
2025-07-19T23:02:47.988820+0700,103.195.142.74,118.98.44.50,10677,53,UDP,dns,,1995149827074930,wire/pcap,0,0,0,0,0,0.0,0,0,0,none,0,none,0,0,0,no_alert_unknown,no_alert_not_final_benign,-1,dns,port
2025-07-19T23:02:47.988925+0700,103.195.142.74,118.98.44.20,32988,53,UDP,dns,,1995601714412304,wire/pcap,0,0,0,0,0,0.0,0,0,0,none,0,none,0,0,0,no_alert_unknown,no_alert_not_final_benign,-1,dns,port
2025-07-19T23:02:48.004203+0700,103.195.142.75,8.8.8.8,35580,53,UDP,flow,dns,305573836068863,,1,1,0,214,0,0.0,1,214,0,none,0,none,0,0,0,no_alert_unknown,no_alert_not_final_benign,-1,dns,app_proto+port
2025-07-19T23:02:48.048724+0700,103.195.142.74,118.98.44.100,28517,53,UDP,dns,,209268215960222,wire/pcap,0,0,0,0,0,0.0,0,0,0,none,0,none,0,0,0,no_alert_unknown,no_alert_not_final_benign,-1,dns,port
2025-07-19T23:02:48.052333+0700,103.195.142.74,118.98.44.50,17201,53,UDP,dns,,224771483504195,wire/pcap,0,0,0,0,0,0.0,0,0,0,none,0,none,0,0,0,no_alert_unknown,no_alert_not_final_benign,-1,dns,port
2025-07-19T23:02:48.058421+0700,103.195.142.75,8.8.8.8,55840,53,UDP,dns,,250918380549882,wire/pcap,0,0,0,0,0,0.0,0,0,0,none,0,none,0,0,0,no_alert_unknown,no_alert_not_final_benign,-1,dns,port
2025-07-19T23:02:48.058554+0700,103.195.142.83,87.98.154.142,53,31756,UDP,flow,failed,367902906234618,,1,1,0,1190,0,0.0,1,1190,0,none,0,none,0,0,0,no_alert_unknown,no_alert_not_final_benign,-1,dns,port
2025-07-19T23:02:48.072236+0700,103.195.142.74,118.98.44.50,12499,53,UDP,flow,dns,2227924408965315,,1,1,0,196,0,0.0,1,196,0,none,0,none,0,0,0,no_alert_unknown,no_alert_not_final_benign,-1,dns,app_proto+port
2025-07-19T23:02:48.072381+0700,103.195.142.196,87.98.154.119,53,9484,UDP,flow,failed,1891191221230446,,1,1,0,1437,0,0.0,1,1437,0,none,0,none,0,0,0,no_alert_unknown,no_alert_not_final_benign,-1,dns,port
2025-07-19T23:02:48.072484+0700,103.195.142.196,87.98.154.119,53,36218,UDP,flow,failed,1766623111977909,,1,1,0,1437,0,0.0,1,1437,0,none,0,none,0,0,0,no_alert_unknown,no_alert_not_final_benign,-1,dns,port
2025-07-19T23:02:48.072615+0700,103.195.142.74,118.98.44.100,26031,53,UDP,flow,dns,2042296526609394,,1,1,0,84,0,0.0,1,84,0,none,0,none,0,0,0,no_alert_unknown,no_alert_not_final_benign,-1,dns,app_proto+port
2025-07-19T23:02:48.072642+0700,103.195.142.76,87.98.154.118,53,16269,UDP,flow,failed,1697314216188978,,1,1,0,1469,0,0.0,1,1469,0,none,0,none,0,0,0,no_alert_unknown,no_alert_not_final_benign,-1,dns,port
2025-07-19T23:02:48.072714+0700,103.195.142.74,118.98.44.50,58710,53,UDP,flow,dns,158926295244131,,1,1,0,130,0,0.0,1,130,0,none,0,none,0,0,0,no_alert_unknown,no_alert_not_final_benign,-1,dns,app_proto+port
2025-07-19T23:02:48.072735+0700,103.195.142.109,87.98.154.113,53,43346,UDP,flow,failed,63102382349774,,1,1,0,1437,0,0.0,1,1437,0,none,0,none,0,0,0,no_alert_unknown,no_alert_not_final_benign,-1,dns,port
2025-07-19T23:02:48.072755+0700,103.195.142.3,172.217.34.30,53,55746,UDP,flow,failed,5757833747932,,1,1,0,202,0,0.0,1,202,0,none,0,none,0,0,0,no_alert_unknown,no_alert_not_final_benign,-1,dns,port
2025-07-19T23:02:48.072774+0700,103.195.142.109,87.98.154.118,53,4622,UDP,flow,failed,179464929320489,,1,1,0,1437,0,0.0,1,1437,0,none,0,none,0,0,0,no_alert_unknown,no_alert_not_final_benign,-1,dns,port
2025-07-19T23:02:48.072793+0700,103.195.142.165,87.98.154.118,53,63730,UDP,flow,failed,1721118394195506,,1,1,0,1437,0,0.0,1,1437,0,none,0,none,0,0,0,no_alert_unknown,no_alert_not_final_benign,-1,dns,port
2025-07-19T23:02:48.072812+0700,103.195.142.196,87.98.154.181,53,30337,UDP,flow,failed,1849398683803223,,1,3,0,4311,0,10.0,3,4311,0,none,0,none,0,0,0,no_alert_unknown,no_alert_not_final_benign,-1,dns,port
2025-07-19T23:02:48.072869+0700,103.195.142.46,87.98.154.171,53,49998,UDP,flow,failed,95939890552461,,1,1,0,1437,0,0.0,1,1437,0,none,0,none,0,0,0,no_alert_unknown,no_alert_not_final_benign,-1,dns,port
2025-07-19T23:02:48.072898+0700,103.195.142.75,185.67.45.231,55273,53,UDP,flow,dns,8042885783223,,1,1,0,85,0,0.0,1,85,0,none,0,none,0,0,0,no_alert_unknown,no_alert_not_final_benign,-1,dns,app_proto+port
2025-07-19T23:02:48.072918+0700,103.195.142.195,87.98.154.117,53,25795,UDP,flow,failed,1714381326622409,,1,1,0,1437,0,0.0,1,1437,0,none,0,none,0,0,0,no_alert_unknown,no_alert_not_final_benign,-1,dns,port
2025-07-19T23:02:48.073005+0700,103.195.142.196,87.98.154.9,53,54077,UDP,flow,failed,157701399027780,,1,1,0,1437,0,0.0,1,1437,0,none,0,none,0,0,0,no_alert_unknown,no_alert_not_final_benign,-1,dns,port
2025-07-19T23:02:48.073040+0700,103.195.142.75,8.8.8.8,33248,53,UDP,flow,dns,1748226251989132,,1,1,0,196,0,0.0,1,196,0,none,0,none,0,0,0,no_alert_unknown,no_alert_not_final_benign,-1,dns,app_proto+port
2025-07-19T23:02:48.073062+0700,103.195.142.2,173.252.107.135,53,59076,UDP,flow,failed,1577324039938378,,1,2,0,320,0,1.0,2,320,0,none,0,none,0,0,0,no_alert_unknown,no_alert_not_final_benign,-1,dns,port
2025-07-19T23:02:48.073081+0700,103.195.142.165,87.98.154.45,53,47745,UDP,flow,failed,1619506764816748,,1,3,0,4311,0,10.0,3,4311,0,none,0,none,0,0,0,no_alert_unknown,no_alert_not_final_benign,-1,dns,port
2025-07-19T23:02:48.073125+0700,103.195.142.83,87.98.154.118,53,29536,UDP,flow,failed,240661663031753,,1,1,0,1190,0,0.0,1,1190,0,none,0,none,0,0,0,no_alert_unknown,no_alert_not_final_benign,-1,dns,port
2025-07-19T23:02:48.073158+0700,103.195.142.74,34.8.38.57,58325,53,UDP,flow,dns,253564642173413,,1,1,0,207,0,0.0,1,207,0,none,0,none,0,0,0,no_alert_unknown,no_alert_not_final_benign,-1,dns,app_proto+port
2025-07-19T23:02:48.073183+0700,103.195.142.75,8.8.8.8,38465,53,UDP,flow,dns,1881063712072203,,1,1,0,220,0,0.0,1,220,0,none,0,none,0,0,0,no_alert_unknown,no_alert_not_final_benign,-1,dns,app_proto+port
2025-07-19T23:02:48.073334+0700,103.195.142.76,87.98.154.230,53,53821,UDP,flow,failed,2170606640341641,,1,1,0,1469,0,0.0,1,1469,0,none,0,none,0,0,0,no_alert_unknown,no_alert_not_final_benign,-1,dns,port
2025-07-19T23:02:48.073354+0700,103.195.142.195,87.98.154.118,53,29543,UDP,flow,failed,222466250744582,,1,1,0,1437,0,0.0,1,1437,0,none,0,none,0,0,0,no_alert_unknown,no_alert_not_final_benign,-1,dns,port
2025-07-19T23:02:48.073373+0700,103.195.142.109,87.98.154.197,53,7738,UDP,flow,failed,1864031421375397,,1,1,0,1437,0,0.0,1,1437,0,none,0,none,0,0,0,no_alert_unknown,no_alert_not_final_benign,-1,dns,port
2025-07-19T23:02:48.073392+0700,103.195.142.165,87.98.154.119,53,46921,UDP,flow,failed,1913991441196035,,1,1,0,1437,0,0.0,1,1437,0,none,0,none,0,0,0,no_alert_unknown,no_alert_not_final_benign,-1,dns,port
2025-07-19T23:02:48.073492+0700,103.195.142.74,118.98.44.100,61368,53,UDP,flow,dns,1863060522837284,,1,1,0,75,0,0.0,1,75,0,none,0,none,0,0,0,no_alert_unknown,no_alert_not_final_benign,-1,dns,app_proto+port
2025-07-19T23:02:48.073511+0700,103.195.142.196,87.98.154.119,53,9273,UDP,flow,failed,1788358329345401,,1,1,0,1437,0,0.0,1,1437,0,none,0,none,0,0,0,no_alert_unknown,no_alert_not_final_benign,-1,dns,port
2025-07-19T23:02:48.073554+0700,103.195.142.74,118.98.44.50,55683,53,UDP,flow,dns,2230651469473224,,1,1,0,73,0,0.0,1,73,0,none,0,none,0,0,0,no_alert_unknown,no_alert_not_final_benign,-1,dns,app_proto+port
2025-07-19T23:02:48.073602+0700,103.195.142.76,87.98.154.119,53,22965,UDP,flow,failed,64356536067635,,1,1,0,1469,0,0.0,1,1469,0,none,0,none,0,0,0,no_alert_unknown,no_alert_not_final_benign,-1,dns,port
2025-07-19T23:02:48.073783+0700,103.195.142.74,118.98.44.100,62226,53,UDP,flow,dns,1695840671017183,,1,1,0,87,0,0.0,1,87,0,none,0,none,0,0,0,no_alert_unknown,no_alert_not_final_benign,-1,dns,app_proto+port
2025-07-19T23:02:48.073842+0700,103.195.142.109,87.98.154.105,53,42535,UDP,flow,failed,1794099912288637,,1,1,0,1437,0,0.0,1,1437,0,none,0,none,0,0,0,no_alert_unknown,no_alert_not_final_benign,-1,dns,port
2025-07-19T23:02:48.073863+0700,103.195.142.74,202.134.0.155,17112,53,UDP,flow,dns,107023093836167,,1,1,0,148,0,0.0,1,148,0,none,0,none,0,0,0,no_alert_unknown,no_alert_not_final_benign,-1,dns,app_proto+port
2025-07-19T23:02:48.073915+0700,103.195.142.76,87.98.154.119,53,30223,UDP,flow,failed,197333318281685,,1,1,0,1469,0,0.0,1,1469,0,none,0,none,0,0,0,no_alert_unknown,no_alert_not_final_benign,-1,dns,port
2025-07-19T23:02:48.074026+0700,103.195.142.76,87.98.154.138,53,4483,UDP,flow,failed,262179349768844,,1,1,0,1469,0,0.0,1,1469,0,none,0,none,0,0,0,no_alert_unknown,no_alert_not_final_benign,-1,dns,port
2025-07-19T23:02:48.074065+0700,103.195.142.74,118.98.44.20,62589,53,UDP,flow,dns,383119570676364,,1,2,0,204,0,6.0,2,204,0,none,0,none,0,0,0,no_alert_unknown,no_alert_not_final_benign,-1,dns,app_proto+port
2025-07-19T23:02:48.074160+0700,103.195.142.109,87.98.154.119,53,56565,UDP,flow,failed,1690716940642989,,1,1,0,1437,0,0.0,1,1437,0,none,0,none,0,0,0,no_alert_unknown,no_alert_not_final_benign,-1,dns,port
2025-07-19T23:02:48.074344+0700,103.195.142.109,87.98.154.119,53,25447,UDP,flow,failed,174551239273443,,1,1,0,1437,0,0.0,1,1437,0,none,0,none,0,0,0,no_alert_unknown,no_alert_not_final_benign,-1,dns,port
2025-07-19T23:02:48.074394+0700,103.195.142.74,118.98.44.100,54480,53,UDP,flow,dns,2182405605403911,,1,1,0,214,0,0.0,1,214,0,none,0,none,0,0,0,no_alert_unknown,no_alert_not_final_benign,-1,dns,app_proto+port
2025-07-19T23:02:48.074441+0700,103.195.142.74,118.98.44.20,19295,53,UDP,flow,dns,2233495443582220,,1,1,0,80,0,0.0,1,80,0,none,0,none,0,0,0,no_alert_unknown,no_alert_not_final_benign,-1,dns,app_proto+port
2025-07-19T23:02:48.074462+0700,103.195.142.74,202.134.0.155,20507,53,UDP,flow,dns,175969289022747,,1,1,0,68,0,0.0,1,68,0,none,0,none,0,0,0,no_alert_unknown,no_alert_not_final_benign,-1,dns,app_proto+port
2025-07-19T23:02:48.074494+0700,103.195.142.76,87.98.154.174,53,30002,UDP,flow,failed,1495035780574516,,1,3,0,4407,0,9.0,3,4407,0,none,0,none,0,0,0,no_alert_unknown,no_alert_not_final_benign,-1,dns,port
2025-07-19T23:02:48.074535+0700,103.195.142.74,118.98.44.20,45149,53,UDP,flow,dns,2231716136267140,,1,1,0,97,0,0.0,1,97,0,none,0,none,0,0,0,no_alert_unknown,no_alert_not_final_benign,-1,dns,app_proto+port
2025-07-19T23:02:48.074555+0700,103.195.142.196,87.98.154.119,53,25331,UDP,flow,failed,177321583029688,,1,1,0,1437,0,0.0,1,1437,0,none,0,none,0,0,0,no_alert_unknown,no_alert_not_final_benign,-1,dns,port
2025-07-19T23:02:48.074575+0700,103.195.142.109,87.98.154.253,53,12060,UDP,flow,failed,1805826377362977,,1,1,0,1437,0,0.0,1,1437,0,none,0,none,0,0,0,no_alert_unknown,no_alert_not_final_benign,-1,dns,port
2025-07-19T23:02:48.074622+0700,103.195.142.76,87.98.154.2,53,12907,UDP,flow,failed,2104057882783340,,1,1,0,1469,0,0.0,1,1469,0,none,0,none,0,0,0,no_alert_unknown,no_alert_not_final_benign,-1,dns,port
2025-07-19T23:02:48.074640+0700,103.195.142.196,87.98.154.37,53,22982,UDP,flow,failed,2076450170253010,,1,1,0,1437,0,0.0,1,1437,0,none,0,none,0,0,0,no_alert_unknown,no_alert_not_final_benign,-1,dns,port
2025-07-19T23:02:48.074659+0700,103.195.142.2,13.105.68.220,53,6068,UDP,flow,failed,65032158621401,,1,1,0,181,0,0.0,1,181,0,none,0,none,0,0,0,no_alert_unknown,no_alert_not_final_benign,-1,dns,port
2025-07-19T23:02:48.074678+0700,103.195.142.46,87.98.154.87,53,53904,UDP,flow,failed,1741386281692903,,1,3,0,4311,0,9.0,3,4311,0,none,0,none,0,0,0,no_alert_unknown,no_alert_not_final_benign,-1,dns,port
2025-07-19T23:02:48.074696+0700,103.195.142.46,87.98.154.119,53,14269,UDP,flow,failed,203146450874106,,1,1,0,1437,0,0.0,1,1437,0,none,0,none,0,0,0,no_alert_unknown,no_alert_not_final_benign,-1,dns,port
2025-07-19T23:02:48.074741+0700,103.195.142.195,87.98.154.119,53,34879,UDP,flow,failed,1834086500904900,,1,1,0,1437,0,0.0,1,1437,0,none,0,none,0,0,0,no_alert_unknown,no_alert_not_final_benign,-1,dns,port
2025-07-19T23:02:48.074780+0700,103.195.142.74,118.98.44.50,49083,53,UDP,flow,dns,2039065230553071,,1,1,0,88,0,0.0,1,88,0,none,0,none,0,0,0,no_alert_unknown,no_alert_not_final_benign,-1,dns,app_proto+port
2025-07-19T23:02:48.074800+0700,103.195.142.46,87.98.154.119,53,31489,UDP,flow,failed,2136622341206002,,1,1,0,1437,0,0.0,1,1437,0,none,0,none,0,0,0,no_alert_unknown,no_alert_not_final_benign,-1,dns,port
2025-07-19T23:02:48.074818+0700,103.195.142.3,180.241.27.108,53,32990,UDP,flow,failed,2031096487063539,,1,1,0,132,0,0.0,1,132,0,none,0,none,0,0,0,no_alert_unknown,no_alert_not_final_benign,-1,dns,port
2025-07-19T23:02:48.074837+0700,103.195.142.165,87.98.154.129,53,56873,UDP,flow,failed,2201072345985025,,1,1,0,1437,0,0.0,1,1437,0,none,0,none,0,0,0,no_alert_unknown,no_alert_not_final_benign,-1,dns,port
2025-07-19T23:02:48.074855+0700,103.195.142.165,87.98.154.117,53,48895,UDP,flow,failed,1807512803586089,,1,1,0,1437,0,0.0,1,1437,0,none,0,none,0,0,0,no_alert_unknown,no_alert_not_final_benign,-1,dns,port
2025-07-19T23:02:48.074898+0700,103.195.142.74,216.38.8.121,57997,53,UDP,flow,dns,2233342883573916,,1,1,0,85,0,0.0,1,85,0,none,0,none,0,0,0,no_alert_unknown,no_alert_not_final_benign,-1,dns,app_proto+port
2025-07-19T23:02:48.074919+0700,103.195.142.109,87.98.154.119,53,7747,UDP,flow,failed,1817476801409182,,1,1,0,1437,0,0.0,1,1437,0,none,0,none,0,0,0,no_alert_unknown,no_alert_not_final_benign,-1,dns,port
2025-07-19T23:02:48.074953+0700,103.195.142.196,87.98.154.209,53,2254,UDP,flow,failed,1481770937528624,,1,3,0,4311,0,10.0,3,4311,0,none,0,none,0,0,0,no_alert_unknown,no_alert_not_final_benign,-1,dns,port
2025-07-19T23:02:48.074986+0700,103.195.142.109,87.98.154.1,53,19191,UDP,flow,failed,115619235017239,,1,1,0,1437,0,0.0,1,1437,0,none,0,none,0,0,0,no_alert_unknown,no_alert_not_final_benign,-1,dns,port
2025-07-19T23:02:48.075012+0700,103.195.142.75,8.8.8.8,61541,53,UDP,flow,dns,1940707155554851,,1,1,0,214,0,0.0,1,214,0,none,0,none,0,0,0,no_alert_unknown,no_alert_not_final_benign,-1,dns,app_proto+port
2025-07-19T23:02:48.075032+0700,103.195.142.109,87.98.154.29,53,25314,UDP,flow,failed,2067073871491708,,1,1,0,1437,0,0.0,1,1437,0,none,0,none,0,0,0,no_alert_unknown,no_alert_not_final_benign,-1,dns,port
2025-07-19T23:02:48.075052+0700,103.195.142.165,87.98.154.241,53,29848,UDP,flow,failed,1730549839999666,,1,1,0,1437,0,0.0,1,1437,0,none,0,none,0,0,0,no_alert_unknown,no_alert_not_final_benign,-1,dns,port
2025-07-19T23:02:48.075071+0700,103.195.142.74,208.91.112.55,7716,53,UDP,flow,dns,225681972310742,,1,1,0,99,0,0.0,1,99,0,none,0,none,0,0,0,no_alert_unknown,no_alert_not_final_benign,-1,dns,app_proto+port
2025-07-19T23:02:48.075214+0700,103.195.142.3,51.141.166.121,53,65375,UDP,flow,failed,4504099599434,,1,1,0,181,0,0.0,1,181,0,none,0,none,0,0,0,no_alert_unknown,no_alert_not_final_benign,-1,dns,port
2025-07-19T23:02:48.075236+0700,103.195.142.74,118.98.44.20,50140,53,UDP,flow,dns,278107408086191,,1,1,0,91,0,0.0,1,91,0,none,0,none,0,0,0,no_alert_unknown,no_alert_not_final_benign,-1,dns,app_proto+port
2025-07-19T23:02:48.075281+0700,103.195.142.3,13.105.68.211,53,49932,UDP,flow,failed,87770057258296,,1,1,0,181,0,0.0,1,181,0,none,0,none,0,0,0,no_alert_unknown,no_alert_not_final_benign,-1,dns,port
2025-07-19T23:02:48.075300+0700,103.195.142.76,87.98.154.30,53,63767,UDP,flow,failed,1759480560530764,,1,1,0,1469,0,0.0,1,1469,0,none,0,none,0,0,0,no_alert_unknown,no_alert_not_final_benign,-1,dns,port
2025-07-19T23:02:48.075363+0700,103.195.142.75,8.8.8.8,46663,53,UDP,flow,dns,758194750273106,,1,2,0,456,0,4.0,2,456,0,none,0,none,0,0,0,no_alert_unknown,no_alert_not_final_benign,-1,dns,app_proto+port
2025-07-19T23:02:48.075553+0700,103.195.142.109,87.98.154.119,53,61285,UDP,flow,failed,2134316661651168,,1,1,0,1437,0,0.0,1,1437,0,none,0,none,0,0,0,no_alert_unknown,no_alert_not_final_benign,-1,dns,port
2025-07-19T23:02:48.075640+0700,103.195.142.74,118.98.44.100,45909,53,UDP,flow,dns,1844263760082790,,1,1,0,80,0,0.0,1,80,0,none,0,none,0,0,0,no_alert_unknown,no_alert_not_final_benign,-1,dns,app_proto+port
2025-07-19T23:02:48.075680+0700,103.195.142.75,8.8.8.8,16769,53,UDP,flow,dns,1695633600001897,,1,1,0,130,0,0.0,1,130,0,none,0,none,0,0,0,no_alert_unknown,no_alert_not_final_benign,-1,dns,app_proto+port
2025-07-19T23:02:48.075720+0700,103.195.142.165,87.98.154.119,53,6947,UDP,flow,failed,1987756928055150,,1,1,0,1437,0,0.0,1,1437,0,none,0,none,0,0,0,no_alert_unknown,no_alert_not_final_benign,-1,dns,port
2025-07-19T23:02:48.075746+0700,103.195.142.74,202.134.0.155,1510,53,UDP,flow,dns,1967985874220947,,1,1,0,250,0,0.0,1,250,0,none,0,none,0,0,0,no_alert_unknown,no_alert_not_final_benign,-1,dns,app_proto+port
2025-07-19T23:02:48.075767+0700,103.195.142.74,118.98.44.50,42095,53,UDP,flow,dns,1127390994151359,,1,2,0,322,0,19.0,2,322,0,none,0,none,0,0,0,no_alert_unknown,no_alert_not_final_benign,-1,dns,app_proto+port
2025-07-19T23:02:48.075792+0700,103.195.142.195,87.98.154.16,53,23164,UDP,flow,failed,2099289800161323,,1,1,0,1437,0,0.0,1,1437,0,none,0,none,0,0,0,no_alert_unknown,no_alert_not_final_benign,-1,dns,port
2025-07-19T23:02:48.075817+0700,103.195.142.74,118.98.44.100,1397,53,UDP,flow,dns,1964166880802921,,1,1,0,178,0,0.0,1,178,0,none,0,none,0,0,0,no_alert_unknown,no_alert_not_final_benign,-1,dns,app_proto+port
2025-07-19T23:02:48.075857+0700,103.195.142.109,87.98.154.117,53,12211,UDP,flow,failed,1924733620631714,,1,1,0,1437,0,0.0,1,1437,0,none,0,none,0,0,0,no_alert_unknown,no_alert_not_final_benign,-1,dns,port
2025-07-19T23:02:48.075964+0700,103.195.142.75,8.8.8.8,48105,53,UDP,flow,dns,867923580074326,,1,2,0,456,0,4.0,2,456,0,none,0,none,0,0,0,no_alert_unknown,no_alert_not_final_benign,-1,dns,app_proto+port
2025-07-19T23:02:48.076007+0700,103.195.142.195,87.98.154.117,53,24109,UDP,flow,failed,118884636211570,,1,1,0,1437,0,0.0,1,1437,0,none,0,none,0,0,0,no_alert_unknown,no_alert_not_final_benign,-1,dns,port
2025-07-19T23:02:48.076155+0700,103.195.142.76,87.98.154.118,53,18675,UDP,flow,failed,78734927247925,,1,1,0,1469,0,0.0,1,1469,0,none,0,none,0,0,0,no_alert_unknown,no_alert_not_final_benign,-1,dns,port
2025-07-19T23:02:48.076256+0700,103.195.142.165,87.98.154.185,53,3508,UDP,flow,failed,1805756016212795,,1,1,0,1437,0,0.0,1,1437,0,none,0,none,0,0,0,no_alert_unknown,no_alert_not_final_benign,-1,dns,port
2025-07-19T23:02:48.076339+0700,103.195.142.46,87.98.154.115,53,6846,UDP,flow,failed,1446460195322766,,1,3,0,4311,0,10.0,3,4311,0,none,0,none,0,0,0,no_alert_unknown,no_alert_not_final_benign,-1,dns,port
2025-07-19T23:02:48.076370+0700,103.195.142.109,87.98.154.197,53,62482,UDP,flow,failed,61950818499515,,1,1,0,1437,0,0.0,1,1437,0,none,0,none,0,0,0,no_alert_unknown,no_alert_not_final_benign,-1,dns,port
2025-07-19T23:02:48.076390+0700,103.195.142.74,202.134.0.155,18347,53,UDP,flow,dns,2104551837973511,,1,1,0,86,0,0.0,1,86,0,none,0,none,0,0,0,no_alert_unknown,no_alert_not_final_benign,-1,dns,app_proto+port
2025-07-19T23:02:48.076409+0700,103.195.142.165,87.98.154.119,53,32569,UDP,flow,failed,128226951150619,,1,1,0,1437,0,0.0,1,1437,0,none,0,none,0,0,0,no_alert_unknown,no_alert_not_final_benign,-1,dns,port
2025-07-19T23:02:48.076453+0700,103.195.142.2,180.241.233.114,53,35214,UDP,flow,failed,60570873412849,,1,1,0,174,0,0.0,1,174,0,none,0,none,0,0,0,no_alert_unknown,no_alert_not_final_benign,-1,dns,port
2025-07-19T23:02:48.076666+0700,103.195.142.109,87.98.154.77,53,1751,UDP,flow,failed,2092969070804531,,1,1,0,1437,0,0.0,1,1437,0,none,0,none,0,0,0,no_alert_unknown,no_alert_not_final_benign,-1,dns,port
2025-07-19T23:02:48.076708+0700,103.195.142.109,87.98.154.119,53,17148,UDP,flow,failed,1797632101236334,,1,1,0,1437,0,0.0,1,1437,0,none,0,none,0,0,0,no_alert_unknown,no_alert_not_final_benign,-1,dns,port
2025-07-19T23:02:48.076758+0700,103.195.142.3,180.241.233.70,53,20646,UDP,flow,failed,203243720064699,,1,1,0,144,0,0.0,1,144,0,none,0,none,0,0,0,no_alert_unknown,no_alert_not_final_benign,-1,dns,port
2025-07-19T23:02:48.076852+0700,103.195.142.74,118.98.44.100,20188,53,UDP,flow,dns,1941972247691033,,1,1,0,214,0,0.0,1,214,0,none,0,none,0,0,0,no_alert_unknown,no_alert_not_final_benign,-1,dns,app_proto+port
2025-07-19T23:02:48.076943+0700,103.195.142.75,8.8.8.8,34646,53,UDP,flow,dns,116829411000184,,1,1,0,96,0,0.0,1,96,0,none,0,none,0,0,0,no_alert_unknown,no_alert_not_final_benign,-1,dns,app_proto+port
2025-07-19T23:02:48.076967+0700,103.195.142.74,118.98.44.50,59421,53,UDP,flow,dns,1696672376143758,,1,1,0,93,0,0.0,1,93,0,none,0,none,0,0,0,no_alert_unknown,no_alert_not_final_benign,-1,dns,app_proto+port
2025-07-19T23:02:48.077060+0700,103.195.142.2,146.112.133.130,53,44866,UDP,flow,failed,2214573369835586,,1,1,0,176,0,0.0,1,176,0,none,0,none,0,0,0,no_alert_unknown,no_alert_not_final_benign,-1,dns,port
2025-07-19T23:02:48.077092+0700,103.195.142.3,180.251.28.106,53,14669,UDP,flow,failed,2210087618330696,,1,1,0,181,0,0.0,1,181,0,none,0,none,0,0,0,no_alert_unknown,no_alert_not_final_benign,-1,dns,port
2025-07-19T23:02:48.077137+0700,103.195.142.165,87.98.154.119,53,45478,UDP,flow,failed,8523331584125,,1,1,0,1437,0,0.0,1,1437,0,none,0,none,0,0,0,no_alert_unknown,no_alert_not_final_benign,-1,dns,port
2025-07-19T23:02:48.077180+0700,103.195.142.46,87.98.154.119,53,29606,UDP,flow,failed,250054552699194,,1,1,0,1437,0,0.0,1,1437,0,none,0,none,0,0,0,no_alert_unknown,no_alert_not_final_benign,-1,dns,port
2025-07-19T23:02:48.077252+0700,103.195.142.74,118.98.44.20,57088,53,UDP,flow,dns,745690612079,,1,1,0,90,0,0.0,1,90,0,none,0,none,0,0,0,no_alert_unknown,no_alert_not_final_benign,-1,dns,app_proto+port
2025-07-19T23:02:48.077274+0700,103.195.142.165,87.98.154.45,53,21131,UDP,flow,failed,1917196735070624,,1,1,0,1437,0,0.0,1,1437,0,none,0,none,0,0,0,no_alert_unknown,no_alert_not_final_benign,-1,dns,port
2025-07-19T23:02:48.077294+0700,103.195.142.74,202.134.0.155,59965,53,UDP,flow,dns,1811074049819097,,1,1,0,108,0,0.0,1,108,0,none,0,none,0,0,0,no_alert_unknown,no_alert_not_final_benign,-1,dns,app_proto+port
2025-07-19T23:02:48.077322+0700,103.195.142.195,87.98.154.184,53,19649,UDP,flow,failed,1969598585291249,,1,1,0,1437,0,0.0,1,1437,0,none,0,none,0,0,0,no_alert_unknown,no_alert_not_final_benign,-1,dns,port
2025-07-19T23:02:48.077344+0700,103.195.142.46,87.98.154.163,53,33058,UDP,flow,failed,1852238761280091,,1,1,0,1437,0,0.0,1,1437,0,none,0,none,0,0,0,no_alert_unknown,no_alert_not_final_benign,-1,dns,port
2025-07-19T23:02:48.077364+0700,103.195.142.74,202.134.0.155,61665,53,UDP,flow,dns,2009149095461522,,1,1,0,81,0,0.0,1,81,0,none,0,none,0,0,0,no_alert_unknown,no_alert_not_final_benign,-1,dns,app_proto+port
2025-07-19T23:02:48.077389+0700,103.195.142.74,118.98.44.20,57662,53,UDP,flow,dns,1946530654831258,,1,1,0,214,0,0.0,1,214,0,none,0,none,0,0,0,no_alert_unknown,no_alert_not_final_benign,-1,dns,app_proto+port
2025-07-19T23:02:48.077478+0700,103.195.142.46,87.98.154.199,53,60740,UDP,flow,failed,2081362398003910,,1,1,0,1437,0,0.0,1,1437,0,none,0,none,0,0,0,no_alert_unknown,no_alert_not_final_benign,-1,dns,port
2025-07-19T23:02:48.077513+0700,103.195.142.195,87.98.154.244,53,44446,UDP,flow,failed,162655509791431,,1,1,0,1437,0,0.0,1,1437,0,none,0,none,0,0,0,no_alert_unknown,no_alert_not_final_benign,-1,dns,port
2025-07-19T23:02:48.077544+0700,103.195.142.74,202.134.0.155,38430,53,UDP,flow,dns,1838766393967326,,1,1,0,214,0,0.0,1,214,0,none,0,none,0,0,0,no_alert_unknown,no_alert_not_final_benign,-1,dns,app_proto+port
2025-07-19T23:02:48.077583+0700,103.195.142.2,180.241.27.81,53,24770,UDP,flow,failed,2214712297177829,,1,1,0,106,0,0.0,1,106,0,none,0,none,0,0,0,no_alert_unknown,no_alert_not_final_benign,-1,dns,port
2025-07-19T23:02:48.077603+0700,103.195.142.3,146.112.133.130,53,28157,UDP,flow,failed,2009557483897579,,1,1,0,176,0,0.0,1,176,0,none,0,none,0,0,0,no_alert_unknown,no_alert_not_final_benign,-1,dns,port
2025-07-19T23:02:48.077649+0700,103.195.142.2,192.221.146.135,53,7309,UDP,flow,failed,1710706418172683,,1,1,0,212,0,0.0,1,212,0,none,0,none,0,0,0,no_alert_unknown,no_alert_not_final_benign,-1,dns,port
2025-07-19T23:02:48.077747+0700,103.195.142.76,87.98.154.30,53,29316,UDP,flow,failed,1806329919357940,,1,1,0,1469,0,0.0,1,1469,0,none,0,none,0,0,0,no_alert_unknown,no_alert_not_final_benign,-1,dns,port
2025-07-19T23:02:48.077779+0700,103.195.142.76,87.98.154.162,53,55319,UDP,flow,failed,113806112572417,,1,1,0,1469,0,0.0,1,1469,0,none,0,none,0,0,0,no_alert_unknown,no_alert_not_final_benign,-1,dns,port
2025-07-19T23:02:48.077831+0700,103.195.142.74,118.98.44.100,17866,53,UDP,flow,dns,837928721892563,,1,2,0,153,0,21.0,2,153,0,none,0,none,0,0,0,no_alert_unknown,no_alert_not_final_benign,-1,dns,app_proto+port
2025-07-19T23:02:48.077852+0700,103.195.142.109,87.98.154.119,53,57146,UDP,flow,failed,1832057508971770,,1,1,0,1437,0,0.0,1,1437,0,none,0,none,0,0,0,no_alert_unknown,no_alert_not_final_benign,-1,dns,port
2025-07-19T23:02:48.077870+0700,103.195.142.46,87.98.154.117,53,44339,UDP,flow,failed,171848738587908,,1,1,0,1437,0,0.0,1,1437,0,none,0,none,0,0,0,no_alert_unknown,no_alert_not_final_benign,-1,dns,port
2025-07-19T23:02:48.077894+0700,103.195.142.83,87.98.154.119,53,29286,UDP,flow,failed,235162042287408,,1,1,0,1190,0,0.0,1,1190,0,none,0,none,0,0,0,no_alert_unknown,no_alert_not_final_benign,-1,dns,port
2025-07-19T23:02:48.077930+0700,103.195.142.196,87.98.154.119,53,28145,UDP,flow,failed,2176029043377526,,1,1,0,1437,0,0.0,1,1437,0,none,0,none,0,0,0,no_alert_unknown,no_alert_not_final_benign,-1,dns,port
2025-07-19T23:02:48.077950+0700,103.195.142.46,87.98.154.27,53,57409,UDP,flow,failed,2129447877985695,,1,1,0,1437,0,0.0,1,1437,0,none,0,none,0,0,0,no_alert_unknown,no_alert_not_final_benign,-1,dns,port
2025-07-19T23:02:48.077995+0700,103.195.142.2,172.253.211.28,53,52073,UDP,flow,failed,1823699131745717,,1,1,0,153,0,0.0,1,153,0,none,0,none,0,0,0,no_alert_unknown,no_alert_not_final_benign,-1,dns,port
2025-07-19T23:02:48.078018+0700,103.195.142.74,118.98.44.100,21677,53,UDP,flow,dns,2053065899361835,,1,1,0,77,0,0.0,1,77,0,none,0,none,0,0,0,no_alert_unknown,no_alert_not_final_benign,-1,dns,app_proto+port
2025-07-19T23:02:48.078129+0700,103.195.142.74,118.98.44.20,26573,53,UDP,flow,dns,67737188878290,,1,1,0,110,0,0.0,1,110,0,none,0,none,0,0,0,no_alert_unknown,no_alert_not_final_benign,-1,dns,app_proto+port
2025-07-19T23:02:48.078160+0700,103.195.142.76,87.98.154.62,53,60761,UDP,flow,failed,121447134185584,,1,1,0,1469,0,0.0,1,1469,0,none,0,none,0,0,0,no_alert_unknown,no_alert_not_final_benign,-1,dns,port
2025-07-19T23:02:48.078476+0700,103.195.142.74,216.38.8.121,7308,53,UDP,flow,dns,193609781266623,,1,1,0,85,0,0.0,1,85,0,none,0,none,0,0,0,no_alert_unknown,no_alert_not_final_benign,-1,dns,app_proto+port
2025-07-19T23:02:48.078529+0700,103.195.142.3,66.249.73.113,53,53560,UDP,flow,failed,1767776001313097,,1,1,0,163,0,0.0,1,163,0,none,0,none,0,0,0,no_alert_unknown,no_alert_not_final_benign,-1,dns,port
2025-07-19T23:02:48.078549+0700,103.195.142.83,87.98.154.117,53,41669,UDP,flow,failed,2017186133035347,,1,1,0,1190,0,0.0,1,1190,0,none,0,none,0,0,0,no_alert_unknown,no_alert_not_final_benign,-1,dns,port
2025-07-19T23:02:48.078584+0700,103.195.142.74,118.98.44.50,32939,53,UDP,flow,dns,1845131492968801,,1,1,0,214,0,0.0,1,214,0,none,0,none,0,0,0,no_alert_unknown,no_alert_not_final_benign,-1,dns,app_proto+port
2025-07-19T23:02:48.078663+0700,103.195.142.46,87.98.154.31,53,32428,UDP,flow,failed,246833154345598,,1,1,0,1437,0,0.0,1,1437,0,none,0,none,0,0,0,no_alert_unknown,no_alert_not_final_benign,-1,dns,port
2025-07-19T23:02:48.078719+0700,103.195.142.74,118.98.44.20,7620,53,UDP,flow,dns,1844713266596645,,1,1,0,88,0,0.0,1,88,0,none,0,none,0,0,0,no_alert_unknown,no_alert_not_final_benign,-1,dns,app_proto+port
2025-07-19T23:02:48.078770+0700,103.195.142.196,87.98.154.225,53,25272,UDP,flow,failed,265952271059780,,1,1,0,1437,0,0.0,1,1437,0,none,0,none,0,0,0,no_alert_unknown,no_alert_not_final_benign,-1,dns,port
2025-07-19T23:02:48.078824+0700,103.195.142.165,87.98.154.77,53,47288,UDP,flow,failed,1315500790762308,,1,2,0,2874,0,3.0,2,2874,0,none,0,none,0,0,0,no_alert_unknown,no_alert_not_final_benign,-1,dns,port
2025-07-19T23:02:48.078853+0700,103.195.142.83,87.98.154.119,53,55558,UDP,flow,failed,2065096894958439,,1,1,0,1190,0,0.0,1,1190,0,none,0,none,0,0,0,no_alert_unknown,no_alert_not_final_benign,-1,dns,port
2025-07-19T23:02:48.078954+0700,103.195.142.74,118.98.44.50,62909,53,UDP,flow,dns,1717606624250780,,1,1,0,88,0,0.0,1,88,0,none,0,none,0,0,0,no_alert_unknown,no_alert_not_final_benign,-1,dns,app_proto+port
2025-07-19T23:02:48.079022+0700,103.195.142.165,87.98.154.101,53,59166,UDP,flow,failed,205584015739862,,1,1,0,1437,0,0.0,1,1437,0,none,0,none,0,0,0,no_alert_unknown,no_alert_not_final_benign,-1,dns,port
2025-07-19T23:02:48.079062+0700,103.195.142.196,87.98.154.119,53,25619,UDP,flow,failed,1867749235739777,,1,1,0,1437,0,0.0,1,1437,0,none,0,none,0,0,0,no_alert_unknown,no_alert_not_final_benign,-1,dns,port
2025-07-19T23:02:48.079080+0700,103.195.142.74,118.98.44.20,55426,53,UDP,flow,dns,197946677841051,,1,1,0,80,0,0.0,1,80,0,none,0,none,0,0,0,no_alert_unknown,no_alert_not_final_benign,-1,dns,app_proto+port
2025-07-19T23:02:48.079153+0700,103.195.142.109,87.98.154.119,53,15263,UDP,flow,failed,1958458826542331,,1,1,0,1437,0,0.0,1,1437,0,none,0,none,0,0,0,no_alert_unknown,no_alert_not_final_benign,-1,dns,port
2025-07-19T23:02:48.079197+0700,103.195.142.196,87.98.154.119,53,30446,UDP,flow,failed,2130027512385180,,1,1,0,1437,0,0.0,1,1437,0,none,0,none,0,0,0,no_alert_unknown,no_alert_not_final_benign,-1,dns,port
2025-07-19T23:02:48.079241+0700,103.195.142.74,202.134.0.155,18886,53,UDP,flow,dns,2091236618129234,,1,1,0,214,0,0.0,1,214,0,none,0,none,0,0,0,no_alert_unknown,no_alert_not_final_benign,-1,dns,app_proto+port
2025-07-19T23:02:48.079287+0700,103.195.142.165,87.98.154.129,53,35172,UDP,flow,failed,197953141526469,,1,1,0,1437,0,0.0,1,1437,0,none,0,none,0,0,0,no_alert_unknown,no_alert_not_final_benign,-1,dns,port
2025-07-19T23:02:48.079351+0700,103.195.142.165,87.98.154.129,53,56976,UDP,flow,failed,168641379356668,,1,1,0,1437,0,0.0,1,1437,0,none,0,none,0,0,0,no_alert_unknown,no_alert_not_final_benign,-1,dns,port
2025-07-19T23:02:48.079370+0700,103.195.142.46,87.98.154.187,53,43831,UDP,flow,failed,1907721107394717,,1,1,0,1437,0,0.0,1,1437,0,none,0,none,0,0,0,no_alert_unknown,no_alert_not_final_benign,-1,dns,port
2025-07-19T23:02:48.079389+0700,103.195.142.83,87.98.154.117,53,30248,UDP,flow,failed,103273340522663,,1,1,0,1190,0,0.0,1,1190,0,none,0,none,0,0,0,no_alert_unknown,no_alert_not_final_benign,-1,dns,port
2025-07-19T23:02:48.079441+0700,103.195.142.75,8.8.8.8,15837,53,UDP,flow,dns,45679759905097,,1,1,0,214,0,0.0,1,214,0,none,0,none,0,0,0,no_alert_unknown,no_alert_not_final_benign,-1,dns,app_proto+port
2025-07-19T23:02:48.079469+0700,103.195.142.196,87.98.154.119,53,4072,UDP,flow,failed,1721293919277407,,1,1,0,1437,0,0.0,1,1437,0,none,0,none,0,0,0,no_alert_unknown,no_alert_not_final_benign,-1,dns,port
2025-07-19T23:02:48.079497+0700,103.195.142.2,180.241.110.151,53,16391,UDP,flow,failed,1777942493647344,,1,1,0,129,0,0.0,1,129,0,none,0,none,0,0,0,no_alert_unknown,no_alert_not_final_benign,-1,dns,port
2025-07-19T23:02:48.079518+0700,103.195.142.3,66.249.73.112,53,52947,UDP,flow,failed,1783353334616596,,1,1,0,163,0,0.0,1,163,0,none,0,none,0,0,0,no_alert_unknown,no_alert_not_final_benign,-1,dns,port
2025-07-19T23:02:48.079537+0700,103.195.142.74,118.98.44.20,15084,53,UDP,flow,dns,260633030152737,,1,1,0,68,0,0.0,1,68,0,none,0,none,0,0,0,no_alert_unknown,no_alert_not_final_benign,-1,dns,app_proto+port
2025-07-19T23:02:48.079564+0700,103.195.142.83,87.98.154.119,53,52906,UDP,flow,failed,45673880605235,,1,1,0,1190,0,0.0,1,1190,0,none,0,none,0,0,0,no_alert_unknown,no_alert_not_final_benign,-1,dns,port
2025-07-19T23:02:48.079605+0700,103.195.142.74,118.98.44.20,33524,53,UDP,flow,dns,2111928276210286,,1,1,0,77,0,0.0,1,77,0,none,0,none,0,0,0,no_alert_unknown,no_alert_not_final_benign,-1,dns,app_proto+port
2025-07-19T23:02:48.079629+0700,103.195.142.46,87.98.154.87,53,15652,UDP,flow,failed,1819935375938166,,1,1,0,1437,0,0.0,1,1437,0,none,0,none,0,0,0,no_alert_unknown,no_alert_not_final_benign,-1,dns,port
2025-07-19T23:02:48.079750+0700,103.195.142.74,118.98.44.100,40881,53,UDP,flow,dns,2053060168307450,,1,1,0,77,0,0.0,1,77,0,none,0,none,0,0,0,no_alert_unknown,no_alert_not_final_benign,-1,dns,app_proto+port
2025-07-19T23:02:48.079814+0700,103.195.142.76,87.98.154.119,53,15707,UDP,flow,failed,37680962130814,,1,1,0,1469,0,0.0,1,1469,0,none,0,none,0,0,0,no_alert_unknown,no_alert_not_final_benign,-1,dns,port
2025-07-19T23:02:48.079836+0700,103.195.142.46,87.98.154.119,53,17874,UDP,flow,failed,1884431970194313,,1,1,0,1437,0,0.0,1,1437,0,none,0,none,0,0,0,no_alert_unknown,no_alert_not_final_benign,-1,dns,port
2025-07-19T23:02:48.079890+0700,103.195.142.74,118.98.44.100,34084,53,UDP,flow,dns,1937528981214174,,1,1,0,80,0,0.0,1,80,0,none,0,none,0,0,0,no_alert_unknown,no_alert_not_final_benign,-1,dns,app_proto+port
2025-07-19T23:02:48.079912+0700,103.195.142.3,66.249.73.114,53,43672,UDP,flow,failed,1694780897743847,,1,1,0,163,0,0.0,1,163,0,none,0,none,0,0,0,no_alert_unknown,no_alert_not_final_benign,-1,dns,port
2025-07-19T23:02:48.079932+0700,103.195.142.2,172.253.211.18,53,62963,UDP,flow,failed,1708240715174905,,1,1,0,153,0,0.0,1,153,0,none,0,none,0,0,0,no_alert_unknown,no_alert_not_final_benign,-1,dns,port
2025-07-19T23:02:48.079966+0700,103.195.142.74,208.91.112.55,44536,53,UDP,flow,dns,59709588362314,,1,1,0,99,0,0.0,1,99,0,none,0,none,0,0,0,no_alert_unknown,no_alert_not_final_benign,-1,dns,app_proto+port
2025-07-19T23:02:48.080136+0700,103.195.142.76,87.98.154.2,53,11226,UDP,flow,failed,2100160921785864,,1,1,0,1469,0,0.0,1,1469,0,none,0,none,0,0,0,no_alert_unknown,no_alert_not_final_benign,-1,dns,port
2025-07-19T23:02:48.080156+0700,103.195.142.75,8.8.8.8,57996,53,UDP,flow,dns,2072144293582466,,1,1,0,196,0,0.0,1,196,0,none,0,none,0,0,0,no_alert_unknown,no_alert_not_final_benign,-1,dns,app_proto+port
2025-07-19T23:02:48.080177+0700,103.195.142.165,87.98.154.119,53,4487,UDP,flow,failed,2194197115557598,,1,1,0,1437,0,0.0,1,1437,0,none,0,none,0,0,0,no_alert_unknown,no_alert_not_final_benign,-1,dns,port
2025-07-19T23:02:48.080322+0700,103.195.142.74,118.98.44.100,45369,53,UDP,flow,dns,1855025151137578,,1,1,0,89,0,0.0,1,89,0,none,0,none,0,0,0,no_alert_unknown,no_alert_not_final_benign,-1,dns,app_proto+port
2025-07-19T23:02:48.080407+0700,103.195.142.3,172.71.244.10,53,22133,UDP,flow,failed,1968384668653407,,1,1,0,143,0,0.0,1,143,0,none,0,none,0,0,0,no_alert_unknown,no_alert_not_final_benign,-1,dns,port
2025-07-19T23:02:48.080504+0700,103.195.142.196,87.98.154.149,53,64311,UDP,flow,failed,1917571448821842,,1,1,0,1437,0,0.0,1,1437,0,none,0,none,0,0,0,no_alert_unknown,no_alert_not_final_benign,-1,dns,port
2025-07-19T23:02:48.080525+0700,103.195.142.195,87.98.154.212,53,13804,UDP,flow,failed,2130978346883225,,1,1,0,1437,0,0.0,1,1437,0,none,0,none,0,0,0,no_alert_unknown,no_alert_not_final_benign,-1,dns,port
2025-07-19T23:02:48.080560+0700,103.195.142.83,87.98.154.119,53,26011,UDP,flow,failed,1861384411666606,,1,1,0,1190,0,0.0,1,1190,0,none,0,none,0,0,0,no_alert_unknown,no_alert_not_final_benign,-1,dns,port
2025-07-19T23:02:48.080598+0700,103.195.142.74,118.98.44.20,3162,53,UDP,flow,dns,115234377554114,,1,1,0,77,0,0.0,1,77,0,none,0,none,0,0,0,no_alert_unknown,no_alert_not_final_benign,-1,dns,app_proto+port
2025-07-19T23:02:48.080646+0700,103.195.142.75,8.8.8.8,6865,53,UDP,flow,dns,1976798383888694,,1,1,0,223,0,0.0,1,223,0,none,0,none,0,0,0,no_alert_unknown,no_alert_not_final_benign,-1,dns,app_proto+port
2025-07-19T23:02:48.080705+0700,103.195.142.76,87.98.154.119,53,31170,UDP,flow,failed,1695550268430730,,1,1,0,1469,0,0.0,1,1469,0,none,0,none,0,0,0,no_alert_unknown,no_alert_not_final_benign,-1,dns,port
2025-07-19T23:02:48.080738+0700,103.195.142.2,180.241.27.25,53,25926,UDP,flow,failed,179301877995940,,1,1,0,132,0,0.0,1,132,0,none,0,none,0,0,0,no_alert_unknown,no_alert_not_final_benign,-1,dns,port
2025-07-19T23:02:48.080825+0700,103.195.142.83,87.98.154.142,53,62078,UDP,flow,failed,119177627228686,,1,1,0,1190,0,0.0,1,1190,0,none,0,none,0,0,0,no_alert_unknown,no_alert_not_final_benign,-1,dns,port
2025-07-19T23:02:48.080913+0700,103.195.142.46,87.98.154.171,53,33578,UDP,flow,failed,148077290707518,,1,1,0,1437,0,0.0,1,1437,0,none,0,none,0,0,0,no_alert_unknown,no_alert_not_final_benign,-1,dns,port
2025-07-19T23:02:48.080974+0700,103.195.142.46,87.98.154.119,53,57508,UDP,flow,failed,1935821573643031,,1,2,0,2874,0,16.0,2,2874,0,none,0,none,0,0,0,no_alert_unknown,no_alert_not_final_benign,-1,dns,port
2025-07-19T23:02:48.081078+0700,103.195.142.3,66.249.73.112,53,64888,UDP,flow,failed,1774400484203400,,1,1,0,163,0,0.0,1,163,0,none,0,none,0,0,0,no_alert_unknown,no_alert_not_final_benign,-1,dns,port
2025-07-19T23:02:48.081108+0700,103.195.142.74,118.98.44.100,50177,53,UDP,flow,dns,71922427288466,,1,1,0,68,0,0.0,1,68,0,none,0,none,0,0,0,no_alert_unknown,no_alert_not_final_benign,-1,dns,app_proto+port
2025-07-19T23:02:48.081236+0700,103.195.142.75,8.8.8.8,34576,53,UDP,flow,dns,82596824341545,,1,1,0,68,0,0.0,1,68,0,none,0,none,0,0,0,no_alert_unknown,no_alert_not_final_benign,-1,dns,app_proto+port
2025-07-19T23:02:48.081366+0700,103.195.142.83,87.98.154.119,53,11565,UDP,flow,failed,2130267763956967,,1,1,0,1190,0,0.0,1,1190,0,none,0,none,0,0,0,no_alert_unknown,no_alert_not_final_benign,-1,dns,port
2025-07-19T23:02:48.081462+0700,103.195.142.76,87.98.154.202,53,27064,UDP,flow,failed,1203176592760422,,1,3,0,4407,0,10.0,3,4407,0,none,0,none,0,0,0,no_alert_unknown,no_alert_not_final_benign,-1,dns,port
2025-07-19T23:02:48.081537+0700,103.195.142.195,87.98.154.119,53,42557,UDP,flow,failed,164297488916356,,1,1,0,1437,0,0.0,1,1437,0,none,0,none,0,0,0,no_alert_unknown,no_alert_not_final_benign,-1,dns,port
2025-07-19T23:02:48.081556+0700,103.195.142.75,8.8.8.8,30882,53,UDP,flow,dns,2135620124991379,,1,1,0,93,0,0.0,1,93,0,none,0,none,0,0,0,no_alert_unknown,no_alert_not_final_benign,-1,dns,app_proto+port
2025-07-19T23:02:48.081596+0700,103.195.142.2,172.217.43.221,53,41187,UDP,flow,failed,2073119131885558,,1,1,0,195,0,0.0,1,195,0,none,0,none,0,0,0,no_alert_unknown,no_alert_not_final_benign,-1,dns,port
2025-07-19T23:02:48.081617+0700,103.195.142.74,202.134.0.155,46397,53,UDP,flow,dns,2221585519862195,,1,1,0,196,0,0.0,1,196,0,none,0,none,0,0,0,no_alert_unknown,no_alert_not_final_benign,-1,dns,app_proto+port
2025-07-19T23:02:48.081638+0700,103.195.142.74,202.134.0.155,51619,53,UDP,flow,dns,41483910898217,,1,1,0,196,0,0.0,1,196,0,none,0,none,0,0,0,no_alert_unknown,no_alert_not_final_benign,-1,dns,app_proto+port
2025-07-19T23:02:48.081730+0700,103.195.142.74,118.98.44.100,38333,53,UDP,flow,dns,2163288270496499,,1,1,0,68,0,0.0,1,68,0,none,0,none,0,0,0,no_alert_unknown,no_alert_not_final_benign,-1,dns,app_proto+port
2025-07-19T23:02:48.081751+0700,103.195.142.75,202.134.0.155,3893,53,UDP,flow,dns,189593771434937,,1,1,0,83,0,0.0,1,83,0,none,0,none,0,0,0,no_alert_unknown,no_alert_not_final_benign,-1,dns,app_proto+port
2025-07-19T23:02:48.081774+0700,103.195.142.109,87.98.154.49,53,56421,UDP,flow,failed,82529152001352,,1,1,0,1437,0,0.0,1,1437,0,none,0,none,0,0,0,no_alert_unknown,no_alert_not_final_benign,-1,dns,port
2025-07-19T23:02:48.081794+0700,103.195.142.109,87.98.154.141,53,22677,UDP,flow,failed,2013519437096268,,1,1,0,1437,0,0.0,1,1437,0,none,0,none,0,0,0,no_alert_unknown,no_alert_not_final_benign,-1,dns,port
2025-07-19T23:02:48.081837+0700,103.195.142.196,87.98.154.201,53,15949,UDP,flow,failed,156223325857250,,1,1,0,1437,0,0.0,1,1437,0,none,0,none,0,0,0,no_alert_unknown,no_alert_not_final_benign,-1,dns,port
2025-07-19T23:02:48.081858+0700,103.195.142.76,87.98.154.119,53,32433,UDP,flow,failed,2180928364340736,,1,1,0,1469,0,0.0,1,1469,0,none,0,none,0,0,0,no_alert_unknown,no_alert_not_final_benign,-1,dns,port
2025-07-19T23:02:48.081877+0700,103.195.142.165,87.98.154.17,53,43515,UDP,flow,failed,1697316236748537,,1,3,0,4311,0,10.0,3,4311,0,none,0,none,0,0,0,no_alert_unknown,no_alert_not_final_benign,-1,dns,port
2025-07-19T23:02:48.081942+0700,103.195.142.196,87.98.154.119,53,42421,UDP,flow,failed,2060056086243255,,1,1,0,1437,0,0.0,1,1437,0,none,0,none,0,0,0,no_alert_unknown,no_alert_not_final_benign,-1,dns,port
2025-07-19T23:02:48.082011+0700,103.195.142.74,118.98.44.100,58487,53,UDP,flow,dns,37288311515185,,1,1,0,214,0,0.0,1,214,0,none,0,none,0,0,0,no_alert_unknown,no_alert_not_final_benign,-1,dns,app_proto+port
2025-07-19T23:02:48.082036+0700,103.195.142.74,202.134.0.155,60512,53,UDP,flow,dns,122808508147846,,1,1,0,250,0,0.0,1,250,0,none,0,none,0,0,0,no_alert_unknown,no_alert_not_final_benign,-1,dns,app_proto+port
2025-07-19T23:02:48.082058+0700,103.195.142.165,87.98.154.213,53,13218,UDP,flow,failed,2020625452755112,,1,1,0,1437,0,0.0,1,1437,0,none,0,none,0,0,0,no_alert_unknown,no_alert_not_final_benign,-1,dns,port
2025-07-19T23:02:48.082079+0700,103.195.142.75,8.8.8.8,41842,53,UDP,flow,dns,1163448816363957,,1,2,0,456,0,4.0,2,456,0,none,0,none,0,0,0,no_alert_unknown,no_alert_not_final_benign,-1,dns,app_proto+port
2025-07-19T23:02:48.082137+0700,103.195.142.83,87.98.154.198,53,30803,UDP,flow,failed,1974334616693217,,1,1,0,1190,0,0.0,1,1190,0,none,0,none,0,0,0,no_alert_unknown,no_alert_not_final_benign,-1,dns,port
2025-07-19T23:02:48.082172+0700,103.195.142.74,118.98.44.50,35199,53,UDP,flow,dns,138187413514770,,1,1,0,196,0,0.0,1,196,0,none,0,none,0,0,0,no_alert_unknown,no_alert_not_final_benign,-1,dns,app_proto+port
2025-07-19T23:02:48.082192+0700,103.195.142.46,87.98.154.119,53,2685,UDP,flow,failed,2020159212350089,,1,1,0,1437,0,0.0,1,1437,0,none,0,none,0,0,0,no_alert_unknown,no_alert_not_final_benign,-1,dns,port
2025-07-19T23:02:48.082211+0700,103.195.142.75,8.8.8.8,58342,53,UDP,flow,dns,223637863983962,,1,1,0,88,0,0.0,1,88,0,none,0,none,0,0,0,no_alert_unknown,no_alert_not_final_benign,-1,dns,app_proto+port
2025-07-19T23:02:48.082235+0700,103.195.142.83,87.98.154.170,53,36392,UDP,flow,failed,38784738519977,,1,1,0,1190,0,0.0,1,1190,0,none,0,none,0,0,0,no_alert_unknown,no_alert_not_final_benign,-1,dns,port
2025-07-19T23:02:48.082273+0700,103.195.142.109,87.98.154.119,53,59352,UDP,flow,failed,2108115601779703,,1,1,0,1437,0,0.0,1,1437,0,none,0,none,0,0,0,no_alert_unknown,no_alert_not_final_benign,-1,dns,port
2025-07-19T23:02:48.082315+0700,103.195.142.75,8.8.8.8,31079,53,UDP,flow,dns,2005001488231470,,1,1,0,214,0,0.0,1,214,0,none,0,none,0,0,0,no_alert_unknown,no_alert_not_final_benign,-1,dns,app_proto+port
2025-07-19T23:02:48.082335+0700,103.195.142.195,87.98.154.119,53,3570,UDP,flow,failed,2037813481303325,,1,1,0,1437,0,0.0,1,1437,0,none,0,none,0,0,0,no_alert_unknown,no_alert_not_final_benign,-1,dns,port
2025-07-19T23:02:48.082354+0700,103.195.142.76,87.98.154.119,53,33771,UDP,flow,failed,2031535605149017,,1,1,0,1469,0,0.0,1,1469,0,none,0,none,0,0,0,no_alert_unknown,no_alert_not_final_benign,-1,dns,port
2025-07-19T23:02:48.082387+0700,103.195.142.74,118.98.44.100,31923,53,UDP,flow,dns,2144656878726561,,1,1,0,223,0,0.0,1,223,0,none,0,none,0,0,0,no_alert_unknown,no_alert_not_final_benign,-1,dns,app_proto+port
2025-07-19T23:02:48.082410+0700,103.195.142.109,87.98.154.29,53,2180,UDP,flow,failed,1768699815718388,,1,3,0,4311,0,10.0,3,4311,0,none,0,none,0,0,0,no_alert_unknown,no_alert_not_final_benign,-1,dns,port
2025-07-19T23:02:48.082518+0700,103.195.142.2,180.241.233.149,53,10915,UDP,flow,failed,1971674148595,,1,1,0,155,0,0.0,1,155,0,none,0,none,0,0,0,no_alert_unknown,no_alert_not_final_benign,-1,dns,port
2025-07-19T23:02:48.082550+0700,103.195.142.74,118.98.44.100,2553,53,UDP,flow,dns,210955516178177,,1,1,0,80,0,0.0,1,80,0,none,0,none,0,0,0,no_alert_unknown,no_alert_not_final_benign,-1,dns,app_proto+port
2025-07-19T23:02:48.082585+0700,103.195.142.74,202.134.0.155,27684,53,UDP,flow,dns,225011798568801,,1,1,0,83,0,0.0,1,83,0,none,0,none,0,0,0,no_alert_unknown,no_alert_not_final_benign,-1,dns,app_proto+port
2025-07-19T23:02:48.082652+0700,103.195.142.196,87.98.154.117,53,22516,UDP,flow,failed,2049217923117059,,1,1,0,1437,0,0.0,1,1437,0,none,0,none,0,0,0,no_alert_unknown,no_alert_not_final_benign,-1,dns,port
2025-07-19T23:02:48.082710+0700,103.195.142.165,87.98.154.117,53,16533,UDP,flow,failed,2211250146766908,,1,1,0,1437,0,0.0,1,1437,0,none,0,none,0,0,0,no_alert_unknown,no_alert_not_final_benign,-1,dns,port
2025-07-19T23:02:48.082730+0700,103.195.142.75,8.8.8.8,31671,53,UDP,flow,dns,269967884611688,,1,1,0,184,0,0.0,1,184,0,none,0,none,0,0,0,no_alert_unknown,no_alert_not_final_benign,-1,dns,app_proto+port
2025-07-19T23:02:48.082752+0700,103.195.142.3,74.125.186.219,53,52294,UDP,flow,failed,2194144547303611,,1,1,0,145,0,0.0,1,145,0,none,0,none,0,0,0,no_alert_unknown,no_alert_not_final_benign,-1,dns,port
2025-07-19T23:02:48.082798+0700,103.195.142.83,87.98.154.119,53,34731,UDP,flow,failed,2140480969372151,,1,1,0,1190,0,0.0,1,1190,0,none,0,none,0,0,0,no_alert_unknown,no_alert_not_final_benign,-1,dns,port
2025-07-19T23:02:48.082822+0700,103.195.142.3,180.241.233.223,53,37826,UDP,flow,failed,273818837643861,,1,1,0,187,0,0.0,1,187,0,none,0,none,0,0,0,no_alert_unknown,no_alert_not_final_benign,-1,dns,port
2025-07-19T23:02:48.082863+0700,103.195.142.46,87.98.154.59,53,8765,UDP,flow,failed,2186230892917424,,1,1,0,1437,0,0.0,1,1437,0,none,0,none,0,0,0,no_alert_unknown,no_alert_not_final_benign,-1,dns,port
2025-07-19T23:02:48.082886+0700,103.195.142.74,202.134.0.155,23952,53,UDP,flow,dns,152284582179514,,1,1,0,111,0,0.0,1,111,0,none,0,none,0,0,0,no_alert_unknown,no_alert_not_final_benign,-1,dns,app_proto+port
2025-07-19T23:02:48.082908+0700,103.195.142.195,87.98.154.36,53,50398,UDP,flow,failed,117164075774722,,1,1,0,1437,0,0.0,1,1437,0,none,0,none,0,0,0,no_alert_unknown,no_alert_not_final_benign,-1,dns,port
2025-07-19T23:02:48.082929+0700,103.195.142.74,118.98.44.100,42245,53,UDP,flow,dns,2097938411025165,,1,1,0,178,0,0.0,1,178,0,none,0,none,0,0,0,no_alert_unknown,no_alert_not_final_benign,-1,dns,app_proto+port
2025-07-19T23:02:48.082954+0700,103.195.142.75,8.8.8.8,39567,53,UDP,flow,dns,100688301519679,,1,1,0,89,0,0.0,1,89,0,none,0,none,0,0,0,no_alert_unknown,no_alert_not_final_benign,-1,dns,app_proto+port
2025-07-19T23:02:48.082975+0700,103.195.142.74,118.98.44.50,11250,53,UDP,flow,dns,62219437667237,,1,1,0,74,0,0.0,1,74,0,none,0,none,0,0,0,no_alert_unknown,no_alert_not_final_benign,-1,dns,app_proto+port
2025-07-19T23:02:48.083324+0700,103.195.142.74,118.98.44.100,59290,53,UDP,dns,,76402743800476,wire/pcap,0,0,0,0,0,0.0,0,0,0,none,0,none,0,0,0,no_alert_unknown,no_alert_not_final_benign,-1,dns,port
2025-07-19T23:02:48.094344+0700,103.195.142.74,202.134.0.155,48848,53,UDP,dns,,123732176410166,wire/pcap,0,0,0,0,0,0.0,0,0,0,none,0,none,0,0,0,no_alert_unknown,no_alert_not_final_benign,-1,dns,port
2025-07-19T23:02:48.105350+0700,103.195.142.74,202.134.0.155,48043,53,UDP,dns,,171003960319208,wire/pcap,0,0,0,0,0,0.0,0,0,0,none,0,none,0,0,0,no_alert_unknown,no_alert_not_final_benign,-1,dns,port
2025-07-19T23:02:48.105722+0700,103.195.142.74,202.134.0.155,36374,53,UDP,dns,,172600422169231,wire/pcap,0,0,0,0,0,0.0,0,0,0,none,0,none,0,0,0,no_alert_unknown,no_alert_not_final_benign,-1,dns,port
2025-07-19T23:02:48.125157+0700,103.195.142.74,136.243.75.67,45862,53,UDP,dns,,256071199003413,wire/pcap,0,0,0,0,0,0.0,0,0,0,none,0,none,0,0,0,no_alert_unknown,no_alert_not_final_benign,-1,dns,port
2025-07-19T23:02:48.129084+0700,103.195.142.74,202.134.0.155,41730,53,UDP,dns,,272938234419008,wire/pcap,0,0,0,0,0,0.0,0,0,0,none,0,none,0,0,0,no_alert_unknown,no_alert_not_final_benign,-1,dns,port
2025-07-19T23:02:48.160376+0700,103.195.142.74,202.134.0.155,4612,53,UDP,dns,,125863174683894,wire/pcap,0,0,0,0,0,0.0,0,0,0,none,0,none,0,0,0,no_alert_unknown,no_alert_not_final_benign,-1,dns,port
2025-07-19T23:02:48.194724+0700,103.195.142.75,216.38.8.120,1641,53,UDP,dns,,273383902557620,wire/pcap,0,0,0,0,0,0.0,0,0,0,none,0,none,0,0,0,no_alert_unknown,no_alert_not_final_benign,-1,dns,port
2025-07-19T23:02:48.207332+0700,103.195.142.75,8.8.8.8,40447,53,UDP,dns,,46061013125041,wire/pcap,0,0,0,0,0,0.0,0,0,0,none,0,none,0,0,0,no_alert_unknown,no_alert_not_final_benign,-1,dns,port
2025-07-19T23:02:48.207429+0700,103.195.142.75,8.8.8.8,63141,53,UDP,dns,,117824851046706,wire/pcap,0,0,0,0,0,0.0,0,0,0,none,0,none,0,0,0,no_alert_unknown,no_alert_not_final_benign,-1,dns,port
2025-07-19T23:02:48.207412+0700,103.195.142.74,118.98.44.100,58291,53,UDP,dns,,46403294764538,wire/pcap,0,0,0,0,0,0.0,0,0,0,none,0,none,0,0,0,no_alert_unknown,no_alert_not_final_benign,-1,dns,port
2025-07-19T23:02:48.212156+0700,103.195.142.74,118.98.44.20,41950,53,UDP,dns,,66779671195652,wire/pcap,0,0,0,0,0,0.0,0,0,0,none,0,none,0,0,0,no_alert_unknown,no_alert_not_final_benign,-1,dns,port
2025-07-19T23:02:48.215724+0700,103.195.142.74,118.98.44.20,52247,53,UDP,dns,,82105201072663,wire/pcap,0,0,0,0,0,0.0,0,0,0,none,0,none,0,0,0,no_alert_unknown,no_alert_not_final_benign,-1,dns,port
2025-07-19T23:02:48.221207+0700,103.195.142.74,34.8.38.57,49735,53,UDP,dns,,105651978033831,wire/pcap,0,0,0,0,0,0.0,0,0,0,none,0,none,0,0,0,no_alert_unknown,no_alert_not_final_benign,-1,dns,port
2025-07-19T23:02:48.238375+0700,103.195.142.74,118.98.44.100,52999,53,UDP,dns,,179388997184263,wire/pcap,0,0,0,0,0,0.0,0,0,0,none,0,none,0,0,0,no_alert_unknown,no_alert_not_final_benign,-1,dns,port
2025-07-19T23:02:48.247139+0700,103.195.142.75,34.8.196.142,48349,53,UDP,dns,,217031230581492,wire/pcap,0,0,0,0,0,0.0,0,0,0,none,0,none,0,0,0,no_alert_unknown,no_alert_not_final_benign,-1,dns,port
2025-07-19T23:02:48.273759+0700,103.195.142.75,8.8.8.8,59938,53,UDP,dns,,49887136840333,wire/pcap,0,0,0,0,0,0.0,0,0,0,none,0,none,0,0,0,no_alert_unknown,no_alert_not_final_benign,-1,dns,port
2025-07-19T23:02:48.288271+0700,103.195.142.75,8.8.8.8,4974,53,UDP,dns,,112216890976608,wire/pcap,0,0,0,0,0,0.0,0,0,0,none,0,none,0,0,0,no_alert_unknown,no_alert_not_final_benign,-1,dns,port
2025-07-19T23:02:48.295414+0700,103.195.142.74,202.134.0.155,6879,53,UDP,dns,,142893726099192,wire/pcap,0,0,0,0,0,0.0,0,0,0,none,0,none,0,0,0,no_alert_unknown,no_alert_not_final_benign,-1,dns,port
2025-07-19T23:02:48.306341+0700,103.195.142.75,216.38.8.120,39590,53,UDP,dns,,189827653589676,wire/pcap,0,0,0,0,0,0.0,0,0,0,none,0,none,0,0,0,no_alert_unknown,no_alert_not_final_benign,-1,dns,port
2025-07-19T23:02:48.313108+0700,103.195.142.74,136.243.75.67,43188,53,UDP,dns,,218890199729146,wire/pcap,0,0,0,0,0,0.0,0,0,0,none,0,none,0,0,0,no_alert_unknown,no_alert_not_final_benign,-1,dns,port
2025-07-19T23:02:48.336090+0700,103.195.142.74,118.98.44.100,18329,53,UDP,dns,,36120722325264,wire/pcap,0,0,0,0,0,0.0,0,0,0,none,0,none,0,0,0,no_alert_unknown,no_alert_not_final_benign,-1,dns,port
2025-07-19T23:02:48.348959+0700,103.195.142.75,118.98.44.50,30703,53,UDP,dns,,91393762652025,wire/pcap,0,0,0,0,0,0.0,0,0,0,none,0,none,0,0,0,no_alert_unknown,no_alert_not_final_benign,-1,dns,port
2025-07-19T23:02:48.350294+0700,103.195.142.74,202.134.0.155,36996,53,UDP,flow,dns,148788359694297,,1,1,0,81,0,0.0,1,81,0,none,0,none,0,0,0,no_alert_unknown,no_alert_not_final_benign,-1,dns,app_proto+port
2025-07-19T23:02:48.385085+0700,103.195.142.74,202.134.0.155,50690,53,UDP,dns,,246555965762547,wire/pcap,0,0,0,0,0,0.0,0,0,0,none,0,none,0,0,0,no_alert_unknown,no_alert_not_final_benign,-1,dns,port
2025-07-19T23:02:48.385235+0700,103.195.142.74,202.134.0.155,39209,53,UDP,dns,,247198037906131,wire/pcap,0,0,0,0,0,0.0,0,0,0,none,0,none,0,0,0,no_alert_unknown,no_alert_not_final_benign,-1,dns,port
2025-07-19T23:02:48.408158+0700,103.195.142.74,118.98.44.20,21997,53,UDP,dns,,64177941619680,wire/pcap,0,0,0,0,0,0.0,0,0,0,none,0,none,0,0,0,no_alert_unknown,no_alert_not_final_benign,-1,dns,port
2025-07-19T23:02:48.410183+0700,103.195.142.74,202.134.0.155,18167,53,UDP,dns,,72873799182847,wire/pcap,0,0,0,0,0,0.0,0,0,0,none,0,none,0,0,0,no_alert_unknown,no_alert_not_final_benign,-1,dns,port
2025-07-19T23:02:48.441722+0700,103.195.142.75,216.38.8.120,34465,53,UDP,dns,,208333762936977,wire/pcap,0,0,0,0,0,0.0,0,0,0,none,0,none,0,0,0,no_alert_unknown,no_alert_not_final_benign,-1,dns,port
2025-07-19T23:02:48.493298+0700,103.195.142.75,8.8.8.8,55202,53,UDP,dns,,148375155363631,wire/pcap,0,0,0,0,0,0.0,0,0,0,none,0,none,0,0,0,no_alert_unknown,no_alert_not_final_benign,-1,dns,port
2025-07-19T23:02:48.494146+0700,103.195.142.74,118.98.44.20,27667,53,UDP,dns,,152016437213883,wire/pcap,0,0,0,0,0,0.0,0,0,0,none,0,none,0,0,0,no_alert_unknown,no_alert_not_final_benign,-1,dns,port
2025-07-19T23:02:48.515748+0700,103.195.142.74,118.98.44.50,30144,53,UDP,dns,,244796125744936,wire/pcap,0,0,0,0,0,0.0,0,0,0,none,0,none,0,0,0,no_alert_unknown,no_alert_not_final_benign,-1,dns,port
2025-07-19T23:02:48.518353+0700,103.195.142.74,118.98.44.50,7446,53,UDP,dns,,255987214644816,wire/pcap,0,0,0,0,0,0.0,0,0,0,none,0,none,0,0,0,no_alert_unknown,no_alert_not_final_benign,-1,dns,port
2025-07-19T23:02:48.548073+0700,103.195.142.74,118.98.44.20,58505,53,UDP,dns,,102157209591442,wire/pcap,0,0,0,0,0,0.0,0,0,0,none,0,none,0,0,0,no_alert_unknown,no_alert_not_final_benign,-1,dns,port
2025-07-19T23:02:48.549985+0700,103.195.142.74,118.98.44.50,2645,53,UDP,dns,,110368110446810,wire/pcap,0,0,0,0,0,0.0,0,0,0,none,0,none,0,0,0,no_alert_unknown,no_alert_not_final_benign,-1,dns,port
2025-07-19T23:02:48.579729+0700,103.195.142.31,8.8.8.8,13386,53,UDP,dns,,238118222042587,wire/pcap,0,0,0,0,0,0.0,0,0,0,none,0,none,0,0,0,no_alert_unknown,no_alert_not_final_benign,-1,dns,port
2025-07-19T23:02:48.595676+0700,103.195.142.74,118.98.44.100,14694,53,UDP,dns,,25135863130252,wire/pcap,0,0,0,0,0,0.0,0,0,0,none,0,none,0,0,0,no_alert_unknown,no_alert_not_final_benign,-1,dns,port
2025-07-19T23:02:48.627553+0700,103.195.142.74,118.98.44.20,36966,53,UDP,dns,,162046782445382,wire/pcap,0,0,0,0,0,0.0,0,0,0,none,0,none,0,0,0,no_alert_unknown,no_alert_not_final_benign,-1,dns,port
2025-07-19T23:02:48.633940+0700,103.195.142.74,118.98.44.50,35399,53,UDP,dns,,189478943286992,wire/pcap,0,0,0,0,0,0.0,0,0,0,none,0,none,0,0,0,no_alert_unknown,no_alert_not_final_benign,-1,dns,port
2025-07-19T23:02:48.704144+0700,103.195.142.74,202.134.0.155,22249,53,UDP,dns,,209528864685904,wire/pcap,0,0,0,0,0,0.0,0,0,0,none,0,none,0,0,0,no_alert_unknown,no_alert_not_final_benign,-1,dns,port
2025-07-19T23:02:48.716792+0700,103.195.142.74,118.98.44.50,55027,53,UDP,dns,,263848932388316,wire/pcap,0,0,0,0,0,0.0,0,0,0,none,0,none,0,0,0,no_alert_unknown,no_alert_not_final_benign,-1,dns,port
2025-07-19T23:02:48.716786+0700,103.195.142.74,118.98.44.50,63568,53,UDP,dns,,263826161199344,wire/pcap,0,0,0,0,0,0.0,0,0,0,none,0,none,0,0,0,no_alert_unknown,no_alert_not_final_benign,-1,dns,port
2025-07-19T23:02:48.753224+0700,103.195.142.75,8.8.8.8,17748,53,UDP,dns,,138850795758143,wire/pcap,0,0,0,0,0,0.0,0,0,0,none,0,none,0,0,0,no_alert_unknown,no_alert_not_final_benign,-1,dns,port
2025-07-19T23:02:48.759864+0700,103.195.142.74,202.134.0.155,65235,53,UDP,dns,,167368918886989,wire/pcap,0,0,0,0,0,0.0,0,0,0,none,0,none,0,0,0,no_alert_unknown,no_alert_not_final_benign,-1,dns,port
2025-07-19T23:02:48.761295+0700,103.195.142.74,118.98.44.50,48651,53,UDP,dns,,173516021282230,wire/pcap,0,0,0,0,0,0.0,0,0,0,none,0,none,0,0,0,no_alert_unknown,no_alert_not_final_benign,-1,dns,port
2025-07-19T23:02:48.764260+0700,103.195.142.74,118.98.44.20,19956,53,UDP,dns,,186250886706720,wire/pcap,0,0,0,0,0,0.0,0,0,0,none,0,none,0,0,0,no_alert_unknown,no_alert_not_final_benign,-1,dns,port
2025-07-19T23:02:48.774737+0700,103.195.142.74,118.98.44.20,14036,53,UDP,dns,,231246641800845,wire/pcap,0,0,0,0,0,0.0,0,0,0,none,0,none,0,0,0,no_alert_unknown,no_alert_not_final_benign,-1,dns,port
2025-07-19T23:02:48.783048+0700,103.195.142.74,118.98.44.100,49195,53,UDP,dns,,266944862547914,wire/pcap,0,0,0,0,0,0.0,0,0,0,none,0,none,0,0,0,no_alert_unknown,no_alert_not_final_benign,-1,dns,port
2025-07-19T23:02:48.795489+0700,103.195.142.74,118.98.44.20,27780,53,UDP,dns,,38901882257963,wire/pcap,0,0,0,0,0,0.0,0,0,0,none,0,none,0,0,0,no_alert_unknown,no_alert_not_final_benign,-1,dns,port
2025-07-19T23:02:48.799754+0700,103.195.142.75,8.8.8.8,53989,53,UDP,dns,,57221553081017,wire/pcap,0,0,0,0,0,0.0,0,0,0,none,0,none,0,0,0,no_alert_unknown,no_alert_not_final_benign,-1,dns,port
2025-07-19T23:02:48.821369+0700,103.195.142.75,8.8.8.8,2725,53,UDP,dns,,150055029426943,wire/pcap,0,0,0,0,0,0.0,0,0,0,none,0,none,0,0,0,no_alert_unknown,no_alert_not_final_benign,-1,dns,port
2025-07-19T23:02:48.832447+0700,103.195.142.74,118.98.44.20,11227,53,UDP,dns,,197634360245044,wire/pcap,0,0,0,0,0,0.0,0,0,0,none,0,none,0,0,0,no_alert_unknown,no_alert_not_final_benign,-1,dns,port
2025-07-19T23:02:48.837628+0700,103.195.142.75,216.38.8.120,20451,53,UDP,dns,,219886282831849,wire/pcap,0,0,0,0,0,0.0,0,0,0,none,0,none,0,0,0,no_alert_unknown,no_alert_not_final_benign,-1,dns,port
2025-07-19T23:02:48.853072+0700,103.195.142.74,118.98.44.20,38026,53,UDP,dns,,4744184828759,wire/pcap,0,0,0,0,0,0.0,0,0,0,none,0,none,0,0,0,no_alert_unknown,no_alert_not_final_benign,-1,dns,port
2025-07-19T23:02:48.870503+0700,103.195.142.74,118.98.44.100,42631,53,UDP,dns,,79611306792458,wire/pcap,0,0,0,0,0,0.0,0,0,0,none,0,none,0,0,0,no_alert_unknown,no_alert_not_final_benign,-1,dns,port
2025-07-19T23:02:48.870600+0700,103.195.142.74,202.134.0.155,3401,53,UDP,dns,,80028038738733,wire/pcap,0,0,0,0,0,0.0,0,0,0,none,0,none,0,0,0,no_alert_unknown,no_alert_not_final_benign,-1,dns,port
2025-07-19T23:02:48.875387+0700,103.195.142.74,47.118.199.213,47618,53,UDP,dns,,100587903619419,wire/pcap,0,0,0,0,0,0.0,0,0,0,none,0,none,0,0,0,no_alert_unknown,no_alert_not_final_benign,-1,dns,port
2025-07-19T23:02:48.881250+0700,103.195.142.74,118.98.44.20,53654,53,UDP,flow,dns,315055293653053,,1,1,0,74,0,0.0,1,74,0,none,0,none,0,0,0,no_alert_unknown,no_alert_not_final_benign,-1,dns,app_proto+port
2025-07-19T23:02:48.891282+0700,103.195.142.74,118.98.44.50,40414,53,UDP,dns,,168855698369698,wire/pcap,0,0,0,0,0,0.0,0,0,0,none,0,none,0,0,0,no_alert_unknown,no_alert_not_final_benign,-1,dns,port
2025-07-19T23:02:48.909854+0700,103.195.142.108,8.8.8.8,1900,53,UDP,dns,,1216074754602613,wire/pcap,0,0,0,0,0,0.0,0,0,0,none,0,none,0,0,0,no_alert_unknown,no_alert_not_final_benign,-1,dns,port
2025-07-19T23:02:48.911108+0700,103.195.142.74,118.98.44.20,55251,53,UDP,dns,,254005721781138,wire/pcap,0,0,0,0,0,0.0,0,0,0,none,0,none,0,0,0,no_alert_unknown,no_alert_not_final_benign,-1,dns,port
2025-07-19T23:02:48.925818+0700,103.195.142.75,8.8.8.8,18458,53,UDP,dns,,35708984449083,wire/pcap,0,0,0,0,0,0.0,0,0,0,none,0,none,0,0,0,no_alert_unknown,no_alert_not_final_benign,-1,dns,port
2025-07-19T23:02:48.929120+0700,103.195.142.74,118.98.44.20,24435,53,UDP,dns,,49891661322080,wire/pcap,0,0,0,0,0,0.0,0,0,0,none,0,none,0,0,0,no_alert_unknown,no_alert_not_final_benign,-1,dns,port
2025-07-19T23:02:48.938659+0700,103.195.142.74,118.98.44.100,10746,53,UDP,dns,,90864143072658,wire/pcap,0,0,0,0,0,0.0,0,0,0,none,0,none,0,0,0,no_alert_unknown,no_alert_not_final_benign,-1,dns,port
2025-07-19T23:02:48.938728+0700,103.195.142.74,118.98.44.100,27145,53,UDP,dns,,91157846962734,wire/pcap,0,0,0,0,0,0.0,0,0,0,none,0,none,0,0,0,no_alert_unknown,no_alert_not_final_benign,-1,dns,port
2025-07-19T23:02:48.938774+0700,103.195.142.75,8.8.8.8,59381,53,UDP,dns,,91356058611338,wire/pcap,0,0,0,0,0,0.0,0,0,0,none,0,none,0,0,0,no_alert_unknown,no_alert_not_final_benign,-1,dns,port
2025-07-19T23:02:48.938831+0700,103.195.142.74,118.98.44.50,62758,53,UDP,dns,,91602403386683,wire/pcap,0,0,0,0,0,0.0,0,0,0,none,0,none,0,0,0,no_alert_unknown,no_alert_not_final_benign,-1,dns,port
2025-07-19T23:02:48.943819+0700,103.195.142.74,118.98.44.50,34372,53,UDP,dns,,113023303740848,wire/pcap,0,0,0,0,0,0.0,0,0,0,none,0,none,0,0,0,no_alert_unknown,no_alert_not_final_benign,-1,dns,port
2025-07-19T23:02:48.951215+0700,103.195.142.74,50.28.32.153,48601,53,UDP,dns,,144788325083531,wire/pcap,0,0,0,0,0,0.0,0,0,0,none,0,none,0,0,0,no_alert_unknown,no_alert_not_final_benign,-1,dns,port
2025-07-19T23:02:48.980145+0700,103.195.142.74,202.134.0.155,4099,53,UDP,dns,,269042329524262,wire/pcap,0,0,0,0,0,0.0,0,0,0,none,0,none,0,0,0,no_alert_unknown,no_alert_not_final_benign,-1,dns,port
2025-07-19T23:02:48.987253+0700,103.195.142.74,202.134.0.155,46727,53,UDP,dns,,18098049237087,wire/pcap,0,0,0,0,0,0.0,0,0,0,none,0,none,0,0,0,no_alert_unknown,no_alert_not_final_benign,-1,dns,port
2025-07-19T23:02:49.003214+0700,103.195.142.46,87.98.154.115,53,38823,UDP,flow,failed,771234375505928,,1,1,0,1437,0,0.0,1,1437,0,none,0,none,0,0,0,no_alert_unknown,no_alert_not_final_benign,-1,dns,port
2025-07-19T23:02:49.007112+0700,103.195.142.74,202.134.0.155,55954,53,UDP,dns,,312022601956903,wire/pcap,0,0,0,0,0,0.0,0,0,0,none,0,none,0,0,0,no_alert_unknown,no_alert_not_final_benign,-1,dns,port
2025-07-19T23:02:49.009605+0700,103.195.142.74,118.98.44.100,57726,53,UDP,dns,,322730201157391,wire/pcap,0,0,0,0,0,0.0,0,0,0,none,0,none,0,0,0,no_alert_unknown,no_alert_not_final_benign,-1,dns,port
2025-07-19T23:02:49.012197+0700,103.195.142.74,118.98.44.20,45628,53,UDP,flow,dns,548323828543370,,1,1,0,214,0,0.0,1,214,0,none,0,none,0,0,0,no_alert_unknown,no_alert_not_final_benign,-1,dns,app_proto+port
2025-07-19T23:02:49.015177+0700,103.195.142.74,118.98.44.50,6492,53,UDP,dns,,346660441777053,wire/pcap,0,0,0,0,0,0.0,0,0,0,none,0,none,0,0,0,no_alert_unknown,no_alert_not_final_benign,-1,dns,port
2025-07-19T23:02:49.033864+0700,103.195.142.74,50.116.34.34,11631,53,UDP,dns,,426921269825141,wire/pcap,0,0,0,0,0,0.0,0,0,0,none,0,none,0,0,0,no_alert_unknown,no_alert_not_final_benign,-1,dns,port
2025-07-19T23:02:49.035537+0700,103.195.142.75,8.8.8.8,29557,53,UDP,dns,,434105676361664,wire/pcap,0,0,0,0,0,0.0,0,0,0,none,0,none,0,0,0,no_alert_unknown,no_alert_not_final_benign,-1,dns,port
2025-07-19T23:02:49.056432+0700,103.195.142.46,87.98.154.117,53,47033,UDP,flow,failed,2108108282065893,,1,1,0,1437,0,0.0,1,1437,0,none,0,none,0,0,0,no_alert_unknown,no_alert_not_final_benign,-1,dns,port
2025-07-19T23:02:49.056556+0700,103.195.142.75,8.8.8.8,29446,53,UDP,flow,dns,314904000197722,,1,1,0,85,0,0.0,1,85,0,none,0,none,0,0,0,no_alert_unknown,no_alert_not_final_benign,-1,dns,app_proto+port
2025-07-19T23:02:49.056601+0700,103.195.142.165,87.98.154.119,53,4458,UDP,flow,failed,2233877116482655,,1,1,0,1437,0,0.0,1,1437,0,none,0,none,0,0,0,no_alert_unknown,no_alert_not_final_benign,-1,dns,port
2025-07-19T23:02:49.056640+0700,103.195.142.75,8.8.8.8,39755,53,UDP,flow,dns,386899923170523,,1,1,0,88,0,0.0,1,88,0,none,0,none,0,0,0,no_alert_unknown,no_alert_not_final_benign,-1,dns,app_proto+port
2025-07-19T23:02:49.056703+0700,103.195.142.109,87.98.154.89,53,35558,UDP,flow,failed,1392698171061583,,1,2,0,2874,0,3.0,2,2874,0,none,0,none,0,0,0,no_alert_unknown,no_alert_not_final_benign,-1,dns,port
2025-07-19T23:02:49.056725+0700,103.195.142.46,87.98.154.51,53,26557,UDP,flow,failed,456940660913565,,1,1,0,1437,0,0.0,1,1437,0,none,0,none,0,0,0,no_alert_unknown,no_alert_not_final_benign,-1,dns,port
2025-07-19T23:02:49.056812+0700,103.195.142.195,87.98.154.119,53,55725,UDP,flow,failed,2145151065781793,,1,1,0,1437,0,0.0,1,1437,0,none,0,none,0,0,0,no_alert_unknown,no_alert_not_final_benign,-1,dns,port
2025-07-19T23:02:49.056860+0700,103.195.142.74,118.98.44.100,18868,53,UDP,flow,dns,1998111394362974,,1,1,0,77,0,0.0,1,77,0,none,0,none,0,0,0,no_alert_unknown,no_alert_not_final_benign,-1,dns,app_proto+port
2025-07-19T23:02:49.056903+0700,103.195.142.75,8.8.8.8,59190,53,UDP,flow,dns,2098300483597923,,1,1,0,214,0,0.0,1,214,0,none,0,none,0,0,0,no_alert_unknown,no_alert_not_final_benign,-1,dns,app_proto+port
2025-07-19T23:02:49.056956+0700,103.195.142.83,87.98.154.117,53,36398,UDP,flow,failed,410475364021919,,1,1,0,1190,0,0.0,1,1190,0,none,0,none,0,0,0,no_alert_unknown,no_alert_not_final_benign,-1,dns,port
2025-07-19T23:02:49.057003+0700,103.195.142.74,118.98.44.20,60308,53,UDP,flow,dns,2091132277290822,,1,1,0,74,0,0.0,1,74,0,none,0,none,0,0,0,no_alert_unknown,no_alert_not_final_benign,-1,dns,app_proto+port
2025-07-19T23:02:49.057048+0700,103.195.142.74,118.98.44.50,40369,53,UDP,flow,dns,2249301915465718,,1,1,0,214,0,0.0,1,214,0,none,0,none,0,0,0,no_alert_unknown,no_alert_not_final_benign,-1,dns,app_proto+port
2025-07-19T23:02:49.057109+0700,103.195.142.2,31.204.133.201,53,30763,UDP,flow,failed,180123992062059,,1,1,0,197,0,0.0,1,197,0,none,0,none,0,0,0,no_alert_unknown,no_alert_not_final_benign,-1,dns,port
2025-07-19T23:02:49.057199+0700,103.195.142.74,202.134.0.155,53378,53,UDP,flow,dns,542570370169156,,1,1,0,87,0,0.0,1,87,0,none,0,none,0,0,0,no_alert_unknown,no_alert_not_final_benign,-1,dns,app_proto+port
2025-07-19T23:02:49.057286+0700,103.195.142.195,87.98.154.32,53,53133,UDP,flow,failed,547285875816872,,1,1,0,1437,0,0.0,1,1437,0,none,0,none,0,0,0,no_alert_unknown,no_alert_not_final_benign,-1,dns,port
2025-07-19T23:02:49.057323+0700,103.195.142.195,87.98.154.119,53,58883,UDP,flow,failed,556594750814817,,1,1,0,1437,0,0.0,1,1437,0,none,0,none,0,0,0,no_alert_unknown,no_alert_not_final_benign,-1,dns,port
2025-07-19T23:02:49.057343+0700,103.195.142.83,87.98.154.119,53,60275,UDP,flow,failed,2177967595256447,,1,1,0,1190,0,0.0,1,1190,0,none,0,none,0,0,0,no_alert_unknown,no_alert_not_final_benign,-1,dns,port
2025-07-19T23:02:49.057476+0700,103.195.142.74,202.134.0.155,16905,53,UDP,flow,dns,201479784037084,,1,1,0,214,0,0.0,1,214,0,none,0,none,0,0,0,no_alert_unknown,no_alert_not_final_benign,-1,dns,app_proto+port
2025-07-19T23:02:49.057496+0700,103.195.142.83,87.98.154.119,53,9637,UDP,flow,failed,105982217026269,,1,1,0,1190,0,0.0,1,1190,0,none,0,none,0,0,0,no_alert_unknown,no_alert_not_final_benign,-1,dns,port
2025-07-19T23:02:49.057547+0700,103.195.142.109,87.98.154.17,53,16870,UDP,flow,failed,293670933101372,,1,1,0,1437,0,0.0,1,1437,0,none,0,none,0,0,0,no_alert_unknown,no_alert_not_final_benign,-1,dns,port
2025-07-19T23:02:49.057567+0700,103.195.142.83,87.98.154.119,53,14881,UDP,flow,failed,1981419424512888,,1,1,0,1190,0,0.0,1,1190,0,none,0,none,0,0,0,no_alert_unknown,no_alert_not_final_benign,-1,dns,port
2025-07-19T23:02:49.057587+0700,103.195.142.74,202.134.0.155,14943,53,UDP,flow,dns,478120440429513,,1,1,0,74,0,0.0,1,74,0,none,0,none,0,0,0,no_alert_unknown,no_alert_not_final_benign,-1,dns,app_proto+port
2025-07-19T23:02:49.057633+0700,103.195.142.74,202.134.0.155,61627,53,UDP,flow,dns,1298889309236,,1,1,0,90,0,0.0,1,90,0,none,0,none,0,0,0,no_alert_unknown,no_alert_not_final_benign,-1,dns,app_proto+port
2025-07-19T23:02:49.057674+0700,103.195.142.83,87.98.154.114,53,20407,UDP,flow,failed,458048775060731,,1,1,0,1190,0,0.0,1,1190,0,none,0,none,0,0,0,no_alert_unknown,no_alert_not_final_benign,-1,dns,port
2025-07-19T23:02:49.057694+0700,103.195.142.165,87.98.154.119,53,15196,UDP,flow,failed,38973897506044,,1,1,0,1437,0,0.0,1,1437,0,none,0,none,0,0,0,no_alert_unknown,no_alert_not_final_benign,-1,dns,port
2025-07-19T23:02:49.057895+0700,103.195.142.74,118.98.44.100,47634,53,UDP,flow,dns,2181858155953649,,1,1,0,88,0,0.0,1,88,0,none,0,none,0,0,0,no_alert_unknown,no_alert_not_final_benign,-1,dns,app_proto+port
2025-07-19T23:02:49.057915+0700,103.195.142.74,118.98.44.100,12995,53,UDP,flow,dns,254974204509695,,1,1,0,196,0,0.0,1,196,0,none,0,none,0,0,0,no_alert_unknown,no_alert_not_final_benign,-1,dns,app_proto+port
2025-07-19T23:02:49.057949+0700,103.195.142.109,87.98.154.119,53,1993,UDP,flow,failed,2048494133378579,,1,1,0,1437,0,0.0,1,1437,0,none,0,none,0,0,0,no_alert_unknown,no_alert_not_final_benign,-1,dns,port
2025-07-19T23:02:49.058004+0700,103.195.142.74,118.98.44.100,59504,53,UDP,flow,dns,2231149553188477,,1,1,0,97,0,0.0,1,97,0,none,0,none,0,0,0,no_alert_unknown,no_alert_not_final_benign,-1,dns,app_proto+port
2025-07-19T23:02:49.058028+0700,103.195.142.165,87.98.154.185,53,15798,UDP,flow,failed,269574715211391,,1,1,0,1437,0,0.0,1,1437,0,none,0,none,0,0,0,no_alert_unknown,no_alert_not_final_benign,-1,dns,port
2025-07-19T23:02:49.058084+0700,103.195.142.75,8.8.8.8,32154,53,UDP,flow,dns,299638052683395,,1,1,0,214,0,0.0,1,214,0,none,0,none,0,0,0,no_alert_unknown,no_alert_not_final_benign,-1,dns,app_proto+port
2025-07-19T23:02:49.058199+0700,103.195.142.74,118.98.44.50,65372,53,UDP,flow,dns,275065378569892,,1,1,0,68,0,0.0,1,68,0,none,0,none,0,0,0,no_alert_unknown,no_alert_not_final_benign,-1,dns,app_proto+port
2025-07-19T23:02:49.058339+0700,103.195.142.76,87.98.154.58,53,30916,UDP,flow,failed,2235165214572335,,1,1,0,1469,0,0.0,1,1469,0,none,0,none,0,0,0,no_alert_unknown,no_alert_not_final_benign,-1,dns,port
2025-07-19T23:02:49.058360+0700,103.195.142.83,87.98.154.119,53,6523,UDP,flow,failed,549284842241917,,1,1,0,1190,0,0.0,1,1190,0,none,0,none,0,0,0,no_alert_unknown,no_alert_not_final_benign,-1,dns,port
2025-07-19T23:02:49.058382+0700,103.195.142.83,87.98.154.50,53,48927,UDP,flow,failed,179028282507165,,1,1,0,1190,0,0.0,1,1190,0,none,0,none,0,0,0,no_alert_unknown,no_alert_not_final_benign,-1,dns,port
2025-07-19T23:02:49.058454+0700,103.195.142.195,87.98.154.8,53,17420,UDP,flow,failed,354633215377438,,1,1,0,1437,0,0.0,1,1437,0,none,0,none,0,0,0,no_alert_unknown,no_alert_not_final_benign,-1,dns,port
2025-07-19T23:02:49.058474+0700,103.195.142.75,8.8.8.8,10417,53,UDP,flow,dns,539428715954226,,1,1,0,81,0,0.0,1,81,0,none,0,none,0,0,0,no_alert_unknown,no_alert_not_final_benign,-1,dns,app_proto+port
2025-07-19T23:02:49.058498+0700,103.195.142.109,87.98.154.169,53,56027,UDP,flow,failed,332197255577682,,1,1,0,1437,0,0.0,1,1437,0,none,0,none,0,0,0,no_alert_unknown,no_alert_not_final_benign,-1,dns,port
2025-07-19T23:02:49.058530+0700,103.195.142.74,118.98.44.50,47261,53,UDP,flow,dns,196824238981206,,1,1,0,68,0,0.0,1,68,0,none,0,none,0,0,0,no_alert_unknown,no_alert_not_final_benign,-1,dns,app_proto+port
2025-07-19T23:02:49.058559+0700,103.195.142.74,118.98.44.50,28033,53,UDP,flow,dns,11289753288815,,1,1,0,250,0,0.0,1,250,0,none,0,none,0,0,0,no_alert_unknown,no_alert_not_final_benign,-1,dns,app_proto+port
2025-07-19T23:02:49.058581+0700,103.195.142.3,118.98.99.242,53,5763,UDP,flow,failed,2214776216354930,,1,1,0,106,0,0.0,1,106,0,none,0,none,0,0,0,no_alert_unknown,no_alert_not_final_benign,-1,dns,port
2025-07-19T23:02:49.058600+0700,103.195.142.196,87.98.154.93,53,12394,UDP,flow,failed,138844031090865,,1,1,0,1437,0,0.0,1,1437,0,none,0,none,0,0,0,no_alert_unknown,no_alert_not_final_benign,-1,dns,port
2025-07-19T23:02:49.058641+0700,103.195.142.83,87.98.154.119,53,29202,UDP,flow,failed,2149601770275043,,1,1,0,1190,0,0.0,1,1190,0,none,0,none,0,0,0,no_alert_unknown,no_alert_not_final_benign,-1,dns,port
2025-07-19T23:02:49.058664+0700,103.195.142.165,87.98.154.101,53,17783,UDP,flow,failed,536369292181805,,1,1,0,1437,0,0.0,1,1437,0,none,0,none,0,0,0,no_alert_unknown,no_alert_not_final_benign,-1,dns,port
2025-07-19T23:02:49.058821+0700,103.195.142.195,87.98.154.100,53,13059,UDP,flow,failed,40647745667660,,1,1,0,1437,0,0.0,1,1437,0,none,0,none,0,0,0,no_alert_unknown,no_alert_not_final_benign,-1,dns,port
2025-07-19T23:02:49.058840+0700,103.195.142.2,180.241.27.5,53,33606,UDP,flow,failed,81265910940290,,1,1,0,106,0,0.0,1,106,0,none,0,none,0,0,0,no_alert_unknown,no_alert_not_final_benign,-1,dns,port
2025-07-19T23:02:49.058985+0700,103.195.142.196,87.98.154.119,53,27198,UDP,flow,failed,191231631295493,,1,1,0,1437,0,0.0,1,1437,0,none,0,none,0,0,0,no_alert_unknown,no_alert_not_final_benign,-1,dns,port
2025-07-19T23:02:49.059057+0700,103.195.142.3,31.204.133.201,53,15078,UDP,flow,failed,206992039412924,,1,1,0,154,0,0.0,1,154,0,none,0,none,0,0,0,no_alert_unknown,no_alert_not_final_benign,-1,dns,port
2025-07-19T23:02:49.059094+0700,103.195.142.83,87.98.154.230,53,61066,UDP,flow,failed,303835806106841,,1,1,0,1190,0,0.0,1,1190,0,none,0,none,0,0,0,no_alert_unknown,no_alert_not_final_benign,-1,dns,port
2025-07-19T23:02:49.059167+0700,103.195.142.74,118.98.44.20,27134,53,UDP,flow,dns,231393113081146,,1,1,0,77,0,0.0,1,77,0,none,0,none,0,0,0,no_alert_unknown,no_alert_not_final_benign,-1,dns,app_proto+port
2025-07-19T23:02:49.059230+0700,103.195.142.2,112.215.37.219,53,40301,UDP,flow,failed,555886928725369,,1,1,0,135,0,0.0,1,135,0,none,0,none,0,0,0,no_alert_unknown,no_alert_not_final_benign,-1,dns,port
2025-07-19T23:02:49.059281+0700,103.195.142.196,87.98.154.119,53,40238,UDP,flow,failed,315944082605469,,1,1,0,1437,0,0.0,1,1437,0,none,0,none,0,0,0,no_alert_unknown,no_alert_not_final_benign,-1,dns,port
2025-07-19T23:02:49.059343+0700,103.195.142.74,118.98.44.20,35611,53,UDP,flow,dns,485236297434724,,1,1,0,214,0,0.0,1,214,0,none,0,none,0,0,0,no_alert_unknown,no_alert_not_final_benign,-1,dns,app_proto+port
2025-07-19T23:02:49.059393+0700,103.195.142.3,180.241.233.76,53,6830,UDP,flow,failed,272731949631193,,1,1,0,187,0,0.0,1,187,0,none,0,none,0,0,0,no_alert_unknown,no_alert_not_final_benign,-1,dns,port
2025-07-19T23:02:49.059438+0700,103.195.142.74,118.98.44.50,45677,53,UDP,flow,dns,2167489880393537,,1,1,0,68,0,0.0,1,68,0,none,0,none,0,0,0,no_alert_unknown,no_alert_not_final_benign,-1,dns,app_proto+port
2025-07-19T23:02:49.059511+0700,103.195.142.46,87.98.154.119,53,20086,UDP,flow,failed,495827875202931,,1,1,0,1437,0,0.0,1,1437,0,none,0,none,0,0,0,no_alert_unknown,no_alert_not_final_benign,-1,dns,port
2025-07-19T23:02:49.059530+0700,103.195.142.46,87.98.154.119,53,62107,UDP,flow,failed,559388928182174,,1,1,0,1437,0,0.0,1,1437,0,none,0,none,0,0,0,no_alert_unknown,no_alert_not_final_benign,-1,dns,port
2025-07-19T23:02:49.059577+0700,103.195.142.83,87.98.154.226,53,52167,UDP,flow,failed,134537014937523,,1,1,0,1190,0,0.0,1,1190,0,none,0,none,0,0,0,no_alert_unknown,no_alert_not_final_benign,-1,dns,port
2025-07-19T23:02:49.059595+0700,103.195.142.195,87.98.154.119,53,20865,UDP,flow,failed,193879139944550,,1,1,0,1437,0,0.0,1,1437,0,none,0,none,0,0,0,no_alert_unknown,no_alert_not_final_benign,-1,dns,port
2025-07-19T23:02:49.059614+0700,103.195.142.76,87.98.154.202,53,9560,UDP,flow,failed,509515643553957,,1,1,0,1469,0,0.0,1,1469,0,none,0,none,0,0,0,no_alert_unknown,no_alert_not_final_benign,-1,dns,port
2025-07-19T23:02:49.059633+0700,103.195.142.74,202.134.0.155,18443,53,UDP,flow,dns,469368917919920,,1,1,0,214,0,0.0,1,214,0,none,0,none,0,0,0,no_alert_unknown,no_alert_not_final_benign,-1,dns,app_proto+port
2025-07-19T23:02:49.059670+0700,103.195.142.75,8.8.8.8,49996,53,UDP,flow,dns,48121620334769,,1,1,0,196,0,0.0,1,196,0,none,0,none,0,0,0,no_alert_unknown,no_alert_not_final_benign,-1,dns,app_proto+port
2025-07-19T23:02:49.059691+0700,103.195.142.74,118.98.44.100,14958,53,UDP,flow,dns,2062527761615147,,1,1,0,214,0,0.0,1,214,0,none,0,none,0,0,0,no_alert_unknown,no_alert_not_final_benign,-1,dns,app_proto+port
2025-07-19T23:02:49.059760+0700,103.195.142.46,87.98.154.119,53,60735,UDP,flow,failed,2100815390837234,,1,1,0,1437,0,0.0,1,1437,0,none,0,none,0,0,0,no_alert_unknown,no_alert_not_final_benign,-1,dns,port
2025-07-19T23:02:49.059782+0700,103.195.142.165,87.98.154.37,53,60786,UDP,flow,failed,31959871588868,,1,1,0,1437,0,0.0,1,1437,0,none,0,none,0,0,0,no_alert_unknown,no_alert_not_final_benign,-1,dns,port
2025-07-19T23:02:49.059860+0700,103.195.142.74,202.134.0.155,59758,53,UDP,flow,dns,33305257052846,,1,1,0,75,0,0.0,1,75,0,none,0,none,0,0,0,no_alert_unknown,no_alert_not_final_benign,-1,dns,app_proto+port
2025-07-19T23:02:49.059881+0700,103.195.142.74,202.134.0.155,35346,53,UDP,flow,dns,2000368290106075,,1,1,0,108,0,0.0,1,108,0,none,0,none,0,0,0,no_alert_unknown,no_alert_not_final_benign,-1,dns,app_proto+port
2025-07-19T23:02:49.059945+0700,103.195.142.75,8.8.8.8,31000,53,UDP,flow,dns,158224728656764,,1,1,0,214,0,0.0,1,214,0,none,0,none,0,0,0,no_alert_unknown,no_alert_not_final_benign,-1,dns,app_proto+port
2025-07-19T23:02:49.059973+0700,103.195.142.74,118.98.44.20,51662,53,UDP,flow,dns,292991435017231,,1,1,0,77,0,0.0,1,77,0,none,0,none,0,0,0,no_alert_unknown,no_alert_not_final_benign,-1,dns,app_proto+port
2025-07-19T23:02:49.059994+0700,103.195.142.46,87.98.154.119,53,64004,UDP,flow,failed,2017087119821889,,1,1,0,1437,0,0.0,1,1437,0,none,0,none,0,0,0,no_alert_unknown,no_alert_not_final_benign,-1,dns,port
2025-07-19T23:02:49.060014+0700,103.195.142.76,87.98.154.119,53,54690,UDP,flow,failed,2251579833781359,,1,1,0,1469,0,0.0,1,1469,0,none,0,none,0,0,0,no_alert_unknown,no_alert_not_final_benign,-1,dns,port
2025-07-19T23:02:49.060054+0700,103.195.142.195,87.98.154.156,53,51905,UDP,flow,failed,1977714098244977,,1,1,0,1437,0,0.0,1,1437,0,none,0,none,0,0,0,no_alert_unknown,no_alert_not_final_benign,-1,dns,port
2025-07-19T23:02:49.060072+0700,103.195.142.165,87.98.154.119,53,46005,UDP,flow,failed,425480862829995,,1,1,0,1437,0,0.0,1,1437,0,none,0,none,0,0,0,no_alert_unknown,no_alert_not_final_benign,-1,dns,port
2025-07-19T23:02:49.060148+0700,103.195.142.74,118.98.44.20,5574,53,UDP,flow,dns,533216017911329,,1,1,0,214,0,0.0,1,214,0,none,0,none,0,0,0,no_alert_unknown,no_alert_not_final_benign,-1,dns,app_proto+port
2025-07-19T23:02:49.060188+0700,103.195.142.74,202.134.0.155,14954,53,UDP,flow,dns,438505585774217,,1,1,0,220,0,0.0,1,220,0,none,0,none,0,0,0,no_alert_unknown,no_alert_not_final_benign,-1,dns,app_proto+port
2025-07-19T23:02:49.060259+0700,103.195.142.83,87.98.154.119,53,11936,UDP,flow,failed,2057333837467473,,1,1,0,1190,0,0.0,1,1190,0,none,0,none,0,0,0,no_alert_unknown,no_alert_not_final_benign,-1,dns,port
2025-07-19T23:02:49.060305+0700,103.195.142.196,87.98.154.119,53,16008,UDP,flow,failed,28654247743358,,1,1,0,1437,0,0.0,1,1437,0,none,0,none,0,0,0,no_alert_unknown,no_alert_not_final_benign,-1,dns,port
2025-07-19T23:02:49.060347+0700,103.195.142.74,202.134.0.155,40200,53,UDP,flow,dns,2017355049537489,,1,1,0,73,0,0.0,1,73,0,none,0,none,0,0,0,no_alert_unknown,no_alert_not_final_benign,-1,dns,app_proto+port
2025-07-19T23:02:49.060376+0700,103.195.142.74,118.98.44.50,34776,53,UDP,flow,dns,412170014625996,,1,2,0,204,0,7.0,2,204,0,none,0,none,0,0,0,no_alert_unknown,no_alert_not_final_benign,-1,dns,app_proto+port
2025-07-19T23:02:49.060413+0700,103.195.142.196,87.98.154.153,53,7747,UDP,flow,failed,2199890829709551,,1,1,0,1437,0,0.0,1,1437,0,none,0,none,0,0,0,no_alert_unknown,no_alert_not_final_benign,-1,dns,port
2025-07-19T23:02:49.060433+0700,103.195.142.75,8.8.8.8,49554,53,UDP,flow,dns,366800535884111,,1,1,0,211,0,0.0,1,211,0,none,0,none,0,0,0,no_alert_unknown,no_alert_not_final_benign,-1,dns,app_proto+port
2025-07-19T23:02:49.060477+0700,103.195.142.165,87.98.154.119,53,3227,UDP,flow,failed,437451278061920,,1,1,0,1437,0,0.0,1,1437,0,none,0,none,0,0,0,no_alert_unknown,no_alert_not_final_benign,-1,dns,port
2025-07-19T23:02:49.060502+0700,103.195.142.74,118.98.44.20,52269,53,UDP,flow,dns,437408904319548,,1,1,0,223,0,0.0,1,223,0,none,0,none,0,0,0,no_alert_unknown,no_alert_not_final_benign,-1,dns,app_proto+port
2025-07-19T23:02:49.060536+0700,103.195.142.74,202.134.0.155,20525,53,UDP,flow,dns,2174772515115762,,1,1,0,111,0,0.0,1,111,0,none,0,none,0,0,0,no_alert_unknown,no_alert_not_final_benign,-1,dns,app_proto+port
2025-07-19T23:02:49.060655+0700,103.195.142.109,87.98.154.119,53,20436,UDP,flow,failed,106074228987222,,1,1,0,1437,0,0.0,1,1437,0,none,0,none,0,0,0,no_alert_unknown,no_alert_not_final_benign,-1,dns,port
2025-07-19T23:02:49.060687+0700,103.195.142.195,87.98.154.156,53,38936,UDP,flow,failed,2200975385105873,,1,1,0,1437,0,0.0,1,1437,0,none,0,none,0,0,0,no_alert_unknown,no_alert_not_final_benign,-1,dns,port
2025-07-19T23:02:49.060781+0700,103.195.142.195,87.98.154.119,53,24980,UDP,flow,failed,357759590798848,,1,1,0,1437,0,0.0,1,1437,0,none,0,none,0,0,0,no_alert_unknown,no_alert_not_final_benign,-1,dns,port
2025-07-19T23:02:49.060802+0700,103.195.142.74,118.98.44.50,57184,53,UDP,flow,dns,192210399073836,,1,1,0,83,0,0.0,1,83,0,none,0,none,0,0,0,no_alert_unknown,no_alert_not_final_benign,-1,dns,app_proto+port
2025-07-19T23:02:49.060851+0700,103.195.142.196,87.98.154.121,53,19849,UDP,flow,failed,2128546827933254,,1,1,0,1437,0,0.0,1,1437,0,none,0,none,0,0,0,no_alert_unknown,no_alert_not_final_benign,-1,dns,port
2025-07-19T23:02:49.060890+0700,103.195.142.196,87.98.154.97,53,22733,UDP,flow,failed,308831174334156,,1,1,0,1437,0,0.0,1,1437,0,none,0,none,0,0,0,no_alert_unknown,no_alert_not_final_benign,-1,dns,port
2025-07-19T23:02:49.060933+0700,103.195.142.75,8.8.8.8,44257,53,UDP,flow,dns,2007367121704760,,1,1,0,178,0,0.0,1,178,0,none,0,none,0,0,0,no_alert_unknown,no_alert_not_final_benign,-1,dns,app_proto+port
2025-07-19T23:02:49.060955+0700,103.195.142.196,87.98.154.119,53,42449,UDP,flow,failed,271046793828154,,1,1,0,1437,0,0.0,1,1437,0,none,0,none,0,0,0,no_alert_unknown,no_alert_not_final_benign,-1,dns,port
2025-07-19T23:02:49.060977+0700,103.195.142.74,118.98.44.20,54148,53,UDP,flow,dns,286585006266201,,1,1,0,86,0,0.0,1,86,0,none,0,none,0,0,0,no_alert_unknown,no_alert_not_final_benign,-1,dns,app_proto+port
2025-07-19T23:02:49.061013+0700,103.195.142.83,87.98.154.86,53,63842,UDP,flow,failed,1478945976293310,,1,3,0,3570,0,10.0,3,3570,0,none,0,none,0,0,0,no_alert_unknown,no_alert_not_final_benign,-1,dns,port
2025-07-19T23:02:49.061033+0700,103.195.142.75,8.8.8.8,24549,53,UDP,flow,dns,314780802881473,,1,1,0,211,0,0.0,1,211,0,none,0,none,0,0,0,no_alert_unknown,no_alert_not_final_benign,-1,dns,app_proto+port
2025-07-19T23:02:49.061110+0700,103.195.142.83,87.98.154.106,53,27627,UDP,flow,failed,2161565332019268,,1,1,0,1190,0,0.0,1,1190,0,none,0,none,0,0,0,no_alert_unknown,no_alert_not_final_benign,-1,dns,port
2025-07-19T23:02:49.061166+0700,103.195.142.109,87.98.154.229,53,7282,UDP,flow,failed,258077306787913,,1,1,0,1437,0,0.0,1,1437,0,none,0,none,0,0,0,no_alert_unknown,no_alert_not_final_benign,-1,dns,port
2025-07-19T23:02:49.061197+0700,103.195.142.75,8.8.8.8,4344,53,UDP,flow,dns,349825391466701,,1,1,0,82,0,0.0,1,82,0,none,0,none,0,0,0,no_alert_unknown,no_alert_not_final_benign,-1,dns,app_proto+port
2025-07-19T23:02:49.061273+0700,103.195.142.75,8.8.8.8,14045,53,UDP,flow,dns,192219603999017,,1,1,0,214,0,0.0,1,214,0,none,0,none,0,0,0,no_alert_unknown,no_alert_not_final_benign,-1,dns,app_proto+port
2025-07-19T23:02:49.061312+0700,103.195.142.76,87.98.154.166,53,33555,UDP,flow,failed,1977157822650875,,1,1,0,1469,0,0.0,1,1469,0,none,0,none,0,0,0,no_alert_unknown,no_alert_not_final_benign,-1,dns,port
2025-07-19T23:02:49.061351+0700,103.195.142.83,87.98.154.58,53,2179,UDP,flow,failed,1826526630582846,,1,3,0,3570,0,10.0,3,3570,0,none,0,none,0,0,0,no_alert_unknown,no_alert_not_final_benign,-1,dns,port
2025-07-19T23:02:49.061458+0700,103.195.142.74,118.98.44.100,34691,53,UDP,flow,dns,61872425081565,,1,1,0,74,0,0.0,1,74,0,none,0,none,0,0,0,no_alert_unknown,no_alert_not_final_benign,-1,dns,app_proto+port
2025-07-19T23:02:49.061490+0700,103.195.142.74,118.98.44.20,34626,53,UDP,flow,dns,2168762765024078,,1,1,0,114,0,0.0,1,114,0,none,0,none,0,0,0,no_alert_unknown,no_alert_not_final_benign,-1,dns,app_proto+port
2025-07-19T23:02:49.061511+0700,103.195.142.2,146.112.133.130,53,54068,UDP,flow,failed,83732788026368,,1,1,0,176,0,0.0,1,176,0,none,0,none,0,0,0,no_alert_unknown,no_alert_not_final_benign,-1,dns,port
2025-07-19T23:02:49.061530+0700,103.195.142.196,87.98.154.119,53,25884,UDP,flow,failed,227080764791855,,1,1,0,1437,0,0.0,1,1437,0,none,0,none,0,0,0,no_alert_unknown,no_alert_not_final_benign,-1,dns,port
2025-07-19T23:02:49.061558+0700,103.195.142.195,87.98.154.119,53,50026,UDP,flow,failed,2096358586063928,,1,1,0,1437,0,0.0,1,1437,0,none,0,none,0,0,0,no_alert_unknown,no_alert_not_final_benign,-1,dns,port
2025-07-19T23:02:49.061578+0700,103.195.142.196,87.98.154.119,53,6528,UDP,flow,failed,332407962868872,,1,1,0,1437,0,0.0,1,1437,0,none,0,none,0,0,0,no_alert_unknown,no_alert_not_final_benign,-1,dns,port
2025-07-19T23:02:49.061642+0700,103.195.142.165,87.98.154.73,53,54580,UDP,flow,failed,341786920819913,,1,1,0,1437,0,0.0,1,1437,0,none,0,none,0,0,0,no_alert_unknown,no_alert_not_final_benign,-1,dns,port
2025-07-19T23:02:49.061693+0700,103.195.142.74,118.98.44.20,4837,53,UDP,flow,dns,503858032155854,,1,1,0,223,0,0.0,1,223,0,none,0,none,0,0,0,no_alert_unknown,no_alert_not_final_benign,-1,dns,app_proto+port
2025-07-19T23:02:49.061718+0700,103.195.142.76,87.98.154.119,53,21932,UDP,flow,failed,239773673332016,,1,1,0,1469,0,0.0,1,1469,0,none,0,none,0,0,0,no_alert_unknown,no_alert_not_final_benign,-1,dns,port
2025-07-19T23:02:49.061759+0700,103.195.142.74,118.98.44.20,17254,53,UDP,flow,dns,2088486772612471,,1,1,0,214,0,0.0,1,214,0,none,0,none,0,0,0,no_alert_unknown,no_alert_not_final_benign,-1,dns,app_proto+port
2025-07-19T23:02:49.061778+0700,103.195.142.74,118.98.44.20,10330,53,UDP,flow,dns,312537977003424,,1,1,0,85,0,0.0,1,85,0,none,0,none,0,0,0,no_alert_unknown,no_alert_not_final_benign,-1,dns,app_proto+port
2025-07-19T23:02:49.061742+0700,103.195.142.74,118.98.44.20,22383,53,UDP,dns,,546656297699149,wire/pcap,0,0,0,0,0,0.0,0,0,0,none,0,none,0,0,0,no_alert_unknown,no_alert_not_final_benign,-1,dns,port
2025-07-19T23:02:49.061871+0700,103.195.142.3,31.204.133.201,53,17321,UDP,flow,failed,254878835416616,,1,1,0,127,0,0.0,1,127,0,none,0,none,0,0,0,no_alert_unknown,no_alert_not_final_benign,-1,dns,port
2025-07-19T23:02:49.061893+0700,103.195.142.165,87.98.154.119,53,6547,UDP,flow,failed,337952830070375,,1,1,0,1437,0,0.0,1,1437,0,none,0,none,0,0,0,no_alert_unknown,no_alert_not_final_benign,-1,dns,port
2025-07-19T23:02:49.061953+0700,103.195.142.83,87.98.154.130,53,43564,UDP,flow,failed,2243384308670340,,1,1,0,1190,0,0.0,1,1190,0,none,0,none,0,0,0,no_alert_unknown,no_alert_not_final_benign,-1,dns,port
2025-07-19T23:02:49.062040+0700,103.195.142.74,202.134.0.155,34227,53,UDP,flow,dns,2165905757511785,,1,1,0,88,0,0.0,1,88,0,none,0,none,0,0,0,no_alert_unknown,no_alert_not_final_benign,-1,dns,app_proto+port
2025-07-19T23:02:49.062061+0700,103.195.142.195,87.98.154.188,53,10465,UDP,flow,failed,286565612134569,,1,1,0,1437,0,0.0,1,1437,0,none,0,none,0,0,0,no_alert_unknown,no_alert_not_final_benign,-1,dns,port
2025-07-19T23:02:49.062080+0700,103.195.142.46,87.98.154.3,53,20596,UDP,flow,failed,560971342356680,,1,1,0,1437,0,0.0,1,1437,0,none,0,none,0,0,0,no_alert_unknown,no_alert_not_final_benign,-1,dns,port
2025-07-19T23:02:49.062144+0700,103.195.142.74,118.98.44.50,52437,53,UDP,flow,dns,2069846214582594,,1,1,0,214,0,0.0,1,214,0,none,0,none,0,0,0,no_alert_unknown,no_alert_not_final_benign,-1,dns,app_proto+port
2025-07-19T23:02:49.062225+0700,103.195.142.75,8.8.8.8,21284,53,UDP,flow,dns,461769883132362,,1,1,0,214,0,0.0,1,214,0,none,0,none,0,0,0,no_alert_unknown,no_alert_not_final_benign,-1,dns,app_proto+port
2025-07-19T23:02:49.062251+0700,103.195.142.74,118.98.44.50,21047,53,UDP,flow,dns,287478995034613,,1,1,0,105,0,0.0,1,105,0,none,0,none,0,0,0,no_alert_unknown,no_alert_not_final_benign,-1,dns,app_proto+port
2025-07-19T23:02:49.062287+0700,103.195.142.83,87.98.154.30,53,51241,UDP,flow,failed,2196107482178210,,1,1,0,1190,0,0.0,1,1190,0,none,0,none,0,0,0,no_alert_unknown,no_alert_not_final_benign,-1,dns,port
2025-07-19T23:02:49.062359+0700,103.195.142.75,8.8.8.8,24156,53,UDP,flow,dns,366030811243439,,1,1,0,214,0,0.0,1,214,0,none,0,none,0,0,0,no_alert_unknown,no_alert_not_final_benign,-1,dns,app_proto+port
2025-07-19T23:02:49.062382+0700,103.195.142.109,87.98.154.119,53,47408,UDP,flow,failed,465935017649139,,1,1,0,1437,0,0.0,1,1437,0,none,0,none,0,0,0,no_alert_unknown,no_alert_not_final_benign,-1,dns,port
2025-07-19T23:02:49.062402+0700,103.195.142.75,34.8.196.142,20994,53,UDP,flow,dns,140570652517577,,1,1,0,207,0,0.0,1,207,0,none,0,none,0,0,0,no_alert_unknown,no_alert_not_final_benign,-1,dns,app_proto+port
2025-07-19T23:02:49.062473+0700,103.195.142.74,118.98.44.100,36500,53,UDP,flow,dns,97847543997811,,1,1,0,214,0,0.0,1,214,0,none,0,none,0,0,0,no_alert_unknown,no_alert_not_final_benign,-1,dns,app_proto+port
2025-07-19T23:02:49.062498+0700,103.195.142.109,87.98.154.119,53,64411,UDP,flow,failed,387020957558229,,1,1,0,1437,0,0.0,1,1437,0,none,0,none,0,0,0,no_alert_unknown,no_alert_not_final_benign,-1,dns,port
2025-07-19T23:02:49.062557+0700,103.195.142.165,87.98.154.217,53,39104,UDP,flow,failed,161102808688187,,1,1,0,1437,0,0.0,1,1437,0,none,0,none,0,0,0,no_alert_unknown,no_alert_not_final_benign,-1,dns,port
2025-07-19T23:02:49.062577+0700,103.195.142.109,87.98.154.119,53,44367,UDP,flow,failed,464377124562503,,1,1,0,1437,0,0.0,1,1437,0,none,0,none,0,0,0,no_alert_unknown,no_alert_not_final_benign,-1,dns,port
2025-07-19T23:02:49.062597+0700,103.195.142.195,87.98.154.119,53,19374,UDP,flow,failed,494952351475277,,1,1,0,1437,0,0.0,1,1437,0,none,0,none,0,0,0,no_alert_unknown,no_alert_not_final_benign,-1,dns,port
2025-07-19T23:02:49.062629+0700,103.195.142.195,87.98.154.119,53,23870,UDP,flow,failed,181531612161624,,1,1,0,1437,0,0.0,1,1437,0,none,0,none,0,0,0,no_alert_unknown,no_alert_not_final_benign,-1,dns,port
2025-07-19T23:02:49.062670+0700,103.195.142.75,8.8.8.8,20066,53,UDP,flow,dns,2066444372420207,,1,1,0,250,0,0.0,1,250,0,none,0,none,0,0,0,no_alert_unknown,no_alert_not_final_benign,-1,dns,app_proto+port
2025-07-19T23:02:49.062723+0700,103.195.142.195,87.98.154.117,53,24337,UDP,flow,failed,2073641494521570,,1,1,0,1437,0,0.0,1,1437,0,none,0,none,0,0,0,no_alert_unknown,no_alert_not_final_benign,-1,dns,port
2025-07-19T23:02:49.062743+0700,103.195.142.2,180.241.233.204,53,39118,UDP,flow,failed,63983470192504,,1,1,0,174,0,0.0,1,174,0,none,0,none,0,0,0,no_alert_unknown,no_alert_not_final_benign,-1,dns,port
2025-07-19T23:02:49.062762+0700,103.195.142.74,202.134.0.155,24332,53,UDP,flow,dns,555449964898256,,1,1,0,214,0,0.0,1,214,0,none,0,none,0,0,0,no_alert_unknown,no_alert_not_final_benign,-1,dns,app_proto+port
2025-07-19T23:02:49.062783+0700,103.195.142.109,87.98.154.113,53,20604,UDP,flow,failed,261782152685580,,1,1,0,1437,0,0.0,1,1437,0,none,0,none,0,0,0,no_alert_unknown,no_alert_not_final_benign,-1,dns,port
2025-07-19T23:02:49.062825+0700,103.195.142.31,8.8.8.8,53059,53,UDP,flow,dns,438565828110566,,1,1,0,77,0,0.0,1,77,0,none,0,none,0,0,0,no_alert_unknown,no_alert_not_final_benign,-1,dns,app_proto+port
2025-07-19T23:02:49.062850+0700,103.195.142.75,8.8.8.8,12640,53,UDP,flow,dns,39607272679693,,1,1,0,241,0,0.0,1,241,0,none,0,none,0,0,0,no_alert_unknown,no_alert_not_final_benign,-1,dns,app_proto+port
2025-07-19T23:02:49.062937+0700,103.195.142.76,87.98.154.2,53,10713,UDP,flow,failed,2035278632987128,,1,1,0,1469,0,0.0,1,1469,0,none,0,none,0,0,0,no_alert_unknown,no_alert_not_final_benign,-1,dns,port
2025-07-19T23:02:49.062971+0700,103.195.142.109,87.98.154.141,53,63229,UDP,flow,failed,241197398239787,,1,1,0,1437,0,0.0,1,1437,0,none,0,none,0,0,0,no_alert_unknown,no_alert_not_final_benign,-1,dns,port
2025-07-19T23:02:49.063003+0700,103.195.142.76,87.98.154.90,53,6214,UDP,flow,failed,2241697586227820,,1,3,0,4407,0,10.0,3,4407,0,none,0,none,0,0,0,no_alert_unknown,no_alert_not_final_benign,-1,dns,port
2025-07-19T23:02:49.063063+0700,103.195.142.195,87.98.154.64,53,62151,UDP,flow,failed,2117083829840783,,1,1,0,1437,0,0.0,1,1437,0,none,0,none,0,0,0,no_alert_unknown,no_alert_not_final_benign,-1,dns,port
2025-07-19T23:02:49.063084+0700,103.195.142.76,87.98.154.119,53,24930,UDP,flow,failed,438166555339761,,1,1,0,1469,0,0.0,1,1469,0,none,0,none,0,0,0,no_alert_unknown,no_alert_not_final_benign,-1,dns,port
2025-07-19T23:02:49.063156+0700,103.195.142.3,172.217.43.144,53,59576,UDP,flow,failed,51596341226516,,1,1,0,202,0,0.0,1,202,0,none,0,none,0,0,0,no_alert_unknown,no_alert_not_final_benign,-1,dns,port
2025-07-19T23:02:49.063251+0700,103.195.142.109,87.98.154.118,53,60389,UDP,flow,failed,2114553753382095,,1,1,0,1437,0,0.0,1,1437,0,none,0,none,0,0,0,no_alert_unknown,no_alert_not_final_benign,-1,dns,port
2025-07-19T23:02:49.063316+0700,103.195.142.165,87.98.154.101,53,7017,UDP,flow,failed,502563992644935,,1,1,0,1437,0,0.0,1,1437,0,none,0,none,0,0,0,no_alert_unknown,no_alert_not_final_benign,-1,dns,port
2025-07-19T23:02:49.063378+0700,103.195.142.74,118.98.44.50,38223,53,UDP,flow,dns,119711023902045,,1,1,0,130,0,0.0,1,130,0,none,0,none,0,0,0,no_alert_unknown,no_alert_not_final_benign,-1,dns,app_proto+port
2025-07-19T23:02:49.063409+0700,103.195.142.74,118.98.44.20,14422,53,UDP,flow,dns,444895442054618,,1,1,0,223,0,0.0,1,223,0,none,0,none,0,0,0,no_alert_unknown,no_alert_not_final_benign,-1,dns,app_proto+port
2025-07-19T23:02:49.063430+0700,103.195.142.46,87.98.154.59,53,4642,UDP,flow,failed,1866838939086400,,1,3,0,4311,0,10.0,3,4311,0,none,0,none,0,0,0,no_alert_unknown,no_alert_not_final_benign,-1,dns,port
2025-07-19T23:02:49.063448+0700,103.195.142.165,87.98.154.189,53,61939,UDP,flow,failed,464900221447797,,1,1,0,1437,0,0.0,1,1437,0,none,0,none,0,0,0,no_alert_unknown,no_alert_not_final_benign,-1,dns,port
2025-07-19T23:02:49.063474+0700,103.195.142.74,118.98.44.50,6297,53,UDP,flow,dns,492641077374678,,1,1,0,214,0,0.0,1,214,0,none,0,none,0,0,0,no_alert_unknown,no_alert_not_final_benign,-1,dns,app_proto+port
2025-07-19T23:02:49.063494+0700,103.195.142.2,172.70.116.71,53,13083,UDP,flow,failed,2201753607089963,,1,1,0,131,0,0.0,1,131,0,none,0,none,0,0,0,no_alert_unknown,no_alert_not_final_benign,-1,dns,port
2025-07-19T23:02:49.063518+0700,103.195.142.74,118.98.44.100,2615,53,UDP,flow,dns,2052921547435844,,1,1,0,68,0,0.0,1,68,0,none,0,none,0,0,0,no_alert_unknown,no_alert_not_final_benign,-1,dns,app_proto+port
2025-07-19T23:02:49.063641+0700,103.195.142.74,202.134.0.155,16041,53,UDP,flow,dns,61467240640457,,1,1,0,68,0,0.0,1,68,0,none,0,none,0,0,0,no_alert_unknown,no_alert_not_final_benign,-1,dns,app_proto+port
2025-07-19T23:02:49.063678+0700,103.195.142.195,87.98.154.20,53,47545,UDP,flow,failed,1762200130891843,,1,2,0,2874,0,3.0,2,2874,0,none,0,none,0,0,0,no_alert_unknown,no_alert_not_final_benign,-1,dns,port
2025-07-19T23:02:49.063698+0700,103.195.142.196,87.98.154.119,53,6192,UDP,flow,failed,557276164599939,,1,1,0,1437,0,0.0,1,1437,0,none,0,none,0,0,0,no_alert_unknown,no_alert_not_final_benign,-1,dns,port
2025-07-19T23:02:49.063765+0700,103.195.142.75,8.8.8.8,63682,53,UDP,flow,dns,2220423548383423,,1,1,0,68,0,0.0,1,68,0,none,0,none,0,0,0,no_alert_unknown,no_alert_not_final_benign,-1,dns,app_proto+port
2025-07-19T23:02:49.063881+0700,103.195.142.46,87.98.154.227,53,11416,UDP,flow,failed,164386927751585,,1,1,0,1437,0,0.0,1,1437,0,none,0,none,0,0,0,no_alert_unknown,no_alert_not_final_benign,-1,dns,port
2025-07-19T23:02:49.063902+0700,103.195.142.74,118.98.44.50,62825,53,UDP,flow,dns,119466132124151,,1,1,0,82,0,0.0,1,82,0,none,0,none,0,0,0,no_alert_unknown,no_alert_not_final_benign,-1,dns,app_proto+port
2025-07-19T23:02:49.063924+0700,103.195.142.195,87.98.154.184,53,45990,UDP,flow,failed,105567047397882,,1,1,0,1437,0,0.0,1,1437,0,none,0,none,0,0,0,no_alert_unknown,no_alert_not_final_benign,-1,dns,port
2025-07-19T23:02:49.063958+0700,103.195.142.74,202.134.0.155,29500,53,UDP,flow,dns,51021860450818,,1,1,0,77,0,0.0,1,77,0,none,0,none,0,0,0,no_alert_unknown,no_alert_not_final_benign,-1,dns,app_proto+port
2025-07-19T23:02:49.064044+0700,103.195.142.74,34.8.38.57,17806,53,UDP,flow,dns,328765047255624,,1,1,0,222,0,0.0,1,222,0,none,0,none,0,0,0,no_alert_unknown,no_alert_not_final_benign,-1,dns,app_proto+port
2025-07-19T23:02:49.064070+0700,103.195.142.75,8.8.8.8,63400,53,UDP,flow,dns,2125895430320740,,1,1,0,93,0,0.0,1,93,0,none,0,none,0,0,0,no_alert_unknown,no_alert_not_final_benign,-1,dns,app_proto+port
2025-07-19T23:02:49.064091+0700,103.195.142.196,87.98.154.119,53,35348,UDP,flow,failed,2106255085024043,,1,1,0,1437,0,0.0,1,1437,0,none,0,none,0,0,0,no_alert_unknown,no_alert_not_final_benign,-1,dns,port
2025-07-19T23:02:49.064142+0700,103.195.142.75,8.8.8.8,37141,53,UDP,flow,dns,15084343276405,,1,1,0,75,0,0.0,1,75,0,none,0,none,0,0,0,no_alert_unknown,no_alert_not_final_benign,-1,dns,app_proto+port
2025-07-19T23:02:49.064163+0700,103.195.142.83,87.98.154.119,53,41605,UDP,flow,failed,337078976066756,,1,1,0,1190,0,0.0,1,1190,0,none,0,none,0,0,0,no_alert_unknown,no_alert_not_final_benign,-1,dns,port
2025-07-19T23:02:49.064182+0700,103.195.142.46,87.98.154.255,53,32404,UDP,flow,failed,2176387144561918,,1,1,0,1437,0,0.0,1,1437,0,none,0,none,0,0,0,no_alert_unknown,no_alert_not_final_benign,-1,dns,port
2025-07-19T23:02:49.064201+0700,103.195.142.76,87.98.154.119,53,23063,UDP,flow,failed,2026580957017404,,1,1,0,1469,0,0.0,1,1469,0,none,0,none,0,0,0,no_alert_unknown,no_alert_not_final_benign,-1,dns,port
2025-07-19T23:02:49.064220+0700,103.195.142.74,118.98.44.50,22379,53,UDP,flow,dns,377861879641689,,1,1,0,79,0,0.0,1,79,0,none,0,none,0,0,0,no_alert_unknown,no_alert_not_final_benign,-1,dns,app_proto+port
2025-07-19T23:02:49.064260+0700,103.195.142.75,8.8.8.8,31644,53,UDP,flow,dns,139644820207245,,1,1,0,85,0,0.0,1,85,0,none,0,none,0,0,0,no_alert_unknown,no_alert_not_final_benign,-1,dns,app_proto+port
2025-07-19T23:02:49.064308+0700,103.195.142.74,118.98.44.20,31276,53,UDP,flow,dns,115831187257068,,1,1,0,73,0,0.0,1,73,0,none,0,none,0,0,0,no_alert_unknown,no_alert_not_final_benign,-1,dns,app_proto+port
2025-07-19T23:02:49.064328+0700,103.195.142.74,118.98.44.50,36831,53,UDP,flow,dns,405627416491782,,1,1,0,223,0,0.0,1,223,0,none,0,none,0,0,0,no_alert_unknown,no_alert_not_final_benign,-1,dns,app_proto+port
2025-07-19T23:02:49.064348+0700,103.195.142.165,87.98.154.119,53,51189,UDP,flow,failed,79543731435338,,1,1,0,1437,0,0.0,1,1437,0,none,0,none,0,0,0,no_alert_unknown,no_alert_not_final_benign,-1,dns,port
2025-07-19T23:02:49.064366+0700,103.195.142.165,87.98.154.157,53,2611,UDP,flow,failed,507387395782650,,1,1,0,1437,0,0.0,1,1437,0,none,0,none,0,0,0,no_alert_unknown,no_alert_not_final_benign,-1,dns,port
2025-07-19T23:02:49.064404+0700,103.195.142.195,87.98.154.240,53,23116,UDP,flow,failed,2091100013082648,,1,1,0,1437,0,0.0,1,1437,0,none,0,none,0,0,0,no_alert_unknown,no_alert_not_final_benign,-1,dns,port
2025-07-19T23:02:49.064502+0700,103.195.142.74,118.98.44.100,32913,53,UDP,flow,dns,494494285838447,,1,1,0,211,0,0.0,1,211,0,none,0,none,0,0,0,no_alert_unknown,no_alert_not_final_benign,-1,dns,app_proto+port
2025-07-19T23:02:49.064529+0700,103.195.142.109,87.98.154.119,53,10148,UDP,flow,failed,2047395615553761,,1,1,0,1437,0,0.0,1,1437,0,none,0,none,0,0,0,no_alert_unknown,no_alert_not_final_benign,-1,dns,port
2025-07-19T23:02:49.064549+0700,103.195.142.74,118.98.44.50,4203,53,UDP,flow,dns,46410695653648,,1,1,0,196,0,0.0,1,196,0,none,0,none,0,0,0,no_alert_unknown,no_alert_not_final_benign,-1,dns,app_proto+port
2025-07-19T23:02:49.064570+0700,103.195.142.3,13.105.68.212,53,61621,UDP,flow,failed,103476190329108,,1,1,0,178,0,0.0,1,178,0,none,0,none,0,0,0,no_alert_unknown,no_alert_not_final_benign,-1,dns,port
2025-07-19T23:02:49.064590+0700,103.195.142.46,87.98.154.199,53,35682,UDP,flow,failed,2044791451105561,,1,1,0,1437,0,0.0,1,1437,0,none,0,none,0,0,0,no_alert_unknown,no_alert_not_final_benign,-1,dns,port
2025-07-19T23:02:49.064648+0700,103.195.142.195,87.98.154.119,53,34729,UDP,flow,failed,111703374903950,,1,1,0,1437,0,0.0,1,1437,0,none,0,none,0,0,0,no_alert_unknown,no_alert_not_final_benign,-1,dns,port
2025-07-19T23:02:49.064658+0700,103.195.142.74,118.98.44.50,2154,53,UDP,flow,dns,689895758838418,,1,2,0,252,0,22.0,2,252,0,none,0,none,0,0,0,no_alert_unknown,no_alert_not_final_benign,-1,dns,app_proto+port
2025-07-19T23:02:49.064668+0700,103.195.142.83,87.98.154.119,53,35406,UDP,flow,failed,164577003911858,,1,1,0,1190,0,0.0,1,1190,0,none,0,none,0,0,0,no_alert_unknown,no_alert_not_final_benign,-1,dns,port
2025-07-19T23:02:49.064686+0700,103.195.142.195,87.98.154.244,53,24463,UDP,flow,failed,2097252918704841,,1,3,0,4311,0,10.0,3,4311,0,none,0,none,0,0,0,no_alert_unknown,no_alert_not_final_benign,-1,dns,port
2025-07-19T23:02:49.064737+0700,103.195.142.83,87.98.154.2,53,28883,UDP,flow,failed,269576867167066,,1,1,0,1190,0,0.0,1,1190,0,none,0,none,0,0,0,no_alert_unknown,no_alert_not_final_benign,-1,dns,port
2025-07-19T23:02:49.064759+0700,103.195.142.3,112.215.37.219,53,40299,UDP,flow,failed,560949101804455,,1,1,0,127,0,0.0,1,127,0,none,0,none,0,0,0,no_alert_unknown,no_alert_not_final_benign,-1,dns,port
2025-07-19T23:02:49.064804+0700,103.195.142.74,118.98.44.20,1322,53,UDP,flow,dns,63291499625808,,1,1,0,74,0,0.0,1,74,0,none,0,none,0,0,0,no_alert_unknown,no_alert_not_final_benign,-1,dns,app_proto+port
2025-07-19T23:02:49.064827+0700,103.195.142.3,140.0.223.243,53,58257,UDP,flow,failed,190777807420788,,1,1,0,195,0,0.0,1,195,0,none,0,none,0,0,0,no_alert_unknown,no_alert_not_final_benign,-1,dns,port
2025-07-19T23:02:49.064858+0700,103.195.142.74,202.134.0.155,46294,53,UDP,flow,dns,255853801258482,,1,1,0,178,0,0.0,1,178,0,none,0,none,0,0,0,no_alert_unknown,no_alert_not_final_benign,-1,dns,app_proto+port
2025-07-19T23:02:49.064883+0700,103.195.142.46,87.98.154.118,53,15247,UDP,flow,failed,23352367070882,,1,1,0,1437,0,0.0,1,1437,0,none,0,none,0,0,0,no_alert_unknown,no_alert_not_final_benign,-1,dns,port
2025-07-19T23:02:49.064902+0700,103.195.142.74,118.98.44.100,7674,53,UDP,flow,dns,390109129490126,,1,1,0,82,0,0.0,1,82,0,none,0,none,0,0,0,no_alert_unknown,no_alert_not_final_benign,-1,dns,app_proto+port
2025-07-19T23:02:49.064929+0700,103.195.142.46,87.98.154.119,53,35832,UDP,flow,failed,500262971260663,,1,1,0,1437,0,0.0,1,1437,0,none,0,none,0,0,0,no_alert_unknown,no_alert_not_final_benign,-1,dns,port
2025-07-19T23:02:49.064954+0700,103.195.142.2,180.241.233.165,53,17315,UDP,flow,failed,143899184939178,,1,1,0,174,0,0.0,1,174,0,none,0,none,0,0,0,no_alert_unknown,no_alert_not_final_benign,-1,dns,port
2025-07-19T23:02:49.064964+0700,103.195.142.75,8.8.8.8,26946,53,UDP,flow,dns,458660824301780,,1,1,0,77,0,0.0,1,77,0,none,0,none,0,0,0,no_alert_unknown,no_alert_not_final_benign,-1,dns,app_proto+port
2025-07-19T23:02:49.064983+0700,103.195.142.109,87.98.154.85,53,48148,UDP,flow,failed,404798560682332,,1,1,0,1437,0,0.0,1,1437,0,none,0,none,0,0,0,no_alert_unknown,no_alert_not_final_benign,-1,dns,port
2025-07-19T23:02:49.065000+0700,103.195.142.195,87.98.154.119,53,39439,UDP,flow,failed,529112957796793,,1,1,0,1437,0,0.0,1,1437,0,none,0,none,0,0,0,no_alert_unknown,no_alert_not_final_benign,-1,dns,port
2025-07-19T23:02:49.065013+0700,103.195.142.3,146.112.133.130,53,43288,UDP,flow,failed,13727511495180,,1,1,0,176,0,0.0,1,176,0,none,0,none,0,0,0,no_alert_unknown,no_alert_not_final_benign,-1,dns,port
2025-07-19T23:02:49.065034+0700,103.195.142.74,118.98.44.100,17613,53,UDP,flow,dns,108519026934383,,1,1,0,148,0,0.0,1,148,0,none,0,none,0,0,0,no_alert_unknown,no_alert_not_final_benign,-1,dns,app_proto+port
2025-07-19T23:02:49.065077+0700,103.195.142.46,87.98.154.115,53,60649,UDP,flow,failed,296899102196591,,1,1,0,1437,0,0.0,1,1437,0,none,0,none,0,0,0,no_alert_unknown,no_alert_not_final_benign,-1,dns,port
2025-07-19T23:02:49.065087+0700,103.195.142.165,87.98.154.119,53,10790,UDP,flow,failed,274445466944407,,1,1,0,1437,0,0.0,1,1437,0,none,0,none,0,0,0,no_alert_unknown,no_alert_not_final_benign,-1,dns,port
2025-07-19T23:02:49.065126+0700,103.195.142.75,8.8.8.8,55107,53,UDP,flow,dns,197614712800482,,1,1,0,86,0,0.0,1,86,0,none,0,none,0,0,0,no_alert_unknown,no_alert_not_final_benign,-1,dns,app_proto+port
2025-07-19T23:02:49.065145+0700,103.195.142.74,118.98.44.20,60738,53,UDP,flow,dns,466573495322009,,1,1,0,214,0,0.0,1,214,0,none,0,none,0,0,0,no_alert_unknown,no_alert_not_final_benign,-1,dns,app_proto+port
2025-07-19T23:02:49.065162+0700,103.195.142.76,87.98.154.118,53,53084,UDP,flow,failed,1940042834462237,,1,3,0,4407,0,10.0,3,4407,0,none,0,none,0,0,0,no_alert_unknown,no_alert_not_final_benign,-1,dns,port
2025-07-19T23:02:49.065173+0700,103.195.142.75,185.67.45.231,19499,53,UDP,flow,dns,357540567008824,,1,1,0,85,0,0.0,1,85,0,none,0,none,0,0,0,no_alert_unknown,no_alert_not_final_benign,-1,dns,app_proto+port
2025-07-19T23:02:49.065193+0700,103.195.142.74,118.98.44.100,2754,53,UDP,flow,dns,288206499759714,,1,1,0,86,0,0.0,1,86,0,none,0,none,0,0,0,no_alert_unknown,no_alert_not_final_benign,-1,dns,app_proto+port
2025-07-19T23:02:49.065224+0700,103.195.142.74,118.98.44.100,50957,53,UDP,flow,dns,421443529819850,,1,1,0,77,0,0.0,1,77,0,none,0,none,0,0,0,no_alert_unknown,no_alert_not_final_benign,-1,dns,app_proto+port
2025-07-19T23:02:49.065254+0700,103.195.142.74,118.98.44.50,20546,53,UDP,flow,dns,470560696125138,,1,1,0,77,0,0.0,1,77,0,none,0,none,0,0,0,no_alert_unknown,no_alert_not_final_benign,-1,dns,app_proto+port
2025-07-19T23:02:49.065270+0700,103.195.142.83,87.98.154.119,53,62006,UDP,flow,failed,512263437108972,,1,1,0,1190,0,0.0,1,1190,0,none,0,none,0,0,0,no_alert_unknown,no_alert_not_final_benign,-1,dns,port
2025-07-19T23:02:49.065294+0700,103.195.142.196,87.98.154.145,53,49213,UDP,flow,failed,389989758551923,,1,1,0,1437,0,0.0,1,1437,0,none,0,none,0,0,0,no_alert_unknown,no_alert_not_final_benign,-1,dns,port
2025-07-19T23:02:49.065316+0700,103.195.142.109,87.98.154.119,53,20214,UDP,flow,failed,27205419222925,,1,1,0,1437,0,0.0,1,1437,0,none,0,none,0,0,0,no_alert_unknown,no_alert_not_final_benign,-1,dns,port
2025-07-19T23:02:49.065328+0700,103.195.142.74,202.134.0.155,51843,53,UDP,flow,dns,119848212842448,,1,1,0,68,0,0.0,1,68,0,none,0,none,0,0,0,no_alert_unknown,no_alert_not_final_benign,-1,dns,app_proto+port
2025-07-19T23:02:49.065358+0700,103.195.142.196,87.98.154.37,53,7168,UDP,flow,failed,59248541452411,,1,1,0,1437,0,0.0,1,1437,0,none,0,none,0,0,0,no_alert_unknown,no_alert_not_final_benign,-1,dns,port
2025-07-19T23:02:49.065380+0700,103.195.142.46,87.98.154.119,53,51182,UDP,flow,failed,454005369096384,,1,1,0,1437,0,0.0,1,1437,0,none,0,none,0,0,0,no_alert_unknown,no_alert_not_final_benign,-1,dns,port
2025-07-19T23:02:49.065404+0700,103.195.142.76,87.98.154.119,53,27134,UDP,flow,failed,368986002573550,,1,1,0,1469,0,0.0,1,1469,0,none,0,none,0,0,0,no_alert_unknown,no_alert_not_final_benign,-1,dns,port
2025-07-19T23:02:49.065414+0700,103.195.142.74,118.98.44.20,64041,53,UDP,flow,dns,344021715929426,,1,1,0,68,0,0.0,1,68,0,none,0,none,0,0,0,no_alert_unknown,no_alert_not_final_benign,-1,dns,app_proto+port
2025-07-19T23:02:49.065424+0700,103.195.142.46,87.98.154.199,53,55076,UDP,flow,failed,436465041361521,,1,1,0,1437,0,0.0,1,1437,0,none,0,none,0,0,0,no_alert_unknown,no_alert_not_final_benign,-1,dns,port
2025-07-19T23:02:49.065433+0700,103.195.142.75,8.8.8.8,54530,53,UDP,flow,dns,15940584295063,,1,1,0,75,0,0.0,1,75,0,none,0,none,0,0,0,no_alert_unknown,no_alert_not_final_benign,-1,dns,app_proto+port
2025-07-19T23:02:49.065443+0700,103.195.142.2,140.0.223.246,53,50588,UDP,flow,failed,60391443876671,,1,1,0,146,0,0.0,1,146,0,none,0,none,0,0,0,no_alert_unknown,no_alert_not_final_benign,-1,dns,port
2025-07-19T23:02:49.065453+0700,103.195.142.74,202.134.0.155,35291,53,UDP,flow,dns,284322763131752,,1,1,0,178,0,0.0,1,178,0,none,0,none,0,0,0,no_alert_unknown,no_alert_not_final_benign,-1,dns,app_proto+port
2025-07-19T23:02:49.065463+0700,103.195.142.76,87.98.154.230,53,58368,UDP,flow,failed,133965574327414,,1,1,0,1469,0,0.0,1,1469,0,none,0,none,0,0,0,no_alert_unknown,no_alert_not_final_benign,-1,dns,port
2025-07-19T23:02:49.065473+0700,103.195.142.196,87.98.154.37,53,39554,UDP,flow,failed,38481148857978,,1,1,0,1437,0,0.0,1,1437,0,none,0,none,0,0,0,no_alert_unknown,no_alert_not_final_benign,-1,dns,port
2025-07-19T23:02:49.065485+0700,103.195.142.165,87.98.154.245,53,9928,UDP,flow,failed,50781365948035,,1,1,0,1437,0,0.0,1,1437,0,none,0,none,0,0,0,no_alert_unknown,no_alert_not_final_benign,-1,dns,port
2025-07-19T23:02:49.065494+0700,103.195.142.83,87.98.154.170,53,5046,UDP,flow,failed,5386426929036,,1,1,0,1190,0,0.0,1,1190,0,none,0,none,0,0,0,no_alert_unknown,no_alert_not_final_benign,-1,dns,port
2025-07-19T23:02:49.065515+0700,103.195.142.83,87.98.154.114,53,25700,UDP,flow,failed,550044951465977,,1,1,0,1190,0,0.0,1,1190,0,none,0,none,0,0,0,no_alert_unknown,no_alert_not_final_benign,-1,dns,port
2025-07-19T23:02:49.085824+0700,103.195.142.74,202.134.0.155,58854,53,UDP,dns,,368613495277261,wire/pcap,0,0,0,0,0,0.0,0,0,0,none,0,none,0,0,0,no_alert_unknown,no_alert_not_final_benign,-1,dns,port
2025-07-19T23:02:49.108990+0700,103.195.142.74,118.98.44.50,55488,53,UDP,dns,,468112514793111,wire/pcap,0,0,0,0,0,0.0,0,0,0,none,0,none,0,0,0,no_alert_unknown,no_alert_not_final_benign,-1,dns,port
2025-07-19T23:02:49.118630+0700,103.195.142.75,8.8.8.8,62593,53,UDP,dns,,509514974259971,wire/pcap,0,0,0,0,0,0.0,0,0,0,none,0,none,0,0,0,no_alert_unknown,no_alert_not_final_benign,-1,dns,port
2025-07-19T23:02:49.133817+0700,103.195.142.74,118.98.44.100,16522,53,UDP,dns,,293267251321990,wire/pcap,0,0,0,0,0,0.0,0,0,0,none,0,none,0,0,0,no_alert_unknown,no_alert_not_final_benign,-1,dns,port
2025-07-19T23:02:49.164303+0700,103.195.142.75,8.8.8.8,29512,53,UDP,dns,,424201354935197,wire/pcap,0,0,0,0,0,0.0,0,0,0,none,0,none,0,0,0,no_alert_unknown,no_alert_not_final_benign,-1,dns,port
2025-07-19T23:02:49.186388+0700,103.195.142.74,118.98.44.20,8430,53,UDP,dns,,519058753125395,wire/pcap,0,0,0,0,0,0.0,0,0,0,none,0,none,0,0,0,no_alert_unknown,no_alert_not_final_benign,-1,dns,port
2025-07-19T23:02:49.207183+0700,103.195.142.74,118.98.44.20,49681,53,UDP,dns,,326897150533369,wire/pcap,0,0,0,0,0,0.0,0,0,0,none,0,none,0,0,0,no_alert_unknown,no_alert_not_final_benign,-1,dns,port
2025-07-19T23:02:49.233452+0700,103.195.142.75,8.8.8.8,3405,53,UDP,dns,,439720327119044,wire/pcap,0,0,0,0,0,0.0,0,0,0,none,0,none,0,0,0,no_alert_unknown,no_alert_not_final_benign,-1,dns,port
2025-07-19T23:02:49.233572+0700,103.195.142.75,8.8.8.8,52510,53,UDP,dns,,440236807847660,wire/pcap,0,0,0,0,0,0.0,0,0,0,none,0,none,0,0,0,no_alert_unknown,no_alert_not_final_benign,-1,dns,port
2025-07-19T23:02:49.233691+0700,103.195.142.74,202.134.0.155,23932,53,UDP,dns,,440748752137955,wire/pcap,0,0,0,0,0,0.0,0,0,0,none,0,none,0,0,0,no_alert_unknown,no_alert_not_final_benign,-1,dns,port
2025-07-19T23:02:49.240662+0700,103.195.142.74,118.98.44.20,35200,53,UDP,dns,,470686274188860,wire/pcap,0,0,0,0,0,0.0,0,0,0,none,0,none,0,0,0,no_alert_unknown,no_alert_not_final_benign,-1,dns,port
2025-07-19T23:02:49.250685+0700,103.195.142.196,87.98.154.237,53,23960,UDP,flow,failed,466312738237144,,1,1,0,1437,0,0.0,1,1437,0,none,0,none,0,0,0,no_alert_unknown,no_alert_not_final_benign,-1,dns,port
2025-07-19T23:02:49.257633+0700,103.195.142.75,216.38.8.120,3560,53,UDP,dns,,543575573434206,wire/pcap,0,0,0,0,0,0.0,0,0,0,none,0,none,0,0,0,no_alert_unknown,no_alert_not_final_benign,-1,dns,port
2025-07-19T23:02:49.261988+0700,103.195.142.109,87.98.154.119,53,28352,UDP,flow,failed,782515843424219,,1,1,0,1437,0,0.0,1,1437,0,none,0,none,0,0,0,no_alert_unknown,no_alert_not_final_benign,-1,dns,port
2025-07-19T23:02:49.270586+0700,103.195.142.74,118.98.44.100,45465,53,UDP,dns,,317734121478266,wire/pcap,0,0,0,0,0,0.0,0,0,0,none,0,none,0,0,0,no_alert_unknown,no_alert_not_final_benign,-1,dns,port
2025-07-19T23:02:49.278265+0700,103.195.142.74,118.98.44.20,47897,53,UDP,dns,,350715805725280,wire/pcap,0,0,0,0,0,0.0,0,0,0,none,0,none,0,0,0,no_alert_unknown,no_alert_not_final_benign,-1,dns,port
2025-07-19T23:02:49.310378+0700,103.195.142.74,118.98.44.50,49200,53,UDP,dns,,488641470428502,wire/pcap,0,0,0,0,0,0.0,0,0,0,none,0,none,0,0,0,no_alert_unknown,no_alert_not_final_benign,-1,dns,port
2025-07-19T23:02:49.313454+0700,103.195.142.74,202.134.0.155,10674,53,UDP,dns,,501850842521655,wire/pcap,0,0,0,0,0,0.0,0,0,0,none,0,none,0,0,0,no_alert_unknown,no_alert_not_final_benign,-1,dns,port
2025-07-19T23:02:49.326551+0700,103.195.142.74,202.134.0.155,26101,53,UDP,dns,,558103116088297,wire/pcap,0,0,0,0,0,0.0,0,0,0,none,0,none,0,0,0,no_alert_unknown,no_alert_not_final_benign,-1,dns,port
2025-07-19T23:02:49.358532+0700,103.195.142.74,118.98.44.20,41508,53,UDP,flow,dns,768606398506635,,1,1,0,91,0,0.0,1,91,0,none,0,none,0,0,0,no_alert_unknown,no_alert_not_final_benign,-1,dns,app_proto+port
2025-07-19T23:02:49.369266+0700,103.195.142.75,8.8.8.8,43028,53,UDP,dns,,460089185579835,wire/pcap,0,0,0,0,0,0.0,0,0,0,none,0,none,0,0,0,no_alert_unknown,no_alert_not_final_benign,-1,dns,port
2025-07-19T23:02:49.419479+0700,103.195.142.74,202.134.0.155,40336,53,UDP,dns,,394277872066619,wire/pcap,0,0,0,0,0,0.0,0,0,0,none,0,none,0,0,0,no_alert_unknown,no_alert_not_final_benign,-1,dns,port
2025-07-19T23:02:49.471046+0700,103.195.142.74,118.98.44.20,8957,53,UDP,dns,,334277715139262,wire/pcap,0,0,0,0,0,0.0,0,0,0,none,0,none,0,0,0,no_alert_unknown,no_alert_not_final_benign,-1,dns,port
2025-07-19T23:02:49.503895+0700,103.195.142.74,118.98.44.100,6661,53,UDP,dns,,475363144198166,wire/pcap,0,0,0,0,0,0.0,0,0,0,none,0,none,0,0,0,no_alert_unknown,no_alert_not_final_benign,-1,dns,port
2025-07-19T23:02:49.504022+0700,103.195.142.74,118.98.44.100,25553,53,UDP,dns,,475910644483241,wire/pcap,0,0,0,0,0,0.0,0,0,0,none,0,none,0,0,0,no_alert_unknown,no_alert_not_final_benign,-1,dns,port
2025-07-19T23:02:49.529232+0700,103.195.142.75,8.8.8.8,58549,53,UDP,dns,,302713021998921,wire/pcap,0,0,0,0,0,0.0,0,0,0,none,0,none,0,0,0,no_alert_unknown,no_alert_not_final_benign,-1,dns,port
2025-07-19T23:02:49.530106+0700,103.195.142.74,118.98.44.50,59503,53,UDP,dns,,306463406353141,wire/pcap,0,0,0,0,0,0.0,0,0,0,none,0,none,0,0,0,no_alert_unknown,no_alert_not_final_benign,-1,dns,port
2025-07-19T23:02:49.553612+0700,103.195.142.74,118.98.44.50,6721,53,UDP,dns,,407420734009814,wire/pcap,0,0,0,0,0,0.0,0,0,0,none,0,none,0,0,0,no_alert_unknown,no_alert_not_final_benign,-1,dns,port
2025-07-19T23:02:49.553682+0700,103.195.142.75,8.8.8.8,54810,53,UDP,dns,,407724804227998,wire/pcap,0,0,0,0,0,0.0,0,0,0,none,0,none,0,0,0,no_alert_unknown,no_alert_not_final_benign,-1,dns,port
2025-07-19T23:02:49.560791+0700,103.195.142.74,118.98.44.50,50527,53,UDP,dns,,438256933669490,wire/pcap,0,0,0,0,0,0.0,0,0,0,none,0,none,0,0,0,no_alert_unknown,no_alert_not_final_benign,-1,dns,port
2025-07-19T23:02:49.560831+0700,103.195.142.75,8.8.8.8,47426,53,UDP,dns,,438426617437953,wire/pcap,0,0,0,0,0,0.0,0,0,0,none,0,none,0,0,0,no_alert_unknown,no_alert_not_final_benign,-1,dns,port
2025-07-19T23:02:49.561957+0700,103.195.142.74,118.98.44.100,42854,53,UDP,dns,,443266038063078,wire/pcap,0,0,0,0,0,0.0,0,0,0,none,0,none,0,0,0,no_alert_unknown,no_alert_not_final_benign,-1,dns,port
2025-07-19T23:02:49.573700+0700,103.195.142.75,8.8.8.8,20638,53,UDP,dns,,493701040666740,wire/pcap,0,0,0,0,0,0.0,0,0,0,none,0,none,0,0,0,no_alert_unknown,no_alert_not_final_benign,-1,dns,port
2025-07-19T23:02:49.574395+0700,103.195.142.74,202.134.0.155,16134,53,UDP,dns,,496686174692811,wire/pcap,0,0,0,0,0,0.0,0,0,0,none,0,none,0,0,0,no_alert_unknown,no_alert_not_final_benign,-1,dns,port
2025-07-19T23:02:49.576667+0700,103.195.142.74,118.98.44.20,51884,53,UDP,dns,,506444370501605,wire/pcap,0,0,0,0,0,0.0,0,0,0,none,0,none,0,0,0,no_alert_unknown,no_alert_not_final_benign,-1,dns,port
2025-07-19T23:02:49.578492+0700,103.195.142.74,118.98.44.100,38695,53,UDP,dns,,514281455243628,wire/pcap,0,0,0,0,0,0.0,0,0,0,none,0,none,0,0,0,no_alert_unknown,no_alert_not_final_benign,-1,dns,port
2025-07-19T23:02:49.597713+0700,103.195.142.74,118.98.44.100,49471,53,UDP,dns,,315359178640167,wire/pcap,0,0,0,0,0,0.0,0,0,0,none,0,none,0,0,0,no_alert_unknown,no_alert_not_final_benign,-1,dns,port
2025-07-19T23:02:49.604835+0700,103.195.142.74,202.134.0.155,58149,53,UDP,dns,,345950645086535,wire/pcap,0,0,0,0,0,0.0,0,0,0,none,0,none,0,0,0,no_alert_unknown,no_alert_not_final_benign,-1,dns,port
2025-07-19T23:02:49.604899+0700,103.195.142.74,202.134.0.155,14175,53,UDP,dns,,346225022024406,wire/pcap,0,0,0,0,0,0.0,0,0,0,none,0,none,0,0,0,no_alert_unknown,no_alert_not_final_benign,-1,dns,port
2025-07-19T23:02:49.604995+0700,103.195.142.74,118.98.44.20,14614,53,UDP,dns,,346636644525368,wire/pcap,0,0,0,0,0,0.0,0,0,0,none,0,none,0,0,0,no_alert_unknown,no_alert_not_final_benign,-1,dns,port
2025-07-19T23:02:49.606501+0700,103.195.142.74,118.98.44.20,25904,53,UDP,dns,,353103870376572,wire/pcap,0,0,0,0,0,0.0,0,0,0,none,0,none,0,0,0,no_alert_unknown,no_alert_not_final_benign,-1,dns,port
2025-07-19T23:02:49.624812+0700,103.195.142.74,69.16.230.48,39076,53,UDP,dns,,431749309351661,wire/pcap,0,0,0,0,0,0.0,0,0,0,none,0,none,0,0,0,no_alert_unknown,no_alert_not_final_benign,-1,dns,port
2025-07-19T23:02:49.627278+0700,103.195.142.75,8.8.8.8,46735,53,UDP,dns,,442342610543242,wire/pcap,0,0,0,0,0,0.0,0,0,0,none,0,none,0,0,0,no_alert_unknown,no_alert_not_final_benign,-1,dns,port
2025-07-19T23:02:49.636035+0700,103.195.142.75,8.8.8.8,27470,53,UDP,dns,,479951513413315,wire/pcap,0,0,0,0,0,0.0,0,0,0,none,0,none,0,0,0,no_alert_unknown,no_alert_not_final_benign,-1,dns,port
2025-07-19T23:02:49.708180+0700,103.195.142.74,202.134.0.155,56522,53,UDP,dns,,508337798876325,wire/pcap,0,0,0,0,0,0.0,0,0,0,none,0,none,0,0,0,no_alert_unknown,no_alert_not_final_benign,-1,dns,port
2025-07-19T23:02:49.715898+0700,103.195.142.74,118.98.44.20,31687,53,UDP,dns,,541484721499624,wire/pcap,0,0,0,0,0,0.0,0,0,0,none,0,none,0,0,0,no_alert_unknown,no_alert_not_final_benign,-1,dns,port
2025-07-19T23:02:49.715985+0700,103.195.142.74,202.134.0.155,21143,53,UDP,dns,,541860095813431,wire/pcap,0,0,0,0,0,0.0,0,0,0,none,0,none,0,0,0,no_alert_unknown,no_alert_not_final_benign,-1,dns,port
2025-07-19T23:02:49.719416+0700,103.195.142.74,202.134.0.155,50829,53,UDP,dns,,556596433427514,wire/pcap,0,0,0,0,0,0.0,0,0,0,none,0,none,0,0,0,no_alert_unknown,no_alert_not_final_benign,-1,dns,port
2025-07-19T23:02:49.736395+0700,103.195.142.74,69.16.230.48,47315,53,UDP,dns,,348045317903175,wire/pcap,0,0,0,0,0,0.0,0,0,0,none,0,none,0,0,0,no_alert_unknown,no_alert_not_final_benign,-1,dns,port
2025-07-19T23:02:49.751868+0700,103.195.142.75,8.8.8.8,50409,53,UDP,dns,,414500518938764,wire/pcap,0,0,0,0,0,0.0,0,0,0,none,0,none,0,0,0,no_alert_unknown,no_alert_not_final_benign,-1,dns,port
2025-07-19T23:02:49.766147+0700,103.195.142.75,8.8.8.8,30087,53,UDP,dns,,475827220948671,wire/pcap,0,0,0,0,0,0.0,0,0,0,none,0,none,0,0,0,no_alert_unknown,no_alert_not_final_benign,-1,dns,port
2025-07-19T23:02:49.816304+0700,103.195.142.74,118.98.44.100,60666,53,UDP,dns,,409775573266044,wire/pcap,0,0,0,0,0,0.0,0,0,0,none,0,none,0,0,0,no_alert_unknown,no_alert_not_final_benign,-1,dns,port
2025-07-19T23:02:49.827257+0700,103.195.142.74,202.134.0.155,16366,53,UDP,dns,,456820928637594,wire/pcap,0,0,0,0,0,0.0,0,0,0,none,0,none,0,0,0,no_alert_unknown,no_alert_not_final_benign,-1,dns,port
2025-07-19T23:02:49.871863+0700,103.195.142.74,69.16.230.48,9388,53,UDP,dns,,366923876670448,wire/pcap,0,0,0,0,0,0.0,0,0,0,none,0,none,0,0,0,no_alert_unknown,no_alert_not_final_benign,-1,dns,port
2025-07-19T23:02:49.902087+0700,103.195.142.75,8.8.8.8,44719,53,UDP,dns,,496734534545521,wire/pcap,0,0,0,0,0,0.0,0,0,0,none,0,none,0,0,0,no_alert_unknown,no_alert_not_final_benign,-1,dns,port
2025-07-19T23:02:49.903993+0700,103.195.142.74,69.16.230.48,26483,53,UDP,dns,,504921214125678,wire/pcap,0,0,0,0,0,0.0,0,0,0,none,0,none,0,0,0,no_alert_unknown,no_alert_not_final_benign,-1,dns,port
2025-07-19T23:02:49.911315+0700,103.195.142.108,8.8.8.8,1900,53,UDP,dns,,1216074754602613,wire/pcap,0,0,0,0,0,0.0,0,0,0,none,0,none,0,0,0,no_alert_unknown,no_alert_not_final_benign,-1,dns,port
2025-07-19T23:02:49.943479+0700,103.195.142.74,202.134.0.155,58313,53,UDP,dns,,393036788258208,wire/pcap,0,0,0,0,0,0.0,0,0,0,none,0,none,0,0,0,no_alert_unknown,no_alert_not_final_benign,-1,dns,port
2025-07-19T23:02:49.943625+0700,103.195.142.74,118.98.44.100,27995,53,UDP,dns,,393664250888448,wire/pcap,0,0,0,0,0,0.0,0,0,0,none,0,none,0,0,0,no_alert_unknown,no_alert_not_final_benign,-1,dns,port
2025-07-19T23:02:49.943660+0700,103.195.142.74,185.67.45.231,60307,53,UDP,dns,,393815782289318,wire/pcap,0,0,0,0,0,0.0,0,0,0,none,0,none,0,0,0,no_alert_unknown,no_alert_not_final_benign,-1,dns,port
2025-07-19T23:02:49.943736+0700,103.195.142.74,118.98.44.50,20149,53,UDP,dns,,394141911694489,wire/pcap,0,0,0,0,0,0.0,0,0,0,none,0,none,0,0,0,no_alert_unknown,no_alert_not_final_benign,-1,dns,port
2025-07-19T23:02:49.960352+0700,103.195.142.74,118.98.44.50,61066,53,UDP,dns,,465507801840032,wire/pcap,0,0,0,0,0,0.0,0,0,0,none,0,none,0,0,0,no_alert_unknown,no_alert_not_final_benign,-1,dns,port
2025-07-19T23:02:49.960491+0700,103.195.142.74,118.98.44.20,62249,53,UDP,dns,,466104323570651,wire/pcap,0,0,0,0,0,0.0,0,0,0,none,0,none,0,0,0,no_alert_unknown,no_alert_not_final_benign,-1,dns,port
2025-07-19T23:02:49.988046+0700,103.195.142.74,118.98.44.100,29227,53,UDP,dns,,302977798179064,wire/pcap,0,0,0,0,0,0.0,0,0,0,none,0,none,0,0,0,no_alert_unknown,no_alert_not_final_benign,-1,dns,port
2025-07-19T23:02:49.991909+0700,103.195.142.74,118.98.44.100,54529,53,UDP,dns,,319570503558637,wire/pcap,0,0,0,0,0,0.0,0,0,0,none,0,none,0,0,0,no_alert_unknown,no_alert_not_final_benign,-1,dns,port
2025-07-19T23:02:50.012052+0700,103.195.142.75,8.8.8.8,24895,53,UDP,dns,,614714913718518,wire/pcap,0,0,0,0,0,0.0,0,0,0,none,0,none,0,0,0,no_alert_unknown,no_alert_not_final_benign,-1,dns,port
2025-07-19T23:02:50.012138+0700,103.195.142.74,202.134.0.155,7815,53,UDP,dns,,615085944571133,wire/pcap,0,0,0,0,0,0.0,0,0,0,none,0,none,0,0,0,no_alert_unknown,no_alert_not_final_benign,-1,dns,port
2025-07-19T23:02:50.027081+0700,103.195.142.74,118.98.44.50,38945,53,UDP,dns,,679262834608921,wire/pcap,0,0,0,0,0,0.0,0,0,0,none,0,none,0,0,0,no_alert_unknown,no_alert_not_final_benign,-1,dns,port
2025-07-19T23:02:50.034203+0700,103.195.142.74,202.134.0.155,17599,53,UDP,dns,,709854578115667,wire/pcap,0,0,0,0,0,0.0,0,0,0,none,0,none,0,0,0,no_alert_unknown,no_alert_not_final_benign,-1,dns,port
2025-07-19T23:02:50.039884+0700,103.195.142.83,87.98.154.119,53,42007,UDP,flow,failed,902169745691031,,1,1,0,1190,0,0.0,1,1190,0,none,0,none,0,0,0,no_alert_unknown,no_alert_not_final_benign,-1,dns,port
2025-07-19T23:02:50.041152+0700,103.195.142.75,8.8.8.8,27791,53,UDP,flow,dns,61240796860596,,1,1,0,220,0,0.0,1,220,0,none,0,none,0,0,0,no_alert_unknown,no_alert_not_final_benign,-1,dns,app_proto+port
2025-07-19T23:02:50.041221+0700,103.195.142.83,87.98.154.114,53,63636,UDP,flow,failed,478123489251691,,1,1,0,1190,0,0.0,1,1190,0,none,0,none,0,0,0,no_alert_unknown,no_alert_not_final_benign,-1,dns,port
2025-07-19T23:02:50.041245+0700,103.195.142.109,87.98.154.119,53,29028,UDP,flow,failed,374585865687414,,1,1,0,1437,0,0.0,1,1437,0,none,0,none,0,0,0,no_alert_unknown,no_alert_not_final_benign,-1,dns,port
2025-07-19T23:02:50.041265+0700,103.195.142.165,87.98.154.118,53,36173,UDP,flow,failed,425671528370552,,1,1,0,1437,0,0.0,1,1437,0,none,0,none,0,0,0,no_alert_unknown,no_alert_not_final_benign,-1,dns,port
2025-07-19T23:02:50.041321+0700,103.195.142.83,87.98.154.86,53,44008,UDP,flow,failed,758182860575282,,1,1,0,1190,0,0.0,1,1190,0,none,0,none,0,0,0,no_alert_unknown,no_alert_not_final_benign,-1,dns,port
2025-07-19T23:02:50.041359+0700,103.195.142.46,87.98.154.119,53,43797,UDP,flow,failed,303591477367614,,1,1,0,1437,0,0.0,1,1437,0,none,0,none,0,0,0,no_alert_unknown,no_alert_not_final_benign,-1,dns,port
2025-07-19T23:02:50.041425+0700,103.195.142.46,87.98.154.87,53,47997,UDP,flow,failed,841486108480445,,1,1,0,1437,0,0.0,1,1437,0,none,0,none,0,0,0,no_alert_unknown,no_alert_not_final_benign,-1,dns,port
2025-07-19T23:02:50.041502+0700,103.195.142.74,118.98.44.50,9302,53,UDP,flow,dns,287839571760249,,1,1,0,223,0,0.0,1,223,0,none,0,none,0,0,0,no_alert_unknown,no_alert_not_final_benign,-1,dns,app_proto+port
2025-07-19T23:02:50.041572+0700,103.195.142.195,87.98.154.156,53,55949,UDP,flow,failed,346128555463885,,1,1,0,1437,0,0.0,1,1437,0,none,0,none,0,0,0,no_alert_unknown,no_alert_not_final_benign,-1,dns,port
2025-07-19T23:02:50.041604+0700,103.195.142.76,87.98.154.30,53,30396,UDP,flow,failed,242081157633309,,1,1,0,1469,0,0.0,1,1469,0,none,0,none,0,0,0,no_alert_unknown,no_alert_not_final_benign,-1,dns,port
2025-07-19T23:02:50.041623+0700,103.195.142.46,87.98.154.119,53,44313,UDP,flow,failed,600732395787655,,1,1,0,1437,0,0.0,1,1437,0,none,0,none,0,0,0,no_alert_unknown,no_alert_not_final_benign,-1,dns,port
2025-07-19T23:02:50.041648+0700,103.195.142.2,180.241.233.242,53,36547,UDP,flow,failed,17917515486604,,1,1,0,198,0,0.0,1,198,0,none,0,none,0,0,0,no_alert_unknown,no_alert_not_final_benign,-1,dns,port
2025-07-19T23:02:50.041668+0700,103.195.142.109,87.98.154.119,53,60011,UDP,flow,failed,88516950971791,,1,1,0,1437,0,0.0,1,1437,0,none,0,none,0,0,0,no_alert_unknown,no_alert_not_final_benign,-1,dns,port
2025-07-19T23:02:50.041710+0700,103.195.142.196,87.98.154.119,53,37707,UDP,flow,failed,231109897377241,,1,1,0,1437,0,0.0,1,1437,0,none,0,none,0,0,0,no_alert_unknown,no_alert_not_final_benign,-1,dns,port
2025-07-19T23:02:50.041729+0700,103.195.142.76,87.98.154.174,53,43247,UDP,flow,failed,556307454907975,,1,1,0,1469,0,0.0,1,1469,0,none,0,none,0,0,0,no_alert_unknown,no_alert_not_final_benign,-1,dns,port
2025-07-19T23:02:50.041776+0700,103.195.142.195,87.98.154.119,53,7424,UDP,flow,failed,213197675255477,,1,1,0,1437,0,0.0,1,1437,0,none,0,none,0,0,0,no_alert_unknown,no_alert_not_final_benign,-1,dns,port
2025-07-19T23:02:50.041827+0700,103.195.142.109,87.98.154.57,53,52068,UDP,flow,failed,777014030915417,,1,1,0,1437,0,0.0,1,1437,0,none,0,none,0,0,0,no_alert_unknown,no_alert_not_final_benign,-1,dns,port
2025-07-19T23:02:50.041846+0700,103.195.142.76,87.98.154.119,53,62310,UDP,flow,failed,541600470030267,,1,1,0,1469,0,0.0,1,1469,0,none,0,none,0,0,0,no_alert_unknown,no_alert_not_final_benign,-1,dns,port
2025-07-19T23:02:50.041868+0700,103.195.142.83,87.98.154.250,53,63589,UDP,flow,failed,658639535560788,,1,1,0,1190,0,0.0,1,1190,0,none,0,none,0,0,0,no_alert_unknown,no_alert_not_final_benign,-1,dns,port
2025-07-19T23:02:50.041917+0700,103.195.142.76,87.98.154.119,53,60784,UDP,flow,failed,692463373867132,,1,1,0,1469,0,0.0,1,1469,0,none,0,none,0,0,0,no_alert_unknown,no_alert_not_final_benign,-1,dns,port
2025-07-19T23:02:50.041937+0700,103.195.142.196,87.98.154.65,53,22129,UDP,flow,failed,406122334541983,,1,1,0,1437,0,0.0,1,1437,0,none,0,none,0,0,0,no_alert_unknown,no_alert_not_final_benign,-1,dns,port
2025-07-19T23:02:50.041960+0700,103.195.142.109,87.98.154.119,53,36322,UDP,flow,failed,128242112944325,,1,1,0,1437,0,0.0,1,1437,0,none,0,none,0,0,0,no_alert_unknown,no_alert_not_final_benign,-1,dns,port
2025-07-19T23:02:50.042016+0700,103.195.142.75,8.8.8.8,12352,53,UDP,flow,dns,495075702429969,,1,1,0,68,0,0.0,1,68,0,none,0,none,0,0,0,no_alert_unknown,no_alert_not_final_benign,-1,dns,app_proto+port
2025-07-19T23:02:50.042039+0700,103.195.142.74,118.98.44.50,51655,53,UDP,flow,dns,763239911938364,,1,1,0,93,0,0.0,1,93,0,none,0,none,0,0,0,no_alert_unknown,no_alert_not_final_benign,-1,dns,app_proto+port
2025-07-19T23:02:50.042059+0700,103.195.142.165,87.98.154.119,53,23647,UDP,flow,failed,393298964076860,,1,1,0,1437,0,0.0,1,1437,0,none,0,none,0,0,0,no_alert_unknown,no_alert_not_final_benign,-1,dns,port
2025-07-19T23:02:50.042079+0700,103.195.142.76,87.98.154.119,53,4879,UDP,flow,failed,46544483408227,,1,1,0,1469,0,0.0,1,1469,0,none,0,none,0,0,0,no_alert_unknown,no_alert_not_final_benign,-1,dns,port
2025-07-19T23:02:50.042109+0700,103.195.142.74,118.98.44.50,55921,53,UDP,flow,dns,370892470245773,,1,1,0,68,0,0.0,1,68,0,none,0,none,0,0,0,no_alert_unknown,no_alert_not_final_benign,-1,dns,app_proto+port
2025-07-19T23:02:50.042229+0700,103.195.142.46,87.98.154.119,53,38756,UDP,flow,failed,318688660249342,,1,1,0,1437,0,0.0,1,1437,0,none,0,none,0,0,0,no_alert_unknown,no_alert_not_final_benign,-1,dns,port
2025-07-19T23:02:50.042268+0700,103.195.142.195,87.98.154.44,53,63856,UDP,flow,failed,772141491968817,,1,1,0,1437,0,0.0,1,1437,0,none,0,none,0,0,0,no_alert_unknown,no_alert_not_final_benign,-1,dns,port
2025-07-19T23:02:50.042289+0700,103.195.142.46,87.98.154.119,53,43175,UDP,flow,failed,293841233140585,,1,1,0,1437,0,0.0,1,1437,0,none,0,none,0,0,0,no_alert_unknown,no_alert_not_final_benign,-1,dns,port
2025-07-19T23:02:50.042320+0700,103.195.142.74,118.98.44.50,4584,53,UDP,flow,dns,663260467780700,,1,1,0,241,0,0.0,1,241,0,none,0,none,0,0,0,no_alert_unknown,no_alert_not_final_benign,-1,dns,app_proto+port
2025-07-19T23:02:50.042441+0700,103.195.142.76,87.98.154.230,53,17372,UDP,flow,failed,733581315824920,,1,1,0,1469,0,0.0,1,1469,0,none,0,none,0,0,0,no_alert_unknown,no_alert_not_final_benign,-1,dns,port
2025-07-19T23:02:50.042537+0700,103.195.142.76,87.98.154.202,53,24804,UDP,flow,failed,152776022449489,,1,1,0,1469,0,0.0,1,1469,0,none,0,none,0,0,0,no_alert_unknown,no_alert_not_final_benign,-1,dns,port
2025-07-19T23:02:50.042584+0700,103.195.142.165,87.98.154.119,53,38181,UDP,flow,failed,522525559709036,,1,1,0,1437,0,0.0,1,1437,0,none,0,none,0,0,0,no_alert_unknown,no_alert_not_final_benign,-1,dns,port
2025-07-19T23:02:50.042679+0700,103.195.142.74,202.134.0.155,48118,53,UDP,flow,dns,647427425656317,,1,1,0,223,0,0.0,1,223,0,none,0,none,0,0,0,no_alert_unknown,no_alert_not_final_benign,-1,dns,app_proto+port
2025-07-19T23:02:50.042739+0700,103.195.142.74,118.98.44.20,28589,53,UDP,flow,dns,74975959801343,,1,1,0,88,0,0.0,1,88,0,none,0,none,0,0,0,no_alert_unknown,no_alert_not_final_benign,-1,dns,app_proto+port
2025-07-19T23:02:50.042893+0700,103.195.142.46,87.98.154.117,53,57379,UDP,flow,failed,771417953754641,,1,1,0,1437,0,0.0,1,1437,0,none,0,none,0,0,0,no_alert_unknown,no_alert_not_final_benign,-1,dns,port
2025-07-19T23:02:50.042934+0700,103.195.142.109,87.98.154.33,53,34100,UDP,flow,failed,1733459000188461,,1,2,0,2874,0,3.0,2,2874,0,none,0,none,0,0,0,no_alert_unknown,no_alert_not_final_benign,-1,dns,port
2025-07-19T23:02:50.043058+0700,103.195.142.74,118.98.44.100,11765,53,UDP,flow,dns,517510651272952,,1,1,0,214,0,0.0,1,214,0,none,0,none,0,0,0,no_alert_unknown,no_alert_not_final_benign,-1,dns,app_proto+port
2025-07-19T23:02:50.043092+0700,103.195.142.74,118.98.44.20,38701,53,UDP,flow,dns,536109879418624,,1,1,0,214,0,0.0,1,214,0,none,0,none,0,0,0,no_alert_unknown,no_alert_not_final_benign,-1,dns,app_proto+port
2025-07-19T23:02:50.043138+0700,103.195.142.76,87.98.154.119,53,26009,UDP,flow,failed,117733473083153,,1,1,0,1469,0,0.0,1,1469,0,none,0,none,0,0,0,no_alert_unknown,no_alert_not_final_benign,-1,dns,port
2025-07-19T23:02:50.043158+0700,103.195.142.196,87.98.154.119,53,26831,UDP,flow,failed,567747091128088,,1,1,0,1437,0,0.0,1,1437,0,none,0,none,0,0,0,no_alert_unknown,no_alert_not_final_benign,-1,dns,port
2025-07-19T23:02:50.043192+0700,103.195.142.109,87.98.154.73,53,52052,UDP,flow,failed,187924894146369,,1,1,0,1437,0,0.0,1,1437,0,none,0,none,0,0,0,no_alert_unknown,no_alert_not_final_benign,-1,dns,port
2025-07-19T23:02:50.043212+0700,103.195.142.46,87.98.154.143,53,6085,UDP,flow,failed,401756663930690,,1,1,0,1437,0,0.0,1,1437,0,none,0,none,0,0,0,no_alert_unknown,no_alert_not_final_benign,-1,dns,port
2025-07-19T23:02:50.043251+0700,103.195.142.74,118.98.44.20,58636,53,UDP,flow,dns,224048560430967,,1,1,0,88,0,0.0,1,88,0,none,0,none,0,0,0,no_alert_unknown,no_alert_not_final_benign,-1,dns,app_proto+port
2025-07-19T23:02:50.043271+0700,103.195.142.74,202.134.0.155,40506,53,UDP,flow,dns,469706921893788,,1,1,0,74,0,0.0,1,74,0,none,0,none,0,0,0,no_alert_unknown,no_alert_not_final_benign,-1,dns,app_proto+port
2025-07-19T23:02:50.043321+0700,103.195.142.165,87.98.154.119,53,13366,UDP,flow,failed,64561774223399,,1,1,0,1437,0,0.0,1,1437,0,none,0,none,0,0,0,no_alert_unknown,no_alert_not_final_benign,-1,dns,port
2025-07-19T23:02:50.043359+0700,103.195.142.74,202.134.0.155,62526,53,UDP,flow,dns,18421421859014,,1,1,0,80,0,0.0,1,80,0,none,0,none,0,0,0,no_alert_unknown,no_alert_not_final_benign,-1,dns,app_proto+port
2025-07-19T23:02:50.043379+0700,103.195.142.46,87.98.154.87,53,12568,UDP,flow,failed,843329089528083,,1,1,0,1437,0,0.0,1,1437,0,none,0,none,0,0,0,no_alert_unknown,no_alert_not_final_benign,-1,dns,port
2025-07-19T23:02:50.043398+0700,103.195.142.74,202.134.0.155,33236,53,UDP,flow,dns,631464999674208,,1,1,0,214,0,0.0,1,214,0,none,0,none,0,0,0,no_alert_unknown,no_alert_not_final_benign,-1,dns,app_proto+port
2025-07-19T23:02:50.043417+0700,103.195.142.75,69.39.238.37,15126,53,UDP,flow,dns,21048887435635,,1,1,0,85,0,0.0,1,85,0,none,0,none,0,0,0,no_alert_unknown,no_alert_not_final_benign,-1,dns,app_proto+port
2025-07-19T23:02:50.043488+0700,103.195.142.195,87.98.154.128,53,57779,UDP,flow,failed,662365364779,,1,1,0,1437,0,0.0,1,1437,0,none,0,none,0,0,0,no_alert_unknown,no_alert_not_final_benign,-1,dns,port
2025-07-19T23:02:50.043507+0700,103.195.142.74,202.134.0.155,25078,53,UDP,flow,dns,700457396888136,,1,1,0,68,0,0.0,1,68,0,none,0,none,0,0,0,no_alert_unknown,no_alert_not_final_benign,-1,dns,app_proto+port
2025-07-19T23:02:50.043527+0700,103.195.142.83,87.98.154.119,53,29027,UDP,flow,failed,420280404042318,,1,1,0,1190,0,0.0,1,1190,0,none,0,none,0,0,0,no_alert_unknown,no_alert_not_final_benign,-1,dns,port
2025-07-19T23:02:50.043604+0700,103.195.142.196,87.98.154.117,53,33323,UDP,flow,failed,505653667390361,,1,1,0,1437,0,0.0,1,1437,0,none,0,none,0,0,0,no_alert_unknown,no_alert_not_final_benign,-1,dns,port
2025-07-19T23:02:50.043653+0700,103.195.142.74,118.98.44.100,42215,53,UDP,flow,dns,295521907991515,,1,1,0,87,0,0.0,1,87,0,none,0,none,0,0,0,no_alert_unknown,no_alert_not_final_benign,-1,dns,app_proto+port
2025-07-19T23:02:50.043673+0700,103.195.142.74,202.134.0.155,29633,53,UDP,flow,dns,161750726042726,,1,1,0,68,0,0.0,1,68,0,none,0,none,0,0,0,no_alert_unknown,no_alert_not_final_benign,-1,dns,app_proto+port
2025-07-19T23:02:50.043692+0700,103.195.142.74,118.98.44.20,43891,53,UDP,flow,dns,371911234643134,,1,1,0,214,0,0.0,1,214,0,none,0,none,0,0,0,no_alert_unknown,no_alert_not_final_benign,-1,dns,app_proto+port
2025-07-19T23:02:50.043712+0700,103.195.142.2,180.241.233.145,53,30119,UDP,flow,failed,72493039183044,,1,1,0,198,0,0.0,1,198,0,none,0,none,0,0,0,no_alert_unknown,no_alert_not_final_benign,-1,dns,port
2025-07-19T23:02:50.043759+0700,103.195.142.196,87.98.154.9,53,8369,UDP,flow,failed,390535039771978,,1,1,0,1437,0,0.0,1,1437,0,none,0,none,0,0,0,no_alert_unknown,no_alert_not_final_benign,-1,dns,port
2025-07-19T23:02:50.043800+0700,103.195.142.74,118.98.44.50,1402,53,UDP,flow,dns,748389638825376,,1,1,0,241,0,0.0,1,241,0,none,0,none,0,0,0,no_alert_unknown,no_alert_not_final_benign,-1,dns,app_proto+port
2025-07-19T23:02:50.043819+0700,103.195.142.76,87.98.154.119,53,40355,UDP,flow,failed,372440564000168,,1,1,0,1469,0,0.0,1,1469,0,none,0,none,0,0,0,no_alert_unknown,no_alert_not_final_benign,-1,dns,port
2025-07-19T23:02:50.043838+0700,103.195.142.75,8.8.8.8,51859,53,UDP,flow,dns,606387184821693,,1,1,0,214,0,0.0,1,214,0,none,0,none,0,0,0,no_alert_unknown,no_alert_not_final_benign,-1,dns,app_proto+port
2025-07-19T23:02:50.043880+0700,103.195.142.165,87.98.154.119,53,38313,UDP,flow,failed,79195876845194,,1,1,0,1437,0,0.0,1,1437,0,none,0,none,0,0,0,no_alert_unknown,no_alert_not_final_benign,-1,dns,port
2025-07-19T23:02:50.043899+0700,103.195.142.196,87.98.154.119,53,47041,UDP,flow,failed,634373635860112,,1,1,0,1437,0,0.0,1,1437,0,none,0,none,0,0,0,no_alert_unknown,no_alert_not_final_benign,-1,dns,port
2025-07-19T23:02:50.043994+0700,103.195.142.46,87.98.154.119,53,16193,UDP,flow,failed,529543542957824,,1,1,0,1437,0,0.0,1,1437,0,none,0,none,0,0,0,no_alert_unknown,no_alert_not_final_benign,-1,dns,port
2025-07-19T23:02:50.044093+0700,103.195.142.74,118.98.44.100,49542,53,UDP,flow,dns,215131759863682,,1,1,0,184,0,0.0,1,184,0,none,0,none,0,0,0,no_alert_unknown,no_alert_not_final_benign,-1,dns,app_proto+port
2025-07-19T23:02:50.044162+0700,103.195.142.165,87.98.154.117,53,11239,UDP,flow,failed,255918894770162,,1,1,0,1437,0,0.0,1,1437,0,none,0,none,0,0,0,no_alert_unknown,no_alert_not_final_benign,-1,dns,port
2025-07-19T23:02:50.044184+0700,103.195.142.195,87.98.154.216,53,45972,UDP,flow,failed,215950817781849,,1,3,0,4311,0,10.0,3,4311,0,none,0,none,0,0,0,no_alert_unknown,no_alert_not_final_benign,-1,dns,port
2025-07-19T23:02:50.044248+0700,103.195.142.46,87.98.154.171,53,12677,UDP,flow,failed,77747067185373,,1,1,0,1437,0,0.0,1,1437,0,none,0,none,0,0,0,no_alert_unknown,no_alert_not_final_benign,-1,dns,port
2025-07-19T23:02:50.044267+0700,103.195.142.74,118.98.44.100,17333,53,UDP,flow,dns,77192421796074,,1,1,0,88,0,0.0,1,88,0,none,0,none,0,0,0,no_alert_unknown,no_alert_not_final_benign,-1,dns,app_proto+port
2025-07-19T23:02:50.044338+0700,103.195.142.83,87.98.154.142,53,42241,UDP,flow,failed,58879114307847,,1,1,0,1190,0,0.0,1,1190,0,none,0,none,0,0,0,no_alert_unknown,no_alert_not_final_benign,-1,dns,port
2025-07-19T23:02:50.044404+0700,103.195.142.74,118.98.44.100,48774,53,UDP,flow,dns,1293271293389078,,1,2,0,204,0,6.0,2,204,0,none,0,none,0,0,0,no_alert_unknown,no_alert_not_final_benign,-1,dns,app_proto+port
2025-07-19T23:02:50.044460+0700,103.195.142.196,87.98.154.37,53,62131,UDP,flow,failed,638376869390630,,1,1,0,1437,0,0.0,1,1437,0,none,0,none,0,0,0,no_alert_unknown,no_alert_not_final_benign,-1,dns,port
2025-07-19T23:02:50.044559+0700,103.195.142.2,112.215.37.219,53,40298,UDP,flow,failed,435039489059148,,1,1,0,134,0,0.0,1,134,0,none,0,none,0,0,0,no_alert_unknown,no_alert_not_final_benign,-1,dns,port
2025-07-19T23:02:50.044601+0700,103.195.142.83,87.98.154.170,53,22119,UDP,flow,failed,629878981093728,,1,1,0,1190,0,0.0,1,1190,0,none,0,none,0,0,0,no_alert_unknown,no_alert_not_final_benign,-1,dns,port
2025-07-19T23:02:50.044718+0700,103.195.142.109,87.98.154.119,53,21318,UDP,flow,failed,54845532498728,,1,1,0,1437,0,0.0,1,1437,0,none,0,none,0,0,0,no_alert_unknown,no_alert_not_final_benign,-1,dns,port
2025-07-19T23:02:50.044738+0700,103.195.142.83,87.98.154.119,53,50966,UDP,flow,failed,127990805850927,,1,1,0,1190,0,0.0,1,1190,0,none,0,none,0,0,0,no_alert_unknown,no_alert_not_final_benign,-1,dns,port
2025-07-19T23:02:50.044805+0700,103.195.142.76,87.98.154.2,53,40143,UDP,flow,failed,519079440640944,,1,1,0,1469,0,0.0,1,1469,0,none,0,none,0,0,0,no_alert_unknown,no_alert_not_final_benign,-1,dns,port
2025-07-19T23:02:50.044835+0700,103.195.142.195,87.98.154.128,53,35153,UDP,flow,failed,592636824742838,,1,1,0,1437,0,0.0,1,1437,0,none,0,none,0,0,0,no_alert_unknown,no_alert_not_final_benign,-1,dns,port
2025-07-19T23:02:50.044924+0700,103.195.142.74,118.98.44.20,7274,53,UDP,flow,dns,334908065278993,,1,1,0,87,0,0.0,1,87,0,none,0,none,0,0,0,no_alert_unknown,no_alert_not_final_benign,-1,dns,app_proto+port
2025-07-19T23:02:50.044945+0700,103.195.142.74,118.98.44.50,7366,53,UDP,flow,dns,49637475707926,,1,1,0,68,0,0.0,1,68,0,none,0,none,0,0,0,no_alert_unknown,no_alert_not_final_benign,-1,dns,app_proto+port
2025-07-19T23:02:50.045115+0700,103.195.142.196,87.98.154.237,53,12352,UDP,flow,failed,529457652526355,,1,1,0,1437,0,0.0,1,1437,0,none,0,none,0,0,0,no_alert_unknown,no_alert_not_final_benign,-1,dns,port
2025-07-19T23:02:50.045302+0700,103.195.142.74,118.98.44.20,56666,53,UDP,flow,dns,62637810150775,,1,1,0,184,0,0.0,1,184,0,none,0,none,0,0,0,no_alert_unknown,no_alert_not_final_benign,-1,dns,app_proto+port
2025-07-19T23:02:50.045412+0700,103.195.142.74,118.98.44.100,11448,53,UDP,flow,dns,545720636173740,,1,1,0,214,0,0.0,1,214,0,none,0,none,0,0,0,no_alert_unknown,no_alert_not_final_benign,-1,dns,app_proto+port
2025-07-19T23:02:50.045515+0700,103.195.142.75,34.8.196.142,8255,53,UDP,flow,dns,288250318384578,,1,1,0,234,0,0.0,1,234,0,none,0,none,0,0,0,no_alert_unknown,no_alert_not_final_benign,-1,dns,app_proto+port
2025-07-19T23:02:50.045636+0700,103.195.142.74,202.134.0.155,53977,53,UDP,flow,dns,843471807409686,,1,1,0,88,0,0.0,1,88,0,none,0,none,0,0,0,no_alert_unknown,no_alert_not_final_benign,-1,dns,app_proto+port
2025-07-19T23:02:50.045773+0700,103.195.142.74,202.134.0.155,55932,53,UDP,flow,dns,118645201530578,,1,1,0,96,0,0.0,1,96,0,none,0,none,0,0,0,no_alert_unknown,no_alert_not_final_benign,-1,dns,app_proto+port
2025-07-19T23:02:50.045802+0700,103.195.142.196,87.98.154.153,53,38651,UDP,flow,failed,2115087406690118,,1,3,0,4311,0,10.0,3,4311,0,none,0,none,0,0,0,no_alert_unknown,no_alert_not_final_benign,-1,dns,port
2025-07-19T23:02:50.045822+0700,103.195.142.196,87.98.154.119,53,22562,UDP,flow,failed,592368328011600,,1,1,0,1437,0,0.0,1,1437,0,none,0,none,0,0,0,no_alert_unknown,no_alert_not_final_benign,-1,dns,port
2025-07-19T23:02:50.045875+0700,103.195.142.196,87.98.154.9,53,23601,UDP,flow,failed,722631151349780,,1,1,0,1437,0,0.0,1,1437,0,none,0,none,0,0,0,no_alert_unknown,no_alert_not_final_benign,-1,dns,port
2025-07-19T23:02:50.045897+0700,103.195.142.74,34.8.38.57,6856,53,UDP,flow,dns,601761516384346,,1,1,0,252,0,0.0,1,252,0,none,0,none,0,0,0,no_alert_unknown,no_alert_not_final_benign,-1,dns,app_proto+port
2025-07-19T23:02:50.045930+0700,103.195.142.195,87.98.154.100,53,55873,UDP,flow,failed,374867546042502,,1,1,0,1437,0,0.0,1,1437,0,none,0,none,0,0,0,no_alert_unknown,no_alert_not_final_benign,-1,dns,port
2025-07-19T23:02:50.045951+0700,103.195.142.195,87.98.154.119,53,24221,UDP,flow,failed,92287475871968,,1,1,0,1437,0,0.0,1,1437,0,none,0,none,0,0,0,no_alert_unknown,no_alert_not_final_benign,-1,dns,port
2025-07-19T23:02:50.046068+0700,103.195.142.165,87.98.154.245,53,15834,UDP,flow,failed,1975683500306824,,1,3,0,4311,0,10.0,3,4311,0,none,0,none,0,0,0,no_alert_unknown,no_alert_not_final_benign,-1,dns,port
2025-07-19T23:02:50.046132+0700,103.195.142.109,87.98.154.57,53,39233,UDP,flow,failed,698408420799038,,1,1,0,1437,0,0.0,1,1437,0,none,0,none,0,0,0,no_alert_unknown,no_alert_not_final_benign,-1,dns,port
2025-07-19T23:02:50.046171+0700,103.195.142.3,31.204.133.201,53,10327,UDP,flow,failed,185131298222669,,1,1,0,179,0,0.0,1,179,0,none,0,none,0,0,0,no_alert_unknown,no_alert_not_final_benign,-1,dns,port
2025-07-19T23:02:50.046195+0700,103.195.142.196,87.98.154.119,53,50617,UDP,flow,failed,134791556592259,,1,1,0,1437,0,0.0,1,1437,0,none,0,none,0,0,0,no_alert_unknown,no_alert_not_final_benign,-1,dns,port
2025-07-19T23:02:50.046262+0700,103.195.142.109,87.98.154.85,53,45905,UDP,flow,failed,411531132564184,,1,1,0,1437,0,0.0,1,1437,0,none,0,none,0,0,0,no_alert_unknown,no_alert_not_final_benign,-1,dns,port
2025-07-19T23:02:50.046367+0700,103.195.142.165,87.98.154.73,53,57204,UDP,flow,failed,352709863830584,,1,1,0,1437,0,0.0,1,1437,0,none,0,none,0,0,0,no_alert_unknown,no_alert_not_final_benign,-1,dns,port
2025-07-19T23:02:50.046507+0700,103.195.142.74,118.98.44.100,32844,53,UDP,flow,dns,409110291575936,,1,1,0,77,0,0.0,1,77,0,none,0,none,0,0,0,no_alert_unknown,no_alert_not_final_benign,-1,dns,app_proto+port
2025-07-19T23:02:50.046534+0700,103.195.142.109,87.98.154.113,53,16718,UDP,flow,failed,341329170691241,,1,1,0,1437,0,0.0,1,1437,0,none,0,none,0,0,0,no_alert_unknown,no_alert_not_final_benign,-1,dns,port
2025-07-19T23:02:50.046553+0700,103.195.142.83,87.98.154.118,53,45820,UDP,flow,failed,659566544385223,,1,1,0,1190,0,0.0,1,1190,0,none,0,none,0,0,0,no_alert_unknown,no_alert_not_final_benign,-1,dns,port
2025-07-19T23:02:50.046603+0700,103.195.142.83,87.98.154.119,53,64406,UDP,flow,failed,329405228479783,,1,1,0,1190,0,0.0,1,1190,0,none,0,none,0,0,0,no_alert_unknown,no_alert_not_final_benign,-1,dns,port
2025-07-19T23:02:50.046621+0700,103.195.142.83,87.98.154.78,53,15132,UDP,flow,failed,174411929843037,,1,1,0,1190,0,0.0,1,1190,0,none,0,none,0,0,0,no_alert_unknown,no_alert_not_final_benign,-1,dns,port
2025-07-19T23:02:50.046640+0700,103.195.142.83,87.98.154.198,53,1397,UDP,flow,failed,377233703662942,,1,1,0,1190,0,0.0,1,1190,0,none,0,none,0,0,0,no_alert_unknown,no_alert_not_final_benign,-1,dns,port
2025-07-19T23:02:50.046668+0700,103.195.142.75,8.8.8.8,50240,53,UDP,flow,dns,605233672779145,,1,1,0,77,0,0.0,1,77,0,none,0,none,0,0,0,no_alert_unknown,no_alert_not_final_benign,-1,dns,app_proto+port
2025-07-19T23:02:50.046757+0700,103.195.142.2,31.204.133.201,53,43262,UDP,flow,failed,215786242536909,,1,1,0,136,0,0.0,1,136,0,none,0,none,0,0,0,no_alert_unknown,no_alert_not_final_benign,-1,dns,port
2025-07-19T23:02:50.046803+0700,103.195.142.83,87.98.154.119,53,52962,UDP,flow,failed,182458636924560,,1,1,0,1190,0,0.0,1,1190,0,none,0,none,0,0,0,no_alert_unknown,no_alert_not_final_benign,-1,dns,port
2025-07-19T23:02:50.046826+0700,103.195.142.74,118.98.44.100,53559,53,UDP,flow,dns,95853340423849,,1,1,0,102,0,0.0,1,102,0,none,0,none,0,0,0,no_alert_unknown,no_alert_not_final_benign,-1,dns,app_proto+port
2025-07-19T23:02:50.046907+0700,103.195.142.83,87.98.154.119,53,36263,UDP,flow,failed,302706087130890,,1,1,0,1190,0,0.0,1,1190,0,none,0,none,0,0,0,no_alert_unknown,no_alert_not_final_benign,-1,dns,port
2025-07-19T23:02:50.047022+0700,103.195.142.109,87.98.154.117,53,29825,UDP,flow,failed,733344771373003,,1,1,0,1437,0,0.0,1,1437,0,none,0,none,0,0,0,no_alert_unknown,no_alert_not_final_benign,-1,dns,port
2025-07-19T23:02:50.047048+0700,103.195.142.74,118.98.44.20,11902,53,UDP,flow,dns,649096663627725,,1,1,0,220,0,0.0,1,220,0,none,0,none,0,0,0,no_alert_unknown,no_alert_not_final_benign,-1,dns,app_proto+port
2025-07-19T23:02:50.047117+0700,103.195.142.74,202.134.0.155,22687,53,UDP,flow,dns,361188212504619,,1,1,0,78,0,0.0,1,78,0,none,0,none,0,0,0,no_alert_unknown,no_alert_not_final_benign,-1,dns,app_proto+port
2025-07-19T23:02:50.047138+0700,103.195.142.74,118.98.44.20,1163,53,UDP,flow,dns,196628207925347,,1,1,0,86,0,0.0,1,86,0,none,0,none,0,0,0,no_alert_unknown,no_alert_not_final_benign,-1,dns,app_proto+port
2025-07-19T23:02:50.047157+0700,103.195.142.74,118.98.44.100,64036,53,UDP,flow,dns,300592389585025,,1,1,0,214,0,0.0,1,214,0,none,0,none,0,0,0,no_alert_unknown,no_alert_not_final_benign,-1,dns,app_proto+port
2025-07-19T23:02:50.047227+0700,103.195.142.109,87.98.154.29,53,43163,UDP,flow,failed,773511446034745,,1,1,0,1437,0,0.0,1,1437,0,none,0,none,0,0,0,no_alert_unknown,no_alert_not_final_benign,-1,dns,port
2025-07-19T23:02:50.047267+0700,103.195.142.75,185.67.45.231,44616,53,UDP,flow,dns,501787982461357,,1,1,0,85,0,0.0,1,85,0,none,0,none,0,0,0,no_alert_unknown,no_alert_not_final_benign,-1,dns,app_proto+port
2025-07-19T23:02:50.047286+0700,103.195.142.46,87.98.154.103,53,3849,UDP,flow,failed,76665401211314,,1,1,0,1437,0,0.0,1,1437,0,none,0,none,0,0,0,no_alert_unknown,no_alert_not_final_benign,-1,dns,port
2025-07-19T23:02:50.047320+0700,103.195.142.76,87.98.154.117,53,32981,UDP,flow,failed,799844553816628,,1,1,0,1469,0,0.0,1,1469,0,none,0,none,0,0,0,no_alert_unknown,no_alert_not_final_benign,-1,dns,port
2025-07-19T23:02:50.047348+0700,103.195.142.74,118.98.44.100,28294,53,UDP,flow,dns,815653597575738,,1,1,0,90,0,0.0,1,90,0,none,0,none,0,0,0,no_alert_unknown,no_alert_not_final_benign,-1,dns,app_proto+port
2025-07-19T23:02:50.047368+0700,103.195.142.109,87.98.154.119,53,15668,UDP,flow,failed,700610653682268,,1,1,0,1437,0,0.0,1,1437,0,none,0,none,0,0,0,no_alert_unknown,no_alert_not_final_benign,-1,dns,port
2025-07-19T23:02:50.047387+0700,103.195.142.109,87.98.154.119,53,21632,UDP,flow,failed,796200601942632,,1,1,0,1437,0,0.0,1,1437,0,none,0,none,0,0,0,no_alert_unknown,no_alert_not_final_benign,-1,dns,port
2025-07-19T23:02:50.047425+0700,103.195.142.46,87.98.154.79,53,45419,UDP,flow,failed,190000071539383,,1,1,0,1437,0,0.0,1,1437,0,none,0,none,0,0,0,no_alert_unknown,no_alert_not_final_benign,-1,dns,port
2025-07-19T23:02:50.047444+0700,103.195.142.74,118.98.44.20,43361,53,UDP,flow,dns,313427764869847,,1,1,0,85,0,0.0,1,85,0,none,0,none,0,0,0,no_alert_unknown,no_alert_not_final_benign,-1,dns,app_proto+port
2025-07-19T23:02:50.047488+0700,103.195.142.74,34.8.38.57,20506,53,UDP,flow,dns,455116046105371,,1,1,0,234,0,0.0,1,234,0,none,0,none,0,0,0,no_alert_unknown,no_alert_not_final_benign,-1,dns,app_proto+port
2025-07-19T23:02:50.047524+0700,103.195.142.74,202.134.0.155,51268,53,UDP,flow,dns,748388881169317,,1,1,0,93,0,0.0,1,93,0,none,0,none,0,0,0,no_alert_unknown,no_alert_not_final_benign,-1,dns,app_proto+port
2025-07-19T23:02:50.047566+0700,103.195.142.76,87.98.154.230,53,24210,UDP,flow,failed,165861697485738,,1,1,0,1469,0,0.0,1,1469,0,none,0,none,0,0,0,no_alert_unknown,no_alert_not_final_benign,-1,dns,port
2025-07-19T23:02:50.047587+0700,103.195.142.74,118.98.44.50,49494,53,UDP,flow,dns,658392345705416,,1,1,0,223,0,0.0,1,223,0,none,0,none,0,0,0,no_alert_unknown,no_alert_not_final_benign,-1,dns,app_proto+port
2025-07-19T23:02:50.047650+0700,103.195.142.74,118.98.44.100,43248,53,UDP,flow,dns,524881139825753,,1,1,0,214,0,0.0,1,214,0,none,0,none,0,0,0,no_alert_unknown,no_alert_not_final_benign,-1,dns,app_proto+port
2025-07-19T23:02:50.047670+0700,103.195.142.74,118.98.44.50,8148,53,UDP,flow,dns,1933722123795559,,1,2,0,204,0,12.0,2,204,0,none,0,none,0,0,0,no_alert_unknown,no_alert_not_final_benign,-1,dns,app_proto+port
2025-07-19T23:02:50.047689+0700,103.195.142.46,87.98.154.251,53,5868,UDP,flow,failed,765106139921549,,1,1,0,1437,0,0.0,1,1437,0,none,0,none,0,0,0,no_alert_unknown,no_alert_not_final_benign,-1,dns,port
2025-07-19T23:02:50.047714+0700,103.195.142.3,172.70.116.71,53,21394,UDP,flow,failed,141150058806617,,1,1,0,132,0,0.0,1,132,0,none,0,none,0,0,0,no_alert_unknown,no_alert_not_final_benign,-1,dns,port
2025-07-19T23:02:50.047733+0700,103.195.142.195,87.98.154.119,53,8038,UDP,flow,failed,450771340721610,,1,1,0,1437,0,0.0,1,1437,0,none,0,none,0,0,0,no_alert_unknown,no_alert_not_final_benign,-1,dns,port
2025-07-19T23:02:50.047751+0700,103.195.142.109,87.98.154.85,53,34493,UDP,flow,failed,498066460671489,,1,1,0,1437,0,0.0,1,1437,0,none,0,none,0,0,0,no_alert_unknown,no_alert_not_final_benign,-1,dns,port
2025-07-19T23:02:50.047770+0700,103.195.142.46,87.98.154.119,53,40028,UDP,flow,failed,149979077377559,,1,1,0,1437,0,0.0,1,1437,0,none,0,none,0,0,0,no_alert_unknown,no_alert_not_final_benign,-1,dns,port
2025-07-19T23:02:50.047811+0700,103.195.142.74,34.8.196.142,59830,53,UDP,flow,dns,825844795473578,,1,1,0,234,0,0.0,1,234,0,none,0,none,0,0,0,no_alert_unknown,no_alert_not_final_benign,-1,dns,app_proto+port
2025-07-19T23:02:50.047831+0700,103.195.142.76,87.98.154.119,53,28599,UDP,flow,failed,28470322429626,,1,1,0,1469,0,0.0,1,1469,0,none,0,none,0,0,0,no_alert_unknown,no_alert_not_final_benign,-1,dns,port
2025-07-19T23:02:50.047868+0700,103.195.142.165,87.98.154.119,53,31493,UDP,flow,failed,753113970540302,,1,1,0,1437,0,0.0,1,1437,0,none,0,none,0,0,0,no_alert_unknown,no_alert_not_final_benign,-1,dns,port
2025-07-19T23:02:50.047894+0700,103.195.142.195,87.98.154.100,53,3392,UDP,flow,failed,320232576155423,,1,1,0,1437,0,0.0,1,1437,0,none,0,none,0,0,0,no_alert_unknown,no_alert_not_final_benign,-1,dns,port
2025-07-19T23:02:50.047945+0700,103.195.142.165,87.98.154.209,53,26012,UDP,flow,failed,598287885303637,,1,1,0,1437,0,0.0,1,1437,0,none,0,none,0,0,0,no_alert_unknown,no_alert_not_final_benign,-1,dns,port
2025-07-19T23:02:50.047966+0700,103.195.142.165,87.98.154.119,53,29401,UDP,flow,failed,290230306439007,,1,1,0,1437,0,0.0,1,1437,0,none,0,none,0,0,0,no_alert_unknown,no_alert_not_final_benign,-1,dns,port
2025-07-19T23:02:50.047991+0700,103.195.142.74,118.98.44.20,11808,53,UDP,flow,dns,382420422524830,,1,1,0,211,0,0.0,1,211,0,none,0,none,0,0,0,no_alert_unknown,no_alert_not_final_benign,-1,dns,app_proto+port
2025-07-19T23:02:50.048010+0700,103.195.142.74,118.98.44.50,45694,53,UDP,flow,dns,234807758127012,,1,1,0,105,0,0.0,1,105,0,none,0,none,0,0,0,no_alert_unknown,no_alert_not_final_benign,-1,dns,app_proto+port
2025-07-19T23:02:50.048030+0700,103.195.142.74,118.98.44.50,49783,53,UDP,flow,dns,697280598409245,,1,1,0,68,0,0.0,1,68,0,none,0,none,0,0,0,no_alert_unknown,no_alert_not_final_benign,-1,dns,app_proto+port
2025-07-19T23:02:50.048086+0700,103.195.142.109,87.98.154.119,53,19704,UDP,flow,failed,206942150623277,,1,1,0,1437,0,0.0,1,1437,0,none,0,none,0,0,0,no_alert_unknown,no_alert_not_final_benign,-1,dns,port
2025-07-19T23:02:50.048173+0700,103.195.142.46,87.98.154.119,53,30559,UDP,flow,failed,386622982881427,,1,1,0,1437,0,0.0,1,1437,0,none,0,none,0,0,0,no_alert_unknown,no_alert_not_final_benign,-1,dns,port
2025-07-19T23:02:50.048202+0700,103.195.142.165,87.98.154.118,53,7242,UDP,flow,failed,738484716601622,,1,1,0,1437,0,0.0,1,1437,0,none,0,none,0,0,0,no_alert_unknown,no_alert_not_final_benign,-1,dns,port
2025-07-19T23:02:50.048231+0700,103.195.142.46,87.98.154.119,53,39309,UDP,flow,failed,250292988182828,,1,1,0,1437,0,0.0,1,1437,0,none,0,none,0,0,0,no_alert_unknown,no_alert_not_final_benign,-1,dns,port
2025-07-19T23:02:50.048265+0700,103.195.142.3,180.241.233.214,53,45531,UDP,flow,failed,88743379894604,,1,1,0,174,0,0.0,1,174,0,none,0,none,0,0,0,no_alert_unknown,no_alert_not_final_benign,-1,dns,port
2025-07-19T23:02:50.048306+0700,103.195.142.165,87.98.154.9,53,15486,UDP,flow,failed,526752467943810,,1,1,0,1437,0,0.0,1,1437,0,none,0,none,0,0,0,no_alert_unknown,no_alert_not_final_benign,-1,dns,port
2025-07-19T23:02:50.048361+0700,103.195.142.76,87.98.154.119,53,53860,UDP,flow,failed,696595038175630,,1,1,0,1469,0,0.0,1,1469,0,none,0,none,0,0,0,no_alert_unknown,no_alert_not_final_benign,-1,dns,port
2025-07-19T23:02:50.048531+0700,103.195.142.109,87.98.154.249,53,63170,UDP,flow,failed,284178921914859,,1,1,0,1437,0,0.0,1,1437,0,none,0,none,0,0,0,no_alert_unknown,no_alert_not_final_benign,-1,dns,port
2025-07-19T23:02:50.048590+0700,103.195.142.76,87.98.154.202,53,32735,UDP,flow,failed,476639917277706,,1,1,0,1469,0,0.0,1,1469,0,none,0,none,0,0,0,no_alert_unknown,no_alert_not_final_benign,-1,dns,port
2025-07-19T23:02:50.048629+0700,103.195.142.74,118.98.44.20,13290,53,UDP,flow,dns,710535685964324,,1,1,0,211,0,0.0,1,211,0,none,0,none,0,0,0,no_alert_unknown,no_alert_not_final_benign,-1,dns,app_proto+port
2025-07-19T23:02:50.048670+0700,103.195.142.196,87.98.154.119,53,49739,UDP,flow,failed,24667026260588,,1,1,0,1437,0,0.0,1,1437,0,none,0,none,0,0,0,no_alert_unknown,no_alert_not_final_benign,-1,dns,port
2025-07-19T23:02:50.048697+0700,103.195.142.74,202.134.0.155,39525,53,UDP,flow,dns,344463668511352,,1,1,0,196,0,0.0,1,196,0,none,0,none,0,0,0,no_alert_unknown,no_alert_not_final_benign,-1,dns,app_proto+port
2025-07-19T23:02:50.048759+0700,103.195.142.76,87.98.154.90,53,23220,UDP,flow,failed,16581444469608,,1,1,0,1469,0,0.0,1,1469,0,none,0,none,0,0,0,no_alert_unknown,no_alert_not_final_benign,-1,dns,port
2025-07-19T23:02:50.048789+0700,103.195.142.109,87.98.154.119,53,3741,UDP,flow,failed,472117274379204,,1,1,0,1437,0,0.0,1,1437,0,none,0,none,0,0,0,no_alert_unknown,no_alert_not_final_benign,-1,dns,port
2025-07-19T23:02:50.048809+0700,103.195.142.76,87.98.154.119,53,37897,UDP,flow,failed,8678239273954,,1,1,0,1469,0,0.0,1,1469,0,none,0,none,0,0,0,no_alert_unknown,no_alert_not_final_benign,-1,dns,port
2025-07-19T23:02:50.048882+0700,103.195.142.195,87.98.154.128,53,64388,UDP,flow,failed,38475074733294,,1,1,0,1437,0,0.0,1,1437,0,none,0,none,0,0,0,no_alert_unknown,no_alert_not_final_benign,-1,dns,port
2025-07-19T23:02:50.048931+0700,103.195.142.75,8.8.8.8,16092,53,UDP,flow,dns,521550946731368,,1,1,0,223,0,0.0,1,223,0,none,0,none,0,0,0,no_alert_unknown,no_alert_not_final_benign,-1,dns,app_proto+port
2025-07-19T23:02:50.048974+0700,103.195.142.196,87.98.154.119,53,47237,UDP,flow,failed,548874681288066,,1,1,0,1437,0,0.0,1,1437,0,none,0,none,0,0,0,no_alert_unknown,no_alert_not_final_benign,-1,dns,port
2025-07-19T23:02:50.049027+0700,103.195.142.196,87.98.154.119,53,28907,UDP,flow,failed,187429381637582,,1,1,0,1437,0,0.0,1,1437,0,none,0,none,0,0,0,no_alert_unknown,no_alert_not_final_benign,-1,dns,port
2025-07-19T23:02:50.049111+0700,103.195.142.83,87.98.154.117,53,56698,UDP,flow,failed,495022217725471,,1,1,0,1190,0,0.0,1,1190,0,none,0,none,0,0,0,no_alert_unknown,no_alert_not_final_benign,-1,dns,port
2025-07-19T23:02:50.049171+0700,103.195.142.76,87.98.154.119,53,24818,UDP,flow,failed,473250979153474,,1,1,0,1469,0,0.0,1,1469,0,none,0,none,0,0,0,no_alert_unknown,no_alert_not_final_benign,-1,dns,port
2025-07-19T23:02:50.049267+0700,103.195.142.74,118.98.44.100,22103,53,UDP,flow,dns,629511951582995,,1,1,0,220,0,0.0,1,220,0,none,0,none,0,0,0,no_alert_unknown,no_alert_not_final_benign,-1,dns,app_proto+port
2025-07-19T23:02:50.049287+0700,103.195.142.3,140.0.223.243,53,33419,UDP,flow,failed,210299454588827,,1,1,0,192,0,0.0,1,192,0,none,0,none,0,0,0,no_alert_unknown,no_alert_not_final_benign,-1,dns,port
2025-07-19T23:02:50.049334+0700,103.195.142.74,202.134.0.155,6108,53,UDP,flow,dns,459765289224241,,1,1,0,68,0,0.0,1,68,0,none,0,none,0,0,0,no_alert_unknown,no_alert_not_final_benign,-1,dns,app_proto+port
2025-07-19T23:02:50.049384+0700,103.195.142.46,87.98.154.119,53,46763,UDP,flow,failed,704286938466504,,1,1,0,1437,0,0.0,1,1437,0,none,0,none,0,0,0,no_alert_unknown,no_alert_not_final_benign,-1,dns,port
2025-07-19T23:02:50.049622+0700,103.195.142.74,202.134.0.155,16631,53,UDP,flow,dns,537406040214110,,1,1,0,223,0,0.0,1,223,0,none,0,none,0,0,0,no_alert_unknown,no_alert_not_final_benign,-1,dns,app_proto+port
2025-07-19T23:02:50.049643+0700,103.195.142.3,146.112.133.130,53,26367,UDP,flow,failed,214512127478374,,1,1,0,176,0,0.0,1,176,0,none,0,none,0,0,0,no_alert_unknown,no_alert_not_final_benign,-1,dns,port
2025-07-19T23:02:50.049664+0700,103.195.142.3,31.204.133.201,53,36440,UDP,flow,failed,199571919899258,,1,1,0,135,0,0.0,1,135,0,none,0,none,0,0,0,no_alert_unknown,no_alert_not_final_benign,-1,dns,port
2025-07-19T23:02:50.049684+0700,103.195.142.74,118.98.44.50,8355,53,UDP,flow,dns,402773328038657,,1,1,0,196,0,0.0,1,196,0,none,0,none,0,0,0,no_alert_unknown,no_alert_not_final_benign,-1,dns,app_proto+port
2025-07-19T23:02:50.049706+0700,103.195.142.109,87.98.154.119,53,3653,UDP,flow,failed,475374340770616,,1,1,0,1437,0,0.0,1,1437,0,none,0,none,0,0,0,no_alert_unknown,no_alert_not_final_benign,-1,dns,port
2025-07-19T23:02:50.049783+0700,103.195.142.74,118.98.44.100,18966,53,UDP,flow,dns,177043075992524,,1,1,0,68,0,0.0,1,68,0,none,0,none,0,0,0,no_alert_unknown,no_alert_not_final_benign,-1,dns,app_proto+port
2025-07-19T23:02:50.049858+0700,103.195.142.46,87.98.154.231,53,52986,UDP,flow,failed,354878559390818,,1,1,0,1437,0,0.0,1,1437,0,none,0,none,0,0,0,no_alert_unknown,no_alert_not_final_benign,-1,dns,port
2025-07-19T23:02:50.049897+0700,103.195.142.74,118.98.44.50,20362,53,UDP,flow,dns,462849091669354,,1,1,0,214,0,0.0,1,214,0,none,0,none,0,0,0,no_alert_unknown,no_alert_not_final_benign,-1,dns,app_proto+port
2025-07-19T23:02:50.049930+0700,103.195.142.46,87.98.154.119,53,57795,UDP,flow,failed,45290769255819,,1,1,0,1437,0,0.0,1,1437,0,none,0,none,0,0,0,no_alert_unknown,no_alert_not_final_benign,-1,dns,port
2025-07-19T23:02:50.050004+0700,103.195.142.74,118.98.44.50,6015,53,UDP,flow,dns,622851023408850,,1,1,0,214,0,0.0,1,214,0,none,0,none,0,0,0,no_alert_unknown,no_alert_not_final_benign,-1,dns,app_proto+port
2025-07-19T23:02:50.050038+0700,103.195.142.195,87.98.154.216,53,35681,UDP,flow,failed,12256944164569,,1,1,0,1437,0,0.0,1,1437,0,none,0,none,0,0,0,no_alert_unknown,no_alert_not_final_benign,-1,dns,port
2025-07-19T23:02:50.050073+0700,103.195.142.74,34.8.38.57,56948,53,UDP,flow,dns,789752179953415,,1,1,0,222,0,0.0,1,222,0,none,0,none,0,0,0,no_alert_unknown,no_alert_not_final_benign,-1,dns,app_proto+port
2025-07-19T23:02:50.050202+0700,103.195.142.109,87.98.154.119,53,64442,UDP,flow,failed,591514195955474,,1,1,0,1437,0,0.0,1,1437,0,none,0,none,0,0,0,no_alert_unknown,no_alert_not_final_benign,-1,dns,port
2025-07-19T23:02:50.050265+0700,103.195.142.75,34.8.196.142,44478,53,UDP,flow,dns,496290938261266,,1,1,0,222,0,0.0,1,222,0,none,0,none,0,0,0,no_alert_unknown,no_alert_not_final_benign,-1,dns,app_proto+port
2025-07-19T23:02:50.050307+0700,103.195.142.75,8.8.8.8,56211,53,UDP,flow,dns,827505267674914,,1,1,0,241,0,0.0,1,241,0,none,0,none,0,0,0,no_alert_unknown,no_alert_not_final_benign,-1,dns,app_proto+port
2025-07-19T23:02:50.050363+0700,103.195.142.3,173.252.107.137,53,25241,UDP,flow,failed,147099950812999,,1,1,0,135,0,0.0,1,135,0,none,0,none,0,0,0,no_alert_unknown,no_alert_not_final_benign,-1,dns,port
2025-07-19T23:02:50.050426+0700,103.195.142.196,87.98.154.125,53,47222,UDP,flow,failed,5486182961151,,1,1,0,1437,0,0.0,1,1437,0,none,0,none,0,0,0,no_alert_unknown,no_alert_not_final_benign,-1,dns,port
2025-07-19T23:02:50.050544+0700,103.195.142.109,87.98.154.141,53,3628,UDP,flow,failed,17014677016665,,1,1,0,1437,0,0.0,1,1437,0,none,0,none,0,0,0,no_alert_unknown,no_alert_not_final_benign,-1,dns,port
2025-07-19T23:02:50.050621+0700,103.195.142.74,118.98.44.50,15215,53,UDP,flow,dns,325993363312896,,1,1,0,68,0,0.0,1,68,0,none,0,none,0,0,0,no_alert_unknown,no_alert_not_final_benign,-1,dns,app_proto+port
2025-07-19T23:02:50.050642+0700,103.195.142.74,50.116.34.34,22819,53,UDP,flow,dns,401919467688208,,1,1,0,85,0,0.0,1,85,0,none,0,none,0,0,0,no_alert_unknown,no_alert_not_final_benign,-1,dns,app_proto+port
2025-07-19T23:02:50.050664+0700,103.195.142.195,87.98.154.16,53,4926,UDP,flow,failed,1792555860136213,,1,3,0,4311,0,10.0,3,4311,0,none,0,none,0,0,0,no_alert_unknown,no_alert_not_final_benign,-1,dns,port
2025-07-19T23:02:50.050683+0700,103.195.142.46,87.98.154.143,53,48064,UDP,flow,failed,80498853712161,,1,1,0,1437,0,0.0,1,1437,0,none,0,none,0,0,0,no_alert_unknown,no_alert_not_final_benign,-1,dns,port
2025-07-19T23:02:50.050709+0700,103.195.142.109,87.98.154.119,53,35075,UDP,flow,failed,95724037575101,,1,1,0,1437,0,0.0,1,1437,0,none,0,none,0,0,0,no_alert_unknown,no_alert_not_final_benign,-1,dns,port
2025-07-19T23:02:50.050728+0700,103.195.142.83,87.98.154.119,53,1990,UDP,flow,failed,252264165577249,,1,1,0,1190,0,0.0,1,1190,0,none,0,none,0,0,0,no_alert_unknown,no_alert_not_final_benign,-1,dns,port
2025-07-19T23:02:50.050836+0700,103.195.142.196,87.98.154.9,53,60008,UDP,flow,failed,52080112014092,,1,1,0,1437,0,0.0,1,1437,0,none,0,none,0,0,0,no_alert_unknown,no_alert_not_final_benign,-1,dns,port
2025-07-19T23:02:50.050957+0700,103.195.142.74,118.98.44.20,8543,53,UDP,flow,dns,215350803928279,,1,1,0,214,0,0.0,1,214,0,none,0,none,0,0,0,no_alert_unknown,no_alert_not_final_benign,-1,dns,app_proto+port
2025-07-19T23:02:50.051045+0700,103.195.142.165,87.98.154.119,53,19029,UDP,flow,failed,715366447158627,,1,1,0,1437,0,0.0,1,1437,0,none,0,none,0,0,0,no_alert_unknown,no_alert_not_final_benign,-1,dns,port
2025-07-19T23:02:50.051063+0700,103.195.142.108,8.8.8.8,28324,53,UDP,flow,dns,780109522834889,,1,1,0,68,0,0.0,1,68,0,none,0,none,0,0,0,no_alert_unknown,no_alert_not_final_benign,-1,dns,app_proto+port
2025-07-19T23:02:50.051083+0700,103.195.142.83,87.98.154.119,53,24234,UDP,flow,failed,34141517878761,,1,1,0,1190,0,0.0,1,1190,0,none,0,none,0,0,0,no_alert_unknown,no_alert_not_final_benign,-1,dns,port
2025-07-19T23:02:50.051127+0700,103.195.142.46,87.98.154.119,53,4093,UDP,flow,failed,191231337469599,,1,1,0,1437,0,0.0,1,1437,0,none,0,none,0,0,0,no_alert_unknown,no_alert_not_final_benign,-1,dns,port
2025-07-19T23:02:50.051180+0700,103.195.142.196,87.98.154.119,53,39185,UDP,flow,failed,588250786731804,,1,1,0,1437,0,0.0,1,1437,0,none,0,none,0,0,0,no_alert_unknown,no_alert_not_final_benign,-1,dns,port
2025-07-19T23:02:50.051243+0700,103.195.142.74,118.98.44.50,19384,53,UDP,flow,dns,466390963558353,,1,1,0,214,0,0.0,1,214,0,none,0,none,0,0,0,no_alert_unknown,no_alert_not_final_benign,-1,dns,app_proto+port
2025-07-19T23:02:50.051262+0700,103.195.142.74,118.98.44.20,58519,53,UDP,flow,dns,629027115931651,,1,1,0,81,0,0.0,1,81,0,none,0,none,0,0,0,no_alert_unknown,no_alert_not_final_benign,-1,dns,app_proto+port
2025-07-19T23:02:50.051283+0700,103.195.142.83,87.98.154.119,53,50511,UDP,flow,failed,512565560514583,,1,1,0,1190,0,0.0,1,1190,0,none,0,none,0,0,0,no_alert_unknown,no_alert_not_final_benign,-1,dns,port
2025-07-19T23:02:50.051306+0700,103.195.142.196,87.98.154.119,53,48596,UDP,flow,failed,456990308997311,,1,1,0,1437,0,0.0,1,1437,0,none,0,none,0,0,0,no_alert_unknown,no_alert_not_final_benign,-1,dns,port
2025-07-19T23:02:50.051325+0700,103.195.142.195,87.98.154.72,53,47923,UDP,flow,failed,436770548521316,,1,1,0,1437,0,0.0,1,1437,0,none,0,none,0,0,0,no_alert_unknown,no_alert_not_final_benign,-1,dns,port
2025-07-19T23:02:50.051490+0700,103.195.142.75,8.8.8.8,21692,53,UDP,flow,dns,735486346173566,,1,1,0,196,0,0.0,1,196,0,none,0,none,0,0,0,no_alert_unknown,no_alert_not_final_benign,-1,dns,app_proto+port
2025-07-19T23:02:50.051546+0700,103.195.142.75,8.8.8.8,37715,53,UDP,flow,dns,510676777475262,,1,1,0,76,0,0.0,1,76,0,none,0,none,0,0,0,no_alert_unknown,no_alert_not_final_benign,-1,dns,app_proto+port
2025-07-19T23:02:50.051578+0700,103.195.142.74,118.98.44.20,24656,53,UDP,flow,dns,436497227357393,,1,1,0,77,0,0.0,1,77,0,none,0,none,0,0,0,no_alert_unknown,no_alert_not_final_benign,-1,dns,app_proto+port
2025-07-19T23:02:50.051612+0700,103.195.142.196,87.98.154.119,53,40141,UDP,flow,failed,319170884443348,,1,1,0,1437,0,0.0,1,1437,0,none,0,none,0,0,0,no_alert_unknown,no_alert_not_final_benign,-1,dns,port
2025-07-19T23:02:50.051632+0700,103.195.142.195,87.98.154.119,53,63876,UDP,flow,failed,839736437349653,,1,1,0,1437,0,0.0,1,1437,0,none,0,none,0,0,0,no_alert_unknown,no_alert_not_final_benign,-1,dns,port
2025-07-19T23:02:50.051680+0700,103.195.142.75,8.8.8.8,17848,53,UDP,flow,dns,1957026643680572,,1,2,0,456,0,4.0,2,456,0,none,0,none,0,0,0,no_alert_unknown,no_alert_not_final_benign,-1,dns,app_proto+port
2025-07-19T23:02:50.051768+0700,103.195.142.165,87.98.154.161,53,26909,UDP,flow,failed,768332883205532,,1,1,0,1437,0,0.0,1,1437,0,none,0,none,0,0,0,no_alert_unknown,no_alert_not_final_benign,-1,dns,port
2025-07-19T23:02:50.051877+0700,103.195.142.83,87.98.154.119,53,36258,UDP,flow,failed,528099048988358,,1,1,0,1190,0,0.0,1,1190,0,none,0,none,0,0,0,no_alert_unknown,no_alert_not_final_benign,-1,dns,port
2025-07-19T23:02:50.051910+0700,103.195.142.74,118.98.44.100,27762,53,UDP,flow,dns,417928710234011,,1,1,0,223,0,0.0,1,223,0,none,0,none,0,0,0,no_alert_unknown,no_alert_not_final_benign,-1,dns,app_proto+port
2025-07-19T23:02:50.051930+0700,103.195.142.74,202.134.0.155,37388,53,UDP,flow,dns,699683382206392,,1,1,0,109,0,0.0,1,109,0,none,0,none,0,0,0,no_alert_unknown,no_alert_not_final_benign,-1,dns,app_proto+port
2025-07-19T23:02:50.052002+0700,103.195.142.2,68.237.162.39,53,2552,UDP,flow,failed,819375660310761,,1,1,0,132,0,0.0,1,132,0,none,0,none,0,0,0,no_alert_unknown,no_alert_not_final_benign,-1,dns,port
2025-07-19T23:02:50.052065+0700,103.195.142.74,118.98.44.50,47384,53,UDP,flow,dns,403366126920375,,1,1,0,223,0,0.0,1,223,0,none,0,none,0,0,0,no_alert_unknown,no_alert_not_final_benign,-1,dns,app_proto+port
2025-07-19T23:02:50.052094+0700,103.195.142.46,87.98.154.119,53,9423,UDP,flow,failed,339882764837705,,1,1,0,1437,0,0.0,1,1437,0,none,0,none,0,0,0,no_alert_unknown,no_alert_not_final_benign,-1,dns,port
2025-07-19T23:02:50.052145+0700,103.195.142.74,118.98.44.50,57683,53,UDP,flow,dns,767226730488662,,1,1,0,196,0,0.0,1,196,0,none,0,none,0,0,0,no_alert_unknown,no_alert_not_final_benign,-1,dns,app_proto+port
2025-07-19T23:02:50.052183+0700,103.195.142.74,118.98.44.100,57813,53,UDP,flow,dns,571757185377205,,1,1,0,76,0,0.0,1,76,0,none,0,none,0,0,0,no_alert_unknown,no_alert_not_final_benign,-1,dns,app_proto+port
2025-07-19T23:02:50.052248+0700,103.195.142.196,87.98.154.119,53,12687,UDP,flow,failed,752161150116853,,1,1,0,1437,0,0.0,1,1437,0,none,0,none,0,0,0,no_alert_unknown,no_alert_not_final_benign,-1,dns,port
2025-07-19T23:02:50.052307+0700,103.195.142.74,202.134.0.155,61678,53,UDP,flow,dns,469869913089125,,1,1,0,223,0,0.0,1,223,0,none,0,none,0,0,0,no_alert_unknown,no_alert_not_final_benign,-1,dns,app_proto+port
2025-07-19T23:02:50.052375+0700,103.195.142.165,87.98.154.119,53,52229,UDP,flow,failed,709912467252490,,1,1,0,1437,0,0.0,1,1437,0,none,0,none,0,0,0,no_alert_unknown,no_alert_not_final_benign,-1,dns,port
2025-07-19T23:02:50.052402+0700,103.195.142.74,118.98.44.20,14845,53,UDP,flow,dns,322433000121929,,1,1,0,85,0,0.0,1,85,0,none,0,none,0,0,0,no_alert_unknown,no_alert_not_final_benign,-1,dns,app_proto+port
2025-07-19T23:02:50.052442+0700,103.195.142.74,118.98.44.50,12212,53,UDP,flow,dns,721918048708203,,1,1,0,211,0,0.0,1,211,0,none,0,none,0,0,0,no_alert_unknown,no_alert_not_final_benign,-1,dns,app_proto+port
2025-07-19T23:02:50.052486+0700,103.195.142.196,87.98.154.209,53,41599,UDP,flow,failed,843708594562694,,1,1,0,1437,0,0.0,1,1437,0,none,0,none,0,0,0,no_alert_unknown,no_alert_not_final_benign,-1,dns,port
2025-07-19T23:02:50.052504+0700,103.195.142.74,118.98.44.20,43674,53,UDP,flow,dns,384063827650191,,1,1,0,178,0,0.0,1,178,0,none,0,none,0,0,0,no_alert_unknown,no_alert_not_final_benign,-1,dns,app_proto+port
2025-07-19T23:02:50.052524+0700,103.195.142.74,202.134.0.155,46668,53,UDP,flow,dns,409959911433900,,1,1,0,178,0,0.0,1,178,0,none,0,none,0,0,0,no_alert_unknown,no_alert_not_final_benign,-1,dns,app_proto+port
2025-07-19T23:02:50.052569+0700,103.195.142.74,202.134.0.155,37374,53,UDP,flow,dns,681733632862258,,1,1,0,184,0,0.0,1,184,0,none,0,none,0,0,0,no_alert_unknown,no_alert_not_final_benign,-1,dns,app_proto+port
2025-07-19T23:02:50.052627+0700,103.195.142.46,87.98.154.119,53,14539,UDP,flow,failed,800180846962892,,1,1,0,1437,0,0.0,1,1437,0,none,0,none,0,0,0,no_alert_unknown,no_alert_not_final_benign,-1,dns,port
2025-07-19T23:02:50.052680+0700,103.195.142.74,118.98.44.20,29830,53,UDP,flow,dns,584134331574514,,1,1,0,196,0,0.0,1,196,0,none,0,none,0,0,0,no_alert_unknown,no_alert_not_final_benign,-1,dns,app_proto+port
2025-07-19T23:02:50.052704+0700,103.195.142.109,87.98.154.173,53,38620,UDP,flow,failed,805395798075760,,1,1,0,1437,0,0.0,1,1437,0,none,0,none,0,0,0,no_alert_unknown,no_alert_not_final_benign,-1,dns,port
2025-07-19T23:02:50.052724+0700,103.195.142.74,118.98.44.100,47809,53,UDP,flow,dns,650992610421140,,1,1,0,68,0,0.0,1,68,0,none,0,none,0,0,0,no_alert_unknown,no_alert_not_final_benign,-1,dns,app_proto+port
2025-07-19T23:02:50.052781+0700,103.195.142.109,87.98.154.119,53,28138,UDP,flow,failed,522607541004789,,1,1,0,1437,0,0.0,1,1437,0,none,0,none,0,0,0,no_alert_unknown,no_alert_not_final_benign,-1,dns,port
2025-07-19T23:02:50.052816+0700,103.195.142.74,118.98.44.20,25641,53,UDP,flow,dns,512645107591743,,1,1,0,68,0,0.0,1,68,0,none,0,none,0,0,0,no_alert_unknown,no_alert_not_final_benign,-1,dns,app_proto+port
2025-07-19T23:02:50.052842+0700,103.195.142.74,202.134.0.155,60498,53,UDP,flow,dns,779500976908977,,1,1,0,211,0,0.0,1,211,0,none,0,none,0,0,0,no_alert_unknown,no_alert_not_final_benign,-1,dns,app_proto+port
2025-07-19T23:02:50.052849+0700,103.195.142.109,87.98.154.118,53,7606,UDP,flow,failed,493705887263508,,1,1,0,1437,0,0.0,1,1437,0,none,0,none,0,0,0,no_alert_unknown,no_alert_not_final_benign,-1,dns,port
2025-07-19T23:02:50.052874+0700,103.195.142.74,118.98.44.50,61953,53,UDP,flow,dns,581569868573537,,1,1,0,100,0,0.0,1,100,0,none,0,none,0,0,0,no_alert_unknown,no_alert_not_final_benign,-1,dns,app_proto+port
2025-07-19T23:02:50.052882+0700,103.195.142.196,87.98.154.69,53,5127,UDP,flow,failed,591942557281131,,1,1,0,1437,0,0.0,1,1437,0,none,0,none,0,0,0,no_alert_unknown,no_alert_not_final_benign,-1,dns,port
2025-07-19T23:02:50.061879+0700,103.195.142.74,202.134.0.155,34183,53,UDP,dns,,828721574487064,wire/pcap,0,0,0,0,0,0.0,0,0,0,none,0,none,0,0,0,no_alert_unknown,no_alert_not_final_benign,-1,dns,port
2025-07-19T23:02:50.061922+0700,103.195.142.74,118.98.44.20,53538,53,UDP,dns,,828904180032391,wire/pcap,0,0,0,0,0,0.0,0,0,0,none,0,none,0,0,0,no_alert_unknown,no_alert_not_final_benign,-1,dns,port
2025-07-19T23:02:50.076280+0700,103.195.142.74,118.98.44.50,2576,53,UDP,dns,,609095289428811,wire/pcap,0,0,0,0,0,0.0,0,0,0,none,0,none,0,0,0,no_alert_unknown,no_alert_not_final_benign,-1,dns,port
2025-07-19T23:02:50.084986+0700,103.195.142.74,118.98.44.50,15408,53,UDP,dns,,646490255588427,wire/pcap,0,0,0,0,0,0.0,0,0,0,none,0,none,0,0,0,no_alert_unknown,no_alert_not_final_benign,-1,dns,port
2025-07-19T23:02:50.085064+0700,103.195.142.75,8.8.8.8,42827,53,UDP,dns,,646825434323766,wire/pcap,0,0,0,0,0,0.0,0,0,0,none,0,none,0,0,0,no_alert_unknown,no_alert_not_final_benign,-1,dns,port
2025-07-19T23:02:50.091988+0700,103.195.142.74,118.98.44.50,64256,53,UDP,dns,,676563522269082,wire/pcap,0,0,0,0,0,0.0,0,0,0,none,0,none,0,0,0,no_alert_unknown,no_alert_not_final_benign,-1,dns,port
2025-07-19T23:02:50.096199+0700,103.195.142.74,202.134.0.155,5804,53,UDP,dns,,694648244390516,wire/pcap,0,0,0,0,0,0.0,0,0,0,none,0,none,0,0,0,no_alert_unknown,no_alert_not_final_benign,-1,dns,port
2025-07-19T23:02:50.096739+0700,103.195.142.75,8.8.8.8,62171,53,UDP,dns,,696968376553489,wire/pcap,0,0,0,0,0,0.0,0,0,0,none,0,none,0,0,0,no_alert_unknown,no_alert_not_final_benign,-1,dns,port
2025-07-19T23:02:50.111364+0700,103.195.142.75,8.8.8.8,46519,53,UDP,dns,,759783918630555,wire/pcap,0,0,0,0,0,0.0,0,0,0,none,0,none,0,0,0,no_alert_unknown,no_alert_not_final_benign,-1,dns,port
2025-07-19T23:02:50.111555+0700,103.195.142.74,118.98.44.50,55127,53,UDP,dns,,760602972960257,wire/pcap,0,0,0,0,0,0.0,0,0,0,none,0,none,0,0,0,no_alert_unknown,no_alert_not_final_benign,-1,dns,port
2025-07-19T23:02:50.117591+0700,103.195.142.74,118.98.44.20,13172,53,UDP,dns,,786524696760743,wire/pcap,0,0,0,0,0,0.0,0,0,0,none,0,none,0,0,0,no_alert_unknown,no_alert_not_final_benign,-1,dns,port
2025-07-19T23:02:50.122010+0700,103.195.142.75,8.8.8.8,17894,53,UDP,dns,,805505606503769,wire/pcap,0,0,0,0,0,0.0,0,0,0,none,0,none,0,0,0,no_alert_unknown,no_alert_not_final_benign,-1,dns,port
2025-07-19T23:02:50.137844+0700,103.195.142.74,118.98.44.50,13528,53,UDP,dns,,592038562615975,wire/pcap,0,0,0,0,0,0.0,0,0,0,none,0,none,0,0,0,no_alert_unknown,no_alert_not_final_benign,-1,dns,port
2025-07-19T23:02:50.167468+0700,103.195.142.74,202.134.0.155,32502,53,UDP,dns,,719271751682638,wire/pcap,0,0,0,0,0,0.0,0,0,0,none,0,none,0,0,0,no_alert_unknown,no_alert_not_final_benign,-1,dns,port
2025-07-19T23:02:50.174461+0700,103.195.142.74,118.98.44.100,36847,53,UDP,dns,,749306369815859,wire/pcap,0,0,0,0,0,0.0,0,0,0,none,0,none,0,0,0,no_alert_unknown,no_alert_not_final_benign,-1,dns,port
2025-07-19T23:02:50.194626+0700,103.195.142.74,118.98.44.20,32962,53,UDP,dns,,835913939453101,wire/pcap,0,0,0,0,0,0.0,0,0,0,none,0,none,0,0,0,no_alert_unknown,no_alert_not_final_benign,-1,dns,port
2025-07-19T23:02:50.195245+0700,103.195.142.74,118.98.44.50,50289,53,UDP,dns,,838571149728724,wire/pcap,0,0,0,0,0,0.0,0,0,0,none,0,none,0,0,0,no_alert_unknown,no_alert_not_final_benign,-1,dns,port
2025-07-19T23:02:50.198285+0700,103.195.142.74,202.134.0.155,30273,53,UDP,dns,,570156554107801,wire/pcap,0,0,0,0,0,0.0,0,0,0,none,0,none,0,0,0,no_alert_unknown,no_alert_not_final_benign,-1,dns,port
2025-07-19T23:02:50.200816+0700,103.195.142.74,118.98.44.20,32716,53,UDP,dns,,581023731371013,wire/pcap,0,0,0,0,0,0.0,0,0,0,none,0,none,0,0,0,no_alert_unknown,no_alert_not_final_benign,-1,dns,port
2025-07-19T23:02:50.207207+0700,103.195.142.74,50.28.32.153,50330,53,UDP,dns,,608474139538330,wire/pcap,0,0,0,0,0,0.0,0,0,0,none,0,none,0,0,0,no_alert_unknown,no_alert_not_final_benign,-1,dns,port
2025-07-19T23:02:50.211389+0700,103.195.142.74,8.8.8.8,1533,53,UDP,dns,,626436743376987,wire/pcap,0,0,0,0,0,0.0,0,0,0,none,0,none,0,0,0,no_alert_unknown,no_alert_not_final_benign,-1,dns,port
2025-07-19T23:02:50.219701+0700,103.195.142.75,8.8.8.8,34598,53,UDP,dns,,662135246064474,wire/pcap,0,0,0,0,0,0.0,0,0,0,none,0,none,0,0,0,no_alert_unknown,no_alert_not_final_benign,-1,dns,port
2025-07-19T23:02:50.224990+0700,103.195.142.74,202.134.0.155,15395,53,UDP,dns,,684852756504122,wire/pcap,0,0,0,0,0,0.0,0,0,0,none,0,none,0,0,0,no_alert_unknown,no_alert_not_final_benign,-1,dns,port
2025-07-19T23:02:50.229687+0700,103.195.142.74,118.98.44.20,11679,53,UDP,dns,,705026251838037,wire/pcap,0,0,0,0,0,0.0,0,0,0,none,0,none,0,0,0,no_alert_unknown,no_alert_not_final_benign,-1,dns,port
2025-07-19T23:02:50.232791+0700,103.195.142.74,118.98.44.50,9705,53,UDP,dns,,718358345464503,wire/pcap,0,0,0,0,0,0.0,0,0,0,none,0,none,0,0,0,no_alert_unknown,no_alert_not_final_benign,-1,dns,port
2025-07-19T23:02:50.233550+0700,103.195.142.74,118.98.44.50,62979,53,UDP,dns,,721615718479161,wire/pcap,0,0,0,0,0,0.0,0,0,0,none,0,none,0,0,0,no_alert_unknown,no_alert_not_final_benign,-1,dns,port
2025-07-19T23:02:50.247617+0700,103.195.142.75,8.8.8.8,12306,53,UDP,dns,,782034327012822,wire/pcap,0,0,0,0,0,0.0,0,0,0,none,0,none,0,0,0,no_alert_unknown,no_alert_not_final_benign,-1,dns,port
2025-07-19T23:02:50.267617+0700,103.195.142.74,50.28.104.44,61359,53,UDP,dns,,586460118977095,wire/pcap,0,0,0,0,0,0.0,0,0,0,none,0,none,0,0,0,no_alert_unknown,no_alert_not_final_benign,-1,dns,port
2025-07-19T23:02:50.267896+0700,103.195.142.74,118.98.44.100,11081,53,UDP,dns,,587658355233089,wire/pcap,0,0,0,0,0,0.0,0,0,0,none,0,none,0,0,0,no_alert_unknown,no_alert_not_final_benign,-1,dns,port
2025-07-19T23:02:50.268037+0700,103.195.142.74,118.98.44.20,21338,53,UDP,dns,,588264431973784,wire/pcap,0,0,0,0,0,0.0,0,0,0,none,0,none,0,0,0,no_alert_unknown,no_alert_not_final_benign,-1,dns,port
2025-07-19T23:02:50.273788+0700,103.195.142.74,118.98.44.50,17037,53,UDP,dns,,612962636307705,wire/pcap,0,0,0,0,0,0.0,0,0,0,none,0,none,0,0,0,no_alert_unknown,no_alert_not_final_benign,-1,dns,port
2025-07-19T23:02:50.279435+0700,103.195.142.74,118.98.44.50,1593,53,UDP,dns,,637216951008950,wire/pcap,0,0,0,0,0,0.0,0,0,0,none,0,none,0,0,0,no_alert_unknown,no_alert_not_final_benign,-1,dns,port
2025-07-19T23:02:50.286882+0700,103.195.142.74,118.98.44.100,58170,53,UDP,dns,,669201739705299,wire/pcap,0,0,0,0,0,0.0,0,0,0,none,0,none,0,0,0,no_alert_unknown,no_alert_not_final_benign,-1,dns,port
2025-07-19T23:02:50.305277+0700,103.195.142.75,8.8.8.8,64496,53,UDP,dns,,748205268860464,wire/pcap,0,0,0,0,0,0.0,0,0,0,none,0,none,0,0,0,no_alert_unknown,no_alert_not_final_benign,-1,dns,port
2025-07-19T23:02:50.305443+0700,103.195.142.74,118.98.44.50,33992,53,UDP,dns,,748919607220200,wire/pcap,0,0,0,0,0,0.0,0,0,0,none,0,none,0,0,0,no_alert_unknown,no_alert_not_final_benign,-1,dns,port
2025-07-19T23:02:50.306210+0700,103.195.142.74,202.134.0.155,64332,53,UDP,dns,,752213550477752,wire/pcap,0,0,0,0,0,0.0,0,0,0,none,0,none,0,0,0,no_alert_unknown,no_alert_not_final_benign,-1,dns,port
2025-07-19T23:02:50.316598+0700,103.195.142.74,118.98.44.100,12112,53,UDP,dns,,796828445408268,wire/pcap,0,0,0,0,0,0.0,0,0,0,none,0,none,0,0,0,no_alert_unknown,no_alert_not_final_benign,-1,dns,port
2025-07-19T23:02:50.319437+0700,103.195.142.75,8.8.8.8,59019,53,UDP,dns,,809025612140018,wire/pcap,0,0,0,0,0,0.0,0,0,0,none,0,none,0,0,0,no_alert_unknown,no_alert_not_final_benign,-1,dns,port
2025-07-19T23:02:50.341145+0700,103.195.142.74,118.98.44.20,36201,53,UDP,dns,,620785680209589,wire/pcap,0,0,0,0,0,0.0,0,0,0,none,0,none,0,0,0,no_alert_unknown,no_alert_not_final_benign,-1,dns,port
2025-07-19T23:02:50.343706+0700,103.195.142.75,8.8.8.8,18137,53,UDP,dns,,631784531852073,wire/pcap,0,0,0,0,0,0.0,0,0,0,none,0,none,0,0,0,no_alert_unknown,no_alert_not_final_benign,-1,dns,port
2025-07-19T23:02:50.346199+0700,103.195.142.74,118.98.44.20,62657,53,UDP,dns,,642489608386609,wire/pcap,0,0,0,0,0,0.0,0,0,0,none,0,none,0,0,0,no_alert_unknown,no_alert_not_final_benign,-1,dns,port
2025-07-19T23:02:50.364025+0700,103.195.142.74,118.98.44.100,63878,53,UDP,dns,,719051125705564,wire/pcap,0,0,0,0,0,0.0,0,0,0,none,0,none,0,0,0,no_alert_unknown,no_alert_not_final_benign,-1,dns,port
2025-07-19T23:02:50.367041+0700,103.195.142.46,87.98.154.171,53,19771,UDP,flow,failed,685581328584470,,1,1,0,1437,0,0.0,1,1437,0,none,0,none,0,0,0,no_alert_unknown,no_alert_not_final_benign,-1,dns,port
2025-07-19T23:02:50.387161+0700,103.195.142.74,202.134.0.155,48419,53,UDP,dns,,818422252099932,wire/pcap,0,0,0,0,0,0.0,0,0,0,none,0,none,0,0,0,no_alert_unknown,no_alert_not_final_benign,-1,dns,port
2025-07-19T23:02:50.390177+0700,103.195.142.74,118.98.44.50,49083,53,UDP,dns,,831376261492719,wire/pcap,0,0,0,0,0,0.0,0,0,0,none,0,none,0,0,0,no_alert_unknown,no_alert_not_final_benign,-1,dns,port
2025-07-19T23:02:50.396652+0700,103.195.142.74,118.98.44.20,21134,53,UDP,dns,,577711543808909,wire/pcap,0,0,0,0,0,0.0,0,0,0,none,0,none,0,0,0,no_alert_unknown,no_alert_not_final_benign,-1,dns,port
2025-07-19T23:02:50.409977+0700,103.195.142.74,202.134.0.155,44859,53,UDP,dns,,634941750182483,wire/pcap,0,0,0,0,0,0.0,0,0,0,none,0,none,0,0,0,no_alert_unknown,no_alert_not_final_benign,-1,dns,port
2025-07-19T23:02:50.427298+0700,103.195.142.75,8.8.8.8,12770,53,UDP,dns,,709331075837579,wire/pcap,0,0,0,0,0,0.0,0,0,0,none,0,none,0,0,0,no_alert_unknown,no_alert_not_final_benign,-1,dns,port
2025-07-19T23:02:50.433763+0700,103.195.142.74,202.134.0.155,34072,53,UDP,dns,,737099599153931,wire/pcap,0,0,0,0,0,0.0,0,0,0,none,0,none,0,0,0,no_alert_unknown,no_alert_not_final_benign,-1,dns,port
2025-07-19T23:02:50.434849+0700,103.195.142.74,202.134.0.155,42041,53,UDP,dns,,741764358600004,wire/pcap,0,0,0,0,0,0.0,0,0,0,none,0,none,0,0,0,no_alert_unknown,no_alert_not_final_benign,-1,dns,port
2025-07-19T23:02:50.459227+0700,103.195.142.74,118.98.44.50,40092,53,UDP,dns,,564993658206760,wire/pcap,0,0,0,0,0,0.0,0,0,0,none,0,none,0,0,0,no_alert_unknown,no_alert_not_final_benign,-1,dns,port
2025-07-19T23:02:50.467282+0700,103.195.142.74,202.134.0.155,9139,53,UDP,dns,,599586360272372,wire/pcap,0,0,0,0,0,0.0,0,0,0,none,0,none,0,0,0,no_alert_unknown,no_alert_not_final_benign,-1,dns,port
2025-07-19T23:02:50.467772+0700,103.195.142.74,118.98.44.100,31907,53,UDP,dns,,601694297891105,wire/pcap,0,0,0,0,0,0.0,0,0,0,none,0,none,0,0,0,no_alert_unknown,no_alert_not_final_benign,-1,dns,port
2025-07-19T23:02:50.508712+0700,103.195.142.74,118.98.44.100,40374,53,UDP,dns,,777527239595142,wire/pcap,0,0,0,0,0,0.0,0,0,0,none,0,none,0,0,0,no_alert_unknown,no_alert_not_final_benign,-1,dns,port
2025-07-19T23:02:50.561520+0700,103.195.142.74,202.134.0.155,32055,53,UDP,dns,,722863159828838,wire/pcap,0,0,0,0,0,0.0,0,0,0,none,0,none,0,0,0,no_alert_unknown,no_alert_not_final_benign,-1,dns,port
2025-07-19T23:02:50.611041+0700,103.195.142.75,8.8.8.8,48407,53,UDP,dns,,654077250129104,wire/pcap,0,0,0,0,0,0.0,0,0,0,none,0,none,0,0,0,no_alert_unknown,no_alert_not_final_benign,-1,dns,port
2025-07-19T23:02:50.626383+0700,103.195.142.74,118.98.44.50,29903,53,UDP,dns,,719970765154127,wire/pcap,0,0,0,0,0,0.0,0,0,0,none,0,none,0,0,0,no_alert_unknown,no_alert_not_final_benign,-1,dns,port
2025-07-19T23:02:50.632239+0700,103.195.142.74,202.134.0.155,37244,53,UDP,dns,,745124005340434,wire/pcap,0,0,0,0,0,0.0,0,0,0,none,0,none,0,0,0,no_alert_unknown,no_alert_not_final_benign,-1,dns,port
2025-07-19T23:02:50.632302+0700,103.195.142.75,8.8.8.8,56106,53,UDP,dns,,1612936806566785,wire/pcap,0,0,0,0,0,0.0,0,0,0,none,0,none,0,0,0,no_alert_unknown,no_alert_not_final_benign,-1,dns,port
2025-07-19T23:02:50.641430+0700,103.195.142.74,118.98.44.100,35325,53,UDP,dns,,784597481428515,wire/pcap,0,0,0,0,0,0.0,0,0,0,none,0,none,0,0,0,no_alert_unknown,no_alert_not_final_benign,-1,dns,port
2025-07-19T23:02:50.687755+0700,103.195.142.74,50.28.104.44,8135,53,UDP,dns,,702088310034933,wire/pcap,0,0,0,0,0,0.0,0,0,0,none,0,none,0,0,0,no_alert_unknown,no_alert_not_final_benign,-1,dns,port
2025-07-19T23:02:50.703122+0700,103.195.142.74,118.98.44.20,19661,53,UDP,dns,,768087529243845,wire/pcap,0,0,0,0,0,0.0,0,0,0,none,0,none,0,0,0,no_alert_unknown,no_alert_not_final_benign,-1,dns,port
2025-07-19T23:02:50.703192+0700,103.195.142.74,118.98.44.20,27009,53,UDP,dns,,768391045353751,wire/pcap,0,0,0,0,0,0.0,0,0,0,none,0,none,0,0,0,no_alert_unknown,no_alert_not_final_benign,-1,dns,port
2025-07-19T23:02:50.736237+0700,103.195.142.74,202.134.0.155,11514,53,UDP,dns,,628839739323678,wire/pcap,0,0,0,0,0,0.0,0,0,0,none,0,none,0,0,0,no_alert_unknown,no_alert_not_final_benign,-1,dns,port
2025-07-19T23:02:50.759313+0700,103.195.142.74,118.98.44.50,43907,53,UDP,dns,,727952289860831,wire/pcap,0,0,0,0,0,0.0,0,0,0,none,0,none,0,0,0,no_alert_unknown,no_alert_not_final_benign,-1,dns,port
2025-07-19T23:02:50.794652+0700,103.195.142.74,202.134.0.155,29527,53,UDP,dns,,598255009109106,wire/pcap,0,0,0,0,0,0.0,0,0,0,none,0,none,0,0,0,no_alert_unknown,no_alert_not_final_benign,-1,dns,port
2025-07-19T23:02:50.794776+0700,103.195.142.74,118.98.44.20,48279,53,UDP,dns,,598788030666612,wire/pcap,0,0,0,0,0,0.0,0,0,0,none,0,none,0,0,0,no_alert_unknown,no_alert_not_final_benign,-1,dns,port
2025-07-19T23:02:50.802073+0700,103.195.142.74,118.98.44.100,11753,53,UDP,dns,,630129291406432,wire/pcap,0,0,0,0,0,0.0,0,0,0,none,0,none,0,0,0,no_alert_unknown,no_alert_not_final_benign,-1,dns,port
2025-07-19T23:02:50.808071+0700,103.195.142.74,50.28.102.86,45972,53,UDP,dns,,655890999754991,wire/pcap,0,0,0,0,0,0.0,0,0,0,none,0,none,0,0,0,no_alert_unknown,no_alert_not_final_benign,-1,dns,port
2025-07-19T23:02:50.815434+0700,103.195.142.74,118.98.44.100,13834,53,UDP,dns,,687515018330852,wire/pcap,0,0,0,0,0,0.0,0,0,0,none,0,none,0,0,0,no_alert_unknown,no_alert_not_final_benign,-1,dns,port
2025-07-19T23:02:50.815588+0700,103.195.142.74,202.134.0.155,64719,53,UDP,dns,,688177735015027,wire/pcap,0,0,0,0,0,0.0,0,0,0,none,0,none,0,0,0,no_alert_unknown,no_alert_not_final_benign,-1,dns,port
2025-07-19T23:02:50.830265+0700,103.195.142.74,118.98.44.100,13513,53,UDP,dns,,751214524070823,wire/pcap,0,0,0,0,0,0.0,0,0,0,none,0,none,0,0,0,no_alert_unknown,no_alert_not_final_benign,-1,dns,port
2025-07-19T23:02:50.869236+0700,103.195.142.75,8.8.8.8,43634,53,UDP,dns,,637116307130917,wire/pcap,0,0,0,0,0,0.0,0,0,0,none,0,none,0,0,0,no_alert_unknown,no_alert_not_final_benign,-1,dns,port
2025-07-19T23:02:50.874312+0700,103.195.142.74,118.98.44.50,52803,53,UDP,dns,,658917402424037,wire/pcap,0,0,0,0,0,0.0,0,0,0,none,0,none,0,0,0,no_alert_unknown,no_alert_not_final_benign,-1,dns,port
2025-07-19T23:02:50.874499+0700,103.195.142.74,118.98.44.100,28459,53,UDP,dns,,659721533590998,wire/pcap,0,0,0,0,0,0.0,0,0,0,none,0,none,0,0,0,no_alert_unknown,no_alert_not_final_benign,-1,dns,port
2025-07-19T23:02:50.891943+0700,103.195.142.74,202.134.0.155,41504,53,UDP,dns,,734644728719877,wire/pcap,0,0,0,0,0,0.0,0,0,0,none,0,none,0,0,0,no_alert_unknown,no_alert_not_final_benign,-1,dns,port
2025-07-19T23:02:50.892410+0700,103.195.142.74,118.98.44.50,50631,53,UDP,dns,,736647560552331,wire/pcap,0,0,0,0,0,0.0,0,0,0,none,0,none,0,0,0,no_alert_unknown,no_alert_not_final_benign,-1,dns,port
2025-07-19T23:02:50.901046+0700,103.195.142.74,118.98.44.50,21673,53,UDP,dns,,773739571669694,wire/pcap,0,0,0,0,0,0.0,0,0,0,none,0,none,0,0,0,no_alert_unknown,no_alert_not_final_benign,-1,dns,port
2025-07-19T23:02:50.910254+0700,103.195.142.108,8.8.8.8,1900,53,UDP,dns,,1216074754602613,wire/pcap,0,0,0,0,0,0.0,0,0,0,none,0,none,0,0,0,no_alert_unknown,no_alert_not_final_benign,-1,dns,port
2025-07-19T23:02:50.928929+0700,103.195.142.75,136.243.75.67,23516,53,UDP,dns,,612023281141959,wire/pcap,0,0,0,0,0,0.0,0,0,0,none,0,none,0,0,0,no_alert_unknown,no_alert_not_final_benign,-1,dns,port
2025-07-19T23:02:50.938685+0700,103.195.142.74,202.134.0.155,25200,53,UDP,dns,,653921834090878,wire/pcap,0,0,0,0,0,0.0,0,0,0,none,0,none,0,0,0,no_alert_unknown,no_alert_not_final_benign,-1,dns,port
2025-07-19T23:02:50.939804+0700,103.195.142.74,118.98.44.100,49454,53,UDP,dns,,658731438218169,wire/pcap,0,0,0,0,0,0.0,0,0,0,none,0,none,0,0,0,no_alert_unknown,no_alert_not_final_benign,-1,dns,port
2025-07-19T23:02:50.944901+0700,103.195.142.74,202.134.0.155,10145,53,UDP,dns,,680622209996074,wire/pcap,0,0,0,0,0,0.0,0,0,0,none,0,none,0,0,0,no_alert_unknown,no_alert_not_final_benign,-1,dns,port
2025-07-19T23:02:50.961601+0700,103.195.142.75,8.8.8.8,15149,53,UDP,dns,,752347186726995,wire/pcap,0,0,0,0,0,0.0,0,0,0,none,0,none,0,0,0,no_alert_unknown,no_alert_not_final_benign,-1,dns,port
2025-07-19T23:02:50.961648+0700,103.195.142.74,118.98.44.50,12891,53,UDP,dns,,752547867955424,wire/pcap,0,0,0,0,0,0.0,0,0,0,none,0,none,0,0,0,no_alert_unknown,no_alert_not_final_benign,-1,dns,port
2025-07-19T23:02:50.970709+0700,103.195.142.74,118.98.44.20,57833,53,UDP,dns,,791467585000972,wire/pcap,0,0,0,0,0,0.0,0,0,0,none,0,none,0,0,0,no_alert_unknown,no_alert_not_final_benign,-1,dns,port
2025-07-19T23:02:50.997805+0700,103.195.142.74,202.134.0.155,14006,53,UDP,dns,,626366845099698,wire/pcap,0,0,0,0,0,0.0,0,0,0,none,0,none,0,0,0,no_alert_unknown,no_alert_not_final_benign,-1,dns,port
2025-07-19T23:02:51.001746+0700,103.195.142.75,45.79.197.241,36747,53,UDP,dns,,851926076841501,wire/pcap,0,0,0,0,0,0.0,0,0,0,none,0,none,0,0,0,no_alert_unknown,no_alert_not_final_benign,-1,dns,port
2025-07-19T23:02:51.014817+0700,103.195.142.74,118.98.44.50,61427,53,UDP,dns,,908065273599591,wire/pcap,0,0,0,0,0,0.0,0,0,0,none,0,none,0,0,0,no_alert_unknown,no_alert_not_final_benign,-1,dns,port
2025-07-19T23:02:51.021757+0700,103.195.142.74,118.98.44.50,11789,53,UDP,dns,,937873948497193,wire/pcap,0,0,0,0,0,0.0,0,0,0,none,0,none,0,0,0,no_alert_unknown,no_alert_not_final_benign,-1,dns,port
2025-07-19T23:02:51.025848+0700,103.195.142.74,202.134.0.155,12698,53,UDP,flow,dns,763434892635229,,1,1,0,214,0,0.0,1,214,0,none,0,none,0,0,0,no_alert_unknown,no_alert_not_final_benign,-1,dns,app_proto+port
2025-07-19T23:02:51.025934+0700,103.195.142.74,118.98.44.50,32245,53,UDP,flow,dns,872336364448956,,1,1,0,74,0,0.0,1,74,0,none,0,none,0,0,0,no_alert_unknown,no_alert_not_final_benign,-1,dns,app_proto+port
2025-07-19T23:02:51.025956+0700,103.195.142.74,118.98.44.100,25244,53,UDP,flow,dns,832198780234954,,1,1,0,241,0,0.0,1,241,0,none,0,none,0,0,0,no_alert_unknown,no_alert_not_final_benign,-1,dns,app_proto+port
2025-07-19T23:02:51.025977+0700,103.195.142.76,87.98.154.119,53,54197,UDP,flow,failed,300944942869767,,1,1,0,1469,0,0.0,1,1469,0,none,0,none,0,0,0,no_alert_unknown,no_alert_not_final_benign,-1,dns,port
2025-07-19T23:02:51.026016+0700,103.195.142.74,118.98.44.100,48937,53,UDP,flow,dns,663755567181126,,1,1,0,77,0,0.0,1,77,0,none,0,none,0,0,0,no_alert_unknown,no_alert_not_final_benign,-1,dns,app_proto+port
2025-07-19T23:02:51.026065+0700,103.195.142.74,202.134.0.155,55892,53,UDP,flow,dns,691680655355288,,1,1,0,214,0,0.0,1,214,0,none,0,none,0,0,0,no_alert_unknown,no_alert_not_final_benign,-1,dns,app_proto+port
2025-07-19T23:02:51.026087+0700,103.195.142.46,87.98.154.118,53,4529,UDP,flow,failed,1077356257062434,,1,1,0,1437,0,0.0,1,1437,0,none,0,none,0,0,0,no_alert_unknown,no_alert_not_final_benign,-1,dns,port
2025-07-19T23:02:51.026163+0700,103.195.142.74,118.98.44.20,6849,53,UDP,flow,dns,693574411792037,,1,1,0,214,0,0.0,1,214,0,none,0,none,0,0,0,no_alert_unknown,no_alert_not_final_benign,-1,dns,app_proto+port
2025-07-19T23:02:51.026190+0700,103.195.142.83,87.98.154.22,53,7119,UDP,flow,failed,394160054972117,,1,1,0,1190,0,0.0,1,1190,0,none,0,none,0,0,0,no_alert_unknown,no_alert_not_final_benign,-1,dns,port
2025-07-19T23:02:51.026210+0700,103.195.142.165,87.98.154.101,53,10985,UDP,flow,failed,796669316214531,,1,1,0,1437,0,0.0,1,1437,0,none,0,none,0,0,0,no_alert_unknown,no_alert_not_final_benign,-1,dns,port
2025-07-19T23:02:51.026272+0700,103.195.142.46,87.98.154.119,53,9018,UDP,flow,failed,634662944682172,,1,1,0,1437,0,0.0,1,1437,0,none,0,none,0,0,0,no_alert_unknown,no_alert_not_final_benign,-1,dns,port
2025-07-19T23:02:51.026291+0700,103.195.142.46,87.98.154.31,53,42613,UDP,flow,failed,2178801757040864,,1,3,0,4311,0,10.0,3,4311,0,none,0,none,0,0,0,no_alert_unknown,no_alert_not_final_benign,-1,dns,port
2025-07-19T23:02:51.026401+0700,103.195.142.75,208.74.124.194,16946,53,UDP,flow,dns,592229135725061,,1,1,0,88,0,0.0,1,88,0,none,0,none,0,0,0,no_alert_unknown,no_alert_not_final_benign,-1,dns,app_proto+port
2025-07-19T23:02:51.026441+0700,103.195.142.76,87.98.154.118,53,25355,UDP,flow,failed,768121785987737,,1,1,0,1469,0,0.0,1,1469,0,none,0,none,0,0,0,no_alert_unknown,no_alert_not_final_benign,-1,dns,port
2025-07-19T23:02:51.026485+0700,103.195.142.83,87.98.154.58,53,53956,UDP,flow,failed,819060965159914,,1,1,0,1190,0,0.0,1,1190,0,none,0,none,0,0,0,no_alert_unknown,no_alert_not_final_benign,-1,dns,port
2025-07-19T23:02:51.026536+0700,103.195.142.109,87.98.154.1,53,19313,UDP,flow,failed,2036099410080873,,1,3,0,4311,0,10.0,3,4311,0,none,0,none,0,0,0,no_alert_unknown,no_alert_not_final_benign,-1,dns,port
2025-07-19T23:02:51.026580+0700,103.195.142.46,87.98.154.118,53,23011,UDP,flow,failed,1008189759993014,,1,1,0,1437,0,0.0,1,1437,0,none,0,none,0,0,0,no_alert_unknown,no_alert_not_final_benign,-1,dns,port
2025-07-19T23:02:51.026703+0700,103.195.142.74,118.98.44.50,7365,53,UDP,flow,dns,370582954358202,,1,1,0,214,0,0.0,1,214,0,none,0,none,0,0,0,no_alert_unknown,no_alert_not_final_benign,-1,dns,app_proto+port
2025-07-19T23:02:51.026739+0700,103.195.142.83,87.98.154.119,53,5731,UDP,flow,failed,603614669420156,,1,1,0,1190,0,0.0,1,1190,0,none,0,none,0,0,0,no_alert_unknown,no_alert_not_final_benign,-1,dns,port
2025-07-19T23:02:51.026759+0700,103.195.142.74,118.98.44.100,27690,53,UDP,flow,dns,968347404842635,,1,1,0,178,0,0.0,1,178,0,none,0,none,0,0,0,no_alert_unknown,no_alert_not_final_benign,-1,dns,app_proto+port
2025-07-19T23:02:51.026865+0700,103.195.142.109,87.98.154.21,53,61144,UDP,flow,failed,317106713376745,,1,1,0,1437,0,0.0,1,1437,0,none,0,none,0,0,0,no_alert_unknown,no_alert_not_final_benign,-1,dns,port
2025-07-19T23:02:51.026905+0700,103.195.142.2,45.55.247.233,53,52593,UDP,flow,failed,1043541900114043,,1,1,0,152,0,0.0,1,152,0,none,0,none,0,0,0,no_alert_unknown,no_alert_not_final_benign,-1,dns,port
2025-07-19T23:02:51.026924+0700,103.195.142.196,87.98.154.119,53,21012,UDP,flow,failed,640033696102536,,1,1,0,1437,0,0.0,1,1437,0,none,0,none,0,0,0,no_alert_unknown,no_alert_not_final_benign,-1,dns,port
2025-07-19T23:02:51.026942+0700,103.195.142.46,87.98.154.117,53,62479,UDP,flow,failed,439619210623131,,1,1,0,1437,0,0.0,1,1437,0,none,0,none,0,0,0,no_alert_unknown,no_alert_not_final_benign,-1,dns,port
2025-07-19T23:02:51.026985+0700,103.195.142.74,202.134.0.155,27440,53,UDP,flow,dns,1038575954278661,,1,1,0,95,0,0.0,1,95,0,none,0,none,0,0,0,no_alert_unknown,no_alert_not_final_benign,-1,dns,app_proto+port
2025-07-19T23:02:51.027043+0700,103.195.142.74,202.134.0.155,29305,53,UDP,flow,dns,1042070471883115,,1,1,0,223,0,0.0,1,223,0,none,0,none,0,0,0,no_alert_unknown,no_alert_not_final_benign,-1,dns,app_proto+port
2025-07-19T23:02:51.027063+0700,103.195.142.74,118.98.44.50,15616,53,UDP,flow,dns,402286189984136,,1,1,0,85,0,0.0,1,85,0,none,0,none,0,0,0,no_alert_unknown,no_alert_not_final_benign,-1,dns,app_proto+port
2025-07-19T23:02:51.027083+0700,103.195.142.74,202.134.0.155,45668,53,UDP,flow,dns,459101181491597,,1,1,0,184,0,0.0,1,184,0,none,0,none,0,0,0,no_alert_unknown,no_alert_not_final_benign,-1,dns,app_proto+port
2025-07-19T23:02:51.027180+0700,103.195.142.46,87.98.154.119,53,10153,UDP,flow,failed,1097425492687869,,1,1,0,1437,0,0.0,1,1437,0,none,0,none,0,0,0,no_alert_unknown,no_alert_not_final_benign,-1,dns,port
2025-07-19T23:02:51.027200+0700,103.195.142.75,8.8.8.8,17961,53,UDP,flow,dns,502928235346983,,1,1,0,88,0,0.0,1,88,0,none,0,none,0,0,0,no_alert_unknown,no_alert_not_final_benign,-1,dns,app_proto+port
2025-07-19T23:02:51.027244+0700,103.195.142.74,202.134.0.155,32248,53,UDP,flow,dns,968068629642319,,1,1,0,68,0,0.0,1,68,0,none,0,none,0,0,0,no_alert_unknown,no_alert_not_final_benign,-1,dns,app_proto+port
2025-07-19T23:02:51.027264+0700,103.195.142.195,87.98.154.72,53,8352,UDP,flow,failed,510597001297003,,1,1,0,1437,0,0.0,1,1437,0,none,0,none,0,0,0,no_alert_unknown,no_alert_not_final_benign,-1,dns,port
2025-07-19T23:02:51.027307+0700,103.195.142.109,87.98.154.119,53,63450,UDP,flow,failed,480391269104766,,1,1,0,1437,0,0.0,1,1437,0,none,0,none,0,0,0,no_alert_unknown,no_alert_not_final_benign,-1,dns,port
2025-07-19T23:02:51.027331+0700,103.195.142.74,118.98.44.100,4601,53,UDP,flow,dns,647595246992551,,1,1,0,211,0,0.0,1,211,0,none,0,none,0,0,0,no_alert_unknown,no_alert_not_final_benign,-1,dns,app_proto+port
2025-07-19T23:02:51.027364+0700,103.195.142.46,87.98.154.119,53,3353,UDP,flow,failed,637003165318322,,1,1,0,1437,0,0.0,1,1437,0,none,0,none,0,0,0,no_alert_unknown,no_alert_not_final_benign,-1,dns,port
2025-07-19T23:02:51.027383+0700,103.195.142.75,8.8.8.8,28702,53,UDP,flow,dns,823195021262009,,1,1,0,241,0,0.0,1,241,0,none,0,none,0,0,0,no_alert_unknown,no_alert_not_final_benign,-1,dns,app_proto+port
2025-07-19T23:02:51.027433+0700,103.195.142.74,202.134.0.155,59609,53,UDP,flow,dns,1024603684388042,,1,1,0,220,0,0.0,1,220,0,none,0,none,0,0,0,no_alert_unknown,no_alert_not_final_benign,-1,dns,app_proto+port
2025-07-19T23:02:51.027532+0700,103.195.142.165,87.98.154.119,53,4774,UDP,flow,failed,492120235883965,,1,1,0,1437,0,0.0,1,1437,0,none,0,none,0,0,0,no_alert_unknown,no_alert_not_final_benign,-1,dns,port
2025-07-19T23:02:51.027556+0700,103.195.142.165,87.98.154.237,53,4149,UDP,flow,failed,538948021435842,,1,1,0,1437,0,0.0,1,1437,0,none,0,none,0,0,0,no_alert_unknown,no_alert_not_final_benign,-1,dns,port
2025-07-19T23:02:51.027588+0700,103.195.142.74,118.98.44.20,2306,53,UDP,flow,dns,818434694954450,,1,1,0,214,0,0.0,1,214,0,none,0,none,0,0,0,no_alert_unknown,no_alert_not_final_benign,-1,dns,app_proto+port
2025-07-19T23:02:51.027652+0700,103.195.142.74,118.98.44.100,46650,53,UDP,flow,dns,545378566192630,,1,2,0,202,0,1.0,2,202,0,none,0,none,0,0,0,no_alert_unknown,no_alert_not_final_benign,-1,dns,app_proto+port
2025-07-19T23:02:51.027675+0700,103.195.142.2,71.243.1.29,53,8536,UDP,flow,failed,348722997804672,,1,1,0,132,0,0.0,1,132,0,none,0,none,0,0,0,no_alert_unknown,no_alert_not_final_benign,-1,dns,port
2025-07-19T23:02:51.027695+0700,103.195.142.109,87.98.154.119,53,8197,UDP,flow,failed,1099659792400042,,1,1,0,1437,0,0.0,1,1437,0,none,0,none,0,0,0,no_alert_unknown,no_alert_not_final_benign,-1,dns,port
2025-07-19T23:02:51.027719+0700,103.195.142.74,202.134.0.155,10900,53,UDP,flow,dns,551271657225982,,1,1,0,73,0,0.0,1,73,0,none,0,none,0,0,0,no_alert_unknown,no_alert_not_final_benign,-1,dns,app_proto+port
2025-07-19T23:02:51.027751+0700,103.195.142.74,118.98.44.20,16326,53,UDP,flow,dns,1106585457835776,,1,1,0,68,0,0.0,1,68,0,none,0,none,0,0,0,no_alert_unknown,no_alert_not_final_benign,-1,dns,app_proto+port
2025-07-19T23:02:51.027773+0700,103.195.142.74,118.98.44.100,9107,53,UDP,flow,dns,593399554817799,,1,1,0,214,0,0.0,1,214,0,none,0,none,0,0,0,no_alert_unknown,no_alert_not_final_benign,-1,dns,app_proto+port
2025-07-19T23:02:51.027794+0700,103.195.142.74,202.134.0.155,45901,53,UDP,flow,dns,738275533176611,,1,1,0,79,0,0.0,1,79,0,none,0,none,0,0,0,no_alert_unknown,no_alert_not_final_benign,-1,dns,app_proto+port
2025-07-19T23:02:51.027814+0700,103.195.142.109,87.98.154.119,53,8588,UDP,flow,failed,576248723324728,,1,1,0,1437,0,0.0,1,1437,0,none,0,none,0,0,0,no_alert_unknown,no_alert_not_final_benign,-1,dns,port
2025-07-19T23:02:51.027833+0700,103.195.142.74,118.98.44.50,64823,53,UDP,flow,dns,122670036598638,,1,2,0,202,0,2.0,2,202,0,none,0,none,0,0,0,no_alert_unknown,no_alert_not_final_benign,-1,dns,app_proto+port
2025-07-19T23:02:51.027884+0700,103.195.142.76,87.98.154.62,53,27748,UDP,flow,failed,59702227877947,,1,3,0,4407,0,10.0,3,4407,0,none,0,none,0,0,0,no_alert_unknown,no_alert_not_final_benign,-1,dns,port
2025-07-19T23:02:51.028115+0700,103.195.142.195,87.98.154.119,53,45292,UDP,flow,failed,340242130649663,,1,1,0,1437,0,0.0,1,1437,0,none,0,none,0,0,0,no_alert_unknown,no_alert_not_final_benign,-1,dns,port
2025-07-19T23:02:51.028141+0700,103.195.142.76,87.98.154.106,53,31391,UDP,flow,failed,450432043041407,,1,1,0,1469,0,0.0,1,1469,0,none,0,none,0,0,0,no_alert_unknown,no_alert_not_final_benign,-1,dns,port
2025-07-19T23:02:51.028160+0700,103.195.142.83,87.98.154.119,53,13845,UDP,flow,failed,631423072125568,,1,1,0,1190,0,0.0,1,1190,0,none,0,none,0,0,0,no_alert_unknown,no_alert_not_final_benign,-1,dns,port
2025-07-19T23:02:51.028218+0700,103.195.142.76,87.98.154.110,53,48827,UDP,flow,failed,499445397963632,,1,1,0,1469,0,0.0,1,1469,0,none,0,none,0,0,0,no_alert_unknown,no_alert_not_final_benign,-1,dns,port
2025-07-19T23:02:51.028280+0700,103.195.142.74,202.134.0.155,33290,53,UDP,flow,dns,328353174963338,,1,1,0,80,0,0.0,1,80,0,none,0,none,0,0,0,no_alert_unknown,no_alert_not_final_benign,-1,dns,app_proto+port
2025-07-19T23:02:51.028317+0700,103.195.142.75,69.39.238.37,18741,53,UDP,flow,dns,902606734083216,,1,1,0,74,0,0.0,1,74,0,none,0,none,0,0,0,no_alert_unknown,no_alert_not_final_benign,-1,dns,app_proto+port
2025-07-19T23:02:51.028380+0700,103.195.142.196,87.98.154.117,53,63380,UDP,flow,failed,801212690449587,,1,1,0,1437,0,0.0,1,1437,0,none,0,none,0,0,0,no_alert_unknown,no_alert_not_final_benign,-1,dns,port
2025-07-19T23:02:51.028452+0700,103.195.142.76,87.98.154.82,53,14194,UDP,flow,failed,471274914628812,,1,1,0,1469,0,0.0,1,1469,0,none,0,none,0,0,0,no_alert_unknown,no_alert_not_final_benign,-1,dns,port
2025-07-19T23:02:51.028610+0700,103.195.142.74,34.8.38.57,14578,53,UDP,flow,dns,713650195711527,,1,1,0,234,0,0.0,1,234,0,none,0,none,0,0,0,no_alert_unknown,no_alert_not_final_benign,-1,dns,app_proto+port
2025-07-19T23:02:51.028636+0700,103.195.142.74,118.98.44.20,16358,53,UDP,flow,dns,882661757404849,,1,1,0,211,0,0.0,1,211,0,none,0,none,0,0,0,no_alert_unknown,no_alert_not_final_benign,-1,dns,app_proto+port
2025-07-19T23:02:51.028702+0700,103.195.142.74,118.98.44.20,11694,53,UDP,flow,dns,606971580237655,,1,1,0,214,0,0.0,1,214,0,none,0,none,0,0,0,no_alert_unknown,no_alert_not_final_benign,-1,dns,app_proto+port
2025-07-19T23:02:51.028776+0700,103.195.142.196,87.98.154.209,53,57932,UDP,flow,failed,818570818996116,,1,1,0,1437,0,0.0,1,1437,0,none,0,none,0,0,0,no_alert_unknown,no_alert_not_final_benign,-1,dns,port
2025-07-19T23:02:51.028828+0700,103.195.142.196,87.98.154.119,53,64211,UDP,flow,failed,422358162983041,,1,1,0,1437,0,0.0,1,1437,0,none,0,none,0,0,0,no_alert_unknown,no_alert_not_final_benign,-1,dns,port
2025-07-19T23:02:51.028847+0700,103.195.142.46,87.98.154.75,53,6686,UDP,flow,failed,384024005101756,,1,1,0,1437,0,0.0,1,1437,0,none,0,none,0,0,0,no_alert_unknown,no_alert_not_final_benign,-1,dns,port
2025-07-19T23:02:51.028865+0700,103.195.142.75,8.8.8.8,55312,53,UDP,flow,dns,324700617623810,,1,1,0,223,0,0.0,1,223,0,none,0,none,0,0,0,no_alert_unknown,no_alert_not_final_benign,-1,dns,app_proto+port
2025-07-19T23:02:51.028953+0700,103.195.142.74,118.98.44.50,7971,53,UDP,flow,dns,669210264914304,,1,1,0,196,0,0.0,1,196,0,none,0,none,0,0,0,no_alert_unknown,no_alert_not_final_benign,-1,dns,app_proto+port
2025-07-19T23:02:51.028976+0700,103.195.142.76,87.98.154.174,53,43102,UDP,flow,failed,327242352675219,,1,1,0,1469,0,0.0,1,1469,0,none,0,none,0,0,0,no_alert_unknown,no_alert_not_final_benign,-1,dns,port
2025-07-19T23:02:51.029126+0700,103.195.142.74,118.98.44.100,39212,53,UDP,flow,dns,357770526575339,,1,1,0,80,0,0.0,1,80,0,none,0,none,0,0,0,no_alert_unknown,no_alert_not_final_benign,-1,dns,app_proto+port
2025-07-19T23:02:51.029149+0700,103.195.142.46,87.98.154.143,53,24691,UDP,flow,failed,434396011285312,,1,1,0,1437,0,0.0,1,1437,0,none,0,none,0,0,0,no_alert_unknown,no_alert_not_final_benign,-1,dns,port
2025-07-19T23:02:51.029189+0700,103.195.142.75,8.8.8.8,38003,53,UDP,flow,dns,778218239806282,,1,1,0,88,0,0.0,1,88,0,none,0,none,0,0,0,no_alert_unknown,no_alert_not_final_benign,-1,dns,app_proto+port
2025-07-19T23:02:51.029232+0700,103.195.142.76,87.98.154.119,53,53560,UDP,flow,failed,855563495787428,,1,1,0,1469,0,0.0,1,1469,0,none,0,none,0,0,0,no_alert_unknown,no_alert_not_final_benign,-1,dns,port
2025-07-19T23:02:51.029290+0700,103.195.142.76,87.98.154.174,53,3441,UDP,flow,failed,369325019876511,,1,1,0,1469,0,0.0,1,1469,0,none,0,none,0,0,0,no_alert_unknown,no_alert_not_final_benign,-1,dns,port
2025-07-19T23:02:51.029315+0700,103.195.142.165,87.98.154.119,53,47577,UDP,flow,failed,766263661153446,,1,1,0,1437,0,0.0,1,1437,0,none,0,none,0,0,0,no_alert_unknown,no_alert_not_final_benign,-1,dns,port
2025-07-19T23:02:51.029356+0700,103.195.142.46,87.98.154.119,53,58219,UDP,flow,failed,582822143380926,,1,1,0,1437,0,0.0,1,1437,0,none,0,none,0,0,0,no_alert_unknown,no_alert_not_final_benign,-1,dns,port
2025-07-19T23:02:51.029419+0700,103.195.142.74,202.134.0.155,51647,53,UDP,flow,dns,877335503359510,,1,1,0,108,0,0.0,1,108,0,none,0,none,0,0,0,no_alert_unknown,no_alert_not_final_benign,-1,dns,app_proto+port
2025-07-19T23:02:51.029439+0700,103.195.142.74,118.98.44.20,8303,53,UDP,flow,dns,913175480946219,,1,1,0,70,0,0.0,1,70,0,none,0,none,0,0,0,no_alert_unknown,no_alert_not_final_benign,-1,dns,app_proto+port
2025-07-19T23:02:51.029459+0700,103.195.142.74,118.98.44.100,2741,53,UDP,flow,dns,1107976580615799,,1,1,0,100,0,0.0,1,100,0,none,0,none,0,0,0,no_alert_unknown,no_alert_not_final_benign,-1,dns,app_proto+port
2025-07-19T23:02:51.029483+0700,103.195.142.83,87.98.154.142,53,27086,UDP,flow,failed,668410330992299,,1,1,0,1190,0,0.0,1,1190,0,none,0,none,0,0,0,no_alert_unknown,no_alert_not_final_benign,-1,dns,port
2025-07-19T23:02:51.029502+0700,103.195.142.74,118.98.44.100,47477,53,UDP,flow,dns,503633505537774,,1,1,0,68,0,0.0,1,68,0,none,0,none,0,0,0,no_alert_unknown,no_alert_not_final_benign,-1,dns,app_proto+port
2025-07-19T23:02:51.029522+0700,103.195.142.195,87.98.154.119,53,17210,UDP,flow,failed,841444105899774,,1,1,0,1437,0,0.0,1,1437,0,none,0,none,0,0,0,no_alert_unknown,no_alert_not_final_benign,-1,dns,port
2025-07-19T23:02:51.029540+0700,103.195.142.76,87.98.154.146,53,48657,UDP,flow,failed,665193356971785,,1,1,0,1469,0,0.0,1,1469,0,none,0,none,0,0,0,no_alert_unknown,no_alert_not_final_benign,-1,dns,port
2025-07-19T23:02:51.029559+0700,103.195.142.75,8.8.8.8,18854,53,UDP,flow,dns,890294909914898,,1,1,0,91,0,0.0,1,91,0,none,0,none,0,0,0,no_alert_unknown,no_alert_not_final_benign,-1,dns,app_proto+port
2025-07-19T23:02:51.029619+0700,103.195.142.109,87.98.154.119,53,8049,UDP,flow,failed,766916419637284,,1,1,0,1437,0,0.0,1,1437,0,none,0,none,0,0,0,no_alert_unknown,no_alert_not_final_benign,-1,dns,port
2025-07-19T23:02:51.029642+0700,103.195.142.195,87.98.154.119,53,10685,UDP,flow,failed,697675378642995,,1,1,0,1437,0,0.0,1,1437,0,none,0,none,0,0,0,no_alert_unknown,no_alert_not_final_benign,-1,dns,port
2025-07-19T23:02:51.029779+0700,103.195.142.74,202.134.0.155,23260,53,UDP,flow,dns,1083259473416458,,1,1,0,214,0,0.0,1,214,0,none,0,none,0,0,0,no_alert_unknown,no_alert_not_final_benign,-1,dns,app_proto+port
2025-07-19T23:02:51.029806+0700,103.195.142.109,87.98.154.1,53,7425,UDP,flow,failed,870270810181916,,1,1,0,1437,0,0.0,1,1437,0,none,0,none,0,0,0,no_alert_unknown,no_alert_not_final_benign,-1,dns,port
2025-07-19T23:02:51.029838+0700,103.195.142.109,87.98.154.229,53,4687,UDP,flow,failed,142450127327588,,1,3,0,4311,0,10.0,3,4311,0,none,0,none,0,0,0,no_alert_unknown,no_alert_not_final_benign,-1,dns,port
2025-07-19T23:02:51.029857+0700,103.195.142.74,118.98.44.100,37261,53,UDP,flow,dns,968939734225432,,1,1,0,202,0,0.0,1,202,0,none,0,none,0,0,0,no_alert_unknown,no_alert_not_final_benign,-1,dns,app_proto+port
2025-07-19T23:02:51.029902+0700,103.195.142.74,202.134.0.155,1600,53,UDP,flow,dns,1038375871697485,,1,1,0,178,0,0.0,1,178,0,none,0,none,0,0,0,no_alert_unknown,no_alert_not_final_benign,-1,dns,app_proto+port
2025-07-19T23:02:51.029922+0700,103.195.142.195,87.98.154.119,53,62012,UDP,flow,failed,401492569018977,,1,1,0,1437,0,0.0,1,1437,0,none,0,none,0,0,0,no_alert_unknown,no_alert_not_final_benign,-1,dns,port
2025-07-19T23:02:51.029961+0700,103.195.142.75,34.8.196.142,58768,53,UDP,flow,dns,714627288519273,,1,1,0,252,0,0.0,1,252,0,none,0,none,0,0,0,no_alert_unknown,no_alert_not_final_benign,-1,dns,app_proto+port
2025-07-19T23:02:51.029981+0700,103.195.142.74,118.98.44.50,7401,53,UDP,flow,dns,951138738098844,,1,1,0,74,0,0.0,1,74,0,none,0,none,0,0,0,no_alert_unknown,no_alert_not_final_benign,-1,dns,app_proto+port
2025-07-19T23:02:51.030045+0700,103.195.142.76,87.98.154.134,53,54891,UDP,flow,failed,409406780592991,,1,1,0,1469,0,0.0,1,1469,0,none,0,none,0,0,0,no_alert_unknown,no_alert_not_final_benign,-1,dns,port
2025-07-19T23:02:51.030087+0700,103.195.142.165,87.98.154.119,53,42562,UDP,flow,failed,756587805660067,,1,1,0,1437,0,0.0,1,1437,0,none,0,none,0,0,0,no_alert_unknown,no_alert_not_final_benign,-1,dns,port
2025-07-19T23:02:51.030235+0700,103.195.142.2,66.249.68.18,53,44581,UDP,flow,failed,1104117364151545,,1,1,0,168,0,0.0,1,168,0,none,0,none,0,0,0,no_alert_unknown,no_alert_not_final_benign,-1,dns,port
2025-07-19T23:02:51.030268+0700,103.195.142.83,87.98.154.119,53,56734,UDP,flow,failed,446494727394560,,1,1,0,1190,0,0.0,1,1190,0,none,0,none,0,0,0,no_alert_unknown,no_alert_not_final_benign,-1,dns,port
2025-07-19T23:02:51.030298+0700,103.195.142.46,87.98.154.203,53,14627,UDP,flow,failed,774711933064533,,1,3,0,4311,0,9.0,3,4311,0,none,0,none,0,0,0,no_alert_unknown,no_alert_not_final_benign,-1,dns,port
2025-07-19T23:02:51.030376+0700,103.195.142.83,87.98.154.30,53,4275,UDP,flow,failed,2144171980215715,,1,3,0,3570,0,10.0,3,3570,0,none,0,none,0,0,0,no_alert_unknown,no_alert_not_final_benign,-1,dns,port
2025-07-19T23:02:51.030398+0700,103.195.142.196,87.98.154.237,53,59282,UDP,flow,failed,294607423133142,,1,1,0,1437,0,0.0,1,1437,0,none,0,none,0,0,0,no_alert_unknown,no_alert_not_final_benign,-1,dns,port
2025-07-19T23:02:51.030451+0700,103.195.142.83,87.98.154.117,53,58531,UDP,flow,failed,793546111702494,,1,1,0,1190,0,0.0,1,1190,0,none,0,none,0,0,0,no_alert_unknown,no_alert_not_final_benign,-1,dns,port
2025-07-19T23:02:51.030558+0700,103.195.142.46,87.98.154.119,53,1498,UDP,flow,failed,942056457295389,,1,1,0,1437,0,0.0,1,1437,0,none,0,none,0,0,0,no_alert_unknown,no_alert_not_final_benign,-1,dns,port
2025-07-19T23:02:51.030676+0700,103.195.142.83,87.98.154.119,53,2318,UDP,flow,failed,939393046468225,,1,1,0,1190,0,0.0,1,1190,0,none,0,none,0,0,0,no_alert_unknown,no_alert_not_final_benign,-1,dns,port
2025-07-19T23:02:51.030707+0700,103.195.142.74,202.134.0.155,3607,53,UDP,flow,dns,735559360960170,,1,1,0,241,0,0.0,1,241,0,none,0,none,0,0,0,no_alert_unknown,no_alert_not_final_benign,-1,dns,app_proto+port
2025-07-19T23:02:51.030780+0700,103.195.142.195,87.98.154.204,53,44939,UDP,flow,failed,1025696259954366,,1,1,0,1437,0,0.0,1,1437,0,none,0,none,0,0,0,no_alert_unknown,no_alert_not_final_benign,-1,dns,port
2025-07-19T23:02:51.030827+0700,103.195.142.195,87.98.154.44,53,37708,UDP,flow,failed,805049104062279,,1,1,0,1437,0,0.0,1,1437,0,none,0,none,0,0,0,no_alert_unknown,no_alert_not_final_benign,-1,dns,port
2025-07-19T23:02:51.030847+0700,103.195.142.195,87.98.154.160,53,55918,UDP,flow,failed,843361821710161,,1,1,0,1437,0,0.0,1,1437,0,none,0,none,0,0,0,no_alert_unknown,no_alert_not_final_benign,-1,dns,port
2025-07-19T23:02:51.030898+0700,103.195.142.75,8.8.8.8,63807,53,UDP,flow,dns,1037987329923080,,1,1,0,95,0,0.0,1,95,0,none,0,none,0,0,0,no_alert_unknown,no_alert_not_final_benign,-1,dns,app_proto+port
2025-07-19T23:02:51.030927+0700,103.195.142.75,208.74.121.116,14524,53,UDP,flow,dns,619325326153750,,1,1,0,88,0,0.0,1,88,0,none,0,none,0,0,0,no_alert_unknown,no_alert_not_final_benign,-1,dns,app_proto+port
2025-07-19T23:02:51.030957+0700,103.195.142.195,87.98.154.132,53,59862,UDP,flow,failed,1046323647338561,,1,1,0,1437,0,0.0,1,1437,0,none,0,none,0,0,0,no_alert_unknown,no_alert_not_final_benign,-1,dns,port
2025-07-19T23:02:51.031020+0700,103.195.142.76,87.98.154.6,53,26470,UDP,flow,failed,699764442519834,,1,1,0,1469,0,0.0,1,1469,0,none,0,none,0,0,0,no_alert_unknown,no_alert_not_final_benign,-1,dns,port
2025-07-19T23:02:51.031036+0700,103.195.142.74,34.8.196.142,32616,53,UDP,flow,dns,620162081544485,,1,1,0,222,0,0.0,1,222,0,none,0,none,0,0,0,no_alert_unknown,no_alert_not_final_benign,-1,dns,app_proto+port
2025-07-19T23:02:51.031054+0700,103.195.142.83,87.98.154.46,53,18026,UDP,flow,failed,336562806577526,,1,1,0,1190,0,0.0,1,1190,0,none,0,none,0,0,0,no_alert_unknown,no_alert_not_final_benign,-1,dns,port
2025-07-19T23:02:51.031130+0700,103.195.142.165,87.98.154.45,53,40658,UDP,flow,failed,689274488084996,,1,1,0,1437,0,0.0,1,1437,0,none,0,none,0,0,0,no_alert_unknown,no_alert_not_final_benign,-1,dns,port
2025-07-19T23:02:51.031199+0700,103.195.142.46,87.98.154.175,53,9243,UDP,flow,failed,1103218208660281,,1,1,0,1437,0,0.0,1,1437,0,none,0,none,0,0,0,no_alert_unknown,no_alert_not_final_benign,-1,dns,port
2025-07-19T23:02:51.031244+0700,103.195.142.196,87.98.154.101,53,19997,UDP,flow,failed,18333105642372,,1,2,0,2874,0,3.0,2,2874,0,none,0,none,0,0,0,no_alert_unknown,no_alert_not_final_benign,-1,dns,port
2025-07-19T23:02:51.031289+0700,103.195.142.196,87.98.154.181,53,17973,UDP,flow,failed,934959311412175,,1,1,0,1437,0,0.0,1,1437,0,none,0,none,0,0,0,no_alert_unknown,no_alert_not_final_benign,-1,dns,port
2025-07-19T23:02:51.031332+0700,103.195.142.46,87.98.154.119,53,10272,UDP,flow,failed,306408326421528,,1,1,0,1437,0,0.0,1,1437,0,none,0,none,0,0,0,no_alert_unknown,no_alert_not_final_benign,-1,dns,port
2025-07-19T23:02:51.031348+0700,103.195.142.2,159.65.47.247,53,44190,UDP,flow,failed,1079095645035581,,1,1,0,195,0,0.0,1,195,0,none,0,none,0,0,0,no_alert_unknown,no_alert_not_final_benign,-1,dns,port
2025-07-19T23:02:51.031364+0700,103.195.142.165,87.98.154.45,53,49743,UDP,flow,failed,679661815061628,,1,1,0,1437,0,0.0,1,1437,0,none,0,none,0,0,0,no_alert_unknown,no_alert_not_final_benign,-1,dns,port
2025-07-19T23:02:51.031382+0700,103.195.142.109,87.98.154.113,53,5424,UDP,flow,failed,636603296439492,,1,1,0,1437,0,0.0,1,1437,0,none,0,none,0,0,0,no_alert_unknown,no_alert_not_final_benign,-1,dns,port
2025-07-19T23:02:51.031409+0700,103.195.142.83,87.98.154.119,53,13459,UDP,flow,failed,874352783777036,,1,1,0,1190,0,0.0,1,1190,0,none,0,none,0,0,0,no_alert_unknown,no_alert_not_final_benign,-1,dns,port
2025-07-19T23:02:51.031440+0700,103.195.142.165,87.98.154.73,53,19527,UDP,flow,failed,397099653061908,,1,1,0,1437,0,0.0,1,1437,0,none,0,none,0,0,0,no_alert_unknown,no_alert_not_final_benign,-1,dns,port
2025-07-19T23:02:51.031456+0700,103.195.142.83,87.98.154.119,53,5226,UDP,flow,failed,585485382704544,,1,1,0,1190,0,0.0,1,1190,0,none,0,none,0,0,0,no_alert_unknown,no_alert_not_final_benign,-1,dns,port
2025-07-19T23:02:51.031508+0700,103.195.142.165,87.98.154.119,53,38008,UDP,flow,failed,577125875113437,,1,1,0,1437,0,0.0,1,1437,0,none,0,none,0,0,0,no_alert_unknown,no_alert_not_final_benign,-1,dns,port
2025-07-19T23:02:51.031524+0700,103.195.142.195,87.98.154.160,53,46688,UDP,flow,failed,663975073930808,,1,3,0,4311,0,9.0,3,4311,0,none,0,none,0,0,0,no_alert_unknown,no_alert_not_final_benign,-1,dns,port
2025-07-19T23:02:51.031541+0700,103.195.142.75,8.8.8.8,47777,53,UDP,flow,dns,2185555404381842,,1,2,0,450,0,4.0,2,450,0,none,0,none,0,0,0,no_alert_unknown,no_alert_not_final_benign,-1,dns,app_proto+port
2025-07-19T23:02:51.031558+0700,103.195.142.74,202.134.0.155,45344,53,UDP,flow,dns,491804104580766,,1,1,0,88,0,0.0,1,88,0,none,0,none,0,0,0,no_alert_unknown,no_alert_not_final_benign,-1,dns,app_proto+port
2025-07-19T23:02:51.031576+0700,103.195.142.195,87.98.154.100,53,25301,UDP,flow,failed,851463353196192,,1,1,0,1437,0,0.0,1,1437,0,none,0,none,0,0,0,no_alert_unknown,no_alert_not_final_benign,-1,dns,port
2025-07-19T23:02:51.031599+0700,103.195.142.165,87.98.154.118,53,46537,UDP,flow,failed,812632980315847,,1,1,0,1437,0,0.0,1,1437,0,none,0,none,0,0,0,no_alert_unknown,no_alert_not_final_benign,-1,dns,port
2025-07-19T23:02:51.031616+0700,103.195.142.46,87.98.154.119,53,58971,UDP,flow,failed,972697256320719,,1,1,0,1437,0,0.0,1,1437,0,none,0,none,0,0,0,no_alert_unknown,no_alert_not_final_benign,-1,dns,port
2025-07-19T23:02:51.031633+0700,103.195.142.74,118.98.44.50,62557,53,UDP,flow,dns,583675686543160,,1,1,0,79,0,0.0,1,79,0,none,0,none,0,0,0,no_alert_unknown,no_alert_not_final_benign,-1,dns,app_proto+port
2025-07-19T23:02:51.031650+0700,103.195.142.76,87.98.154.119,53,22132,UDP,flow,failed,710609738719096,,1,1,0,1469,0,0.0,1,1469,0,none,0,none,0,0,0,no_alert_unknown,no_alert_not_final_benign,-1,dns,port
2025-07-19T23:02:51.031687+0700,103.195.142.83,87.98.154.119,53,27548,UDP,flow,failed,984649923944405,,1,1,0,1190,0,0.0,1,1190,0,none,0,none,0,0,0,no_alert_unknown,no_alert_not_final_benign,-1,dns,port
2025-07-19T23:02:51.031704+0700,103.195.142.3,18.136.1.218,53,11615,UDP,flow,failed,616374308757491,,1,1,0,131,0,0.0,1,131,0,none,0,none,0,0,0,no_alert_unknown,no_alert_not_final_benign,-1,dns,port
2025-07-19T23:02:51.031720+0700,103.195.142.74,118.98.44.100,28474,53,UDP,flow,dns,605537450254405,,1,1,0,68,0,0.0,1,68,0,none,0,none,0,0,0,no_alert_unknown,no_alert_not_final_benign,-1,dns,app_proto+port
2025-07-19T23:02:51.031759+0700,103.195.142.83,87.98.154.58,53,49981,UDP,flow,failed,1061432059289906,,1,1,0,1190,0,0.0,1,1190,0,none,0,none,0,0,0,no_alert_unknown,no_alert_not_final_benign,-1,dns,port
2025-07-19T23:02:51.031797+0700,103.195.142.74,118.98.44.20,40041,53,UDP,flow,dns,979613215679231,,1,1,0,196,0,0.0,1,196,0,none,0,none,0,0,0,no_alert_unknown,no_alert_not_final_benign,-1,dns,app_proto+port
2025-07-19T23:02:51.031815+0700,103.195.142.74,118.98.44.100,65518,53,UDP,flow,dns,505207419888397,,1,1,0,82,0,0.0,1,82,0,none,0,none,0,0,0,no_alert_unknown,no_alert_not_final_benign,-1,dns,app_proto+port
2025-07-19T23:02:51.031832+0700,103.195.142.75,8.8.8.8,18370,53,UDP,flow,dns,598922298188596,,1,1,0,87,0,0.0,1,87,0,none,0,none,0,0,0,no_alert_unknown,no_alert_not_final_benign,-1,dns,app_proto+port
2025-07-19T23:02:51.031886+0700,103.195.142.195,87.98.154.180,53,38238,UDP,flow,failed,884734143357990,,1,1,0,1437,0,0.0,1,1437,0,none,0,none,0,0,0,no_alert_unknown,no_alert_not_final_benign,-1,dns,port
2025-07-19T23:02:51.031932+0700,103.195.142.109,87.98.154.201,53,4613,UDP,flow,failed,503589625324731,,1,1,0,1437,0,0.0,1,1437,0,none,0,none,0,0,0,no_alert_unknown,no_alert_not_final_benign,-1,dns,port
2025-07-19T23:02:51.031953+0700,103.195.142.196,87.98.154.173,53,24897,UDP,flow,failed,391442537833753,,1,1,0,1437,0,0.0,1,1437,0,none,0,none,0,0,0,no_alert_unknown,no_alert_not_final_benign,-1,dns,port
2025-07-19T23:02:51.031987+0700,103.195.142.3,159.65.167.81,53,17118,UDP,flow,failed,937058138056022,,1,1,0,184,0,0.0,1,184,0,none,0,none,0,0,0,no_alert_unknown,no_alert_not_final_benign,-1,dns,port
2025-07-19T23:02:51.032003+0700,103.195.142.196,87.98.154.97,53,62600,UDP,flow,failed,354747558127032,,1,3,0,4311,0,9.0,3,4311,0,none,0,none,0,0,0,no_alert_unknown,no_alert_not_final_benign,-1,dns,port
2025-07-19T23:02:51.032018+0700,103.195.142.74,202.134.0.155,46843,53,UDP,flow,dns,750774993151608,,1,1,0,214,0,0.0,1,214,0,none,0,none,0,0,0,no_alert_unknown,no_alert_not_final_benign,-1,dns,app_proto+port
2025-07-19T23:02:51.032035+0700,103.195.142.74,202.134.0.155,60621,53,UDP,flow,dns,916858866427518,,1,1,0,68,0,0.0,1,68,0,none,0,none,0,0,0,no_alert_unknown,no_alert_not_final_benign,-1,dns,app_proto+port
2025-07-19T23:02:51.032053+0700,103.195.142.83,87.98.154.119,53,40710,UDP,flow,failed,545666393171651,,1,1,0,1190,0,0.0,1,1190,0,none,0,none,0,0,0,no_alert_unknown,no_alert_not_final_benign,-1,dns,port
2025-07-19T23:02:51.032069+0700,103.195.142.76,87.98.154.34,53,20760,UDP,flow,failed,389557207295786,,1,1,0,1469,0,0.0,1,1469,0,none,0,none,0,0,0,no_alert_unknown,no_alert_not_final_benign,-1,dns,port
2025-07-19T23:02:51.032092+0700,103.195.142.75,8.8.8.8,59650,53,UDP,flow,dns,471717284996962,,1,1,0,214,0,0.0,1,214,0,none,0,none,0,0,0,no_alert_unknown,no_alert_not_final_benign,-1,dns,app_proto+port
2025-07-19T23:02:51.032209+0700,103.195.142.196,87.98.154.119,53,28104,UDP,flow,failed,575987256584126,,1,1,0,1437,0,0.0,1,1437,0,none,0,none,0,0,0,no_alert_unknown,no_alert_not_final_benign,-1,dns,port
2025-07-19T23:02:51.032300+0700,103.195.142.74,118.98.44.100,21973,53,UDP,flow,dns,405479591766369,,1,1,0,89,0,0.0,1,89,0,none,0,none,0,0,0,no_alert_unknown,no_alert_not_final_benign,-1,dns,app_proto+port
2025-07-19T23:02:51.032339+0700,103.195.142.74,202.134.0.155,10123,53,UDP,flow,dns,854499587254643,,1,1,0,108,0,0.0,1,108,0,none,0,none,0,0,0,no_alert_unknown,no_alert_not_final_benign,-1,dns,app_proto+port
2025-07-19T23:02:51.032359+0700,103.195.142.195,87.98.154.72,53,14503,UDP,flow,failed,682131288025480,,1,1,0,1437,0,0.0,1,1437,0,none,0,none,0,0,0,no_alert_unknown,no_alert_not_final_benign,-1,dns,port
2025-07-19T23:02:51.032376+0700,103.195.142.75,8.8.8.8,34997,53,UDP,flow,dns,1024185177467301,,1,1,0,211,0,0.0,1,211,0,none,0,none,0,0,0,no_alert_unknown,no_alert_not_final_benign,-1,dns,app_proto+port
2025-07-19T23:02:51.032392+0700,103.195.142.75,8.8.8.8,51065,53,UDP,flow,dns,508722266892709,,1,1,0,68,0,0.0,1,68,0,none,0,none,0,0,0,no_alert_unknown,no_alert_not_final_benign,-1,dns,app_proto+port
2025-07-19T23:02:51.032469+0700,103.195.142.83,87.98.154.119,53,63739,UDP,flow,failed,962042221882128,,1,1,0,1190,0,0.0,1,1190,0,none,0,none,0,0,0,no_alert_unknown,no_alert_not_final_benign,-1,dns,port
2025-07-19T23:02:51.032502+0700,103.195.142.74,118.98.44.20,22177,53,UDP,flow,dns,536427603618994,,1,1,0,184,0,0.0,1,184,0,none,0,none,0,0,0,no_alert_unknown,no_alert_not_final_benign,-1,dns,app_proto+port
2025-07-19T23:02:51.032519+0700,103.195.142.76,87.98.154.119,53,18860,UDP,flow,failed,967253699194224,,1,1,0,1469,0,0.0,1,1469,0,none,0,none,0,0,0,no_alert_unknown,no_alert_not_final_benign,-1,dns,port
2025-07-19T23:02:51.032560+0700,103.195.142.109,87.98.154.118,53,22985,UDP,flow,failed,642712450887226,,1,1,0,1437,0,0.0,1,1437,0,none,0,none,0,0,0,no_alert_unknown,no_alert_not_final_benign,-1,dns,port
2025-07-19T23:02:51.032575+0700,103.195.142.75,8.8.8.8,16405,53,UDP,flow,dns,1071732605382254,,1,1,0,68,0,0.0,1,68,0,none,0,none,0,0,0,no_alert_unknown,no_alert_not_final_benign,-1,dns,app_proto+port
2025-07-19T23:02:51.032607+0700,103.195.142.195,87.98.154.236,53,4552,UDP,flow,failed,334882651762354,,1,1,0,1437,0,0.0,1,1437,0,none,0,none,0,0,0,no_alert_unknown,no_alert_not_final_benign,-1,dns,port
2025-07-19T23:02:51.032654+0700,103.195.142.74,118.98.44.50,55210,53,UDP,flow,dns,1019458981326556,,1,1,0,250,0,0.0,1,250,0,none,0,none,0,0,0,no_alert_unknown,no_alert_not_final_benign,-1,dns,app_proto+port
2025-07-19T23:02:51.032690+0700,103.195.142.74,118.98.44.50,40690,53,UDP,flow,dns,1106139548741592,,1,1,0,211,0,0.0,1,211,0,none,0,none,0,0,0,no_alert_unknown,no_alert_not_final_benign,-1,dns,app_proto+port
2025-07-19T23:02:51.032707+0700,103.195.142.83,87.98.154.118,53,37784,UDP,flow,failed,557040848859132,,1,1,0,1190,0,0.0,1,1190,0,none,0,none,0,0,0,no_alert_unknown,no_alert_not_final_benign,-1,dns,port
2025-07-19T23:02:51.032723+0700,103.195.142.3,104.211.86.86,53,49908,UDP,flow,failed,827086295330818,,1,1,0,142,0,0.0,1,142,0,none,0,none,0,0,0,no_alert_unknown,no_alert_not_final_benign,-1,dns,port
2025-07-19T23:02:51.032738+0700,103.195.142.76,87.98.154.119,53,22031,UDP,flow,failed,683127977144409,,1,1,0,1469,0,0.0,1,1469,0,none,0,none,0,0,0,no_alert_unknown,no_alert_not_final_benign,-1,dns,port
2025-07-19T23:02:51.032770+0700,103.195.142.165,87.98.154.119,53,29571,UDP,flow,failed,593254768767084,,1,1,0,1437,0,0.0,1,1437,0,none,0,none,0,0,0,no_alert_unknown,no_alert_not_final_benign,-1,dns,port
2025-07-19T23:02:51.032798+0700,103.195.142.83,87.98.154.230,53,25011,UDP,flow,failed,317606455472243,,1,3,0,3570,0,9.0,3,3570,0,none,0,none,0,0,0,no_alert_unknown,no_alert_not_final_benign,-1,dns,port
2025-07-19T23:02:51.032845+0700,103.195.142.165,87.98.154.249,53,53925,UDP,flow,failed,1766231837307155,,1,2,0,2874,0,4.0,2,2874,0,none,0,none,0,0,0,no_alert_unknown,no_alert_not_final_benign,-1,dns,port
2025-07-19T23:02:51.032922+0700,103.195.142.165,87.98.154.17,53,42655,UDP,flow,failed,1073446715847080,,1,1,0,1437,0,0.0,1,1437,0,none,0,none,0,0,0,no_alert_unknown,no_alert_not_final_benign,-1,dns,port
2025-07-19T23:02:51.032956+0700,103.195.142.109,87.98.154.45,53,61625,UDP,flow,failed,506287668785597,,1,1,0,1437,0,0.0,1,1437,0,none,0,none,0,0,0,no_alert_unknown,no_alert_not_final_benign,-1,dns,port
2025-07-19T23:02:51.033012+0700,103.195.142.165,87.98.154.5,53,8704,UDP,flow,failed,532211345584765,,1,1,0,1437,0,0.0,1,1437,0,none,0,none,0,0,0,no_alert_unknown,no_alert_not_final_benign,-1,dns,port
2025-07-19T23:02:51.033046+0700,103.195.142.74,34.8.196.142,39483,53,UDP,flow,dns,657944418448033,,1,1,0,243,0,0.0,1,243,0,none,0,none,0,0,0,no_alert_unknown,no_alert_not_final_benign,-1,dns,app_proto+port
2025-07-19T23:02:51.033081+0700,103.195.142.75,50.28.102.86,32076,53,UDP,flow,dns,522077836604130,,1,1,0,74,0,0.0,1,74,0,none,0,none,0,0,0,no_alert_unknown,no_alert_not_final_benign,-1,dns,app_proto+port
2025-07-19T23:02:51.033104+0700,103.195.142.74,118.98.44.20,62583,53,UDP,flow,dns,1120255204979489,,1,1,0,87,0,0.0,1,87,0,none,0,none,0,0,0,no_alert_unknown,no_alert_not_final_benign,-1,dns,app_proto+port
2025-07-19T23:02:51.033130+0700,103.195.142.76,87.98.154.234,53,16330,UDP,flow,failed,1011206036648799,,1,1,0,1469,0,0.0,1,1469,0,none,0,none,0,0,0,no_alert_unknown,no_alert_not_final_benign,-1,dns,port
2025-07-19T23:02:51.033146+0700,103.195.142.74,118.98.44.100,60281,53,UDP,flow,dns,1095877782008741,,1,1,0,241,0,0.0,1,241,0,none,0,none,0,0,0,no_alert_unknown,no_alert_not_final_benign,-1,dns,app_proto+port
2025-07-19T23:02:51.033162+0700,103.195.142.109,87.98.154.119,53,35605,UDP,flow,failed,1025071768335301,,1,1,0,1437,0,0.0,1,1437,0,none,0,none,0,0,0,no_alert_unknown,no_alert_not_final_benign,-1,dns,port
2025-07-19T23:02:51.033178+0700,103.195.142.74,118.98.44.50,18984,53,UDP,flow,dns,746698074485843,,1,1,0,93,0,0.0,1,93,0,none,0,none,0,0,0,no_alert_unknown,no_alert_not_final_benign,-1,dns,app_proto+port
2025-07-19T23:02:51.033231+0700,103.195.142.74,118.98.44.50,18989,53,UDP,flow,dns,931495211890187,,1,1,0,74,0,0.0,1,74,0,none,0,none,0,0,0,no_alert_unknown,no_alert_not_final_benign,-1,dns,app_proto+port
2025-07-19T23:02:51.033252+0700,103.195.142.109,87.98.154.119,53,37783,UDP,flow,failed,1090080846771875,,1,1,0,1437,0,0.0,1,1437,0,none,0,none,0,0,0,no_alert_unknown,no_alert_not_final_benign,-1,dns,port
2025-07-19T23:02:51.033269+0700,103.195.142.196,87.98.154.153,53,59370,UDP,flow,failed,958614490183481,,1,1,0,1437,0,0.0,1,1437,0,none,0,none,0,0,0,no_alert_unknown,no_alert_not_final_benign,-1,dns,port
2025-07-19T23:02:51.033285+0700,103.195.142.74,118.98.44.50,30449,53,UDP,flow,dns,673086734202701,,1,1,0,202,0,0.0,1,202,0,none,0,none,0,0,0,no_alert_unknown,no_alert_not_final_benign,-1,dns,app_proto+port
2025-07-19T23:02:51.033323+0700,103.195.142.74,118.98.44.100,58012,53,UDP,flow,dns,1119641764886555,,1,1,0,68,0,0.0,1,68,0,none,0,none,0,0,0,no_alert_unknown,no_alert_not_final_benign,-1,dns,app_proto+port
2025-07-19T23:02:51.033345+0700,103.195.142.195,87.98.154.119,53,21928,UDP,flow,failed,829111204968546,,1,1,0,1437,0,0.0,1,1437,0,none,0,none,0,0,0,no_alert_unknown,no_alert_not_final_benign,-1,dns,port
2025-07-19T23:02:51.033379+0700,103.195.142.74,118.98.44.50,47557,53,UDP,flow,dns,702104312936618,,1,1,0,87,0,0.0,1,87,0,none,0,none,0,0,0,no_alert_unknown,no_alert_not_final_benign,-1,dns,app_proto+port
2025-07-19T23:02:51.033414+0700,103.195.142.195,87.98.154.119,53,27583,UDP,flow,failed,617987870947815,,1,1,0,1437,0,0.0,1,1437,0,none,0,none,0,0,0,no_alert_unknown,no_alert_not_final_benign,-1,dns,port
2025-07-19T23:02:51.033431+0700,103.195.142.46,87.98.154.3,53,55402,UDP,flow,failed,34177288436227,,1,3,0,4311,0,10.0,3,4311,0,none,0,none,0,0,0,no_alert_unknown,no_alert_not_final_benign,-1,dns,port
2025-07-19T23:02:51.033455+0700,103.195.142.109,87.98.154.245,53,10628,UDP,flow,failed,567786016864838,,1,1,0,1437,0,0.0,1,1437,0,none,0,none,0,0,0,no_alert_unknown,no_alert_not_final_benign,-1,dns,port
2025-07-19T23:02:51.033482+0700,103.195.142.196,87.98.154.119,53,20236,UDP,flow,failed,1039348590836414,,1,1,0,1437,0,0.0,1,1437,0,none,0,none,0,0,0,no_alert_unknown,no_alert_not_final_benign,-1,dns,port
2025-07-19T23:02:51.033500+0700,103.195.142.83,87.98.154.119,53,44302,UDP,flow,failed,589530083752841,,1,1,0,1190,0,0.0,1,1190,0,none,0,none,0,0,0,no_alert_unknown,no_alert_not_final_benign,-1,dns,port
2025-07-19T23:02:51.033517+0700,103.195.142.109,87.98.154.221,53,12275,UDP,flow,failed,631293553998838,,1,1,0,1437,0,0.0,1,1437,0,none,0,none,0,0,0,no_alert_unknown,no_alert_not_final_benign,-1,dns,port
2025-07-19T23:02:51.033533+0700,103.195.142.76,87.98.154.118,53,47558,UDP,flow,failed,899670749674575,,1,1,0,1469,0,0.0,1,1469,0,none,0,none,0,0,0,no_alert_unknown,no_alert_not_final_benign,-1,dns,port
2025-07-19T23:02:51.033552+0700,103.195.142.74,202.134.0.155,28392,53,UDP,flow,dns,1019636144995943,,1,1,0,77,0,0.0,1,77,0,none,0,none,0,0,0,no_alert_unknown,no_alert_not_final_benign,-1,dns,app_proto+port
2025-07-19T23:02:51.033578+0700,103.195.142.74,118.98.44.20,37436,53,UDP,flow,dns,1678428974022313,,1,2,0,204,0,6.0,2,204,0,none,0,none,0,0,0,no_alert_unknown,no_alert_not_final_benign,-1,dns,app_proto+port
2025-07-19T23:02:51.033636+0700,103.195.142.165,87.98.154.129,53,61631,UDP,flow,failed,752925071638455,,1,1,0,1437,0,0.0,1,1437,0,none,0,none,0,0,0,no_alert_unknown,no_alert_not_final_benign,-1,dns,port
2025-07-19T23:02:51.033663+0700,103.195.142.165,87.98.154.221,53,18063,UDP,flow,failed,2079275906760916,,1,2,0,2874,0,3.0,2,2874,0,none,0,none,0,0,0,no_alert_unknown,no_alert_not_final_benign,-1,dns,port
2025-07-19T23:02:51.033724+0700,103.195.142.196,87.98.154.119,53,47043,UDP,flow,failed,939491430498565,,1,1,0,1437,0,0.0,1,1437,0,none,0,none,0,0,0,no_alert_unknown,no_alert_not_final_benign,-1,dns,port
2025-07-19T23:02:51.033769+0700,103.195.142.75,8.8.8.8,46013,53,UDP,flow,dns,1120056175886670,,1,1,0,214,0,0.0,1,214,0,none,0,none,0,0,0,no_alert_unknown,no_alert_not_final_benign,-1,dns,app_proto+port
2025-07-19T23:02:51.033905+0700,103.195.142.74,118.98.44.50,30700,53,UDP,flow,dns,591877109842768,,1,1,0,196,0,0.0,1,196,0,none,0,none,0,0,0,no_alert_unknown,no_alert_not_final_benign,-1,dns,app_proto+port
2025-07-19T23:02:51.034007+0700,103.195.142.196,87.98.154.125,53,10193,UDP,flow,failed,210023653507978,,1,3,0,4311,0,10.0,3,4311,0,none,0,none,0,0,0,no_alert_unknown,no_alert_not_final_benign,-1,dns,port
2025-07-19T23:02:51.034048+0700,103.195.142.196,87.98.154.181,53,27172,UDP,flow,failed,599063831512001,,1,1,0,1437,0,0.0,1,1437,0,none,0,none,0,0,0,no_alert_unknown,no_alert_not_final_benign,-1,dns,port
2025-07-19T23:02:51.034065+0700,103.195.142.75,8.8.8.8,33020,53,UDP,flow,dns,1860114661901319,,1,2,0,456,0,4.0,2,456,0,none,0,none,0,0,0,no_alert_unknown,no_alert_not_final_benign,-1,dns,app_proto+port
2025-07-19T23:02:51.034161+0700,103.195.142.76,87.98.154.26,53,22066,UDP,flow,failed,865417743435222,,1,1,0,1469,0,0.0,1,1469,0,none,0,none,0,0,0,no_alert_unknown,no_alert_not_final_benign,-1,dns,port
2025-07-19T23:02:51.034177+0700,103.195.142.76,87.98.154.34,53,44412,UDP,flow,failed,432288053528216,,1,3,0,4407,0,9.0,3,4407,0,none,0,none,0,0,0,no_alert_unknown,no_alert_not_final_benign,-1,dns,port
2025-07-19T23:02:51.034212+0700,103.195.142.74,202.134.0.155,8170,53,UDP,flow,dns,1401080988305420,,1,1,0,83,0,0.0,1,83,0,none,0,none,0,0,0,no_alert_unknown,no_alert_not_final_benign,-1,dns,app_proto+port
2025-07-19T23:02:51.034256+0700,103.195.142.75,8.8.8.8,17069,53,UDP,flow,dns,1321827940436071,,1,1,0,104,0,0.0,1,104,0,none,0,none,0,0,0,no_alert_unknown,no_alert_not_final_benign,-1,dns,app_proto+port
2025-07-19T23:02:51.052194+0700,103.195.142.75,8.8.8.8,56036,53,UDP,dns,,748185450254765,wire/pcap,0,0,0,0,0,0.0,0,0,0,none,0,none,0,0,0,no_alert_unknown,no_alert_not_final_benign,-1,dns,port
2025-07-19T23:02:51.056787+0700,103.195.142.74,202.134.0.155,33215,53,UDP,dns,,1088325355849974,wire/pcap,0,0,0,0,0,0.0,0,0,0,none,0,none,0,0,0,no_alert_unknown,no_alert_not_final_benign,-1,dns,port
2025-07-19T23:02:51.079311+0700,103.195.142.74,118.98.44.100,27638,53,UDP,dns,,903591398517827,wire/pcap,0,0,0,0,0,0.0,0,0,0,none,0,none,0,0,0,no_alert_unknown,no_alert_not_final_benign,-1,dns,port
2025-07-19T23:02:51.082278+0700,103.195.142.74,118.98.44.100,31693,53,UDP,dns,,916335454531402,wire/pcap,0,0,0,0,0,0.0,0,0,0,none,0,none,0,0,0,no_alert_unknown,no_alert_not_final_benign,-1,dns,port
2025-07-19T23:02:51.099478+0700,103.195.142.74,118.98.44.20,11665,53,UDP,flow,dns,1335567465179482,,1,1,0,75,0,0.0,1,75,0,none,0,none,0,0,0,no_alert_unknown,no_alert_not_final_benign,-1,dns,app_proto+port
2025-07-19T23:02:51.101724+0700,103.195.142.196,87.98.154.119,53,21095,UDP,flow,failed,1240576229677407,,1,1,0,1437,0,0.0,1,1437,0,none,0,none,0,0,0,no_alert_unknown,no_alert_not_final_benign,-1,dns,port
2025-07-19T23:02:51.105957+0700,103.195.142.31,8.8.8.8,30584,53,UDP,dns,,1018034892426913,wire/pcap,0,0,0,0,0,0.0,0,0,0,none,0,none,0,0,0,no_alert_unknown,no_alert_not_final_benign,-1,dns,port
2025-07-19T23:02:51.106073+0700,103.195.142.31,9.9.9.9,30584,53,UDP,dns,,1018530767176803,wire/pcap,0,0,0,0,0,0.0,0,0,0,none,0,none,0,0,0,no_alert_unknown,no_alert_not_final_benign,-1,dns,port
2025-07-19T23:02:51.113323+0700,103.195.142.75,45.79.197.241,33917,53,UDP,dns,,1049672804324846,wire/pcap,0,0,0,0,0,0.0,0,0,0,none,0,none,0,0,0,no_alert_unknown,no_alert_not_final_benign,-1,dns,port
2025-07-19T23:02:51.114769+0700,103.195.142.74,202.134.0.155,32293,53,UDP,dns,,1055883232048456,wire/pcap,0,0,0,0,0,0.0,0,0,0,none,0,none,0,0,0,no_alert_unknown,no_alert_not_final_benign,-1,dns,port
2025-07-19T23:02:51.133470+0700,103.195.142.75,136.243.75.67,62529,53,UDP,dns,,854728356882733,wire/pcap,0,0,0,0,0,0.0,0,0,0,none,0,none,0,0,0,no_alert_unknown,no_alert_not_final_benign,-1,dns,port
2025-07-19T23:02:51.143475+0700,103.195.142.74,50.28.104.44,43591,53,UDP,dns,,897698963660263,wire/pcap,0,0,0,0,0,0.0,0,0,0,none,0,none,0,0,0,no_alert_unknown,no_alert_not_final_benign,-1,dns,port
2025-07-19T23:02:51.162421+0700,103.195.142.75,8.8.8.8,12746,53,UDP,dns,,979069577260209,wire/pcap,0,0,0,0,0,0.0,0,0,0,none,0,none,0,0,0,no_alert_unknown,no_alert_not_final_benign,-1,dns,port
2025-07-19T23:02:51.162473+0700,103.195.142.74,118.98.44.20,8895,53,UDP,dns,,979291582912430,wire/pcap,0,0,0,0,0,0.0,0,0,0,none,0,none,0,0,0,no_alert_unknown,no_alert_not_final_benign,-1,dns,port
2025-07-19T23:02:51.176338+0700,103.195.142.74,118.98.44.20,23765,53,UDP,dns,,1038844083630529,wire/pcap,0,0,0,0,0,0.0,0,0,0,none,0,none,0,0,0,no_alert_unknown,no_alert_not_final_benign,-1,dns,port
2025-07-19T23:02:51.177349+0700,103.195.142.74,118.98.44.100,36735,53,UDP,dns,,1043185108217602,wire/pcap,0,0,0,0,0,0.0,0,0,0,none,0,none,0,0,0,no_alert_unknown,no_alert_not_final_benign,-1,dns,port
2025-07-19T23:02:51.200997+0700,103.195.142.74,118.98.44.50,45571,53,UDP,dns,,863277705112366,wire/pcap,0,0,0,0,0,0.0,0,0,0,none,0,none,0,0,0,no_alert_unknown,no_alert_not_final_benign,-1,dns,port
2025-07-19T23:02:51.201795+0700,103.195.142.74,118.98.44.20,15081,53,UDP,dns,,866706318596770,wire/pcap,0,0,0,0,0,0.0,0,0,0,none,0,none,0,0,0,no_alert_unknown,no_alert_not_final_benign,-1,dns,port
2025-07-19T23:02:51.213142+0700,103.195.142.75,8.8.8.8,48372,53,UDP,flow,dns,865761269671417,,1,1,0,88,0,0.0,1,88,0,none,0,none,0,0,0,no_alert_unknown,no_alert_not_final_benign,-1,dns,app_proto+port
2025-07-19T23:02:51.214839+0700,103.195.142.74,118.98.44.50,51627,53,UDP,dns,,922727701933629,wire/pcap,0,0,0,0,0,0.0,0,0,0,none,0,none,0,0,0,no_alert_unknown,no_alert_not_final_benign,-1,dns,port
2025-07-19T23:02:51.214920+0700,103.195.142.74,118.98.44.100,43850,53,UDP,dns,,923074597441045,wire/pcap,0,0,0,0,0,0.0,0,0,0,none,0,none,0,0,0,no_alert_unknown,no_alert_not_final_benign,-1,dns,port
2025-07-19T23:02:51.227339+0700,103.195.142.74,118.98.44.20,1143,53,UDP,dns,,976415899618679,wire/pcap,0,0,0,0,0,0.0,0,0,0,none,0,none,0,0,0,no_alert_unknown,no_alert_not_final_benign,-1,dns,port
2025-07-19T23:02:51.242163+0700,103.195.142.74,118.98.44.50,8990,53,UDP,dns,,1040084228739342,wire/pcap,0,0,0,0,0,0.0,0,0,0,none,0,none,0,0,0,no_alert_unknown,no_alert_not_final_benign,-1,dns,port
2025-07-19T23:02:51.248817+0700,103.195.142.75,45.79.197.241,9918,53,UDP,dns,,1068663739088967,wire/pcap,0,0,0,0,0,0.0,0,0,0,none,0,none,0,0,0,no_alert_unknown,no_alert_not_final_benign,-1,dns,port
2025-07-19T23:02:51.266346+0700,103.195.142.74,118.98.44.20,19578,53,UDP,dns,,862474925947792,wire/pcap,0,0,0,0,0,0.0,0,0,0,none,0,none,0,0,0,no_alert_unknown,no_alert_not_final_benign,-1,dns,port
2025-07-19T23:02:51.280972+0700,103.195.142.75,216.38.8.120,12093,53,UDP,dns,,925294577035731,wire/pcap,0,0,0,0,0,0.0,0,0,0,none,0,none,0,0,0,no_alert_unknown,no_alert_not_final_benign,-1,dns,port
2025-07-19T23:02:51.316093+0700,103.195.142.74,118.98.44.20,10779,53,UDP,dns,,1076137910996533,wire/pcap,0,0,0,0,0,0.0,0,0,0,none,0,none,0,0,0,no_alert_unknown,no_alert_not_final_benign,-1,dns,port
2025-07-19T23:02:51.333410+0700,103.195.142.74,118.98.44.100,12061,53,UDP,dns,,869038227570193,wire/pcap,0,0,0,0,0,0.0,0,0,0,none,0,none,0,0,0,no_alert_unknown,no_alert_not_final_benign,-1,dns,port
2025-07-19T23:02:51.333657+0700,103.195.142.74,118.98.44.100,24691,53,UDP,dns,,870099588195735,wire/pcap,0,0,0,0,0,0.0,0,0,0,none,0,none,0,0,0,no_alert_unknown,no_alert_not_final_benign,-1,dns,port
2025-07-19T23:02:51.335795+0700,103.195.142.74,202.134.0.155,4737,53,UDP,dns,,879279363143419,wire/pcap,0,0,0,0,0,0.0,0,0,0,none,0,none,0,0,0,no_alert_unknown,no_alert_not_final_benign,-1,dns,port
2025-07-19T23:02:51.375338+0700,103.195.142.108,8.8.8.8,29847,53,UDP,dns,,1049114669213925,wire/pcap,0,0,0,0,0,0.0,0,0,0,none,0,none,0,0,0,no_alert_unknown,no_alert_not_final_benign,-1,dns,port
2025-07-19T23:02:51.408186+0700,103.195.142.74,118.98.44.50,8361,53,UDP,dns,,908721505986958,wire/pcap,0,0,0,0,0,0.0,0,0,0,none,0,none,0,0,0,no_alert_unknown,no_alert_not_final_benign,-1,dns,port
2025-07-19T23:02:51.411195+0700,103.195.142.74,50.28.104.44,53276,53,UDP,dns,,921646889588816,wire/pcap,0,0,0,0,0,0.0,0,0,0,none,0,none,0,0,0,no_alert_unknown,no_alert_not_final_benign,-1,dns,port
2025-07-19T23:02:51.416607+0700,103.195.142.74,118.98.44.100,50964,53,UDP,dns,,944892209809618,wire/pcap,0,0,0,0,0,0.0,0,0,0,none,0,none,0,0,0,no_alert_unknown,no_alert_not_final_benign,-1,dns,port
2025-07-19T23:02:51.433301+0700,103.195.142.74,118.98.44.100,58040,53,UDP,dns,,1016588904958065,wire/pcap,0,0,0,0,0,0.0,0,0,0,none,0,none,0,0,0,no_alert_unknown,no_alert_not_final_benign,-1,dns,port
2025-07-19T23:02:51.433407+0700,103.195.142.74,202.134.0.155,59329,53,UDP,dns,,1017044161231583,wire/pcap,0,0,0,0,0,0.0,0,0,0,none,0,none,0,0,0,no_alert_unknown,no_alert_not_final_benign,-1,dns,port
2025-07-19T23:02:51.437049+0700,103.195.142.75,8.8.8.8,16255,53,UDP,dns,,1032688146547882,wire/pcap,0,0,0,0,0,0.0,0,0,0,none,0,none,0,0,0,no_alert_unknown,no_alert_not_final_benign,-1,dns,port
2025-07-19T23:02:51.462159+0700,103.195.142.74,118.98.44.20,42733,53,UDP,dns,,859058296752559,wire/pcap,0,0,0,0,0,0.0,0,0,0,none,0,none,0,0,0,no_alert_unknown,no_alert_not_final_benign,-1,dns,port
2025-07-19T23:02:51.491071+0700,103.195.142.74,202.134.0.155,14720,53,UDP,dns,,983236359254415,wire/pcap,0,0,0,0,0,0.0,0,0,0,none,0,none,0,0,0,no_alert_unknown,no_alert_not_final_benign,-1,dns,port
2025-07-19T23:02:51.491156+0700,103.195.142.75,8.8.8.8,7233,53,UDP,dns,,983602555723588,wire/pcap,0,0,0,0,0,0.0,0,0,0,none,0,none,0,0,0,no_alert_unknown,no_alert_not_final_benign,-1,dns,port
2025-07-19T23:02:51.492905+0700,103.195.142.74,202.134.0.155,53548,53,UDP,dns,,991112395688955,wire/pcap,0,0,0,0,0,0.0,0,0,0,none,0,none,0,0,0,no_alert_unknown,no_alert_not_final_benign,-1,dns,port
2025-07-19T23:02:51.524054+0700,103.195.142.74,118.98.44.100,12533,53,UDP,dns,,1124895957302381,wire/pcap,0,0,0,0,0,0.0,0,0,0,none,0,none,0,0,0,no_alert_unknown,no_alert_not_final_benign,-1,dns,port
2025-07-19T23:02:51.528505+0700,103.195.142.74,118.98.44.50,43631,53,UDP,dns,,862540269667775,wire/pcap,0,0,0,0,0,0.0,0,0,0,none,0,none,0,0,0,no_alert_unknown,no_alert_not_final_benign,-1,dns,port
2025-07-19T23:02:51.555871+0700,103.195.142.74,118.98.44.20,41938,53,UDP,dns,,980072949889628,wire/pcap,0,0,0,0,0,0.0,0,0,0,none,0,none,0,0,0,no_alert_unknown,no_alert_not_final_benign,-1,dns,port
2025-07-19T23:02:51.570018+0700,103.195.142.74,118.98.44.50,40995,53,UDP,dns,,1040834135184428,wire/pcap,0,0,0,0,0,0.0,0,0,0,none,0,none,0,0,0,no_alert_unknown,no_alert_not_final_benign,-1,dns,port
2025-07-19T23:02:51.570119+0700,103.195.142.74,118.98.44.50,22910,53,UDP,dns,,1041269547659717,wire/pcap,0,0,0,0,0,0.0,0,0,0,none,0,none,0,0,0,no_alert_unknown,no_alert_not_final_benign,-1,dns,port
2025-07-19T23:02:51.578105+0700,103.195.142.74,118.98.44.100,54558,53,UDP,dns,,1075569680020794,wire/pcap,0,0,0,0,0,0.0,0,0,0,none,0,none,0,0,0,no_alert_unknown,no_alert_not_final_benign,-1,dns,port
2025-07-19T23:02:51.592976+0700,103.195.142.75,8.8.8.8,15082,53,UDP,dns,,857964183469328,wire/pcap,0,0,0,0,0,0.0,0,0,0,none,0,none,0,0,0,no_alert_unknown,no_alert_not_final_benign,-1,dns,port
2025-07-19T23:02:51.608122+0700,103.195.142.74,202.134.0.155,30360,53,UDP,dns,,923017962304619,wire/pcap,0,0,0,0,0,0.0,0,0,0,none,0,none,0,0,0,no_alert_unknown,no_alert_not_final_benign,-1,dns,port
2025-07-19T23:02:51.610026+0700,103.195.142.74,118.98.44.50,22849,53,UDP,dns,,931192029185835,wire/pcap,0,0,0,0,0,0.0,0,0,0,none,0,none,0,0,0,no_alert_unknown,no_alert_not_final_benign,-1,dns,port
2025-07-19T23:02:51.630876+0700,103.195.142.74,118.98.44.20,46260,53,UDP,dns,,1020742461741480,wire/pcap,0,0,0,0,0,0.0,0,0,0,none,0,none,0,0,0,no_alert_unknown,no_alert_not_final_benign,-1,dns,port
2025-07-19T23:02:51.655801+0700,103.195.142.75,8.8.8.8,32837,53,UDP,dns,,846322089277016,wire/pcap,0,0,0,0,0,0.0,0,0,0,none,0,none,0,0,0,no_alert_unknown,no_alert_not_final_benign,-1,dns,port
2025-07-19T23:02:51.700333+0700,103.195.142.74,118.98.44.100,30679,53,UDP,dns,,1037583890298002,wire/pcap,0,0,0,0,0,0.0,0,0,0,none,0,none,0,0,0,no_alert_unknown,no_alert_not_final_benign,-1,dns,port
2025-07-19T23:02:51.706365+0700,103.195.142.74,118.98.44.50,59206,53,UDP,dns,,1063492250907801,wire/pcap,0,0,0,0,0,0.0,0,0,0,none,0,none,0,0,0,no_alert_unknown,no_alert_not_final_benign,-1,dns,port
2025-07-19T23:02:51.706497+0700,103.195.142.74,118.98.44.100,7129,53,UDP,dns,,1064060269462917,wire/pcap,0,0,0,0,0,0.0,0,0,0,none,0,none,0,0,0,no_alert_unknown,no_alert_not_final_benign,-1,dns,port
2025-07-19T23:02:51.711460+0700,103.195.142.74,118.98.44.50,42810,53,UDP,dns,,1085373047128479,wire/pcap,0,0,0,0,0,0.0,0,0,0,none,0,none,0,0,0,no_alert_unknown,no_alert_not_final_benign,-1,dns,port
2025-07-19T23:02:51.713410+0700,103.195.142.74,118.98.44.50,9188,53,UDP,dns,,1093749782566691,wire/pcap,0,0,0,0,0,0.0,0,0,0,none,0,none,0,0,0,no_alert_unknown,no_alert_not_final_benign,-1,dns,port
2025-07-19T23:02:51.718333+0700,103.195.142.75,8.8.8.8,52894,53,UDP,dns,,1114893131609622,wire/pcap,0,0,0,0,0,0.0,0,0,0,none,0,none,0,0,0,no_alert_unknown,no_alert_not_final_benign,-1,dns,port
2025-07-19T23:02:51.718406+0700,103.195.142.74,118.98.44.20,64302,53,UDP,dns,,1115209528229181,wire/pcap,0,0,0,0,0,0.0,0,0,0,none,0,none,0,0,0,no_alert_unknown,no_alert_not_final_benign,-1,dns,port
2025-07-19T23:02:51.738977+0700,103.195.142.75,8.8.8.8,32596,53,UDP,dns,,922083069527945,wire/pcap,0,0,0,0,0,0.0,0,0,0,none,0,none,0,0,0,no_alert_unknown,no_alert_not_final_benign,-1,dns,port
2025-07-19T23:02:51.748387+0700,103.195.142.75,8.8.8.8,6406,53,UDP,dns,,962501264197532,wire/pcap,0,0,0,0,0,0.0,0,0,0,none,0,none,0,0,0,no_alert_unknown,no_alert_not_final_benign,-1,dns,port
2025-07-19T23:02:51.758208+0700,103.195.142.74,118.98.44.100,53983,53,UDP,dns,,1004681491933736,wire/pcap,0,0,0,0,0,0.0,0,0,0,none,0,none,0,0,0,no_alert_unknown,no_alert_not_final_benign,-1,dns,port
2025-07-19T23:02:51.764952+0700,103.195.142.75,8.8.8.8,31120,53,UDP,dns,,1033647110441518,wire/pcap,0,0,0,0,0,0.0,0,0,0,none,0,none,0,0,0,no_alert_unknown,no_alert_not_final_benign,-1,dns,port
2025-07-19T23:02:51.776828+0700,103.195.142.74,118.98.44.20,36248,53,UDP,dns,,1084652793831211,wire/pcap,0,0,0,0,0,0.0,0,0,0,none,0,none,0,0,0,no_alert_unknown,no_alert_not_final_benign,-1,dns,port
2025-07-19T23:02:51.777885+0700,103.195.142.74,202.134.0.155,31777,53,UDP,dns,,1089194327549264,wire/pcap,0,0,0,0,0,0.0,0,0,0,none,0,none,0,0,0,no_alert_unknown,no_alert_not_final_benign,-1,dns,port
2025-07-19T23:02:51.778081+0700,103.195.142.74,118.98.44.20,2253,53,UDP,dns,,1090035499516535,wire/pcap,0,0,0,0,0,0.0,0,0,0,none,0,none,0,0,0,no_alert_unknown,no_alert_not_final_benign,-1,dns,port
2025-07-19T23:02:51.785647+0700,103.195.142.74,118.98.44.100,16954,53,UDP,dns,,1122532638243515,wire/pcap,0,0,0,0,0,0.0,0,0,0,none,0,none,0,0,0,no_alert_unknown,no_alert_not_final_benign,-1,dns,port
2025-07-19T23:02:51.786884+0700,103.195.142.74,118.98.44.50,9447,53,UDP,dns,,846369314951418,wire/pcap,0,0,0,0,0,0.0,0,0,0,none,0,none,0,0,0,no_alert_unknown,no_alert_not_final_benign,-1,dns,port
2025-07-19T23:02:51.799794+0700,103.195.142.74,118.98.44.20,1349,53,UDP,dns,,901818375734411,wire/pcap,0,0,0,0,0,0.0,0,0,0,none,0,none,0,0,0,no_alert_unknown,no_alert_not_final_benign,-1,dns,port
2025-07-19T23:02:51.800866+0700,103.195.142.74,202.134.0.155,41353,53,UDP,dns,,906421288717765,wire/pcap,0,0,0,0,0,0.0,0,0,0,none,0,none,0,0,0,no_alert_unknown,no_alert_not_final_benign,-1,dns,port
2025-07-19T23:02:51.823494+0700,103.195.142.74,118.98.44.100,28225,53,UDP,dns,,1003608568405134,wire/pcap,0,0,0,0,0,0.0,0,0,0,none,0,none,0,0,0,no_alert_unknown,no_alert_not_final_benign,-1,dns,port
2025-07-19T23:02:51.849067+0700,103.195.142.74,118.98.44.50,40011,53,UDP,dns,,1113441717307782,wire/pcap,0,0,0,0,0,0.0,0,0,0,none,0,none,0,0,0,no_alert_unknown,no_alert_not_final_benign,-1,dns,port
2025-07-19T23:02:51.859573+0700,103.195.142.74,118.98.44.50,54986,53,UDP,dns,,877088475689248,wire/pcap,0,0,0,0,0,0.0,0,0,0,none,0,none,0,0,0,no_alert_unknown,no_alert_not_final_benign,-1,dns,port
2025-07-19T23:02:51.869375+0700,103.195.142.74,202.134.0.155,20015,53,UDP,dns,,919190361688229,wire/pcap,0,0,0,0,0,0.0,0,0,0,none,0,none,0,0,0,no_alert_unknown,no_alert_not_final_benign,-1,dns,port
2025-07-19T23:02:51.876781+0700,103.195.142.74,118.98.44.100,12166,53,UDP,dns,,950996336646204,wire/pcap,0,0,0,0,0,0.0,0,0,0,none,0,none,0,0,0,no_alert_unknown,no_alert_not_final_benign,-1,dns,port
2025-07-19T23:02:51.914272+0700,103.195.142.108,8.8.8.8,1900,53,UDP,dns,,1216074754602613,wire/pcap,0,0,0,0,0,0.0,0,0,0,none,0,none,0,0,0,no_alert_unknown,no_alert_not_final_benign,-1,dns,port
2025-07-19T23:02:51.922784+0700,103.195.142.74,202.134.0.155,59545,53,UDP,dns,,867102818743234,wire/pcap,0,0,0,0,0,0.0,0,0,0,none,0,none,0,0,0,no_alert_unknown,no_alert_not_final_benign,-1,dns,port
2025-07-19T23:02:51.931904+0700,103.195.142.75,8.8.8.8,36528,53,UDP,dns,,906275140634538,wire/pcap,0,0,0,0,0,0.0,0,0,0,none,0,none,0,0,0,no_alert_unknown,no_alert_not_final_benign,-1,dns,port
2025-07-19T23:02:51.936766+0700,103.185.193.21,1.1.1.1,50664,53,UDP,dns,,927156582831450,wire/pcap,0,0,0,0,0,0.0,0,0,0,none,0,none,0,0,0,no_alert_unknown,no_alert_not_final_benign,-1,dns,port
2025-07-19T23:02:51.937291+0700,103.195.142.74,118.98.44.20,63470,53,UDP,dns,,929413275885608,wire/pcap,0,0,0,0,0,0.0,0,0,0,none,0,none,0,0,0,no_alert_unknown,no_alert_not_final_benign,-1,dns,port
2025-07-19T23:02:51.938990+0700,103.195.142.74,118.98.44.100,3365,53,UDP,dns,,936707915511693,wire/pcap,0,0,0,0,0,0.0,0,0,0,none,0,none,0,0,0,no_alert_unknown,no_alert_not_final_benign,-1,dns,port
2025-07-19T23:02:51.941854+0700,103.195.142.74,118.98.44.20,29754,53,UDP,dns,,949008525129798,wire/pcap,0,0,0,0,0,0.0,0,0,0,none,0,none,0,0,0,no_alert_unknown,no_alert_not_final_benign,-1,dns,port
2025-07-19T23:02:51.946699+0700,103.195.142.74,202.134.0.155,14860,53,UDP,dns,,969819463780657,wire/pcap,0,0,0,0,0,0.0,0,0,0,none,0,none,0,0,0,no_alert_unknown,no_alert_not_final_benign,-1,dns,port
2025-07-19T23:02:51.946816+0700,103.195.142.74,118.98.44.50,21026,53,UDP,dns,,970321544422839,wire/pcap,0,0,0,0,0,0.0,0,0,0,none,0,none,0,0,0,no_alert_unknown,no_alert_not_final_benign,-1,dns,port
2025-07-19T23:02:51.946996+0700,103.195.142.74,118.98.44.20,43463,53,UDP,dns,,971095024934163,wire/pcap,0,0,0,0,0,0.0,0,0,0,none,0,none,0,0,0,no_alert_unknown,no_alert_not_final_benign,-1,dns,port
2025-07-19T23:02:51.947051+0700,103.195.142.74,202.134.0.155,2455,53,UDP,dns,,971330276631584,wire/pcap,0,0,0,0,0,0.0,0,0,0,none,0,none,0,0,0,no_alert_unknown,no_alert_not_final_benign,-1,dns,port
2025-07-19T23:02:51.947779+0700,103.195.142.76,87.98.154.90,53,14435,UDP,flow,failed,1270679941535483,,1,1,0,1469,0,0.0,1,1469,0,none,0,none,0,0,0,no_alert_unknown,no_alert_not_final_benign,-1,dns,port
2025-07-19T23:02:51.955286+0700,103.195.142.74,118.98.44.50,36178,53,UDP,dns,,1006701398394472,wire/pcap,0,0,0,0,0,0.0,0,0,0,none,0,none,0,0,0,no_alert_unknown,no_alert_not_final_benign,-1,dns,port
2025-07-19T23:02:51.956963+0700,103.195.142.74,118.98.44.50,48012,53,UDP,dns,,1013901854475843,wire/pcap,0,0,0,0,0,0.0,0,0,0,none,0,none,0,0,0,no_alert_unknown,no_alert_not_final_benign,-1,dns,port
2025-07-19T23:02:51.957327+0700,103.195.142.74,118.98.44.100,58446,53,UDP,dns,,1015465294480982,wire/pcap,0,0,0,0,0,0.0,0,0,0,none,0,none,0,0,0,no_alert_unknown,no_alert_not_final_benign,-1,dns,port
2025-07-19T23:02:51.959339+0700,103.195.142.75,8.8.8.8,10750,53,UDP,dns,,1024107995202493,wire/pcap,0,0,0,0,0,0.0,0,0,0,none,0,none,0,0,0,no_alert_unknown,no_alert_not_final_benign,-1,dns,port
2025-07-19T23:02:51.964439+0700,103.195.142.74,118.98.44.100,34348,53,UDP,dns,,1046010930564407,wire/pcap,0,0,0,0,0,0.0,0,0,0,none,0,none,0,0,0,no_alert_unknown,no_alert_not_final_benign,-1,dns,port
2025-07-19T23:02:51.972366+0700,103.195.142.74,118.98.44.50,52803,53,UDP,dns,,658917402424037,wire/pcap,0,0,0,0,0,0.0,0,0,0,none,0,none,0,0,0,no_alert_unknown,no_alert_not_final_benign,-1,dns,port
2025-07-19T23:02:51.975713+0700,103.195.142.75,69.39.238.37,65525,53,UDP,dns,,1094431558959243,wire/pcap,0,0,0,0,0,0.0,0,0,0,none,0,none,0,0,0,no_alert_unknown,no_alert_not_final_benign,-1,dns,port
2025-07-19T23:02:51.979847+0700,103.195.142.74,202.134.0.155,24991,53,UDP,dns,,1112187388091099,wire/pcap,0,0,0,0,0,0.0,0,0,0,none,0,none,0,0,0,no_alert_unknown,no_alert_not_final_benign,-1,dns,port
2025-07-19T23:02:51.985465+0700,103.195.142.74,202.134.0.155,16654,53,UDP,dns,,854840625661508,wire/pcap,0,0,0,0,0,0.0,0,0,0,none,0,none,0,0,0,no_alert_unknown,no_alert_not_final_benign,-1,dns,port
2025-07-19T23:02:51.991230+0700,103.195.142.74,118.98.44.100,20043,53,UDP,dns,,879602220511938,wire/pcap,0,0,0,0,0,0.0,0,0,0,none,0,none,0,0,0,no_alert_unknown,no_alert_not_final_benign,-1,dns,port
2025-07-19T23:02:51.991573+0700,103.195.142.74,202.134.0.155,6956,53,UDP,dns,,881077671435905,wire/pcap,0,0,0,0,0,0.0,0,0,0,none,0,none,0,0,0,no_alert_unknown,no_alert_not_final_benign,-1,dns,port
2025-07-19T23:02:51.995627+0700,103.195.142.75,8.8.8.8,47611,53,UDP,dns,,898488817257922,wire/pcap,0,0,0,0,0,0.0,0,0,0,none,0,none,0,0,0,no_alert_unknown,no_alert_not_final_benign,-1,dns,port
2025-07-19T23:02:51.995776+0700,103.195.142.74,118.98.44.20,11719,53,UDP,dns,,899126789431204,wire/pcap,0,0,0,0,0,0.0,0,0,0,none,0,none,0,0,0,no_alert_unknown,no_alert_not_final_benign,-1,dns,port
2025-07-19T23:02:52.004833+0700,103.195.142.74,118.98.44.20,10678,53,UDP,dns,,1146659915263752,wire/pcap,0,0,0,0,0,0.0,0,0,0,none,0,none,0,0,0,no_alert_unknown,no_alert_not_final_benign,-1,dns,port
2025-07-19T23:02:52.009930+0700,103.195.142.74,202.134.0.155,60937,53,UDP,flow,dns,1209716880705723,,1,1,0,113,0,0.0,1,113,0,none,0,none,0,0,0,no_alert_unknown,no_alert_not_final_benign,-1,dns,app_proto+port
2025-07-19T23:02:52.010000+0700,103.195.142.74,118.98.44.50,58111,53,UDP,flow,dns,593777988798665,,1,1,0,211,0,0.0,1,211,0,none,0,none,0,0,0,no_alert_unknown,no_alert_not_final_benign,-1,dns,app_proto+port
2025-07-19T23:02:52.010079+0700,103.195.142.74,202.134.0.155,32541,53,UDP,flow,dns,1301886040738174,,1,1,0,214,0,0.0,1,214,0,none,0,none,0,0,0,no_alert_unknown,no_alert_not_final_benign,-1,dns,app_proto+port
2025-07-19T23:02:52.010159+0700,103.195.142.74,118.98.44.20,14271,53,UDP,flow,dns,870013996960288,,1,1,0,78,0,0.0,1,78,0,none,0,none,0,0,0,no_alert_unknown,no_alert_not_final_benign,-1,dns,app_proto+port
2025-07-19T23:02:52.010203+0700,103.195.142.74,202.134.0.155,27366,53,UDP,flow,dns,887698738580135,,1,1,0,184,0,0.0,1,184,0,none,0,none,0,0,0,no_alert_unknown,no_alert_not_final_benign,-1,dns,app_proto+port
2025-07-19T23:02:52.010231+0700,103.195.142.75,8.8.8.8,23050,53,UDP,flow,dns,1275807522163378,,1,1,0,196,0,0.0,1,196,0,none,0,none,0,0,0,no_alert_unknown,no_alert_not_final_benign,-1,dns,app_proto+port
2025-07-19T23:02:52.010252+0700,103.195.142.74,118.98.44.100,44989,53,UDP,flow,dns,820055681010501,,1,1,0,214,0,0.0,1,214,0,none,0,none,0,0,0,no_alert_unknown,no_alert_not_final_benign,-1,dns,app_proto+port
2025-07-19T23:02:52.010309+0700,103.195.142.195,87.98.154.119,53,54305,UDP,flow,failed,577400312761202,,1,1,0,1437,0,0.0,1,1437,0,none,0,none,0,0,0,no_alert_unknown,no_alert_not_final_benign,-1,dns,port
2025-07-19T23:02:52.010332+0700,103.195.142.74,202.134.0.155,22526,53,UDP,flow,dns,975333421091699,,1,1,0,87,0,0.0,1,87,0,none,0,none,0,0,0,no_alert_unknown,no_alert_not_final_benign,-1,dns,app_proto+port
2025-07-19T23:02:52.010353+0700,103.195.142.74,118.98.44.100,14724,53,UDP,flow,dns,940935722503078,,1,1,0,68,0,0.0,1,68,0,none,0,none,0,0,0,no_alert_unknown,no_alert_not_final_benign,-1,dns,app_proto+port
2025-07-19T23:02:52.010401+0700,103.195.142.196,87.98.154.119,53,38754,UDP,flow,failed,1245697442712542,,1,1,0,1437,0,0.0,1,1437,0,none,0,none,0,0,0,no_alert_unknown,no_alert_not_final_benign,-1,dns,port
2025-07-19T23:02:52.010423+0700,103.195.142.165,87.98.154.119,53,37251,UDP,flow,failed,743003023936486,,1,1,0,1437,0,0.0,1,1437,0,none,0,none,0,0,0,no_alert_unknown,no_alert_not_final_benign,-1,dns,port
2025-07-19T23:02:52.010442+0700,103.195.142.74,118.98.44.50,17456,53,UDP,flow,dns,914337552206838,,1,1,0,223,0,0.0,1,223,0,none,0,none,0,0,0,no_alert_unknown,no_alert_not_final_benign,-1,dns,app_proto+port
2025-07-19T23:02:52.010462+0700,103.195.142.3,172.71.244.10,53,47800,UDP,flow,failed,877494009859064,,1,1,0,187,0,0.0,1,187,0,none,0,none,0,0,0,no_alert_unknown,no_alert_not_final_benign,-1,dns,port
2025-07-19T23:02:52.010482+0700,103.195.142.76,87.98.154.146,53,1382,UDP,flow,failed,587354663357458,,1,1,0,1469,0,0.0,1,1469,0,none,0,none,0,0,0,no_alert_unknown,no_alert_not_final_benign,-1,dns,port
2025-07-19T23:02:52.010545+0700,103.195.142.76,87.98.154.118,53,16061,UDP,flow,failed,1247005324217483,,1,1,0,1469,0,0.0,1,1469,0,none,0,none,0,0,0,no_alert_unknown,no_alert_not_final_benign,-1,dns,port
2025-07-19T23:02:52.010578+0700,103.195.142.74,118.98.44.100,37626,53,UDP,flow,dns,860133318855937,,1,1,0,223,0,0.0,1,223,0,none,0,none,0,0,0,no_alert_unknown,no_alert_not_final_benign,-1,dns,app_proto+port
2025-07-19T23:02:52.010599+0700,103.195.142.74,202.134.0.155,28653,53,UDP,flow,dns,1088992398413108,,1,1,0,87,0,0.0,1,87,0,none,0,none,0,0,0,no_alert_unknown,no_alert_not_final_benign,-1,dns,app_proto+port
2025-07-19T23:02:52.010702+0700,103.195.142.46,87.98.154.119,53,13882,UDP,flow,failed,874815358832290,,1,1,0,1437,0,0.0,1,1437,0,none,0,none,0,0,0,no_alert_unknown,no_alert_not_final_benign,-1,dns,port
2025-07-19T23:02:52.010721+0700,103.195.142.46,87.98.154.118,53,14655,UDP,flow,failed,639246328270538,,1,1,0,1437,0,0.0,1,1437,0,none,0,none,0,0,0,no_alert_unknown,no_alert_not_final_benign,-1,dns,port
2025-07-19T23:02:52.010740+0700,103.195.142.75,8.8.8.8,32122,53,UDP,flow,dns,783910688722642,,1,1,0,223,0,0.0,1,223,0,none,0,none,0,0,0,no_alert_unknown,no_alert_not_final_benign,-1,dns,app_proto+port
2025-07-19T23:02:52.010847+0700,103.195.142.165,87.98.154.119,53,2216,UDP,flow,failed,1202846921789340,,1,1,0,1437,0,0.0,1,1437,0,none,0,none,0,0,0,no_alert_unknown,no_alert_not_final_benign,-1,dns,port
2025-07-19T23:02:52.010889+0700,103.195.142.165,87.98.154.217,53,12536,UDP,flow,failed,83360574017592,,1,3,0,4311,0,10.0,3,4311,0,none,0,none,0,0,0,no_alert_unknown,no_alert_not_final_benign,-1,dns,port
2025-07-19T23:02:52.010909+0700,103.195.142.2,172.217.44.216,53,51981,UDP,flow,failed,1188562873946264,,1,1,0,235,0,0.0,1,235,0,none,0,none,0,0,0,no_alert_unknown,no_alert_not_final_benign,-1,dns,port
2025-07-19T23:02:52.010928+0700,103.195.142.46,87.98.154.143,53,21998,UDP,flow,failed,1014025618133209,,1,1,0,1437,0,0.0,1,1437,0,none,0,none,0,0,0,no_alert_unknown,no_alert_not_final_benign,-1,dns,port
2025-07-19T23:02:52.010954+0700,103.195.142.74,202.134.0.155,2778,53,UDP,flow,dns,820415376462096,,1,1,0,214,0,0.0,1,214,0,none,0,none,0,0,0,no_alert_unknown,no_alert_not_final_benign,-1,dns,app_proto+port
2025-07-19T23:02:52.010978+0700,103.195.142.74,118.98.44.20,12771,53,UDP,flow,dns,1200973850218774,,1,2,0,319,0,16.0,2,319,0,none,0,none,0,0,0,no_alert_unknown,no_alert_not_final_benign,-1,dns,app_proto+port
2025-07-19T23:02:52.011000+0700,103.195.142.74,118.98.44.50,21081,53,UDP,flow,dns,1133616186724644,,1,1,0,85,0,0.0,1,85,0,none,0,none,0,0,0,no_alert_unknown,no_alert_not_final_benign,-1,dns,app_proto+port
2025-07-19T23:02:52.011130+0700,103.195.142.74,118.98.44.20,5517,53,UDP,flow,dns,913735802360137,,1,1,0,70,0,0.0,1,70,0,none,0,none,0,0,0,no_alert_unknown,no_alert_not_final_benign,-1,dns,app_proto+port
2025-07-19T23:02:52.011175+0700,103.195.142.109,87.98.154.141,53,46018,UDP,flow,failed,840432960082290,,1,1,0,1437,0,0.0,1,1437,0,none,0,none,0,0,0,no_alert_unknown,no_alert_not_final_benign,-1,dns,port
2025-07-19T23:02:52.011268+0700,103.185.193.21,1.1.1.1,50365,53,UDP,flow,dns,910779821396391,,1,4,0,544,0,0.0,4,544,0,none,0,none,0,0,0,no_alert_unknown,no_alert_not_final_benign,-1,dns,app_proto+port
2025-07-19T23:02:52.011383+0700,103.195.142.76,87.98.154.119,53,34549,UDP,flow,failed,981370999411182,,1,1,0,1469,0,0.0,1,1469,0,none,0,none,0,0,0,no_alert_unknown,no_alert_not_final_benign,-1,dns,port
2025-07-19T23:02:52.011405+0700,103.195.142.46,87.98.154.119,53,15548,UDP,flow,failed,1375004412482038,,1,1,0,1437,0,0.0,1,1437,0,none,0,none,0,0,0,no_alert_unknown,no_alert_not_final_benign,-1,dns,port
2025-07-19T23:02:52.011496+0700,103.195.142.2,18.139.204.213,53,62147,UDP,flow,failed,1037042600580240,,1,1,0,184,0,0.0,1,184,0,none,0,none,0,0,0,no_alert_unknown,no_alert_not_final_benign,-1,dns,port
2025-07-19T23:02:52.011534+0700,103.195.142.196,87.98.154.119,53,21918,UDP,flow,failed,579574074447331,,1,1,0,1437,0,0.0,1,1437,0,none,0,none,0,0,0,no_alert_unknown,no_alert_not_final_benign,-1,dns,port
2025-07-19T23:02:52.011552+0700,103.195.142.195,87.98.154.216,53,51978,UDP,flow,failed,1372174711002741,,1,1,0,1437,0,0.0,1,1437,0,none,0,none,0,0,0,no_alert_unknown,no_alert_not_final_benign,-1,dns,port
2025-07-19T23:02:52.011642+0700,103.195.142.74,118.98.44.50,33418,53,UDP,flow,dns,672517377103634,,1,1,0,87,0,0.0,1,87,0,none,0,none,0,0,0,no_alert_unknown,no_alert_not_final_benign,-1,dns,app_proto+port
2025-07-19T23:02:52.011686+0700,103.195.142.109,87.98.154.173,53,26473,UDP,flow,failed,627648063543086,,1,3,0,4311,0,9.0,3,4311,0,none,0,none,0,0,0,no_alert_unknown,no_alert_not_final_benign,-1,dns,port
2025-07-19T23:02:52.011776+0700,103.195.142.195,87.98.154.119,53,13045,UDP,flow,failed,798197033473893,,1,1,0,1437,0,0.0,1,1437,0,none,0,none,0,0,0,no_alert_unknown,no_alert_not_final_benign,-1,dns,port
2025-07-19T23:02:52.011797+0700,103.195.142.74,202.134.0.155,57062,53,UDP,flow,dns,1131645529692014,,1,1,0,214,0,0.0,1,214,0,none,0,none,0,0,0,no_alert_unknown,no_alert_not_final_benign,-1,dns,app_proto+port
2025-07-19T23:02:52.011834+0700,103.195.142.165,87.98.154.105,53,26924,UDP,flow,failed,1180773132605328,,1,1,0,1437,0,0.0,1,1437,0,none,0,none,0,0,0,no_alert_unknown,no_alert_not_final_benign,-1,dns,port
2025-07-19T23:02:52.011866+0700,103.195.142.74,118.98.44.20,19877,53,UDP,flow,dns,1406075146541238,,1,1,0,178,0,0.0,1,178,0,none,0,none,0,0,0,no_alert_unknown,no_alert_not_final_benign,-1,dns,app_proto+port
2025-07-19T23:02:52.011975+0700,103.195.142.83,87.98.154.2,53,8045,UDP,flow,failed,1204105656408585,,1,1,0,1190,0,0.0,1,1190,0,none,0,none,0,0,0,no_alert_unknown,no_alert_not_final_benign,-1,dns,port
2025-07-19T23:02:52.011994+0700,103.195.142.76,87.98.154.119,53,26202,UDP,flow,failed,1319577822960260,,1,1,0,1469,0,0.0,1,1469,0,none,0,none,0,0,0,no_alert_unknown,no_alert_not_final_benign,-1,dns,port
2025-07-19T23:02:52.012014+0700,103.195.142.46,87.98.154.219,53,46612,UDP,flow,failed,1396097398676200,,1,1,0,1437,0,0.0,1,1437,0,none,0,none,0,0,0,no_alert_unknown,no_alert_not_final_benign,-1,dns,port
2025-07-19T23:02:52.012153+0700,103.195.142.75,8.8.8.8,27556,53,UDP,flow,dns,598197344738338,,1,1,0,87,0,0.0,1,87,0,none,0,none,0,0,0,no_alert_unknown,no_alert_not_final_benign,-1,dns,app_proto+port
2025-07-19T23:02:52.012183+0700,103.195.142.165,87.98.154.189,53,19012,UDP,flow,failed,497239190477968,,1,3,0,4311,0,9.0,3,4311,0,none,0,none,0,0,0,no_alert_unknown,no_alert_not_final_benign,-1,dns,port
2025-07-19T23:02:52.012203+0700,103.195.142.109,87.98.154.201,53,6987,UDP,flow,failed,539030739426730,,1,3,0,4311,0,9.0,3,4311,0,none,0,none,0,0,0,no_alert_unknown,no_alert_not_final_benign,-1,dns,port
2025-07-19T23:02:52.012246+0700,103.195.142.76,87.98.154.119,53,27184,UDP,flow,failed,1337949423672755,,1,1,0,1469,0,0.0,1,1469,0,none,0,none,0,0,0,no_alert_unknown,no_alert_not_final_benign,-1,dns,port
2025-07-19T23:02:52.012300+0700,103.195.142.83,87.98.154.119,53,5229,UDP,flow,failed,1389326220795321,,1,1,0,1190,0,0.0,1,1190,0,none,0,none,0,0,0,no_alert_unknown,no_alert_not_final_benign,-1,dns,port
2025-07-19T23:02:52.012392+0700,103.195.142.46,87.98.154.195,53,36365,UDP,flow,failed,1215961000386114,,1,1,0,1437,0,0.0,1,1437,0,none,0,none,0,0,0,no_alert_unknown,no_alert_not_final_benign,-1,dns,port
2025-07-19T23:02:52.012411+0700,103.195.142.74,202.134.0.155,43362,53,UDP,flow,dns,858551609138785,,1,1,0,81,0,0.0,1,81,0,none,0,none,0,0,0,no_alert_unknown,no_alert_not_final_benign,-1,dns,app_proto+port
2025-07-19T23:02:52.012431+0700,103.195.142.74,118.98.44.20,34119,53,UDP,flow,dns,943367580491519,,1,1,0,223,0,0.0,1,223,0,none,0,none,0,0,0,no_alert_unknown,no_alert_not_final_benign,-1,dns,app_proto+port
2025-07-19T23:02:52.012451+0700,103.195.142.74,118.98.44.50,62907,53,UDP,flow,dns,1232634905108474,,1,1,0,77,0,0.0,1,77,0,none,0,none,0,0,0,no_alert_unknown,no_alert_not_final_benign,-1,dns,app_proto+port
2025-07-19T23:02:52.012471+0700,103.195.142.83,87.98.154.86,53,1200,UDP,flow,failed,812750822383610,,1,1,0,1190,0,0.0,1,1190,0,none,0,none,0,0,0,no_alert_unknown,no_alert_not_final_benign,-1,dns,port
2025-07-19T23:02:52.012490+0700,103.195.142.74,118.98.44.100,39236,53,UDP,flow,dns,1678188845867081,,1,2,0,204,0,6.0,2,204,0,none,0,none,0,0,0,no_alert_unknown,no_alert_not_final_benign,-1,dns,app_proto+port
2025-07-19T23:02:52.012509+0700,103.195.142.75,8.8.8.8,48933,53,UDP,flow,dns,1237838609457315,,1,1,0,211,0,0.0,1,211,0,none,0,none,0,0,0,no_alert_unknown,no_alert_not_final_benign,-1,dns,app_proto+port
2025-07-19T23:02:52.012529+0700,103.195.142.74,118.98.44.20,56438,53,UDP,flow,dns,574031833866438,,1,1,0,241,0,0.0,1,241,0,none,0,none,0,0,0,no_alert_unknown,no_alert_not_final_benign,-1,dns,app_proto+port
2025-07-19T23:02:52.012554+0700,103.195.142.195,87.98.154.117,53,64410,UDP,flow,failed,706041486188836,,1,1,0,1437,0,0.0,1,1437,0,none,0,none,0,0,0,no_alert_unknown,no_alert_not_final_benign,-1,dns,port
2025-07-19T23:02:52.012573+0700,103.195.142.165,87.98.154.119,53,37414,UDP,flow,failed,1007737138782561,,1,1,0,1437,0,0.0,1,1437,0,none,0,none,0,0,0,no_alert_unknown,no_alert_not_final_benign,-1,dns,port
2025-07-19T23:02:52.012615+0700,103.195.142.74,34.8.38.57,41939,53,UDP,flow,dns,869593042919823,,1,1,0,252,0,0.0,1,252,0,none,0,none,0,0,0,no_alert_unknown,no_alert_not_final_benign,-1,dns,app_proto+port
2025-07-19T23:02:52.012673+0700,103.195.142.74,118.98.44.100,34286,53,UDP,flow,dns,899417147122181,,1,1,0,74,0,0.0,1,74,0,none,0,none,0,0,0,no_alert_unknown,no_alert_not_final_benign,-1,dns,app_proto+port
2025-07-19T23:02:52.012693+0700,103.195.142.76,87.98.154.206,53,21617,UDP,flow,failed,1330212760723986,,1,1,0,1469,0,0.0,1,1469,0,none,0,none,0,0,0,no_alert_unknown,no_alert_not_final_benign,-1,dns,port
2025-07-19T23:02:52.012765+0700,103.195.142.75,69.39.238.37,60565,53,UDP,flow,dns,1309450483212953,,1,1,0,85,0,0.0,1,85,0,none,0,none,0,0,0,no_alert_unknown,no_alert_not_final_benign,-1,dns,app_proto+port
2025-07-19T23:02:52.012845+0700,103.195.142.2,172.217.44.213,53,64414,UDP,flow,failed,1167909329380190,,1,1,0,154,0,0.0,1,154,0,none,0,none,0,0,0,no_alert_unknown,no_alert_not_final_benign,-1,dns,port
2025-07-19T23:02:52.012891+0700,103.195.142.74,216.38.8.121,33662,53,UDP,flow,dns,692985917023314,,1,1,0,85,0,0.0,1,85,0,none,0,none,0,0,0,no_alert_unknown,no_alert_not_final_benign,-1,dns,app_proto+port
2025-07-19T23:02:52.012927+0700,103.195.142.74,118.98.44.20,6896,53,UDP,flow,dns,721610819183706,,1,1,0,68,0,0.0,1,68,0,none,0,none,0,0,0,no_alert_unknown,no_alert_not_final_benign,-1,dns,app_proto+port
2025-07-19T23:02:52.012947+0700,103.195.142.195,87.98.154.119,53,59739,UDP,flow,failed,1271232012100729,,1,1,0,1437,0,0.0,1,1437,0,none,0,none,0,0,0,no_alert_unknown,no_alert_not_final_benign,-1,dns,port
2025-07-19T23:02:52.012985+0700,103.195.142.165,87.98.154.245,53,38861,UDP,flow,failed,1038635170735480,,1,1,0,1437,0,0.0,1,1437,0,none,0,none,0,0,0,no_alert_unknown,no_alert_not_final_benign,-1,dns,port
2025-07-19T23:02:52.013003+0700,103.195.142.74,118.98.44.100,19170,53,UDP,flow,dns,827694094427534,,1,1,0,84,0,0.0,1,84,0,none,0,none,0,0,0,no_alert_unknown,no_alert_not_final_benign,-1,dns,app_proto+port
2025-07-19T23:02:52.013023+0700,103.195.142.74,118.98.44.50,33426,53,UDP,flow,dns,1031791163090425,,1,1,0,87,0,0.0,1,87,0,none,0,none,0,0,0,no_alert_unknown,no_alert_not_final_benign,-1,dns,app_proto+port
2025-07-19T23:02:52.013049+0700,103.195.142.46,87.98.154.119,53,49173,UDP,flow,failed,1287444469786124,,1,1,0,1437,0,0.0,1,1437,0,none,0,none,0,0,0,no_alert_unknown,no_alert_not_final_benign,-1,dns,port
2025-07-19T23:02:52.013091+0700,103.195.142.165,87.98.154.119,53,61314,UDP,flow,failed,1361982132201044,,1,1,0,1437,0,0.0,1,1437,0,none,0,none,0,0,0,no_alert_unknown,no_alert_not_final_benign,-1,dns,port
2025-07-19T23:02:52.013193+0700,103.195.142.74,118.98.44.100,50023,53,UDP,flow,dns,802042011330411,,1,1,0,196,0,0.0,1,196,0,none,0,none,0,0,0,no_alert_unknown,no_alert_not_final_benign,-1,dns,app_proto+port
2025-07-19T23:02:52.013240+0700,103.195.142.83,87.98.154.58,53,23799,UDP,flow,failed,1076224826419155,,1,1,0,1190,0,0.0,1,1190,0,none,0,none,0,0,0,no_alert_unknown,no_alert_not_final_benign,-1,dns,port
2025-07-19T23:02:52.013280+0700,103.195.142.83,87.98.154.119,53,33121,UDP,flow,failed,565640720033809,,1,1,0,1190,0,0.0,1,1190,0,none,0,none,0,0,0,no_alert_unknown,no_alert_not_final_benign,-1,dns,port
2025-07-19T23:02:52.013305+0700,103.195.142.74,118.98.44.100,11141,53,UDP,flow,dns,1375949315909675,,1,1,0,214,0,0.0,1,214,0,none,0,none,0,0,0,no_alert_unknown,no_alert_not_final_benign,-1,dns,app_proto+port
2025-07-19T23:02:52.013325+0700,103.195.142.46,87.98.154.87,53,55797,UDP,flow,failed,1277202904197373,,1,1,0,1437,0,0.0,1,1437,0,none,0,none,0,0,0,no_alert_unknown,no_alert_not_final_benign,-1,dns,port
2025-07-19T23:02:52.013409+0700,103.195.142.196,87.98.154.119,53,24990,UDP,flow,failed,1329005653010872,,1,1,0,1437,0,0.0,1,1437,0,none,0,none,0,0,0,no_alert_unknown,no_alert_not_final_benign,-1,dns,port
2025-07-19T23:02:52.013428+0700,103.195.142.109,87.98.154.119,53,54750,UDP,flow,failed,589179095493066,,1,1,0,1437,0,0.0,1,1437,0,none,0,none,0,0,0,no_alert_unknown,no_alert_not_final_benign,-1,dns,port
2025-07-19T23:02:52.013558+0700,103.195.142.76,87.98.154.119,53,44574,UDP,flow,failed,835678926613135,,1,1,0,1469,0,0.0,1,1469,0,none,0,none,0,0,0,no_alert_unknown,no_alert_not_final_benign,-1,dns,port
2025-07-19T23:02:52.013583+0700,103.195.142.46,87.98.154.203,53,39500,UDP,flow,failed,655843842730640,,1,1,0,1437,0,0.0,1,1437,0,none,0,none,0,0,0,no_alert_unknown,no_alert_not_final_benign,-1,dns,port
2025-07-19T23:02:52.013602+0700,103.195.142.75,8.8.8.8,38205,53,UDP,flow,dns,642908674665135,,1,1,0,214,0,0.0,1,214,0,none,0,none,0,0,0,no_alert_unknown,no_alert_not_final_benign,-1,dns,app_proto+port
2025-07-19T23:02:52.013622+0700,103.195.142.74,118.98.44.20,4931,53,UDP,flow,dns,663527843048145,,1,1,0,89,0,0.0,1,89,0,none,0,none,0,0,0,no_alert_unknown,no_alert_not_final_benign,-1,dns,app_proto+port
2025-07-19T23:02:52.013663+0700,103.195.142.74,118.98.44.50,54779,53,UDP,flow,dns,927047921839004,,1,1,0,241,0,0.0,1,241,0,none,0,none,0,0,0,no_alert_unknown,no_alert_not_final_benign,-1,dns,app_proto+port
2025-07-19T23:02:52.013705+0700,103.195.142.196,87.98.154.119,53,7177,UDP,flow,failed,1180191236762592,,1,1,0,1437,0,0.0,1,1437,0,none,0,none,0,0,0,no_alert_unknown,no_alert_not_final_benign,-1,dns,port
2025-07-19T23:02:52.013724+0700,103.195.142.75,8.8.8.8,33218,53,UDP,flow,dns,575763348007911,,1,1,0,87,0,0.0,1,87,0,none,0,none,0,0,0,no_alert_unknown,no_alert_not_final_benign,-1,dns,app_proto+port
2025-07-19T23:02:52.013791+0700,103.195.142.109,87.98.154.57,53,33171,UDP,flow,failed,748622474914961,,1,1,0,1437,0,0.0,1,1437,0,none,0,none,0,0,0,no_alert_unknown,no_alert_not_final_benign,-1,dns,port
2025-07-19T23:02:52.013845+0700,103.195.142.76,87.98.154.119,53,31790,UDP,flow,failed,1148094139084061,,1,1,0,1469,0,0.0,1,1469,0,none,0,none,0,0,0,no_alert_unknown,no_alert_not_final_benign,-1,dns,port
2025-07-19T23:02:52.013864+0700,103.195.142.109,87.98.154.1,53,4331,UDP,flow,failed,1313162733891053,,1,1,0,1437,0,0.0,1,1437,0,none,0,none,0,0,0,no_alert_unknown,no_alert_not_final_benign,-1,dns,port
2025-07-19T23:02:52.013999+0700,103.195.142.75,50.28.102.86,49324,53,UDP,flow,dns,942978954440466,,1,1,0,74,0,0.0,1,74,0,none,0,none,0,0,0,no_alert_unknown,no_alert_not_final_benign,-1,dns,app_proto+port
2025-07-19T23:02:52.014021+0700,103.195.142.74,118.98.44.20,36842,53,UDP,flow,dns,1140704391933757,,1,1,0,87,0,0.0,1,87,0,none,0,none,0,0,0,no_alert_unknown,no_alert_not_final_benign,-1,dns,app_proto+port
2025-07-19T23:02:52.014128+0700,103.195.142.74,118.98.44.100,4896,53,UDP,flow,dns,815277622505503,,1,1,0,223,0,0.0,1,223,0,none,0,none,0,0,0,no_alert_unknown,no_alert_not_final_benign,-1,dns,app_proto+port
2025-07-19T23:02:52.014175+0700,103.195.142.74,118.98.44.100,21754,53,UDP,flow,dns,1249651209154626,,1,1,0,214,0,0.0,1,214,0,none,0,none,0,0,0,no_alert_unknown,no_alert_not_final_benign,-1,dns,app_proto+port
2025-07-19T23:02:52.014244+0700,103.195.142.75,8.8.8.8,48544,53,UDP,flow,dns,1059243660226712,,1,1,0,223,0,0.0,1,223,0,none,0,none,0,0,0,no_alert_unknown,no_alert_not_final_benign,-1,dns,app_proto+port
2025-07-19T23:02:52.014283+0700,103.195.142.165,87.98.154.177,53,16054,UDP,flow,failed,1339719339815230,,1,1,0,1437,0,0.0,1,1437,0,none,0,none,0,0,0,no_alert_unknown,no_alert_not_final_benign,-1,dns,port
2025-07-19T23:02:52.014371+0700,103.195.142.109,87.98.154.119,53,55941,UDP,flow,failed,949996573241781,,1,1,0,1437,0,0.0,1,1437,0,none,0,none,0,0,0,no_alert_unknown,no_alert_not_final_benign,-1,dns,port
2025-07-19T23:02:52.014446+0700,103.195.142.165,87.98.154.161,53,62967,UDP,flow,failed,823164138500776,,1,3,0,4311,0,9.0,3,4311,0,none,0,none,0,0,0,no_alert_unknown,no_alert_not_final_benign,-1,dns,port
2025-07-19T23:02:52.014485+0700,103.195.142.109,87.98.154.117,53,20976,UDP,flow,failed,1402608759288492,,1,1,0,1437,0,0.0,1,1437,0,none,0,none,0,0,0,no_alert_unknown,no_alert_not_final_benign,-1,dns,port
2025-07-19T23:02:52.014507+0700,103.195.142.76,87.98.154.146,53,7277,UDP,flow,failed,620995679302317,,1,1,0,1469,0,0.0,1,1469,0,none,0,none,0,0,0,no_alert_unknown,no_alert_not_final_benign,-1,dns,port
2025-07-19T23:02:52.014547+0700,103.195.142.83,87.98.154.119,53,14420,UDP,flow,failed,612248967131886,,1,1,0,1190,0,0.0,1,1190,0,none,0,none,0,0,0,no_alert_unknown,no_alert_not_final_benign,-1,dns,port
2025-07-19T23:02:52.014637+0700,103.195.142.83,87.98.154.119,53,23283,UDP,flow,failed,1356081589597051,,1,1,0,1190,0,0.0,1,1190,0,none,0,none,0,0,0,no_alert_unknown,no_alert_not_final_benign,-1,dns,port
2025-07-19T23:02:52.014675+0700,103.195.142.74,118.98.44.50,8487,53,UDP,flow,dns,1267951749378979,,1,1,0,220,0,0.0,1,220,0,none,0,none,0,0,0,no_alert_unknown,no_alert_not_final_benign,-1,dns,app_proto+port
2025-07-19T23:02:52.014695+0700,103.195.142.196,87.98.154.237,53,38936,UDP,flow,failed,1027696692376487,,1,1,0,1437,0,0.0,1,1437,0,none,0,none,0,0,0,no_alert_unknown,no_alert_not_final_benign,-1,dns,port
2025-07-19T23:02:52.014714+0700,103.195.142.165,87.98.154.245,53,18743,UDP,flow,failed,1188229801129104,,1,1,0,1437,0,0.0,1,1437,0,none,0,none,0,0,0,no_alert_unknown,no_alert_not_final_benign,-1,dns,port
2025-07-19T23:02:52.014732+0700,103.195.142.75,8.8.8.8,56495,53,UDP,flow,dns,658718932612308,,1,1,0,178,0,0.0,1,178,0,none,0,none,0,0,0,no_alert_unknown,no_alert_not_final_benign,-1,dns,app_proto+port
2025-07-19T23:02:52.014757+0700,103.195.142.195,87.98.154.232,53,31087,UDP,flow,failed,624315651994869,,1,1,0,1437,0,0.0,1,1437,0,none,0,none,0,0,0,no_alert_unknown,no_alert_not_final_benign,-1,dns,port
2025-07-19T23:02:52.014776+0700,103.195.142.165,87.98.154.73,53,8294,UDP,flow,failed,890947309417721,,1,1,0,1437,0,0.0,1,1437,0,none,0,none,0,0,0,no_alert_unknown,no_alert_not_final_benign,-1,dns,port
2025-07-19T23:02:52.014795+0700,103.195.142.74,118.98.44.20,42079,53,UDP,flow,dns,1011335604942095,,1,1,0,87,0,0.0,1,87,0,none,0,none,0,0,0,no_alert_unknown,no_alert_not_final_benign,-1,dns,app_proto+port
2025-07-19T23:02:52.014836+0700,103.195.142.46,87.98.154.115,53,43028,UDP,flow,failed,724496331650417,,1,1,0,1437,0,0.0,1,1437,0,none,0,none,0,0,0,no_alert_unknown,no_alert_not_final_benign,-1,dns,port
2025-07-19T23:02:52.014892+0700,103.195.142.83,87.98.154.202,53,46619,UDP,flow,failed,479301695387018,,1,3,0,3570,0,10.0,3,3570,0,none,0,none,0,0,0,no_alert_unknown,no_alert_not_final_benign,-1,dns,port
2025-07-19T23:02:52.014956+0700,103.195.142.74,202.134.0.155,35813,53,UDP,flow,dns,754621428741613,,1,1,0,68,0,0.0,1,68,0,none,0,none,0,0,0,no_alert_unknown,no_alert_not_final_benign,-1,dns,app_proto+port
2025-07-19T23:02:52.015120+0700,103.195.142.196,87.98.154.209,53,24106,UDP,flow,failed,772545917367901,,1,1,0,1437,0,0.0,1,1437,0,none,0,none,0,0,0,no_alert_unknown,no_alert_not_final_benign,-1,dns,port
2025-07-19T23:02:52.015211+0700,103.195.142.74,118.98.44.50,30248,53,UDP,flow,dns,1168093261805321,,1,1,0,84,0,0.0,1,84,0,none,0,none,0,0,0,no_alert_unknown,no_alert_not_final_benign,-1,dns,app_proto+port
2025-07-19T23:02:52.015232+0700,103.195.142.74,118.98.44.50,5124,53,UDP,flow,dns,828394018322276,,1,1,0,84,0,0.0,1,84,0,none,0,none,0,0,0,no_alert_unknown,no_alert_not_final_benign,-1,dns,app_proto+port
2025-07-19T23:02:52.015251+0700,103.195.142.74,118.98.44.50,52966,53,UDP,flow,dns,1019984633214855,,1,1,0,77,0,0.0,1,77,0,none,0,none,0,0,0,no_alert_unknown,no_alert_not_final_benign,-1,dns,app_proto+port
2025-07-19T23:02:52.015342+0700,103.195.142.2,13.105.68.212,53,26360,UDP,flow,failed,804393886431219,,1,1,0,178,0,0.0,1,178,0,none,0,none,0,0,0,no_alert_unknown,no_alert_not_final_benign,-1,dns,port
2025-07-19T23:02:52.015376+0700,103.195.142.74,202.134.0.155,34382,53,UDP,flow,dns,778063851370509,,1,1,0,196,0,0.0,1,196,0,none,0,none,0,0,0,no_alert_unknown,no_alert_not_final_benign,-1,dns,app_proto+port
2025-07-19T23:02:52.015421+0700,103.195.142.74,34.8.38.57,31321,53,UDP,flow,dns,826608112580987,,1,1,0,243,0,0.0,1,243,0,none,0,none,0,0,0,no_alert_unknown,no_alert_not_final_benign,-1,dns,app_proto+port
2025-07-19T23:02:52.015505+0700,103.195.142.74,118.98.44.50,13171,53,UDP,flow,dns,649536088062479,,1,1,0,196,0,0.0,1,196,0,none,0,none,0,0,0,no_alert_unknown,no_alert_not_final_benign,-1,dns,app_proto+port
2025-07-19T23:02:52.015526+0700,103.195.142.46,87.98.154.119,53,29375,UDP,flow,failed,1068767384975915,,1,1,0,1437,0,0.0,1,1437,0,none,0,none,0,0,0,no_alert_unknown,no_alert_not_final_benign,-1,dns,port
2025-07-19T23:02:52.015575+0700,103.195.142.74,118.98.44.20,36339,53,UDP,flow,dns,1160699953691280,,1,1,0,196,0,0.0,1,196,0,none,0,none,0,0,0,no_alert_unknown,no_alert_not_final_benign,-1,dns,app_proto+port
2025-07-19T23:02:52.015595+0700,103.195.142.76,87.98.154.119,53,34778,UDP,flow,failed,743035401288400,,1,1,0,1469,0,0.0,1,1469,0,none,0,none,0,0,0,no_alert_unknown,no_alert_not_final_benign,-1,dns,port
2025-07-19T23:02:52.015628+0700,103.195.142.75,8.8.8.8,17969,53,UDP,flow,dns,954669171686128,,1,1,0,223,0,0.0,1,223,0,none,0,none,0,0,0,no_alert_unknown,no_alert_not_final_benign,-1,dns,app_proto+port
2025-07-19T23:02:52.015684+0700,103.195.142.74,118.98.44.20,58533,53,UDP,flow,dns,1026544760404745,,1,1,0,110,0,0.0,1,110,0,none,0,none,0,0,0,no_alert_unknown,no_alert_not_final_benign,-1,dns,app_proto+port
2025-07-19T23:02:52.015752+0700,103.195.142.74,118.98.44.20,17448,53,UDP,flow,dns,1241614879374142,,1,1,0,100,0,0.0,1,100,0,none,0,none,0,0,0,no_alert_unknown,no_alert_not_final_benign,-1,dns,app_proto+port
2025-07-19T23:02:52.015801+0700,103.195.142.2,112.215.37.218,53,56865,UDP,flow,failed,1119753949559654,,1,1,0,134,0,0.0,1,134,0,none,0,none,0,0,0,no_alert_unknown,no_alert_not_final_benign,-1,dns,port
2025-07-19T23:02:52.015841+0700,103.195.142.195,87.98.154.44,53,59673,UDP,flow,failed,733415759625137,,1,1,0,1437,0,0.0,1,1437,0,none,0,none,0,0,0,no_alert_unknown,no_alert_not_final_benign,-1,dns,port
2025-07-19T23:02:52.015915+0700,103.195.142.83,87.98.154.146,53,36656,UDP,flow,failed,997556187249798,,1,1,0,1190,0,0.0,1,1190,0,none,0,none,0,0,0,no_alert_unknown,no_alert_not_final_benign,-1,dns,port
2025-07-19T23:02:52.016000+0700,103.195.142.75,8.8.8.8,45145,53,UDP,flow,dns,906623252118728,,1,1,0,250,0,0.0,1,250,0,none,0,none,0,0,0,no_alert_unknown,no_alert_not_final_benign,-1,dns,app_proto+port
2025-07-19T23:02:52.016036+0700,103.195.142.74,202.134.0.155,50286,53,UDP,flow,dns,1176677258968352,,1,1,0,178,0,0.0,1,178,0,none,0,none,0,0,0,no_alert_unknown,no_alert_not_final_benign,-1,dns,app_proto+port
2025-07-19T23:02:52.016164+0700,103.195.142.46,87.98.154.23,53,30011,UDP,flow,failed,626929097457078,,1,1,0,1437,0,0.0,1,1437,0,none,0,none,0,0,0,no_alert_unknown,no_alert_not_final_benign,-1,dns,port
2025-07-19T23:02:52.016261+0700,103.195.142.75,8.8.8.8,37990,53,UDP,flow,dns,620408223710791,,1,1,0,95,0,0.0,1,95,0,none,0,none,0,0,0,no_alert_unknown,no_alert_not_final_benign,-1,dns,app_proto+port
2025-07-19T23:02:52.016307+0700,103.195.142.83,87.98.154.119,53,24597,UDP,flow,failed,1169925743918954,,1,1,0,1190,0,0.0,1,1190,0,none,0,none,0,0,0,no_alert_unknown,no_alert_not_final_benign,-1,dns,port
2025-07-19T23:02:52.016328+0700,103.195.142.83,87.98.154.114,53,21699,UDP,flow,failed,891589547474838,,1,1,0,1190,0,0.0,1,1190,0,none,0,none,0,0,0,no_alert_unknown,no_alert_not_final_benign,-1,dns,port
2025-07-19T23:02:52.016348+0700,103.195.142.195,87.98.154.188,53,57587,UDP,flow,failed,304093989781419,,1,3,0,4311,0,9.0,3,4311,0,none,0,none,0,0,0,no_alert_unknown,no_alert_not_final_benign,-1,dns,port
2025-07-19T23:02:52.016367+0700,103.195.142.3,180.241.233.253,53,9250,UDP,flow,failed,897946464698431,,1,1,0,182,0,0.0,1,182,0,none,0,none,0,0,0,no_alert_unknown,no_alert_not_final_benign,-1,dns,port
2025-07-19T23:02:52.016386+0700,103.195.142.83,87.98.154.2,53,6744,UDP,flow,failed,205940546420867,,1,3,0,3570,0,10.0,3,3570,0,none,0,none,0,0,0,no_alert_unknown,no_alert_not_final_benign,-1,dns,port
2025-07-19T23:02:52.016405+0700,103.195.142.74,118.98.44.20,47339,53,UDP,flow,dns,668851105644737,,1,1,0,214,0,0.0,1,214,0,none,0,none,0,0,0,no_alert_unknown,no_alert_not_final_benign,-1,dns,app_proto+port
2025-07-19T23:02:52.016424+0700,103.195.142.83,87.98.154.174,53,60289,UDP,flow,failed,837939693240546,,1,3,0,3570,0,10.0,3,3570,0,none,0,none,0,0,0,no_alert_unknown,no_alert_not_final_benign,-1,dns,port
2025-07-19T23:02:52.016462+0700,103.195.142.165,87.98.154.119,53,10879,UDP,flow,failed,902620999467275,,1,1,0,1437,0,0.0,1,1437,0,none,0,none,0,0,0,no_alert_unknown,no_alert_not_final_benign,-1,dns,port
2025-07-19T23:02:52.016510+0700,103.195.142.195,87.98.154.208,53,8026,UDP,flow,failed,655386699448753,,1,1,0,1437,0,0.0,1,1437,0,none,0,none,0,0,0,no_alert_unknown,no_alert_not_final_benign,-1,dns,port
2025-07-19T23:02:52.016530+0700,103.195.142.196,87.98.154.119,53,60285,UDP,flow,failed,574975399510480,,1,1,0,1437,0,0.0,1,1437,0,none,0,none,0,0,0,no_alert_unknown,no_alert_not_final_benign,-1,dns,port
2025-07-19T23:02:52.016623+0700,103.195.142.46,87.98.154.31,53,34664,UDP,flow,failed,1097941597045544,,1,1,0,1437,0,0.0,1,1437,0,none,0,none,0,0,0,no_alert_unknown,no_alert_not_final_benign,-1,dns,port
2025-07-19T23:02:52.016679+0700,103.195.142.74,118.98.44.100,55313,53,UDP,flow,dns,763772555314301,,1,1,0,214,0,0.0,1,214,0,none,0,none,0,0,0,no_alert_unknown,no_alert_not_final_benign,-1,dns,app_proto+port
2025-07-19T23:02:52.016721+0700,103.195.142.196,87.98.154.117,53,12912,UDP,flow,failed,701223030179017,,1,1,0,1437,0,0.0,1,1437,0,none,0,none,0,0,0,no_alert_unknown,no_alert_not_final_benign,-1,dns,port
2025-07-19T23:02:52.016739+0700,103.195.142.46,87.98.154.119,53,51738,UDP,flow,failed,699604410385735,,1,1,0,1437,0,0.0,1,1437,0,none,0,none,0,0,0,no_alert_unknown,no_alert_not_final_benign,-1,dns,port
2025-07-19T23:02:52.016765+0700,103.195.142.165,87.98.154.119,53,14935,UDP,flow,failed,885126307202380,,1,1,0,1437,0,0.0,1,1437,0,none,0,none,0,0,0,no_alert_unknown,no_alert_not_final_benign,-1,dns,port
2025-07-19T23:02:52.016785+0700,103.195.142.74,118.98.44.100,62327,53,UDP,flow,dns,701709469238702,,1,1,0,80,0,0.0,1,80,0,none,0,none,0,0,0,no_alert_unknown,no_alert_not_final_benign,-1,dns,app_proto+port
2025-07-19T23:02:52.016806+0700,103.195.142.75,8.8.8.8,24225,53,UDP,flow,dns,1275823750202834,,1,1,0,232,0,0.0,1,232,0,none,0,none,0,0,0,no_alert_unknown,no_alert_not_final_benign,-1,dns,app_proto+port
2025-07-19T23:02:52.016946+0700,103.195.142.165,87.98.154.17,53,36719,UDP,flow,failed,1072385472284385,,1,1,0,1437,0,0.0,1,1437,0,none,0,none,0,0,0,no_alert_unknown,no_alert_not_final_benign,-1,dns,port
2025-07-19T23:02:52.016972+0700,103.195.142.3,180.241.233.246,53,13376,UDP,flow,failed,1093548710840063,,1,1,0,139,0,0.0,1,139,0,none,0,none,0,0,0,no_alert_unknown,no_alert_not_final_benign,-1,dns,port
2025-07-19T23:02:52.017014+0700,103.195.142.165,87.98.154.45,53,61155,UDP,flow,failed,617705938896665,,1,1,0,1437,0,0.0,1,1437,0,none,0,none,0,0,0,no_alert_unknown,no_alert_not_final_benign,-1,dns,port
2025-07-19T23:02:52.017033+0700,103.195.142.76,87.98.154.202,53,25031,UDP,flow,failed,762148609279980,,1,1,0,1469,0,0.0,1,1469,0,none,0,none,0,0,0,no_alert_unknown,no_alert_not_final_benign,-1,dns,port
2025-07-19T23:02:52.017075+0700,103.195.142.46,87.98.154.87,53,39434,UDP,flow,failed,844091419936929,,1,1,0,1437,0,0.0,1,1437,0,none,0,none,0,0,0,no_alert_unknown,no_alert_not_final_benign,-1,dns,port
2025-07-19T23:02:52.017094+0700,103.195.142.76,87.98.154.54,53,62604,UDP,flow,failed,818155770497279,,1,1,0,1469,0,0.0,1,1469,0,none,0,none,0,0,0,no_alert_unknown,no_alert_not_final_benign,-1,dns,port
2025-07-19T23:02:52.017157+0700,103.195.142.195,87.98.154.119,53,50672,UDP,flow,failed,1344173739231784,,1,1,0,1437,0,0.0,1,1437,0,none,0,none,0,0,0,no_alert_unknown,no_alert_not_final_benign,-1,dns,port
2025-07-19T23:02:52.017178+0700,103.195.142.195,87.98.154.119,53,18197,UDP,flow,failed,1073920597838446,,1,1,0,1437,0,0.0,1,1437,0,none,0,none,0,0,0,no_alert_unknown,no_alert_not_final_benign,-1,dns,port
2025-07-19T23:02:52.017206+0700,103.195.142.74,118.98.44.50,13877,53,UDP,flow,dns,1287481083710283,,1,1,0,211,0,0.0,1,211,0,none,0,none,0,0,0,no_alert_unknown,no_alert_not_final_benign,-1,dns,app_proto+port
2025-07-19T23:02:52.017262+0700,103.195.142.83,87.98.154.86,53,6203,UDP,flow,failed,833538063485775,,1,1,0,1190,0,0.0,1,1190,0,none,0,none,0,0,0,no_alert_unknown,no_alert_not_final_benign,-1,dns,port
2025-07-19T23:02:52.017301+0700,103.195.142.76,87.98.154.174,53,12241,UDP,flow,failed,984231333546838,,1,1,0,1469,0,0.0,1,1469,0,none,0,none,0,0,0,no_alert_unknown,no_alert_not_final_benign,-1,dns,port
2025-07-19T23:02:52.017386+0700,103.195.142.196,87.98.154.118,53,12422,UDP,flow,failed,619661462621095,,1,1,0,1437,0,0.0,1,1437,0,none,0,none,0,0,0,no_alert_unknown,no_alert_not_final_benign,-1,dns,port
2025-07-19T23:02:52.017406+0700,103.195.142.83,87.98.154.202,53,35069,UDP,flow,failed,576199008144320,,1,1,0,1190,0,0.0,1,1190,0,none,0,none,0,0,0,no_alert_unknown,no_alert_not_final_benign,-1,dns,port
2025-07-19T23:02:52.017424+0700,103.195.142.109,87.98.154.233,53,19230,UDP,flow,failed,2131433734360000,,1,2,0,2874,0,3.0,2,2874,0,none,0,none,0,0,0,no_alert_unknown,no_alert_not_final_benign,-1,dns,port
2025-07-19T23:02:52.017443+0700,103.195.142.74,118.98.44.100,4364,53,UDP,flow,dns,859743410605076,,1,1,0,81,0,0.0,1,81,0,none,0,none,0,0,0,no_alert_unknown,no_alert_not_final_benign,-1,dns,app_proto+port
2025-07-19T23:02:52.017463+0700,103.195.142.75,8.8.8.8,34041,53,UDP,flow,dns,663918385450130,,1,1,0,87,0,0.0,1,87,0,none,0,none,0,0,0,no_alert_unknown,no_alert_not_final_benign,-1,dns,app_proto+port
2025-07-19T23:02:52.017521+0700,103.195.142.165,87.98.154.119,53,1415,UDP,flow,failed,943129491099100,,1,1,0,1437,0,0.0,1,1437,0,none,0,none,0,0,0,no_alert_unknown,no_alert_not_final_benign,-1,dns,port
2025-07-19T23:02:52.017547+0700,103.195.142.83,87.98.154.119,53,34980,UDP,flow,failed,730966228356723,,1,1,0,1190,0,0.0,1,1190,0,none,0,none,0,0,0,no_alert_unknown,no_alert_not_final_benign,-1,dns,port
2025-07-19T23:02:52.017593+0700,103.195.142.74,118.98.44.50,41927,53,UDP,flow,dns,1196910053314352,,1,1,0,88,0,0.0,1,88,0,none,0,none,0,0,0,no_alert_unknown,no_alert_not_final_benign,-1,dns,app_proto+port
2025-07-19T23:02:52.017613+0700,103.195.142.74,202.134.0.155,22917,53,UDP,flow,dns,1329573220994975,,1,1,0,214,0,0.0,1,214,0,none,0,none,0,0,0,no_alert_unknown,no_alert_not_final_benign,-1,dns,app_proto+port
2025-07-19T23:02:52.017703+0700,103.195.142.2,134.209.44.5,53,62972,UDP,flow,failed,937136884371460,,1,1,0,152,0,0.0,1,152,0,none,0,none,0,0,0,no_alert_unknown,no_alert_not_final_benign,-1,dns,port
2025-07-19T23:02:52.017825+0700,103.195.142.74,118.98.44.100,20839,53,UDP,flow,dns,1049101091361193,,1,1,0,223,0,0.0,1,223,0,none,0,none,0,0,0,no_alert_unknown,no_alert_not_final_benign,-1,dns,app_proto+port
2025-07-19T23:02:52.017846+0700,103.195.142.74,118.98.44.50,1963,53,UDP,flow,dns,1334143582556941,,1,1,0,214,0,0.0,1,214,0,none,0,none,0,0,0,no_alert_unknown,no_alert_not_final_benign,-1,dns,app_proto+port
2025-07-19T23:02:52.017915+0700,103.195.142.83,87.98.154.30,53,11847,UDP,flow,failed,1395216019444653,,1,1,0,1190,0,0.0,1,1190,0,none,0,none,0,0,0,no_alert_unknown,no_alert_not_final_benign,-1,dns,port
2025-07-19T23:02:52.017952+0700,103.195.142.195,87.98.154.119,53,13057,UDP,flow,failed,1373363084743923,,1,1,0,1437,0,0.0,1,1437,0,none,0,none,0,0,0,no_alert_unknown,no_alert_not_final_benign,-1,dns,port
2025-07-19T23:02:52.017971+0700,103.195.142.46,87.98.154.117,53,16287,UDP,flow,failed,1057195109995782,,1,1,0,1437,0,0.0,1,1437,0,none,0,none,0,0,0,no_alert_unknown,no_alert_not_final_benign,-1,dns,port
2025-07-19T23:02:52.018017+0700,103.195.142.75,8.8.8.8,40338,53,UDP,flow,dns,983450522310130,,1,1,0,85,0,0.0,1,85,0,none,0,none,0,0,0,no_alert_unknown,no_alert_not_final_benign,-1,dns,app_proto+port
2025-07-19T23:02:52.018128+0700,103.195.142.76,87.98.154.6,53,11471,UDP,flow,failed,826431992977114,,1,3,0,4407,0,9.0,3,4407,0,none,0,none,0,0,0,no_alert_unknown,no_alert_not_final_benign,-1,dns,port
2025-07-19T23:02:52.018210+0700,103.195.142.2,180.241.233.120,53,7617,UDP,flow,failed,1047839823714166,,1,1,0,139,0,0.0,1,139,0,none,0,none,0,0,0,no_alert_unknown,no_alert_not_final_benign,-1,dns,port
2025-07-19T23:02:52.018229+0700,103.195.142.76,87.98.154.118,53,24594,UDP,flow,failed,952079016286083,,1,1,0,1469,0,0.0,1,1469,0,none,0,none,0,0,0,no_alert_unknown,no_alert_not_final_benign,-1,dns,port
2025-07-19T23:02:52.018277+0700,103.195.142.74,118.98.44.50,23223,53,UDP,flow,dns,1119259431753714,,1,1,0,88,0,0.0,1,88,0,none,0,none,0,0,0,no_alert_unknown,no_alert_not_final_benign,-1,dns,app_proto+port
2025-07-19T23:02:52.018298+0700,103.195.142.74,118.98.44.100,27586,53,UDP,flow,dns,1060110083971095,,1,1,0,66,0,0.0,1,66,0,none,0,none,0,0,0,no_alert_unknown,no_alert_not_final_benign,-1,dns,app_proto+port
2025-07-19T23:02:52.018318+0700,103.195.142.74,118.98.44.100,29941,53,UDP,flow,dns,1206182093805675,,1,1,0,74,0,0.0,1,74,0,none,0,none,0,0,0,no_alert_unknown,no_alert_not_final_benign,-1,dns,app_proto+port
2025-07-19T23:02:52.018361+0700,103.195.142.74,118.98.44.20,20669,53,UDP,flow,dns,1404612523219178,,1,1,0,85,0,0.0,1,85,0,none,0,none,0,0,0,no_alert_unknown,no_alert_not_final_benign,-1,dns,app_proto+port
2025-07-19T23:02:52.018419+0700,103.195.142.83,87.98.154.118,53,2898,UDP,flow,failed,1254645142739431,,1,1,0,1190,0,0.0,1,1190,0,none,0,none,0,0,0,no_alert_unknown,no_alert_not_final_benign,-1,dns,port
2025-07-19T23:02:52.018482+0700,103.195.142.196,87.98.154.69,53,33275,UDP,flow,failed,495327845047027,,1,3,0,4311,0,10.0,3,4311,0,none,0,none,0,0,0,no_alert_unknown,no_alert_not_final_benign,-1,dns,port
2025-07-19T23:02:52.018554+0700,103.195.142.74,118.98.44.50,48085,53,UDP,flow,dns,991345667431699,,1,1,0,84,0,0.0,1,84,0,none,0,none,0,0,0,no_alert_unknown,no_alert_not_final_benign,-1,dns,app_proto+port
2025-07-19T23:02:52.018583+0700,103.195.142.74,118.98.44.100,56477,53,UDP,flow,dns,1200375436107079,,1,1,0,241,0,0.0,1,241,0,none,0,none,0,0,0,no_alert_unknown,no_alert_not_final_benign,-1,dns,app_proto+port
2025-07-19T23:02:52.018616+0700,103.195.142.109,87.98.154.29,53,51484,UDP,flow,failed,859031925710229,,1,1,0,1437,0,0.0,1,1437,0,none,0,none,0,0,0,no_alert_unknown,no_alert_not_final_benign,-1,dns,port
2025-07-19T23:02:52.018512+0700,103.195.142.74,118.98.44.20,11996,53,UDP,dns,,1205409236073104,wire/pcap,0,0,0,0,0,0.0,0,0,0,none,0,none,0,0,0,no_alert_unknown,no_alert_not_final_benign,-1,dns,port
2025-07-19T23:02:52.018635+0700,103.195.142.2,66.249.66.242,53,59839,UDP,flow,failed,1034770166144686,,1,1,0,166,0,0.0,1,166,0,none,0,none,0,0,0,no_alert_unknown,no_alert_not_final_benign,-1,dns,port
2025-07-19T23:02:52.018672+0700,103.195.142.76,87.98.154.90,53,19106,UDP,flow,failed,1189252305018661,,1,1,0,1469,0,0.0,1,1469,0,none,0,none,0,0,0,no_alert_unknown,no_alert_not_final_benign,-1,dns,port
2025-07-19T23:02:52.018732+0700,103.195.142.196,87.98.154.119,53,3480,UDP,flow,failed,1097634221154194,,1,1,0,1437,0,0.0,1,1437,0,none,0,none,0,0,0,no_alert_unknown,no_alert_not_final_benign,-1,dns,port
2025-07-19T23:02:52.018775+0700,103.195.142.74,118.98.44.20,32824,53,UDP,flow,dns,994973868449725,,1,1,0,68,0,0.0,1,68,0,none,0,none,0,0,0,no_alert_unknown,no_alert_not_final_benign,-1,dns,app_proto+port
2025-07-19T23:02:52.018801+0700,103.195.142.76,87.98.154.178,53,53546,UDP,flow,failed,1149377833034094,,1,1,0,1469,0,0.0,1,1469,0,none,0,none,0,0,0,no_alert_unknown,no_alert_not_final_benign,-1,dns,port
2025-07-19T23:02:52.018909+0700,103.195.142.74,118.98.44.100,10232,53,UDP,flow,dns,1180140073279878,,1,1,0,214,0,0.0,1,214,0,none,0,none,0,0,0,no_alert_unknown,no_alert_not_final_benign,-1,dns,app_proto+port
2025-07-19T23:02:52.018956+0700,103.195.142.46,87.98.154.31,53,33924,UDP,flow,failed,1306200903279010,,1,1,0,1437,0,0.0,1,1437,0,none,0,none,0,0,0,no_alert_unknown,no_alert_not_final_benign,-1,dns,port
2025-07-19T23:02:52.018989+0700,103.195.142.109,87.98.154.165,53,11656,UDP,flow,failed,1236343572619820,,1,1,0,1437,0,0.0,1,1437,0,none,0,none,0,0,0,no_alert_unknown,no_alert_not_final_benign,-1,dns,port
2025-07-19T23:02:52.019028+0700,103.195.142.196,87.98.154.119,53,45990,UDP,flow,failed,854496043557564,,1,1,0,1437,0,0.0,1,1437,0,none,0,none,0,0,0,no_alert_unknown,no_alert_not_final_benign,-1,dns,port
2025-07-19T23:02:52.019066+0700,103.195.142.74,118.98.44.50,24294,53,UDP,flow,dns,866158267622301,,1,1,0,68,0,0.0,1,68,0,none,0,none,0,0,0,no_alert_unknown,no_alert_not_final_benign,-1,dns,app_proto+port
2025-07-19T23:02:52.019106+0700,103.195.142.75,8.8.8.8,25886,53,UDP,flow,dns,1335722638730152,,1,1,0,74,0,0.0,1,74,0,none,0,none,0,0,0,no_alert_unknown,no_alert_not_final_benign,-1,dns,app_proto+port
2025-07-19T23:02:52.019354+0700,103.195.142.83,87.98.154.30,53,18293,UDP,flow,failed,1045003412726906,,1,1,0,1190,0,0.0,1,1190,0,none,0,none,0,0,0,no_alert_unknown,no_alert_not_final_benign,-1,dns,port
2025-07-19T23:02:52.019402+0700,103.195.142.74,118.98.44.100,50388,53,UDP,flow,dns,1194559949988994,,1,1,0,86,0,0.0,1,86,0,none,0,none,0,0,0,no_alert_unknown,no_alert_not_final_benign,-1,dns,app_proto+port
2025-07-19T23:02:52.044735+0700,103.195.142.74,118.98.44.100,12070,53,UDP,dns,,1318036661142969,wire/pcap,0,0,0,0,0,0.0,0,0,0,none,0,none,0,0,0,no_alert_unknown,no_alert_not_final_benign,-1,dns,port
2025-07-19T23:02:52.056366+0700,103.195.142.74,118.98.44.50,47509,53,UDP,dns,,1367993495077910,wire/pcap,0,0,0,0,0,0.0,0,0,0,none,0,none,0,0,0,no_alert_unknown,no_alert_not_final_benign,-1,dns,port
2025-07-19T23:02:52.091791+0700,103.195.142.3,74.114.31.154,53,53918,UDP,flow,failed,1659694065642656,,1,1,0,159,0,0.0,1,159,0,none,0,none,0,0,0,no_alert_unknown,no_alert_not_final_benign,-1,dns,port
2025-07-19T23:02:52.099097+0700,103.195.142.75,45.79.197.241,11118,53,UDP,dns,,1270043581378867,wire/pcap,0,0,0,0,0,0.0,0,0,0,none,0,none,0,0,0,no_alert_unknown,no_alert_not_final_benign,-1,dns,port
2025-07-19T23:02:52.115341+0700,103.195.142.74,202.134.0.155,59160,53,UDP,dns,,1339812918726819,wire/pcap,0,0,0,0,0,0.0,0,0,0,none,0,none,0,0,0,no_alert_unknown,no_alert_not_final_benign,-1,dns,port
2025-07-19T23:02:52.115464+0700,103.195.142.74,118.98.44.100,29029,53,UDP,dns,,1340339899461927,wire/pcap,0,0,0,0,0,0.0,0,0,0,none,0,none,0,0,0,no_alert_unknown,no_alert_not_final_benign,-1,dns,port
2025-07-19T23:02:52.115607+0700,103.195.142.74,202.134.0.155,13969,53,UDP,dns,,1340955869306294,wire/pcap,0,0,0,0,0,0.0,0,0,0,none,0,none,0,0,0,no_alert_unknown,no_alert_not_final_benign,-1,dns,port
2025-07-19T23:02:52.119245+0700,103.195.142.74,118.98.44.100,40971,53,UDP,dns,,1356579819096923,wire/pcap,0,0,0,0,0,0.0,0,0,0,none,0,none,0,0,0,no_alert_unknown,no_alert_not_final_benign,-1,dns,port
2025-07-19T23:02:52.124419+0700,103.195.142.74,118.98.44.20,14641,53,UDP,dns,,1378804731930764,wire/pcap,0,0,0,0,0,0.0,0,0,0,none,0,none,0,0,0,no_alert_unknown,no_alert_not_final_benign,-1,dns,port
2025-07-19T23:02:52.124689+0700,103.195.142.75,8.8.8.8,10808,53,UDP,dns,,1379964182336827,wire/pcap,0,0,0,0,0,0.0,0,0,0,none,0,none,0,0,0,no_alert_unknown,no_alert_not_final_benign,-1,dns,port
2025-07-19T23:02:52.124743+0700,103.195.142.74,118.98.44.100,18285,53,UDP,dns,,1380193348415262,wire/pcap,0,0,0,0,0,0.0,0,0,0,none,0,none,0,0,0,no_alert_unknown,no_alert_not_final_benign,-1,dns,port
2025-07-19T23:02:52.124868+0700,103.195.142.75,8.8.8.8,2997,53,UDP,dns,,1380730993184745,wire/pcap,0,0,0,0,0,0.0,0,0,0,none,0,none,0,0,0,no_alert_unknown,no_alert_not_final_benign,-1,dns,port
2025-07-19T23:02:52.124974+0700,103.195.142.74,118.98.44.20,5176,53,UDP,dns,,1381186855491299,wire/pcap,0,0,0,0,0,0.0,0,0,0,none,0,none,0,0,0,no_alert_unknown,no_alert_not_final_benign,-1,dns,port
2025-07-19T23:02:52.125170+0700,103.195.142.75,8.8.8.8,40982,53,UDP,dns,,1382027386587587,wire/pcap,0,0,0,0,0,0.0,0,0,0,none,0,none,0,0,0,no_alert_unknown,no_alert_not_final_benign,-1,dns,port
2025-07-19T23:02:52.127509+0700,103.195.142.74,118.98.44.20,52176,53,UDP,dns,,1392074092649972,wire/pcap,0,0,0,0,0,0.0,0,0,0,none,0,none,0,0,0,no_alert_unknown,no_alert_not_final_benign,-1,dns,port
2025-07-19T23:02:52.144263+0700,103.195.142.74,118.98.44.20,46074,53,UDP,dns,,1182556284323256,wire/pcap,0,0,0,0,0,0.0,0,0,0,none,0,none,0,0,0,no_alert_unknown,no_alert_not_final_benign,-1,dns,port
2025-07-19T23:02:52.164721+0700,103.195.142.75,8.8.8.8,33826,53,UDP,dns,,1270421831096470,wire/pcap,0,0,0,0,0,0.0,0,0,0,none,0,none,0,0,0,no_alert_unknown,no_alert_not_final_benign,-1,dns,port
2025-07-19T23:02:52.171149+0700,103.195.142.75,8.8.8.8,10073,53,UDP,dns,,1298029714911727,wire/pcap,0,0,0,0,0,0.0,0,0,0,none,0,none,0,0,0,no_alert_unknown,no_alert_not_final_benign,-1,dns,port
2025-07-19T23:02:52.182692+0700,103.195.142.74,118.98.44.50,18432,53,UDP,dns,,1347607882076997,wire/pcap,0,0,0,0,0,0.0,0,0,0,none,0,none,0,0,0,no_alert_unknown,no_alert_not_final_benign,-1,dns,port
2025-07-19T23:02:52.193649+0700,103.195.142.74,118.98.44.100,22017,53,UDP,dns,,1394666936981180,wire/pcap,0,0,0,0,0,0.0,0,0,0,none,0,none,0,0,0,no_alert_unknown,no_alert_not_final_benign,-1,dns,port
2025-07-19T23:02:52.233582+0700,103.195.142.74,202.134.0.155,40255,53,UDP,dns,,1284702574245674,wire/pcap,0,0,0,0,0,0.0,0,0,0,none,0,none,0,0,0,no_alert_unknown,no_alert_not_final_benign,-1,dns,port
2025-07-19T23:02:52.235693+0700,103.195.142.3,174.138.21.43,53,49194,UDP,flow,failed,1622197302314624,,1,1,0,176,0,0.0,1,176,0,none,0,none,0,0,0,no_alert_unknown,no_alert_not_final_benign,-1,dns,port
2025-07-19T23:02:52.273988+0700,103.195.142.74,118.98.44.50,51529,53,UDP,dns,,1176772161409787,wire/pcap,0,0,0,0,0,0.0,0,0,0,none,0,none,0,0,0,no_alert_unknown,no_alert_not_final_benign,-1,dns,port
2025-07-19T23:02:52.294629+0700,103.195.142.75,8.8.8.8,5406,53,UDP,flow,dns,1514094481101814,,1,1,0,232,0,0.0,1,232,0,none,0,none,0,0,0,no_alert_unknown,no_alert_not_final_benign,-1,dns,app_proto+port
2025-07-19T23:02:52.305345+0700,103.195.142.74,118.98.44.50,16846,53,UDP,dns,,1374749380994669,wire/pcap,0,0,0,0,0,0.0,0,0,0,none,0,none,0,0,0,no_alert_unknown,no_alert_not_final_benign,-1,dns,port
2025-07-19T23:02:52.305441+0700,103.195.142.74,118.98.44.20,31097,53,UDP,dns,,1311861945011593,wire/pcap,0,0,0,0,0,0.0,0,0,0,none,0,none,0,0,0,no_alert_unknown,no_alert_not_final_benign,-1,dns,port
2025-07-19T23:02:52.305763+0700,103.195.142.74,202.134.0.155,29145,53,UDP,dns,,1313244152543907,wire/pcap,0,0,0,0,0,0.0,0,0,0,none,0,none,0,0,0,no_alert_unknown,no_alert_not_final_benign,-1,dns,port
2025-07-19T23:02:52.318283+0700,103.195.142.74,118.98.44.100,61828,53,UDP,dns,,1367017565920845,wire/pcap,0,0,0,0,0,0.0,0,0,0,none,0,none,0,0,0,no_alert_unknown,no_alert_not_final_benign,-1,dns,port
2025-07-19T23:02:52.320059+0700,103.195.142.74,202.134.0.155,58094,53,UDP,dns,,1374645606514594,wire/pcap,0,0,0,0,0,0.0,0,0,0,none,0,none,0,0,0,no_alert_unknown,no_alert_not_final_benign,-1,dns,port
2025-07-19T23:02:52.322109+0700,103.195.142.75,8.8.8.8,61601,53,UDP,dns,,1383448998931146,wire/pcap,0,0,0,0,0,0.0,0,0,0,none,0,none,0,0,0,no_alert_unknown,no_alert_not_final_benign,-1,dns,port
2025-07-19T23:02:52.322387+0700,103.195.142.74,202.134.0.155,39943,53,UDP,dns,,1384642987410515,wire/pcap,0,0,0,0,0,0.0,0,0,0,none,0,none,0,0,0,no_alert_unknown,no_alert_not_final_benign,-1,dns,port
2025-07-19T23:02:52.322720+0700,103.195.142.74,118.98.44.100,50061,53,UDP,dns,,1386074304195892,wire/pcap,0,0,0,0,0,0.0,0,0,0,none,0,none,0,0,0,no_alert_unknown,no_alert_not_final_benign,-1,dns,port
2025-07-19T23:02:52.323227+0700,103.195.142.74,118.98.44.20,17094,53,UDP,dns,,1388253237277397,wire/pcap,0,0,0,0,0,0.0,0,0,0,none,0,none,0,0,0,no_alert_unknown,no_alert_not_final_benign,-1,dns,port
2025-07-19T23:02:52.323502+0700,103.195.142.74,202.134.0.155,42357,53,UDP,dns,,1389432890487037,wire/pcap,0,0,0,0,0,0.0,0,0,0,none,0,none,0,0,0,no_alert_unknown,no_alert_not_final_benign,-1,dns,port
2025-07-19T23:02:52.323893+0700,103.195.142.74,118.98.44.100,19879,53,UDP,dns,,1391110224331949,wire/pcap,0,0,0,0,0,0.0,0,0,0,none,0,none,0,0,0,no_alert_unknown,no_alert_not_final_benign,-1,dns,port
2025-07-19T23:02:52.324322+0700,103.195.142.74,118.98.44.20,29237,53,UDP,dns,,1392956341197579,wire/pcap,0,0,0,0,0,0.0,0,0,0,none,0,none,0,0,0,no_alert_unknown,no_alert_not_final_benign,-1,dns,port
2025-07-19T23:02:52.324639+0700,103.195.142.74,202.134.0.155,4445,53,UDP,dns,,1394317949093757,wire/pcap,0,0,0,0,0,0.0,0,0,0,none,0,none,0,0,0,no_alert_unknown,no_alert_not_final_benign,-1,dns,port
2025-07-19T23:02:52.336013+0700,103.195.142.74,202.134.0.155,30403,53,UDP,dns,,1161693356481738,wire/pcap,0,0,0,0,0,0.0,0,0,0,none,0,none,0,0,0,no_alert_unknown,no_alert_not_final_benign,-1,dns,port
2025-07-19T23:02:52.336410+0700,103.195.142.75,8.8.8.8,40122,53,UDP,dns,,1163398867297525,wire/pcap,0,0,0,0,0,0.0,0,0,0,none,0,none,0,0,0,no_alert_unknown,no_alert_not_final_benign,-1,dns,port
2025-07-19T23:02:52.336799+0700,103.195.142.74,202.134.0.155,43785,53,UDP,dns,,1165066994199445,wire/pcap,0,0,0,0,0,0.0,0,0,0,none,0,none,0,0,0,no_alert_unknown,no_alert_not_final_benign,-1,dns,port
2025-07-19T23:02:52.347362+0700,103.195.142.74,118.98.44.20,3906,53,UDP,dns,,1210437590314183,wire/pcap,0,0,0,0,0,0.0,0,0,0,none,0,none,0,0,0,no_alert_unknown,no_alert_not_final_benign,-1,dns,port
2025-07-19T23:02:52.377753+0700,103.195.142.74,202.134.0.155,52544,53,UDP,dns,,1340963636020262,wire/pcap,0,0,0,0,0,0.0,0,0,0,none,0,none,0,0,0,no_alert_unknown,no_alert_not_final_benign,-1,dns,port
2025-07-19T23:02:52.399123+0700,103.195.142.74,118.98.44.20,15938,53,UDP,dns,,1151274068635678,wire/pcap,0,0,0,0,0,0.0,0,0,0,none,0,none,0,0,0,no_alert_unknown,no_alert_not_final_benign,-1,dns,port
2025-07-19T23:02:52.399280+0700,103.195.142.74,118.98.44.50,15683,53,UDP,dns,,1151948092321835,wire/pcap,0,0,0,0,0,0.0,0,0,0,none,0,none,0,0,0,no_alert_unknown,no_alert_not_final_benign,-1,dns,port
2025-07-19T23:02:52.399311+0700,103.195.142.74,118.98.44.100,60125,53,UDP,dns,,1152079528898285,wire/pcap,0,0,0,0,0,0.0,0,0,0,none,0,none,0,0,0,no_alert_unknown,no_alert_not_final_benign,-1,dns,port
2025-07-19T23:02:52.400469+0700,103.195.142.74,118.98.44.20,42075,53,UDP,dns,,1157051319208021,wire/pcap,0,0,0,0,0,0.0,0,0,0,none,0,none,0,0,0,no_alert_unknown,no_alert_not_final_benign,-1,dns,port
2025-07-19T23:02:52.424649+0700,103.195.142.74,118.98.44.50,34857,53,UDP,dns,,1260904705745990,wire/pcap,0,0,0,0,0,0.0,0,0,0,none,0,none,0,0,0,no_alert_unknown,no_alert_not_final_benign,-1,dns,port
2025-07-19T23:02:52.424696+0700,103.195.142.74,118.98.44.50,49620,53,UDP,dns,,1261106705955869,wire/pcap,0,0,0,0,0,0.0,0,0,0,none,0,none,0,0,0,no_alert_unknown,no_alert_not_final_benign,-1,dns,port
2025-07-19T23:02:52.426610+0700,103.195.142.74,118.98.44.20,33110,53,UDP,dns,,1269329888067744,wire/pcap,0,0,0,0,0,0.0,0,0,0,none,0,none,0,0,0,no_alert_unknown,no_alert_not_final_benign,-1,dns,port
2025-07-19T23:02:52.443585+0700,103.195.142.74,50.28.104.44,46130,53,UDP,dns,,1342234450830020,wire/pcap,0,0,0,0,0,0.0,0,0,0,none,0,none,0,0,0,no_alert_unknown,no_alert_not_final_benign,-1,dns,port
2025-07-19T23:02:52.456624+0700,103.195.142.75,8.8.8.8,47860,53,UDP,dns,,1398239223103198,wire/pcap,0,0,0,0,0,0.0,0,0,0,none,0,none,0,0,0,no_alert_unknown,no_alert_not_final_benign,-1,dns,port
2025-07-19T23:02:52.494632+0700,103.195.142.74,118.98.44.20,42364,53,UDP,dns,,1280006615553565,wire/pcap,0,0,0,0,0,0.0,0,0,0,none,0,none,0,0,0,no_alert_unknown,no_alert_not_final_benign,-1,dns,port
2025-07-19T23:02:52.508467+0700,103.195.142.74,118.98.44.50,52337,53,UDP,dns,,1339426648123103,wire/pcap,0,0,0,0,0,0.0,0,0,0,none,0,none,0,0,0,no_alert_unknown,no_alert_not_final_benign,-1,dns,port
2025-07-19T23:02:52.530627+0700,103.195.142.75,45.79.197.241,19491,53,UDP,dns,,1153126570340530,wire/pcap,0,0,0,0,0,0.0,0,0,0,none,0,none,0,0,0,no_alert_unknown,no_alert_not_final_benign,-1,dns,port
2025-07-19T23:02:52.540243+0700,103.195.142.74,118.98.44.50,7026,53,UDP,dns,,1194430283860284,wire/pcap,0,0,0,0,0,0.0,0,0,0,none,0,none,0,0,0,no_alert_unknown,no_alert_not_final_benign,-1,dns,port
2025-07-19T23:02:52.555170+0700,103.195.142.74,50.28.104.44,55774,53,UDP,dns,,1258539011315041,wire/pcap,0,0,0,0,0,0.0,0,0,0,none,0,none,0,0,0,no_alert_unknown,no_alert_not_final_benign,-1,dns,port
2025-07-19T23:02:52.563599+0700,103.195.142.74,118.98.44.50,2911,53,UDP,dns,,1294742707039411,wire/pcap,0,0,0,0,0,0.0,0,0,0,none,0,none,0,0,0,no_alert_unknown,no_alert_not_final_benign,-1,dns,port
2025-07-19T23:02:52.563740+0700,103.195.142.74,118.98.44.100,50587,53,UDP,dns,,1295346352718102,wire/pcap,0,0,0,0,0,0.0,0,0,0,none,0,none,0,0,0,no_alert_unknown,no_alert_not_final_benign,-1,dns,port
2025-07-19T23:02:52.563967+0700,103.195.142.74,118.98.44.100,11387,53,UDP,dns,,1296319921436247,wire/pcap,0,0,0,0,0,0.0,0,0,0,none,0,none,0,0,0,no_alert_unknown,no_alert_not_final_benign,-1,dns,port
2025-07-19T23:02:52.564261+0700,103.195.142.74,118.98.44.50,17955,53,UDP,dns,,1297586728601647,wire/pcap,0,0,0,0,0,0.0,0,0,0,none,0,none,0,0,0,no_alert_unknown,no_alert_not_final_benign,-1,dns,port
2025-07-19T23:02:52.592126+0700,103.195.142.74,118.98.44.100,13675,53,UDP,dns,,1135789860300157,wire/pcap,0,0,0,0,0,0.0,0,0,0,none,0,none,0,0,0,no_alert_unknown,no_alert_not_final_benign,-1,dns,port
2025-07-19T23:02:52.628464+0700,103.195.142.74,202.134.0.155,27104,53,UDP,dns,,1291861470198626,wire/pcap,0,0,0,0,0,0.0,0,0,0,none,0,none,0,0,0,no_alert_unknown,no_alert_not_final_benign,-1,dns,port
2025-07-19T23:02:52.638694+0700,103.195.142.74,118.98.44.100,19673,53,UDP,dns,,1335795808356885,wire/pcap,0,0,0,0,0,0.0,0,0,0,none,0,none,0,0,0,no_alert_unknown,no_alert_not_final_benign,-1,dns,port
2025-07-19T23:02:52.648135+0700,103.195.142.74,202.134.0.155,61591,53,UDP,dns,,1376344977761997,wire/pcap,0,0,0,0,0,0.0,0,0,0,none,0,none,0,0,0,no_alert_unknown,no_alert_not_final_benign,-1,dns,port
2025-07-19T23:02:52.662602+0700,103.195.142.74,118.98.44.100,9278,53,UDP,flow,dns,1629708391833520,,1,1,0,223,0,0.0,1,223,0,none,0,none,0,0,0,no_alert_unknown,no_alert_not_final_benign,-1,dns,app_proto+port
2025-07-19T23:02:52.690597+0700,103.195.142.74,50.28.104.44,64248,53,UDP,dns,,1277245896351067,wire/pcap,0,0,0,0,0,0.0,0,0,0,none,0,none,0,0,0,no_alert_unknown,no_alert_not_final_benign,-1,dns,port
2025-07-19T23:02:52.705209+0700,103.195.142.74,118.98.44.20,28612,53,UDP,dns,,1340000734047580,wire/pcap,0,0,0,0,0,0.0,0,0,0,none,0,none,0,0,0,no_alert_unknown,no_alert_not_final_benign,-1,dns,port
2025-07-19T23:02:52.710478+0700,103.195.142.74,118.98.44.100,3143,53,UDP,dns,,1362633382558940,wire/pcap,0,0,0,0,0,0.0,0,0,0,none,0,none,0,0,0,no_alert_unknown,no_alert_not_final_benign,-1,dns,port
2025-07-19T23:02:52.710818+0700,103.195.142.74,118.98.44.50,35900,53,UDP,dns,,1364093982889742,wire/pcap,0,0,0,0,0,0.0,0,0,0,none,0,none,0,0,0,no_alert_unknown,no_alert_not_final_benign,-1,dns,port
2025-07-19T23:02:52.711033+0700,103.195.142.74,50.28.104.44,65076,53,UDP,dns,,1365013881051884,wire/pcap,0,0,0,0,0,0.0,0,0,0,none,0,none,0,0,0,no_alert_unknown,no_alert_not_final_benign,-1,dns,port
2025-07-19T23:02:52.716107+0700,103.195.142.74,118.98.44.50,52188,53,UDP,dns,,1386808804092636,wire/pcap,0,0,0,0,0,0.0,0,0,0,none,0,none,0,0,0,no_alert_unknown,no_alert_not_final_benign,-1,dns,port
2025-07-19T23:02:52.718134+0700,103.195.142.75,8.8.8.8,37651,53,UDP,dns,,1395513150459692,wire/pcap,0,0,0,0,0,0.0,0,0,0,none,0,none,0,0,0,no_alert_unknown,no_alert_not_final_benign,-1,dns,port
2025-07-19T23:02:52.743779+0700,103.195.142.74,118.98.44.100,4081,53,UDP,dns,,1224182098028150,wire/pcap,0,0,0,0,0,0.0,0,0,0,none,0,none,0,0,0,no_alert_unknown,no_alert_not_final_benign,-1,dns,port
2025-07-19T23:02:52.744117+0700,103.195.142.74,118.98.44.100,10258,53,UDP,dns,,1225634788501490,wire/pcap,0,0,0,0,0,0.0,0,0,0,none,0,none,0,0,0,no_alert_unknown,no_alert_not_final_benign,-1,dns,port
2025-07-19T23:02:52.754993+0700,103.195.142.74,202.134.0.155,44217,53,UDP,dns,,1272348353422642,wire/pcap,0,0,0,0,0,0.0,0,0,0,none,0,none,0,0,0,no_alert_unknown,no_alert_not_final_benign,-1,dns,port
2025-07-19T23:02:52.782304+0700,103.195.142.74,202.134.0.155,60550,53,UDP,dns,,1389646050633742,wire/pcap,0,0,0,0,0,0.0,0,0,0,none,0,none,0,0,0,no_alert_unknown,no_alert_not_final_benign,-1,dns,port
2025-07-19T23:02:52.787821+0700,103.195.142.74,118.98.44.50,46039,53,UDP,dns,,1131869291867770,wire/pcap,0,0,0,0,0,0.0,0,0,0,none,0,none,0,0,0,no_alert_unknown,no_alert_not_final_benign,-1,dns,port
2025-07-19T23:02:52.798292+0700,103.195.142.75,45.79.197.241,62030,53,UDP,dns,,1176840414007544,wire/pcap,0,0,0,0,0,0.0,0,0,0,none,0,none,0,0,0,no_alert_unknown,no_alert_not_final_benign,-1,dns,port
2025-07-19T23:02:52.804294+0700,103.195.142.74,118.98.44.100,27684,53,UDP,dns,,1202619479338814,wire/pcap,0,0,0,0,0,0.0,0,0,0,none,0,none,0,0,0,no_alert_unknown,no_alert_not_final_benign,-1,dns,port
2025-07-19T23:02:52.816823+0700,103.195.142.74,202.134.0.155,18662,53,UDP,dns,,1256432029721165,wire/pcap,0,0,0,0,0,0.0,0,0,0,none,0,none,0,0,0,no_alert_unknown,no_alert_not_final_benign,-1,dns,port
2025-07-19T23:02:52.820554+0700,103.195.142.74,202.134.0.155,14420,53,UDP,dns,,1272453364159279,wire/pcap,0,0,0,0,0,0.0,0,0,0,none,0,none,0,0,0,no_alert_unknown,no_alert_not_final_benign,-1,dns,port
2025-07-19T23:02:52.843264+0700,103.195.142.75,8.8.8.8,55683,53,UDP,dns,,1369992984716904,wire/pcap,0,0,0,0,0,0.0,0,0,0,none,0,none,0,0,0,no_alert_unknown,no_alert_not_final_benign,-1,dns,port
2025-07-19T23:02:52.856456+0700,103.195.142.74,118.98.44.50,63768,53,UDP,dns,,1145178603738867,wire/pcap,0,0,0,0,0,0.0,0,0,0,none,0,none,0,0,0,no_alert_unknown,no_alert_not_final_benign,-1,dns,port
2025-07-19T23:02:52.858506+0700,103.195.142.74,118.98.44.20,54581,53,UDP,flow,dns,1203960546643559,,1,1,0,223,0,0.0,1,223,0,none,0,none,0,0,0,no_alert_unknown,no_alert_not_final_benign,-1,dns,app_proto+port
2025-07-19T23:02:52.882304+0700,103.195.142.74,118.98.44.100,39819,53,UDP,dns,,1256194688079333,wire/pcap,0,0,0,0,0,0.0,0,0,0,none,0,none,0,0,0,no_alert_unknown,no_alert_not_final_benign,-1,dns,port
2025-07-19T23:02:52.901520+0700,103.195.142.74,202.134.0.155,35785,53,UDP,dns,,1338726374812398,wire/pcap,0,0,0,0,0,0.0,0,0,0,none,0,none,0,0,0,no_alert_unknown,no_alert_not_final_benign,-1,dns,port
2025-07-19T23:02:52.917431+0700,103.195.142.108,8.8.8.8,1900,53,UDP,dns,,1216074754602613,wire/pcap,0,0,0,0,0,0.0,0,0,0,none,0,none,0,0,0,no_alert_unknown,no_alert_not_final_benign,-1,dns,port
2025-07-19T23:02:52.929625+0700,103.195.142.74,50.116.34.34,15550,53,UDP,dns,,1177960510717338,wire/pcap,0,0,0,0,0,0.0,0,0,0,none,0,none,0,0,0,no_alert_unknown,no_alert_not_final_benign,-1,dns,port
2025-07-19T23:02:52.946303+0700,103.195.142.196,87.98.154.97,53,43687,UDP,flow,failed,1680596978693068,,1,1,0,1437,0,0.0,1,1437,0,none,0,none,0,0,0,no_alert_unknown,no_alert_not_final_benign,-1,dns,port
2025-07-19T23:02:52.951021+0700,103.195.142.74,118.98.44.20,12487,53,UDP,dns,,1269854434557911,wire/pcap,0,0,0,0,0,0.0,0,0,0,none,0,none,0,0,0,no_alert_unknown,no_alert_not_final_benign,-1,dns,port
2025-07-19T23:02:52.951139+0700,103.195.142.74,118.98.44.20,25730,53,UDP,dns,,1270365216944542,wire/pcap,0,0,0,0,0,0.0,0,0,0,none,0,none,0,0,0,no_alert_unknown,no_alert_not_final_benign,-1,dns,port
2025-07-19T23:02:52.964759+0700,103.195.142.74,118.98.44.100,24268,53,UDP,dns,,1328860148968731,wire/pcap,0,0,0,0,0,0.0,0,0,0,none,0,none,0,0,0,no_alert_unknown,no_alert_not_final_benign,-1,dns,port
2025-07-19T23:02:52.966622+0700,103.195.142.74,118.98.44.50,45196,53,UDP,dns,,1336861731130809,wire/pcap,0,0,0,0,0,0.0,0,0,0,none,0,none,0,0,0,no_alert_unknown,no_alert_not_final_benign,-1,dns,port
2025-07-19T23:02:52.969150+0700,103.195.142.74,118.98.44.20,45167,53,UDP,dns,,1347721441661439,wire/pcap,0,0,0,0,0,0.0,0,0,0,none,0,none,0,0,0,no_alert_unknown,no_alert_not_final_benign,-1,dns,port
2025-07-19T23:02:52.973996+0700,103.195.142.74,118.98.44.50,3507,53,UDP,dns,,1368533892526480,wire/pcap,0,0,0,0,0,0.0,0,0,0,none,0,none,0,0,0,no_alert_unknown,no_alert_not_final_benign,-1,dns,port
2025-07-19T23:02:52.994588+0700,103.195.142.74,118.98.44.50,56613,53,UDP,flow,dns,1201030493070511,,1,1,0,214,0,0.0,1,214,0,none,0,none,0,0,0,no_alert_unknown,no_alert_not_final_benign,-1,dns,app_proto+port
2025-07-19T23:02:52.994658+0700,103.195.142.46,87.98.154.118,53,20216,UDP,flow,failed,1488918728762585,,1,1,0,1437,0,0.0,1,1437,0,none,0,none,0,0,0,no_alert_unknown,no_alert_not_final_benign,-1,dns,port
2025-07-19T23:02:52.994721+0700,103.195.142.74,118.98.44.100,58083,53,UDP,flow,dns,1538489322726703,,1,1,0,196,0,0.0,1,196,0,none,0,none,0,0,0,no_alert_unknown,no_alert_not_final_benign,-1,dns,app_proto+port
2025-07-19T23:02:52.994742+0700,103.195.142.195,87.98.154.16,53,4713,UDP,flow,failed,908507025663426,,1,1,0,1437,0,0.0,1,1437,0,none,0,none,0,0,0,no_alert_unknown,no_alert_not_final_benign,-1,dns,port
2025-07-19T23:02:52.994782+0700,103.195.142.46,87.98.154.119,53,60940,UDP,flow,failed,1546156120106562,,1,1,0,1437,0,0.0,1,1437,0,none,0,none,0,0,0,no_alert_unknown,no_alert_not_final_benign,-1,dns,port
2025-07-19T23:02:52.994846+0700,103.195.142.74,118.98.44.50,29911,53,UDP,flow,dns,1565057601857505,,1,1,0,77,0,0.0,1,77,0,none,0,none,0,0,0,no_alert_unknown,no_alert_not_final_benign,-1,dns,app_proto+port
2025-07-19T23:02:52.994899+0700,103.195.142.74,118.98.44.50,14297,53,UDP,flow,dns,1065172217456619,,1,1,0,68,0,0.0,1,68,0,none,0,none,0,0,0,no_alert_unknown,no_alert_not_final_benign,-1,dns,app_proto+port
2025-07-19T23:02:52.995047+0700,103.195.142.46,87.98.154.115,53,51868,UDP,flow,failed,975343873779788,,1,1,0,1437,0,0.0,1,1437,0,none,0,none,0,0,0,no_alert_unknown,no_alert_not_final_benign,-1,dns,port
2025-07-19T23:02:52.995091+0700,103.195.142.83,87.98.154.119,53,20966,UDP,flow,failed,1202989815982162,,1,1,0,1190,0,0.0,1,1190,0,none,0,none,0,0,0,no_alert_unknown,no_alert_not_final_benign,-1,dns,port
2025-07-19T23:02:52.995159+0700,103.195.142.46,87.98.154.119,53,47723,UDP,flow,failed,865911746554038,,1,1,0,1437,0,0.0,1,1437,0,none,0,none,0,0,0,no_alert_unknown,no_alert_not_final_benign,-1,dns,port
2025-07-19T23:02:52.995215+0700,103.195.142.74,118.98.44.100,36718,53,UDP,flow,dns,941445255489816,,1,1,0,211,0,0.0,1,211,0,none,0,none,0,0,0,no_alert_unknown,no_alert_not_final_benign,-1,dns,app_proto+port
2025-07-19T23:02:52.995332+0700,103.195.142.165,87.98.154.119,53,28066,UDP,flow,failed,1666123786512704,,1,1,0,1437,0,0.0,1,1437,0,none,0,none,0,0,0,no_alert_unknown,no_alert_not_final_benign,-1,dns,port
2025-07-19T23:02:52.995370+0700,103.195.142.196,87.98.154.119,53,21828,UDP,flow,failed,924937887246664,,1,1,0,1437,0,0.0,1,1437,0,none,0,none,0,0,0,no_alert_unknown,no_alert_not_final_benign,-1,dns,port
2025-07-19T23:02:52.995402+0700,103.195.142.195,87.98.154.119,53,62702,UDP,flow,failed,1142553709341108,,1,1,0,1437,0,0.0,1,1437,0,none,0,none,0,0,0,no_alert_unknown,no_alert_not_final_benign,-1,dns,port
2025-07-19T23:02:52.995430+0700,103.195.142.83,87.98.154.174,53,16391,UDP,flow,failed,885955468880432,,1,1,0,1190,0,0.0,1,1190,0,none,0,none,0,0,0,no_alert_unknown,no_alert_not_final_benign,-1,dns,port
2025-07-19T23:02:52.995450+0700,103.195.142.109,87.98.154.119,53,4576,UDP,flow,failed,1421380515359335,,1,1,0,1437,0,0.0,1,1437,0,none,0,none,0,0,0,no_alert_unknown,no_alert_not_final_benign,-1,dns,port
2025-07-19T23:02:52.995603+0700,103.195.142.195,87.98.154.119,53,8801,UDP,flow,failed,1030449676446681,,1,1,0,1437,0,0.0,1,1437,0,none,0,none,0,0,0,no_alert_unknown,no_alert_not_final_benign,-1,dns,port
2025-07-19T23:02:52.995663+0700,103.195.142.76,87.98.154.119,53,57283,UDP,flow,failed,961380832472155,,1,1,0,1469,0,0.0,1,1469,0,none,0,none,0,0,0,no_alert_unknown,no_alert_not_final_benign,-1,dns,port
2025-07-19T23:02:52.995795+0700,103.195.142.3,45.55.247.233,53,19525,UDP,flow,failed,955314488438193,,1,1,0,174,0,0.0,1,174,0,none,0,none,0,0,0,no_alert_unknown,no_alert_not_final_benign,-1,dns,port
2025-07-19T23:02:52.995832+0700,103.195.142.74,202.134.0.155,39857,53,UDP,flow,dns,1435227824877052,,1,1,0,214,0,0.0,1,214,0,none,0,none,0,0,0,no_alert_unknown,no_alert_not_final_benign,-1,dns,app_proto+port
2025-07-19T23:02:52.995921+0700,103.195.142.74,118.98.44.50,12435,53,UDP,flow,dns,1307666832453605,,1,1,0,223,0,0.0,1,223,0,none,0,none,0,0,0,no_alert_unknown,no_alert_not_final_benign,-1,dns,app_proto+port
2025-07-19T23:02:52.995941+0700,103.195.142.74,34.8.196.142,18354,53,UDP,flow,dns,982296294486057,,1,1,0,252,0,0.0,1,252,0,none,0,none,0,0,0,no_alert_unknown,no_alert_not_final_benign,-1,dns,app_proto+port
2025-07-19T23:02:52.995961+0700,103.195.142.74,202.134.0.155,65138,53,UDP,flow,dns,1378181059801140,,1,1,0,211,0,0.0,1,211,0,none,0,none,0,0,0,no_alert_unknown,no_alert_not_final_benign,-1,dns,app_proto+port
2025-07-19T23:02:52.996030+0700,103.195.142.74,202.134.0.155,12825,53,UDP,flow,dns,1479529525833867,,1,1,0,178,0,0.0,1,178,0,none,0,none,0,0,0,no_alert_unknown,no_alert_not_final_benign,-1,dns,app_proto+port
2025-07-19T23:02:52.996050+0700,103.195.142.83,87.98.154.222,53,2008,UDP,flow,failed,1041961633018088,,1,1,0,1190,0,0.0,1,1190,0,none,0,none,0,0,0,no_alert_unknown,no_alert_not_final_benign,-1,dns,port
2025-07-19T23:02:52.996069+0700,103.195.142.196,87.98.154.61,53,12096,UDP,flow,failed,1319115554386213,,1,1,0,1437,0,0.0,1,1437,0,none,0,none,0,0,0,no_alert_unknown,no_alert_not_final_benign,-1,dns,port
2025-07-19T23:02:52.996278+0700,103.195.142.46,87.98.154.59,53,38842,UDP,flow,failed,884112829280757,,1,1,0,1437,0,0.0,1,1437,0,none,0,none,0,0,0,no_alert_unknown,no_alert_not_final_benign,-1,dns,port
2025-07-19T23:02:52.996301+0700,103.195.142.74,118.98.44.50,31542,53,UDP,flow,dns,958170612003365,,1,1,0,196,0,0.0,1,196,0,none,0,none,0,0,0,no_alert_unknown,no_alert_not_final_benign,-1,dns,app_proto+port
2025-07-19T23:02:52.996381+0700,103.195.142.76,87.98.154.119,53,37894,UDP,flow,failed,1593497545306662,,1,1,0,1469,0,0.0,1,1469,0,none,0,none,0,0,0,no_alert_unknown,no_alert_not_final_benign,-1,dns,port
2025-07-19T23:02:52.996414+0700,103.195.142.109,87.98.154.119,53,26669,UDP,flow,failed,1261914655126168,,1,1,0,1437,0,0.0,1,1437,0,none,0,none,0,0,0,no_alert_unknown,no_alert_not_final_benign,-1,dns,port
2025-07-19T23:02:52.996438+0700,103.195.142.109,87.98.154.133,53,36861,UDP,flow,failed,1605281321349821,,1,1,0,1437,0,0.0,1,1437,0,none,0,none,0,0,0,no_alert_unknown,no_alert_not_final_benign,-1,dns,port
2025-07-19T23:02:52.996460+0700,103.195.142.75,8.8.8.8,39019,53,UDP,flow,dns,1146336916304643,,1,1,0,241,0,0.0,1,241,0,none,0,none,0,0,0,no_alert_unknown,no_alert_not_final_benign,-1,dns,app_proto+port
2025-07-19T23:02:52.996488+0700,103.195.142.74,202.134.0.155,54921,53,UDP,flow,dns,1471706718368600,,1,1,0,178,0,0.0,1,178,0,none,0,none,0,0,0,no_alert_unknown,no_alert_not_final_benign,-1,dns,app_proto+port
2025-07-19T23:02:52.996531+0700,103.195.142.46,87.98.154.117,53,6926,UDP,flow,failed,1337650327024680,,1,1,0,1437,0,0.0,1,1437,0,none,0,none,0,0,0,no_alert_unknown,no_alert_not_final_benign,-1,dns,port
2025-07-19T23:02:52.996551+0700,103.195.142.74,118.98.44.20,39326,53,UDP,flow,dns,1277787985769523,,1,1,0,214,0,0.0,1,214,0,none,0,none,0,0,0,no_alert_unknown,no_alert_not_final_benign,-1,dns,app_proto+port
2025-07-19T23:02:52.996598+0700,103.195.142.83,87.98.154.86,53,56308,UDP,flow,failed,1388071273329785,,1,1,0,1190,0,0.0,1,1190,0,none,0,none,0,0,0,no_alert_unknown,no_alert_not_final_benign,-1,dns,port
2025-07-19T23:02:52.996637+0700,103.195.142.75,8.8.8.8,19900,53,UDP,flow,dns,1095502902162666,,1,1,0,211,0,0.0,1,211,0,none,0,none,0,0,0,no_alert_unknown,no_alert_not_final_benign,-1,dns,app_proto+port
2025-07-19T23:02:52.996670+0700,103.195.142.109,87.98.154.29,53,48107,UDP,flow,failed,1557650862077213,,1,1,0,1437,0,0.0,1,1437,0,none,0,none,0,0,0,no_alert_unknown,no_alert_not_final_benign,-1,dns,port
2025-07-19T23:02:52.996693+0700,103.185.193.21,1.1.1.1,38564,53,UDP,flow,dns,1655773226562930,,1,2,0,316,0,0.0,2,316,0,none,0,none,0,0,0,no_alert_unknown,no_alert_not_final_benign,-1,dns,app_proto+port
2025-07-19T23:02:52.996769+0700,103.195.142.74,118.98.44.100,52491,53,UDP,flow,dns,1097646227879599,,1,1,0,100,0,0.0,1,100,0,none,0,none,0,0,0,no_alert_unknown,no_alert_not_final_benign,-1,dns,app_proto+port
2025-07-19T23:02:52.996790+0700,103.195.142.76,87.98.154.250,53,48759,UDP,flow,failed,1602476355843785,,1,1,0,1469,0,0.0,1,1469,0,none,0,none,0,0,0,no_alert_unknown,no_alert_not_final_benign,-1,dns,port
2025-07-19T23:02:52.996814+0700,103.195.142.74,202.134.0.155,28004,53,UDP,flow,dns,967819836094196,,1,1,0,80,0,0.0,1,80,0,none,0,none,0,0,0,no_alert_unknown,no_alert_not_final_benign,-1,dns,app_proto+port
2025-07-19T23:02:52.996838+0700,103.195.142.74,118.98.44.100,9857,53,UDP,flow,dns,1497089287223124,,1,1,0,88,0,0.0,1,88,0,none,0,none,0,0,0,no_alert_unknown,no_alert_not_final_benign,-1,dns,app_proto+port
2025-07-19T23:02:52.996871+0700,103.195.142.2,180.241.233.103,53,63425,UDP,flow,failed,1114401283536740,,1,1,0,182,0,0.0,1,182,0,none,0,none,0,0,0,no_alert_unknown,no_alert_not_final_benign,-1,dns,port
2025-07-19T23:02:52.996908+0700,103.195.142.165,87.98.154.245,53,5886,UDP,flow,failed,1225851541026679,,1,1,0,1437,0,0.0,1,1437,0,none,0,none,0,0,0,no_alert_unknown,no_alert_not_final_benign,-1,dns,port
2025-07-19T23:02:52.996930+0700,103.195.142.76,87.98.154.90,53,7735,UDP,flow,failed,869691633530771,,1,1,0,1469,0,0.0,1,1469,0,none,0,none,0,0,0,no_alert_unknown,no_alert_not_final_benign,-1,dns,port
2025-07-19T23:02:52.997004+0700,103.195.142.195,87.98.154.176,53,30930,UDP,flow,failed,1212037667977258,,1,1,0,1437,0,0.0,1,1437,0,none,0,none,0,0,0,no_alert_unknown,no_alert_not_final_benign,-1,dns,port
2025-07-19T23:02:52.997035+0700,103.195.142.196,87.98.154.119,53,50634,UDP,flow,failed,1133160356345918,,1,1,0,1437,0,0.0,1,1437,0,none,0,none,0,0,0,no_alert_unknown,no_alert_not_final_benign,-1,dns,port
2025-07-19T23:02:52.997060+0700,103.195.142.83,87.98.154.2,53,3221,UDP,flow,failed,1480710226409574,,1,1,0,1190,0,0.0,1,1190,0,none,0,none,0,0,0,no_alert_unknown,no_alert_not_final_benign,-1,dns,port
2025-07-19T23:02:52.997091+0700,103.195.142.76,87.98.154.119,53,30918,UDP,flow,failed,1008065048705197,,1,1,0,1469,0,0.0,1,1469,0,none,0,none,0,0,0,no_alert_unknown,no_alert_not_final_benign,-1,dns,port
2025-07-19T23:02:52.997149+0700,103.195.142.75,8.8.8.8,45734,53,UDP,flow,dns,1249302092937430,,1,1,0,241,0,0.0,1,241,0,none,0,none,0,0,0,no_alert_unknown,no_alert_not_final_benign,-1,dns,app_proto+port
2025-07-19T23:02:52.997173+0700,103.195.142.75,8.8.8.8,3399,53,UDP,flow,dns,1363643997452651,,1,1,0,196,0,0.0,1,196,0,none,0,none,0,0,0,no_alert_unknown,no_alert_not_final_benign,-1,dns,app_proto+port
2025-07-19T23:02:52.997194+0700,103.195.142.165,87.98.154.119,53,6867,UDP,flow,failed,885053438589294,,1,1,0,1437,0,0.0,1,1437,0,none,0,none,0,0,0,no_alert_unknown,no_alert_not_final_benign,-1,dns,port
2025-07-19T23:02:52.997214+0700,103.195.142.74,202.134.0.155,51475,53,UDP,flow,dns,1541147387066760,,1,1,0,223,0,0.0,1,223,0,none,0,none,0,0,0,no_alert_unknown,no_alert_not_final_benign,-1,dns,app_proto+port
2025-07-19T23:02:52.997251+0700,103.195.142.46,87.98.154.119,53,19566,UDP,flow,failed,1434936579815914,,1,1,0,1437,0,0.0,1,1437,0,none,0,none,0,0,0,no_alert_unknown,no_alert_not_final_benign,-1,dns,port
2025-07-19T23:02:52.997373+0700,103.195.142.3,178.128.112.205,53,23912,UDP,flow,failed,1623683474881121,,1,1,0,133,0,0.0,1,133,0,none,0,none,0,0,0,no_alert_unknown,no_alert_not_final_benign,-1,dns,port
2025-07-19T23:02:52.997408+0700,103.195.142.74,202.134.0.155,28387,53,UDP,flow,dns,1495876714527497,,1,1,0,79,0,0.0,1,79,0,none,0,none,0,0,0,no_alert_unknown,no_alert_not_final_benign,-1,dns,app_proto+port
2025-07-19T23:02:52.997432+0700,103.195.142.3,159.65.47.247,53,1279,UDP,flow,failed,955272182135599,,1,1,0,174,0,0.0,1,174,0,none,0,none,0,0,0,no_alert_unknown,no_alert_not_final_benign,-1,dns,port
2025-07-19T23:02:52.997465+0700,103.195.142.74,118.98.44.20,47285,53,UDP,flow,dns,1120175924411203,,1,1,0,238,0,0.0,1,238,0,none,0,none,0,0,0,no_alert_unknown,no_alert_not_final_benign,-1,dns,app_proto+port
2025-07-19T23:02:52.997488+0700,103.195.142.75,8.8.8.8,19581,53,UDP,flow,dns,906845183966044,,1,1,0,178,0,0.0,1,178,0,none,0,none,0,0,0,no_alert_unknown,no_alert_not_final_benign,-1,dns,app_proto+port
2025-07-19T23:02:52.997508+0700,103.195.142.196,87.98.154.119,53,1220,UDP,flow,failed,1199015841266633,,1,1,0,1437,0,0.0,1,1437,0,none,0,none,0,0,0,no_alert_unknown,no_alert_not_final_benign,-1,dns,port
2025-07-19T23:02:52.997579+0700,103.195.142.74,202.134.0.155,26581,53,UDP,flow,dns,1087457229765784,,1,1,0,178,0,0.0,1,178,0,none,0,none,0,0,0,no_alert_unknown,no_alert_not_final_benign,-1,dns,app_proto+port
2025-07-19T23:02:52.997607+0700,103.195.142.75,8.8.8.8,54055,53,UDP,flow,dns,1562900632206684,,1,1,0,196,0,0.0,1,196,0,none,0,none,0,0,0,no_alert_unknown,no_alert_not_final_benign,-1,dns,app_proto+port
2025-07-19T23:02:52.997629+0700,103.195.142.46,87.98.154.119,53,22621,UDP,flow,failed,1525224012938611,,1,1,0,1437,0,0.0,1,1437,0,none,0,none,0,0,0,no_alert_unknown,no_alert_not_final_benign,-1,dns,port
2025-07-19T23:02:52.997714+0700,103.195.142.75,8.8.8.8,20924,53,UDP,flow,dns,1049392495558362,,1,1,0,68,0,0.0,1,68,0,none,0,none,0,0,0,no_alert_unknown,no_alert_not_final_benign,-1,dns,app_proto+port
2025-07-19T23:02:52.997801+0700,103.195.142.74,118.98.44.20,32033,53,UDP,flow,dns,1224822197879008,,1,1,0,241,0,0.0,1,241,0,none,0,none,0,0,0,no_alert_unknown,no_alert_not_final_benign,-1,dns,app_proto+port
2025-07-19T23:02:52.997863+0700,103.195.142.2,18.140.177.102,53,7803,UDP,flow,failed,1518907674034683,,1,1,0,145,0,0.0,1,145,0,none,0,none,0,0,0,no_alert_unknown,no_alert_not_final_benign,-1,dns,port
2025-07-19T23:02:52.997906+0700,103.195.142.195,87.98.154.119,53,11546,UDP,flow,failed,1566358507913925,,1,1,0,1437,0,0.0,1,1437,0,none,0,none,0,0,0,no_alert_unknown,no_alert_not_final_benign,-1,dns,port
2025-07-19T23:02:52.997946+0700,103.195.142.109,87.98.154.119,53,23023,UDP,flow,failed,1254626616378121,,1,1,0,1437,0,0.0,1,1437,0,none,0,none,0,0,0,no_alert_unknown,no_alert_not_final_benign,-1,dns,port
2025-07-19T23:02:52.998069+0700,103.195.142.74,118.98.44.20,46564,53,UDP,flow,dns,1280114227577718,,1,1,0,87,0,0.0,1,87,0,none,0,none,0,0,0,no_alert_unknown,no_alert_not_final_benign,-1,dns,app_proto+port
2025-07-19T23:02:52.998157+0700,103.195.142.165,87.98.154.105,53,33401,UDP,flow,failed,1024734746739786,,1,3,0,4311,0,10.0,3,4311,0,none,0,none,0,0,0,no_alert_unknown,no_alert_not_final_benign,-1,dns,port
2025-07-19T23:02:52.998204+0700,103.195.142.76,87.98.154.234,53,37978,UDP,flow,failed,670563159540973,,1,3,0,4407,0,10.0,3,4407,0,none,0,none,0,0,0,no_alert_unknown,no_alert_not_final_benign,-1,dns,port
2025-07-19T23:02:52.998240+0700,103.195.142.195,87.98.154.119,53,37738,UDP,flow,failed,1017830114559230,,1,1,0,1437,0,0.0,1,1437,0,none,0,none,0,0,0,no_alert_unknown,no_alert_not_final_benign,-1,dns,port
2025-07-19T23:02:52.998260+0700,103.195.142.74,202.134.0.155,20285,53,UDP,flow,dns,1173506011202870,,1,1,0,68,0,0.0,1,68,0,none,0,none,0,0,0,no_alert_unknown,no_alert_not_final_benign,-1,dns,app_proto+port
2025-07-19T23:02:52.998294+0700,103.195.142.195,87.98.154.119,53,60785,UDP,flow,failed,980812568495427,,1,1,0,1437,0,0.0,1,1437,0,none,0,none,0,0,0,no_alert_unknown,no_alert_not_final_benign,-1,dns,port
2025-07-19T23:02:52.998325+0700,103.195.142.3,172.70.116.71,53,26904,UDP,flow,failed,1557237882848617,,1,1,0,145,0,0.0,1,145,0,none,0,none,0,0,0,no_alert_unknown,no_alert_not_final_benign,-1,dns,port
2025-07-19T23:02:52.998474+0700,103.195.142.196,87.98.154.97,53,35256,UDP,flow,failed,1651476745193238,,1,1,0,1437,0,0.0,1,1437,0,none,0,none,0,0,0,no_alert_unknown,no_alert_not_final_benign,-1,dns,port
2025-07-19T23:02:52.998495+0700,103.195.142.74,118.98.44.50,52644,53,UDP,flow,dns,1638405117282124,,1,1,0,223,0,0.0,1,223,0,none,0,none,0,0,0,no_alert_unknown,no_alert_not_final_benign,-1,dns,app_proto+port
2025-07-19T23:02:52.998556+0700,103.195.142.109,87.98.154.145,53,35165,UDP,flow,failed,859074742421335,,1,1,0,1437,0,0.0,1,1437,0,none,0,none,0,0,0,no_alert_unknown,no_alert_not_final_benign,-1,dns,port
2025-07-19T23:02:52.998654+0700,103.195.142.74,118.98.44.20,28181,53,UDP,flow,dns,1259153234757799,,1,1,0,232,0,0.0,1,232,0,none,0,none,0,0,0,no_alert_unknown,no_alert_not_final_benign,-1,dns,app_proto+port
2025-07-19T23:02:52.998707+0700,103.195.142.165,87.98.154.119,53,41960,UDP,flow,failed,1303217956423963,,1,1,0,1437,0,0.0,1,1437,0,none,0,none,0,0,0,no_alert_unknown,no_alert_not_final_benign,-1,dns,port
2025-07-19T23:02:52.998740+0700,103.195.142.74,118.98.44.100,28881,53,UDP,flow,dns,1629666828716358,,1,1,0,232,0,0.0,1,232,0,none,0,none,0,0,0,no_alert_unknown,no_alert_not_final_benign,-1,dns,app_proto+port
2025-07-19T23:02:52.998763+0700,103.195.142.109,87.98.154.119,53,61062,UDP,flow,failed,1154506564864328,,1,1,0,1437,0,0.0,1,1437,0,none,0,none,0,0,0,no_alert_unknown,no_alert_not_final_benign,-1,dns,port
2025-07-19T23:02:52.998831+0700,103.195.142.74,118.98.44.20,10079,53,UDP,flow,dns,954897120791069,,1,1,0,214,0,0.0,1,214,0,none,0,none,0,0,0,no_alert_unknown,no_alert_not_final_benign,-1,dns,app_proto+port
2025-07-19T23:02:52.998891+0700,103.195.142.195,87.98.154.16,53,26676,UDP,flow,failed,978882050820683,,1,1,0,1437,0,0.0,1,1437,0,none,0,none,0,0,0,no_alert_unknown,no_alert_not_final_benign,-1,dns,port
2025-07-19T23:02:52.998914+0700,103.195.142.74,118.98.44.50,14662,53,UDP,flow,dns,1613559173319268,,1,1,0,85,0,0.0,1,85,0,none,0,none,0,0,0,no_alert_unknown,no_alert_not_final_benign,-1,dns,app_proto+port
2025-07-19T23:02:52.998984+0700,103.195.142.76,87.98.154.118,53,1515,UDP,flow,failed,869568747637470,,1,1,0,1469,0,0.0,1,1469,0,none,0,none,0,0,0,no_alert_unknown,no_alert_not_final_benign,-1,dns,port
2025-07-19T23:02:52.999003+0700,103.195.142.3,172.70.116.71,53,52761,UDP,flow,failed,1510519824485089,,1,1,0,190,0,0.0,1,190,0,none,0,none,0,0,0,no_alert_unknown,no_alert_not_final_benign,-1,dns,port
2025-07-19T23:02:52.999065+0700,103.195.142.76,87.98.154.34,53,19197,UDP,flow,failed,1424078168427277,,1,1,0,1469,0,0.0,1,1469,0,none,0,none,0,0,0,no_alert_unknown,no_alert_not_final_benign,-1,dns,port
2025-07-19T23:02:52.999104+0700,103.195.142.83,87.98.154.166,53,55709,UDP,flow,failed,1384346433456963,,1,1,0,1190,0,0.0,1,1190,0,none,0,none,0,0,0,no_alert_unknown,no_alert_not_final_benign,-1,dns,port
2025-07-19T23:02:52.999141+0700,103.195.142.2,159.89.179.183,53,8279,UDP,flow,failed,1157814423554913,,1,1,0,152,0,0.0,1,152,0,none,0,none,0,0,0,no_alert_unknown,no_alert_not_final_benign,-1,dns,port
2025-07-19T23:02:52.999164+0700,103.195.142.46,87.98.154.231,53,46230,UDP,flow,failed,390127133035515,,1,3,0,4311,0,10.0,3,4311,0,none,0,none,0,0,0,no_alert_unknown,no_alert_not_final_benign,-1,dns,port
2025-07-19T23:02:52.999194+0700,103.195.142.76,87.98.154.119,53,18880,UDP,flow,failed,1208912742812704,,1,1,0,1469,0,0.0,1,1469,0,none,0,none,0,0,0,no_alert_unknown,no_alert_not_final_benign,-1,dns,port
2025-07-19T23:02:52.999214+0700,103.195.142.83,87.98.154.119,53,53988,UDP,flow,failed,1294272281283848,,1,1,0,1190,0,0.0,1,1190,0,none,0,none,0,0,0,no_alert_unknown,no_alert_not_final_benign,-1,dns,port
2025-07-19T23:02:52.999252+0700,103.195.142.2,74.114.28.23,53,34352,UDP,flow,failed,1496105008270828,,1,1,0,162,0,0.0,1,162,0,none,0,none,0,0,0,no_alert_unknown,no_alert_not_final_benign,-1,dns,port
2025-07-19T23:02:52.999305+0700,103.195.142.74,118.98.44.50,5002,53,UDP,flow,dns,1004770391395949,,1,1,0,211,0,0.0,1,211,0,none,0,none,0,0,0,no_alert_unknown,no_alert_not_final_benign,-1,dns,app_proto+port
2025-07-19T23:02:52.999327+0700,103.195.142.76,87.98.154.119,53,14133,UDP,flow,failed,1536990766796422,,1,1,0,1469,0,0.0,1,1469,0,none,0,none,0,0,0,no_alert_unknown,no_alert_not_final_benign,-1,dns,port
2025-07-19T23:02:52.999383+0700,103.195.142.83,87.98.154.119,53,24562,UDP,flow,failed,1623238680874860,,1,1,0,1190,0,0.0,1,1190,0,none,0,none,0,0,0,no_alert_unknown,no_alert_not_final_benign,-1,dns,port
2025-07-19T23:02:52.999414+0700,103.195.142.74,118.98.44.100,15684,53,UDP,flow,dns,1458794229108617,,1,1,0,74,0,0.0,1,74,0,none,0,none,0,0,0,no_alert_unknown,no_alert_not_final_benign,-1,dns,app_proto+port
2025-07-19T23:02:52.999494+0700,103.195.142.196,87.98.154.41,53,31253,UDP,flow,failed,918415248297922,,1,1,0,1437,0,0.0,1,1437,0,none,0,none,0,0,0,no_alert_unknown,no_alert_not_final_benign,-1,dns,port
2025-07-19T23:02:52.999587+0700,103.195.142.75,8.8.8.8,62916,53,UDP,flow,dns,1082865817980986,,1,1,0,241,0,0.0,1,241,0,none,0,none,0,0,0,no_alert_unknown,no_alert_not_final_benign,-1,dns,app_proto+port
2025-07-19T23:02:52.999617+0700,103.195.142.76,87.98.154.119,53,32096,UDP,flow,failed,1464707392049326,,1,1,0,1469,0,0.0,1,1469,0,none,0,none,0,0,0,no_alert_unknown,no_alert_not_final_benign,-1,dns,port
2025-07-19T23:02:52.999680+0700,103.195.142.74,202.134.0.155,63623,53,UDP,flow,dns,1058613928300774,,1,1,0,91,0,0.0,1,91,0,none,0,none,0,0,0,no_alert_unknown,no_alert_not_final_benign,-1,dns,app_proto+port
2025-07-19T23:02:52.999756+0700,103.195.142.195,87.98.154.119,53,61744,UDP,flow,failed,1667294035087869,,1,1,0,1437,0,0.0,1,1437,0,none,0,none,0,0,0,no_alert_unknown,no_alert_not_final_benign,-1,dns,port
2025-07-19T23:02:52.999789+0700,103.195.142.165,87.98.154.17,53,23909,UDP,flow,failed,891850752234004,,1,1,0,1437,0,0.0,1,1437,0,none,0,none,0,0,0,no_alert_unknown,no_alert_not_final_benign,-1,dns,port
2025-07-19T23:02:52.999830+0700,103.195.142.74,202.134.0.155,30117,53,UDP,flow,dns,1630355061052124,,1,1,0,68,0,0.0,1,68,0,none,0,none,0,0,0,no_alert_unknown,no_alert_not_final_benign,-1,dns,app_proto+port
2025-07-19T23:02:52.999852+0700,103.195.142.75,8.8.8.8,21259,53,UDP,flow,dns,865987858371413,,1,1,0,88,0,0.0,1,88,0,none,0,none,0,0,0,no_alert_unknown,no_alert_not_final_benign,-1,dns,app_proto+port
2025-07-19T23:02:52.999874+0700,103.195.142.74,118.98.44.20,43264,53,UDP,flow,dns,1240311871345601,,1,1,0,241,0,0.0,1,241,0,none,0,none,0,0,0,no_alert_unknown,no_alert_not_final_benign,-1,dns,app_proto+port
2025-07-19T23:02:53.000017+0700,103.195.142.74,118.98.44.100,14818,53,UDP,flow,dns,931250201138477,,1,1,0,79,0,0.0,1,79,0,none,0,none,0,0,0,no_alert_unknown,no_alert_not_final_benign,-1,dns,app_proto+port
2025-07-19T23:02:53.000052+0700,103.195.142.2,172.253.236.210,53,63497,UDP,flow,failed,1336390388585818,,1,1,0,243,0,0.0,1,243,0,none,0,none,0,0,0,no_alert_unknown,no_alert_not_final_benign,-1,dns,port
2025-07-19T23:02:53.000074+0700,103.195.142.83,87.98.154.118,53,62452,UDP,flow,failed,1285079253947742,,1,1,0,1190,0,0.0,1,1190,0,none,0,none,0,0,0,no_alert_unknown,no_alert_not_final_benign,-1,dns,port
2025-07-19T23:02:53.000093+0700,103.195.142.196,87.98.154.13,53,53999,UDP,flow,failed,1187307241182580,,1,1,0,1437,0,0.0,1,1437,0,none,0,none,0,0,0,no_alert_unknown,no_alert_not_final_benign,-1,dns,port
2025-07-19T23:02:53.000200+0700,103.195.142.74,118.98.44.50,10030,53,UDP,flow,dns,1480353365857737,,1,1,0,214,0,0.0,1,214,0,none,0,none,0,0,0,no_alert_unknown,no_alert_not_final_benign,-1,dns,app_proto+port
2025-07-19T23:02:53.000292+0700,103.195.142.165,87.98.154.217,53,55508,UDP,flow,failed,1655668967118342,,1,1,0,1437,0,0.0,1,1437,0,none,0,none,0,0,0,no_alert_unknown,no_alert_not_final_benign,-1,dns,port
2025-07-19T23:02:53.000314+0700,103.195.142.74,118.98.44.100,21951,53,UDP,flow,dns,1392614517085704,,1,1,0,241,0,0.0,1,241,0,none,0,none,0,0,0,no_alert_unknown,no_alert_not_final_benign,-1,dns,app_proto+port
2025-07-19T23:02:53.000352+0700,103.195.142.83,87.98.154.190,53,5924,UDP,flow,failed,1271575025391201,,1,1,0,1190,0,0.0,1,1190,0,none,0,none,0,0,0,no_alert_unknown,no_alert_not_final_benign,-1,dns,port
2025-07-19T23:02:53.000442+0700,103.195.142.83,87.98.154.119,53,5804,UDP,flow,failed,1680059547621063,,1,1,0,1190,0,0.0,1,1190,0,none,0,none,0,0,0,no_alert_unknown,no_alert_not_final_benign,-1,dns,port
2025-07-19T23:02:53.000492+0700,103.195.142.74,118.98.44.20,23217,53,UDP,flow,dns,1505170739861267,,1,1,0,84,0,0.0,1,84,0,none,0,none,0,0,0,no_alert_unknown,no_alert_not_final_benign,-1,dns,app_proto+port
2025-07-19T23:02:53.000515+0700,103.195.142.74,118.98.44.20,35626,53,UDP,flow,dns,1333498682840922,,1,1,0,87,0,0.0,1,87,0,none,0,none,0,0,0,no_alert_unknown,no_alert_not_final_benign,-1,dns,app_proto+port
2025-07-19T23:02:53.000548+0700,103.195.142.74,202.134.0.155,44622,53,UDP,flow,dns,909667534608435,,1,1,0,214,0,0.0,1,214,0,none,0,none,0,0,0,no_alert_unknown,no_alert_not_final_benign,-1,dns,app_proto+port
2025-07-19T23:02:53.000597+0700,103.195.142.76,87.98.154.119,53,34988,UDP,flow,failed,1282370185304223,,1,1,0,1469,0,0.0,1,1469,0,none,0,none,0,0,0,no_alert_unknown,no_alert_not_final_benign,-1,dns,port
2025-07-19T23:02:53.000638+0700,103.195.142.165,87.98.154.193,53,47587,UDP,flow,failed,97255164647731,,1,2,0,2874,0,3.0,2,2874,0,none,0,none,0,0,0,no_alert_unknown,no_alert_not_final_benign,-1,dns,port
2025-07-19T23:02:53.000659+0700,103.195.142.109,87.98.154.85,53,56742,UDP,flow,failed,970258817587614,,1,1,0,1437,0,0.0,1,1437,0,none,0,none,0,0,0,no_alert_unknown,no_alert_not_final_benign,-1,dns,port
2025-07-19T23:02:53.000728+0700,103.195.142.196,87.98.154.119,53,15263,UDP,flow,failed,1317679238781538,,1,1,0,1437,0,0.0,1,1437,0,none,0,none,0,0,0,no_alert_unknown,no_alert_not_final_benign,-1,dns,port
2025-07-19T23:02:53.000747+0700,103.195.142.76,87.98.154.119,53,58069,UDP,flow,failed,1044062519991012,,1,1,0,1469,0,0.0,1,1469,0,none,0,none,0,0,0,no_alert_unknown,no_alert_not_final_benign,-1,dns,port
2025-07-19T23:02:53.000765+0700,103.195.142.46,87.98.154.59,53,19480,UDP,flow,failed,1665337962633977,,1,1,0,1437,0,0.0,1,1437,0,none,0,none,0,0,0,no_alert_unknown,no_alert_not_final_benign,-1,dns,port
2025-07-19T23:02:53.000784+0700,103.195.142.46,87.98.154.119,53,27560,UDP,flow,failed,1143964564888519,,1,1,0,1437,0,0.0,1,1437,0,none,0,none,0,0,0,no_alert_unknown,no_alert_not_final_benign,-1,dns,port
2025-07-19T23:02:53.000802+0700,103.195.142.74,118.98.44.20,32815,53,UDP,flow,dns,1612113722055688,,1,1,0,223,0,0.0,1,223,0,none,0,none,0,0,0,no_alert_unknown,no_alert_not_final_benign,-1,dns,app_proto+port
2025-07-19T23:02:53.000850+0700,103.195.142.109,87.98.154.137,53,13842,UDP,flow,failed,1643216226655287,,1,1,0,1437,0,0.0,1,1437,0,none,0,none,0,0,0,no_alert_unknown,no_alert_not_final_benign,-1,dns,port
2025-07-19T23:02:53.000869+0700,103.195.142.76,87.98.154.119,53,5844,UDP,flow,failed,1628342143196232,,1,1,0,1469,0,0.0,1,1469,0,none,0,none,0,0,0,no_alert_unknown,no_alert_not_final_benign,-1,dns,port
2025-07-19T23:02:53.000888+0700,103.195.142.196,87.98.154.153,53,57423,UDP,flow,failed,1189229278960720,,1,1,0,1437,0,0.0,1,1437,0,none,0,none,0,0,0,no_alert_unknown,no_alert_not_final_benign,-1,dns,port
2025-07-19T23:02:53.000906+0700,103.195.142.75,8.8.8.8,20084,53,UDP,flow,dns,1329083159649367,,1,1,0,113,0,0.0,1,113,0,none,0,none,0,0,0,no_alert_unknown,no_alert_not_final_benign,-1,dns,app_proto+port
2025-07-19T23:02:53.000926+0700,103.195.142.195,87.98.154.152,53,3834,UDP,flow,failed,1176770593528982,,1,1,0,1437,0,0.0,1,1437,0,none,0,none,0,0,0,no_alert_unknown,no_alert_not_final_benign,-1,dns,port
2025-07-19T23:02:53.000985+0700,103.195.142.83,87.98.154.119,53,38560,UDP,flow,failed,1301866952563895,,1,1,0,1190,0,0.0,1,1190,0,none,0,none,0,0,0,no_alert_unknown,no_alert_not_final_benign,-1,dns,port
2025-07-19T23:02:53.001004+0700,103.195.142.74,118.98.44.100,46274,53,UDP,flow,dns,1387123353033957,,1,1,0,78,0,0.0,1,78,0,none,0,none,0,0,0,no_alert_unknown,no_alert_not_final_benign,-1,dns,app_proto+port
2025-07-19T23:02:53.001051+0700,103.195.142.74,118.98.44.20,24234,53,UDP,flow,dns,1403981368564983,,1,1,0,74,0,0.0,1,74,0,none,0,none,0,0,0,no_alert_unknown,no_alert_not_final_benign,-1,dns,app_proto+port
2025-07-19T23:02:53.001072+0700,103.195.142.75,8.8.8.8,15856,53,UDP,flow,dns,992639738682700,,1,1,0,68,0,0.0,1,68,0,none,0,none,0,0,0,no_alert_unknown,no_alert_not_final_benign,-1,dns,app_proto+port
2025-07-19T23:02:53.001147+0700,103.195.142.46,87.98.154.3,53,42001,UDP,flow,failed,1159381589073418,,1,1,0,1437,0,0.0,1,1437,0,none,0,none,0,0,0,no_alert_unknown,no_alert_not_final_benign,-1,dns,port
2025-07-19T23:02:53.001166+0700,103.195.142.74,118.98.44.20,21038,53,UDP,flow,dns,1645308262653494,,1,1,0,223,0,0.0,1,223,0,none,0,none,0,0,0,no_alert_unknown,no_alert_not_final_benign,-1,dns,app_proto+port
2025-07-19T23:02:53.001191+0700,103.195.142.83,87.98.154.119,53,17161,UDP,flow,failed,1123245628104249,,1,1,0,1190,0,0.0,1,1190,0,none,0,none,0,0,0,no_alert_unknown,no_alert_not_final_benign,-1,dns,port
2025-07-19T23:02:53.001215+0700,103.195.142.195,87.98.154.72,53,19525,UDP,flow,failed,1007297011293789,,1,1,0,1437,0,0.0,1,1437,0,none,0,none,0,0,0,no_alert_unknown,no_alert_not_final_benign,-1,dns,port
2025-07-19T23:02:53.001260+0700,103.195.142.76,87.98.154.22,53,15603,UDP,flow,failed,1311141938699926,,1,1,0,1469,0,0.0,1,1469,0,none,0,none,0,0,0,no_alert_unknown,no_alert_not_final_benign,-1,dns,port
2025-07-19T23:02:53.001281+0700,103.195.142.2,172.71.244.10,53,17057,UDP,flow,failed,876487986618017,,1,1,0,144,0,0.0,1,144,0,none,0,none,0,0,0,no_alert_unknown,no_alert_not_final_benign,-1,dns,port
2025-07-19T23:02:53.001299+0700,103.195.142.46,87.98.154.247,53,48529,UDP,flow,failed,851334090432244,,1,1,0,1437,0,0.0,1,1437,0,none,0,none,0,0,0,no_alert_unknown,no_alert_not_final_benign,-1,dns,port
2025-07-19T23:02:53.001318+0700,103.195.142.109,87.98.154.229,53,49027,UDP,flow,failed,1488894694825723,,1,1,0,1437,0,0.0,1,1437,0,none,0,none,0,0,0,no_alert_unknown,no_alert_not_final_benign,-1,dns,port
2025-07-19T23:02:53.001337+0700,103.195.142.83,87.98.154.2,53,63519,UDP,flow,failed,1261904793607971,,1,1,0,1190,0,0.0,1,1190,0,none,0,none,0,0,0,no_alert_unknown,no_alert_not_final_benign,-1,dns,port
2025-07-19T23:02:53.001382+0700,103.195.142.109,87.98.154.29,53,39401,UDP,flow,failed,870246874456065,,1,1,0,1437,0,0.0,1,1437,0,none,0,none,0,0,0,no_alert_unknown,no_alert_not_final_benign,-1,dns,port
2025-07-19T23:02:53.001403+0700,103.195.142.3,180.241.233.241,53,52384,UDP,flow,failed,883587465453624,,1,1,0,182,0,0.0,1,182,0,none,0,none,0,0,0,no_alert_unknown,no_alert_not_final_benign,-1,dns,port
2025-07-19T23:02:53.001425+0700,103.195.142.74,118.98.44.50,43761,53,UDP,flow,dns,1454775083573306,,1,1,0,223,0,0.0,1,223,0,none,0,none,0,0,0,no_alert_unknown,no_alert_not_final_benign,-1,dns,app_proto+port
2025-07-19T23:02:53.001445+0700,103.195.142.46,87.98.154.119,53,13423,UDP,flow,failed,1094013541195838,,1,1,0,1437,0,0.0,1,1437,0,none,0,none,0,0,0,no_alert_unknown,no_alert_not_final_benign,-1,dns,port
2025-07-19T23:02:53.001482+0700,103.195.142.75,8.8.8.8,14697,53,UDP,flow,dns,1516514414600277,,1,1,0,123,0,0.0,1,123,0,none,0,none,0,0,0,no_alert_unknown,no_alert_not_final_benign,-1,dns,app_proto+port
2025-07-19T23:02:53.001505+0700,103.195.142.109,87.98.154.119,53,28026,UDP,flow,failed,1145868421341272,,1,1,0,1437,0,0.0,1,1437,0,none,0,none,0,0,0,no_alert_unknown,no_alert_not_final_benign,-1,dns,port
2025-07-19T23:02:53.001551+0700,103.195.142.74,118.98.44.50,10273,53,UDP,flow,dns,1612644051034219,,1,1,0,223,0,0.0,1,223,0,none,0,none,0,0,0,no_alert_unknown,no_alert_not_final_benign,-1,dns,app_proto+port
2025-07-19T23:02:53.001600+0700,103.195.142.74,118.98.44.100,21961,53,UDP,flow,dns,1267953923760374,,1,1,0,223,0,0.0,1,223,0,none,0,none,0,0,0,no_alert_unknown,no_alert_not_final_benign,-1,dns,app_proto+port
2025-07-19T23:02:53.001642+0700,103.195.142.74,118.98.44.100,36167,53,UDP,flow,dns,1211346160689448,,1,1,0,211,0,0.0,1,211,0,none,0,none,0,0,0,no_alert_unknown,no_alert_not_final_benign,-1,dns,app_proto+port
2025-07-19T23:02:53.001663+0700,103.195.142.83,87.98.154.119,53,60712,UDP,flow,failed,1043914449789273,,1,1,0,1190,0,0.0,1,1190,0,none,0,none,0,0,0,no_alert_unknown,no_alert_not_final_benign,-1,dns,port
2025-07-19T23:02:53.001683+0700,103.195.142.46,87.98.154.119,53,26029,UDP,flow,failed,859076065337787,,1,1,0,1437,0,0.0,1,1437,0,none,0,none,0,0,0,no_alert_unknown,no_alert_not_final_benign,-1,dns,port
2025-07-19T23:02:53.001703+0700,103.195.142.109,87.98.154.117,53,60463,UDP,flow,failed,1062952024121824,,1,3,0,4311,0,10.0,3,4311,0,none,0,none,0,0,0,no_alert_unknown,no_alert_not_final_benign,-1,dns,port
2025-07-19T23:02:53.001723+0700,103.195.142.74,118.98.44.20,10251,53,UDP,flow,dns,1568600904671719,,1,1,0,232,0,0.0,1,232,0,none,0,none,0,0,0,no_alert_unknown,no_alert_not_final_benign,-1,dns,app_proto+port
2025-07-19T23:02:53.001878+0700,103.195.142.83,87.98.154.119,53,34577,UDP,flow,failed,912450423923393,,1,1,0,1190,0,0.0,1,1190,0,none,0,none,0,0,0,no_alert_unknown,no_alert_not_final_benign,-1,dns,port
2025-07-19T23:02:53.001931+0700,103.195.142.83,87.98.154.246,53,42842,UDP,flow,failed,922966847497098,,1,1,0,1190,0,0.0,1,1190,0,none,0,none,0,0,0,no_alert_unknown,no_alert_not_final_benign,-1,dns,port
2025-07-19T23:02:53.001951+0700,103.195.142.74,118.98.44.50,39306,53,UDP,flow,dns,1469076725212139,,1,1,0,77,0,0.0,1,77,0,none,0,none,0,0,0,no_alert_unknown,no_alert_not_final_benign,-1,dns,app_proto+port
2025-07-19T23:02:53.002011+0700,103.195.142.74,202.134.0.155,60885,53,UDP,flow,dns,1281365921866976,,1,1,0,68,0,0.0,1,68,0,none,0,none,0,0,0,no_alert_unknown,no_alert_not_final_benign,-1,dns,app_proto+port
2025-07-19T23:02:53.002032+0700,103.195.142.75,8.8.8.8,16635,53,UDP,flow,dns,1458395444127032,,1,1,0,243,0,0.0,1,243,0,none,0,none,0,0,0,no_alert_unknown,no_alert_not_final_benign,-1,dns,app_proto+port
2025-07-19T23:02:53.002081+0700,103.195.142.46,87.98.154.59,53,21048,UDP,flow,failed,1058245484193208,,1,1,0,1437,0,0.0,1,1437,0,none,0,none,0,0,0,no_alert_unknown,no_alert_not_final_benign,-1,dns,port
2025-07-19T23:02:53.002111+0700,103.195.142.46,87.98.154.119,53,11738,UDP,flow,failed,1459903842919870,,1,2,0,2874,0,8.0,2,2874,0,none,0,none,0,0,0,no_alert_unknown,no_alert_not_final_benign,-1,dns,port
2025-07-19T23:02:53.002131+0700,103.195.142.74,118.98.44.50,35922,53,UDP,flow,dns,1581024028239432,,1,1,0,196,0,0.0,1,196,0,none,0,none,0,0,0,no_alert_unknown,no_alert_not_final_benign,-1,dns,app_proto+port
2025-07-19T23:02:53.002150+0700,103.195.142.74,118.98.44.50,8005,53,UDP,flow,dns,1533789152716565,,1,1,0,178,0,0.0,1,178,0,none,0,none,0,0,0,no_alert_unknown,no_alert_not_final_benign,-1,dns,app_proto+port
2025-07-19T23:02:53.002218+0700,103.195.142.74,118.98.44.20,38435,53,UDP,flow,dns,1395830954698794,,1,1,0,214,0,0.0,1,214,0,none,0,none,0,0,0,no_alert_unknown,no_alert_not_final_benign,-1,dns,app_proto+port
2025-07-19T23:02:53.002259+0700,103.195.142.74,118.98.44.100,47134,53,UDP,flow,dns,911136510945326,,1,1,0,196,0,0.0,1,196,0,none,0,none,0,0,0,no_alert_unknown,no_alert_not_final_benign,-1,dns,app_proto+port
2025-07-19T23:02:53.002305+0700,103.195.142.2,13.250.186.17,53,57839,UDP,flow,failed,1517820115790018,,1,1,0,145,0,0.0,1,145,0,none,0,none,0,0,0,no_alert_unknown,no_alert_not_final_benign,-1,dns,port
2025-07-19T23:02:53.002323+0700,103.195.142.3,152.42.192.227,53,43625,UDP,flow,failed,1514031696095458,,1,1,0,133,0,0.0,1,133,0,none,0,none,0,0,0,no_alert_unknown,no_alert_not_final_benign,-1,dns,port
2025-07-19T23:02:53.002347+0700,103.195.142.3,13.105.68.212,53,39939,UDP,flow,failed,2104024835074312,,1,2,0,356,0,13.0,2,356,0,none,0,none,0,0,0,no_alert_unknown,no_alert_not_final_benign,-1,dns,port
2025-07-19T23:02:53.002368+0700,103.195.142.76,87.98.154.62,53,19357,UDP,flow,failed,1211648284862785,,1,1,0,1469,0,0.0,1,1469,0,none,0,none,0,0,0,no_alert_unknown,no_alert_not_final_benign,-1,dns,port
2025-07-19T23:02:53.002392+0700,103.195.142.196,87.98.154.119,53,26544,UDP,flow,failed,999277964143133,,1,1,0,1437,0,0.0,1,1437,0,none,0,none,0,0,0,no_alert_unknown,no_alert_not_final_benign,-1,dns,port
2025-07-19T23:02:53.002428+0700,103.195.142.74,118.98.44.100,50821,53,UDP,flow,dns,1586788384418467,,1,1,0,79,0,0.0,1,79,0,none,0,none,0,0,0,no_alert_unknown,no_alert_not_final_benign,-1,dns,app_proto+port
2025-07-19T23:02:53.002473+0700,103.195.142.74,118.98.44.100,61955,53,UDP,flow,dns,1260801975561089,,1,1,0,214,0,0.0,1,214,0,none,0,none,0,0,0,no_alert_unknown,no_alert_not_final_benign,-1,dns,app_proto+port
2025-07-19T23:02:53.002554+0700,103.195.142.74,118.98.44.50,9914,53,UDP,flow,dns,1328735755611129,,1,1,0,74,0,0.0,1,74,0,none,0,none,0,0,0,no_alert_unknown,no_alert_not_final_benign,-1,dns,app_proto+port
2025-07-19T23:02:53.002628+0700,103.195.142.76,87.98.154.226,53,40072,UDP,flow,failed,1419917754084502,,1,1,0,1469,0,0.0,1,1469,0,none,0,none,0,0,0,no_alert_unknown,no_alert_not_final_benign,-1,dns,port
2025-07-19T23:02:53.002651+0700,103.195.142.196,87.98.154.85,53,39623,UDP,flow,failed,1239914097716437,,1,1,0,1437,0,0.0,1,1437,0,none,0,none,0,0,0,no_alert_unknown,no_alert_not_final_benign,-1,dns,port
2025-07-19T23:02:53.002670+0700,103.195.142.74,202.134.0.155,45000,53,UDP,flow,dns,1682047920942751,,1,1,0,220,0,0.0,1,220,0,none,0,none,0,0,0,no_alert_unknown,no_alert_not_final_benign,-1,dns,app_proto+port
2025-07-19T23:02:53.002690+0700,103.195.142.74,118.98.44.20,3563,53,UDP,flow,dns,1305976275054244,,1,1,0,184,0,0.0,1,184,0,none,0,none,0,0,0,no_alert_unknown,no_alert_not_final_benign,-1,dns,app_proto+port
2025-07-19T23:02:53.002709+0700,103.195.142.74,118.98.44.20,23459,53,UDP,flow,dns,1501041354649347,,1,1,0,241,0,0.0,1,241,0,none,0,none,0,0,0,no_alert_unknown,no_alert_not_final_benign,-1,dns,app_proto+port
2025-07-19T23:02:53.002741+0700,103.195.142.46,87.98.154.167,53,50632,UDP,flow,failed,1432163527339790,,1,1,0,1437,0,0.0,1,1437,0,none,0,none,0,0,0,no_alert_unknown,no_alert_not_final_benign,-1,dns,port
2025-07-19T23:02:53.002779+0700,103.195.142.83,87.98.154.30,53,17234,UDP,flow,failed,1385377917677472,,1,1,0,1190,0,0.0,1,1190,0,none,0,none,0,0,0,no_alert_unknown,no_alert_not_final_benign,-1,dns,port
2025-07-19T23:02:53.002798+0700,103.195.142.74,202.134.0.155,28657,53,UDP,flow,dns,1539344370937830,,1,1,0,232,0,0.0,1,232,0,none,0,none,0,0,0,no_alert_unknown,no_alert_not_final_benign,-1,dns,app_proto+port
2025-07-19T23:02:53.002840+0700,103.195.142.74,202.134.0.155,57259,53,UDP,flow,dns,1267594560778457,,1,1,0,214,0,0.0,1,214,0,none,0,none,0,0,0,no_alert_unknown,no_alert_not_final_benign,-1,dns,app_proto+port
2025-07-19T23:02:53.002907+0700,103.195.142.74,118.98.44.20,46822,53,UDP,flow,dns,1286857795416360,,1,1,0,106,0,0.0,1,106,0,none,0,none,0,0,0,no_alert_unknown,no_alert_not_final_benign,-1,dns,app_proto+port
2025-07-19T23:02:53.002927+0700,103.195.142.74,118.98.44.100,15017,53,UDP,flow,dns,175549586715142,,1,2,0,204,0,5.0,2,204,0,none,0,none,0,0,0,no_alert_unknown,no_alert_not_final_benign,-1,dns,app_proto+port
2025-07-19T23:02:53.002947+0700,103.195.142.76,87.98.154.119,53,43518,UDP,flow,failed,1322748333437695,,1,1,0,1469,0,0.0,1,1469,0,none,0,none,0,0,0,no_alert_unknown,no_alert_not_final_benign,-1,dns,port
2025-07-19T23:02:53.002966+0700,103.195.142.74,118.98.44.20,44161,53,UDP,flow,dns,1532980987802380,,1,1,0,85,0,0.0,1,85,0,none,0,none,0,0,0,no_alert_unknown,no_alert_not_final_benign,-1,dns,app_proto+port
2025-07-19T23:02:53.003009+0700,103.195.142.74,202.134.0.155,65500,53,UDP,flow,dns,1619887227057239,,1,1,0,241,0,0.0,1,241,0,none,0,none,0,0,0,no_alert_unknown,no_alert_not_final_benign,-1,dns,app_proto+port
2025-07-19T23:02:53.003029+0700,103.195.142.75,8.8.8.8,31646,53,UDP,flow,dns,1415975655421150,,1,1,0,85,0,0.0,1,85,0,none,0,none,0,0,0,no_alert_unknown,no_alert_not_final_benign,-1,dns,app_proto+port
2025-07-19T23:02:53.003054+0700,103.195.142.83,87.98.154.119,53,15450,UDP,flow,failed,1469966774023447,,1,1,0,1190,0,0.0,1,1190,0,none,0,none,0,0,0,no_alert_unknown,no_alert_not_final_benign,-1,dns,port
2025-07-19T23:02:53.003135+0700,103.195.142.165,87.98.154.119,53,15138,UDP,flow,failed,1457295031252405,,1,1,0,1437,0,0.0,1,1437,0,none,0,none,0,0,0,no_alert_unknown,no_alert_not_final_benign,-1,dns,port
2025-07-19T23:02:53.003154+0700,103.195.142.74,118.98.44.20,24270,53,UDP,flow,dns,1287115158894323,,1,1,0,82,0,0.0,1,82,0,none,0,none,0,0,0,no_alert_unknown,no_alert_not_final_benign,-1,dns,app_proto+port
2025-07-19T23:02:53.003180+0700,103.195.142.195,87.98.154.124,53,63399,UDP,flow,failed,1430745855735569,,1,1,0,1437,0,0.0,1,1437,0,none,0,none,0,0,0,no_alert_unknown,no_alert_not_final_benign,-1,dns,port
2025-07-19T23:02:53.003200+0700,103.195.142.83,87.98.154.119,53,22416,UDP,flow,failed,1160918607313202,,1,1,0,1190,0,0.0,1,1190,0,none,0,none,0,0,0,no_alert_unknown,no_alert_not_final_benign,-1,dns,port
2025-07-19T23:02:53.003249+0700,103.195.142.165,87.98.154.119,53,26603,UDP,flow,failed,1309986265545068,,1,1,0,1437,0,0.0,1,1437,0,none,0,none,0,0,0,no_alert_unknown,no_alert_not_final_benign,-1,dns,port
2025-07-19T23:02:53.003290+0700,103.195.142.3,167.172.73.100,53,31707,UDP,flow,failed,1562487952488851,,1,1,0,176,0,0.0,1,176,0,none,0,none,0,0,0,no_alert_unknown,no_alert_not_final_benign,-1,dns,port
2025-07-19T23:02:53.003328+0700,103.195.142.74,118.98.44.100,61781,53,UDP,flow,dns,1265768502508034,,1,1,0,68,0,0.0,1,68,0,none,0,none,0,0,0,no_alert_unknown,no_alert_not_final_benign,-1,dns,app_proto+port
2025-07-19T23:02:53.003393+0700,103.195.142.74,118.98.44.100,49843,53,UDP,flow,dns,1497148458646177,,1,1,0,214,0,0.0,1,214,0,none,0,none,0,0,0,no_alert_unknown,no_alert_not_final_benign,-1,dns,app_proto+port
2025-07-19T23:02:53.003415+0700,103.195.142.2,167.99.74.14,53,41028,UDP,flow,failed,1563507281935010,,1,1,0,176,0,0.0,1,176,0,none,0,none,0,0,0,no_alert_unknown,no_alert_not_final_benign,-1,dns,port
2025-07-19T23:02:53.003435+0700,103.195.142.76,87.98.154.119,53,25137,UDP,flow,failed,1572174661925585,,1,1,0,1469,0,0.0,1,1469,0,none,0,none,0,0,0,no_alert_unknown,no_alert_not_final_benign,-1,dns,port
2025-07-19T23:02:53.003480+0700,103.195.142.3,18.140.177.114,53,34739,UDP,flow,failed,1533437213719469,,1,1,0,177,0,0.0,1,177,0,none,0,none,0,0,0,no_alert_unknown,no_alert_not_final_benign,-1,dns,port
2025-07-19T23:02:53.003499+0700,103.195.142.74,118.98.44.50,11366,53,UDP,flow,dns,1401369027656722,,1,1,0,214,0,0.0,1,214,0,none,0,none,0,0,0,no_alert_unknown,no_alert_not_final_benign,-1,dns,app_proto+port
2025-07-19T23:02:53.003541+0700,103.195.142.109,87.98.154.201,53,16380,UDP,flow,failed,1470818640051471,,1,1,0,1437,0,0.0,1,1437,0,none,0,none,0,0,0,no_alert_unknown,no_alert_not_final_benign,-1,dns,port
2025-07-19T23:02:53.003569+0700,103.195.142.165,87.98.154.119,53,14047,UDP,flow,failed,1628516170710484,,1,1,0,1437,0,0.0,1,1437,0,none,0,none,0,0,0,no_alert_unknown,no_alert_not_final_benign,-1,dns,port
2025-07-19T23:02:53.003590+0700,103.195.142.196,87.98.154.97,53,34657,UDP,flow,failed,1484752244555269,,1,1,0,1437,0,0.0,1,1437,0,none,0,none,0,0,0,no_alert_unknown,no_alert_not_final_benign,-1,dns,port
2025-07-19T23:02:53.003609+0700,103.195.142.83,87.98.154.146,53,49170,UDP,flow,failed,865816992595568,,1,3,0,3570,0,10.0,3,3570,0,none,0,none,0,0,0,no_alert_unknown,no_alert_not_final_benign,-1,dns,port
2025-07-19T23:02:53.003628+0700,103.195.142.75,8.8.8.8,39697,53,UDP,flow,dns,441131580374663,,1,2,0,450,0,4.0,2,450,0,none,0,none,0,0,0,no_alert_unknown,no_alert_not_final_benign,-1,dns,app_proto+port
2025-07-19T23:02:53.003648+0700,103.195.142.196,87.98.154.33,53,51521,UDP,flow,failed,1474350713192079,,1,1,0,1437,0,0.0,1,1437,0,none,0,none,0,0,0,no_alert_unknown,no_alert_not_final_benign,-1,dns,port
2025-07-19T23:02:53.003667+0700,103.195.142.109,87.98.154.119,53,14039,UDP,flow,failed,1181664476118703,,1,1,0,1437,0,0.0,1,1437,0,none,0,none,0,0,0,no_alert_unknown,no_alert_not_final_benign,-1,dns,port
2025-07-19T23:02:53.003686+0700,103.195.142.195,87.98.154.117,53,42245,UDP,flow,failed,1504419565125305,,1,1,0,1437,0,0.0,1,1437,0,none,0,none,0,0,0,no_alert_unknown,no_alert_not_final_benign,-1,dns,port
2025-07-19T23:02:53.003722+0700,103.195.142.195,87.98.154.119,53,36798,UDP,flow,failed,1350365720657722,,1,1,0,1437,0,0.0,1,1437,0,none,0,none,0,0,0,no_alert_unknown,no_alert_not_final_benign,-1,dns,port
2025-07-19T23:02:53.004096+0700,103.195.142.74,118.98.44.20,19764,53,UDP,flow,dns,1134221511737233,,1,1,0,220,0,0.0,1,220,0,none,0,none,0,0,0,no_alert_unknown,no_alert_not_final_benign,-1,dns,app_proto+port
2025-07-19T23:02:53.004184+0700,103.195.142.165,87.98.154.119,53,22533,UDP,flow,failed,1582963874774984,,1,1,0,1437,0,0.0,1,1437,0,none,0,none,0,0,0,no_alert_unknown,no_alert_not_final_benign,-1,dns,port
2025-07-19T23:02:53.004204+0700,103.195.142.83,87.98.154.117,53,16475,UDP,flow,failed,1434820514922480,,1,1,0,1190,0,0.0,1,1190,0,none,0,none,0,0,0,no_alert_unknown,no_alert_not_final_benign,-1,dns,port
2025-07-19T23:02:53.004326+0700,103.195.142.74,118.98.44.100,57339,53,UDP,flow,dns,1193338281377883,,1,1,0,83,0,0.0,1,83,0,none,0,none,0,0,0,no_alert_unknown,no_alert_not_final_benign,-1,dns,app_proto+port
2025-07-19T23:02:53.004350+0700,103.195.142.76,87.98.154.146,53,2700,UDP,flow,failed,1392181062254709,,1,1,0,1469,0,0.0,1,1469,0,none,0,none,0,0,0,no_alert_unknown,no_alert_not_final_benign,-1,dns,port
2025-07-19T23:02:53.004396+0700,103.195.142.74,202.134.0.155,29429,53,UDP,flow,dns,1137494177726620,,1,1,0,196,0,0.0,1,196,0,none,0,none,0,0,0,no_alert_unknown,no_alert_not_final_benign,-1,dns,app_proto+port
2025-07-19T23:02:53.004456+0700,103.195.142.75,8.8.8.8,39146,53,UDP,flow,dns,1343635493863652,,1,1,0,101,0,0.0,1,101,0,none,0,none,0,0,0,no_alert_unknown,no_alert_not_final_benign,-1,dns,app_proto+port
2025-07-19T23:02:53.004597+0700,103.195.142.3,172.70.116.71,53,16827,UDP,flow,failed,1462383213855327,,1,1,0,188,0,0.0,1,188,0,none,0,none,0,0,0,no_alert_unknown,no_alert_not_final_benign,-1,dns,port
2025-07-19T23:02:53.013952+0700,103.195.142.74,118.98.44.20,62506,53,UDP,dns,,1467299159063157,wire/pcap,0,0,0,0,0,0.0,0,0,0,none,0,none,0,0,0,no_alert_unknown,no_alert_not_final_benign,-1,dns,port
2025-07-19T23:02:53.014764+0700,103.195.142.74,118.98.44.100,42563,53,UDP,dns,,1470789244821590,wire/pcap,0,0,0,0,0,0.0,0,0,0,none,0,none,0,0,0,no_alert_unknown,no_alert_not_final_benign,-1,dns,port
2025-07-19T23:02:53.038805+0700,103.195.142.74,118.98.44.50,64521,53,UDP,dns,,1574043978622442,wire/pcap,0,0,0,0,0,0.0,0,0,0,none,0,none,0,0,0,no_alert_unknown,no_alert_not_final_benign,-1,dns,port
2025-07-19T23:02:53.064738+0700,103.195.142.75,8.8.8.8,37595,53,UDP,dns,,1685426074141268,wire/pcap,0,0,0,0,0,0.0,0,0,0,none,0,none,0,0,0,no_alert_unknown,no_alert_not_final_benign,-1,dns,port
2025-07-19T23:02:53.074906+0700,103.195.142.74,118.98.44.50,33878,53,UDP,dns,,1447619278785383,wire/pcap,0,0,0,0,0,0.0,0,0,0,none,0,none,0,0,0,no_alert_unknown,no_alert_not_final_benign,-1,dns,port
2025-07-19T23:02:53.075201+0700,103.195.142.74,118.98.44.20,45218,53,UDP,dns,,1448887850369363,wire/pcap,0,0,0,0,0,0.0,0,0,0,none,0,none,0,0,0,no_alert_unknown,no_alert_not_final_benign,-1,dns,port
2025-07-19T23:02:53.075266+0700,103.195.142.74,118.98.44.50,21390,53,UDP,dns,,1449167677603416,wire/pcap,0,0,0,0,0,0.0,0,0,0,none,0,none,0,0,0,no_alert_unknown,no_alert_not_final_benign,-1,dns,port
2025-07-19T23:02:53.075375+0700,103.195.142.196,87.98.154.153,53,5739,UDP,flow,failed,1967228956556888,,1,1,0,1437,0,0.0,1,1437,0,none,0,none,0,0,0,no_alert_unknown,no_alert_not_final_benign,-1,dns,port
2025-07-19T23:02:53.117922+0700,103.195.142.74,118.98.44.50,7231,53,UDP,dns,,1632373384474413,wire/pcap,0,0,0,0,0,0.0,0,0,0,none,0,none,0,0,0,no_alert_unknown,no_alert_not_final_benign,-1,dns,port
2025-07-19T23:02:53.118044+0700,103.195.142.74,118.98.44.50,22619,53,UDP,dns,,1632898067059649,wire/pcap,0,0,0,0,0,0.0,0,0,0,none,0,none,0,0,0,no_alert_unknown,no_alert_not_final_benign,-1,dns,port
2025-07-19T23:02:53.127767+0700,103.195.142.74,118.98.44.100,64904,53,UDP,dns,,1674655036562921,wire/pcap,0,0,0,0,0,0.0,0,0,0,none,0,none,0,0,0,no_alert_unknown,no_alert_not_final_benign,-1,dns,port
2025-07-19T23:02:53.129984+0700,103.195.142.74,118.98.44.50,23117,53,UDP,dns,,1684177767541349,wire/pcap,0,0,0,0,0,0.0,0,0,0,none,0,none,0,0,0,no_alert_unknown,no_alert_not_final_benign,-1,dns,port
2025-07-19T23:02:53.137452+0700,103.195.142.74,118.98.44.50,36595,53,UDP,dns,,1434777518893614,wire/pcap,0,0,0,0,0,0.0,0,0,0,none,0,none,0,0,0,no_alert_unknown,no_alert_not_final_benign,-1,dns,port
2025-07-19T23:02:53.180644+0700,103.195.142.74,185.67.45.232,41313,53,UDP,dns,,1620287732924158,wire/pcap,0,0,0,0,0,0.0,0,0,0,none,0,none,0,0,0,no_alert_unknown,no_alert_not_final_benign,-1,dns,port
2025-07-19T23:02:53.184072+0700,103.195.142.75,8.8.8.8,43352,53,UDP,dns,,1635009617900090,wire/pcap,0,0,0,0,0,0.0,0,0,0,none,0,none,0,0,0,no_alert_unknown,no_alert_not_final_benign,-1,dns,port
2025-07-19T23:02:53.187696+0700,103.195.142.74,118.98.44.100,52771,53,UDP,dns,,1650576442546661,wire/pcap,0,0,0,0,0,0.0,0,0,0,none,0,none,0,0,0,no_alert_unknown,no_alert_not_final_benign,-1,dns,port
2025-07-19T23:02:53.201150+0700,103.195.142.196,87.98.154.69,53,17446,UDP,flow,failed,1874151034523979,,1,1,0,1437,0,0.0,1,1437,0,none,0,none,0,0,0,no_alert_unknown,no_alert_not_final_benign,-1,dns,port
2025-07-19T23:02:53.210152+0700,103.195.142.74,202.134.0.155,64935,53,UDP,dns,,1465549883245782,wire/pcap,0,0,0,0,0,0.0,0,0,0,none,0,none,0,0,0,no_alert_unknown,no_alert_not_final_benign,-1,dns,port
2025-07-19T23:02:53.210271+0700,103.195.142.74,118.98.44.100,5048,53,UDP,dns,,1466058013673928,wire/pcap,0,0,0,0,0,0.0,0,0,0,none,0,none,0,0,0,no_alert_unknown,no_alert_not_final_benign,-1,dns,port
2025-07-19T23:02:53.210353+0700,103.195.142.74,118.98.44.50,12745,53,UDP,dns,,1466413049274332,wire/pcap,0,0,0,0,0,0.0,0,0,0,none,0,none,0,0,0,no_alert_unknown,no_alert_not_final_benign,-1,dns,port
2025-07-19T23:02:53.210491+0700,103.195.142.74,118.98.44.20,27561,53,UDP,dns,,1467002910305739,wire/pcap,0,0,0,0,0,0.0,0,0,0,none,0,none,0,0,0,no_alert_unknown,no_alert_not_final_benign,-1,dns,port
2025-07-19T23:02:53.210943+0700,103.195.142.74,118.98.44.50,55954,53,UDP,dns,,1468945833230428,wire/pcap,0,0,0,0,0,0.0,0,0,0,none,0,none,0,0,0,no_alert_unknown,no_alert_not_final_benign,-1,dns,port
2025-07-19T23:02:53.224190+0700,103.195.142.74,118.98.44.100,50098,53,UDP,dns,,1525839932567119,wire/pcap,0,0,0,0,0,0.0,0,0,0,none,0,none,0,0,0,no_alert_unknown,no_alert_not_final_benign,-1,dns,port
2025-07-19T23:02:53.224263+0700,103.195.142.74,118.98.44.20,26722,53,UDP,dns,,1526153923484570,wire/pcap,0,0,0,0,0,0.0,0,0,0,none,0,none,0,0,0,no_alert_unknown,no_alert_not_final_benign,-1,dns,port
2025-07-19T23:02:53.224330+0700,103.195.142.74,118.98.44.100,63222,53,UDP,dns,,1526442557357466,wire/pcap,0,0,0,0,0,0.0,0,0,0,none,0,none,0,0,0,no_alert_unknown,no_alert_not_final_benign,-1,dns,port
2025-07-19T23:02:53.228148+0700,103.195.142.75,8.8.8.8,25030,53,UDP,dns,,1542838314580484,wire/pcap,0,0,0,0,0,0.0,0,0,0,none,0,none,0,0,0,no_alert_unknown,no_alert_not_final_benign,-1,dns,port
2025-07-19T23:02:53.241854+0700,103.195.142.74,202.134.0.155,3638,53,UDP,dns,,1601707394667330,wire/pcap,0,0,0,0,0,0.0,0,0,0,none,0,none,0,0,0,no_alert_unknown,no_alert_not_final_benign,-1,dns,port
2025-07-19T23:02:53.247082+0700,103.195.142.74,118.98.44.50,23786,53,UDP,dns,,1624159305345014,wire/pcap,0,0,0,0,0,0.0,0,0,0,none,0,none,0,0,0,no_alert_unknown,no_alert_not_final_benign,-1,dns,port
2025-07-19T23:02:53.259343+0700,103.195.142.74,118.98.44.50,8704,53,UDP,dns,,1676822107921659,wire/pcap,0,0,0,0,0,0.0,0,0,0,none,0,none,0,0,0,no_alert_unknown,no_alert_not_final_benign,-1,dns,port
2025-07-19T23:02:53.259671+0700,103.195.142.74,202.134.0.155,17817,53,UDP,dns,,1678228673936376,wire/pcap,0,0,0,0,0,0.0,0,0,0,none,0,none,0,0,0,no_alert_unknown,no_alert_not_final_benign,-1,dns,port
2025-07-19T23:02:53.277864+0700,103.195.142.74,202.134.0.155,54006,53,UDP,dns,,1474893415991338,wire/pcap,0,0,0,0,0,0.0,0,0,0,none,0,none,0,0,0,no_alert_unknown,no_alert_not_final_benign,-1,dns,port
2025-07-19T23:02:53.291193+0700,103.195.142.74,118.98.44.20,8029,53,UDP,dns,,1532142278449608,wire/pcap,0,0,0,0,0,0.0,0,0,0,none,0,none,0,0,0,no_alert_unknown,no_alert_not_final_benign,-1,dns,port
2025-07-19T23:02:53.298095+0700,103.195.142.74,202.134.0.155,48907,53,UDP,flow,dns,1805494064684075,,1,1,0,74,0,0.0,1,74,0,none,0,none,0,0,0,no_alert_unknown,no_alert_not_final_benign,-1,dns,app_proto+port
2025-07-19T23:02:53.309023+0700,103.195.142.74,118.98.44.50,21233,53,UDP,dns,,1608719657558877,wire/pcap,0,0,0,0,0,0.0,0,0,0,none,0,none,0,0,0,no_alert_unknown,no_alert_not_final_benign,-1,dns,port
2025-07-19T23:02:53.310940+0700,103.195.142.74,202.134.0.155,57146,53,UDP,dns,,1616955886238853,wire/pcap,0,0,0,0,0,0.0,0,0,0,none,0,none,0,0,0,no_alert_unknown,no_alert_not_final_benign,-1,dns,port
2025-07-19T23:02:53.311167+0700,103.195.142.74,202.134.0.155,45748,53,UDP,dns,,1617928344747034,wire/pcap,0,0,0,0,0,0.0,0,0,0,none,0,none,0,0,0,no_alert_unknown,no_alert_not_final_benign,-1,dns,port
2025-07-19T23:02:53.335900+0700,103.195.142.74,118.98.44.100,37925,53,UDP,dns,,1442681195183971,wire/pcap,0,0,0,0,0,0.0,0,0,0,none,0,none,0,0,0,no_alert_unknown,no_alert_not_final_benign,-1,dns,port
2025-07-19T23:02:53.359371+0700,103.195.142.74,118.98.44.20,3738,53,UDP,dns,,1543488936545696,wire/pcap,0,0,0,0,0,0.0,0,0,0,none,0,none,0,0,0,no_alert_unknown,no_alert_not_final_benign,-1,dns,port
2025-07-19T23:02:53.379222+0700,103.195.142.74,118.98.44.100,39254,53,UDP,dns,,1628747766216254,wire/pcap,0,0,0,0,0,0.0,0,0,0,none,0,none,0,0,0,no_alert_unknown,no_alert_not_final_benign,-1,dns,port
2025-07-19T23:02:53.409285+0700,103.195.142.74,118.98.44.100,25998,53,UDP,dns,,1476391609201574,wire/pcap,0,0,0,0,0,0.0,0,0,0,none,0,none,0,0,0,no_alert_unknown,no_alert_not_final_benign,-1,dns,port
2025-07-19T23:02:53.420904+0700,103.195.142.74,118.98.44.50,15781,53,UDP,dns,,1526298011841132,wire/pcap,0,0,0,0,0,0.0,0,0,0,none,0,none,0,0,0,no_alert_unknown,no_alert_not_final_benign,-1,dns,port
2025-07-19T23:02:53.423751+0700,103.195.142.74,202.134.0.155,35063,53,UDP,dns,,1538524929723138,wire/pcap,0,0,0,0,0,0.0,0,0,0,none,0,none,0,0,0,no_alert_unknown,no_alert_not_final_benign,-1,dns,port
2025-07-19T23:02:53.432501+0700,103.195.142.74,202.134.0.155,48667,53,UDP,dns,,1576104160464701,wire/pcap,0,0,0,0,0,0.0,0,0,0,none,0,none,0,0,0,no_alert_unknown,no_alert_not_final_benign,-1,dns,port
2025-07-19T23:02:53.494370+0700,103.195.142.74,118.98.44.20,36884,53,UDP,dns,,1560353936073708,wire/pcap,0,0,0,0,0,0.0,0,0,0,none,0,none,0,0,0,no_alert_unknown,no_alert_not_final_benign,-1,dns,port
2025-07-19T23:02:53.513208+0700,103.195.142.74,118.98.44.50,14263,53,UDP,dns,,1641264581191263,wire/pcap,0,0,0,0,0,0.0,0,0,0,none,0,none,0,0,0,no_alert_unknown,no_alert_not_final_benign,-1,dns,port
2025-07-19T23:02:53.540980+0700,103.195.142.74,69.39.238.36,59604,53,UDP,dns,,1479066677723159,wire/pcap,0,0,0,0,0,0.0,0,0,0,none,0,none,0,0,0,no_alert_unknown,no_alert_not_final_benign,-1,dns,port
2025-07-19T23:02:53.544081+0700,103.195.142.75,8.8.8.8,50645,53,UDP,dns,,1492389086737576,wire/pcap,0,0,0,0,0,0.0,0,0,0,none,0,none,0,0,0,no_alert_unknown,no_alert_not_final_benign,-1,dns,port
2025-07-19T23:02:53.657834+0700,103.195.142.74,118.98.44.100,60625,53,UDP,dns,,1418004681154199,wire/pcap,0,0,0,0,0,0.0,0,0,0,none,0,none,0,0,0,no_alert_unknown,no_alert_not_final_benign,-1,dns,port
2025-07-19T23:02:53.658040+0700,103.195.142.74,118.98.44.100,43828,53,UDP,dns,,1418887221535841,wire/pcap,0,0,0,0,0,0.0,0,0,0,none,0,none,0,0,0,no_alert_unknown,no_alert_not_final_benign,-1,dns,port
2025-07-19T23:02:53.658426+0700,103.195.142.74,118.98.44.20,13330,53,UDP,dns,,1420544380404527,wire/pcap,0,0,0,0,0,0.0,0,0,0,none,0,none,0,0,0,no_alert_unknown,no_alert_not_final_benign,-1,dns,port
2025-07-19T23:02:53.677253+0700,103.195.142.74,118.98.44.20,17932,53,UDP,dns,,1501406917269257,wire/pcap,0,0,0,0,0,0.0,0,0,0,none,0,none,0,0,0,no_alert_unknown,no_alert_not_final_benign,-1,dns,port
2025-07-19T23:02:53.700390+0700,103.195.142.74,118.98.44.50,30418,53,UDP,dns,,1600777787229202,wire/pcap,0,0,0,0,0,0.0,0,0,0,none,0,none,0,0,0,no_alert_unknown,no_alert_not_final_benign,-1,dns,port
2025-07-19T23:02:53.729293+0700,103.195.142.75,8.8.8.8,33828,53,UDP,dns,,1443440599045218,wire/pcap,0,0,0,0,0,0.0,0,0,0,none,0,none,0,0,0,no_alert_unknown,no_alert_not_final_benign,-1,dns,port
2025-07-19T23:02:53.733714+0700,103.195.142.74,202.134.0.155,6796,53,UDP,dns,,1462430001177635,wire/pcap,0,0,0,0,0,0.0,0,0,0,none,0,none,0,0,0,no_alert_unknown,no_alert_not_final_benign,-1,dns,port
2025-07-19T23:02:53.742561+0700,103.195.142.75,8.8.8.8,41887,53,UDP,dns,,1500426759384979,wire/pcap,0,0,0,0,0,0.0,0,0,0,none,0,none,0,0,0,no_alert_unknown,no_alert_not_final_benign,-1,dns,port
2025-07-19T23:02:53.743513+0700,103.195.142.75,8.8.8.8,15253,53,UDP,dns,,1504517806437327,wire/pcap,0,0,0,0,0,0.0,0,0,0,none,0,none,0,0,0,no_alert_unknown,no_alert_not_final_benign,-1,dns,port
2025-07-19T23:02:53.743692+0700,103.195.142.75,8.8.8.8,34156,53,UDP,dns,,1505286207300089,wire/pcap,0,0,0,0,0,0.0,0,0,0,none,0,none,0,0,0,no_alert_unknown,no_alert_not_final_benign,-1,dns,port
2025-07-19T23:02:53.781566+0700,103.195.142.75,8.8.8.8,14504,53,UDP,flow,dns,1944955952131213,,1,1,0,86,0,0.0,1,86,0,none,0,none,0,0,0,no_alert_unknown,no_alert_not_final_benign,-1,dns,app_proto+port
2025-07-19T23:02:53.802191+0700,103.195.142.75,8.8.8.8,24668,53,UDP,dns,,1475060824776492,wire/pcap,0,0,0,0,0,0.0,0,0,0,none,0,none,0,0,0,no_alert_unknown,no_alert_not_final_benign,-1,dns,port
2025-07-19T23:02:53.802242+0700,103.195.142.74,118.98.44.100,5233,53,UDP,dns,,1475282578428806,wire/pcap,0,0,0,0,0,0.0,0,0,0,none,0,none,0,0,0,no_alert_unknown,no_alert_not_final_benign,-1,dns,port
2025-07-19T23:02:53.802353+0700,103.195.142.74,118.98.44.20,11377,53,UDP,dns,,1475755715195081,wire/pcap,0,0,0,0,0,0.0,0,0,0,none,0,none,0,0,0,no_alert_unknown,no_alert_not_final_benign,-1,dns,port
2025-07-19T23:02:53.854981+0700,103.195.142.75,8.8.8.8,42078,53,UDP,dns,,1420316414287153,wire/pcap,0,0,0,0,0,0.0,0,0,0,none,0,none,0,0,0,no_alert_unknown,no_alert_not_final_benign,-1,dns,port
2025-07-19T23:02:53.870148+0700,103.195.142.74,118.98.44.20,43317,53,UDP,dns,,1485461351440439,wire/pcap,0,0,0,0,0,0.0,0,0,0,none,0,none,0,0,0,no_alert_unknown,no_alert_not_final_benign,-1,dns,port
2025-07-19T23:02:53.870124+0700,103.195.142.74,202.134.0.155,57582,53,UDP,dns,,1485357672744385,wire/pcap,0,0,0,0,0,0.0,0,0,0,none,0,none,0,0,0,no_alert_unknown,no_alert_not_final_benign,-1,dns,port
2025-07-19T23:02:53.870304+0700,103.195.142.74,118.98.44.100,48658,53,UDP,dns,,1486129628268733,wire/pcap,0,0,0,0,0,0.0,0,0,0,none,0,none,0,0,0,no_alert_unknown,no_alert_not_final_benign,-1,dns,port
2025-07-19T23:02:53.893068+0700,103.195.142.74,118.98.44.50,5238,53,UDP,dns,,1583902172691293,wire/pcap,0,0,0,0,0,0.0,0,0,0,none,0,none,0,0,0,no_alert_unknown,no_alert_not_final_benign,-1,dns,port
2025-07-19T23:02:53.900637+0700,103.195.142.74,118.98.44.20,20719,53,UDP,dns,,1616406650668635,wire/pcap,0,0,0,0,0,0.0,0,0,0,none,0,none,0,0,0,no_alert_unknown,no_alert_not_final_benign,-1,dns,port
2025-07-19T23:02:53.900926+0700,103.195.142.74,118.98.44.20,15394,53,UDP,dns,,1617649595098073,wire/pcap,0,0,0,0,0,0.0,0,0,0,none,0,none,0,0,0,no_alert_unknown,no_alert_not_final_benign,-1,dns,port
2025-07-19T23:02:53.916762+0700,103.195.142.108,8.8.8.8,1900,53,UDP,dns,,1216074754602613,wire/pcap,0,0,0,0,0,0.0,0,0,0,none,0,none,0,0,0,no_alert_unknown,no_alert_not_final_benign,-1,dns,port
2025-07-19T23:02:53.919829+0700,103.195.142.195,87.98.154.119,53,13269,UDP,flow,failed,1670965460353697,,1,1,0,1437,0,0.0,1,1437,0,none,0,none,0,0,0,no_alert_unknown,no_alert_not_final_benign,-1,dns,port
2025-07-19T23:02:53.920496+0700,103.195.142.74,118.98.44.50,3330,53,UDP,dns,,1420228233817289,wire/pcap,0,0,0,0,0,0.0,0,0,0,none,0,none,0,0,0,no_alert_unknown,no_alert_not_final_benign,-1,dns,port
2025-07-19T23:02:53.930510+0700,103.195.142.74,118.98.44.100,37930,53,UDP,dns,,1463237505514958,wire/pcap,0,0,0,0,0,0.0,0,0,0,none,0,none,0,0,0,no_alert_unknown,no_alert_not_final_benign,-1,dns,port
2025-07-19T23:02:53.936368+0700,103.195.142.75,216.38.8.120,9657,53,UDP,dns,,1488398805037940,wire/pcap,0,0,0,0,0,0.0,0,0,0,none,0,none,0,0,0,no_alert_unknown,no_alert_not_final_benign,-1,dns,port
2025-07-19T23:02:53.947562+0700,103.195.142.74,69.39.238.36,30597,53,UDP,dns,,1536473335714274,wire/pcap,0,0,0,0,0,0.0,0,0,0,none,0,none,0,0,0,no_alert_unknown,no_alert_not_final_benign,-1,dns,port
2025-07-19T23:02:53.950381+0700,103.195.142.74,118.98.44.50,10160,53,UDP,dns,,1548582624388356,wire/pcap,0,0,0,0,0,0.0,0,0,0,none,0,none,0,0,0,no_alert_unknown,no_alert_not_final_benign,-1,dns,port
2025-07-19T23:02:53.955076+0700,103.195.142.74,202.134.0.155,51387,53,UDP,dns,,1568748472704371,wire/pcap,0,0,0,0,0,0.0,0,0,0,none,0,none,0,0,0,no_alert_unknown,no_alert_not_final_benign,-1,dns,port
2025-07-19T23:02:53.964642+0700,103.195.142.74,118.98.44.20,62604,53,UDP,dns,,1609834668827903,wire/pcap,0,0,0,0,0,0.0,0,0,0,none,0,none,0,0,0,no_alert_unknown,no_alert_not_final_benign,-1,dns,port
2025-07-19T23:02:53.974348+0700,103.195.142.74,50.28.32.153,58736,53,UDP,flow,dns,1347717782750053,,1,1,0,85,0,0.0,1,85,0,none,0,none,0,0,0,no_alert_unknown,no_alert_not_final_benign,-1,dns,app_proto+port
2025-07-19T23:02:53.974420+0700,103.195.142.195,87.98.154.119,53,49785,UDP,flow,failed,1289644046402476,,1,1,0,1437,0,0.0,1,1437,0,none,0,none,0,0,0,no_alert_unknown,no_alert_not_final_benign,-1,dns,port
2025-07-19T23:02:53.974475+0700,103.195.142.74,118.98.44.50,16055,53,UDP,flow,dns,1853193255371784,,1,2,0,204,0,7.0,2,204,0,none,0,none,0,0,0,no_alert_unknown,no_alert_not_final_benign,-1,dns,app_proto+port
2025-07-19T23:02:53.974512+0700,103.195.142.76,87.98.154.150,53,2349,UDP,flow,failed,1491186803983527,,1,1,0,1469,0,0.0,1,1469,0,none,0,none,0,0,0,no_alert_unknown,no_alert_not_final_benign,-1,dns,port
2025-07-19T23:02:53.974532+0700,103.195.142.74,202.134.0.155,8284,53,UDP,flow,dns,1325992007812323,,1,1,0,232,0,0.0,1,232,0,none,0,none,0,0,0,no_alert_unknown,no_alert_not_final_benign,-1,dns,app_proto+port
2025-07-19T23:02:53.974553+0700,103.195.142.74,118.98.44.100,14623,53,UDP,flow,dns,1217956746347871,,1,1,0,214,0,0.0,1,214,0,none,0,none,0,0,0,no_alert_unknown,no_alert_not_final_benign,-1,dns,app_proto+port
2025-07-19T23:02:53.974573+0700,103.195.142.109,87.98.154.119,53,19506,UDP,flow,failed,1135730477745564,,1,1,0,1437,0,0.0,1,1437,0,none,0,none,0,0,0,no_alert_unknown,no_alert_not_final_benign,-1,dns,port
2025-07-19T23:02:53.974593+0700,103.195.142.75,8.8.8.8,58147,53,UDP,flow,dns,1422750649075314,,1,1,0,196,0,0.0,1,196,0,none,0,none,0,0,0,no_alert_unknown,no_alert_not_final_benign,-1,dns,app_proto+port
2025-07-19T23:02:53.974614+0700,103.195.142.75,8.8.8.8,43041,53,UDP,flow,dns,1647112240416419,,1,1,0,241,0,0.0,1,241,0,none,0,none,0,0,0,no_alert_unknown,no_alert_not_final_benign,-1,dns,app_proto+port
2025-07-19T23:02:53.974635+0700,103.195.142.165,87.98.154.125,53,32489,UDP,flow,failed,1504256552388469,,1,1,0,1437,0,0.0,1,1437,0,none,0,none,0,0,0,no_alert_unknown,no_alert_not_final_benign,-1,dns,port
2025-07-19T23:02:53.974693+0700,103.195.142.74,118.98.44.20,1626,53,UDP,flow,dns,1425025078642878,,1,1,0,80,0,0.0,1,80,0,none,0,none,0,0,0,no_alert_unknown,no_alert_not_final_benign,-1,dns,app_proto+port
2025-07-19T23:02:53.974717+0700,103.195.142.109,87.98.154.119,53,41429,UDP,flow,failed,1578305059998076,,1,1,0,1437,0,0.0,1,1437,0,none,0,none,0,0,0,no_alert_unknown,no_alert_not_final_benign,-1,dns,port
2025-07-19T23:02:53.974738+0700,103.195.142.74,202.134.0.155,16879,53,UDP,flow,dns,1517158800673351,,1,1,0,178,0,0.0,1,178,0,none,0,none,0,0,0,no_alert_unknown,no_alert_not_final_benign,-1,dns,app_proto+port
2025-07-19T23:02:53.974793+0700,103.195.142.74,202.134.0.155,56920,53,UDP,flow,dns,1606922705422972,,1,1,0,73,0,0.0,1,73,0,none,0,none,0,0,0,no_alert_unknown,no_alert_not_final_benign,-1,dns,app_proto+port
2025-07-19T23:02:53.974815+0700,103.195.142.195,87.98.154.119,53,33884,UDP,flow,failed,1415548789443227,,1,1,0,1437,0,0.0,1,1437,0,none,0,none,0,0,0,no_alert_unknown,no_alert_not_final_benign,-1,dns,port
2025-07-19T23:02:53.974880+0700,103.195.142.195,87.98.154.244,53,20571,UDP,flow,failed,1381323682663150,,1,1,0,1437,0,0.0,1,1437,0,none,0,none,0,0,0,no_alert_unknown,no_alert_not_final_benign,-1,dns,port
2025-07-19T23:02:53.974899+0700,103.195.142.196,87.98.154.119,53,17949,UDP,flow,failed,1522913318259467,,1,1,0,1437,0,0.0,1,1437,0,none,0,none,0,0,0,no_alert_unknown,no_alert_not_final_benign,-1,dns,port
2025-07-19T23:02:53.974941+0700,103.195.142.46,87.98.154.3,53,43331,UDP,flow,failed,1481886392110002,,1,1,0,1437,0,0.0,1,1437,0,none,0,none,0,0,0,no_alert_unknown,no_alert_not_final_benign,-1,dns,port
2025-07-19T23:02:53.974963+0700,103.195.142.195,87.98.154.244,53,51329,UDP,flow,failed,1302941536144315,,1,1,0,1437,0,0.0,1,1437,0,none,0,none,0,0,0,no_alert_unknown,no_alert_not_final_benign,-1,dns,port
2025-07-19T23:02:53.975034+0700,103.195.142.75,8.8.8.8,25580,53,UDP,flow,dns,85966191840391,,1,2,0,420,0,4.0,2,420,0,none,0,none,0,0,0,no_alert_unknown,no_alert_not_final_benign,-1,dns,app_proto+port
2025-07-19T23:02:53.975060+0700,103.195.142.83,87.98.154.194,53,31181,UDP,flow,failed,1339871515167957,,1,1,0,1190,0,0.0,1,1190,0,none,0,none,0,0,0,no_alert_unknown,no_alert_not_final_benign,-1,dns,port
2025-07-19T23:02:53.975079+0700,103.195.142.46,87.98.154.119,53,47202,UDP,flow,failed,1614438462573804,,1,1,0,1437,0,0.0,1,1437,0,none,0,none,0,0,0,no_alert_unknown,no_alert_not_final_benign,-1,dns,port
2025-07-19T23:02:53.975110+0700,103.195.142.75,8.8.8.8,1557,53,UDP,flow,dns,1557678862880357,,1,1,0,211,0,0.0,1,211,0,none,0,none,0,0,0,no_alert_unknown,no_alert_not_final_benign,-1,dns,app_proto+port
2025-07-19T23:02:53.975179+0700,103.195.142.83,87.98.154.119,53,14314,UDP,flow,failed,1314458673336242,,1,1,0,1190,0,0.0,1,1190,0,none,0,none,0,0,0,no_alert_unknown,no_alert_not_final_benign,-1,dns,port
2025-07-19T23:02:53.975211+0700,103.195.142.75,8.8.8.8,27489,53,UDP,flow,dns,1353810608574394,,1,1,0,214,0,0.0,1,214,0,none,0,none,0,0,0,no_alert_unknown,no_alert_not_final_benign,-1,dns,app_proto+port
2025-07-19T23:02:53.975287+0700,103.195.142.2,172.71.181.182,53,21105,UDP,flow,failed,1499374749339842,,1,1,0,215,0,0.0,1,215,0,none,0,none,0,0,0,no_alert_unknown,no_alert_not_final_benign,-1,dns,port
2025-07-19T23:02:53.975365+0700,103.195.142.76,87.98.154.119,53,45241,UDP,flow,failed,1629392564965580,,1,1,0,1469,0,0.0,1,1469,0,none,0,none,0,0,0,no_alert_unknown,no_alert_not_final_benign,-1,dns,port
2025-07-19T23:02:53.975547+0700,103.195.142.196,87.98.154.209,53,15553,UDP,flow,failed,1257645799756248,,1,1,0,1437,0,0.0,1,1437,0,none,0,none,0,0,0,no_alert_unknown,no_alert_not_final_benign,-1,dns,port
2025-07-19T23:02:53.975586+0700,103.195.142.83,87.98.154.119,53,39216,UDP,flow,failed,1633165916099085,,1,1,0,1190,0,0.0,1,1190,0,none,0,none,0,0,0,no_alert_unknown,no_alert_not_final_benign,-1,dns,port
2025-07-19T23:02:53.975623+0700,103.195.142.46,87.98.154.3,53,16863,UDP,flow,failed,1647998627992120,,1,1,0,1437,0,0.0,1,1437,0,none,0,none,0,0,0,no_alert_unknown,no_alert_not_final_benign,-1,dns,port
2025-07-19T23:02:53.975660+0700,103.195.142.196,87.98.154.119,53,50419,UDP,flow,failed,1534638153913026,,1,1,0,1437,0,0.0,1,1437,0,none,0,none,0,0,0,no_alert_unknown,no_alert_not_final_benign,-1,dns,port
2025-07-19T23:02:53.975751+0700,103.195.142.165,87.98.154.119,53,10231,UDP,flow,failed,1465496827515656,,1,1,0,1437,0,0.0,1,1437,0,none,0,none,0,0,0,no_alert_unknown,no_alert_not_final_benign,-1,dns,port
2025-07-19T23:02:53.975813+0700,103.195.142.2,172.217.43.158,53,37329,UDP,flow,failed,1688778986214160,,1,1,0,229,0,0.0,1,229,0,none,0,none,0,0,0,no_alert_unknown,no_alert_not_final_benign,-1,dns,port
2025-07-19T23:02:53.975859+0700,103.195.142.74,118.98.44.20,4812,53,UDP,flow,dns,1259955187536764,,1,1,0,112,0,0.0,1,112,0,none,0,none,0,0,0,no_alert_unknown,no_alert_not_final_benign,-1,dns,app_proto+port
2025-07-19T23:02:53.975960+0700,103.195.142.109,87.98.154.119,53,26840,UDP,flow,failed,1144867803157486,,1,1,0,1437,0,0.0,1,1437,0,none,0,none,0,0,0,no_alert_unknown,no_alert_not_final_benign,-1,dns,port
2025-07-19T23:02:53.976010+0700,103.195.142.74,118.98.44.100,33344,53,UDP,flow,dns,1427302754604253,,1,1,0,87,0,0.0,1,87,0,none,0,none,0,0,0,no_alert_unknown,no_alert_not_final_benign,-1,dns,app_proto+port
2025-07-19T23:02:53.976158+0700,103.195.142.76,87.98.154.119,53,28534,UDP,flow,failed,1143037958084048,,1,1,0,1469,0,0.0,1,1469,0,none,0,none,0,0,0,no_alert_unknown,no_alert_not_final_benign,-1,dns,port
2025-07-19T23:02:53.976324+0700,103.195.142.83,87.98.154.119,53,47814,UDP,flow,failed,1643222868612886,,1,1,0,1190,0,0.0,1,1190,0,none,0,none,0,0,0,no_alert_unknown,no_alert_not_final_benign,-1,dns,port
2025-07-19T23:02:53.976388+0700,103.195.142.74,118.98.44.50,31718,53,UDP,flow,dns,1312540322879840,,1,1,0,79,0,0.0,1,79,0,none,0,none,0,0,0,no_alert_unknown,no_alert_not_final_benign,-1,dns,app_proto+port
2025-07-19T23:02:53.976428+0700,103.195.142.74,118.98.44.20,16962,53,UDP,flow,dns,1162813676902903,,1,1,0,214,0,0.0,1,214,0,none,0,none,0,0,0,no_alert_unknown,no_alert_not_final_benign,-1,dns,app_proto+port
2025-07-19T23:02:53.976472+0700,103.195.142.74,118.98.44.20,59796,53,UDP,flow,dns,1279816077400593,,1,1,0,211,0,0.0,1,211,0,none,0,none,0,0,0,no_alert_unknown,no_alert_not_final_benign,-1,dns,app_proto+port
2025-07-19T23:02:53.976562+0700,103.195.142.109,87.98.154.119,53,23418,UDP,flow,failed,1476739186219625,,1,1,0,1437,0,0.0,1,1437,0,none,0,none,0,0,0,no_alert_unknown,no_alert_not_final_benign,-1,dns,port
2025-07-19T23:02:53.976601+0700,103.195.142.165,87.98.154.217,53,5579,UDP,flow,failed,1615787344845497,,1,1,0,1437,0,0.0,1,1437,0,none,0,none,0,0,0,no_alert_unknown,no_alert_not_final_benign,-1,dns,port
2025-07-19T23:02:53.976724+0700,103.195.142.165,87.98.154.153,53,5899,UDP,flow,failed,1239710290074378,,1,1,0,1437,0,0.0,1,1437,0,none,0,none,0,0,0,no_alert_unknown,no_alert_not_final_benign,-1,dns,port
2025-07-19T23:02:53.976795+0700,103.195.142.75,69.39.238.37,33902,53,UDP,flow,dns,1396820349344598,,1,1,0,74,0,0.0,1,74,0,none,0,none,0,0,0,no_alert_unknown,no_alert_not_final_benign,-1,dns,app_proto+port
2025-07-19T23:02:53.976818+0700,103.195.142.75,8.8.8.8,33146,53,UDP,flow,dns,1132235824028522,,1,1,0,68,0,0.0,1,68,0,none,0,none,0,0,0,no_alert_unknown,no_alert_not_final_benign,-1,dns,app_proto+port
2025-07-19T23:02:53.976943+0700,103.195.142.3,143.198.208.124,53,1492,UDP,flow,failed,1625229246062323,,1,1,0,133,0,0.0,1,133,0,none,0,none,0,0,0,no_alert_unknown,no_alert_not_final_benign,-1,dns,port
2025-07-19T23:02:53.976961+0700,103.195.142.196,87.98.154.41,53,3404,UDP,flow,failed,573623661944594,,1,3,0,4311,0,10.0,3,4311,0,none,0,none,0,0,0,no_alert_unknown,no_alert_not_final_benign,-1,dns,port
2025-07-19T23:02:53.977085+0700,103.195.142.165,87.98.154.119,53,22052,UDP,flow,failed,1491017247220106,,1,1,0,1437,0,0.0,1,1437,0,none,0,none,0,0,0,no_alert_unknown,no_alert_not_final_benign,-1,dns,port
2025-07-19T23:02:53.977151+0700,103.195.142.196,87.98.154.125,53,2927,UDP,flow,failed,1553173069881845,,1,1,0,1437,0,0.0,1,1437,0,none,0,none,0,0,0,no_alert_unknown,no_alert_not_final_benign,-1,dns,port
2025-07-19T23:02:53.977173+0700,103.195.142.74,118.98.44.50,9514,53,UDP,flow,dns,1646155101561412,,1,1,0,214,0,0.0,1,214,0,none,0,none,0,0,0,no_alert_unknown,no_alert_not_final_benign,-1,dns,app_proto+port
2025-07-19T23:02:53.977194+0700,103.195.142.74,118.98.44.100,54293,53,UDP,flow,dns,1632416280470175,,1,1,0,82,0,0.0,1,82,0,none,0,none,0,0,0,no_alert_unknown,no_alert_not_final_benign,-1,dns,app_proto+port
2025-07-19T23:02:53.977218+0700,103.195.142.74,202.134.0.155,18958,53,UDP,flow,dns,1385031721870224,,1,1,0,241,0,0.0,1,241,0,none,0,none,0,0,0,no_alert_unknown,no_alert_not_final_benign,-1,dns,app_proto+port
2025-07-19T23:02:53.977305+0700,103.195.142.74,118.98.44.50,45707,53,UDP,flow,dns,1460200164287829,,1,1,0,214,0,0.0,1,214,0,none,0,none,0,0,0,no_alert_unknown,no_alert_not_final_benign,-1,dns,app_proto+port
2025-07-19T23:02:53.977372+0700,103.195.142.46,87.98.154.119,53,27361,UDP,flow,failed,1676596468377580,,1,1,0,1437,0,0.0,1,1437,0,none,0,none,0,0,0,no_alert_unknown,no_alert_not_final_benign,-1,dns,port
2025-07-19T23:02:53.977392+0700,103.195.142.83,87.98.154.58,53,22889,UDP,flow,failed,1605566317848744,,1,1,0,1190,0,0.0,1,1190,0,none,0,none,0,0,0,no_alert_unknown,no_alert_not_final_benign,-1,dns,port
2025-07-19T23:02:53.977418+0700,103.195.142.83,87.98.154.90,53,55506,UDP,flow,failed,1560563713042677,,1,1,0,1190,0,0.0,1,1190,0,none,0,none,0,0,0,no_alert_unknown,no_alert_not_final_benign,-1,dns,port
2025-07-19T23:02:53.977438+0700,103.195.142.74,118.98.44.100,34366,53,UDP,flow,dns,1564061442042120,,1,1,0,137,0,0.0,1,137,0,none,0,none,0,0,0,no_alert_unknown,no_alert_not_final_benign,-1,dns,app_proto+port
2025-07-19T23:02:53.977568+0700,103.195.142.75,8.8.8.8,48108,53,UDP,flow,dns,1459186982448264,,1,1,0,87,0,0.0,1,87,0,none,0,none,0,0,0,no_alert_unknown,no_alert_not_final_benign,-1,dns,app_proto+port
2025-07-19T23:02:53.977589+0700,103.195.142.74,118.98.44.50,24354,53,UDP,flow,dns,1305788545756299,,1,1,0,241,0,0.0,1,241,0,none,0,none,0,0,0,no_alert_unknown,no_alert_not_final_benign,-1,dns,app_proto+port
2025-07-19T23:02:53.977589+0700,103.195.142.75,8.8.8.8,16942,53,UDP,dns,,1665441583366110,wire/pcap,0,0,0,0,0,0.0,0,0,0,none,0,none,0,0,0,no_alert_unknown,no_alert_not_final_benign,-1,dns,port
2025-07-19T23:02:53.977678+0700,103.195.142.74,118.98.44.100,61137,53,UDP,flow,dns,1212930096295405,,1,1,0,196,0,0.0,1,196,0,none,0,none,0,0,0,no_alert_unknown,no_alert_not_final_benign,-1,dns,app_proto+port
2025-07-19T23:02:53.977743+0700,103.195.142.2,172.70.116.71,53,21898,UDP,flow,failed,1593999913512476,,1,1,0,158,0,0.0,1,158,0,none,0,none,0,0,0,no_alert_unknown,no_alert_not_final_benign,-1,dns,port
2025-07-19T23:02:53.977681+0700,103.195.142.74,202.134.0.155,34007,53,UDP,dns,,1665833705507298,wire/pcap,0,0,0,0,0,0.0,0,0,0,none,0,none,0,0,0,no_alert_unknown,no_alert_not_final_benign,-1,dns,port
2025-07-19T23:02:53.977823+0700,103.195.142.74,202.134.0.155,49247,53,UDP,flow,dns,1328467378957974,,1,1,0,241,0,0.0,1,241,0,none,0,none,0,0,0,no_alert_unknown,no_alert_not_final_benign,-1,dns,app_proto+port
2025-07-19T23:02:53.977891+0700,103.195.142.74,202.134.0.155,33234,53,UDP,flow,dns,1445125469499229,,1,1,0,83,0,0.0,1,83,0,none,0,none,0,0,0,no_alert_unknown,no_alert_not_final_benign,-1,dns,app_proto+port
2025-07-19T23:02:53.977913+0700,103.195.142.196,87.98.154.118,53,6521,UDP,flow,failed,1604603254009856,,1,1,0,1437,0,0.0,1,1437,0,none,0,none,0,0,0,no_alert_unknown,no_alert_not_final_benign,-1,dns,port
2025-07-19T23:02:53.977954+0700,103.195.142.83,87.98.154.119,53,18919,UDP,flow,failed,1267010428989535,,1,1,0,1190,0,0.0,1,1190,0,none,0,none,0,0,0,no_alert_unknown,no_alert_not_final_benign,-1,dns,port
2025-07-19T23:02:53.978000+0700,103.195.142.195,87.98.154.188,53,62465,UDP,flow,failed,1608297066786978,,1,1,0,1437,0,0.0,1,1437,0,none,0,none,0,0,0,no_alert_unknown,no_alert_not_final_benign,-1,dns,port
2025-07-19T23:02:53.978096+0700,103.195.142.74,118.98.44.20,43414,53,UDP,flow,dns,1555193508393447,,1,1,0,140,0,0.0,1,140,0,none,0,none,0,0,0,no_alert_unknown,no_alert_not_final_benign,-1,dns,app_proto+port
2025-07-19T23:02:53.978127+0700,103.195.142.3,74.114.31.151,53,63468,UDP,flow,failed,1616118617011003,,1,1,0,159,0,0.0,1,159,0,none,0,none,0,0,0,no_alert_unknown,no_alert_not_final_benign,-1,dns,port
2025-07-19T23:02:53.978156+0700,103.195.142.195,87.98.154.216,53,12787,UDP,flow,failed,1440329660822395,,1,1,0,1437,0,0.0,1,1437,0,none,0,none,0,0,0,no_alert_unknown,no_alert_not_final_benign,-1,dns,port
2025-07-19T23:02:53.978179+0700,103.195.142.76,87.98.154.119,53,63901,UDP,flow,failed,1141866906645404,,1,1,0,1469,0,0.0,1,1469,0,none,0,none,0,0,0,no_alert_unknown,no_alert_not_final_benign,-1,dns,port
2025-07-19T23:02:53.978253+0700,103.195.142.74,118.98.44.50,17854,53,UDP,flow,dns,1410674483328179,,1,1,0,87,0,0.0,1,87,0,none,0,none,0,0,0,no_alert_unknown,no_alert_not_final_benign,-1,dns,app_proto+port
2025-07-19T23:02:53.978288+0700,103.195.142.196,87.98.154.119,53,9515,UDP,flow,failed,1180379815146678,,1,1,0,1437,0,0.0,1,1437,0,none,0,none,0,0,0,no_alert_unknown,no_alert_not_final_benign,-1,dns,port
2025-07-19T23:02:53.978308+0700,103.195.142.196,87.98.154.117,53,59456,UDP,flow,failed,1270415878321469,,1,1,0,1437,0,0.0,1,1437,0,none,0,none,0,0,0,no_alert_unknown,no_alert_not_final_benign,-1,dns,port
2025-07-19T23:02:53.978448+0700,103.195.142.196,87.98.154.213,53,50545,UDP,flow,failed,1435199107691857,,1,1,0,1437,0,0.0,1,1437,0,none,0,none,0,0,0,no_alert_unknown,no_alert_not_final_benign,-1,dns,port
2025-07-19T23:02:53.978488+0700,103.195.142.76,87.98.154.254,53,37988,UDP,flow,failed,1192608127251849,,1,1,0,1469,0,0.0,1,1469,0,none,0,none,0,0,0,no_alert_unknown,no_alert_not_final_benign,-1,dns,port
2025-07-19T23:02:53.978552+0700,103.195.142.76,87.98.154.198,53,56420,UDP,flow,failed,1527709720442682,,1,1,0,1469,0,0.0,1,1469,0,none,0,none,0,0,0,no_alert_unknown,no_alert_not_final_benign,-1,dns,port
2025-07-19T23:02:53.978604+0700,103.195.142.46,87.98.154.119,53,4535,UDP,flow,failed,1522508893124410,,1,1,0,1437,0,0.0,1,1437,0,none,0,none,0,0,0,no_alert_unknown,no_alert_not_final_benign,-1,dns,port
2025-07-19T23:02:53.978643+0700,103.195.142.196,87.98.154.153,53,3915,UDP,flow,failed,1171810119776334,,1,1,0,1437,0,0.0,1,1437,0,none,0,none,0,0,0,no_alert_unknown,no_alert_not_final_benign,-1,dns,port
2025-07-19T23:02:53.978666+0700,103.195.142.75,8.8.8.8,30453,53,UDP,flow,dns,1416287180225045,,1,1,0,88,0,0.0,1,88,0,none,0,none,0,0,0,no_alert_unknown,no_alert_not_final_benign,-1,dns,app_proto+port
2025-07-19T23:02:53.978787+0700,103.195.142.75,8.8.8.8,10072,53,UDP,flow,dns,1390972112730982,,1,1,0,241,0,0.0,1,241,0,none,0,none,0,0,0,no_alert_unknown,no_alert_not_final_benign,-1,dns,app_proto+port
2025-07-19T23:02:53.978877+0700,103.195.142.31,8.8.8.8,25152,53,UDP,flow,dns,1644016823827424,,1,1,0,88,0,0.0,1,88,0,none,0,none,0,0,0,no_alert_unknown,no_alert_not_final_benign,-1,dns,app_proto+port
2025-07-19T23:02:53.978902+0700,103.195.142.74,118.98.44.100,44549,53,UDP,flow,dns,1388322444475384,,1,1,0,232,0,0.0,1,232,0,none,0,none,0,0,0,no_alert_unknown,no_alert_not_final_benign,-1,dns,app_proto+port
2025-07-19T23:02:53.978943+0700,103.195.142.74,118.98.44.100,19446,53,UDP,flow,dns,1553098189962305,,1,1,0,196,0,0.0,1,196,0,none,0,none,0,0,0,no_alert_unknown,no_alert_not_final_benign,-1,dns,app_proto+port
2025-07-19T23:02:53.979121+0700,103.195.142.74,202.134.0.155,62380,53,UDP,flow,dns,1343039757352298,,1,1,0,196,0,0.0,1,196,0,none,0,none,0,0,0,no_alert_unknown,no_alert_not_final_benign,-1,dns,app_proto+port
2025-07-19T23:02:53.979151+0700,103.195.142.109,87.98.154.201,53,61129,UDP,flow,failed,1574059536481679,,1,1,0,1437,0,0.0,1,1437,0,none,0,none,0,0,0,no_alert_unknown,no_alert_not_final_benign,-1,dns,port
2025-07-19T23:02:53.979242+0700,103.195.142.75,8.8.8.8,54587,53,UDP,flow,dns,1190803868089954,,1,1,0,74,0,0.0,1,74,0,none,0,none,0,0,0,no_alert_unknown,no_alert_not_final_benign,-1,dns,app_proto+port
2025-07-19T23:02:53.979285+0700,103.195.142.196,87.98.154.119,53,13570,UDP,flow,failed,1412645636800111,,1,1,0,1437,0,0.0,1,1437,0,none,0,none,0,0,0,no_alert_unknown,no_alert_not_final_benign,-1,dns,port
2025-07-19T23:02:53.979322+0700,103.195.142.195,87.98.154.104,53,8429,UDP,flow,failed,1353511699021680,,1,1,0,1437,0,0.0,1,1437,0,none,0,none,0,0,0,no_alert_unknown,no_alert_not_final_benign,-1,dns,port
2025-07-19T23:02:53.979355+0700,103.195.142.74,118.98.44.100,44373,53,UDP,flow,dns,1518469234294834,,1,1,0,123,0,0.0,1,123,0,none,0,none,0,0,0,no_alert_unknown,no_alert_not_final_benign,-1,dns,app_proto+port
2025-07-19T23:02:53.979436+0700,103.195.142.46,87.98.154.147,53,5240,UDP,flow,failed,1284341815902640,,1,1,0,1437,0,0.0,1,1437,0,none,0,none,0,0,0,no_alert_unknown,no_alert_not_final_benign,-1,dns,port
2025-07-19T23:02:53.979535+0700,103.195.142.195,87.98.154.148,53,23094,UDP,flow,failed,1518899030590202,,1,1,0,1437,0,0.0,1,1437,0,none,0,none,0,0,0,no_alert_unknown,no_alert_not_final_benign,-1,dns,port
2025-07-19T23:02:53.979554+0700,103.195.142.165,87.98.154.119,53,44498,UDP,flow,failed,1219066231653137,,1,1,0,1437,0,0.0,1,1437,0,none,0,none,0,0,0,no_alert_unknown,no_alert_not_final_benign,-1,dns,port
2025-07-19T23:02:53.979579+0700,103.195.142.75,8.8.8.8,53909,53,UDP,flow,dns,1380964464395132,,1,1,0,214,0,0.0,1,214,0,none,0,none,0,0,0,no_alert_unknown,no_alert_not_final_benign,-1,dns,app_proto+port
2025-07-19T23:02:53.979603+0700,103.195.142.195,87.98.154.118,53,40687,UDP,flow,failed,1137510118458249,,1,1,0,1437,0,0.0,1,1437,0,none,0,none,0,0,0,no_alert_unknown,no_alert_not_final_benign,-1,dns,port
2025-07-19T23:02:53.979641+0700,103.195.142.31,8.8.8.8,19346,53,UDP,flow,dns,1643038709253086,,1,1,0,88,0,0.0,1,88,0,none,0,none,0,0,0,no_alert_unknown,no_alert_not_final_benign,-1,dns,app_proto+port
2025-07-19T23:02:53.979699+0700,103.195.142.195,87.98.154.119,53,26776,UDP,flow,failed,1492861706569074,,1,1,0,1437,0,0.0,1,1437,0,none,0,none,0,0,0,no_alert_unknown,no_alert_not_final_benign,-1,dns,port
2025-07-19T23:02:53.979725+0700,103.195.142.46,87.98.154.119,53,28738,UDP,flow,failed,1423208744945020,,1,1,0,1437,0,0.0,1,1437,0,none,0,none,0,0,0,no_alert_unknown,no_alert_not_final_benign,-1,dns,port
2025-07-19T23:02:53.979802+0700,103.195.142.3,74.114.31.157,53,36754,UDP,flow,failed,1428789339096878,,1,1,0,151,0,0.0,1,151,0,none,0,none,0,0,0,no_alert_unknown,no_alert_not_final_benign,-1,dns,port
2025-07-19T23:02:53.979828+0700,103.195.142.74,118.98.44.100,40747,53,UDP,flow,dns,1457445501011906,,1,1,0,241,0,0.0,1,241,0,none,0,none,0,0,0,no_alert_unknown,no_alert_not_final_benign,-1,dns,app_proto+port
2025-07-19T23:02:53.979849+0700,103.195.142.109,87.98.154.119,53,20186,UDP,flow,failed,1438607966406690,,1,1,0,1437,0,0.0,1,1437,0,none,0,none,0,0,0,no_alert_unknown,no_alert_not_final_benign,-1,dns,port
2025-07-19T23:02:53.979867+0700,103.195.142.83,87.98.154.119,53,38145,UDP,flow,failed,1430783097047092,,1,1,0,1190,0,0.0,1,1190,0,none,0,none,0,0,0,no_alert_unknown,no_alert_not_final_benign,-1,dns,port
2025-07-19T23:02:53.979886+0700,103.195.142.165,87.98.154.17,53,46370,UDP,flow,failed,1583250836162708,,1,1,0,1437,0,0.0,1,1437,0,none,0,none,0,0,0,no_alert_unknown,no_alert_not_final_benign,-1,dns,port
2025-07-19T23:02:53.979904+0700,103.195.142.109,87.98.154.61,53,37956,UDP,flow,failed,1647876833216715,,1,1,0,1437,0,0.0,1,1437,0,none,0,none,0,0,0,no_alert_unknown,no_alert_not_final_benign,-1,dns,port
2025-07-19T23:02:53.979946+0700,103.195.142.74,118.98.44.100,36933,53,UDP,flow,dns,1459644569618935,,1,1,0,214,0,0.0,1,214,0,none,0,none,0,0,0,no_alert_unknown,no_alert_not_final_benign,-1,dns,app_proto+port
2025-07-19T23:02:53.979971+0700,103.195.142.74,202.134.0.155,26807,53,UDP,flow,dns,1612570520259215,,1,1,0,74,0,0.0,1,74,0,none,0,none,0,0,0,no_alert_unknown,no_alert_not_final_benign,-1,dns,app_proto+port
2025-07-19T23:02:53.979991+0700,103.195.142.195,87.98.154.216,53,21715,UDP,flow,failed,1444090065980080,,1,1,0,1437,0,0.0,1,1437,0,none,0,none,0,0,0,no_alert_unknown,no_alert_not_final_benign,-1,dns,port
2025-07-19T23:02:53.980029+0700,103.195.142.76,87.98.154.119,53,57413,UDP,flow,failed,1585953253100253,,1,1,0,1469,0,0.0,1,1469,0,none,0,none,0,0,0,no_alert_unknown,no_alert_not_final_benign,-1,dns,port
2025-07-19T23:02:53.980047+0700,103.195.142.74,118.98.44.20,54550,53,UDP,flow,dns,1429790160063342,,1,1,0,178,0,0.0,1,178,0,none,0,none,0,0,0,no_alert_unknown,no_alert_not_final_benign,-1,dns,app_proto+port
2025-07-19T23:02:53.980067+0700,103.195.142.165,87.98.154.149,53,43038,UDP,flow,failed,1431897915001970,,1,1,0,1437,0,0.0,1,1437,0,none,0,none,0,0,0,no_alert_unknown,no_alert_not_final_benign,-1,dns,port
2025-07-19T23:02:53.980179+0700,103.195.142.196,87.98.154.181,53,58725,UDP,flow,failed,1622168034283104,,1,1,0,1437,0,0.0,1,1437,0,none,0,none,0,0,0,no_alert_unknown,no_alert_not_final_benign,-1,dns,port
2025-07-19T23:02:53.980200+0700,103.195.142.196,87.98.154.119,53,40129,UDP,flow,failed,1484802472546053,,1,1,0,1437,0,0.0,1,1437,0,none,0,none,0,0,0,no_alert_unknown,no_alert_not_final_benign,-1,dns,port
2025-07-19T23:02:53.980241+0700,103.195.142.165,87.98.154.189,53,37942,UDP,flow,failed,1497138626891736,,1,1,0,1437,0,0.0,1,1437,0,none,0,none,0,0,0,no_alert_unknown,no_alert_not_final_benign,-1,dns,port
2025-07-19T23:02:53.980264+0700,103.195.142.46,87.98.154.119,53,58689,UDP,flow,failed,1580182957592657,,1,1,0,1437,0,0.0,1,1437,0,none,0,none,0,0,0,no_alert_unknown,no_alert_not_final_benign,-1,dns,port
2025-07-19T23:02:53.980283+0700,103.195.142.2,152.42.214.10,53,38946,UDP,flow,failed,1515827430101115,,1,1,0,133,0,0.0,1,133,0,none,0,none,0,0,0,no_alert_unknown,no_alert_not_final_benign,-1,dns,port
2025-07-19T23:02:53.980324+0700,103.195.142.46,87.98.154.119,53,60108,UDP,flow,failed,1625196503045010,,1,1,0,1437,0,0.0,1,1437,0,none,0,none,0,0,0,no_alert_unknown,no_alert_not_final_benign,-1,dns,port
2025-07-19T23:02:53.980361+0700,103.195.142.76,87.98.154.119,53,51047,UDP,flow,failed,1643255056635684,,1,1,0,1469,0,0.0,1,1469,0,none,0,none,0,0,0,no_alert_unknown,no_alert_not_final_benign,-1,dns,port
2025-07-19T23:02:53.980380+0700,103.195.142.83,87.98.154.230,53,42458,UDP,flow,failed,1480749194811600,,1,1,0,1190,0,0.0,1,1190,0,none,0,none,0,0,0,no_alert_unknown,no_alert_not_final_benign,-1,dns,port
2025-07-19T23:02:53.980403+0700,103.195.142.74,118.98.44.50,33279,53,UDP,flow,dns,1595186397714744,,1,1,0,87,0,0.0,1,87,0,none,0,none,0,0,0,no_alert_unknown,no_alert_not_final_benign,-1,dns,app_proto+port
2025-07-19T23:02:53.980423+0700,103.195.142.165,87.98.154.119,53,26536,UDP,flow,failed,1461674574289236,,1,1,0,1437,0,0.0,1,1437,0,none,0,none,0,0,0,no_alert_unknown,no_alert_not_final_benign,-1,dns,port
2025-07-19T23:02:53.980442+0700,103.195.142.74,118.98.44.50,36013,53,UDP,flow,dns,1611228633111052,,1,1,0,196,0,0.0,1,196,0,none,0,none,0,0,0,no_alert_unknown,no_alert_not_final_benign,-1,dns,app_proto+port
2025-07-19T23:02:53.980485+0700,103.195.142.74,118.98.44.20,51125,53,UDP,flow,dns,1548732776258418,,1,1,0,241,0,0.0,1,241,0,none,0,none,0,0,0,no_alert_unknown,no_alert_not_final_benign,-1,dns,app_proto+port
2025-07-19T23:02:53.980547+0700,103.195.142.74,118.98.44.100,33200,53,UDP,flow,dns,1807943469047011,,1,1,0,87,0,0.0,1,87,0,none,0,none,0,0,0,no_alert_unknown,no_alert_not_final_benign,-1,dns,app_proto+port
2025-07-19T23:02:53.988656+0700,103.195.142.74,118.98.44.100,35521,53,UDP,dns,,1431497389981959,wire/pcap,0,0,0,0,0,0.0,0,0,0,none,0,none,0,0,0,no_alert_unknown,no_alert_not_final_benign,-1,dns,port
2025-07-19T23:02:54.001962+0700,103.195.142.75,8.8.8.8,54198,53,UDP,dns,,1697279038885032,wire/pcap,0,0,0,0,0,0.0,0,0,0,none,0,none,0,0,0,no_alert_unknown,no_alert_not_final_benign,-1,dns,port
2025-07-19T23:02:54.024906+0700,103.195.142.74,202.134.0.155,6205,53,UDP,dns,,1795823665185551,wire/pcap,0,0,0,0,0,0.0,0,0,0,none,0,none,0,0,0,no_alert_unknown,no_alert_not_final_benign,-1,dns,port
2025-07-19T23:02:54.024929+0700,103.195.142.74,118.98.44.20,61576,53,UDP,dns,,1795922557111123,wire/pcap,0,0,0,0,0,0.0,0,0,0,none,0,none,0,0,0,no_alert_unknown,no_alert_not_final_benign,-1,dns,port
2025-07-19T23:02:54.032545+0700,103.195.142.74,118.98.44.50,6830,53,UDP,dns,,1828632346713367,wire/pcap,0,0,0,0,0,0.0,0,0,0,none,0,none,0,0,0,no_alert_unknown,no_alert_not_final_benign,-1,dns,port
2025-07-19T23:02:54.080595+0700,103.195.142.109,87.98.154.117,53,58137,UDP,flow,failed,1811695077393167,,1,1,0,1437,0,0.0,1,1437,0,none,0,none,0,0,0,no_alert_unknown,no_alert_not_final_benign,-1,dns,port
2025-07-19T23:02:54.098823+0700,103.195.142.75,8.8.8.8,63840,53,UDP,dns,,1831817815038222,wire/pcap,0,0,0,0,0,0.0,0,0,0,none,0,none,0,0,0,no_alert_unknown,no_alert_not_final_benign,-1,dns,port
2025-07-19T23:02:54.103340+0700,103.195.142.74,118.98.44.100,39167,53,UDP,dns,,1851217061326573,wire/pcap,0,0,0,0,0,0.0,0,0,0,none,0,none,0,0,0,no_alert_unknown,no_alert_not_final_benign,-1,dns,port
2025-07-19T23:02:54.122324+0700,103.195.142.75,45.79.197.241,23050,53,UDP,dns,,1932754348606818,wire/pcap,0,0,0,0,0,0.0,0,0,0,none,0,none,0,0,0,no_alert_unknown,no_alert_not_final_benign,-1,dns,port
2025-07-19T23:02:54.157802+0700,103.195.142.74,202.134.0.155,5956,53,UDP,dns,,1803654492004396,wire/pcap,0,0,0,0,0,0.0,0,0,0,none,0,none,0,0,0,no_alert_unknown,no_alert_not_final_benign,-1,dns,port
2025-07-19T23:02:54.188236+0700,103.195.142.74,118.98.44.20,48064,53,UDP,dns,,1934369132284824,wire/pcap,0,0,0,0,0,0.0,0,0,0,none,0,none,0,0,0,no_alert_unknown,no_alert_not_final_benign,-1,dns,port
2025-07-19T23:02:54.213905+0700,103.195.142.75,208.74.121.116,16887,53,UDP,dns,,1763140517527661,wire/pcap,0,0,0,0,0,0.0,0,0,0,none,0,none,0,0,0,no_alert_unknown,no_alert_not_final_benign,-1,dns,port
2025-07-19T23:02:54.215291+0700,103.195.142.74,69.39.238.36,42656,53,UDP,dns,,1769096529045723,wire/pcap,0,0,0,0,0,0.0,0,0,0,none,0,none,0,0,0,no_alert_unknown,no_alert_not_final_benign,-1,dns,port
2025-07-19T23:02:54.223872+0700,103.195.142.74,202.134.0.155,59072,53,UDP,dns,,1805951973356268,wire/pcap,0,0,0,0,0,0.0,0,0,0,none,0,none,0,0,0,no_alert_unknown,no_alert_not_final_benign,-1,dns,port
2025-07-19T23:02:54.247108+0700,103.195.142.74,118.98.44.50,18895,53,UDP,dns,,1905747473021517,wire/pcap,0,0,0,0,0,0.0,0,0,0,none,0,none,0,0,0,no_alert_unknown,no_alert_not_final_benign,-1,dns,port
2025-07-19T23:02:54.248209+0700,103.195.142.74,118.98.44.50,27404,53,UDP,dns,,1910474551110663,wire/pcap,0,0,0,0,0,0.0,0,0,0,none,0,none,0,0,0,no_alert_unknown,no_alert_not_final_benign,-1,dns,port
2025-07-19T23:02:54.248276+0700,103.195.142.74,118.98.44.50,65280,53,UDP,dns,,1910765144257882,wire/pcap,0,0,0,0,0,0.0,0,0,0,none,0,none,0,0,0,no_alert_unknown,no_alert_not_final_benign,-1,dns,port
2025-07-19T23:02:54.253386+0700,103.195.142.74,118.98.44.50,31322,53,UDP,dns,,1932709971392991,wire/pcap,0,0,0,0,0,0.0,0,0,0,none,0,none,0,0,0,no_alert_unknown,no_alert_not_final_benign,-1,dns,port
2025-07-19T23:02:54.388897+0700,103.195.142.165,87.98.154.119,53,16345,UDP,flow,failed,1702183357809644,,1,1,0,1437,0,0.0,1,1437,0,none,0,none,0,0,0,no_alert_unknown,no_alert_not_final_benign,-1,dns,port
2025-07-19T23:02:54.408898+0700,103.195.142.74,118.98.44.20,62039,53,UDP,dns,,1756207158001229,wire/pcap,0,0,0,0,0,0.0,0,0,0,none,0,none,0,0,0,no_alert_unknown,no_alert_not_final_benign,-1,dns,port
2025-07-19T23:02:54.412496+0700,103.195.142.74,202.134.0.155,61087,53,UDP,dns,,1771660675013171,wire/pcap,0,0,0,0,0,0.0,0,0,0,none,0,none,0,0,0,no_alert_unknown,no_alert_not_final_benign,-1,dns,port
2025-07-19T23:02:54.432565+0700,103.195.142.74,118.98.44.100,16529,53,UDP,dns,,1857854221889158,wire/pcap,0,0,0,0,0,0.0,0,0,0,none,0,none,0,0,0,no_alert_unknown,no_alert_not_final_benign,-1,dns,port
2025-07-19T23:02:54.454613+0700,103.195.142.74,202.134.0.155,3940,53,UDP,dns,,1952549399423347,wire/pcap,0,0,0,0,0,0.0,0,0,0,none,0,none,0,0,0,no_alert_unknown,no_alert_not_final_benign,-1,dns,port
2025-07-19T23:02:54.474588+0700,103.195.142.74,118.98.44.50,37764,53,UDP,dns,,1756866341982395,wire/pcap,0,0,0,0,0,0.0,0,0,0,none,0,none,0,0,0,no_alert_unknown,no_alert_not_final_benign,-1,dns,port
2025-07-19T23:02:54.489423+0700,103.195.142.74,118.98.44.20,32890,53,UDP,flow,dns,2019016830677287,,1,1,0,214,0,0.0,1,214,0,none,0,none,0,0,0,no_alert_unknown,no_alert_not_final_benign,-1,dns,app_proto+port
2025-07-19T23:02:54.500493+0700,103.195.142.31,8.8.8.8,55388,53,UDP,dns,,1868128086250276,wire/pcap,0,0,0,0,0,0.0,0,0,0,none,0,none,0,0,0,no_alert_unknown,no_alert_not_final_benign,-1,dns,port
2025-07-19T23:02:54.500466+0700,103.195.142.31,8.8.8.8,41921,53,UDP,dns,,1868011468972344,wire/pcap,0,0,0,0,0,0.0,0,0,0,none,0,none,0,0,0,no_alert_unknown,no_alert_not_final_benign,-1,dns,port
2025-07-19T23:02:54.501050+0700,103.195.142.31,8.8.8.8,33100,53,UDP,dns,,1870519739500970,wire/pcap,0,0,0,0,0,0.0,0,0,0,none,0,none,0,0,0,no_alert_unknown,no_alert_not_final_benign,-1,dns,port
2025-07-19T23:02:54.501687+0700,103.195.142.31,8.8.8.8,36691,53,UDP,dns,,1873257068063586,wire/pcap,0,0,0,0,0,0.0,0,0,0,none,0,none,0,0,0,no_alert_unknown,no_alert_not_final_benign,-1,dns,port
2025-07-19T23:02:54.502042+0700,103.195.142.74,118.98.44.50,6233,53,UDP,dns,,1874781871110985,wire/pcap,0,0,0,0,0,0.0,0,0,0,none,0,none,0,0,0,no_alert_unknown,no_alert_not_final_benign,-1,dns,port
2025-07-19T23:02:54.502385+0700,103.195.142.74,202.134.0.155,13428,53,UDP,dns,,1876255248436857,wire/pcap,0,0,0,0,0,0.0,0,0,0,none,0,none,0,0,0,no_alert_unknown,no_alert_not_final_benign,-1,dns,port
2025-07-19T23:02:54.505272+0700,103.195.142.31,8.8.8.8,36049,53,UDP,dns,,1888655554107454,wire/pcap,0,0,0,0,0,0.0,0,0,0,none,0,none,0,0,0,no_alert_unknown,no_alert_not_final_benign,-1,dns,port
2025-07-19T23:02:54.505576+0700,103.195.142.31,8.8.8.8,42978,53,UDP,dns,,1889961142064914,wire/pcap,0,0,0,0,0,0.0,0,0,0,none,0,none,0,0,0,no_alert_unknown,no_alert_not_final_benign,-1,dns,port
2025-07-19T23:02:54.506596+0700,103.195.142.74,202.134.0.155,15424,53,UDP,dns,,1894341905767820,wire/pcap,0,0,0,0,0,0.0,0,0,0,none,0,none,0,0,0,no_alert_unknown,no_alert_not_final_benign,-1,dns,port
2025-07-19T23:02:54.510702+0700,103.195.142.74,118.98.44.20,60457,53,UDP,dns,,1911976650842694,wire/pcap,0,0,0,0,0,0.0,0,0,0,none,0,none,0,0,0,no_alert_unknown,no_alert_not_final_benign,-1,dns,port
2025-07-19T23:02:54.514226+0700,103.195.142.75,8.8.8.8,4413,53,UDP,dns,,1927110070655963,wire/pcap,0,0,0,0,0,0.0,0,0,0,none,0,none,0,0,0,no_alert_unknown,no_alert_not_final_benign,-1,dns,port
2025-07-19T23:02:54.515025+0700,103.195.142.74,118.98.44.20,7921,53,UDP,dns,,1930542013161021,wire/pcap,0,0,0,0,0,0.0,0,0,0,none,0,none,0,0,0,no_alert_unknown,no_alert_not_final_benign,-1,dns,port
2025-07-19T23:02:54.516175+0700,103.195.142.75,8.8.8.8,24877,53,UDP,dns,,1935482217055444,wire/pcap,0,0,0,0,0,0.0,0,0,0,none,0,none,0,0,0,no_alert_unknown,no_alert_not_final_benign,-1,dns,port
2025-07-19T23:02:54.516331+0700,103.195.142.165,87.98.154.133,53,34482,UDP,flow,failed,2135288275944660,,1,1,0,1437,0,0.0,1,1437,0,none,0,none,0,0,0,no_alert_unknown,no_alert_not_final_benign,-1,dns,port
2025-07-19T23:02:54.533778+0700,103.195.142.74,202.134.0.155,41576,53,UDP,dns,,1729612416903375,wire/pcap,0,0,0,0,0,0.0,0,0,0,none,0,none,0,0,0,no_alert_unknown,no_alert_not_final_benign,-1,dns,port
2025-07-19T23:02:54.537717+0700,103.195.142.74,118.98.44.50,6805,53,UDP,dns,,1746530272845051,wire/pcap,0,0,0,0,0,0.0,0,0,0,none,0,none,0,0,0,no_alert_unknown,no_alert_not_final_benign,-1,dns,port
2025-07-19T23:02:54.537695+0700,103.195.142.74,118.98.44.50,11556,53,UDP,dns,,1746433927975169,wire/pcap,0,0,0,0,0,0.0,0,0,0,none,0,none,0,0,0,no_alert_unknown,no_alert_not_final_benign,-1,dns,port
2025-07-19T23:02:54.538327+0700,103.195.142.74,118.98.44.50,26872,53,UDP,dns,,1749149154346168,wire/pcap,0,0,0,0,0,0.0,0,0,0,none,0,none,0,0,0,no_alert_unknown,no_alert_not_final_benign,-1,dns,port
2025-07-19T23:02:54.554465+0700,103.195.142.74,118.98.44.50,39440,53,UDP,dns,,1818462726985877,wire/pcap,0,0,0,0,0,0.0,0,0,0,none,0,none,0,0,0,no_alert_unknown,no_alert_not_final_benign,-1,dns,port
2025-07-19T23:02:54.556669+0700,103.195.142.74,118.98.44.100,52503,53,UDP,dns,,1827928612754753,wire/pcap,0,0,0,0,0,0.0,0,0,0,none,0,none,0,0,0,no_alert_unknown,no_alert_not_final_benign,-1,dns,port
2025-07-19T23:02:54.568207+0700,103.195.142.75,8.8.8.8,50384,53,UDP,dns,,1877483627345020,wire/pcap,0,0,0,0,0,0.0,0,0,0,none,0,none,0,0,0,no_alert_unknown,no_alert_not_final_benign,-1,dns,port
2025-07-19T23:02:54.569261+0700,103.195.142.74,118.98.44.50,16312,53,UDP,dns,,1882009532589551,wire/pcap,0,0,0,0,0,0.0,0,0,0,none,0,none,0,0,0,no_alert_unknown,no_alert_not_final_benign,-1,dns,port
2025-07-19T23:02:54.594665+0700,103.195.142.74,118.98.44.50,30145,53,UDP,dns,,1709644913886079,wire/pcap,0,0,0,0,0,0.0,0,0,0,none,0,none,0,0,0,no_alert_unknown,no_alert_not_final_benign,-1,dns,port
2025-07-19T23:02:54.600169+0700,103.195.142.74,118.98.44.20,14260,53,UDP,dns,,1733284787749655,wire/pcap,0,0,0,0,0,0.0,0,0,0,none,0,none,0,0,0,no_alert_unknown,no_alert_not_final_benign,-1,dns,port
2025-07-19T23:02:54.600459+0700,103.195.142.74,118.98.44.20,48720,53,UDP,dns,,1734530519135782,wire/pcap,0,0,0,0,0,0.0,0,0,0,none,0,none,0,0,0,no_alert_unknown,no_alert_not_final_benign,-1,dns,port
2025-07-19T23:02:54.617879+0700,103.195.142.31,8.8.8.8,41064,53,UDP,dns,,1809348522205049,wire/pcap,0,0,0,0,0,0.0,0,0,0,none,0,none,0,0,0,no_alert_unknown,no_alert_not_final_benign,-1,dns,port
2025-07-19T23:02:54.628427+0700,103.195.142.75,8.8.8.8,22875,53,UDP,dns,,1854652662421705,wire/pcap,0,0,0,0,0,0.0,0,0,0,none,0,none,0,0,0,no_alert_unknown,no_alert_not_final_benign,-1,dns,port
2025-07-19T23:02:54.653628+0700,103.195.142.75,8.8.8.8,8059,53,UDP,dns,,1962887508149415,wire/pcap,0,0,0,0,0,0.0,0,0,0,none,0,none,0,0,0,no_alert_unknown,no_alert_not_final_benign,-1,dns,port
2025-07-19T23:02:54.705008+0700,103.195.142.75,216.38.8.121,44722,53,UDP,dns,,1902087650622588,wire/pcap,0,0,0,0,0,0.0,0,0,0,none,0,none,0,0,0,no_alert_unknown,no_alert_not_final_benign,-1,dns,port
2025-07-19T23:02:54.737939+0700,103.195.142.74,118.98.44.50,51798,53,UDP,dns,,1762049516936275,wire/pcap,0,0,0,0,0,0.0,0,0,0,none,0,none,0,0,0,no_alert_unknown,no_alert_not_final_benign,-1,dns,port
2025-07-19T23:02:54.773361+0700,103.195.142.74,118.98.44.100,19504,53,UDP,dns,,1914188897925770,wire/pcap,0,0,0,0,0,0.0,0,0,0,none,0,none,0,0,0,no_alert_unknown,no_alert_not_final_benign,-1,dns,port
2025-07-19T23:02:54.797422+0700,103.195.142.74,118.98.44.20,12549,53,UDP,dns,,1736054941668006,wire/pcap,0,0,0,0,0,0.0,0,0,0,none,0,none,0,0,0,no_alert_unknown,no_alert_not_final_benign,-1,dns,port
2025-07-19T23:02:54.801383+0700,103.195.142.74,202.134.0.155,3115,53,UDP,dns,,1753065885740391,wire/pcap,0,0,0,0,0,0.0,0,0,0,none,0,none,0,0,0,no_alert_unknown,no_alert_not_final_benign,-1,dns,port
2025-07-19T23:02:54.807700+0700,103.195.142.74,202.134.0.155,8651,53,UDP,dns,,1780197297433295,wire/pcap,0,0,0,0,0,0.0,0,0,0,none,0,none,0,0,0,no_alert_unknown,no_alert_not_final_benign,-1,dns,port
2025-07-19T23:02:54.904740+0700,103.195.142.74,118.98.44.50,25804,53,UDP,dns,,1915505470630627,wire/pcap,0,0,0,0,0,0.0,0,0,0,none,0,none,0,0,0,no_alert_unknown,no_alert_not_final_benign,-1,dns,port
2025-07-19T23:02:54.911545+0700,103.195.142.75,8.8.8.8,54568,53,UDP,dns,,1944731297595612,wire/pcap,0,0,0,0,0,0.0,0,0,0,none,0,none,0,0,0,no_alert_unknown,no_alert_not_final_benign,-1,dns,port
2025-07-19T23:02:54.919430+0700,103.195.142.108,8.8.8.8,1900,53,UDP,dns,,1216074754602613,wire/pcap,0,0,0,0,0,0.0,0,0,0,none,0,none,0,0,0,no_alert_unknown,no_alert_not_final_benign,-1,dns,port
2025-07-19T23:02:54.919546+0700,103.195.142.74,202.134.0.155,14808,53,UDP,flow,dns,2190166396417653,,1,1,0,81,0,0.0,1,81,0,none,0,none,0,0,0,no_alert_unknown,no_alert_not_final_benign,-1,dns,app_proto+port
2025-07-19T23:02:54.938232+0700,103.195.142.74,118.98.44.50,64627,53,UDP,dns,,1777877979408851,wire/pcap,0,0,0,0,0,0.0,0,0,0,none,0,none,0,0,0,no_alert_unknown,no_alert_not_final_benign,-1,dns,port
2025-07-19T23:02:54.938295+0700,103.195.142.74,118.98.44.50,4123,53,UDP,dns,,1778148181967949,wire/pcap,0,0,0,0,0,0.0,0,0,0,none,0,none,0,0,0,no_alert_unknown,no_alert_not_final_benign,-1,dns,port
2025-07-19T23:02:54.938435+0700,103.195.142.75,8.8.8.8,51148,53,UDP,dns,,1778750103909160,wire/pcap,0,0,0,0,0,0.0,0,0,0,none,0,none,0,0,0,no_alert_unknown,no_alert_not_final_benign,-1,dns,port
2025-07-19T23:02:54.938407+0700,103.195.142.74,118.98.44.20,11008,53,UDP,dns,,1778630009431867,wire/pcap,0,0,0,0,0,0.0,0,0,0,none,0,none,0,0,0,no_alert_unknown,no_alert_not_final_benign,-1,dns,port
2025-07-19T23:02:54.952372+0700,103.195.142.74,202.134.0.155,35220,53,UDP,dns,,1838609733638388,wire/pcap,0,0,0,0,0,0.0,0,0,0,none,0,none,0,0,0,no_alert_unknown,no_alert_not_final_benign,-1,dns,port
2025-07-19T23:02:54.957812+0700,103.195.142.75,8.8.8.8,41034,53,UDP,dns,,1861973646705526,wire/pcap,0,0,0,0,0,0.0,0,0,0,none,0,none,0,0,0,no_alert_unknown,no_alert_not_final_benign,-1,dns,port
2025-07-19T23:02:54.958288+0700,103.195.142.195,87.98.154.119,53,19119,UDP,flow,failed,1581075658579304,,1,1,0,1437,0,0.0,1,1437,0,none,0,none,0,0,0,no_alert_unknown,no_alert_not_final_benign,-1,dns,port
2025-07-19T23:02:54.958383+0700,103.195.142.196,87.98.154.57,53,7528,UDP,flow,failed,1623308805086597,,1,1,0,1437,0,0.0,1,1437,0,none,0,none,0,0,0,no_alert_unknown,no_alert_not_final_benign,-1,dns,port
2025-07-19T23:02:54.958405+0700,103.195.142.74,202.134.0.155,42191,53,UDP,flow,dns,1463039456714150,,1,1,0,223,0,0.0,1,223,0,none,0,none,0,0,0,no_alert_unknown,no_alert_not_final_benign,-1,dns,app_proto+port
2025-07-19T23:02:54.958427+0700,103.195.142.76,87.98.154.62,53,60104,UDP,flow,failed,1551930580868561,,1,1,0,1469,0,0.0,1,1469,0,none,0,none,0,0,0,no_alert_unknown,no_alert_not_final_benign,-1,dns,port
2025-07-19T23:02:54.958447+0700,103.195.142.74,118.98.44.50,13356,53,UDP,flow,dns,1919654505750034,,1,1,0,80,0,0.0,1,80,0,none,0,none,0,0,0,no_alert_unknown,no_alert_not_final_benign,-1,dns,app_proto+port
2025-07-19T23:02:54.958468+0700,103.195.142.196,87.98.154.69,53,9310,UDP,flow,failed,1947799808646702,,1,1,0,1437,0,0.0,1,1437,0,none,0,none,0,0,0,no_alert_unknown,no_alert_not_final_benign,-1,dns,port
2025-07-19T23:02:54.958531+0700,103.195.142.74,118.98.44.100,17648,53,UDP,flow,dns,1436091922718900,,1,1,0,241,0,0.0,1,241,0,none,0,none,0,0,0,no_alert_unknown,no_alert_not_final_benign,-1,dns,app_proto+port
2025-07-19T23:02:54.958573+0700,103.195.142.3,74.114.31.149,53,62471,UDP,flow,failed,1564641686594030,,1,1,0,159,0,0.0,1,159,0,none,0,none,0,0,0,no_alert_unknown,no_alert_not_final_benign,-1,dns,port
2025-07-19T23:02:54.958593+0700,103.195.142.83,87.98.154.117,53,54765,UDP,flow,failed,1810099647422968,,1,1,0,1190,0,0.0,1,1190,0,none,0,none,0,0,0,no_alert_unknown,no_alert_not_final_benign,-1,dns,port
2025-07-19T23:02:54.958636+0700,103.195.142.74,118.98.44.100,24224,53,UDP,flow,dns,1561992402248232,,1,1,0,223,0,0.0,1,223,0,none,0,none,0,0,0,no_alert_unknown,no_alert_not_final_benign,-1,dns,app_proto+port
2025-07-19T23:02:54.958679+0700,103.195.142.195,87.98.154.119,53,35514,UDP,flow,failed,1606045814891061,,1,1,0,1437,0,0.0,1,1437,0,none,0,none,0,0,0,no_alert_unknown,no_alert_not_final_benign,-1,dns,port
2025-07-19T23:02:54.958699+0700,103.195.142.195,87.98.154.119,53,55420,UDP,flow,failed,1512258445714039,,1,1,0,1437,0,0.0,1,1437,0,none,0,none,0,0,0,no_alert_unknown,no_alert_not_final_benign,-1,dns,port
2025-07-19T23:02:54.958718+0700,103.195.142.74,118.98.44.20,4788,53,UDP,flow,dns,1900665865839296,,1,1,0,214,0,0.0,1,214,0,none,0,none,0,0,0,no_alert_unknown,no_alert_not_final_benign,-1,dns,app_proto+port
2025-07-19T23:02:54.958738+0700,103.195.142.76,87.98.154.34,53,51517,UDP,flow,failed,1582809213248317,,1,1,0,1469,0,0.0,1,1469,0,none,0,none,0,0,0,no_alert_unknown,no_alert_not_final_benign,-1,dns,port
2025-07-19T23:02:54.958818+0700,103.195.142.195,87.98.154.188,53,4334,UDP,flow,failed,1640471284819162,,1,1,0,1437,0,0.0,1,1437,0,none,0,none,0,0,0,no_alert_unknown,no_alert_not_final_benign,-1,dns,port
2025-07-19T23:02:54.958839+0700,103.195.142.196,87.98.154.119,53,35310,UDP,flow,failed,1469999985665318,,1,1,0,1437,0,0.0,1,1437,0,none,0,none,0,0,0,no_alert_unknown,no_alert_not_final_benign,-1,dns,port
2025-07-19T23:02:54.958884+0700,103.195.142.2,18.136.1.202,53,41337,UDP,flow,failed,1518890881132012,,1,1,0,188,0,0.0,1,188,0,none,0,none,0,0,0,no_alert_unknown,no_alert_not_final_benign,-1,dns,port
2025-07-19T23:02:54.958948+0700,103.195.142.46,87.98.154.119,53,40992,UDP,flow,failed,1918614544983644,,1,1,0,1437,0,0.0,1,1437,0,none,0,none,0,0,0,no_alert_unknown,no_alert_not_final_benign,-1,dns,port
2025-07-19T23:02:54.958971+0700,103.195.142.31,8.8.8.8,26780,53,UDP,flow,dns,1783150717249117,,1,1,0,85,0,0.0,1,85,0,none,0,none,0,0,0,no_alert_unknown,no_alert_not_final_benign,-1,dns,app_proto+port
2025-07-19T23:02:54.959014+0700,103.195.142.75,8.8.8.8,7025,53,UDP,flow,dns,1516922436986475,,1,1,0,88,0,0.0,1,88,0,none,0,none,0,0,0,no_alert_unknown,no_alert_not_final_benign,-1,dns,app_proto+port
2025-07-19T23:02:54.959036+0700,103.195.142.109,87.98.154.119,53,41938,UDP,flow,failed,1475046271035014,,1,1,0,1437,0,0.0,1,1437,0,none,0,none,0,0,0,no_alert_unknown,no_alert_not_final_benign,-1,dns,port
2025-07-19T23:02:54.959055+0700,103.195.142.109,87.98.154.173,53,50757,UDP,flow,failed,1743887685330768,,1,1,0,1437,0,0.0,1,1437,0,none,0,none,0,0,0,no_alert_unknown,no_alert_not_final_benign,-1,dns,port
2025-07-19T23:02:54.959118+0700,103.195.142.196,87.98.154.13,53,45922,UDP,flow,failed,901069774399360,,1,3,0,4311,0,10.0,3,4311,0,none,0,none,0,0,0,no_alert_unknown,no_alert_not_final_benign,-1,dns,port
2025-07-19T23:02:54.959145+0700,103.195.142.3,74.114.31.144,53,53841,UDP,flow,failed,1748658143635385,,1,1,0,202,0,0.0,1,202,0,none,0,none,0,0,0,no_alert_unknown,no_alert_not_final_benign,-1,dns,port
2025-07-19T23:02:54.959164+0700,103.195.142.74,202.134.0.155,16965,53,UDP,flow,dns,1557355536525243,,1,1,0,87,0,0.0,1,87,0,none,0,none,0,0,0,no_alert_unknown,no_alert_not_final_benign,-1,dns,app_proto+port
2025-07-19T23:02:54.959184+0700,103.195.142.3,172.70.116.71,53,19540,UDP,flow,failed,1742447599822781,,1,1,0,179,0,0.0,1,179,0,none,0,none,0,0,0,no_alert_unknown,no_alert_not_final_benign,-1,dns,port
2025-07-19T23:02:54.959266+0700,103.195.142.83,87.98.154.119,53,23782,UDP,flow,failed,1555435310623035,,1,1,0,1190,0,0.0,1,1190,0,none,0,none,0,0,0,no_alert_unknown,no_alert_not_final_benign,-1,dns,port
2025-07-19T23:02:54.959292+0700,103.195.142.76,87.98.154.119,53,30885,UDP,flow,failed,1778246018017824,,1,1,0,1469,0,0.0,1,1469,0,none,0,none,0,0,0,no_alert_unknown,no_alert_not_final_benign,-1,dns,port
2025-07-19T23:02:54.959312+0700,103.195.142.75,8.8.8.8,11488,53,UDP,flow,dns,1507441133890133,,1,1,0,211,0,0.0,1,211,0,none,0,none,0,0,0,no_alert_unknown,no_alert_not_final_benign,-1,dns,app_proto+port
2025-07-19T23:02:54.959333+0700,103.195.142.74,118.98.44.50,16554,53,UDP,flow,dns,1797932448230054,,1,1,0,92,0,0.0,1,92,0,none,0,none,0,0,0,no_alert_unknown,no_alert_not_final_benign,-1,dns,app_proto+port
2025-07-19T23:02:54.959411+0700,103.195.142.74,118.98.44.50,32506,53,UDP,flow,dns,1630611956968320,,1,1,0,88,0,0.0,1,88,0,none,0,none,0,0,0,no_alert_unknown,no_alert_not_final_benign,-1,dns,app_proto+port
2025-07-19T23:02:54.959450+0700,103.195.142.46,87.98.154.119,53,40006,UDP,flow,failed,1218491723099085,,1,3,0,4311,0,10.0,3,4311,0,none,0,none,0,0,0,no_alert_unknown,no_alert_not_final_benign,-1,dns,port
2025-07-19T23:02:54.959504+0700,103.195.142.75,8.8.8.8,17934,53,UDP,flow,dns,1959412910009609,,1,1,0,77,0,0.0,1,77,0,none,0,none,0,0,0,no_alert_unknown,no_alert_not_final_benign,-1,dns,app_proto+port
2025-07-19T23:02:54.959525+0700,103.195.142.74,118.98.44.100,43129,53,UDP,flow,dns,1955014524153339,,1,1,0,85,0,0.0,1,85,0,none,0,none,0,0,0,no_alert_unknown,no_alert_not_final_benign,-1,dns,app_proto+port
2025-07-19T23:02:54.959545+0700,103.195.142.83,87.98.154.110,53,34407,UDP,flow,failed,1890146660855337,,1,1,0,1190,0,0.0,1,1190,0,none,0,none,0,0,0,no_alert_unknown,no_alert_not_final_benign,-1,dns,port
2025-07-19T23:02:54.959587+0700,103.195.142.74,118.98.44.100,4717,53,UDP,flow,dns,1873113869594222,,1,1,0,68,0,0.0,1,68,0,none,0,none,0,0,0,no_alert_unknown,no_alert_not_final_benign,-1,dns,app_proto+port
2025-07-19T23:02:54.959611+0700,103.195.142.74,118.98.44.20,33014,53,UDP,flow,dns,1507657830707293,,1,1,0,184,0,0.0,1,184,0,none,0,none,0,0,0,no_alert_unknown,no_alert_not_final_benign,-1,dns,app_proto+port
2025-07-19T23:02:54.959683+0700,103.195.142.75,8.8.8.8,16149,53,UDP,flow,dns,1452486272168421,,1,1,0,220,0,0.0,1,220,0,none,0,none,0,0,0,no_alert_unknown,no_alert_not_final_benign,-1,dns,app_proto+port
2025-07-19T23:02:54.959715+0700,103.195.142.46,87.98.154.91,53,10412,UDP,flow,failed,1488230264091273,,1,1,0,1437,0,0.0,1,1437,0,none,0,none,0,0,0,no_alert_unknown,no_alert_not_final_benign,-1,dns,port
2025-07-19T23:02:54.959777+0700,103.195.142.195,87.98.154.119,53,22185,UDP,flow,failed,1576097721627393,,1,1,0,1437,0,0.0,1,1437,0,none,0,none,0,0,0,no_alert_unknown,no_alert_not_final_benign,-1,dns,port
2025-07-19T23:02:54.959810+0700,103.195.142.74,202.134.0.155,18030,53,UDP,flow,dns,1481066540249859,,1,1,0,223,0,0.0,1,223,0,none,0,none,0,0,0,no_alert_unknown,no_alert_not_final_benign,-1,dns,app_proto+port
2025-07-19T23:02:54.959864+0700,103.195.142.74,118.98.44.20,61942,53,UDP,flow,dns,1930288509039635,,1,1,0,241,0,0.0,1,241,0,none,0,none,0,0,0,no_alert_unknown,no_alert_not_final_benign,-1,dns,app_proto+port
2025-07-19T23:02:54.959963+0700,103.195.142.76,87.98.154.194,53,59284,UDP,flow,failed,1957267802829891,,1,1,0,1469,0,0.0,1,1469,0,none,0,none,0,0,0,no_alert_unknown,no_alert_not_final_benign,-1,dns,port
2025-07-19T23:02:54.959984+0700,103.195.142.83,87.98.154.119,53,5883,UDP,flow,failed,1922240402961614,,1,1,0,1190,0,0.0,1,1190,0,none,0,none,0,0,0,no_alert_unknown,no_alert_not_final_benign,-1,dns,port
2025-07-19T23:02:54.960006+0700,103.195.142.109,87.98.154.229,53,58613,UDP,flow,failed,1453036217578723,,1,1,0,1437,0,0.0,1,1437,0,none,0,none,0,0,0,no_alert_unknown,no_alert_not_final_benign,-1,dns,port
2025-07-19T23:02:54.960043+0700,103.195.142.196,87.98.154.119,53,32450,UDP,flow,failed,1474089091282283,,1,1,0,1437,0,0.0,1,1437,0,none,0,none,0,0,0,no_alert_unknown,no_alert_not_final_benign,-1,dns,port
2025-07-19T23:02:54.960065+0700,103.195.142.74,118.98.44.50,21104,53,UDP,flow,dns,1568127128122748,,1,1,0,211,0,0.0,1,211,0,none,0,none,0,0,0,no_alert_unknown,no_alert_not_final_benign,-1,dns,app_proto+port
2025-07-19T23:02:54.960086+0700,103.195.142.76,87.98.154.118,53,46257,UDP,flow,failed,1425137510200904,,1,1,0,1469,0,0.0,1,1469,0,none,0,none,0,0,0,no_alert_unknown,no_alert_not_final_benign,-1,dns,port
2025-07-19T23:02:54.960213+0700,103.195.142.74,118.98.44.50,30596,53,UDP,flow,dns,1927151110141754,,1,1,0,86,0,0.0,1,86,0,none,0,none,0,0,0,no_alert_unknown,no_alert_not_final_benign,-1,dns,app_proto+port
2025-07-19T23:02:54.960288+0700,103.195.142.195,87.98.154.119,53,56950,UDP,flow,failed,1921481641768855,,1,1,0,1437,0,0.0,1,1437,0,none,0,none,0,0,0,no_alert_unknown,no_alert_not_final_benign,-1,dns,port
2025-07-19T23:02:54.960618+0700,103.195.142.195,87.98.154.104,53,34867,UDP,flow,failed,850613949249586,,1,3,0,4311,0,10.0,3,4311,0,none,0,none,0,0,0,no_alert_unknown,no_alert_not_final_benign,-1,dns,port
2025-07-19T23:02:54.960640+0700,103.195.142.46,87.98.154.231,53,55846,UDP,flow,failed,1510724797479088,,1,1,0,1437,0,0.0,1,1437,0,none,0,none,0,0,0,no_alert_unknown,no_alert_not_final_benign,-1,dns,port
2025-07-19T23:02:54.960661+0700,103.195.142.76,87.98.154.206,53,8759,UDP,flow,failed,970469251627264,,1,3,0,4407,0,10.0,3,4407,0,none,0,none,0,0,0,no_alert_unknown,no_alert_not_final_benign,-1,dns,port
2025-07-19T23:02:54.960729+0700,103.195.142.109,87.98.154.105,53,63338,UDP,flow,failed,1774454278470044,,1,1,0,1437,0,0.0,1,1437,0,none,0,none,0,0,0,no_alert_unknown,no_alert_not_final_benign,-1,dns,port
2025-07-19T23:02:54.960788+0700,103.195.142.74,202.134.0.155,55701,53,UDP,flow,dns,1641806192720423,,1,1,0,241,0,0.0,1,241,0,none,0,none,0,0,0,no_alert_unknown,no_alert_not_final_benign,-1,dns,app_proto+port
2025-07-19T23:02:54.960885+0700,103.195.142.75,8.8.8.8,61921,53,UDP,flow,dns,1429417715907408,,1,1,0,223,0,0.0,1,223,0,none,0,none,0,0,0,no_alert_unknown,no_alert_not_final_benign,-1,dns,app_proto+port
2025-07-19T23:02:54.960933+0700,103.195.142.195,87.98.154.92,53,54187,UDP,flow,failed,1820857661930724,,1,1,0,1437,0,0.0,1,1437,0,none,0,none,0,0,0,no_alert_unknown,no_alert_not_final_benign,-1,dns,port
2025-07-19T23:02:54.960963+0700,103.195.142.165,87.98.154.189,53,1215,UDP,flow,failed,1749170578603319,,1,1,0,1437,0,0.0,1,1437,0,none,0,none,0,0,0,no_alert_unknown,no_alert_not_final_benign,-1,dns,port
2025-07-19T23:02:54.961487+0700,103.195.142.74,202.134.0.155,16731,53,UDP,flow,dns,1952928852296037,,1,1,0,223,0,0.0,1,223,0,none,0,none,0,0,0,no_alert_unknown,no_alert_not_final_benign,-1,dns,app_proto+port
2025-07-19T23:02:54.961538+0700,103.195.142.74,202.134.0.155,6302,53,UDP,flow,dns,1494600617116140,,1,1,0,79,0,0.0,1,79,0,none,0,none,0,0,0,no_alert_unknown,no_alert_not_final_benign,-1,dns,app_proto+port
2025-07-19T23:02:54.961569+0700,103.195.142.109,87.98.154.119,53,19866,UDP,flow,failed,1473922508931597,,1,1,0,1437,0,0.0,1,1437,0,none,0,none,0,0,0,no_alert_unknown,no_alert_not_final_benign,-1,dns,port
2025-07-19T23:02:54.961644+0700,103.195.142.165,87.98.154.217,53,17302,UDP,flow,failed,1699079194755934,,1,1,0,1437,0,0.0,1,1437,0,none,0,none,0,0,0,no_alert_unknown,no_alert_not_final_benign,-1,dns,port
2025-07-19T23:02:54.961806+0700,103.195.142.75,8.8.8.8,60056,53,UDP,flow,dns,1468887545037791,,1,1,0,223,0,0.0,1,223,0,none,0,none,0,0,0,no_alert_unknown,no_alert_not_final_benign,-1,dns,app_proto+port
2025-07-19T23:02:54.961841+0700,103.195.142.196,87.98.154.119,53,41025,UDP,flow,failed,1881091618128942,,1,1,0,1437,0,0.0,1,1437,0,none,0,none,0,0,0,no_alert_unknown,no_alert_not_final_benign,-1,dns,port
2025-07-19T23:02:54.961900+0700,103.195.142.74,118.98.44.100,56389,53,UDP,flow,dns,1753622950003837,,1,1,0,178,0,0.0,1,178,0,none,0,none,0,0,0,no_alert_unknown,no_alert_not_final_benign,-1,dns,app_proto+port
2025-07-19T23:02:54.961933+0700,103.195.142.109,87.98.154.119,53,53762,UDP,flow,failed,1850787850110402,,1,1,0,1437,0,0.0,1,1437,0,none,0,none,0,0,0,no_alert_unknown,no_alert_not_final_benign,-1,dns,port
2025-07-19T23:02:54.961965+0700,103.195.142.76,87.98.154.119,53,54556,UDP,flow,failed,1408418852193912,,1,1,0,1469,0,0.0,1,1469,0,none,0,none,0,0,0,no_alert_unknown,no_alert_not_final_benign,-1,dns,port
2025-07-19T23:02:54.962149+0700,103.195.142.109,87.98.154.1,53,49174,UDP,flow,failed,1905661979805712,,1,1,0,1437,0,0.0,1,1437,0,none,0,none,0,0,0,no_alert_unknown,no_alert_not_final_benign,-1,dns,port
2025-07-19T23:02:54.962207+0700,103.195.142.83,87.98.154.138,53,27406,UDP,flow,failed,1627858799905004,,1,1,0,1190,0,0.0,1,1190,0,none,0,none,0,0,0,no_alert_unknown,no_alert_not_final_benign,-1,dns,port
2025-07-19T23:02:54.962235+0700,103.195.142.165,87.98.154.119,53,8362,UDP,flow,failed,1865874286070010,,1,1,0,1437,0,0.0,1,1437,0,none,0,none,0,0,0,no_alert_unknown,no_alert_not_final_benign,-1,dns,port
2025-07-19T23:02:54.962289+0700,103.195.142.3,172.253.9.219,53,57770,UDP,flow,failed,1821947289225552,,1,1,0,206,0,0.0,1,206,0,none,0,none,0,0,0,no_alert_unknown,no_alert_not_final_benign,-1,dns,port
2025-07-19T23:02:54.962323+0700,103.195.142.83,87.98.154.230,53,30992,UDP,flow,failed,1493994276145495,,1,1,0,1190,0,0.0,1,1190,0,none,0,none,0,0,0,no_alert_unknown,no_alert_not_final_benign,-1,dns,port
2025-07-19T23:02:54.962344+0700,103.195.142.46,87.98.154.147,53,12282,UDP,flow,failed,911503780825451,,1,3,0,4311,0,10.0,3,4311,0,none,0,none,0,0,0,no_alert_unknown,no_alert_not_final_benign,-1,dns,port
2025-07-19T23:02:54.962364+0700,103.195.142.83,87.98.154.118,53,51915,UDP,flow,failed,1163084305549856,,1,3,0,3570,0,10.0,3,3570,0,none,0,none,0,0,0,no_alert_unknown,no_alert_not_final_benign,-1,dns,port
2025-07-19T23:02:54.962395+0700,103.195.142.76,87.98.154.62,53,26321,UDP,flow,failed,1695998729472784,,1,1,0,1469,0,0.0,1,1469,0,none,0,none,0,0,0,no_alert_unknown,no_alert_not_final_benign,-1,dns,port
2025-07-19T23:02:54.962461+0700,103.195.142.76,87.98.154.119,53,15211,UDP,flow,failed,1576590810631284,,1,1,0,1469,0,0.0,1,1469,0,none,0,none,0,0,0,no_alert_unknown,no_alert_not_final_benign,-1,dns,port
2025-07-19T23:02:54.962481+0700,103.195.142.76,87.98.154.117,53,43681,UDP,flow,failed,1960998296636533,,1,1,0,1469,0,0.0,1,1469,0,none,0,none,0,0,0,no_alert_unknown,no_alert_not_final_benign,-1,dns,port
2025-07-19T23:02:54.962529+0700,103.195.142.74,202.134.0.155,35538,53,UDP,flow,dns,1580103156190603,,1,1,0,84,0,0.0,1,84,0,none,0,none,0,0,0,no_alert_unknown,no_alert_not_final_benign,-1,dns,app_proto+port
2025-07-19T23:02:54.962586+0700,103.195.142.83,87.98.154.119,53,19038,UDP,flow,failed,1923258053185142,,1,1,0,1190,0,0.0,1,1190,0,none,0,none,0,0,0,no_alert_unknown,no_alert_not_final_benign,-1,dns,port
2025-07-19T23:02:54.962659+0700,103.195.142.74,118.98.44.100,11927,53,UDP,flow,dns,1489189732896418,,1,1,0,223,0,0.0,1,223,0,none,0,none,0,0,0,no_alert_unknown,no_alert_not_final_benign,-1,dns,app_proto+port
2025-07-19T23:02:54.962682+0700,103.195.142.83,87.98.154.118,53,10574,UDP,flow,failed,1901709765922589,,1,1,0,1190,0,0.0,1,1190,0,none,0,none,0,0,0,no_alert_unknown,no_alert_not_final_benign,-1,dns,port
2025-07-19T23:02:54.962739+0700,103.195.142.74,118.98.44.100,20767,53,UDP,flow,dns,1409699291746096,,1,1,0,178,0,0.0,1,178,0,none,0,none,0,0,0,no_alert_unknown,no_alert_not_final_benign,-1,dns,app_proto+port
2025-07-19T23:02:54.962786+0700,103.195.142.75,50.28.102.86,20528,53,UDP,flow,dns,1680142770786155,,1,1,0,85,0,0.0,1,85,0,none,0,none,0,0,0,no_alert_unknown,no_alert_not_final_benign,-1,dns,app_proto+port
2025-07-19T23:02:54.962846+0700,103.195.142.195,87.98.154.16,53,24183,UDP,flow,failed,1437793649119140,,1,1,0,1437,0,0.0,1,1437,0,none,0,none,0,0,0,no_alert_unknown,no_alert_not_final_benign,-1,dns,port
2025-07-19T23:02:54.962868+0700,103.195.142.75,8.8.8.8,47661,53,UDP,flow,dns,1635329534283750,,1,1,0,79,0,0.0,1,79,0,none,0,none,0,0,0,no_alert_unknown,no_alert_not_final_benign,-1,dns,app_proto+port
2025-07-19T23:02:54.962899+0700,103.195.142.76,87.98.154.150,53,42705,UDP,flow,failed,1588158734880778,,1,3,0,4407,0,9.0,3,4407,0,none,0,none,0,0,0,no_alert_unknown,no_alert_not_final_benign,-1,dns,port
2025-07-19T23:02:54.962931+0700,103.195.142.109,87.98.154.118,53,8649,UDP,flow,failed,1634656213946453,,1,1,0,1437,0,0.0,1,1437,0,none,0,none,0,0,0,no_alert_unknown,no_alert_not_final_benign,-1,dns,port
2025-07-19T23:02:54.963056+0700,103.195.142.195,87.98.154.120,53,58019,UDP,flow,failed,1674326136017094,,1,1,0,1437,0,0.0,1,1437,0,none,0,none,0,0,0,no_alert_unknown,no_alert_not_final_benign,-1,dns,port
2025-07-19T23:02:54.963081+0700,103.195.142.74,118.98.44.20,37231,53,UDP,flow,dns,1569778708009175,,1,1,0,88,0,0.0,1,88,0,none,0,none,0,0,0,no_alert_unknown,no_alert_not_final_benign,-1,dns,app_proto+port
2025-07-19T23:02:54.963277+0700,103.195.142.46,87.98.154.119,53,4412,UDP,flow,failed,1947895083717048,,1,1,0,1437,0,0.0,1,1437,0,none,0,none,0,0,0,no_alert_unknown,no_alert_not_final_benign,-1,dns,port
2025-07-19T23:02:54.963298+0700,103.195.142.74,118.98.44.50,47019,53,UDP,flow,dns,1506794762162647,,1,1,0,232,0,0.0,1,232,0,none,0,none,0,0,0,no_alert_unknown,no_alert_not_final_benign,-1,dns,app_proto+port
2025-07-19T23:02:54.963388+0700,103.195.142.74,118.98.44.100,56583,53,UDP,flow,dns,1601624506520231,,1,1,0,232,0,0.0,1,232,0,none,0,none,0,0,0,no_alert_unknown,no_alert_not_final_benign,-1,dns,app_proto+port
2025-07-19T23:02:54.963441+0700,103.195.142.196,87.98.154.125,53,27344,UDP,flow,failed,1511759139328901,,1,1,0,1437,0,0.0,1,1437,0,none,0,none,0,0,0,no_alert_unknown,no_alert_not_final_benign,-1,dns,port
2025-07-19T23:02:54.963516+0700,103.195.142.75,8.8.8.8,64039,53,UDP,flow,dns,1655067894305945,,1,1,0,80,0,0.0,1,80,0,none,0,none,0,0,0,no_alert_unknown,no_alert_not_final_benign,-1,dns,app_proto+port
2025-07-19T23:02:54.963552+0700,103.195.142.75,8.8.8.8,31216,53,UDP,flow,dns,1471347684037800,,1,1,0,85,0,0.0,1,85,0,none,0,none,0,0,0,no_alert_unknown,no_alert_not_final_benign,-1,dns,app_proto+port
2025-07-19T23:02:54.963609+0700,103.195.142.75,8.8.8.8,9244,53,UDP,flow,dns,1566846140830959,,1,1,0,211,0,0.0,1,211,0,none,0,none,0,0,0,no_alert_unknown,no_alert_not_final_benign,-1,dns,app_proto+port
2025-07-19T23:02:54.963652+0700,103.195.142.46,87.98.154.111,53,3404,UDP,flow,failed,1968002127123704,,1,1,0,1437,0,0.0,1,1437,0,none,0,none,0,0,0,no_alert_unknown,no_alert_not_final_benign,-1,dns,port
2025-07-19T23:02:54.963677+0700,103.195.142.75,8.8.8.8,42877,53,UDP,flow,dns,1758416000800004,,1,1,0,241,0,0.0,1,241,0,none,0,none,0,0,0,no_alert_unknown,no_alert_not_final_benign,-1,dns,app_proto+port
2025-07-19T23:02:54.963775+0700,103.195.142.3,74.114.31.151,53,59319,UDP,flow,failed,1700705521718770,,1,1,0,202,0,0.0,1,202,0,none,0,none,0,0,0,no_alert_unknown,no_alert_not_final_benign,-1,dns,port
2025-07-19T23:02:54.963829+0700,103.195.142.196,87.98.154.119,53,24678,UDP,flow,failed,1475849421215328,,1,1,0,1437,0,0.0,1,1437,0,none,0,none,0,0,0,no_alert_unknown,no_alert_not_final_benign,-1,dns,port
2025-07-19T23:02:54.963861+0700,103.195.142.195,87.98.154.118,53,55833,UDP,flow,failed,1645096758171267,,1,1,0,1437,0,0.0,1,1437,0,none,0,none,0,0,0,no_alert_unknown,no_alert_not_final_benign,-1,dns,port
2025-07-19T23:02:54.963905+0700,103.195.142.74,118.98.44.100,56983,53,UDP,flow,dns,1954082440042166,,1,1,0,241,0,0.0,1,241,0,none,0,none,0,0,0,no_alert_unknown,no_alert_not_final_benign,-1,dns,app_proto+port
2025-07-19T23:02:54.963939+0700,103.195.142.2,74.114.31.156,53,51877,UDP,flow,failed,1480744269600557,,1,1,0,192,0,0.0,1,192,0,none,0,none,0,0,0,no_alert_unknown,no_alert_not_final_benign,-1,dns,port
2025-07-19T23:02:54.963959+0700,103.195.142.74,118.98.44.50,26129,53,UDP,flow,dns,1752358248732502,,1,1,0,241,0,0.0,1,241,0,none,0,none,0,0,0,no_alert_unknown,no_alert_not_final_benign,-1,dns,app_proto+port
2025-07-19T23:02:54.964001+0700,103.195.142.75,8.8.8.8,48567,53,UDP,flow,dns,1512122755340628,,1,1,0,178,0,0.0,1,178,0,none,0,none,0,0,0,no_alert_unknown,no_alert_not_final_benign,-1,dns,app_proto+port
2025-07-19T23:02:54.964040+0700,103.195.142.83,87.98.154.30,53,63895,UDP,flow,failed,1617026395757195,,1,1,0,1190,0,0.0,1,1190,0,none,0,none,0,0,0,no_alert_unknown,no_alert_not_final_benign,-1,dns,port
2025-07-19T23:02:54.964079+0700,103.195.142.74,202.134.0.155,7523,53,UDP,flow,dns,1707296596253480,,1,1,0,232,0,0.0,1,232,0,none,0,none,0,0,0,no_alert_unknown,no_alert_not_final_benign,-1,dns,app_proto+port
2025-07-19T23:02:54.964109+0700,103.195.142.83,87.98.154.230,53,49691,UDP,flow,failed,1543076834728833,,1,1,0,1190,0,0.0,1,1190,0,none,0,none,0,0,0,no_alert_unknown,no_alert_not_final_benign,-1,dns,port
2025-07-19T23:02:54.964134+0700,103.195.142.74,118.98.44.100,36022,53,UDP,flow,dns,1626550061718648,,1,1,0,232,0,0.0,1,232,0,none,0,none,0,0,0,no_alert_unknown,no_alert_not_final_benign,-1,dns,app_proto+port
2025-07-19T23:02:54.964177+0700,103.195.142.75,8.8.8.8,33540,53,UDP,flow,dns,1841067998731762,,1,1,0,77,0,0.0,1,77,0,none,0,none,0,0,0,no_alert_unknown,no_alert_not_final_benign,-1,dns,app_proto+port
2025-07-19T23:02:54.964204+0700,103.195.142.76,87.98.154.62,53,13116,UDP,flow,failed,1585801798115083,,1,1,0,1469,0,0.0,1,1469,0,none,0,none,0,0,0,no_alert_unknown,no_alert_not_final_benign,-1,dns,port
2025-07-19T23:02:54.964223+0700,103.195.142.109,87.98.154.118,53,61826,UDP,flow,failed,1946132472880973,,1,1,0,1437,0,0.0,1,1437,0,none,0,none,0,0,0,no_alert_unknown,no_alert_not_final_benign,-1,dns,port
2025-07-19T23:02:54.964262+0700,103.195.142.74,202.134.0.155,53625,53,UDP,flow,dns,1888299975598095,,1,1,0,78,0,0.0,1,78,0,none,0,none,0,0,0,no_alert_unknown,no_alert_not_final_benign,-1,dns,app_proto+port
2025-07-19T23:02:54.964308+0700,103.195.142.109,87.98.154.119,53,41189,UDP,flow,failed,1563145045303332,,1,1,0,1437,0,0.0,1,1437,0,none,0,none,0,0,0,no_alert_unknown,no_alert_not_final_benign,-1,dns,port
2025-07-19T23:02:54.964334+0700,103.195.142.74,202.134.0.155,64261,53,UDP,flow,dns,1848419732512930,,1,1,0,220,0,0.0,1,220,0,none,0,none,0,0,0,no_alert_unknown,no_alert_not_final_benign,-1,dns,app_proto+port
2025-07-19T23:02:54.964381+0700,103.195.142.75,8.8.8.8,63169,53,UDP,flow,dns,770094882971967,,1,2,0,492,0,4.0,2,492,0,none,0,none,0,0,0,no_alert_unknown,no_alert_not_final_benign,-1,dns,app_proto+port
2025-07-19T23:02:54.964402+0700,103.195.142.83,87.98.154.134,53,2658,UDP,flow,failed,1839688029528423,,1,1,0,1190,0,0.0,1,1190,0,none,0,none,0,0,0,no_alert_unknown,no_alert_not_final_benign,-1,dns,port
2025-07-19T23:02:54.964483+0700,103.195.142.165,87.98.154.49,53,1835,UDP,flow,failed,1604813806068296,,1,1,0,1437,0,0.0,1,1437,0,none,0,none,0,0,0,no_alert_unknown,no_alert_not_final_benign,-1,dns,port
2025-07-19T23:02:54.964522+0700,103.195.142.74,118.98.44.20,2666,53,UDP,flow,dns,1642690897732377,,1,1,0,243,0,0.0,1,243,0,none,0,none,0,0,0,no_alert_unknown,no_alert_not_final_benign,-1,dns,app_proto+port
2025-07-19T23:02:54.964599+0700,103.195.142.3,172.217.43.149,53,36227,UDP,flow,failed,1824911368807600,,1,1,0,156,0,0.0,1,156,0,none,0,none,0,0,0,no_alert_unknown,no_alert_not_final_benign,-1,dns,port
2025-07-19T23:02:54.964639+0700,103.195.142.76,87.98.154.119,53,36626,UDP,flow,failed,1772419871958714,,1,1,0,1469,0,0.0,1,1469,0,none,0,none,0,0,0,no_alert_unknown,no_alert_not_final_benign,-1,dns,port
2025-07-19T23:02:54.964660+0700,103.195.142.75,8.8.8.8,11430,53,UDP,flow,dns,1967727956879254,,1,1,0,74,0,0.0,1,74,0,none,0,none,0,0,0,no_alert_unknown,no_alert_not_final_benign,-1,dns,app_proto+port
2025-07-19T23:02:54.964683+0700,103.195.142.195,87.98.154.188,53,27237,UDP,flow,failed,1936140294907971,,1,1,0,1437,0,0.0,1,1437,0,none,0,none,0,0,0,no_alert_unknown,no_alert_not_final_benign,-1,dns,port
2025-07-19T23:02:54.964778+0700,103.195.142.109,87.98.154.119,53,36675,UDP,flow,failed,1903173672856674,,1,1,0,1437,0,0.0,1,1437,0,none,0,none,0,0,0,no_alert_unknown,no_alert_not_final_benign,-1,dns,port
2025-07-19T23:02:54.964803+0700,103.195.142.165,87.98.154.161,53,52610,UDP,flow,failed,1953545192500361,,1,1,0,1437,0,0.0,1,1437,0,none,0,none,0,0,0,no_alert_unknown,no_alert_not_final_benign,-1,dns,port
2025-07-19T23:02:54.964822+0700,103.195.142.196,87.98.154.118,53,3768,UDP,flow,failed,1728369946094741,,1,1,0,1437,0,0.0,1,1437,0,none,0,none,0,0,0,no_alert_unknown,no_alert_not_final_benign,-1,dns,port
2025-07-19T23:02:54.964880+0700,103.195.142.46,87.98.154.231,53,8932,UDP,flow,failed,1908448209563277,,1,1,0,1437,0,0.0,1,1437,0,none,0,none,0,0,0,no_alert_unknown,no_alert_not_final_benign,-1,dns,port
2025-07-19T23:02:54.964907+0700,103.195.142.3,74.114.31.146,53,40699,UDP,flow,failed,1796187095396183,,1,1,0,189,0,0.0,1,189,0,none,0,none,0,0,0,no_alert_unknown,no_alert_not_final_benign,-1,dns,port
2025-07-19T23:02:54.964928+0700,103.195.142.76,87.98.154.119,53,34421,UDP,flow,failed,1953890535370714,,1,1,0,1469,0,0.0,1,1469,0,none,0,none,0,0,0,no_alert_unknown,no_alert_not_final_benign,-1,dns,port
2025-07-19T23:02:54.965012+0700,103.195.142.74,118.98.44.100,16067,53,UDP,flow,dns,1954313173299632,,1,1,0,211,0,0.0,1,211,0,none,0,none,0,0,0,no_alert_unknown,no_alert_not_final_benign,-1,dns,app_proto+port
2025-07-19T23:02:54.965036+0700,103.195.142.109,87.98.154.117,53,28785,UDP,flow,failed,1766111309361602,,1,1,0,1437,0,0.0,1,1437,0,none,0,none,0,0,0,no_alert_unknown,no_alert_not_final_benign,-1,dns,port
2025-07-19T23:02:54.965091+0700,103.195.142.74,118.98.44.20,50257,53,UDP,flow,dns,1787621956154014,,1,1,0,241,0,0.0,1,241,0,none,0,none,0,0,0,no_alert_unknown,no_alert_not_final_benign,-1,dns,app_proto+port
2025-07-19T23:02:54.965143+0700,103.195.142.196,87.98.154.185,53,41594,UDP,flow,failed,1719642789802866,,1,1,0,1437,0,0.0,1,1437,0,none,0,none,0,0,0,no_alert_unknown,no_alert_not_final_benign,-1,dns,port
2025-07-19T23:02:54.965167+0700,103.195.142.195,87.98.154.216,53,19687,UDP,flow,failed,1830815671219159,,1,1,0,1437,0,0.0,1,1437,0,none,0,none,0,0,0,no_alert_unknown,no_alert_not_final_benign,-1,dns,port
2025-07-19T23:02:54.965227+0700,103.195.142.196,87.98.154.119,53,56028,UDP,flow,failed,1738628022629674,,1,1,0,1437,0,0.0,1,1437,0,none,0,none,0,0,0,no_alert_unknown,no_alert_not_final_benign,-1,dns,port
2025-07-19T23:02:54.965247+0700,103.195.142.109,87.98.154.119,53,12985,UDP,flow,failed,1860678982137170,,1,1,0,1437,0,0.0,1,1437,0,none,0,none,0,0,0,no_alert_unknown,no_alert_not_final_benign,-1,dns,port
2025-07-19T23:02:54.965309+0700,103.195.142.74,118.98.44.100,18892,53,UDP,flow,dns,1706138205780141,,1,1,0,105,0,0.0,1,105,0,none,0,none,0,0,0,no_alert_unknown,no_alert_not_final_benign,-1,dns,app_proto+port
2025-07-19T23:02:54.974649+0700,103.195.142.74,202.134.0.155,18943,53,UDP,dns,,1934289159192065,wire/pcap,0,0,0,0,0,0.0,0,0,0,none,0,none,0,0,0,no_alert_unknown,no_alert_not_final_benign,-1,dns,port
2025-07-19T23:02:54.974786+0700,103.195.142.74,118.98.44.20,63913,53,UDP,dns,,1934876353969957,wire/pcap,0,0,0,0,0,0.0,0,0,0,none,0,none,0,0,0,no_alert_unknown,no_alert_not_final_benign,-1,dns,port
2025-07-19T23:02:54.975074+0700,103.195.142.74,118.98.44.20,62547,53,UDP,dns,,1936112560995084,wire/pcap,0,0,0,0,0,0.0,0,0,0,none,0,none,0,0,0,no_alert_unknown,no_alert_not_final_benign,-1,dns,port
2025-07-19T23:02:54.981041+0700,103.195.142.74,118.98.44.20,16558,53,UDP,dns,,1961743394243902,wire/pcap,0,0,0,0,0,0.0,0,0,0,none,0,none,0,0,0,no_alert_unknown,no_alert_not_final_benign,-1,dns,port
2025-07-19T23:02:54.990984+0700,103.195.142.74,118.98.44.50,3944,53,UDP,dns,,1722972360979000,wire/pcap,0,0,0,0,0,0.0,0,0,0,none,0,none,0,0,0,no_alert_unknown,no_alert_not_final_benign,-1,dns,port
2025-07-19T23:02:54.994331+0700,103.195.142.75,208.74.124.194,48538,53,UDP,dns,,1737348545766304,wire/pcap,0,0,0,0,0,0.0,0,0,0,none,0,none,0,0,0,no_alert_unknown,no_alert_not_final_benign,-1,dns,port
2025-07-19T23:02:54.997679+0700,103.195.142.74,118.98.44.100,32545,53,UDP,dns,,1751727591264210,wire/pcap,0,0,0,0,0,0.0,0,0,0,none,0,none,0,0,0,no_alert_unknown,no_alert_not_final_benign,-1,dns,port
2025-07-19T23:02:55.018491+0700,103.195.142.74,202.134.0.155,14007,53,UDP,dns,,2049744895375388,wire/pcap,0,0,0,0,0,0.0,0,0,0,none,0,none,0,0,0,no_alert_unknown,no_alert_not_final_benign,-1,dns,port
2025-07-19T23:02:55.018548+0700,103.195.142.74,118.98.44.20,51918,53,UDP,dns,,2049991192793477,wire/pcap,0,0,0,0,0,0.0,0,0,0,none,0,none,0,0,0,no_alert_unknown,no_alert_not_final_benign,-1,dns,port
2025-07-19T23:02:55.023854+0700,103.195.142.74,118.98.44.20,52409,53,UDP,dns,,2072780505557336,wire/pcap,0,0,0,0,0,0.0,0,0,0,none,0,none,0,0,0,no_alert_unknown,no_alert_not_final_benign,-1,dns,port
2025-07-19T23:02:55.052957+0700,103.195.142.74,202.134.0.155,52538,53,UDP,dns,,2197776276771970,wire/pcap,0,0,0,0,0,0.0,0,0,0,none,0,none,0,0,0,no_alert_unknown,no_alert_not_final_benign,-1,dns,port
2025-07-19T23:02:55.056558+0700,103.195.142.75,8.8.8.8,44515,53,UDP,dns,,2213241022239400,wire/pcap,0,0,0,0,0,0.0,0,0,0,none,0,none,0,0,0,no_alert_unknown,no_alert_not_final_benign,-1,dns,port
2025-07-19T23:02:55.061566+0700,103.195.142.74,202.134.0.155,2616,53,UDP,dns,,2234752654243358,wire/pcap,0,0,0,0,0,0.0,0,0,0,none,0,none,0,0,0,no_alert_unknown,no_alert_not_final_benign,-1,dns,port
2025-07-19T23:02:55.074234+0700,103.195.142.74,118.98.44.50,39810,53,UDP,dns,,2007682724417174,wire/pcap,0,0,0,0,0,0.0,0,0,0,none,0,none,0,0,0,no_alert_unknown,no_alert_not_final_benign,-1,dns,port
2025-07-19T23:02:55.096371+0700,103.195.142.74,118.98.44.20,43919,53,UDP,dns,,2102763974961792,wire/pcap,0,0,0,0,0,0.0,0,0,0,none,0,none,0,0,0,no_alert_unknown,no_alert_not_final_benign,-1,dns,port
2025-07-19T23:02:55.100112+0700,103.195.142.74,118.98.44.50,37735,53,UDP,dns,,2118830423920832,wire/pcap,0,0,0,0,0,0.0,0,0,0,none,0,none,0,0,0,no_alert_unknown,no_alert_not_final_benign,-1,dns,port
2025-07-19T23:02:55.100629+0700,103.195.142.74,118.98.44.20,28741,53,UDP,dns,,2121050410497705,wire/pcap,0,0,0,0,0,0.0,0,0,0,none,0,none,0,0,0,no_alert_unknown,no_alert_not_final_benign,-1,dns,port
2025-07-19T23:02:55.115186+0700,103.195.142.74,118.98.44.20,1793,53,UDP,flow,dns,17695185583796,,1,1,0,81,0,0.0,1,81,0,none,0,none,0,0,0,no_alert_unknown,no_alert_not_final_benign,-1,dns,app_proto+port
2025-07-19T23:02:55.150744+0700,103.195.142.74,118.98.44.50,54559,53,UDP,dns,,2054817889213090,wire/pcap,0,0,0,0,0,0.0,0,0,0,none,0,none,0,0,0,no_alert_unknown,no_alert_not_final_benign,-1,dns,port
2025-07-19T23:02:55.183506+0700,103.195.142.75,8.8.8.8,21972,53,UDP,dns,,2195528361862903,wire/pcap,0,0,0,0,0,0.0,0,0,0,none,0,none,0,0,0,no_alert_unknown,no_alert_not_final_benign,-1,dns,port
2025-07-19T23:02:55.188538+0700,103.195.142.74,118.98.44.20,55108,53,UDP,dns,,2217141450483080,wire/pcap,0,0,0,0,0,0.0,0,0,0,none,0,none,0,0,0,no_alert_unknown,no_alert_not_final_benign,-1,dns,port
2025-07-19T23:02:55.202520+0700,103.195.142.74,118.98.44.50,15807,53,UDP,dns,,1995717805123660,wire/pcap,0,0,0,0,0,0.0,0,0,0,none,0,none,0,0,0,no_alert_unknown,no_alert_not_final_benign,-1,dns,port
2025-07-19T23:02:55.211524+0700,103.195.142.74,118.98.44.100,18736,53,UDP,dns,,2034392071590835,wire/pcap,0,0,0,0,0,0.0,0,0,0,none,0,none,0,0,0,no_alert_unknown,no_alert_not_final_benign,-1,dns,port
2025-07-19T23:02:55.232505+0700,103.195.142.74,118.98.44.100,22315,53,UDP,dns,,2124503552938684,wire/pcap,0,0,0,0,0,0.0,0,0,0,none,0,none,0,0,0,no_alert_unknown,no_alert_not_final_benign,-1,dns,port
2025-07-19T23:02:55.232786+0700,103.195.142.74,118.98.44.100,4037,53,UDP,dns,,2125710912900111,wire/pcap,0,0,0,0,0,0.0,0,0,0,none,0,none,0,0,0,no_alert_unknown,no_alert_not_final_benign,-1,dns,port
2025-07-19T23:02:55.237111+0700,103.195.142.74,202.134.0.155,61978,53,UDP,dns,,2144285702022538,wire/pcap,0,0,0,0,0,0.0,0,0,0,none,0,none,0,0,0,no_alert_unknown,no_alert_not_final_benign,-1,dns,port
2025-07-19T23:02:55.239629+0700,103.195.142.75,8.8.8.8,9668,53,UDP,dns,,2155099389966741,wire/pcap,0,0,0,0,0,0.0,0,0,0,none,0,none,0,0,0,no_alert_unknown,no_alert_not_final_benign,-1,dns,port
2025-07-19T23:02:55.261381+0700,103.195.142.74,118.98.44.20,1987,53,UDP,dns,,2248526942212762,wire/pcap,0,0,0,0,0,0.0,0,0,0,none,0,none,0,0,0,no_alert_unknown,no_alert_not_final_benign,-1,dns,port
2025-07-19T23:02:55.265426+0700,103.195.142.74,202.134.0.155,8481,53,UDP,dns,,1984422512548385,wire/pcap,0,0,0,0,0,0.0,0,0,0,none,0,none,0,0,0,no_alert_unknown,no_alert_not_final_benign,-1,dns,port
2025-07-19T23:02:55.267045+0700,103.195.142.75,8.8.8.8,34288,53,UDP,dns,,1991377108640737,wire/pcap,0,0,0,0,0,0.0,0,0,0,none,0,none,0,0,0,no_alert_unknown,no_alert_not_final_benign,-1,dns,port
2025-07-19T23:02:55.274845+0700,103.195.142.74,202.134.0.155,16566,53,UDP,dns,,2024877645025403,wire/pcap,0,0,0,0,0,0.0,0,0,0,none,0,none,0,0,0,no_alert_unknown,no_alert_not_final_benign,-1,dns,port
2025-07-19T23:02:55.274965+0700,103.195.142.75,8.8.8.8,2496,53,UDP,dns,,2025394572887394,wire/pcap,0,0,0,0,0,0.0,0,0,0,none,0,none,0,0,0,no_alert_unknown,no_alert_not_final_benign,-1,dns,port
2025-07-19T23:02:55.280442+0700,103.195.142.74,118.98.44.50,50222,53,UDP,dns,,2048917432597822,wire/pcap,0,0,0,0,0,0.0,0,0,0,none,0,none,0,0,0,no_alert_unknown,no_alert_not_final_benign,-1,dns,port
2025-07-19T23:02:55.336040+0700,103.195.142.74,118.98.44.20,30788,53,UDP,dns,,2006233839020988,wire/pcap,0,0,0,0,0,0.0,0,0,0,none,0,none,0,0,0,no_alert_unknown,no_alert_not_final_benign,-1,dns,port
2025-07-19T23:02:55.339646+0700,103.195.142.75,50.28.32.155,12798,53,UDP,dns,,2021720610137609,wire/pcap,0,0,0,0,0,0.0,0,0,0,none,0,none,0,0,0,no_alert_unknown,no_alert_not_final_benign,-1,dns,port
2025-07-19T23:02:55.356203+0700,103.195.142.74,118.98.44.20,28928,53,UDP,dns,,2092834245195171,wire/pcap,0,0,0,0,0,0.0,0,0,0,none,0,none,0,0,0,no_alert_unknown,no_alert_not_final_benign,-1,dns,port
2025-07-19T23:02:55.405830+0700,103.195.142.108,8.8.8.8,15258,53,UDP,dns,,2024503683166546,wire/pcap,0,0,0,0,0,0.0,0,0,0,none,0,none,0,0,0,no_alert_unknown,no_alert_not_final_benign,-1,dns,port
2025-07-19T23:02:55.474103+0700,103.195.142.75,8.8.8.8,4116,53,UDP,dns,,2036257961969763,wire/pcap,0,0,0,0,0,0.0,0,0,0,none,0,none,0,0,0,no_alert_unknown,no_alert_not_final_benign,-1,dns,port
2025-07-19T23:02:55.502830+0700,103.195.142.74,118.98.44.50,18982,53,UDP,dns,,2159638658712924,wire/pcap,0,0,0,0,0,0.0,0,0,0,none,0,none,0,0,0,no_alert_unknown,no_alert_not_final_benign,-1,dns,port
2025-07-19T23:02:55.531134+0700,103.195.142.74,118.98.44.20,45481,53,UDP,dns,,1999728269571813,wire/pcap,0,0,0,0,0,0.0,0,0,0,none,0,none,0,0,0,no_alert_unknown,no_alert_not_final_benign,-1,dns,port
2025-07-19T23:02:55.553894+0700,103.195.142.74,118.98.44.50,53372,53,UDP,dns,,2097485799334521,wire/pcap,0,0,0,0,0,0.0,0,0,0,none,0,none,0,0,0,no_alert_unknown,no_alert_not_final_benign,-1,dns,port
2025-07-19T23:02:55.564181+0700,103.195.142.74,69.39.238.36,34656,53,UDP,dns,,2141664868078370,wire/pcap,0,0,0,0,0,0.0,0,0,0,none,0,none,0,0,0,no_alert_unknown,no_alert_not_final_benign,-1,dns,port
2025-07-19T23:02:55.598353+0700,103.195.142.74,202.134.0.155,22294,53,UDP,dns,,2006957891756297,wire/pcap,0,0,0,0,0,0.0,0,0,0,none,0,none,0,0,0,no_alert_unknown,no_alert_not_final_benign,-1,dns,port
2025-07-19T23:02:55.598484+0700,103.195.142.74,118.98.44.20,5632,53,UDP,dns,,2007520268147032,wire/pcap,0,0,0,0,0,0.0,0,0,0,none,0,none,0,0,0,no_alert_unknown,no_alert_not_final_benign,-1,dns,port
2025-07-19T23:02:55.607340+0700,103.195.142.75,50.28.32.155,20881,53,UDP,dns,,2045557527193470,wire/pcap,0,0,0,0,0,0.0,0,0,0,none,0,none,0,0,0,no_alert_unknown,no_alert_not_final_benign,-1,dns,port
2025-07-19T23:02:55.608780+0700,103.195.142.75,161.232.17.42,40665,53,UDP,dns,,2051741327447605,wire/pcap,0,0,0,0,0,0.0,0,0,0,none,0,none,0,0,0,no_alert_unknown,no_alert_not_final_benign,-1,dns,port
2025-07-19T23:02:55.620123+0700,103.195.142.75,8.8.8.8,12213,53,UDP,dns,,2100459440708854,wire/pcap,0,0,0,0,0,0.0,0,0,0,none,0,none,0,0,0,no_alert_unknown,no_alert_not_final_benign,-1,dns,port
2025-07-19T23:02:55.626302+0700,103.195.142.74,118.98.44.20,30655,53,UDP,dns,,2127000678832976,wire/pcap,0,0,0,0,0,0.0,0,0,0,none,0,none,0,0,0,no_alert_unknown,no_alert_not_final_benign,-1,dns,port
2025-07-19T23:02:55.628269+0700,103.195.142.74,202.134.0.155,44963,53,UDP,dns,,2135444951447558,wire/pcap,0,0,0,0,0,0.0,0,0,0,none,0,none,0,0,0,no_alert_unknown,no_alert_not_final_benign,-1,dns,port
2025-07-19T23:02:55.662135+0700,103.195.142.74,118.98.44.50,55590,53,UDP,dns,,1999424943016219,wire/pcap,0,0,0,0,0,0.0,0,0,0,none,0,none,0,0,0,no_alert_unknown,no_alert_not_final_benign,-1,dns,port
2025-07-19T23:02:55.698286+0700,103.195.142.74,118.98.44.20,48715,53,UDP,dns,,2154694392636115,wire/pcap,0,0,0,0,0,0.0,0,0,0,none,0,none,0,0,0,no_alert_unknown,no_alert_not_final_benign,-1,dns,port
2025-07-19T23:02:55.710447+0700,103.195.142.74,118.98.44.100,6954,53,UDP,dns,,2206923567764330,wire/pcap,0,0,0,0,0,0.0,0,0,0,none,0,none,0,0,0,no_alert_unknown,no_alert_not_final_benign,-1,dns,port
2025-07-19T23:02:55.730425+0700,103.195.142.74,202.134.0.155,5902,53,UDP,dns,,2011252544212216,wire/pcap,0,0,0,0,0,0.0,0,0,0,none,0,none,0,0,0,no_alert_unknown,no_alert_not_final_benign,-1,dns,port
2025-07-19T23:02:55.779666+0700,103.195.142.74,202.134.0.155,54763,53,UDP,dns,,2222741090213942,wire/pcap,0,0,0,0,0,0.0,0,0,0,none,0,none,0,0,0,no_alert_unknown,no_alert_not_final_benign,-1,dns,port
2025-07-19T23:02:55.823528+0700,103.195.142.74,118.98.44.100,31529,53,UDP,dns,,2129655173296673,wire/pcap,0,0,0,0,0,0.0,0,0,0,none,0,none,0,0,0,no_alert_unknown,no_alert_not_final_benign,-1,dns,port
2025-07-19T23:02:55.862225+0700,103.195.142.74,118.98.44.50,33246,53,UDP,dns,,2014380390894002,wire/pcap,0,0,0,0,0,0.0,0,0,0,none,0,none,0,0,0,no_alert_unknown,no_alert_not_final_benign,-1,dns,port
2025-07-19T23:02:55.862272+0700,103.195.142.75,8.8.8.8,11602,53,UDP,dns,,2014582443400031,wire/pcap,0,0,0,0,0,0.0,0,0,0,none,0,none,0,0,0,no_alert_unknown,no_alert_not_final_benign,-1,dns,port
2025-07-19T23:02:55.874502+0700,103.195.142.74,69.39.238.36,18488,53,UDP,dns,,2067110400522078,wire/pcap,0,0,0,0,0,0.0,0,0,0,none,0,none,0,0,0,no_alert_unknown,no_alert_not_final_benign,-1,dns,port
2025-07-19T23:02:55.905516+0700,103.195.142.74,118.98.44.20,31174,53,UDP,dns,,2200313741865065,wire/pcap,0,0,0,0,0,0.0,0,0,0,none,0,none,0,0,0,no_alert_unknown,no_alert_not_final_benign,-1,dns,port
2025-07-19T23:02:55.905648+0700,103.195.142.75,8.8.8.8,21807,53,UDP,dns,,2200880093639467,wire/pcap,0,0,0,0,0,0.0,0,0,0,none,0,none,0,0,0,no_alert_unknown,no_alert_not_final_benign,-1,dns,port
2025-07-19T23:02:55.910164+0700,103.195.142.74,202.134.0.155,51804,53,UDP,dns,,2220277422202963,wire/pcap,0,0,0,0,0,0.0,0,0,0,none,0,none,0,0,0,no_alert_unknown,no_alert_not_final_benign,-1,dns,port
2025-07-19T23:02:55.910467+0700,103.195.142.74,118.98.44.50,56171,53,UDP,flow,dns,190485983175050,,1,1,0,232,0,0.0,1,232,0,none,0,none,0,0,0,no_alert_unknown,no_alert_not_final_benign,-1,dns,app_proto+port
2025-07-19T23:02:55.921707+0700,103.195.142.108,8.8.8.8,1900,53,UDP,dns,,1216074754602613,wire/pcap,0,0,0,0,0,0.0,0,0,0,none,0,none,0,0,0,no_alert_unknown,no_alert_not_final_benign,-1,dns,port
2025-07-19T23:02:55.931867+0700,103.195.142.74,118.98.44.20,54297,53,UDP,dns,,2032013495605412,wire/pcap,0,0,0,0,0,0.0,0,0,0,none,0,none,0,0,0,no_alert_unknown,no_alert_not_final_benign,-1,dns,port
2025-07-19T23:02:55.942584+0700,103.195.142.165,87.98.154.161,53,2353,UDP,flow,failed,1736397618575767,,1,1,0,1437,0,0.0,1,1437,0,none,0,none,0,0,0,no_alert_unknown,no_alert_not_final_benign,-1,dns,port
2025-07-19T23:02:55.942680+0700,103.195.142.195,87.98.154.119,53,63512,UDP,flow,failed,1853059142613420,,1,1,0,1437,0,0.0,1,1437,0,none,0,none,0,0,0,no_alert_unknown,no_alert_not_final_benign,-1,dns,port
2025-07-19T23:02:55.942756+0700,103.195.142.3,93.158.164.221,53,60213,UDP,flow,failed,2005293233110088,,1,1,0,138,0,0.0,1,138,0,none,0,none,0,0,0,no_alert_unknown,no_alert_not_final_benign,-1,dns,port
2025-07-19T23:02:55.942775+0700,103.195.142.76,87.98.154.118,53,16393,UDP,flow,failed,2039753960160383,,1,1,0,1469,0,0.0,1,1469,0,none,0,none,0,0,0,no_alert_unknown,no_alert_not_final_benign,-1,dns,port
2025-07-19T23:02:55.942837+0700,103.195.142.83,87.98.154.62,53,14698,UDP,flow,failed,1585482307763383,,1,3,0,3570,0,10.0,3,3570,0,none,0,none,0,0,0,no_alert_unknown,no_alert_not_final_benign,-1,dns,port
2025-07-19T23:02:55.942856+0700,103.195.142.76,87.98.154.34,53,38553,UDP,flow,failed,2149840372858155,,1,1,0,1469,0,0.0,1,1469,0,none,0,none,0,0,0,no_alert_unknown,no_alert_not_final_benign,-1,dns,port
2025-07-19T23:02:55.942875+0700,103.195.142.74,118.98.44.100,20189,53,UDP,flow,dns,1986057859726793,,1,1,0,214,0,0.0,1,214,0,none,0,none,0,0,0,no_alert_unknown,no_alert_not_final_benign,-1,dns,app_proto+port
2025-07-19T23:02:55.942922+0700,103.195.142.74,118.98.44.100,32626,53,UDP,flow,dns,2093653032664949,,1,1,0,232,0,0.0,1,232,0,none,0,none,0,0,0,no_alert_unknown,no_alert_not_final_benign,-1,dns,app_proto+port
2025-07-19T23:02:55.942964+0700,103.195.142.31,8.8.8.8,6478,53,UDP,flow,dns,1888887067017359,,1,1,0,91,0,0.0,1,91,0,none,0,none,0,0,0,no_alert_unknown,no_alert_not_final_benign,-1,dns,app_proto+port
2025-07-19T23:02:55.943187+0700,103.195.142.74,202.134.0.155,59300,53,UDP,flow,dns,2161496002626002,,1,1,0,211,0,0.0,1,211,0,none,0,none,0,0,0,no_alert_unknown,no_alert_not_final_benign,-1,dns,app_proto+port
2025-07-19T23:02:55.943297+0700,103.195.142.74,118.98.44.100,31091,53,UDP,flow,dns,2192364075451186,,1,1,0,211,0,0.0,1,211,0,none,0,none,0,0,0,no_alert_unknown,no_alert_not_final_benign,-1,dns,app_proto+port
2025-07-19T23:02:55.943427+0700,103.195.142.196,87.98.154.119,53,9462,UDP,flow,failed,2055020045960237,,1,1,0,1437,0,0.0,1,1437,0,none,0,none,0,0,0,no_alert_unknown,no_alert_not_final_benign,-1,dns,port
2025-07-19T23:02:55.943486+0700,103.195.142.109,87.98.154.5,53,2736,UDP,flow,failed,2067675559789977,,1,1,0,1437,0,0.0,1,1437,0,none,0,none,0,0,0,no_alert_unknown,no_alert_not_final_benign,-1,dns,port
2025-07-19T23:02:55.943588+0700,103.195.142.46,87.98.154.119,53,9695,UDP,flow,failed,2025472227903435,,1,1,0,1437,0,0.0,1,1437,0,none,0,none,0,0,0,no_alert_unknown,no_alert_not_final_benign,-1,dns,port
2025-07-19T23:02:55.943688+0700,103.195.142.76,87.98.154.94,53,26161,UDP,flow,failed,2015374724728917,,1,1,0,1469,0,0.0,1,1469,0,none,0,none,0,0,0,no_alert_unknown,no_alert_not_final_benign,-1,dns,port
2025-07-19T23:02:55.943758+0700,103.195.142.46,87.98.154.31,53,33425,UDP,flow,failed,1951634810964167,,1,1,0,1437,0,0.0,1,1437,0,none,0,none,0,0,0,no_alert_unknown,no_alert_not_final_benign,-1,dns,port
2025-07-19T23:02:55.943981+0700,103.195.142.74,118.98.44.100,39048,53,UDP,flow,dns,2133695183948841,,1,1,0,232,0,0.0,1,232,0,none,0,none,0,0,0,no_alert_unknown,no_alert_not_final_benign,-1,dns,app_proto+port
2025-07-19T23:02:55.944009+0700,103.195.142.195,87.98.154.68,53,58014,UDP,flow,failed,1888559281769790,,1,1,0,1437,0,0.0,1,1437,0,none,0,none,0,0,0,no_alert_unknown,no_alert_not_final_benign,-1,dns,port
2025-07-19T23:02:55.944029+0700,103.195.142.75,8.8.8.8,41322,53,UDP,flow,dns,1754079225613732,,1,1,0,241,0,0.0,1,241,0,none,0,none,0,0,0,no_alert_unknown,no_alert_not_final_benign,-1,dns,app_proto+port
2025-07-19T23:02:55.944050+0700,103.195.142.46,87.98.154.119,53,45386,UDP,flow,failed,1690399880285664,,1,1,0,1437,0,0.0,1,1437,0,none,0,none,0,0,0,no_alert_unknown,no_alert_not_final_benign,-1,dns,port
2025-07-19T23:02:55.944069+0700,103.195.142.74,118.98.44.100,14536,53,UDP,flow,dns,1889444607135316,,1,1,0,211,0,0.0,1,211,0,none,0,none,0,0,0,no_alert_unknown,no_alert_not_final_benign,-1,dns,app_proto+port
2025-07-19T23:02:55.944121+0700,103.195.142.74,118.98.44.20,44000,53,UDP,flow,dns,1806011688193621,,1,1,0,74,0,0.0,1,74,0,none,0,none,0,0,0,no_alert_unknown,no_alert_not_final_benign,-1,dns,app_proto+port
2025-07-19T23:02:55.944148+0700,103.195.142.74,118.98.44.20,23373,53,UDP,flow,dns,1730541373525757,,1,1,0,105,0,0.0,1,105,0,none,0,none,0,0,0,no_alert_unknown,no_alert_not_final_benign,-1,dns,app_proto+port
2025-07-19T23:02:55.944170+0700,103.195.142.74,185.67.45.232,27834,53,UDP,flow,dns,2219791605010181,,1,1,0,74,0,0.0,1,74,0,none,0,none,0,0,0,no_alert_unknown,no_alert_not_final_benign,-1,dns,app_proto+port
2025-07-19T23:02:55.944240+0700,103.195.142.76,87.98.154.119,53,54516,UDP,flow,failed,2015625776041995,,1,1,0,1469,0,0.0,1,1469,0,none,0,none,0,0,0,no_alert_unknown,no_alert_not_final_benign,-1,dns,port
2025-07-19T23:02:55.944275+0700,103.195.142.74,118.98.44.50,7669,53,UDP,flow,dns,2024429275222082,,1,1,0,74,0,0.0,1,74,0,none,0,none,0,0,0,no_alert_unknown,no_alert_not_final_benign,-1,dns,app_proto+port
2025-07-19T23:02:55.944310+0700,103.195.142.74,118.98.44.50,36953,53,UDP,flow,dns,2232860343308373,,1,1,0,214,0,0.0,1,214,0,none,0,none,0,0,0,no_alert_unknown,no_alert_not_final_benign,-1,dns,app_proto+port
2025-07-19T23:02:55.944349+0700,103.195.142.83,87.98.154.202,53,22951,UDP,flow,failed,1726633619329267,,1,1,0,1190,0,0.0,1,1190,0,none,0,none,0,0,0,no_alert_unknown,no_alert_not_final_benign,-1,dns,port
2025-07-19T23:02:55.944478+0700,103.195.142.76,87.98.154.142,53,26117,UDP,flow,failed,1985339116261749,,1,1,0,1469,0,0.0,1,1469,0,none,0,none,0,0,0,no_alert_unknown,no_alert_not_final_benign,-1,dns,port
2025-07-19T23:02:55.944499+0700,103.195.142.46,87.98.154.119,53,62000,UDP,flow,failed,2174612588368297,,1,1,0,1437,0,0.0,1,1437,0,none,0,none,0,0,0,no_alert_unknown,no_alert_not_final_benign,-1,dns,port
2025-07-19T23:02:55.944527+0700,103.195.142.46,87.98.154.119,53,12028,UDP,flow,failed,1948875306078710,,1,1,0,1437,0,0.0,1,1437,0,none,0,none,0,0,0,no_alert_unknown,no_alert_not_final_benign,-1,dns,port
2025-07-19T23:02:55.944567+0700,103.195.142.74,118.98.44.50,30464,53,UDP,flow,dns,1714054054318585,,1,1,0,68,0,0.0,1,68,0,none,0,none,0,0,0,no_alert_unknown,no_alert_not_final_benign,-1,dns,app_proto+port
2025-07-19T23:02:55.944604+0700,103.195.142.165,87.98.154.119,53,42280,UDP,flow,failed,1803642783633934,,1,1,0,1437,0,0.0,1,1437,0,none,0,none,0,0,0,no_alert_unknown,no_alert_not_final_benign,-1,dns,port
2025-07-19T23:02:55.944737+0700,103.195.142.75,8.8.8.8,35604,53,UDP,flow,dns,2141207347041432,,1,1,0,211,0,0.0,1,211,0,none,0,none,0,0,0,no_alert_unknown,no_alert_not_final_benign,-1,dns,app_proto+port
2025-07-19T23:02:55.944868+0700,103.195.142.83,87.98.154.119,53,9082,UDP,flow,failed,1904280564635581,,1,1,0,1190,0,0.0,1,1190,0,none,0,none,0,0,0,no_alert_unknown,no_alert_not_final_benign,-1,dns,port
2025-07-19T23:02:55.944892+0700,103.195.142.195,87.98.154.119,53,54259,UDP,flow,failed,1887120365295784,,1,1,0,1437,0,0.0,1,1437,0,none,0,none,0,0,0,no_alert_unknown,no_alert_not_final_benign,-1,dns,port
2025-07-19T23:02:55.944955+0700,103.195.142.3,13.105.164.213,53,52427,UDP,flow,failed,2203298970638608,,1,1,0,178,0,0.0,1,178,0,none,0,none,0,0,0,no_alert_unknown,no_alert_not_final_benign,-1,dns,port
2025-07-19T23:02:55.944977+0700,103.195.142.74,118.98.44.20,43519,53,UDP,flow,dns,1904807204329777,,1,1,0,211,0,0.0,1,211,0,none,0,none,0,0,0,no_alert_unknown,no_alert_not_final_benign,-1,dns,app_proto+port
2025-07-19T23:02:55.945022+0700,103.195.142.195,87.98.154.160,53,20837,UDP,flow,failed,1837664228776385,,1,1,0,1437,0,0.0,1,1437,0,none,0,none,0,0,0,no_alert_unknown,no_alert_not_final_benign,-1,dns,port
2025-07-19T23:02:55.945046+0700,103.195.142.46,87.98.154.119,53,30316,UDP,flow,failed,1958650409884130,,1,1,0,1437,0,0.0,1,1437,0,none,0,none,0,0,0,no_alert_unknown,no_alert_not_final_benign,-1,dns,port
2025-07-19T23:02:55.945065+0700,103.195.142.83,87.98.154.119,53,1792,UDP,flow,failed,2134281341606675,,1,1,0,1190,0,0.0,1,1190,0,none,0,none,0,0,0,no_alert_unknown,no_alert_not_final_benign,-1,dns,port
2025-07-19T23:02:55.945084+0700,103.195.142.74,118.98.44.100,9349,53,UDP,flow,dns,1821902074846024,,1,1,0,223,0,0.0,1,223,0,none,0,none,0,0,0,no_alert_unknown,no_alert_not_final_benign,-1,dns,app_proto+port
2025-07-19T23:02:55.945165+0700,103.195.142.74,118.98.44.100,11754,53,UDP,flow,dns,2002258778168385,,1,1,0,211,0,0.0,1,211,0,none,0,none,0,0,0,no_alert_unknown,no_alert_not_final_benign,-1,dns,app_proto+port
2025-07-19T23:02:55.945218+0700,103.195.142.76,87.98.154.178,53,62057,UDP,flow,failed,1300003674889336,,1,3,0,4407,0,10.0,3,4407,0,none,0,none,0,0,0,no_alert_unknown,no_alert_not_final_benign,-1,dns,port
2025-07-19T23:02:55.945278+0700,103.195.142.165,87.98.154.119,53,43029,UDP,flow,failed,1773239511653576,,1,1,0,1437,0,0.0,1,1437,0,none,0,none,0,0,0,no_alert_unknown,no_alert_not_final_benign,-1,dns,port
2025-07-19T23:02:55.945313+0700,103.195.142.165,87.98.154.119,53,2365,UDP,flow,failed,2136661589007598,,1,1,0,1437,0,0.0,1,1437,0,none,0,none,0,0,0,no_alert_unknown,no_alert_not_final_benign,-1,dns,port
2025-07-19T23:02:55.945334+0700,103.195.142.109,87.98.154.119,53,57032,UDP,flow,failed,2186044400639285,,1,1,0,1437,0,0.0,1,1437,0,none,0,none,0,0,0,no_alert_unknown,no_alert_not_final_benign,-1,dns,port
2025-07-19T23:02:55.945359+0700,103.195.142.76,87.98.154.119,53,43129,UDP,flow,failed,1790796192062954,,1,1,0,1469,0,0.0,1,1469,0,none,0,none,0,0,0,no_alert_unknown,no_alert_not_final_benign,-1,dns,port
2025-07-19T23:02:55.945399+0700,103.195.142.83,87.98.154.119,53,15365,UDP,flow,failed,1727885025713832,,1,1,0,1190,0,0.0,1,1190,0,none,0,none,0,0,0,no_alert_unknown,no_alert_not_final_benign,-1,dns,port
2025-07-19T23:02:55.945418+0700,103.195.142.46,87.98.154.119,53,11808,UDP,flow,failed,1773519750209195,,1,1,0,1437,0,0.0,1,1437,0,none,0,none,0,0,0,no_alert_unknown,no_alert_not_final_benign,-1,dns,port
2025-07-19T23:02:55.945436+0700,103.195.142.74,202.134.0.155,8184,53,UDP,flow,dns,2035713814273848,,1,1,0,232,0,0.0,1,232,0,none,0,none,0,0,0,no_alert_unknown,no_alert_not_final_benign,-1,dns,app_proto+port
2025-07-19T23:02:55.945456+0700,103.195.142.74,185.67.45.232,62457,53,UDP,flow,dns,2021110244810631,,1,1,0,85,0,0.0,1,85,0,none,0,none,0,0,0,no_alert_unknown,no_alert_not_final_benign,-1,dns,app_proto+port
2025-07-19T23:02:55.945498+0700,103.195.142.76,87.98.154.6,53,31028,UDP,flow,failed,1893330254929944,,1,1,0,1469,0,0.0,1,1469,0,none,0,none,0,0,0,no_alert_unknown,no_alert_not_final_benign,-1,dns,port
2025-07-19T23:02:55.945521+0700,103.195.142.74,118.98.44.100,47330,53,UDP,flow,dns,1926930078539836,,1,1,0,241,0,0.0,1,241,0,none,0,none,0,0,0,no_alert_unknown,no_alert_not_final_benign,-1,dns,app_proto+port
2025-07-19T23:02:55.945665+0700,103.195.142.109,87.98.154.33,53,42776,UDP,flow,failed,1829213628244433,,1,1,0,1437,0,0.0,1,1437,0,none,0,none,0,0,0,no_alert_unknown,no_alert_not_final_benign,-1,dns,port
2025-07-19T23:02:55.945686+0700,103.195.142.83,87.98.154.2,53,5219,UDP,flow,failed,1841023620129277,,1,1,0,1190,0,0.0,1,1190,0,none,0,none,0,0,0,no_alert_unknown,no_alert_not_final_benign,-1,dns,port
2025-07-19T23:02:55.945730+0700,103.195.142.108,8.8.8.8,17628,53,UDP,flow,dns,1839879237378776,,1,1,0,68,0,0.0,1,68,0,none,0,none,0,0,0,no_alert_unknown,no_alert_not_final_benign,-1,dns,app_proto+port
2025-07-19T23:02:55.945751+0700,103.195.142.74,202.134.0.155,53450,53,UDP,flow,dns,1702598887973670,,1,1,0,81,0,0.0,1,81,0,none,0,none,0,0,0,no_alert_unknown,no_alert_not_final_benign,-1,dns,app_proto+port
2025-07-19T23:02:55.945798+0700,103.195.142.195,87.98.154.119,53,13875,UDP,flow,failed,2110392577598267,,1,1,0,1437,0,0.0,1,1437,0,none,0,none,0,0,0,no_alert_unknown,no_alert_not_final_benign,-1,dns,port
2025-07-19T23:02:55.945847+0700,103.195.142.76,87.98.154.90,53,58724,UDP,flow,failed,1832099821495185,,1,1,0,1469,0,0.0,1,1469,0,none,0,none,0,0,0,no_alert_unknown,no_alert_not_final_benign,-1,dns,port
2025-07-19T23:02:55.945879+0700,103.195.142.74,118.98.44.50,6269,53,UDP,flow,dns,2044853162386364,,1,1,0,93,0,0.0,1,93,0,none,0,none,0,0,0,no_alert_unknown,no_alert_not_final_benign,-1,dns,app_proto+port
2025-07-19T23:02:55.945938+0700,103.195.142.2,18.140.177.121,53,52985,UDP,flow,failed,1830018569774143,,1,1,0,132,0,0.0,1,132,0,none,0,none,0,0,0,no_alert_unknown,no_alert_not_final_benign,-1,dns,port
2025-07-19T23:02:55.945958+0700,103.195.142.195,87.98.154.48,53,64023,UDP,flow,failed,1458879174190171,,1,3,0,4311,0,10.0,3,4311,0,none,0,none,0,0,0,no_alert_unknown,no_alert_not_final_benign,-1,dns,port
2025-07-19T23:02:55.945978+0700,103.195.142.74,118.98.44.50,28263,53,UDP,flow,dns,1947608810431637,,1,1,0,214,0,0.0,1,214,0,none,0,none,0,0,0,no_alert_unknown,no_alert_not_final_benign,-1,dns,app_proto+port
2025-07-19T23:02:55.945998+0700,103.195.142.75,8.8.8.8,11277,53,UDP,flow,dns,1920145076561082,,1,1,0,232,0,0.0,1,232,0,none,0,none,0,0,0,no_alert_unknown,no_alert_not_final_benign,-1,dns,app_proto+port
2025-07-19T23:02:55.946051+0700,103.195.142.74,118.98.44.100,2633,53,UDP,flow,dns,2147245399778766,,1,1,0,68,0,0.0,1,68,0,none,0,none,0,0,0,no_alert_unknown,no_alert_not_final_benign,-1,dns,app_proto+port
2025-07-19T23:02:55.946091+0700,103.195.142.83,87.98.154.202,53,14855,UDP,flow,failed,1862770192852851,,1,1,0,1190,0,0.0,1,1190,0,none,0,none,0,0,0,no_alert_unknown,no_alert_not_final_benign,-1,dns,port
2025-07-19T23:02:55.946122+0700,103.195.142.76,87.98.154.34,53,7502,UDP,flow,failed,1728951823738770,,1,1,0,1469,0,0.0,1,1469,0,none,0,none,0,0,0,no_alert_unknown,no_alert_not_final_benign,-1,dns,port
2025-07-19T23:02:55.946141+0700,103.195.142.46,87.98.154.63,53,23375,UDP,flow,failed,1917877730716132,,1,1,0,1437,0,0.0,1,1437,0,none,0,none,0,0,0,no_alert_unknown,no_alert_not_final_benign,-1,dns,port
2025-07-19T23:02:55.946216+0700,103.195.142.196,87.98.154.157,53,57101,UDP,flow,failed,2155045091388358,,1,1,0,1437,0,0.0,1,1437,0,none,0,none,0,0,0,no_alert_unknown,no_alert_not_final_benign,-1,dns,port
2025-07-19T23:02:55.946281+0700,103.195.142.74,118.98.44.20,53226,53,UDP,flow,dns,2207088904940627,,1,1,0,79,0,0.0,1,79,0,none,0,none,0,0,0,no_alert_unknown,no_alert_not_final_benign,-1,dns,app_proto+port
2025-07-19T23:02:55.946304+0700,103.195.142.76,87.98.154.119,53,35063,UDP,flow,failed,2052405150592318,,1,1,0,1469,0,0.0,1,1469,0,none,0,none,0,0,0,no_alert_unknown,no_alert_not_final_benign,-1,dns,port
2025-07-19T23:02:55.946351+0700,103.195.142.46,87.98.154.3,53,61336,UDP,flow,failed,2071903310753108,,1,1,0,1437,0,0.0,1,1437,0,none,0,none,0,0,0,no_alert_unknown,no_alert_not_final_benign,-1,dns,port
2025-07-19T23:02:55.946413+0700,103.195.142.109,87.98.154.229,53,5319,UDP,flow,failed,1784111536844172,,1,1,0,1437,0,0.0,1,1437,0,none,0,none,0,0,0,no_alert_unknown,no_alert_not_final_benign,-1,dns,port
2025-07-19T23:02:55.946432+0700,103.195.142.74,202.134.0.155,30908,53,UDP,flow,dns,2032128051817884,,1,1,0,211,0,0.0,1,211,0,none,0,none,0,0,0,no_alert_unknown,no_alert_not_final_benign,-1,dns,app_proto+port
2025-07-19T23:02:55.946452+0700,103.195.142.195,87.98.154.117,53,56113,UDP,flow,failed,1882653658099182,,1,1,0,1437,0,0.0,1,1437,0,none,0,none,0,0,0,no_alert_unknown,no_alert_not_final_benign,-1,dns,port
2025-07-19T23:02:55.946471+0700,103.195.142.74,118.98.44.100,50931,53,UDP,flow,dns,2158474573032982,,1,1,0,87,0,0.0,1,87,0,none,0,none,0,0,0,no_alert_unknown,no_alert_not_final_benign,-1,dns,app_proto+port
2025-07-19T23:02:55.946519+0700,103.195.142.109,87.98.154.119,53,61622,UDP,flow,failed,2056404065889883,,1,1,0,1437,0,0.0,1,1437,0,none,0,none,0,0,0,no_alert_unknown,no_alert_not_final_benign,-1,dns,port
2025-07-19T23:02:55.946596+0700,103.195.142.74,118.98.44.100,22811,53,UDP,flow,dns,1817216907980484,,1,1,0,81,0,0.0,1,81,0,none,0,none,0,0,0,no_alert_unknown,no_alert_not_final_benign,-1,dns,app_proto+port
2025-07-19T23:02:55.946668+0700,103.195.142.74,118.98.44.50,17920,53,UDP,flow,dns,2094710185766674,,1,1,0,211,0,0.0,1,211,0,none,0,none,0,0,0,no_alert_unknown,no_alert_not_final_benign,-1,dns,app_proto+port
2025-07-19T23:02:55.946716+0700,103.195.142.83,87.98.154.62,53,51436,UDP,flow,failed,1853623076958830,,1,1,0,1190,0,0.0,1,1190,0,none,0,none,0,0,0,no_alert_unknown,no_alert_not_final_benign,-1,dns,port
2025-07-19T23:02:55.946756+0700,103.195.142.196,87.98.154.119,53,38265,UDP,flow,failed,1715660825277092,,1,1,0,1437,0,0.0,1,1437,0,none,0,none,0,0,0,no_alert_unknown,no_alert_not_final_benign,-1,dns,port
2025-07-19T23:02:55.946789+0700,103.195.142.195,87.98.154.160,53,34422,UDP,flow,failed,1769439913882285,,1,1,0,1437,0,0.0,1,1437,0,none,0,none,0,0,0,no_alert_unknown,no_alert_not_final_benign,-1,dns,port
2025-07-19T23:02:55.947021+0700,103.195.142.76,87.98.154.119,53,28777,UDP,flow,failed,1709171776992419,,1,1,0,1469,0,0.0,1,1469,0,none,0,none,0,0,0,no_alert_unknown,no_alert_not_final_benign,-1,dns,port
2025-07-19T23:02:55.947123+0700,103.195.142.76,87.98.154.118,53,7883,UDP,flow,failed,1839547218769415,,1,1,0,1469,0,0.0,1,1469,0,none,0,none,0,0,0,no_alert_unknown,no_alert_not_final_benign,-1,dns,port
2025-07-19T23:02:55.947204+0700,103.195.142.3,72.52.101.46,53,26335,UDP,flow,failed,2240614353188992,,1,1,0,164,0,0.0,1,164,0,none,0,none,0,0,0,no_alert_unknown,no_alert_not_final_benign,-1,dns,port
2025-07-19T23:02:55.947224+0700,103.195.142.195,87.98.154.20,53,34257,UDP,flow,failed,1718750922258578,,1,1,0,1437,0,0.0,1,1437,0,none,0,none,0,0,0,no_alert_unknown,no_alert_not_final_benign,-1,dns,port
2025-07-19T23:02:55.947267+0700,103.195.142.195,87.98.154.132,53,63557,UDP,flow,failed,1751803935570586,,1,1,0,1437,0,0.0,1,1437,0,none,0,none,0,0,0,no_alert_unknown,no_alert_not_final_benign,-1,dns,port
2025-07-19T23:02:55.947307+0700,103.195.142.165,87.98.154.245,53,37591,UDP,flow,failed,1845117159258870,,1,1,0,1437,0,0.0,1,1437,0,none,0,none,0,0,0,no_alert_unknown,no_alert_not_final_benign,-1,dns,port
2025-07-19T23:02:55.947325+0700,103.195.142.165,87.98.154.119,53,60718,UDP,flow,failed,1956087130733336,,1,1,0,1437,0,0.0,1,1437,0,none,0,none,0,0,0,no_alert_unknown,no_alert_not_final_benign,-1,dns,port
2025-07-19T23:02:55.947352+0700,103.195.142.74,202.134.0.155,63334,53,UDP,flow,dns,1908937860692819,,1,1,0,80,0,0.0,1,80,0,none,0,none,0,0,0,no_alert_unknown,no_alert_not_final_benign,-1,dns,app_proto+port
2025-07-19T23:02:55.947412+0700,103.195.142.46,87.98.154.117,53,59944,UDP,flow,failed,2028107159747787,,1,1,0,1437,0,0.0,1,1437,0,none,0,none,0,0,0,no_alert_unknown,no_alert_not_final_benign,-1,dns,port
2025-07-19T23:02:55.947448+0700,103.195.142.75,8.8.8.8,61196,53,UDP,flow,dns,1883656831155511,,1,1,0,68,0,0.0,1,68,0,none,0,none,0,0,0,no_alert_unknown,no_alert_not_final_benign,-1,dns,app_proto+port
2025-07-19T23:02:55.947492+0700,103.195.142.83,87.98.154.174,53,32602,UDP,flow,failed,2087885791084365,,1,1,0,1190,0,0.0,1,1190,0,none,0,none,0,0,0,no_alert_unknown,no_alert_not_final_benign,-1,dns,port
2025-07-19T23:02:55.947512+0700,103.195.142.76,87.98.154.6,53,19988,UDP,flow,failed,1909836985647011,,1,1,0,1469,0,0.0,1,1469,0,none,0,none,0,0,0,no_alert_unknown,no_alert_not_final_benign,-1,dns,port
2025-07-19T23:02:55.947544+0700,103.195.142.109,87.98.154.145,53,31298,UDP,flow,failed,2222967430168517,,1,1,0,1437,0,0.0,1,1437,0,none,0,none,0,0,0,no_alert_unknown,no_alert_not_final_benign,-1,dns,port
2025-07-19T23:02:55.947597+0700,103.195.142.74,118.98.44.20,30451,53,UDP,flow,dns,2217574304628805,,1,1,0,87,0,0.0,1,87,0,none,0,none,0,0,0,no_alert_unknown,no_alert_not_final_benign,-1,dns,app_proto+port
2025-07-19T23:02:55.947654+0700,103.195.142.109,87.98.154.119,53,14448,UDP,flow,failed,2227650675458277,,1,1,0,1437,0,0.0,1,1437,0,none,0,none,0,0,0,no_alert_unknown,no_alert_not_final_benign,-1,dns,port
2025-07-19T23:02:55.947677+0700,103.195.142.83,87.98.154.146,53,10019,UDP,flow,failed,2248447931367692,,1,1,0,1190,0,0.0,1,1190,0,none,0,none,0,0,0,no_alert_unknown,no_alert_not_final_benign,-1,dns,port
2025-07-19T23:02:55.947711+0700,103.195.142.74,118.98.44.20,55726,53,UDP,flow,dns,1973805205864813,,1,1,0,80,0,0.0,1,80,0,none,0,none,0,0,0,no_alert_unknown,no_alert_not_final_benign,-1,dns,app_proto+port
2025-07-19T23:02:55.947755+0700,103.195.142.74,118.98.44.20,60585,53,UDP,flow,dns,1702980155720101,,1,1,0,77,0,0.0,1,77,0,none,0,none,0,0,0,no_alert_unknown,no_alert_not_final_benign,-1,dns,app_proto+port
2025-07-19T23:02:55.947776+0700,103.195.142.165,87.98.154.119,53,15752,UDP,flow,failed,2126944915931622,,1,1,0,1437,0,0.0,1,1437,0,none,0,none,0,0,0,no_alert_unknown,no_alert_not_final_benign,-1,dns,port
2025-07-19T23:02:55.947834+0700,103.195.142.74,118.98.44.50,7747,53,UDP,flow,dns,1769058597651249,,1,1,0,85,0,0.0,1,85,0,none,0,none,0,0,0,no_alert_unknown,no_alert_not_final_benign,-1,dns,app_proto+port
2025-07-19T23:02:55.947868+0700,103.195.142.46,87.98.154.118,53,15288,UDP,flow,failed,2001554295014252,,1,1,0,1437,0,0.0,1,1437,0,none,0,none,0,0,0,no_alert_unknown,no_alert_not_final_benign,-1,dns,port
2025-07-19T23:02:55.947887+0700,103.195.142.74,118.98.44.100,57661,53,UDP,flow,dns,1915808917472116,,1,1,0,102,0,0.0,1,102,0,none,0,none,0,0,0,no_alert_unknown,no_alert_not_final_benign,-1,dns,app_proto+port
2025-07-19T23:02:55.947927+0700,103.195.142.46,87.98.154.203,53,39401,UDP,flow,failed,1835575971202092,,1,1,0,1437,0,0.0,1,1437,0,none,0,none,0,0,0,no_alert_unknown,no_alert_not_final_benign,-1,dns,port
2025-07-19T23:02:55.947949+0700,103.195.142.196,87.98.154.213,53,24915,UDP,flow,failed,1499036744598591,,1,3,0,4311,0,9.0,3,4311,0,none,0,none,0,0,0,no_alert_unknown,no_alert_not_final_benign,-1,dns,port
2025-07-19T23:02:55.947967+0700,103.195.142.165,87.98.154.119,53,62074,UDP,flow,failed,2233077131232577,,1,1,0,1437,0,0.0,1,1437,0,none,0,none,0,0,0,no_alert_unknown,no_alert_not_final_benign,-1,dns,port
2025-07-19T23:02:55.947986+0700,103.195.142.46,87.98.154.119,53,3472,UDP,flow,failed,2074302742447486,,1,1,0,1437,0,0.0,1,1437,0,none,0,none,0,0,0,no_alert_unknown,no_alert_not_final_benign,-1,dns,port
2025-07-19T23:02:55.948004+0700,103.195.142.195,87.98.154.119,53,32649,UDP,flow,failed,2085579557291552,,1,1,0,1437,0,0.0,1,1437,0,none,0,none,0,0,0,no_alert_unknown,no_alert_not_final_benign,-1,dns,port
2025-07-19T23:02:55.948052+0700,103.195.142.74,118.98.44.100,58188,53,UDP,flow,dns,1875952205285070,,1,1,0,241,0,0.0,1,241,0,none,0,none,0,0,0,no_alert_unknown,no_alert_not_final_benign,-1,dns,app_proto+port
2025-07-19T23:02:55.948085+0700,103.195.142.74,202.134.0.155,52144,53,UDP,flow,dns,2167637086816074,,1,1,0,243,0,0.0,1,243,0,none,0,none,0,0,0,no_alert_unknown,no_alert_not_final_benign,-1,dns,app_proto+port
2025-07-19T23:02:55.948124+0700,103.195.142.46,87.98.154.203,53,9325,UDP,flow,failed,2115543711860597,,1,1,0,1437,0,0.0,1,1437,0,none,0,none,0,0,0,no_alert_unknown,no_alert_not_final_benign,-1,dns,port
2025-07-19T23:02:55.948166+0700,103.195.142.74,118.98.44.20,48799,53,UDP,flow,dns,2217772954863595,,1,1,0,68,0,0.0,1,68,0,none,0,none,0,0,0,no_alert_unknown,no_alert_not_final_benign,-1,dns,app_proto+port
2025-07-19T23:02:55.948193+0700,103.195.142.196,87.98.154.241,53,34926,UDP,flow,failed,1187615436294132,,1,3,0,4311,0,10.0,3,4311,0,none,0,none,0,0,0,no_alert_unknown,no_alert_not_final_benign,-1,dns,port
2025-07-19T23:02:55.948212+0700,103.195.142.74,118.98.44.20,56641,53,UDP,flow,dns,1745029043832895,,1,1,0,78,0,0.0,1,78,0,none,0,none,0,0,0,no_alert_unknown,no_alert_not_final_benign,-1,dns,app_proto+port
2025-07-19T23:02:55.948259+0700,103.195.142.74,202.134.0.155,20806,53,UDP,flow,dns,1937592376805721,,1,1,0,241,0,0.0,1,241,0,none,0,none,0,0,0,no_alert_unknown,no_alert_not_final_benign,-1,dns,app_proto+port
2025-07-19T23:02:55.948279+0700,103.195.142.74,118.98.44.20,63493,53,UDP,flow,dns,2112786810718574,,1,1,0,211,0,0.0,1,211,0,none,0,none,0,0,0,no_alert_unknown,no_alert_not_final_benign,-1,dns,app_proto+port
2025-07-19T23:02:55.948325+0700,103.195.142.74,118.98.44.100,38068,53,UDP,flow,dns,1763415781394975,,1,1,0,77,0,0.0,1,77,0,none,0,none,0,0,0,no_alert_unknown,no_alert_not_final_benign,-1,dns,app_proto+port
2025-07-19T23:02:55.948348+0700,103.195.142.76,87.98.154.170,53,23137,UDP,flow,failed,1696118248884847,,1,1,0,1469,0,0.0,1,1469,0,none,0,none,0,0,0,no_alert_unknown,no_alert_not_final_benign,-1,dns,port
2025-07-19T23:02:55.948367+0700,103.195.142.109,87.98.154.61,53,19356,UDP,flow,failed,1409909185628809,,1,3,0,4311,0,9.0,3,4311,0,none,0,none,0,0,0,no_alert_unknown,no_alert_not_final_benign,-1,dns,port
2025-07-19T23:02:55.948388+0700,103.195.142.74,202.134.0.155,57593,53,UDP,flow,dns,2048517874764569,,1,1,0,87,0,0.0,1,87,0,none,0,none,0,0,0,no_alert_unknown,no_alert_not_final_benign,-1,dns,app_proto+port
2025-07-19T23:02:55.948458+0700,103.195.142.83,87.98.154.119,53,25991,UDP,flow,failed,2210781099117503,,1,1,0,1190,0,0.0,1,1190,0,none,0,none,0,0,0,no_alert_unknown,no_alert_not_final_benign,-1,dns,port
2025-07-19T23:02:55.948504+0700,103.195.142.165,87.98.154.119,53,19030,UDP,flow,failed,1988657172696170,,1,1,0,1437,0,0.0,1,1437,0,none,0,none,0,0,0,no_alert_unknown,no_alert_not_final_benign,-1,dns,port
2025-07-19T23:02:55.948527+0700,103.195.142.83,87.98.154.174,53,60660,UDP,flow,failed,1692168119766178,,1,1,0,1190,0,0.0,1,1190,0,none,0,none,0,0,0,no_alert_unknown,no_alert_not_final_benign,-1,dns,port
2025-07-19T23:02:55.948570+0700,103.195.142.165,87.98.154.249,53,31512,UDP,flow,failed,2047792609807578,,1,1,0,1437,0,0.0,1,1437,0,none,0,none,0,0,0,no_alert_unknown,no_alert_not_final_benign,-1,dns,port
2025-07-19T23:02:55.948605+0700,103.195.142.165,87.98.154.41,53,51980,UDP,flow,failed,2162212858482034,,1,1,0,1437,0,0.0,1,1437,0,none,0,none,0,0,0,no_alert_unknown,no_alert_not_final_benign,-1,dns,port
2025-07-19T23:02:55.948626+0700,103.195.142.74,118.98.44.50,13327,53,UDP,flow,dns,530992164818524,,1,2,0,492,0,6.0,2,492,0,none,0,none,0,0,0,no_alert_unknown,no_alert_not_final_benign,-1,dns,app_proto+port
2025-07-19T23:02:55.948708+0700,103.195.142.75,208.74.121.116,37788,53,UDP,flow,dns,2126742395801443,,1,1,0,88,0,0.0,1,88,0,none,0,none,0,0,0,no_alert_unknown,no_alert_not_final_benign,-1,dns,app_proto+port
2025-07-19T23:02:55.948728+0700,103.195.142.195,87.98.154.119,53,39733,UDP,flow,failed,1942053600218980,,1,1,0,1437,0,0.0,1,1437,0,none,0,none,0,0,0,no_alert_unknown,no_alert_not_final_benign,-1,dns,port
2025-07-19T23:02:55.948783+0700,103.195.142.75,8.8.8.8,26423,53,UDP,flow,dns,2156078954762312,,1,1,0,232,0,0.0,1,232,0,none,0,none,0,0,0,no_alert_unknown,no_alert_not_final_benign,-1,dns,app_proto+port
2025-07-19T23:02:55.948930+0700,103.195.142.75,8.8.8.8,51204,53,UDP,flow,dns,1961075056169564,,1,1,0,131,0,0.0,1,131,0,none,0,none,0,0,0,no_alert_unknown,no_alert_not_final_benign,-1,dns,app_proto+port
2025-07-19T23:02:55.948951+0700,103.195.142.109,87.98.154.119,53,15135,UDP,flow,failed,1986401670845140,,1,1,0,1437,0,0.0,1,1437,0,none,0,none,0,0,0,no_alert_unknown,no_alert_not_final_benign,-1,dns,port
2025-07-19T23:02:55.948977+0700,103.195.142.109,87.98.154.119,53,33227,UDP,flow,failed,1720626080436951,,1,1,0,1437,0,0.0,1,1437,0,none,0,none,0,0,0,no_alert_unknown,no_alert_not_final_benign,-1,dns,port
2025-07-19T23:02:55.948997+0700,103.195.142.74,50.28.32.153,19163,53,UDP,flow,dns,1935150972195648,,1,1,0,85,0,0.0,1,85,0,none,0,none,0,0,0,no_alert_unknown,no_alert_not_final_benign,-1,dns,app_proto+port
2025-07-19T23:02:55.949036+0700,103.195.142.74,202.134.0.155,7696,53,UDP,flow,dns,2162860714808135,,1,1,0,232,0,0.0,1,232,0,none,0,none,0,0,0,no_alert_unknown,no_alert_not_final_benign,-1,dns,app_proto+port
2025-07-19T23:02:55.949197+0700,103.195.142.109,87.98.154.173,53,63493,UDP,flow,failed,1830782306997140,,1,1,0,1437,0,0.0,1,1437,0,none,0,none,0,0,0,no_alert_unknown,no_alert_not_final_benign,-1,dns,port
2025-07-19T23:02:55.949244+0700,103.195.142.165,87.98.154.117,53,15020,UDP,flow,failed,2155673838867430,,1,1,0,1437,0,0.0,1,1437,0,none,0,none,0,0,0,no_alert_unknown,no_alert_not_final_benign,-1,dns,port
2025-07-19T23:02:55.949280+0700,103.195.142.74,118.98.44.100,28360,53,UDP,flow,dns,1756635849282553,,1,1,0,241,0,0.0,1,241,0,none,0,none,0,0,0,no_alert_unknown,no_alert_not_final_benign,-1,dns,app_proto+port
2025-07-19T23:02:55.949312+0700,103.195.142.75,8.8.8.8,21476,53,UDP,flow,dns,1933298472637463,,1,1,0,223,0,0.0,1,223,0,none,0,none,0,0,0,no_alert_unknown,no_alert_not_final_benign,-1,dns,app_proto+port
2025-07-19T23:02:55.949332+0700,103.195.142.196,87.98.154.125,53,38211,UDP,flow,failed,1878401421923368,,1,1,0,1437,0,0.0,1,1437,0,none,0,none,0,0,0,no_alert_unknown,no_alert_not_final_benign,-1,dns,port
2025-07-19T23:02:55.949399+0700,103.195.142.196,87.98.154.69,53,22191,UDP,flow,failed,1840179365926008,,1,1,0,1437,0,0.0,1,1437,0,none,0,none,0,0,0,no_alert_unknown,no_alert_not_final_benign,-1,dns,port
2025-07-19T23:02:55.949438+0700,103.195.142.74,118.98.44.50,19357,53,UDP,flow,dns,2121632293377247,,1,1,0,102,0,0.0,1,102,0,none,0,none,0,0,0,no_alert_unknown,no_alert_not_final_benign,-1,dns,app_proto+port
2025-07-19T23:02:55.949462+0700,103.195.142.75,8.8.8.8,9756,53,UDP,flow,dns,1872038833214719,,1,1,0,223,0,0.0,1,223,0,none,0,none,0,0,0,no_alert_unknown,no_alert_not_final_benign,-1,dns,app_proto+port
2025-07-19T23:02:55.949498+0700,103.195.142.74,118.98.44.50,27097,53,UDP,flow,dns,2017724315522323,,1,1,0,74,0,0.0,1,74,0,none,0,none,0,0,0,no_alert_unknown,no_alert_not_final_benign,-1,dns,app_proto+port
2025-07-19T23:02:55.949519+0700,103.195.142.76,87.98.154.119,53,7290,UDP,flow,failed,2041226315355431,,1,1,0,1469,0,0.0,1,1469,0,none,0,none,0,0,0,no_alert_unknown,no_alert_not_final_benign,-1,dns,port
2025-07-19T23:02:55.949596+0700,103.195.142.2,93.158.164.230,53,50978,UDP,flow,failed,32729452434758,,1,1,0,138,0,0.0,1,138,0,none,0,none,0,0,0,no_alert_unknown,no_alert_not_final_benign,-1,dns,port
2025-07-19T23:02:55.949620+0700,103.195.142.83,87.98.154.234,53,44428,UDP,flow,failed,280934563435847,,1,1,0,1190,0,0.0,1,1190,0,none,0,none,0,0,0,no_alert_unknown,no_alert_not_final_benign,-1,dns,port
2025-07-19T23:02:55.949639+0700,103.195.142.3,13.105.164.208,53,13535,UDP,flow,failed,150069657261411,,1,1,0,178,0,0.0,1,178,0,none,0,none,0,0,0,no_alert_unknown,no_alert_not_final_benign,-1,dns,port
2025-07-19T23:02:55.955904+0700,103.195.142.75,8.8.8.8,40755,53,UDP,dns,,2135254571636642,wire/pcap,0,0,0,0,0,0.0,0,0,0,none,0,none,0,0,0,no_alert_unknown,no_alert_not_final_benign,-1,dns,port
2025-07-19T23:02:55.955957+0700,103.195.142.74,202.134.0.155,39759,53,UDP,dns,,2135480882442316,wire/pcap,0,0,0,0,0,0.0,0,0,0,none,0,none,0,0,0,no_alert_unknown,no_alert_not_final_benign,-1,dns,port
2025-07-19T23:02:55.979212+0700,103.195.142.75,8.8.8.8,46658,53,UDP,dns,,2235360583837442,wire/pcap,0,0,0,0,0,0.0,0,0,0,none,0,none,0,0,0,no_alert_unknown,no_alert_not_final_benign,-1,dns,port
2025-07-19T23:02:56.076896+0700,103.195.142.75,8.8.8.8,40291,53,UDP,dns,,48791691041683,wire/pcap,0,0,0,0,0,0.0,0,0,0,none,0,none,0,0,0,no_alert_unknown,no_alert_not_final_benign,-1,dns,port
2025-07-19T23:02:56.130190+0700,103.195.142.196,87.98.154.241,53,4218,UDP,flow,failed,388241513103933,,1,1,0,1437,0,0.0,1,1437,0,none,0,none,0,0,0,no_alert_unknown,no_alert_not_final_benign,-1,dns,port
2025-07-19T23:02:56.133856+0700,103.195.142.75,8.8.8.8,53728,53,UDP,dns,,11957666173634,wire/pcap,0,0,0,0,0,0.0,0,0,0,none,0,none,0,0,0,no_alert_unknown,no_alert_not_final_benign,-1,dns,port
2025-07-19T23:02:56.133968+0700,103.195.142.74,118.98.44.50,6683,53,UDP,dns,,12440903740923,wire/pcap,0,0,0,0,0,0.0,0,0,0,none,0,none,0,0,0,no_alert_unknown,no_alert_not_final_benign,-1,dns,port
2025-07-19T23:02:56.133974+0700,103.195.142.74,118.98.44.100,63110,53,UDP,dns,,12468015568200,wire/pcap,0,0,0,0,0,0.0,0,0,0,none,0,none,0,0,0,no_alert_unknown,no_alert_not_final_benign,-1,dns,port
2025-07-19T23:02:56.173968+0700,103.195.142.75,8.8.8.8,6097,53,UDP,dns,,184237008361935,wire/pcap,0,0,0,0,0,0.0,0,0,0,none,0,none,0,0,0,no_alert_unknown,no_alert_not_final_benign,-1,dns,port
2025-07-19T23:02:56.173987+0700,103.195.142.74,118.98.44.100,2924,53,UDP,dns,,184322784030538,wire/pcap,0,0,0,0,0,0.0,0,0,0,none,0,none,0,0,0,no_alert_unknown,no_alert_not_final_benign,-1,dns,port
2025-07-19T23:02:56.235380+0700,103.195.142.2,108.136.122.114,53,62031,UDP,flow,failed,401206377635854,,1,1,0,136,0,0.0,1,136,0,none,0,none,0,0,0,no_alert_unknown,no_alert_not_final_benign,-1,dns,port
2025-07-19T23:02:56.267310+0700,103.195.142.74,202.134.0.155,57423,53,UDP,dns,,22189579350270,wire/pcap,0,0,0,0,0,0.0,0,0,0,none,0,none,0,0,0,no_alert_unknown,no_alert_not_final_benign,-1,dns,port
2025-07-19T23:02:56.290324+0700,103.195.142.74,118.98.44.100,57331,53,UDP,dns,,121032310661059,wire/pcap,0,0,0,0,0,0.0,0,0,0,none,0,none,0,0,0,no_alert_unknown,no_alert_not_final_benign,-1,dns,port
2025-07-19T23:02:56.296077+0700,103.195.142.74,202.134.0.155,6234,53,UDP,dns,,145743280694024,wire/pcap,0,0,0,0,0,0.0,0,0,0,none,0,none,0,0,0,no_alert_unknown,no_alert_not_final_benign,-1,dns,port
2025-07-19T23:02:56.302606+0700,103.195.142.75,8.8.8.8,55508,53,UDP,dns,,173786224605873,wire/pcap,0,0,0,0,0,0.0,0,0,0,none,0,none,0,0,0,no_alert_unknown,no_alert_not_final_benign,-1,dns,port
2025-07-19T23:02:56.310705+0700,103.195.142.74,118.98.44.100,20796,53,UDP,flow,dns,322378958429198,,1,1,0,241,0,0.0,1,241,0,none,0,none,0,0,0,no_alert_unknown,no_alert_not_final_benign,-1,dns,app_proto+port
2025-07-19T23:02:56.317408+0700,103.195.142.74,118.98.44.20,4780,53,UDP,flow,dns,532382403315074,,1,1,0,241,0,0.0,1,241,0,none,0,none,0,0,0,no_alert_unknown,no_alert_not_final_benign,-1,dns,app_proto+port
2025-07-19T23:02:56.333143+0700,103.195.142.74,202.134.0.155,49720,53,UDP,dns,,23464439921064,wire/pcap,0,0,0,0,0,0.0,0,0,0,none,0,none,0,0,0,no_alert_unknown,no_alert_not_final_benign,-1,dns,port
2025-07-19T23:02:56.375370+0700,103.195.142.74,118.98.44.20,20067,53,UDP,dns,,204828282955328,wire/pcap,0,0,0,0,0,0.0,0,0,0,none,0,none,0,0,0,no_alert_unknown,no_alert_not_final_benign,-1,dns,port
2025-07-19T23:02:56.383952+0700,103.195.142.74,202.134.0.155,41817,53,UDP,dns,,241689987522035,wire/pcap,0,0,0,0,0,0.0,0,0,0,none,0,none,0,0,0,no_alert_unknown,no_alert_not_final_benign,-1,dns,port
2025-07-19T23:02:56.440763+0700,103.195.142.74,202.134.0.155,11414,53,UDP,dns,,204213166302259,wire/pcap,0,0,0,0,0,0.0,0,0,0,none,0,none,0,0,0,no_alert_unknown,no_alert_not_final_benign,-1,dns,port
2025-07-19T23:02:56.448089+0700,103.195.142.74,118.98.44.50,63031,53,UDP,dns,,235680892484778,wire/pcap,0,0,0,0,0,0.0,0,0,0,none,0,none,0,0,0,no_alert_unknown,no_alert_not_final_benign,-1,dns,port
2025-07-19T23:02:56.455572+0700,103.195.142.2,108.136.122.122,53,10784,UDP,flow,failed,353861632281639,,1,1,0,136,0,0.0,1,136,0,none,0,none,0,0,0,no_alert_unknown,no_alert_not_final_benign,-1,dns,port
2025-07-19T23:02:56.562450+0700,103.195.142.74,118.98.44.50,23074,53,UDP,dns,,163906356238317,wire/pcap,0,0,0,0,0,0.0,0,0,0,none,0,none,0,0,0,no_alert_unknown,no_alert_not_final_benign,-1,dns,port
2025-07-19T23:02:56.562542+0700,103.195.142.74,202.134.0.155,47249,53,UDP,dns,,164302276456774,wire/pcap,0,0,0,0,0,0.0,0,0,0,none,0,none,0,0,0,no_alert_unknown,no_alert_not_final_benign,-1,dns,port
2025-07-19T23:02:56.562616+0700,103.195.142.74,118.98.44.20,35348,53,UDP,dns,,164621589829603,wire/pcap,0,0,0,0,0,0.0,0,0,0,none,0,none,0,0,0,no_alert_unknown,no_alert_not_final_benign,-1,dns,port
2025-07-19T23:02:56.620198+0700,103.195.142.74,118.98.44.20,10545,53,UDP,dns,,130455820423839,wire/pcap,0,0,0,0,0,0.0,0,0,0,none,0,none,0,0,0,no_alert_unknown,no_alert_not_final_benign,-1,dns,port
2025-07-19T23:02:56.689554+0700,103.195.142.74,118.98.44.50,21901,53,UDP,dns,,146865859099104,wire/pcap,0,0,0,0,0,0.0,0,0,0,none,0,none,0,0,0,no_alert_unknown,no_alert_not_final_benign,-1,dns,port
2025-07-19T23:02:56.762942+0700,103.195.142.75,50.116.34.34,8228,53,UDP,dns,,180587718042924,wire/pcap,0,0,0,0,0,0.0,0,0,0,none,0,none,0,0,0,no_alert_unknown,no_alert_not_final_benign,-1,dns,port
2025-07-19T23:02:56.763106+0700,103.195.142.74,202.134.0.155,54208,53,UDP,dns,,181292139186011,wire/pcap,0,0,0,0,0,0.0,0,0,0,none,0,none,0,0,0,no_alert_unknown,no_alert_not_final_benign,-1,dns,port
2025-07-19T23:02:56.785784+0700,103.195.142.74,118.98.44.100,26926,53,UDP,dns,,278693782274840,wire/pcap,0,0,0,0,0,0.0,0,0,0,none,0,none,0,0,0,no_alert_unknown,no_alert_not_final_benign,-1,dns,port
2025-07-19T23:02:56.797829+0700,103.195.142.74,118.98.44.20,41537,53,UDP,dns,,48950656943947,wire/pcap,0,0,0,0,0,0.0,0,0,0,none,0,none,0,0,0,no_alert_unknown,no_alert_not_final_benign,-1,dns,port
2025-07-19T23:02:56.820801+0700,103.195.142.74,118.98.44.20,41012,53,UDP,dns,,147614961047839,wire/pcap,0,0,0,0,0,0.0,0,0,0,none,0,none,0,0,0,no_alert_unknown,no_alert_not_final_benign,-1,dns,port
2025-07-19T23:02:56.820866+0700,103.195.142.75,8.8.8.8,13881,53,UDP,dns,,147895960636061,wire/pcap,0,0,0,0,0,0.0,0,0,0,none,0,none,0,0,0,no_alert_unknown,no_alert_not_final_benign,-1,dns,port
2025-07-19T23:02:56.824595+0700,103.195.142.75,8.8.8.8,55321,53,UDP,flow,dns,2238064439356269,,1,1,0,178,0,0.0,1,178,0,none,0,none,0,0,0,no_alert_unknown,no_alert_not_final_benign,-1,dns,app_proto+port
2025-07-19T23:02:56.833925+0700,103.195.142.74,202.134.0.155,54562,53,UDP,dns,,203985015827130,wire/pcap,0,0,0,0,0,0.0,0,0,0,none,0,none,0,0,0,no_alert_unknown,no_alert_not_final_benign,-1,dns,port
2025-07-19T23:02:56.852702+0700,103.195.142.74,118.98.44.50,55357,53,UDP,dns,,3152543596043,wire/pcap,0,0,0,0,0,0.0,0,0,0,none,0,none,0,0,0,no_alert_unknown,no_alert_not_final_benign,-1,dns,port
2025-07-19T23:02:56.852811+0700,103.195.142.74,118.98.44.50,32332,53,UDP,dns,,3621759469171,wire/pcap,0,0,0,0,0,0.0,0,0,0,none,0,none,0,0,0,no_alert_unknown,no_alert_not_final_benign,-1,dns,port
2025-07-19T23:02:56.893034+0700,103.195.142.74,202.134.0.155,36813,53,UDP,dns,,176381134219447,wire/pcap,0,0,0,0,0,0.0,0,0,0,none,0,none,0,0,0,no_alert_unknown,no_alert_not_final_benign,-1,dns,port
2025-07-19T23:02:56.923258+0700,103.195.142.108,8.8.8.8,1900,53,UDP,dns,,1216074754602613,wire/pcap,0,0,0,0,0,0.0,0,0,0,none,0,none,0,0,0,no_alert_unknown,no_alert_not_final_benign,-1,dns,port
2025-07-19T23:02:56.927409+0700,103.195.142.46,87.98.154.175,53,19677,UDP,flow,failed,1991930082022902,,1,1,0,1437,0,0.0,1,1437,0,none,0,none,0,0,0,no_alert_unknown,no_alert_not_final_benign,-1,dns,port
2025-07-19T23:02:56.927484+0700,103.195.142.46,87.98.154.147,53,21551,UDP,flow,failed,2131037357659670,,1,1,0,1437,0,0.0,1,1437,0,none,0,none,0,0,0,no_alert_unknown,no_alert_not_final_benign,-1,dns,port
2025-07-19T23:02:56.927592+0700,103.195.142.76,87.98.154.234,53,24963,UDP,flow,failed,1789634606978949,,1,1,0,1469,0,0.0,1,1469,0,none,0,none,0,0,0,no_alert_unknown,no_alert_not_final_benign,-1,dns,port
2025-07-19T23:02:56.927613+0700,103.195.142.2,13.105.164.205,53,62130,UDP,flow,failed,241549851023484,,1,1,0,154,0,0.0,1,154,0,none,0,none,0,0,0,no_alert_unknown,no_alert_not_final_benign,-1,dns,port
2025-07-19T23:02:56.927693+0700,103.195.142.195,87.98.154.160,53,10432,UDP,flow,failed,1812215232911785,,1,1,0,1437,0,0.0,1,1437,0,none,0,none,0,0,0,no_alert_unknown,no_alert_not_final_benign,-1,dns,port
2025-07-19T23:02:56.927720+0700,103.195.142.109,87.98.154.117,53,49177,UDP,flow,failed,2215152302676468,,1,1,0,1437,0,0.0,1,1437,0,none,0,none,0,0,0,no_alert_unknown,no_alert_not_final_benign,-1,dns,port
2025-07-19T23:02:56.927739+0700,103.195.142.74,202.134.0.155,53982,53,UDP,flow,dns,2045055830907381,,1,1,0,211,0,0.0,1,211,0,none,0,none,0,0,0,no_alert_unknown,no_alert_not_final_benign,-1,dns,app_proto+port
2025-07-19T23:02:56.927779+0700,103.195.142.2,172.253.236.214,53,36591,UDP,flow,failed,93335627684346,,1,1,0,154,0,0.0,1,154,0,none,0,none,0,0,0,no_alert_unknown,no_alert_not_final_benign,-1,dns,port
2025-07-19T23:02:56.927824+0700,103.195.142.3,93.158.164.221,53,32202,UDP,flow,failed,2084442682022427,,1,1,0,135,0,0.0,1,135,0,none,0,none,0,0,0,no_alert_unknown,no_alert_not_final_benign,-1,dns,port
2025-07-19T23:02:56.927876+0700,103.195.142.83,87.98.154.119,53,54920,UDP,flow,failed,1844912228194916,,1,1,0,1190,0,0.0,1,1190,0,none,0,none,0,0,0,no_alert_unknown,no_alert_not_final_benign,-1,dns,port
2025-07-19T23:02:56.927897+0700,103.195.142.75,8.8.8.8,51292,53,UDP,flow,dns,127954954148479,,1,1,0,68,0,0.0,1,68,0,none,0,none,0,0,0,no_alert_unknown,no_alert_not_final_benign,-1,dns,app_proto+port
2025-07-19T23:02:56.927918+0700,103.195.142.74,118.98.44.50,64194,53,UDP,flow,dns,1923020373416577,,1,1,0,77,0,0.0,1,77,0,none,0,none,0,0,0,no_alert_unknown,no_alert_not_final_benign,-1,dns,app_proto+port
2025-07-19T23:02:56.927938+0700,103.195.142.74,118.98.44.100,57212,53,UDP,flow,dns,1831498645035683,,1,1,0,74,0,0.0,1,74,0,none,0,none,0,0,0,no_alert_unknown,no_alert_not_final_benign,-1,dns,app_proto+port
2025-07-19T23:02:56.927959+0700,103.195.142.74,118.98.44.100,24580,53,UDP,flow,dns,1984253123222269,,1,1,0,223,0,0.0,1,223,0,none,0,none,0,0,0,no_alert_unknown,no_alert_not_final_benign,-1,dns,app_proto+port
2025-07-19T23:02:56.928054+0700,103.195.142.195,87.98.154.119,53,17545,UDP,flow,failed,1817468017892186,,1,1,0,1437,0,0.0,1,1437,0,none,0,none,0,0,0,no_alert_unknown,no_alert_not_final_benign,-1,dns,port
2025-07-19T23:02:56.928076+0700,103.195.142.46,87.98.154.119,53,35618,UDP,flow,failed,1716603513002897,,1,1,0,1437,0,0.0,1,1437,0,none,0,none,0,0,0,no_alert_unknown,no_alert_not_final_benign,-1,dns,port
2025-07-19T23:02:56.928095+0700,103.195.142.3,13.105.164.210,53,41331,UDP,flow,failed,267580981763045,,1,1,0,178,0,0.0,1,178,0,none,0,none,0,0,0,no_alert_unknown,no_alert_not_final_benign,-1,dns,port
2025-07-19T23:02:56.928128+0700,103.195.142.3,13.105.80.77,53,53410,UDP,flow,failed,57142934690835,,1,1,0,182,0,0.0,1,182,0,none,0,none,0,0,0,no_alert_unknown,no_alert_not_final_benign,-1,dns,port
2025-07-19T23:02:56.928171+0700,103.195.142.76,87.98.154.66,53,10901,UDP,flow,failed,69110054771882,,1,1,0,1469,0,0.0,1,1469,0,none,0,none,0,0,0,no_alert_unknown,no_alert_not_final_benign,-1,dns,port
2025-07-19T23:02:56.928278+0700,103.195.142.3,13.105.68.208,53,44949,UDP,flow,failed,2360191343970,,1,1,0,182,0,0.0,1,182,0,none,0,none,0,0,0,no_alert_unknown,no_alert_not_final_benign,-1,dns,port
2025-07-19T23:02:56.928390+0700,103.195.142.196,87.98.154.119,53,1981,UDP,flow,failed,215899237244345,,1,1,0,1437,0,0.0,1,1437,0,none,0,none,0,0,0,no_alert_unknown,no_alert_not_final_benign,-1,dns,port
2025-07-19T23:02:56.928410+0700,103.195.142.2,172.217.44.216,53,48449,UDP,flow,failed,255168212426170,,1,1,0,158,0,0.0,1,158,0,none,0,none,0,0,0,no_alert_unknown,no_alert_not_final_benign,-1,dns,port
2025-07-19T23:02:56.928430+0700,103.195.142.109,87.98.154.119,53,17343,UDP,flow,failed,153580972334668,,1,1,0,1437,0,0.0,1,1437,0,none,0,none,0,0,0,no_alert_unknown,no_alert_not_final_benign,-1,dns,port
2025-07-19T23:02:56.928497+0700,103.195.142.74,118.98.44.20,54873,53,UDP,flow,dns,238436919140119,,1,1,0,214,0,0.0,1,214,0,none,0,none,0,0,0,no_alert_unknown,no_alert_not_final_benign,-1,dns,app_proto+port
2025-07-19T23:02:56.928519+0700,103.195.142.195,87.98.154.119,53,39115,UDP,flow,failed,1978878735409253,,1,1,0,1437,0,0.0,1,1437,0,none,0,none,0,0,0,no_alert_unknown,no_alert_not_final_benign,-1,dns,port
2025-07-19T23:02:56.928540+0700,103.195.142.2,13.105.164.202,53,36218,UDP,flow,failed,147677672890503,,1,1,0,178,0,0.0,1,178,0,none,0,none,0,0,0,no_alert_unknown,no_alert_not_final_benign,-1,dns,port
2025-07-19T23:02:56.928565+0700,103.195.142.196,87.98.154.119,53,9884,UDP,flow,failed,159705348759705,,1,1,0,1437,0,0.0,1,1437,0,none,0,none,0,0,0,no_alert_unknown,no_alert_not_final_benign,-1,dns,port
2025-07-19T23:02:56.928584+0700,103.195.142.74,202.134.0.155,7796,53,UDP,flow,dns,1953432058650822,,1,1,0,211,0,0.0,1,211,0,none,0,none,0,0,0,no_alert_unknown,no_alert_not_final_benign,-1,dns,app_proto+port
2025-07-19T23:02:56.928611+0700,103.195.142.83,87.98.154.119,53,18853,UDP,flow,failed,1761573174370529,,1,1,0,1190,0,0.0,1,1190,0,none,0,none,0,0,0,no_alert_unknown,no_alert_not_final_benign,-1,dns,port
2025-07-19T23:02:56.928658+0700,103.195.142.3,13.105.68.208,53,55045,UDP,flow,failed,38447563268322,,1,1,0,182,0,0.0,1,182,0,none,0,none,0,0,0,no_alert_unknown,no_alert_not_final_benign,-1,dns,port
2025-07-19T23:02:56.928682+0700,103.195.142.109,87.98.154.118,53,48858,UDP,flow,failed,1714207649161509,,1,1,0,1437,0,0.0,1,1437,0,none,0,none,0,0,0,no_alert_unknown,no_alert_not_final_benign,-1,dns,port
2025-07-19T23:02:56.928730+0700,103.195.142.46,87.98.154.231,53,39689,UDP,flow,failed,1692684200239606,,1,1,0,1437,0,0.0,1,1437,0,none,0,none,0,0,0,no_alert_unknown,no_alert_not_final_benign,-1,dns,port
2025-07-19T23:02:56.928759+0700,103.195.142.75,8.8.8.8,55982,53,UDP,flow,dns,1873839818269188,,1,1,0,87,0,0.0,1,87,0,none,0,none,0,0,0,no_alert_unknown,no_alert_not_final_benign,-1,dns,app_proto+port
2025-07-19T23:02:56.928900+0700,103.195.142.83,87.98.154.6,53,36894,UDP,flow,failed,2238734852219470,,1,1,0,1190,0,0.0,1,1190,0,none,0,none,0,0,0,no_alert_unknown,no_alert_not_final_benign,-1,dns,port
2025-07-19T23:02:56.928922+0700,103.195.142.196,87.98.154.41,53,43993,UDP,flow,failed,1710266358227581,,1,1,0,1437,0,0.0,1,1437,0,none,0,none,0,0,0,no_alert_unknown,no_alert_not_final_benign,-1,dns,port
2025-07-19T23:02:56.928971+0700,103.195.142.2,13.105.80.78,53,61848,UDP,flow,failed,178703387910876,,1,1,0,182,0,0.0,1,182,0,none,0,none,0,0,0,no_alert_unknown,no_alert_not_final_benign,-1,dns,port
2025-07-19T23:02:56.928992+0700,103.195.142.196,87.98.154.157,53,36453,UDP,flow,failed,1938130241053621,,1,3,0,4311,0,10.0,3,4311,0,none,0,none,0,0,0,no_alert_unknown,no_alert_not_final_benign,-1,dns,port
2025-07-19T23:02:56.929011+0700,103.195.142.74,202.134.0.155,45849,53,UDP,flow,dns,2085916292801469,,1,1,0,92,0,0.0,1,92,0,none,0,none,0,0,0,no_alert_unknown,no_alert_not_final_benign,-1,dns,app_proto+port
2025-07-19T23:02:56.929037+0700,103.195.142.83,87.98.154.174,53,28454,UDP,flow,failed,2171142985081822,,1,1,0,1190,0,0.0,1,1190,0,none,0,none,0,0,0,no_alert_unknown,no_alert_not_final_benign,-1,dns,port
2025-07-19T23:02:56.929091+0700,103.195.142.75,50.28.32.155,31563,53,UDP,flow,dns,1966295083508730,,1,1,0,85,0,0.0,1,85,0,none,0,none,0,0,0,no_alert_unknown,no_alert_not_final_benign,-1,dns,app_proto+port
2025-07-19T23:02:56.929133+0700,103.195.142.2,52.250.9.76,53,55980,UDP,flow,failed,2059144476812385,,1,1,0,167,0,0.0,1,167,0,none,0,none,0,0,0,no_alert_unknown,no_alert_not_final_benign,-1,dns,port
2025-07-19T23:02:56.929166+0700,103.195.142.2,13.105.164.214,53,5800,UDP,flow,failed,141586717533296,,1,1,0,182,0,0.0,1,182,0,none,0,none,0,0,0,no_alert_unknown,no_alert_not_final_benign,-1,dns,port
2025-07-19T23:02:56.929187+0700,103.195.142.195,87.98.154.118,53,58874,UDP,flow,failed,2142271887434929,,1,1,0,1437,0,0.0,1,1437,0,none,0,none,0,0,0,no_alert_unknown,no_alert_not_final_benign,-1,dns,port
2025-07-19T23:02:56.929231+0700,103.195.142.2,13.105.68.212,53,51204,UDP,flow,failed,2038148586267831,,1,1,0,178,0,0.0,1,178,0,none,0,none,0,0,0,no_alert_unknown,no_alert_not_final_benign,-1,dns,port
2025-07-19T23:02:56.929287+0700,103.195.142.46,87.98.154.119,53,32660,UDP,flow,failed,1212542870853,,1,1,0,1437,0,0.0,1,1437,0,none,0,none,0,0,0,no_alert_unknown,no_alert_not_final_benign,-1,dns,port
2025-07-19T23:02:56.929327+0700,103.195.142.74,118.98.44.50,33183,53,UDP,flow,dns,1828646382921053,,1,1,0,90,0,0.0,1,90,0,none,0,none,0,0,0,no_alert_unknown,no_alert_not_final_benign,-1,dns,app_proto+port
2025-07-19T23:02:56.929449+0700,103.195.142.76,87.98.154.119,53,24095,UDP,flow,failed,2240710740600296,,1,1,0,1469,0,0.0,1,1469,0,none,0,none,0,0,0,no_alert_unknown,no_alert_not_final_benign,-1,dns,port
2025-07-19T23:02:56.929472+0700,103.195.142.195,87.98.154.104,53,53992,UDP,flow,failed,275057909556832,,1,1,0,1437,0,0.0,1,1437,0,none,0,none,0,0,0,no_alert_unknown,no_alert_not_final_benign,-1,dns,port
2025-07-19T23:02:56.929495+0700,103.195.142.74,202.134.0.155,10997,53,UDP,flow,dns,265905862534783,,1,1,0,223,0,0.0,1,223,0,none,0,none,0,0,0,no_alert_unknown,no_alert_not_final_benign,-1,dns,app_proto+port
2025-07-19T23:02:56.929523+0700,103.195.142.75,216.38.8.121,40178,53,UDP,flow,dns,230098680866499,,1,1,0,91,0,0.0,1,91,0,none,0,none,0,0,0,no_alert_unknown,no_alert_not_final_benign,-1,dns,app_proto+port
2025-07-19T23:02:56.929750+0700,103.195.142.74,118.98.44.100,39982,53,UDP,flow,dns,1852611905513292,,1,1,0,68,0,0.0,1,68,0,none,0,none,0,0,0,no_alert_unknown,no_alert_not_final_benign,-1,dns,app_proto+port
2025-07-19T23:02:56.929792+0700,103.195.142.74,118.98.44.20,30626,53,UDP,flow,dns,54323372877696,,1,1,0,109,0,0.0,1,109,0,none,0,none,0,0,0,no_alert_unknown,no_alert_not_final_benign,-1,dns,app_proto+port
2025-07-19T23:02:56.929829+0700,103.195.142.2,162.158.169.103,53,18525,UDP,flow,failed,159396981893068,,1,1,0,176,0,0.0,1,176,0,none,0,none,0,0,0,no_alert_unknown,no_alert_not_final_benign,-1,dns,port
2025-07-19T23:02:56.929863+0700,103.195.142.3,13.105.68.219,53,44958,UDP,flow,failed,196958577289217,,1,1,0,182,0,0.0,1,182,0,none,0,none,0,0,0,no_alert_unknown,no_alert_not_final_benign,-1,dns,port
2025-07-19T23:02:56.929961+0700,103.195.142.76,87.98.154.119,53,46771,UDP,flow,failed,1704079523506347,,1,1,0,1469,0,0.0,1,1469,0,none,0,none,0,0,0,no_alert_unknown,no_alert_not_final_benign,-1,dns,port
2025-07-19T23:02:56.930002+0700,103.195.142.195,87.98.154.244,53,12923,UDP,flow,failed,1691618082154677,,1,1,0,1437,0,0.0,1,1437,0,none,0,none,0,0,0,no_alert_unknown,no_alert_not_final_benign,-1,dns,port
2025-07-19T23:02:56.930041+0700,103.195.142.74,118.98.44.20,11529,53,UDP,flow,dns,66609608714492,,1,1,0,211,0,0.0,1,211,0,none,0,none,0,0,0,no_alert_unknown,no_alert_not_final_benign,-1,dns,app_proto+port
2025-07-19T23:02:56.930236+0700,103.195.142.74,118.98.44.100,62099,53,UDP,flow,dns,2218196286761708,,1,1,0,74,0,0.0,1,74,0,none,0,none,0,0,0,no_alert_unknown,no_alert_not_final_benign,-1,dns,app_proto+port
2025-07-19T23:02:56.930256+0700,103.195.142.2,178.128.112.205,53,28630,UDP,flow,failed,175389045484282,,1,1,0,154,0,0.0,1,154,0,none,0,none,0,0,0,no_alert_unknown,no_alert_not_final_benign,-1,dns,port
2025-07-19T23:02:56.930275+0700,103.195.142.196,87.98.154.119,53,52122,UDP,flow,failed,1918276793592596,,1,1,0,1437,0,0.0,1,1437,0,none,0,none,0,0,0,no_alert_unknown,no_alert_not_final_benign,-1,dns,port
2025-07-19T23:02:56.930315+0700,103.195.142.46,87.98.154.119,53,23807,UDP,flow,failed,2245499899407169,,1,1,0,1437,0,0.0,1,1437,0,none,0,none,0,0,0,no_alert_unknown,no_alert_not_final_benign,-1,dns,port
2025-07-19T23:02:56.930358+0700,103.195.142.195,87.98.154.119,53,3527,UDP,flow,failed,207524500270002,,1,1,0,1437,0,0.0,1,1437,0,none,0,none,0,0,0,no_alert_unknown,no_alert_not_final_benign,-1,dns,port
2025-07-19T23:02:56.930383+0700,103.195.142.76,87.98.154.6,53,20627,UDP,flow,failed,1954120297999282,,1,1,0,1469,0,0.0,1,1469,0,none,0,none,0,0,0,no_alert_unknown,no_alert_not_final_benign,-1,dns,port
2025-07-19T23:02:56.930402+0700,103.195.142.196,87.98.154.185,53,14634,UDP,flow,failed,1810398828358586,,1,3,0,4311,0,9.0,3,4311,0,none,0,none,0,0,0,no_alert_unknown,no_alert_not_final_benign,-1,dns,port
2025-07-19T23:02:56.930421+0700,103.195.142.76,87.98.154.122,53,51172,UDP,flow,failed,1703193448999914,,1,1,0,1469,0,0.0,1,1469,0,none,0,none,0,0,0,no_alert_unknown,no_alert_not_final_benign,-1,dns,port
2025-07-19T23:02:56.930439+0700,103.195.142.76,87.98.154.119,53,53036,UDP,flow,failed,63167626931185,,1,1,0,1469,0,0.0,1,1469,0,none,0,none,0,0,0,no_alert_unknown,no_alert_not_final_benign,-1,dns,port
2025-07-19T23:02:56.930457+0700,103.195.142.83,87.98.154.119,53,35925,UDP,flow,failed,52226208296107,,1,1,0,1190,0,0.0,1,1190,0,none,0,none,0,0,0,no_alert_unknown,no_alert_not_final_benign,-1,dns,port
2025-07-19T23:02:56.930528+0700,103.195.142.74,202.134.0.155,44493,53,UDP,flow,dns,1966767126212007,,1,1,0,68,0,0.0,1,68,0,none,0,none,0,0,0,no_alert_unknown,no_alert_not_final_benign,-1,dns,app_proto+port
2025-07-19T23:02:56.930569+0700,103.195.142.74,202.134.0.155,4169,53,UDP,flow,dns,2092787827338704,,1,1,0,84,0,0.0,1,84,0,none,0,none,0,0,0,no_alert_unknown,no_alert_not_final_benign,-1,dns,app_proto+port
2025-07-19T23:02:56.930603+0700,103.195.142.74,118.98.44.50,61494,53,UDP,flow,dns,1954625310748190,,1,1,0,68,0,0.0,1,68,0,none,0,none,0,0,0,no_alert_unknown,no_alert_not_final_benign,-1,dns,app_proto+port
2025-07-19T23:02:56.930706+0700,103.195.142.2,13.105.68.204,53,37777,UDP,flow,failed,2076770814193490,,1,1,0,178,0,0.0,1,178,0,none,0,none,0,0,0,no_alert_unknown,no_alert_not_final_benign,-1,dns,port
2025-07-19T23:02:56.930783+0700,103.195.142.165,87.98.154.119,53,41765,UDP,flow,failed,123358230802431,,1,1,0,1437,0,0.0,1,1437,0,none,0,none,0,0,0,no_alert_unknown,no_alert_not_final_benign,-1,dns,port
2025-07-19T23:02:56.930841+0700,103.195.142.74,202.134.0.155,21617,53,UDP,flow,dns,1752739632640072,,1,1,0,214,0,0.0,1,214,0,none,0,none,0,0,0,no_alert_unknown,no_alert_not_final_benign,-1,dns,app_proto+port
2025-07-19T23:02:56.930913+0700,103.195.142.74,118.98.44.50,39444,53,UDP,flow,dns,2237760597389616,,1,1,0,88,0,0.0,1,88,0,none,0,none,0,0,0,no_alert_unknown,no_alert_not_final_benign,-1,dns,app_proto+port
2025-07-19T23:02:56.930959+0700,103.195.142.195,87.98.154.104,53,59781,UDP,flow,failed,2155061875241309,,1,1,0,1437,0,0.0,1,1437,0,none,0,none,0,0,0,no_alert_unknown,no_alert_not_final_benign,-1,dns,port
2025-07-19T23:02:56.930986+0700,103.195.142.3,74.114.31.147,53,34526,UDP,flow,failed,1797289214079335,,1,1,0,202,0,0.0,1,202,0,none,0,none,0,0,0,no_alert_unknown,no_alert_not_final_benign,-1,dns,port
2025-07-19T23:02:56.931008+0700,103.195.142.74,202.134.0.155,5348,53,UDP,flow,dns,1977661877776802,,1,1,0,79,0,0.0,1,79,0,none,0,none,0,0,0,no_alert_unknown,no_alert_not_final_benign,-1,dns,app_proto+port
2025-07-19T23:02:56.931084+0700,103.195.142.83,87.98.154.90,53,42161,UDP,flow,failed,1469139414872507,,1,3,0,3570,0,9.0,3,3570,0,none,0,none,0,0,0,no_alert_unknown,no_alert_not_final_benign,-1,dns,port
2025-07-19T23:02:56.931133+0700,103.195.142.196,87.98.154.177,53,62963,UDP,flow,failed,36540040016328,,1,1,0,1437,0,0.0,1,1437,0,none,0,none,0,0,0,no_alert_unknown,no_alert_not_final_benign,-1,dns,port
2025-07-19T23:02:56.931184+0700,103.195.142.195,87.98.154.119,53,52985,UDP,flow,failed,1833674285445696,,1,1,0,1437,0,0.0,1,1437,0,none,0,none,0,0,0,no_alert_unknown,no_alert_not_final_benign,-1,dns,port
2025-07-19T23:02:56.931205+0700,103.195.142.76,87.98.154.119,53,43237,UDP,flow,failed,2168704258339522,,1,1,0,1469,0,0.0,1,1469,0,none,0,none,0,0,0,no_alert_unknown,no_alert_not_final_benign,-1,dns,port
2025-07-19T23:02:56.931259+0700,103.195.142.2,52.137.65.160,53,51094,UDP,flow,failed,4077639561944,,1,1,0,178,0,0.0,1,178,0,none,0,none,0,0,0,no_alert_unknown,no_alert_not_final_benign,-1,dns,port
2025-07-19T23:02:56.931312+0700,103.195.142.76,87.98.154.119,53,14985,UDP,flow,failed,235863100093354,,1,1,0,1469,0,0.0,1,1469,0,none,0,none,0,0,0,no_alert_unknown,no_alert_not_final_benign,-1,dns,port
2025-07-19T23:02:56.931399+0700,103.195.142.109,87.98.154.119,53,51819,UDP,flow,failed,210558593004601,,1,1,0,1437,0,0.0,1,1437,0,none,0,none,0,0,0,no_alert_unknown,no_alert_not_final_benign,-1,dns,port
2025-07-19T23:02:56.931435+0700,103.195.142.2,172.217.32.148,53,50530,UDP,flow,failed,2149921243657277,,1,1,0,159,0,0.0,1,159,0,none,0,none,0,0,0,no_alert_unknown,no_alert_not_final_benign,-1,dns,port
2025-07-19T23:02:56.931457+0700,103.195.142.109,87.98.154.201,53,47400,UDP,flow,failed,1838021893485675,,1,1,0,1437,0,0.0,1,1437,0,none,0,none,0,0,0,no_alert_unknown,no_alert_not_final_benign,-1,dns,port
2025-07-19T23:02:56.931476+0700,103.195.142.109,87.98.154.119,53,1735,UDP,flow,failed,2177804066419954,,1,1,0,1437,0,0.0,1,1437,0,none,0,none,0,0,0,no_alert_unknown,no_alert_not_final_benign,-1,dns,port
2025-07-19T23:02:56.931495+0700,103.195.142.74,118.98.44.20,3689,53,UDP,flow,dns,1781213109089526,,1,1,0,68,0,0.0,1,68,0,none,0,none,0,0,0,no_alert_unknown,no_alert_not_final_benign,-1,dns,app_proto+port
2025-07-19T23:02:56.931515+0700,103.195.142.46,87.98.154.203,53,15333,UDP,flow,failed,1833711439312122,,1,1,0,1437,0,0.0,1,1437,0,none,0,none,0,0,0,no_alert_unknown,no_alert_not_final_benign,-1,dns,port
2025-07-19T23:02:56.931555+0700,103.195.142.3,13.105.80.77,53,53449,UDP,flow,failed,121113213072697,,1,1,0,182,0,0.0,1,182,0,none,0,none,0,0,0,no_alert_unknown,no_alert_not_final_benign,-1,dns,port
2025-07-19T23:02:56.931626+0700,103.195.142.46,87.98.154.119,53,43213,UDP,flow,failed,1765143595382199,,1,1,0,1437,0,0.0,1,1437,0,none,0,none,0,0,0,no_alert_unknown,no_alert_not_final_benign,-1,dns,port
2025-07-19T23:02:56.931705+0700,103.195.142.109,87.98.154.145,53,41737,UDP,flow,failed,1890172269819604,,1,1,0,1437,0,0.0,1,1437,0,none,0,none,0,0,0,no_alert_unknown,no_alert_not_final_benign,-1,dns,port
2025-07-19T23:02:56.931728+0700,103.195.142.213,8.8.8.8,53804,53,UDP,flow,dns,2063607285348115,,1,1,0,101,0,0.0,1,101,0,none,0,none,0,0,0,no_alert_unknown,no_alert_not_final_benign,-1,dns,app_proto+port
2025-07-19T23:02:56.931797+0700,103.195.142.46,87.98.154.119,53,9453,UDP,flow,failed,2147956281178004,,1,1,0,1437,0,0.0,1,1437,0,none,0,none,0,0,0,no_alert_unknown,no_alert_not_final_benign,-1,dns,port
2025-07-19T23:02:56.931864+0700,103.195.142.74,118.98.44.50,14828,53,UDP,flow,dns,1830193675171843,,1,1,0,90,0,0.0,1,90,0,none,0,none,0,0,0,no_alert_unknown,no_alert_not_final_benign,-1,dns,app_proto+port
2025-07-19T23:02:56.931887+0700,103.195.142.74,118.98.44.50,40403,53,UDP,flow,dns,2207733278636228,,1,1,0,243,0,0.0,1,243,0,none,0,none,0,0,0,no_alert_unknown,no_alert_not_final_benign,-1,dns,app_proto+port
2025-07-19T23:02:56.931908+0700,103.195.142.75,8.8.8.8,19687,53,UDP,flow,dns,1931434858772702,,1,1,0,241,0,0.0,1,241,0,none,0,none,0,0,0,no_alert_unknown,no_alert_not_final_benign,-1,dns,app_proto+port
2025-07-19T23:02:56.931928+0700,103.195.142.109,87.98.154.89,53,32656,UDP,flow,failed,63274645584121,,1,1,0,1437,0,0.0,1,1437,0,none,0,none,0,0,0,no_alert_unknown,no_alert_not_final_benign,-1,dns,port
2025-07-19T23:02:56.931963+0700,103.195.142.74,202.134.0.155,5943,53,UDP,flow,dns,275535550216481,,1,2,0,204,0,7.0,2,204,0,none,0,none,0,0,0,no_alert_unknown,no_alert_not_final_benign,-1,dns,app_proto+port
2025-07-19T23:02:56.932008+0700,103.195.142.74,118.98.44.20,16598,53,UDP,flow,dns,1755845491685705,,1,1,0,76,0,0.0,1,76,0,none,0,none,0,0,0,no_alert_unknown,no_alert_not_final_benign,-1,dns,app_proto+port
2025-07-19T23:02:56.932048+0700,103.195.142.46,87.98.154.231,53,34279,UDP,flow,failed,2195919885236658,,1,1,0,1437,0,0.0,1,1437,0,none,0,none,0,0,0,no_alert_unknown,no_alert_not_final_benign,-1,dns,port
2025-07-19T23:02:56.932076+0700,103.195.142.165,87.98.154.161,53,6453,UDP,flow,failed,1725538060990911,,1,1,0,1437,0,0.0,1,1437,0,none,0,none,0,0,0,no_alert_unknown,no_alert_not_final_benign,-1,dns,port
2025-07-19T23:02:56.932128+0700,103.195.142.74,118.98.44.20,63858,53,UDP,flow,dns,2167268608178707,,1,1,0,223,0,0.0,1,223,0,none,0,none,0,0,0,no_alert_unknown,no_alert_not_final_benign,-1,dns,app_proto+port
2025-07-19T23:02:56.932146+0700,103.195.142.196,87.98.154.117,53,40123,UDP,flow,failed,1891200927464007,,1,1,0,1437,0,0.0,1,1437,0,none,0,none,0,0,0,no_alert_unknown,no_alert_not_final_benign,-1,dns,port
2025-07-19T23:02:56.932161+0700,103.195.142.165,87.98.154.49,53,40270,UDP,flow,failed,1641777126242908,,1,3,0,4311,0,10.0,3,4311,0,none,0,none,0,0,0,no_alert_unknown,no_alert_not_final_benign,-1,dns,port
2025-07-19T23:02:56.932177+0700,103.195.142.74,118.98.44.50,32482,53,UDP,flow,dns,145749797501707,,1,1,0,68,0,0.0,1,68,0,none,0,none,0,0,0,no_alert_unknown,no_alert_not_final_benign,-1,dns,app_proto+port
2025-07-19T23:02:56.932195+0700,103.195.142.74,118.98.44.50,8751,53,UDP,flow,dns,197500039265037,,1,1,0,74,0,0.0,1,74,0,none,0,none,0,0,0,no_alert_unknown,no_alert_not_final_benign,-1,dns,app_proto+port
2025-07-19T23:02:56.932213+0700,103.195.142.196,87.98.154.119,53,33916,UDP,flow,failed,2096462197095232,,1,1,0,1437,0,0.0,1,1437,0,none,0,none,0,0,0,no_alert_unknown,no_alert_not_final_benign,-1,dns,port
2025-07-19T23:02:56.932234+0700,103.195.142.2,13.105.164.209,53,25723,UDP,flow,failed,218914427501407,,1,1,0,154,0,0.0,1,154,0,none,0,none,0,0,0,no_alert_unknown,no_alert_not_final_benign,-1,dns,port
2025-07-19T23:02:56.932250+0700,103.195.142.75,34.8.196.142,2457,53,UDP,flow,dns,2188517788285870,,1,1,0,243,0,0.0,1,243,0,none,0,none,0,0,0,no_alert_unknown,no_alert_not_final_benign,-1,dns,app_proto+port
2025-07-19T23:02:56.932267+0700,103.195.142.74,118.98.44.100,61278,53,UDP,flow,dns,1994716761947074,,1,1,0,214,0,0.0,1,214,0,none,0,none,0,0,0,no_alert_unknown,no_alert_not_final_benign,-1,dns,app_proto+port
2025-07-19T23:02:56.932303+0700,103.195.142.109,87.98.154.201,53,33622,UDP,flow,failed,2100099347315896,,1,1,0,1437,0,0.0,1,1437,0,none,0,none,0,0,0,no_alert_unknown,no_alert_not_final_benign,-1,dns,port
2025-07-19T23:02:56.932323+0700,103.195.142.74,202.134.0.155,36139,53,UDP,flow,dns,2244579045670150,,1,1,0,86,0,0.0,1,86,0,none,0,none,0,0,0,no_alert_unknown,no_alert_not_final_benign,-1,dns,app_proto+port
2025-07-19T23:02:56.932373+0700,103.195.142.3,13.105.68.206,53,8263,UDP,flow,failed,71273209265537,,1,1,0,182,0,0.0,1,182,0,none,0,none,0,0,0,no_alert_unknown,no_alert_not_final_benign,-1,dns,port
2025-07-19T23:02:56.932405+0700,103.195.142.46,87.98.154.119,53,38460,UDP,flow,failed,1814572479741526,,1,1,0,1437,0,0.0,1,1437,0,none,0,none,0,0,0,no_alert_unknown,no_alert_not_final_benign,-1,dns,port
2025-07-19T23:02:56.932421+0700,103.195.142.74,118.98.44.50,13650,53,UDP,flow,dns,274795089559127,,1,2,0,204,0,7.0,2,204,0,none,0,none,0,0,0,no_alert_unknown,no_alert_not_final_benign,-1,dns,app_proto+port
2025-07-19T23:02:56.932450+0700,103.195.142.165,87.98.154.119,53,25027,UDP,flow,failed,1762604134432346,,1,1,0,1437,0,0.0,1,1437,0,none,0,none,0,0,0,no_alert_unknown,no_alert_not_final_benign,-1,dns,port
2025-07-19T23:02:56.932467+0700,103.195.142.2,18.139.204.205,53,11468,UDP,flow,failed,187381346598533,,1,1,0,137,0,0.0,1,137,0,none,0,none,0,0,0,no_alert_unknown,no_alert_not_final_benign,-1,dns,port
2025-07-19T23:02:56.932533+0700,103.195.142.74,202.134.0.155,35811,53,UDP,flow,dns,46829603192480,,1,1,0,68,0,0.0,1,68,0,none,0,none,0,0,0,no_alert_unknown,no_alert_not_final_benign,-1,dns,app_proto+port
2025-07-19T23:02:56.932694+0700,103.195.142.196,87.98.154.41,53,23994,UDP,flow,failed,2006708433125554,,1,1,0,1437,0,0.0,1,1437,0,none,0,none,0,0,0,no_alert_unknown,no_alert_not_final_benign,-1,dns,port
2025-07-19T23:02:56.932716+0700,103.195.142.109,87.98.154.119,53,12373,UDP,flow,failed,1873303102095585,,1,1,0,1437,0,0.0,1,1437,0,none,0,none,0,0,0,no_alert_unknown,no_alert_not_final_benign,-1,dns,port
2025-07-19T23:02:56.932744+0700,103.195.142.46,87.98.154.91,53,28915,UDP,flow,failed,1537417712304399,,1,3,0,4311,0,10.0,3,4311,0,none,0,none,0,0,0,no_alert_unknown,no_alert_not_final_benign,-1,dns,port
2025-07-19T23:02:56.932760+0700,103.195.142.195,87.98.154.76,53,44097,UDP,flow,failed,1140818074665282,,1,3,0,4311,0,10.0,3,4311,0,none,0,none,0,0,0,no_alert_unknown,no_alert_not_final_benign,-1,dns,port
2025-07-19T23:02:56.932795+0700,103.195.142.2,13.105.68.210,53,53262,UDP,flow,failed,105998711652895,,1,1,0,178,0,0.0,1,178,0,none,0,none,0,0,0,no_alert_unknown,no_alert_not_final_benign,-1,dns,port
2025-07-19T23:02:56.932848+0700,103.195.142.2,192.178.116.25,53,51144,UDP,flow,failed,1838905422971510,,1,1,0,212,0,0.0,1,212,0,none,0,none,0,0,0,no_alert_unknown,no_alert_not_final_benign,-1,dns,port
2025-07-19T23:02:56.933002+0700,103.195.142.196,87.98.154.119,53,40676,UDP,flow,failed,11387892466618,,1,1,0,1437,0,0.0,1,1437,0,none,0,none,0,0,0,no_alert_unknown,no_alert_not_final_benign,-1,dns,port
2025-07-19T23:02:56.933035+0700,103.195.142.109,87.98.154.81,53,12275,UDP,flow,failed,1792696557700037,,1,1,0,1437,0,0.0,1,1437,0,none,0,none,0,0,0,no_alert_unknown,no_alert_not_final_benign,-1,dns,port
2025-07-19T23:02:56.933070+0700,103.195.142.83,87.98.154.118,53,39747,UDP,flow,failed,249324380030103,,1,1,0,1190,0,0.0,1,1190,0,none,0,none,0,0,0,no_alert_unknown,no_alert_not_final_benign,-1,dns,port
2025-07-19T23:02:56.933087+0700,103.195.142.74,118.98.44.100,8030,53,UDP,flow,dns,1974498631156929,,1,1,0,74,0,0.0,1,74,0,none,0,none,0,0,0,no_alert_unknown,no_alert_not_final_benign,-1,dns,app_proto+port
2025-07-19T23:02:56.933117+0700,103.195.142.165,87.98.154.133,53,49100,UDP,flow,failed,2090267941602497,,1,1,0,1437,0,0.0,1,1437,0,none,0,none,0,0,0,no_alert_unknown,no_alert_not_final_benign,-1,dns,port
2025-07-19T23:02:56.933153+0700,103.195.142.76,87.98.154.94,53,21309,UDP,flow,failed,1746781806003552,,1,3,0,4407,0,10.0,3,4407,0,none,0,none,0,0,0,no_alert_unknown,no_alert_not_final_benign,-1,dns,port
2025-07-19T23:02:56.933169+0700,103.195.142.3,13.105.80.77,53,52318,UDP,flow,failed,274786209891706,,1,1,0,182,0,0.0,1,182,0,none,0,none,0,0,0,no_alert_unknown,no_alert_not_final_benign,-1,dns,port
2025-07-19T23:02:56.933201+0700,103.195.142.74,118.98.44.50,52228,53,UDP,flow,dns,1889730749924944,,1,1,0,178,0,0.0,1,178,0,none,0,none,0,0,0,no_alert_unknown,no_alert_not_final_benign,-1,dns,app_proto+port
2025-07-19T23:02:56.933217+0700,103.195.142.74,202.134.0.155,54596,53,UDP,flow,dns,2058530795489053,,1,1,0,120,0,0.0,1,120,0,none,0,none,0,0,0,no_alert_unknown,no_alert_not_final_benign,-1,dns,app_proto+port
2025-07-19T23:02:56.933272+0700,103.195.142.165,87.98.154.133,53,22821,UDP,flow,failed,1857931632707471,,1,1,0,1437,0,0.0,1,1437,0,none,0,none,0,0,0,no_alert_unknown,no_alert_not_final_benign,-1,dns,port
2025-07-19T23:02:56.933319+0700,103.195.142.74,118.98.44.20,21389,53,UDP,flow,dns,1995881968437455,,1,1,0,243,0,0.0,1,243,0,none,0,none,0,0,0,no_alert_unknown,no_alert_not_final_benign,-1,dns,app_proto+port
2025-07-19T23:02:56.933336+0700,103.195.142.83,87.98.154.119,53,37163,UDP,flow,failed,1935251647564060,,1,1,0,1190,0,0.0,1,1190,0,none,0,none,0,0,0,no_alert_unknown,no_alert_not_final_benign,-1,dns,port
2025-07-19T23:02:56.933353+0700,103.195.142.196,87.98.154.119,53,43231,UDP,flow,failed,259591396591983,,1,1,0,1437,0,0.0,1,1437,0,none,0,none,0,0,0,no_alert_unknown,no_alert_not_final_benign,-1,dns,port
2025-07-19T23:02:56.933427+0700,103.195.142.83,87.98.154.202,53,32312,UDP,flow,failed,1778813103639197,,1,1,0,1190,0,0.0,1,1190,0,none,0,none,0,0,0,no_alert_unknown,no_alert_not_final_benign,-1,dns,port
2025-07-19T23:02:56.933443+0700,103.195.142.196,87.98.154.205,53,15758,UDP,flow,failed,2019680145836854,,1,1,0,1437,0,0.0,1,1437,0,none,0,none,0,0,0,no_alert_unknown,no_alert_not_final_benign,-1,dns,port
2025-07-19T23:02:56.933525+0700,103.195.142.109,87.98.154.119,53,27371,UDP,flow,failed,1870017333890010,,1,1,0,1437,0,0.0,1,1437,0,none,0,none,0,0,0,no_alert_unknown,no_alert_not_final_benign,-1,dns,port
2025-07-19T23:02:56.933542+0700,103.195.142.74,202.134.0.155,50635,53,UDP,flow,dns,120138836806638,,1,1,0,223,0,0.0,1,223,0,none,0,none,0,0,0,no_alert_unknown,no_alert_not_final_benign,-1,dns,app_proto+port
2025-07-19T23:02:56.933559+0700,103.195.142.2,13.105.164.214,53,42670,UDP,flow,failed,87073143196711,,1,1,0,182,0,0.0,1,182,0,none,0,none,0,0,0,no_alert_unknown,no_alert_not_final_benign,-1,dns,port
2025-07-19T23:02:56.933574+0700,103.195.142.165,87.98.154.69,53,4010,UDP,flow,failed,1759246118882352,,1,1,0,1437,0,0.0,1,1437,0,none,0,none,0,0,0,no_alert_unknown,no_alert_not_final_benign,-1,dns,port
2025-07-19T23:02:56.933597+0700,103.195.142.74,118.98.44.20,3072,53,UDP,flow,dns,99019271048245,,1,1,0,223,0,0.0,1,223,0,none,0,none,0,0,0,no_alert_unknown,no_alert_not_final_benign,-1,dns,app_proto+port
2025-07-19T23:02:56.933698+0700,103.195.142.2,173.194.169.18,53,64790,UDP,flow,failed,1837885836561563,,1,1,0,159,0,0.0,1,159,0,none,0,none,0,0,0,no_alert_unknown,no_alert_not_final_benign,-1,dns,port
2025-07-19T23:02:56.933734+0700,103.195.142.3,13.105.68.210,53,8821,UDP,flow,failed,15178422488274,,1,1,0,182,0,0.0,1,182,0,none,0,none,0,0,0,no_alert_unknown,no_alert_not_final_benign,-1,dns,port
2025-07-19T23:02:56.933764+0700,103.195.142.74,118.98.44.50,18245,53,UDP,flow,dns,1848209301507296,,1,1,0,241,0,0.0,1,241,0,none,0,none,0,0,0,no_alert_unknown,no_alert_not_final_benign,-1,dns,app_proto+port
2025-07-19T23:02:56.933800+0700,103.195.142.165,87.98.154.119,53,58184,UDP,flow,failed,279149435162056,,1,1,0,1437,0,0.0,1,1437,0,none,0,none,0,0,0,no_alert_unknown,no_alert_not_final_benign,-1,dns,port
2025-07-19T23:02:56.933829+0700,103.195.142.74,202.134.0.155,22997,53,UDP,flow,dns,190303512956418,,1,1,0,196,0,0.0,1,196,0,none,0,none,0,0,0,no_alert_unknown,no_alert_not_final_benign,-1,dns,app_proto+port
2025-07-19T23:02:56.933851+0700,103.195.142.195,87.98.154.119,53,49649,UDP,flow,failed,81420019633773,,1,1,0,1437,0,0.0,1,1437,0,none,0,none,0,0,0,no_alert_unknown,no_alert_not_final_benign,-1,dns,port
2025-07-19T23:02:56.933892+0700,103.195.142.74,202.134.0.155,5019,53,UDP,flow,dns,98972155842220,,1,1,0,88,0,0.0,1,88,0,none,0,none,0,0,0,no_alert_unknown,no_alert_not_final_benign,-1,dns,app_proto+port
2025-07-19T23:02:56.933915+0700,103.195.142.76,87.98.154.119,53,15570,UDP,flow,failed,1748247999745743,,1,1,0,1469,0,0.0,1,1469,0,none,0,none,0,0,0,no_alert_unknown,no_alert_not_final_benign,-1,dns,port
2025-07-19T23:02:56.933966+0700,103.195.142.3,13.105.68.210,53,56173,UDP,flow,failed,172979104583602,,1,1,0,182,0,0.0,1,182,0,none,0,none,0,0,0,no_alert_unknown,no_alert_not_final_benign,-1,dns,port
2025-07-19T23:02:56.934031+0700,103.195.142.46,87.98.154.119,53,48261,UDP,flow,failed,1762595195654107,,1,1,0,1437,0,0.0,1,1437,0,none,0,none,0,0,0,no_alert_unknown,no_alert_not_final_benign,-1,dns,port
2025-07-19T23:02:56.934069+0700,103.195.142.195,87.98.154.76,53,11945,UDP,flow,failed,140014862340105,,1,1,0,1437,0,0.0,1,1437,0,none,0,none,0,0,0,no_alert_unknown,no_alert_not_final_benign,-1,dns,port
2025-07-19T23:02:56.934133+0700,103.195.142.75,8.8.8.8,23267,53,UDP,flow,dns,1842483126472967,,1,1,0,77,0,0.0,1,77,0,none,0,none,0,0,0,no_alert_unknown,no_alert_not_final_benign,-1,dns,app_proto+port
2025-07-19T23:02:56.934190+0700,103.195.142.165,87.98.154.21,53,2951,UDP,flow,failed,1804760234004803,,1,1,0,1437,0,0.0,1,1437,0,none,0,none,0,0,0,no_alert_unknown,no_alert_not_final_benign,-1,dns,port
2025-07-19T23:02:56.934256+0700,103.195.142.76,87.98.154.119,53,1542,UDP,flow,failed,192186156913127,,1,1,0,1469,0,0.0,1,1469,0,none,0,none,0,0,0,no_alert_unknown,no_alert_not_final_benign,-1,dns,port
2025-07-19T23:02:56.934318+0700,103.195.142.3,13.105.68.219,53,14608,UDP,flow,failed,163741185872462,,1,1,0,182,0,0.0,1,182,0,none,0,none,0,0,0,no_alert_unknown,no_alert_not_final_benign,-1,dns,port
2025-07-19T23:02:56.934338+0700,103.195.142.2,20.191.116.149,53,50318,UDP,flow,failed,50227694604914,,1,1,0,178,0,0.0,1,178,0,none,0,none,0,0,0,no_alert_unknown,no_alert_not_final_benign,-1,dns,port
2025-07-19T23:02:56.934356+0700,103.195.142.196,87.98.154.233,53,21734,UDP,flow,failed,1968577736741505,,1,1,0,1437,0,0.0,1,1437,0,none,0,none,0,0,0,no_alert_unknown,no_alert_not_final_benign,-1,dns,port
2025-07-19T23:02:56.934375+0700,103.195.142.3,93.158.164.230,53,43094,UDP,flow,failed,61644336861990,,1,1,0,135,0,0.0,1,135,0,none,0,none,0,0,0,no_alert_unknown,no_alert_not_final_benign,-1,dns,port
2025-07-19T23:02:56.934391+0700,103.195.142.196,87.98.154.13,53,48840,UDP,flow,failed,2103065373774631,,1,1,0,1437,0,0.0,1,1437,0,none,0,none,0,0,0,no_alert_unknown,no_alert_not_final_benign,-1,dns,port
2025-07-19T23:02:56.934427+0700,103.195.142.74,118.98.44.50,22170,53,UDP,flow,dns,111181434262364,,1,1,0,241,0,0.0,1,241,0,none,0,none,0,0,0,no_alert_unknown,no_alert_not_final_benign,-1,dns,app_proto+port
2025-07-19T23:02:56.934444+0700,103.195.142.74,118.98.44.20,10108,53,UDP,flow,dns,1802033217999709,,1,1,0,81,0,0.0,1,81,0,none,0,none,0,0,0,no_alert_unknown,no_alert_not_final_benign,-1,dns,app_proto+port
2025-07-19T23:02:56.934467+0700,103.195.142.83,87.98.154.78,53,59728,UDP,flow,failed,126013216134048,,1,1,0,1190,0,0.0,1,1190,0,none,0,none,0,0,0,no_alert_unknown,no_alert_not_final_benign,-1,dns,port
2025-07-19T23:02:56.934484+0700,103.195.142.3,13.105.164.213,53,36252,UDP,flow,failed,8308087919564,,1,1,0,182,0,0.0,1,182,0,none,0,none,0,0,0,no_alert_unknown,no_alert_not_final_benign,-1,dns,port
2025-07-19T23:02:56.934517+0700,103.195.142.76,87.98.154.119,53,20272,UDP,flow,failed,2077758960702670,,1,1,0,1469,0,0.0,1,1469,0,none,0,none,0,0,0,no_alert_unknown,no_alert_not_final_benign,-1,dns,port
2025-07-19T23:02:56.934629+0700,103.195.142.3,93.158.164.230,53,4396,UDP,flow,failed,29069846582659,,1,1,0,127,0,0.0,1,127,0,none,0,none,0,0,0,no_alert_unknown,no_alert_not_final_benign,-1,dns,port
2025-07-19T23:02:56.934647+0700,103.195.142.2,13.105.164.205,53,25458,UDP,flow,failed,5555556324817,,1,1,0,182,0,0.0,1,182,0,none,0,none,0,0,0,no_alert_unknown,no_alert_not_final_benign,-1,dns,port
2025-07-19T23:02:56.934685+0700,103.195.142.165,87.98.154.118,53,35620,UDP,flow,failed,2033483744810604,,1,1,0,1437,0,0.0,1,1437,0,none,0,none,0,0,0,no_alert_unknown,no_alert_not_final_benign,-1,dns,port
2025-07-19T23:02:56.934713+0700,103.195.142.74,118.98.44.20,40396,53,UDP,flow,dns,2180152188540547,,1,1,0,232,0,0.0,1,232,0,none,0,none,0,0,0,no_alert_unknown,no_alert_not_final_benign,-1,dns,app_proto+port
2025-07-19T23:02:56.934746+0700,103.195.142.83,87.98.154.119,53,10977,UDP,flow,failed,1747782979425962,,1,1,0,1190,0,0.0,1,1190,0,none,0,none,0,0,0,no_alert_unknown,no_alert_not_final_benign,-1,dns,port
2025-07-19T23:02:56.934776+0700,103.195.142.109,87.98.154.118,53,58062,UDP,flow,failed,2104771511654133,,1,1,0,1437,0,0.0,1,1437,0,none,0,none,0,0,0,no_alert_unknown,no_alert_not_final_benign,-1,dns,port
2025-07-19T23:02:56.934833+0700,103.195.142.74,118.98.44.50,60265,53,UDP,flow,dns,2215715578451761,,1,1,0,77,0,0.0,1,77,0,none,0,none,0,0,0,no_alert_unknown,no_alert_not_final_benign,-1,dns,app_proto+port
2025-07-19T23:02:56.934863+0700,103.195.142.83,87.98.154.119,53,14517,UDP,flow,failed,2226483425581026,,1,1,0,1190,0,0.0,1,1190,0,none,0,none,0,0,0,no_alert_unknown,no_alert_not_final_benign,-1,dns,port
2025-07-19T23:02:56.934907+0700,103.195.142.195,87.98.154.132,53,40397,UDP,flow,failed,2214703186319414,,1,1,0,1437,0,0.0,1,1437,0,none,0,none,0,0,0,no_alert_unknown,no_alert_not_final_benign,-1,dns,port
2025-07-19T23:02:56.934942+0700,103.195.142.76,87.98.154.234,53,55151,UDP,flow,failed,2247972871215280,,1,1,0,1469,0,0.0,1,1469,0,none,0,none,0,0,0,no_alert_unknown,no_alert_not_final_benign,-1,dns,port
2025-07-19T23:02:56.934994+0700,103.195.142.196,87.98.154.119,53,52631,UDP,flow,failed,276068159002865,,1,1,0,1437,0,0.0,1,1437,0,none,0,none,0,0,0,no_alert_unknown,no_alert_not_final_benign,-1,dns,port
2025-07-19T23:02:56.935040+0700,103.195.142.3,13.105.68.203,53,29591,UDP,flow,failed,280378931747130,,1,1,0,182,0,0.0,1,182,0,none,0,none,0,0,0,no_alert_unknown,no_alert_not_final_benign,-1,dns,port
2025-07-19T23:02:56.935056+0700,103.195.142.76,87.98.154.119,53,30015,UDP,flow,failed,222065138538873,,1,1,0,1469,0,0.0,1,1469,0,none,0,none,0,0,0,no_alert_unknown,no_alert_not_final_benign,-1,dns,port
2025-07-19T23:02:56.935235+0700,103.195.142.74,118.98.44.50,2598,53,UDP,flow,dns,1772699747228229,,1,1,0,88,0,0.0,1,88,0,none,0,none,0,0,0,no_alert_unknown,no_alert_not_final_benign,-1,dns,app_proto+port
2025-07-19T23:02:56.935283+0700,103.195.142.74,202.134.0.155,58372,53,UDP,flow,dns,95746596805222,,1,1,0,87,0,0.0,1,87,0,none,0,none,0,0,0,no_alert_unknown,no_alert_not_final_benign,-1,dns,app_proto+port
2025-07-19T23:02:56.935332+0700,103.195.142.74,118.98.44.50,48539,53,UDP,flow,dns,96841295076031,,1,1,0,104,0,0.0,1,104,0,none,0,none,0,0,0,no_alert_unknown,no_alert_not_final_benign,-1,dns,app_proto+port
2025-07-19T23:02:56.935376+0700,103.195.142.2,13.105.68.210,53,35061,UDP,flow,failed,2225130503215826,,1,1,0,178,0,0.0,1,178,0,none,0,none,0,0,0,no_alert_unknown,no_alert_not_final_benign,-1,dns,port
2025-07-19T23:02:56.935476+0700,103.195.142.3,52.183.8.175,53,49229,UDP,flow,failed,26492584926085,,1,1,0,167,0,0.0,1,167,0,none,0,none,0,0,0,no_alert_unknown,no_alert_not_final_benign,-1,dns,port
2025-07-19T23:02:56.935497+0700,103.195.142.74,202.134.0.155,35802,53,UDP,flow,dns,2000998069836799,,1,1,0,88,0,0.0,1,88,0,none,0,none,0,0,0,no_alert_unknown,no_alert_not_final_benign,-1,dns,app_proto+port
2025-07-19T23:02:56.935531+0700,103.195.142.165,87.98.154.105,53,39262,UDP,flow,failed,2001093825207321,,1,1,0,1437,0,0.0,1,1437,0,none,0,none,0,0,0,no_alert_unknown,no_alert_not_final_benign,-1,dns,port
2025-07-19T23:02:56.935569+0700,103.195.142.83,87.98.154.54,53,30963,UDP,flow,failed,210649625205821,,1,1,0,1190,0,0.0,1,1190,0,none,0,none,0,0,0,no_alert_unknown,no_alert_not_final_benign,-1,dns,port
2025-07-19T23:02:56.935589+0700,103.195.142.74,118.98.44.100,45302,53,UDP,flow,dns,259433966214337,,1,1,0,141,0,0.0,1,141,0,none,0,none,0,0,0,no_alert_unknown,no_alert_not_final_benign,-1,dns,app_proto+port
2025-07-19T23:02:56.935608+0700,103.195.142.2,13.105.164.205,53,38477,UDP,flow,failed,193250875743494,,1,1,0,178,0,0.0,1,178,0,none,0,none,0,0,0,no_alert_unknown,no_alert_not_final_benign,-1,dns,port
2025-07-19T23:02:56.935691+0700,103.195.142.195,87.98.154.160,53,28581,UDP,flow,failed,87695717768974,,1,1,0,1437,0,0.0,1,1437,0,none,0,none,0,0,0,no_alert_unknown,no_alert_not_final_benign,-1,dns,port
2025-07-19T23:02:56.935724+0700,103.195.142.196,87.98.154.129,53,58244,UDP,flow,failed,75220385013575,,1,1,0,1437,0,0.0,1,1437,0,none,0,none,0,0,0,no_alert_unknown,no_alert_not_final_benign,-1,dns,port
2025-07-19T23:02:56.935752+0700,103.195.142.74,118.98.44.50,39420,53,UDP,flow,dns,2199326763851644,,1,1,0,85,0,0.0,1,85,0,none,0,none,0,0,0,no_alert_unknown,no_alert_not_final_benign,-1,dns,app_proto+port
2025-07-19T23:02:56.935780+0700,103.195.142.195,87.98.154.40,53,64484,UDP,flow,failed,1989318830202788,,1,1,0,1437,0,0.0,1,1437,0,none,0,none,0,0,0,no_alert_unknown,no_alert_not_final_benign,-1,dns,port
2025-07-19T23:02:56.935800+0700,103.195.142.83,87.98.154.119,53,8077,UDP,flow,failed,7120236388395,,1,1,0,1190,0,0.0,1,1190,0,none,0,none,0,0,0,no_alert_unknown,no_alert_not_final_benign,-1,dns,port
2025-07-19T23:02:56.935822+0700,103.195.142.76,87.98.154.119,53,27927,UDP,flow,failed,230280517984329,,1,1,0,1469,0,0.0,1,1469,0,none,0,none,0,0,0,no_alert_unknown,no_alert_not_final_benign,-1,dns,port
2025-07-19T23:02:56.935896+0700,103.195.142.74,118.98.44.20,42856,53,UDP,flow,dns,2093966818615435,,1,1,0,178,0,0.0,1,178,0,none,0,none,0,0,0,no_alert_unknown,no_alert_not_final_benign,-1,dns,app_proto+port
2025-07-19T23:02:56.935913+0700,103.195.142.109,87.98.154.119,53,29468,UDP,flow,failed,101985023762801,,1,1,0,1437,0,0.0,1,1437,0,none,0,none,0,0,0,no_alert_unknown,no_alert_not_final_benign,-1,dns,port
2025-07-19T23:02:56.936023+0700,103.195.142.2,93.158.164.230,53,41613,UDP,flow,failed,263024818659914,,1,1,0,154,0,0.0,1,154,0,none,0,none,0,0,0,no_alert_unknown,no_alert_not_final_benign,-1,dns,port
2025-07-19T23:02:56.936069+0700,103.195.142.195,87.98.154.248,53,18330,UDP,flow,failed,2204626376663675,,1,1,0,1437,0,0.0,1,1437,0,none,0,none,0,0,0,no_alert_unknown,no_alert_not_final_benign,-1,dns,port
2025-07-19T23:02:56.936094+0700,103.195.142.74,118.98.44.50,12975,53,UDP,flow,dns,18484047651966,,1,1,0,178,0,0.0,1,178,0,none,0,none,0,0,0,no_alert_unknown,no_alert_not_final_benign,-1,dns,app_proto+port
2025-07-19T23:02:56.936143+0700,103.195.142.83,87.98.154.34,53,37212,UDP,flow,failed,1891634206418295,,1,3,0,3570,0,10.0,3,3570,0,none,0,none,0,0,0,no_alert_unknown,no_alert_not_final_benign,-1,dns,port
2025-07-19T23:02:56.936224+0700,103.195.142.3,13.105.80.76,53,41336,UDP,flow,failed,279410182268529,,1,1,0,182,0,0.0,1,182,0,none,0,none,0,0,0,no_alert_unknown,no_alert_not_final_benign,-1,dns,port
2025-07-19T23:02:56.936246+0700,103.195.142.165,87.98.154.193,53,56498,UDP,flow,failed,137814643058464,,1,1,0,1437,0,0.0,1,1437,0,none,0,none,0,0,0,no_alert_unknown,no_alert_not_final_benign,-1,dns,port
2025-07-19T23:02:56.936261+0700,103.195.142.74,118.98.44.20,57969,53,UDP,flow,dns,230373365458867,,1,1,0,68,0,0.0,1,68,0,none,0,none,0,0,0,no_alert_unknown,no_alert_not_final_benign,-1,dns,app_proto+port
2025-07-19T23:02:56.936305+0700,103.195.142.2,93.158.164.221,53,34655,UDP,flow,failed,1990762271811585,,1,1,0,181,0,0.0,1,181,0,none,0,none,0,0,0,no_alert_unknown,no_alert_not_final_benign,-1,dns,port
2025-07-19T23:02:56.936321+0700,103.195.142.2,13.105.68.212,53,32930,UDP,flow,failed,230029884860432,,1,1,0,178,0,0.0,1,178,0,none,0,none,0,0,0,no_alert_unknown,no_alert_not_final_benign,-1,dns,port
2025-07-19T23:02:56.936372+0700,103.195.142.75,8.8.8.8,28916,53,UDP,flow,dns,2041205712693270,,1,1,0,243,0,0.0,1,243,0,none,0,none,0,0,0,no_alert_unknown,no_alert_not_final_benign,-1,dns,app_proto+port
2025-07-19T23:02:56.936398+0700,103.195.142.46,87.98.154.119,53,51390,UDP,flow,failed,125856244115492,,1,1,0,1437,0,0.0,1,1437,0,none,0,none,0,0,0,no_alert_unknown,no_alert_not_final_benign,-1,dns,port
2025-07-19T23:02:56.936430+0700,103.195.142.2,178.128.112.205,53,22955,UDP,flow,failed,61147209410618,,1,1,0,154,0,0.0,1,154,0,none,0,none,0,0,0,no_alert_unknown,no_alert_not_final_benign,-1,dns,port
2025-07-19T23:02:56.936487+0700,103.195.142.196,87.98.154.119,53,8145,UDP,flow,failed,178908808882237,,1,1,0,1437,0,0.0,1,1437,0,none,0,none,0,0,0,no_alert_unknown,no_alert_not_final_benign,-1,dns,port
2025-07-19T23:02:56.936531+0700,103.195.142.165,87.98.154.21,53,4289,UDP,flow,failed,1923114625476720,,1,3,0,4311,0,9.0,3,4311,0,none,0,none,0,0,0,no_alert_unknown,no_alert_not_final_benign,-1,dns,port
2025-07-19T23:02:56.936551+0700,103.195.142.165,87.98.154.189,53,4616,UDP,flow,failed,2042564728137845,,1,1,0,1437,0,0.0,1,1437,0,none,0,none,0,0,0,no_alert_unknown,no_alert_not_final_benign,-1,dns,port
2025-07-19T23:02:56.936566+0700,103.195.142.75,8.8.8.8,64302,53,UDP,flow,dns,2111526978726056,,1,1,0,68,0,0.0,1,68,0,none,0,none,0,0,0,no_alert_unknown,no_alert_not_final_benign,-1,dns,app_proto+port
2025-07-19T23:02:56.936609+0700,103.195.142.3,13.105.80.82,53,43784,UDP,flow,failed,279775357839812,,1,1,0,182,0,0.0,1,182,0,none,0,none,0,0,0,no_alert_unknown,no_alert_not_final_benign,-1,dns,port
2025-07-19T23:02:56.936671+0700,103.195.142.74,202.134.0.155,49531,53,UDP,flow,dns,2028653608839681,,1,1,0,87,0,0.0,1,87,0,none,0,none,0,0,0,no_alert_unknown,no_alert_not_final_benign,-1,dns,app_proto+port
2025-07-19T23:02:56.936692+0700,103.195.142.46,87.98.154.118,53,24658,UDP,flow,failed,1376485714645,,1,1,0,1437,0,0.0,1,1437,0,none,0,none,0,0,0,no_alert_unknown,no_alert_not_final_benign,-1,dns,port
2025-07-19T23:02:56.936734+0700,103.195.142.109,87.98.154.117,53,20972,UDP,flow,failed,258961955498750,,1,1,0,1437,0,0.0,1,1437,0,none,0,none,0,0,0,no_alert_unknown,no_alert_not_final_benign,-1,dns,port
2025-07-19T23:02:56.936818+0700,103.195.142.83,87.98.154.82,53,7987,UDP,flow,failed,2149917703351305,,1,1,0,1190,0,0.0,1,1190,0,none,0,none,0,0,0,no_alert_unknown,no_alert_not_final_benign,-1,dns,port
2025-07-19T23:02:56.936835+0700,103.195.142.2,13.66.202.73,53,54563,UDP,flow,failed,95662677044242,,1,1,0,171,0,0.0,1,171,0,none,0,none,0,0,0,no_alert_unknown,no_alert_not_final_benign,-1,dns,port
2025-07-19T23:02:56.936869+0700,103.195.142.46,87.98.154.35,53,53833,UDP,flow,failed,2175366218656964,,1,3,0,4311,0,9.0,3,4311,0,none,0,none,0,0,0,no_alert_unknown,no_alert_not_final_benign,-1,dns,port
2025-07-19T23:02:56.936889+0700,103.195.142.74,118.98.44.100,21047,53,UDP,flow,dns,258371934039243,,1,1,0,74,0,0.0,1,74,0,none,0,none,0,0,0,no_alert_unknown,no_alert_not_final_benign,-1,dns,app_proto+port
2025-07-19T23:02:56.936917+0700,103.195.142.83,87.98.154.119,53,25144,UDP,flow,failed,2219924541418734,,1,1,0,1190,0,0.0,1,1190,0,none,0,none,0,0,0,no_alert_unknown,no_alert_not_final_benign,-1,dns,port
2025-07-19T23:02:56.936938+0700,103.195.142.2,172.70.116.71,53,48127,UDP,flow,failed,70764898627044,,1,1,0,131,0,0.0,1,131,0,none,0,none,0,0,0,no_alert_unknown,no_alert_not_final_benign,-1,dns,port
2025-07-19T23:02:56.936988+0700,103.195.142.2,13.105.68.210,53,30124,UDP,flow,failed,194466566123072,,1,1,0,182,0,0.0,1,182,0,none,0,none,0,0,0,no_alert_unknown,no_alert_not_final_benign,-1,dns,port
2025-07-19T23:02:56.937008+0700,103.195.142.76,87.98.154.234,53,61464,UDP,flow,failed,2197972264889924,,1,1,0,1469,0,0.0,1,1469,0,none,0,none,0,0,0,no_alert_unknown,no_alert_not_final_benign,-1,dns,port
2025-07-19T23:02:56.937040+0700,103.195.142.109,87.98.154.119,53,41907,UDP,flow,failed,120560399625869,,1,1,0,1437,0,0.0,1,1437,0,none,0,none,0,0,0,no_alert_unknown,no_alert_not_final_benign,-1,dns,port
2025-07-19T23:02:56.937070+0700,103.195.142.74,118.98.44.100,38218,53,UDP,flow,dns,198473814978391,,1,1,0,211,0,0.0,1,211,0,none,0,none,0,0,0,no_alert_unknown,no_alert_not_final_benign,-1,dns,app_proto+port
2025-07-19T23:02:56.937089+0700,103.195.142.74,118.98.44.100,60442,53,UDP,flow,dns,192517789593516,,1,1,0,79,0,0.0,1,79,0,none,0,none,0,0,0,no_alert_unknown,no_alert_not_final_benign,-1,dns,app_proto+port
2025-07-19T23:02:56.937115+0700,103.195.142.76,87.98.154.206,53,10889,UDP,flow,failed,56075792166993,,1,1,0,1469,0,0.0,1,1469,0,none,0,none,0,0,0,no_alert_unknown,no_alert_not_final_benign,-1,dns,port
2025-07-19T23:02:56.937156+0700,103.195.142.2,13.105.164.209,53,8693,UDP,flow,failed,46281050173594,,1,1,0,127,0,0.0,1,127,0,none,0,none,0,0,0,no_alert_unknown,no_alert_not_final_benign,-1,dns,port
2025-07-19T23:02:56.952609+0700,103.195.142.74,118.98.44.100,31559,53,UDP,dns,,150778303820150,wire/pcap,0,0,0,0,0,0.0,0,0,0,none,0,none,0,0,0,no_alert_unknown,no_alert_not_final_benign,-1,dns,port
2025-07-19T23:02:56.978422+0700,103.195.142.75,8.8.8.8,48571,53,UDP,dns,,261645011705067,wire/pcap,0,0,0,0,0,0.0,0,0,0,none,0,none,0,0,0,no_alert_unknown,no_alert_not_final_benign,-1,dns,port
2025-07-19T23:02:56.978496+0700,103.195.142.74,118.98.44.20,53660,53,UDP,dns,,261961964181486,wire/pcap,0,0,0,0,0,0.0,0,0,0,none,0,none,0,0,0,no_alert_unknown,no_alert_not_final_benign,-1,dns,port
2025-07-19T23:02:56.980415+0700,103.195.142.74,118.98.44.100,14848,53,UDP,dns,,270204301624750,wire/pcap,0,0,0,0,0,0.0,0,0,0,none,0,none,0,0,0,no_alert_unknown,no_alert_not_final_benign,-1,dns,port
2025-07-19T23:02:56.980555+0700,103.195.142.75,50.28.32.155,63175,53,UDP,dns,,270804597520796,wire/pcap,0,0,0,0,0,0.0,0,0,0,none,0,none,0,0,0,no_alert_unknown,no_alert_not_final_benign,-1,dns,port
2025-07-19T23:02:56.980939+0700,103.195.142.74,118.98.44.100,38031,53,UDP,dns,,272454018460645,wire/pcap,0,0,0,0,0,0.0,0,0,0,none,0,none,0,0,0,no_alert_unknown,no_alert_not_final_benign,-1,dns,port
2025-07-19T23:02:56.987191+0700,103.195.142.74,202.134.0.155,14632,53,UDP,dns,,17830259648237,wire/pcap,0,0,0,0,0,0.0,0,0,0,none,0,none,0,0,0,no_alert_unknown,no_alert_not_final_benign,-1,dns,port
2025-07-19T23:02:57.027623+0700,103.195.142.74,202.134.0.155,18449,53,UDP,dns,,400118934257201,wire/pcap,0,0,0,0,0,0.0,0,0,0,none,0,none,0,0,0,no_alert_unknown,no_alert_not_final_benign,-1,dns,port
2025-07-19T23:02:57.027638+0700,103.195.142.74,118.98.44.100,48124,53,UDP,dns,,400183554247165,wire/pcap,0,0,0,0,0,0.0,0,0,0,none,0,none,0,0,0,no_alert_unknown,no_alert_not_final_benign,-1,dns,port
2025-07-19T23:02:57.027771+0700,103.195.142.74,118.98.44.20,41955,53,UDP,dns,,400753879175590,wire/pcap,0,0,0,0,0,0.0,0,0,0,none,0,none,0,0,0,no_alert_unknown,no_alert_not_final_benign,-1,dns,port
2025-07-19T23:02:57.030582+0700,103.195.142.75,50.116.34.34,27726,53,UDP,dns,,412827653488383,wire/pcap,0,0,0,0,0,0.0,0,0,0,none,0,none,0,0,0,no_alert_unknown,no_alert_not_final_benign,-1,dns,port
2025-07-19T23:02:57.060586+0700,103.195.142.75,8.8.8.8,2302,53,UDP,dns,,541693441379817,wire/pcap,0,0,0,0,0,0.0,0,0,0,none,0,none,0,0,0,no_alert_unknown,no_alert_not_final_benign,-1,dns,port
2025-07-19T23:02:57.109757+0700,103.195.142.75,8.8.8.8,35292,53,UDP,dns,,471405994178567,wire/pcap,0,0,0,0,0,0.0,0,0,0,none,0,none,0,0,0,no_alert_unknown,no_alert_not_final_benign,-1,dns,port
2025-07-19T23:02:57.136129+0700,103.195.142.74,118.98.44.20,29489,53,UDP,flow,dns,646155062560401,,1,1,0,93,0,0.0,1,93,0,none,0,none,0,0,0,no_alert_unknown,no_alert_not_final_benign,-1,dns,app_proto+port
2025-07-19T23:02:57.197867+0700,103.195.142.74,118.98.44.20,33563,53,UDP,dns,,286886502978814,wire/pcap,0,0,0,0,0,0.0,0,0,0,none,0,none,0,0,0,no_alert_unknown,no_alert_not_final_benign,-1,dns,port
2025-07-19T23:02:57.252765+0700,103.195.142.74,202.134.0.155,48066,53,UDP,dns,,522669002835412,wire/pcap,0,0,0,0,0,0.0,0,0,0,none,0,none,0,0,0,no_alert_unknown,no_alert_not_final_benign,-1,dns,port
2025-07-19T23:02:57.269372+0700,103.195.142.74,118.98.44.20,15755,53,UDP,dns,,312522271454908,wire/pcap,0,0,0,0,0,0.0,0,0,0,none,0,none,0,0,0,no_alert_unknown,no_alert_not_final_benign,-1,dns,port
2025-07-19T23:02:57.287562+0700,103.195.142.75,8.8.8.8,42768,53,UDP,dns,,390645921181632,wire/pcap,0,0,0,0,0,0.0,0,0,0,none,0,none,0,0,0,no_alert_unknown,no_alert_not_final_benign,-1,dns,port
2025-07-19T23:02:57.292354+0700,103.195.142.74,202.134.0.155,49164,53,UDP,dns,,411227421044159,wire/pcap,0,0,0,0,0,0.0,0,0,0,none,0,none,0,0,0,no_alert_unknown,no_alert_not_final_benign,-1,dns,port
2025-07-19T23:02:57.304910+0700,103.195.142.74,118.98.44.50,36700,53,UDP,dns,,465153961579741,wire/pcap,0,0,0,0,0,0.0,0,0,0,none,0,none,0,0,0,no_alert_unknown,no_alert_not_final_benign,-1,dns,port
2025-07-19T23:02:57.307976+0700,103.195.142.74,202.134.0.155,59243,53,UDP,dns,,478325667869908,wire/pcap,0,0,0,0,0,0.0,0,0,0,none,0,none,0,0,0,no_alert_unknown,no_alert_not_final_benign,-1,dns,port
2025-07-19T23:02:57.326776+0700,103.195.142.74,118.98.44.50,9347,53,UDP,dns,,559070562083962,wire/pcap,0,0,0,0,0,0.0,0,0,0,none,0,none,0,0,0,no_alert_unknown,no_alert_not_final_benign,-1,dns,port
2025-07-19T23:02:57.330997+0700,103.195.142.74,118.98.44.20,23560,53,UDP,dns,,295723610152609,wire/pcap,0,0,0,0,0,0.0,0,0,0,none,0,none,0,0,0,no_alert_unknown,no_alert_not_final_benign,-1,dns,port
2025-07-19T23:02:57.360975+0700,103.195.142.74,202.134.0.155,4076,53,UDP,dns,,424478039088570,wire/pcap,0,0,0,0,0,0.0,0,0,0,none,0,none,0,0,0,no_alert_unknown,no_alert_not_final_benign,-1,dns,port
2025-07-19T23:02:57.364370+0700,103.195.142.74,118.98.44.100,36086,53,UDP,dns,,439059091264230,wire/pcap,0,0,0,0,0,0.0,0,0,0,none,0,none,0,0,0,no_alert_unknown,no_alert_not_final_benign,-1,dns,port
2025-07-19T23:02:57.368244+0700,103.195.142.74,118.98.44.100,31496,53,UDP,dns,,455700238887949,wire/pcap,0,0,0,0,0,0.0,0,0,0,none,0,none,0,0,0,no_alert_unknown,no_alert_not_final_benign,-1,dns,port
2025-07-19T23:02:57.368371+0700,103.195.142.74,118.98.44.50,10883,53,UDP,dns,,456242521111001,wire/pcap,0,0,0,0,0,0.0,0,0,0,none,0,none,0,0,0,no_alert_unknown,no_alert_not_final_benign,-1,dns,port
2025-07-19T23:02:57.368432+0700,103.195.142.74,118.98.44.20,14407,53,UDP,dns,,456507660504607,wire/pcap,0,0,0,0,0,0.0,0,0,0,none,0,none,0,0,0,no_alert_unknown,no_alert_not_final_benign,-1,dns,port
2025-07-19T23:02:57.383658+0700,103.195.142.74,118.98.44.20,11301,53,UDP,dns,,521900268899950,wire/pcap,0,0,0,0,0,0.0,0,0,0,none,0,none,0,0,0,no_alert_unknown,no_alert_not_final_benign,-1,dns,port
2025-07-19T23:02:57.388391+0700,103.195.142.75,8.8.8.8,55524,53,UDP,dns,,542227569676227,wire/pcap,0,0,0,0,0,0.0,0,0,0,none,0,none,0,0,0,no_alert_unknown,no_alert_not_final_benign,-1,dns,port
2025-07-19T23:02:57.394193+0700,103.195.142.74,118.98.44.50,50839,53,UDP,dns,,285674591196047,wire/pcap,0,0,0,0,0,0.0,0,0,0,none,0,none,0,0,0,no_alert_unknown,no_alert_not_final_benign,-1,dns,port
2025-07-19T23:02:57.403747+0700,103.195.142.74,50.28.32.153,19221,53,UDP,flow,dns,84116461960879,,1,1,0,85,0,0.0,1,85,0,none,0,none,0,0,0,no_alert_unknown,no_alert_not_final_benign,-1,dns,app_proto+port
2025-07-19T23:02:57.413241+0700,103.195.142.74,118.98.44.20,29373,53,UDP,dns,,367483564086239,wire/pcap,0,0,0,0,0,0.0,0,0,0,none,0,none,0,0,0,no_alert_unknown,no_alert_not_final_benign,-1,dns,port
2025-07-19T23:02:57.450375+0700,103.195.142.109,87.98.154.119,53,26086,UDP,flow,failed,632472695960438,,1,1,0,1437,0,0.0,1,1437,0,none,0,none,0,0,0,no_alert_unknown,no_alert_not_final_benign,-1,dns,port
2025-07-19T23:02:57.452617+0700,103.195.142.74,118.98.44.50,33448,53,UDP,dns,,536600498397553,wire/pcap,0,0,0,0,0,0.0,0,0,0,none,0,none,0,0,0,no_alert_unknown,no_alert_not_final_benign,-1,dns,port
2025-07-19T23:02:57.452684+0700,103.195.142.75,8.8.8.8,15317,53,UDP,dns,,536890273569286,wire/pcap,0,0,0,0,0,0.0,0,0,0,none,0,none,0,0,0,no_alert_unknown,no_alert_not_final_benign,-1,dns,port
2025-07-19T23:02:57.465236+0700,103.195.142.74,118.98.44.50,13551,53,UDP,dns,,309324265152162,wire/pcap,0,0,0,0,0,0.0,0,0,0,none,0,none,0,0,0,no_alert_unknown,no_alert_not_final_benign,-1,dns,port
2025-07-19T23:02:57.506274+0700,103.195.142.74,202.134.0.155,33238,53,UDP,dns,,485583635329851,wire/pcap,0,0,0,0,0,0.0,0,0,0,none,0,none,0,0,0,no_alert_unknown,no_alert_not_final_benign,-1,dns,port
2025-07-19T23:02:57.506345+0700,103.195.142.74,118.98.44.50,4336,53,UDP,dns,,485888238811830,wire/pcap,0,0,0,0,0,0.0,0,0,0,none,0,none,0,0,0,no_alert_unknown,no_alert_not_final_benign,-1,dns,port
2025-07-19T23:02:57.538117+0700,103.195.142.74,118.98.44.20,44064,53,UDP,dns,,340871482311497,wire/pcap,0,0,0,0,0,0.0,0,0,0,none,0,none,0,0,0,no_alert_unknown,no_alert_not_final_benign,-1,dns,port
2025-07-19T23:02:57.561097+0700,103.195.142.74,118.98.44.50,27360,53,UDP,dns,,439572243469674,wire/pcap,0,0,0,0,0,0.0,0,0,0,none,0,none,0,0,0,no_alert_unknown,no_alert_not_final_benign,-1,dns,port
2025-07-19T23:02:57.611409+0700,103.195.142.74,118.98.44.100,2816,53,UDP,dns,,374184938100213,wire/pcap,0,0,0,0,0,0.0,0,0,0,none,0,none,0,0,0,no_alert_unknown,no_alert_not_final_benign,-1,dns,port
2025-07-19T23:02:57.615512+0700,103.195.142.74,118.98.44.50,17963,53,UDP,dns,,391805306945120,wire/pcap,0,0,0,0,0,0.0,0,0,0,none,0,none,0,0,0,no_alert_unknown,no_alert_not_final_benign,-1,dns,port
2025-07-19T23:02:57.624807+0700,103.195.142.74,202.134.0.155,6743,53,UDP,dns,,431726641783820,wire/pcap,0,0,0,0,0,0.0,0,0,0,none,0,none,0,0,0,no_alert_unknown,no_alert_not_final_benign,-1,dns,port
2025-07-19T23:02:57.656355+0700,103.195.142.2,36.37.76.209,53,60689,UDP,flow,failed,824440605587117,,1,1,0,182,0,0.0,1,182,0,none,0,none,0,0,0,no_alert_unknown,no_alert_not_final_benign,-1,dns,port
2025-07-19T23:02:57.686087+0700,103.195.142.74,118.98.44.50,56901,53,UDP,dns,,413447496688304,wire/pcap,0,0,0,0,0,0.0,0,0,0,none,0,none,0,0,0,no_alert_unknown,no_alert_not_final_benign,-1,dns,port
2025-07-19T23:02:57.686153+0700,103.195.142.74,202.134.0.155,40960,53,UDP,dns,,413732130982063,wire/pcap,0,0,0,0,0,0.0,0,0,0,none,0,none,0,0,0,no_alert_unknown,no_alert_not_final_benign,-1,dns,port
2025-07-19T23:02:57.696160+0700,103.195.142.74,118.98.44.100,25552,53,UDP,dns,,456712209306099,wire/pcap,0,0,0,0,0,0.0,0,0,0,none,0,none,0,0,0,no_alert_unknown,no_alert_not_final_benign,-1,dns,port
2025-07-19T23:02:57.705596+0700,103.195.142.74,202.134.0.155,25940,53,UDP,dns,,497237769276665,wire/pcap,0,0,0,0,0,0.0,0,0,0,none,0,none,0,0,0,no_alert_unknown,no_alert_not_final_benign,-1,dns,port
2025-07-19T23:02:57.706250+0700,103.195.142.74,118.98.44.50,28252,53,UDP,dns,,500049126468844,wire/pcap,0,0,0,0,0,0.0,0,0,0,none,0,none,0,0,0,no_alert_unknown,no_alert_not_final_benign,-1,dns,port
2025-07-19T23:02:57.707176+0700,103.195.142.74,118.98.44.20,50231,53,UDP,dns,,504024879977802,wire/pcap,0,0,0,0,0,0.0,0,0,0,none,0,none,0,0,0,no_alert_unknown,no_alert_not_final_benign,-1,dns,port
2025-07-19T23:02:57.707406+0700,103.195.142.75,8.8.8.8,30962,53,UDP,dns,,505013558503174,wire/pcap,0,0,0,0,0,0.0,0,0,0,none,0,none,0,0,0,no_alert_unknown,no_alert_not_final_benign,-1,dns,port
2025-07-19T23:02:57.707718+0700,103.195.142.74,202.134.0.155,51697,53,UDP,dns,,506352604433816,wire/pcap,0,0,0,0,0,0.0,0,0,0,none,0,none,0,0,0,no_alert_unknown,no_alert_not_final_benign,-1,dns,port
2025-07-19T23:02:57.707802+0700,103.195.142.74,118.98.44.20,7928,53,UDP,dns,,506714073657639,wire/pcap,0,0,0,0,0,0.0,0,0,0,none,0,none,0,0,0,no_alert_unknown,no_alert_not_final_benign,-1,dns,port
2025-07-19T23:02:57.721331+0700,103.195.142.75,8.8.8.8,41489,53,UDP,dns,,283347223253783,wire/pcap,0,0,0,0,0,0.0,0,0,0,none,0,none,0,0,0,no_alert_unknown,no_alert_not_final_benign,-1,dns,port
2025-07-19T23:02:57.721405+0700,103.195.142.74,202.134.0.155,39681,53,UDP,dns,,283663357089709,wire/pcap,0,0,0,0,0,0.0,0,0,0,none,0,none,0,0,0,no_alert_unknown,no_alert_not_final_benign,-1,dns,port
2025-07-19T23:02:57.751238+0700,103.195.142.75,8.8.8.8,54578,53,UDP,dns,,411794666787710,wire/pcap,0,0,0,0,0,0.0,0,0,0,none,0,none,0,0,0,no_alert_unknown,no_alert_not_final_benign,-1,dns,port
2025-07-19T23:02:57.763268+0700,103.195.142.74,118.98.44.100,3004,53,UDP,dns,,463465340909450,wire/pcap,0,0,0,0,0,0.0,0,0,0,none,0,none,0,0,0,no_alert_unknown,no_alert_not_final_benign,-1,dns,port
2025-07-19T23:02:57.766823+0700,103.195.142.74,202.134.0.155,45127,53,UDP,dns,,478733224985509,wire/pcap,0,0,0,0,0,0.0,0,0,0,none,0,none,0,0,0,no_alert_unknown,no_alert_not_final_benign,-1,dns,port
2025-07-19T23:02:57.794118+0700,103.195.142.74,202.134.0.155,30861,53,UDP,dns,,314487158415025,wire/pcap,0,0,0,0,0,0.0,0,0,0,none,0,none,0,0,0,no_alert_unknown,no_alert_not_final_benign,-1,dns,port
2025-07-19T23:02:57.794447+0700,103.195.142.74,118.98.44.20,50929,53,UDP,dns,,315902493677423,wire/pcap,0,0,0,0,0,0.0,0,0,0,none,0,none,0,0,0,no_alert_unknown,no_alert_not_final_benign,-1,dns,port
2025-07-19T23:02:57.798148+0700,103.195.142.74,118.98.44.100,9198,53,UDP,dns,,331796396439439,wire/pcap,0,0,0,0,0,0.0,0,0,0,none,0,none,0,0,0,no_alert_unknown,no_alert_not_final_benign,-1,dns,port
2025-07-19T23:02:57.823070+0700,103.195.142.75,8.8.8.8,21755,53,UDP,dns,,438834177329484,wire/pcap,0,0,0,0,0,0.0,0,0,0,none,0,none,0,0,0,no_alert_unknown,no_alert_not_final_benign,-1,dns,port
2025-07-19T23:02:57.843656+0700,103.195.142.74,118.98.44.50,40904,53,UDP,dns,,527253264696071,wire/pcap,0,0,0,0,0,0.0,0,0,0,none,0,none,0,0,0,no_alert_unknown,no_alert_not_final_benign,-1,dns,port
2025-07-19T23:02:57.843736+0700,103.195.142.74,118.98.44.20,33663,53,UDP,dns,,527597508004484,wire/pcap,0,0,0,0,0,0.0,0,0,0,none,0,none,0,0,0,no_alert_unknown,no_alert_not_final_benign,-1,dns,port
2025-07-19T23:02:57.849774+0700,103.195.142.74,118.98.44.20,37131,53,UDP,dns,,553529856464923,wire/pcap,0,0,0,0,0,0.0,0,0,0,none,0,none,0,0,0,no_alert_unknown,no_alert_not_final_benign,-1,dns,port
2025-07-19T23:02:57.872832+0700,103.195.142.74,118.98.44.50,44522,53,UDP,dns,,371086635534052,wire/pcap,0,0,0,0,0,0.0,0,0,0,none,0,none,0,0,0,no_alert_unknown,no_alert_not_final_benign,-1,dns,port
2025-07-19T23:02:57.880783+0700,103.195.142.239,8.8.8.8,59931,53,UDP,dns,,1984056319393614,wire/pcap,0,0,0,0,0,0.0,0,0,0,none,0,none,0,0,0,no_alert_unknown,no_alert_not_final_benign,-1,dns,port
2025-07-19T23:02:57.881443+0700,103.195.142.74,118.98.44.50,53748,53,UDP,dns,,408073103139003,wire/pcap,0,0,0,0,0,0.0,0,0,0,none,0,none,0,0,0,no_alert_unknown,no_alert_not_final_benign,-1,dns,port
2025-07-19T23:02:57.881465+0700,103.195.142.74,118.98.44.50,11584,53,UDP,dns,,408163645810643,wire/pcap,0,0,0,0,0,0.0,0,0,0,none,0,none,0,0,0,no_alert_unknown,no_alert_not_final_benign,-1,dns,port
2025-07-19T23:02:57.892863+0700,103.195.142.74,118.98.44.100,42101,53,UDP,dns,,457119324798009,wire/pcap,0,0,0,0,0,0.0,0,0,0,none,0,none,0,0,0,no_alert_unknown,no_alert_not_final_benign,-1,dns,port
2025-07-19T23:02:57.909397+0700,103.195.142.74,202.134.0.155,65346,53,UDP,dns,,528133811089969,wire/pcap,0,0,0,0,0,0.0,0,0,0,none,0,none,0,0,0,no_alert_unknown,no_alert_not_final_benign,-1,dns,port
2025-07-19T23:02:57.911359+0700,103.195.142.74,118.98.44.20,53635,53,UDP,flow,dns,492371379368452,,1,1,0,243,0,0.0,1,243,0,none,0,none,0,0,0,no_alert_unknown,no_alert_not_final_benign,-1,dns,app_proto+port
2025-07-19T23:02:57.911409+0700,103.195.142.83,87.98.154.117,53,38445,UDP,flow,failed,516046117548673,,1,1,0,1190,0,0.0,1,1190,0,none,0,none,0,0,0,no_alert_unknown,no_alert_not_final_benign,-1,dns,port
2025-07-19T23:02:57.911455+0700,103.195.142.76,87.98.154.206,53,1586,UDP,flow,failed,264560750244535,,1,1,0,1469,0,0.0,1,1469,0,none,0,none,0,0,0,no_alert_unknown,no_alert_not_final_benign,-1,dns,port
2025-07-19T23:02:57.911480+0700,103.195.142.196,87.98.154.119,53,4780,UDP,flow,failed,2052528432165575,,1,1,0,1437,0,0.0,1,1437,0,none,0,none,0,0,0,no_alert_unknown,no_alert_not_final_benign,-1,dns,port
2025-07-19T23:02:57.911520+0700,103.195.142.74,202.134.0.155,12961,53,UDP,flow,dns,487842248340292,,1,1,0,243,0,0.0,1,243,0,none,0,none,0,0,0,no_alert_unknown,no_alert_not_final_benign,-1,dns,app_proto+port
2025-07-19T23:02:57.911542+0700,103.195.142.165,87.98.154.119,53,5875,UDP,flow,failed,402103838126924,,1,1,0,1437,0,0.0,1,1437,0,none,0,none,0,0,0,no_alert_unknown,no_alert_not_final_benign,-1,dns,port
2025-07-19T23:02:57.911562+0700,103.195.142.2,13.66.200.173,53,62306,UDP,flow,failed,120039544075336,,1,1,0,178,0,0.0,1,178,0,none,0,none,0,0,0,no_alert_unknown,no_alert_not_final_benign,-1,dns,port
2025-07-19T23:02:57.911594+0700,103.195.142.83,87.98.154.118,53,27341,UDP,flow,failed,2022686284395615,,1,1,0,1190,0,0.0,1,1190,0,none,0,none,0,0,0,no_alert_unknown,no_alert_not_final_benign,-1,dns,port
2025-07-19T23:02:57.911631+0700,103.195.142.2,13.105.68.219,53,45715,UDP,flow,failed,121078550705270,,1,1,0,182,0,0.0,1,182,0,none,0,none,0,0,0,no_alert_unknown,no_alert_not_final_benign,-1,dns,port
2025-07-19T23:02:57.911673+0700,103.195.142.74,118.98.44.50,2072,53,UDP,flow,dns,534670541075675,,1,1,0,220,0,0.0,1,220,0,none,0,none,0,0,0,no_alert_unknown,no_alert_not_final_benign,-1,dns,app_proto+port
2025-07-19T23:02:57.911696+0700,103.195.142.46,87.98.154.147,53,3451,UDP,flow,failed,93118338381126,,1,1,0,1437,0,0.0,1,1437,0,none,0,none,0,0,0,no_alert_unknown,no_alert_not_final_benign,-1,dns,port
2025-07-19T23:02:57.911723+0700,103.195.142.3,3.228.171.192,53,57022,UDP,flow,failed,320488866395598,,1,1,0,295,0,0.0,1,295,0,none,0,none,0,0,0,no_alert_unknown,no_alert_not_final_benign,-1,dns,port
2025-07-19T23:02:57.911761+0700,103.195.142.75,8.8.8.8,7921,53,UDP,flow,dns,96375563826688,,1,1,0,74,0,0.0,1,74,0,none,0,none,0,0,0,no_alert_unknown,no_alert_not_final_benign,-1,dns,app_proto+port
2025-07-19T23:02:57.911804+0700,103.195.142.2,13.105.164.209,53,6982,UDP,flow,failed,45266726762009,,1,1,0,135,0,0.0,1,135,0,none,0,none,0,0,0,no_alert_unknown,no_alert_not_final_benign,-1,dns,port
2025-07-19T23:02:57.911896+0700,103.195.142.109,87.98.154.119,53,49557,UDP,flow,failed,46783785350842,,1,1,0,1437,0,0.0,1,1437,0,none,0,none,0,0,0,no_alert_unknown,no_alert_not_final_benign,-1,dns,port
2025-07-19T23:02:57.911926+0700,103.195.142.3,13.105.164.214,53,24673,UDP,flow,failed,435629488420547,,1,1,0,127,0,0.0,1,127,0,none,0,none,0,0,0,no_alert_unknown,no_alert_not_final_benign,-1,dns,port
2025-07-19T23:02:57.911945+0700,103.195.142.196,87.98.154.119,53,18274,UDP,flow,failed,301055886505707,,1,1,0,1437,0,0.0,1,1437,0,none,0,none,0,0,0,no_alert_unknown,no_alert_not_final_benign,-1,dns,port
2025-07-19T23:02:57.912028+0700,103.195.142.3,52.175.210.252,53,64216,UDP,flow,failed,8159648954307,,1,1,0,178,0,0.0,1,178,0,none,0,none,0,0,0,no_alert_unknown,no_alert_not_final_benign,-1,dns,port
2025-07-19T23:02:57.912047+0700,103.195.142.195,87.98.154.119,53,22171,UDP,flow,failed,2044914981877742,,1,1,0,1437,0,0.0,1,1437,0,none,0,none,0,0,0,no_alert_unknown,no_alert_not_final_benign,-1,dns,port
2025-07-19T23:02:57.912088+0700,103.195.142.2,13.105.164.210,53,19378,UDP,flow,failed,145035984189479,,1,1,0,178,0,0.0,1,178,0,none,0,none,0,0,0,no_alert_unknown,no_alert_not_final_benign,-1,dns,port
2025-07-19T23:02:57.912143+0700,103.195.142.74,118.98.44.50,5258,53,UDP,flow,dns,384617579755612,,1,1,0,211,0,0.0,1,211,0,none,0,none,0,0,0,no_alert_unknown,no_alert_not_final_benign,-1,dns,app_proto+port
2025-07-19T23:02:57.912225+0700,103.195.142.74,118.98.44.100,59286,53,UDP,flow,dns,462583707941238,,1,1,0,243,0,0.0,1,243,0,none,0,none,0,0,0,no_alert_unknown,no_alert_not_final_benign,-1,dns,app_proto+port
2025-07-19T23:02:57.912267+0700,103.195.142.2,13.105.164.205,53,32608,UDP,flow,failed,135159301749135,,1,1,0,182,0,0.0,1,182,0,none,0,none,0,0,0,no_alert_unknown,no_alert_not_final_benign,-1,dns,port
2025-07-19T23:02:57.912310+0700,103.195.142.76,87.98.154.119,53,26823,UDP,flow,failed,528331772475875,,1,1,0,1469,0,0.0,1,1469,0,none,0,none,0,0,0,no_alert_unknown,no_alert_not_final_benign,-1,dns,port
2025-07-19T23:02:57.912384+0700,103.195.142.2,162.158.169.104,53,49332,UDP,flow,failed,113150648728296,,1,1,0,151,0,0.0,1,151,0,none,0,none,0,0,0,no_alert_unknown,no_alert_not_final_benign,-1,dns,port
2025-07-19T23:02:57.912451+0700,103.195.142.75,8.8.8.8,29194,53,UDP,flow,dns,350075044838239,,1,1,0,241,0,0.0,1,241,0,none,0,none,0,0,0,no_alert_unknown,no_alert_not_final_benign,-1,dns,app_proto+port
2025-07-19T23:02:57.912496+0700,103.195.142.83,87.98.154.174,53,4257,UDP,flow,failed,534142676122698,,1,1,0,1190,0,0.0,1,1190,0,none,0,none,0,0,0,no_alert_unknown,no_alert_not_final_benign,-1,dns,port
2025-07-19T23:02:57.912518+0700,103.195.142.2,52.250.9.90,53,63862,UDP,flow,failed,247421314743473,,1,1,0,171,0,0.0,1,171,0,none,0,none,0,0,0,no_alert_unknown,no_alert_not_final_benign,-1,dns,port
2025-07-19T23:02:57.912566+0700,103.195.142.74,118.98.44.20,61779,53,UDP,flow,dns,1997557124250830,,1,1,0,87,0,0.0,1,87,0,none,0,none,0,0,0,no_alert_unknown,no_alert_not_final_benign,-1,dns,app_proto+port
2025-07-19T23:02:57.912601+0700,103.195.142.195,87.98.154.104,53,60005,UDP,flow,failed,38701675920721,,1,1,0,1437,0,0.0,1,1437,0,none,0,none,0,0,0,no_alert_unknown,no_alert_not_final_benign,-1,dns,port
2025-07-19T23:02:57.912677+0700,103.195.142.74,202.134.0.155,37432,53,UDP,flow,dns,195403510726110,,1,1,0,243,0,0.0,1,243,0,none,0,none,0,0,0,no_alert_unknown,no_alert_not_final_benign,-1,dns,app_proto+port
2025-07-19T23:02:57.912703+0700,103.195.142.75,8.8.8.8,28963,53,UDP,flow,dns,531488422444513,,1,1,0,223,0,0.0,1,223,0,none,0,none,0,0,0,no_alert_unknown,no_alert_not_final_benign,-1,dns,app_proto+port
2025-07-19T23:02:57.912744+0700,103.195.142.76,87.98.154.150,53,26166,UDP,flow,failed,400455706689026,,1,1,0,1469,0,0.0,1,1469,0,none,0,none,0,0,0,no_alert_unknown,no_alert_not_final_benign,-1,dns,port
2025-07-19T23:02:57.912762+0700,103.195.142.74,118.98.44.20,20131,53,UDP,flow,dns,1025686825680396,,1,2,0,204,0,6.0,2,204,0,none,0,none,0,0,0,no_alert_unknown,no_alert_not_final_benign,-1,dns,app_proto+port
2025-07-19T23:02:57.912782+0700,103.195.142.46,87.98.154.55,53,58110,UDP,flow,failed,57395462618709,,1,1,0,1437,0,0.0,1,1437,0,none,0,none,0,0,0,no_alert_unknown,no_alert_not_final_benign,-1,dns,port
2025-07-19T23:02:57.912822+0700,103.195.142.74,50.28.32.153,62336,53,UDP,flow,dns,61608961195774,,1,1,0,85,0,0.0,1,85,0,none,0,none,0,0,0,no_alert_unknown,no_alert_not_final_benign,-1,dns,app_proto+port
2025-07-19T23:02:57.912856+0700,103.195.142.213,8.8.8.8,39508,53,UDP,flow,dns,2179523268132668,,1,1,0,116,0,0.0,1,116,0,none,0,none,0,0,0,no_alert_unknown,no_alert_not_final_benign,-1,dns,app_proto+port
2025-07-19T23:02:57.912876+0700,103.195.142.196,87.98.154.117,53,28200,UDP,flow,failed,87480104796012,,1,1,0,1437,0,0.0,1,1437,0,none,0,none,0,0,0,no_alert_unknown,no_alert_not_final_benign,-1,dns,port
2025-07-19T23:02:57.912898+0700,103.195.142.165,87.98.154.161,53,54921,UDP,flow,failed,263699795689366,,1,1,0,1437,0,0.0,1,1437,0,none,0,none,0,0,0,no_alert_unknown,no_alert_not_final_benign,-1,dns,port
2025-07-19T23:02:57.912963+0700,103.195.142.74,118.98.44.50,32299,53,UDP,flow,dns,2086457301811166,,1,1,0,74,0,0.0,1,74,0,none,0,none,0,0,0,no_alert_unknown,no_alert_not_final_benign,-1,dns,app_proto+port
2025-07-19T23:02:57.912984+0700,103.195.142.3,13.105.164.202,53,44460,UDP,flow,failed,461292563087440,,1,1,0,127,0,0.0,1,127,0,none,0,none,0,0,0,no_alert_unknown,no_alert_not_final_benign,-1,dns,port
2025-07-19T23:02:57.913003+0700,103.195.142.196,87.98.154.97,53,31008,UDP,flow,failed,2220015538290843,,1,1,0,1437,0,0.0,1,1437,0,none,0,none,0,0,0,no_alert_unknown,no_alert_not_final_benign,-1,dns,port
2025-07-19T23:02:57.913022+0700,103.195.142.165,87.98.154.119,53,39756,UDP,flow,failed,2248303790539159,,1,1,0,1437,0,0.0,1,1437,0,none,0,none,0,0,0,no_alert_unknown,no_alert_not_final_benign,-1,dns,port
2025-07-19T23:02:57.913152+0700,103.195.142.75,8.8.8.8,5056,53,UDP,flow,dns,286184059585136,,1,1,0,88,0,0.0,1,88,0,none,0,none,0,0,0,no_alert_unknown,no_alert_not_final_benign,-1,dns,app_proto+port
2025-07-19T23:02:57.913172+0700,103.195.142.75,8.8.8.8,62078,53,UDP,flow,dns,1197836849398620,,1,2,0,492,0,4.0,2,492,0,none,0,none,0,0,0,no_alert_unknown,no_alert_not_final_benign,-1,dns,app_proto+port
2025-07-19T23:02:57.913193+0700,103.195.142.3,13.105.80.81,53,46592,UDP,flow,failed,62174058660727,,1,1,0,178,0,0.0,1,178,0,none,0,none,0,0,0,no_alert_unknown,no_alert_not_final_benign,-1,dns,port
2025-07-19T23:02:57.913212+0700,103.195.142.74,118.98.44.50,7068,53,UDP,flow,dns,2085967258207139,,1,1,0,87,0,0.0,1,87,0,none,0,none,0,0,0,no_alert_unknown,no_alert_not_final_benign,-1,dns,app_proto+port
2025-07-19T23:02:57.913256+0700,103.195.142.196,87.98.154.119,53,38030,UDP,flow,failed,2115723807376318,,1,1,0,1437,0,0.0,1,1437,0,none,0,none,0,0,0,no_alert_unknown,no_alert_not_final_benign,-1,dns,port
2025-07-19T23:02:57.913276+0700,103.195.142.74,118.98.44.20,23556,53,UDP,flow,dns,186294965257179,,1,1,0,124,0,0.0,1,124,0,none,0,none,0,0,0,no_alert_unknown,no_alert_not_final_benign,-1,dns,app_proto+port
2025-07-19T23:02:57.913297+0700,103.195.142.74,118.98.44.50,48121,53,UDP,flow,dns,1986121225421883,,1,1,0,243,0,0.0,1,243,0,none,0,none,0,0,0,no_alert_unknown,no_alert_not_final_benign,-1,dns,app_proto+port
2025-07-19T23:02:57.913319+0700,103.195.142.74,118.98.44.100,17938,53,UDP,flow,dns,2067840945964187,,1,1,0,120,0,0.0,1,120,0,none,0,none,0,0,0,no_alert_unknown,no_alert_not_final_benign,-1,dns,app_proto+port
2025-07-19T23:02:57.913359+0700,103.195.142.165,87.98.154.119,53,59036,UDP,flow,failed,525744676750550,,1,1,0,1437,0,0.0,1,1437,0,none,0,none,0,0,0,no_alert_unknown,no_alert_not_final_benign,-1,dns,port
2025-07-19T23:02:57.913435+0700,103.195.142.109,87.98.154.53,53,6293,UDP,flow,failed,2215254179333435,,1,1,0,1437,0,0.0,1,1437,0,none,0,none,0,0,0,no_alert_unknown,no_alert_not_final_benign,-1,dns,port
2025-07-19T23:02:57.913482+0700,103.195.142.74,118.98.44.20,12976,53,UDP,flow,dns,259371408311815,,1,1,0,196,0,0.0,1,196,0,none,0,none,0,0,0,no_alert_unknown,no_alert_not_final_benign,-1,dns,app_proto+port
2025-07-19T23:02:57.913502+0700,103.195.142.74,118.98.44.20,24603,53,UDP,flow,dns,231176997979663,,1,1,0,232,0,0.0,1,232,0,none,0,none,0,0,0,no_alert_unknown,no_alert_not_final_benign,-1,dns,app_proto+port
2025-07-19T23:02:57.913522+0700,103.195.142.109,87.98.154.119,53,24718,UDP,flow,failed,38852970300977,,1,1,0,1437,0,0.0,1,1437,0,none,0,none,0,0,0,no_alert_unknown,no_alert_not_final_benign,-1,dns,port
2025-07-19T23:02:57.913559+0700,103.195.142.74,118.98.44.20,7477,53,UDP,flow,dns,229406490576517,,1,1,0,80,0,0.0,1,80,0,none,0,none,0,0,0,no_alert_unknown,no_alert_not_final_benign,-1,dns,app_proto+port
2025-07-19T23:02:57.913602+0700,103.195.142.196,87.98.154.121,53,54165,UDP,flow,failed,432455339886224,,1,1,0,1437,0,0.0,1,1437,0,none,0,none,0,0,0,no_alert_unknown,no_alert_not_final_benign,-1,dns,port
2025-07-19T23:02:57.913621+0700,103.195.142.74,118.98.44.50,26784,53,UDP,flow,dns,241678033110761,,1,1,0,223,0,0.0,1,223,0,none,0,none,0,0,0,no_alert_unknown,no_alert_not_final_benign,-1,dns,app_proto+port
2025-07-19T23:02:57.913645+0700,103.195.142.195,87.98.154.119,53,20502,UDP,flow,failed,466809709741881,,1,1,0,1437,0,0.0,1,1437,0,none,0,none,0,0,0,no_alert_unknown,no_alert_not_final_benign,-1,dns,port
2025-07-19T23:02:57.913664+0700,103.195.142.74,118.98.44.20,41641,53,UDP,flow,dns,2135328791414598,,1,1,0,214,0,0.0,1,214,0,none,0,none,0,0,0,no_alert_unknown,no_alert_not_final_benign,-1,dns,app_proto+port
2025-07-19T23:02:57.913684+0700,103.195.142.74,118.98.44.20,62509,53,UDP,flow,dns,97216624412619,,1,1,0,82,0,0.0,1,82,0,none,0,none,0,0,0,no_alert_unknown,no_alert_not_final_benign,-1,dns,app_proto+port
2025-07-19T23:02:57.913703+0700,103.195.142.2,93.158.164.221,53,53541,UDP,flow,failed,1992349996894162,,1,1,0,154,0,0.0,1,154,0,none,0,none,0,0,0,no_alert_unknown,no_alert_not_final_benign,-1,dns,port
2025-07-19T23:02:57.913722+0700,103.195.142.75,8.8.8.8,38258,53,UDP,flow,dns,1972726256781385,,1,1,0,243,0,0.0,1,243,0,none,0,none,0,0,0,no_alert_unknown,no_alert_not_final_benign,-1,dns,app_proto+port
2025-07-19T23:02:57.913741+0700,103.195.142.75,8.8.8.8,39779,53,UDP,flow,dns,62666619570264,,1,1,0,243,0,0.0,1,243,0,none,0,none,0,0,0,no_alert_unknown,no_alert_not_final_benign,-1,dns,app_proto+port
2025-07-19T23:02:57.913760+0700,103.195.142.109,87.98.154.205,53,47149,UDP,flow,failed,270420307888317,,1,1,0,1437,0,0.0,1,1437,0,none,0,none,0,0,0,no_alert_unknown,no_alert_not_final_benign,-1,dns,port
2025-07-19T23:02:57.913779+0700,103.195.142.3,13.105.164.214,53,16560,UDP,flow,failed,98941275228466,,1,1,0,154,0,0.0,1,154,0,none,0,none,0,0,0,no_alert_unknown,no_alert_not_final_benign,-1,dns,port
2025-07-19T23:02:57.913802+0700,103.195.142.109,87.98.154.119,53,46688,UDP,flow,failed,358734548126006,,1,1,0,1437,0,0.0,1,1437,0,none,0,none,0,0,0,no_alert_unknown,no_alert_not_final_benign,-1,dns,port
2025-07-19T23:02:57.913859+0700,103.195.142.76,87.98.154.119,53,45645,UDP,flow,failed,340905760475447,,1,1,0,1469,0,0.0,1,1469,0,none,0,none,0,0,0,no_alert_unknown,no_alert_not_final_benign,-1,dns,port
2025-07-19T23:02:57.913908+0700,103.195.142.109,87.98.154.225,53,38524,UDP,flow,failed,354580292585799,,1,1,0,1437,0,0.0,1,1437,0,none,0,none,0,0,0,no_alert_unknown,no_alert_not_final_benign,-1,dns,port
2025-07-19T23:02:57.913907+0700,103.195.142.74,118.98.44.50,20815,53,UDP,dns,,547502109445832,wire/pcap,0,0,0,0,0,0.0,0,0,0,none,0,none,0,0,0,no_alert_unknown,no_alert_not_final_benign,-1,dns,port
2025-07-19T23:02:57.913946+0700,103.195.142.2,3.239.155.164,53,58422,UDP,flow,failed,481679922907533,,1,1,0,298,0,0.0,1,298,0,none,0,none,0,0,0,no_alert_unknown,no_alert_not_final_benign,-1,dns,port
2025-07-19T23:02:57.914209+0700,103.195.142.75,8.8.8.8,14448,53,UDP,flow,dns,133093120428614,,1,1,0,223,0,0.0,1,223,0,none,0,none,0,0,0,no_alert_unknown,no_alert_not_final_benign,-1,dns,app_proto+port
2025-07-19T23:02:57.914259+0700,103.195.142.195,87.98.154.119,53,49150,UDP,flow,failed,358995451529814,,1,1,0,1437,0,0.0,1,1437,0,none,0,none,0,0,0,no_alert_unknown,no_alert_not_final_benign,-1,dns,port
2025-07-19T23:02:57.914279+0700,103.195.142.46,87.98.154.119,53,14699,UDP,flow,failed,301643229317838,,1,1,0,1437,0,0.0,1,1437,0,none,0,none,0,0,0,no_alert_unknown,no_alert_not_final_benign,-1,dns,port
2025-07-19T23:02:57.914316+0700,103.195.142.46,87.98.154.119,53,57696,UDP,flow,failed,205883171490514,,1,1,0,1437,0,0.0,1,1437,0,none,0,none,0,0,0,no_alert_unknown,no_alert_not_final_benign,-1,dns,port
2025-07-19T23:02:57.914344+0700,103.195.142.74,118.98.44.20,26971,53,UDP,flow,dns,171789476252390,,1,1,0,79,0,0.0,1,79,0,none,0,none,0,0,0,no_alert_unknown,no_alert_not_final_benign,-1,dns,app_proto+port
2025-07-19T23:02:57.914384+0700,103.195.142.74,118.98.44.100,39713,53,UDP,flow,dns,321611790699438,,1,1,0,79,0,0.0,1,79,0,none,0,none,0,0,0,no_alert_unknown,no_alert_not_final_benign,-1,dns,app_proto+port
2025-07-19T23:02:57.914433+0700,103.195.142.74,118.98.44.20,6178,53,UDP,flow,dns,342256640347063,,1,1,0,178,0,0.0,1,178,0,none,0,none,0,0,0,no_alert_unknown,no_alert_not_final_benign,-1,dns,app_proto+port
2025-07-19T23:02:57.914453+0700,103.195.142.165,87.98.154.49,53,13679,UDP,flow,failed,289108763429914,,1,1,0,1437,0,0.0,1,1437,0,none,0,none,0,0,0,no_alert_unknown,no_alert_not_final_benign,-1,dns,port
2025-07-19T23:02:57.914472+0700,103.195.142.74,118.98.44.20,37493,53,UDP,flow,dns,2034732273257534,,1,1,0,214,0,0.0,1,214,0,none,0,none,0,0,0,no_alert_unknown,no_alert_not_final_benign,-1,dns,app_proto+port
2025-07-19T23:02:57.914523+0700,103.195.142.3,13.105.164.215,53,7198,UDP,flow,failed,7935024188619,,1,1,0,182,0,0.0,1,182,0,none,0,none,0,0,0,no_alert_unknown,no_alert_not_final_benign,-1,dns,port
2025-07-19T23:02:57.914561+0700,103.195.142.75,8.8.8.8,58935,53,UDP,flow,dns,2007247564262731,,1,1,0,232,0,0.0,1,232,0,none,0,none,0,0,0,no_alert_unknown,no_alert_not_final_benign,-1,dns,app_proto+port
2025-07-19T23:02:57.914581+0700,103.195.142.74,118.98.44.50,28363,53,UDP,flow,dns,466032506916184,,1,1,0,196,0,0.0,1,196,0,none,0,none,0,0,0,no_alert_unknown,no_alert_not_final_benign,-1,dns,app_proto+port
2025-07-19T23:02:57.914601+0700,103.195.142.165,87.98.154.118,53,34856,UDP,flow,failed,2079766420606344,,1,1,0,1437,0,0.0,1,1437,0,none,0,none,0,0,0,no_alert_unknown,no_alert_not_final_benign,-1,dns,port
2025-07-19T23:02:57.914620+0700,103.195.142.109,87.98.154.253,53,36637,UDP,flow,failed,496545453591955,,1,1,0,1437,0,0.0,1,1437,0,none,0,none,0,0,0,no_alert_unknown,no_alert_not_final_benign,-1,dns,port
2025-07-19T23:02:57.914638+0700,103.195.142.76,87.98.154.82,53,64190,UDP,flow,failed,329072977464769,,1,1,0,1469,0,0.0,1,1469,0,none,0,none,0,0,0,no_alert_unknown,no_alert_not_final_benign,-1,dns,port
2025-07-19T23:02:57.914685+0700,103.195.142.74,118.98.44.50,4820,53,UDP,flow,dns,2117096685850286,,1,1,0,232,0,0.0,1,232,0,none,0,none,0,0,0,no_alert_unknown,no_alert_not_final_benign,-1,dns,app_proto+port
2025-07-19T23:02:57.914726+0700,103.195.142.195,87.98.154.119,53,2513,UDP,flow,failed,531897166810872,,1,1,0,1437,0,0.0,1,1437,0,none,0,none,0,0,0,no_alert_unknown,no_alert_not_final_benign,-1,dns,port
2025-07-19T23:02:57.914781+0700,103.195.142.83,87.98.154.34,53,35760,UDP,flow,failed,2147648851431448,,1,1,0,1190,0,0.0,1,1190,0,none,0,none,0,0,0,no_alert_unknown,no_alert_not_final_benign,-1,dns,port
2025-07-19T23:02:57.914839+0700,103.195.142.74,118.98.44.20,30615,53,UDP,flow,dns,18123696329116,,1,1,0,80,0,0.0,1,80,0,none,0,none,0,0,0,no_alert_unknown,no_alert_not_final_benign,-1,dns,app_proto+port
2025-07-19T23:02:57.914860+0700,103.195.142.46,87.98.154.35,53,44262,UDP,flow,failed,2066013292351950,,1,1,0,1437,0,0.0,1,1437,0,none,0,none,0,0,0,no_alert_unknown,no_alert_not_final_benign,-1,dns,port
2025-07-19T23:02:57.914948+0700,103.195.142.74,34.8.38.57,40226,53,UDP,flow,dns,2036655542457014,,1,1,0,254,0,0.0,1,254,0,none,0,none,0,0,0,no_alert_unknown,no_alert_not_final_benign,-1,dns,app_proto+port
2025-07-19T23:02:57.914968+0700,103.195.142.2,172.217.32.158,53,47910,UDP,flow,failed,466961354478316,,1,1,0,145,0,0.0,1,145,0,none,0,none,0,0,0,no_alert_unknown,no_alert_not_final_benign,-1,dns,port
2025-07-19T23:02:57.915009+0700,103.195.142.74,118.98.44.50,25638,53,UDP,flow,dns,492299220701949,,1,1,0,74,0,0.0,1,74,0,none,0,none,0,0,0,no_alert_unknown,no_alert_not_final_benign,-1,dns,app_proto+port
2025-07-19T23:02:57.915029+0700,103.195.142.83,87.98.154.119,53,17292,UDP,flow,failed,132175190774537,,1,1,0,1190,0,0.0,1,1190,0,none,0,none,0,0,0,no_alert_unknown,no_alert_not_final_benign,-1,dns,port
2025-07-19T23:02:57.915048+0700,103.195.142.213,8.8.8.8,44350,53,UDP,flow,dns,2063471200326453,,1,1,0,101,0,0.0,1,101,0,none,0,none,0,0,0,no_alert_unknown,no_alert_not_final_benign,-1,dns,app_proto+port
2025-07-19T23:02:57.915068+0700,103.195.142.74,34.8.38.57,16645,53,UDP,flow,dns,251589536273298,,1,1,0,254,0,0.0,1,254,0,none,0,none,0,0,0,no_alert_unknown,no_alert_not_final_benign,-1,dns,app_proto+port
2025-07-19T23:02:57.915128+0700,103.195.142.74,118.98.44.100,55118,53,UDP,flow,dns,2150595877163959,,1,1,0,243,0,0.0,1,243,0,none,0,none,0,0,0,no_alert_unknown,no_alert_not_final_benign,-1,dns,app_proto+port
2025-07-19T23:02:57.915176+0700,103.195.142.74,118.98.44.20,63410,53,UDP,flow,dns,284586719925205,,1,2,0,204,0,6.0,2,204,0,none,0,none,0,0,0,no_alert_unknown,no_alert_not_final_benign,-1,dns,app_proto+port
2025-07-19T23:02:57.915216+0700,103.195.142.3,13.66.200.173,53,62614,UDP,flow,failed,120123616154643,,1,1,0,182,0,0.0,1,182,0,none,0,none,0,0,0,no_alert_unknown,no_alert_not_final_benign,-1,dns,port
2025-07-19T23:02:57.915243+0700,103.195.142.74,202.134.0.155,2603,53,UDP,flow,dns,2037908047156297,,1,1,0,214,0,0.0,1,214,0,none,0,none,0,0,0,no_alert_unknown,no_alert_not_final_benign,-1,dns,app_proto+port
2025-07-19T23:02:57.915289+0700,103.195.142.2,162.158.169.104,53,48004,UDP,flow,failed,158379603809538,,1,1,0,176,0,0.0,1,176,0,none,0,none,0,0,0,no_alert_unknown,no_alert_not_final_benign,-1,dns,port
2025-07-19T23:02:57.915308+0700,103.195.142.109,87.98.154.173,53,21110,UDP,flow,failed,78862392645071,,1,1,0,1437,0,0.0,1,1437,0,none,0,none,0,0,0,no_alert_unknown,no_alert_not_final_benign,-1,dns,port
2025-07-19T23:02:57.915326+0700,103.195.142.83,87.98.154.230,53,6787,UDP,flow,failed,2053384163186213,,1,1,0,1190,0,0.0,1,1190,0,none,0,none,0,0,0,no_alert_unknown,no_alert_not_final_benign,-1,dns,port
2025-07-19T23:02:57.915350+0700,103.195.142.3,13.105.68.208,53,47516,UDP,flow,failed,558842475664948,,1,1,0,182,0,0.0,1,182,0,none,0,none,0,0,0,no_alert_unknown,no_alert_not_final_benign,-1,dns,port
2025-07-19T23:02:57.915369+0700,103.195.142.3,172.217.47.25,53,37514,UDP,flow,failed,2050374791943761,,1,1,0,212,0,0.0,1,212,0,none,0,none,0,0,0,no_alert_unknown,no_alert_not_final_benign,-1,dns,port
2025-07-19T23:02:57.915430+0700,103.195.142.75,34.8.196.142,19349,53,UDP,flow,dns,2204534354106322,,1,1,0,254,0,0.0,1,254,0,none,0,none,0,0,0,no_alert_unknown,no_alert_not_final_benign,-1,dns,app_proto+port
2025-07-19T23:02:57.915450+0700,103.195.142.74,202.134.0.155,28449,53,UDP,flow,dns,137686265255899,,1,1,0,88,0,0.0,1,88,0,none,0,none,0,0,0,no_alert_unknown,no_alert_not_final_benign,-1,dns,app_proto+port
2025-07-19T23:02:57.915475+0700,103.195.142.74,118.98.44.100,18437,53,UDP,flow,dns,167930490935365,,1,1,0,214,0,0.0,1,214,0,none,0,none,0,0,0,no_alert_unknown,no_alert_not_final_benign,-1,dns,app_proto+port
2025-07-19T23:02:57.915511+0700,103.195.142.196,87.98.154.119,53,49564,UDP,flow,failed,2201636121106520,,1,1,0,1437,0,0.0,1,1437,0,none,0,none,0,0,0,no_alert_unknown,no_alert_not_final_benign,-1,dns,port
2025-07-19T23:02:57.915531+0700,103.195.142.74,118.98.44.20,11811,53,UDP,flow,dns,2111377614067826,,1,1,0,243,0,0.0,1,243,0,none,0,none,0,0,0,no_alert_unknown,no_alert_not_final_benign,-1,dns,app_proto+port
2025-07-19T23:02:57.915558+0700,103.195.142.83,87.98.154.119,53,8136,UDP,flow,failed,170987552594127,,1,1,0,1190,0,0.0,1,1190,0,none,0,none,0,0,0,no_alert_unknown,no_alert_not_final_benign,-1,dns,port
2025-07-19T23:02:57.915583+0700,103.195.142.2,13.105.80.80,53,36157,UDP,flow,failed,312799257385219,,1,1,0,127,0,0.0,1,127,0,none,0,none,0,0,0,no_alert_unknown,no_alert_not_final_benign,-1,dns,port
2025-07-19T23:02:57.915660+0700,103.195.142.75,8.8.8.8,6531,53,UDP,flow,dns,123295479126315,,1,1,0,214,0,0.0,1,214,0,none,0,none,0,0,0,no_alert_unknown,no_alert_not_final_benign,-1,dns,app_proto+port
2025-07-19T23:02:57.915681+0700,103.195.142.2,13.105.164.205,53,61225,UDP,flow,failed,165433034365322,,1,1,0,182,0,0.0,1,182,0,none,0,none,0,0,0,no_alert_unknown,no_alert_not_final_benign,-1,dns,port
2025-07-19T23:02:57.915705+0700,103.195.142.75,8.8.8.8,51875,53,UDP,flow,dns,534668531358123,,1,1,0,241,0,0.0,1,241,0,none,0,none,0,0,0,no_alert_unknown,no_alert_not_final_benign,-1,dns,app_proto+port
2025-07-19T23:02:57.915725+0700,103.195.142.76,87.98.154.38,53,2837,UDP,flow,failed,126502833445447,,1,1,0,1469,0,0.0,1,1469,0,none,0,none,0,0,0,no_alert_unknown,no_alert_not_final_benign,-1,dns,port
2025-07-19T23:02:57.915743+0700,103.195.142.3,93.158.164.221,53,56359,UDP,flow,failed,1999323332500195,,1,1,0,127,0,0.0,1,127,0,none,0,none,0,0,0,no_alert_unknown,no_alert_not_final_benign,-1,dns,port
2025-07-19T23:02:57.915761+0700,103.195.142.3,13.105.80.77,53,59026,UDP,flow,failed,47502268455722,,1,1,0,178,0,0.0,1,178,0,none,0,none,0,0,0,no_alert_unknown,no_alert_not_final_benign,-1,dns,port
2025-07-19T23:02:57.915780+0700,103.195.142.109,87.98.154.117,53,18711,UDP,flow,failed,48775742053186,,1,1,0,1437,0,0.0,1,1437,0,none,0,none,0,0,0,no_alert_unknown,no_alert_not_final_benign,-1,dns,port
2025-07-19T23:02:57.915799+0700,103.195.142.3,93.158.164.221,53,8337,UDP,flow,failed,1991412084792300,,1,1,0,154,0,0.0,1,154,0,none,0,none,0,0,0,no_alert_unknown,no_alert_not_final_benign,-1,dns,port
2025-07-19T23:02:57.915845+0700,103.195.142.195,87.98.154.119,53,21912,UDP,flow,failed,236146651913230,,1,1,0,1437,0,0.0,1,1437,0,none,0,none,0,0,0,no_alert_unknown,no_alert_not_final_benign,-1,dns,port
2025-07-19T23:02:57.915929+0700,103.195.142.83,87.98.154.119,53,20526,UDP,flow,failed,246661001927865,,1,1,0,1190,0,0.0,1,1190,0,none,0,none,0,0,0,no_alert_unknown,no_alert_not_final_benign,-1,dns,port
2025-07-19T23:02:57.915948+0700,103.195.142.76,87.98.154.122,53,6073,UDP,flow,failed,1895881081248969,,1,3,0,4407,0,9.0,3,4407,0,none,0,none,0,0,0,no_alert_unknown,no_alert_not_final_benign,-1,dns,port
2025-07-19T23:02:57.915967+0700,103.195.142.75,8.8.8.8,48463,53,UDP,flow,dns,410522459528450,,1,1,0,88,0,0.0,1,88,0,none,0,none,0,0,0,no_alert_unknown,no_alert_not_final_benign,-1,dns,app_proto+port
2025-07-19T23:02:57.916006+0700,103.195.142.2,172.70.116.71,53,45087,UDP,flow,failed,121306436492622,,1,1,0,175,0,0.0,1,175,0,none,0,none,0,0,0,no_alert_unknown,no_alert_not_final_benign,-1,dns,port
2025-07-19T23:02:57.916028+0700,103.195.142.74,118.98.44.100,32080,53,UDP,flow,dns,2153140122705278,,1,1,0,104,0,0.0,1,104,0,none,0,none,0,0,0,no_alert_unknown,no_alert_not_final_benign,-1,dns,app_proto+port
2025-07-19T23:02:57.916049+0700,103.195.142.74,118.98.44.50,28430,53,UDP,flow,dns,120459763015055,,1,1,0,232,0,0.0,1,232,0,none,0,none,0,0,0,no_alert_unknown,no_alert_not_final_benign,-1,dns,app_proto+port
2025-07-19T23:02:57.916108+0700,103.195.142.74,202.134.0.155,56218,53,UDP,flow,dns,55521159372593,,1,1,0,241,0,0.0,1,241,0,none,0,none,0,0,0,no_alert_unknown,no_alert_not_final_benign,-1,dns,app_proto+port
2025-07-19T23:02:57.916156+0700,103.195.142.83,87.98.154.119,53,1597,UDP,flow,failed,2232060847087446,,1,1,0,1190,0,0.0,1,1190,0,none,0,none,0,0,0,no_alert_unknown,no_alert_not_final_benign,-1,dns,port
2025-07-19T23:02:57.916175+0700,103.195.142.3,13.105.68.209,53,36564,UDP,flow,failed,287636904566676,,1,1,0,182,0,0.0,1,182,0,none,0,none,0,0,0,no_alert_unknown,no_alert_not_final_benign,-1,dns,port
2025-07-19T23:02:57.916194+0700,103.195.142.195,87.98.154.119,53,59531,UDP,flow,failed,365894355214414,,1,1,0,1437,0,0.0,1,1437,0,none,0,none,0,0,0,no_alert_unknown,no_alert_not_final_benign,-1,dns,port
2025-07-19T23:02:57.916231+0700,103.195.142.109,87.98.154.89,53,4293,UDP,flow,failed,283193304113392,,1,1,0,1437,0,0.0,1,1437,0,none,0,none,0,0,0,no_alert_unknown,no_alert_not_final_benign,-1,dns,port
2025-07-19T23:02:57.916282+0700,103.195.142.165,87.98.154.77,53,46905,UDP,flow,failed,492354722357560,,1,1,0,1437,0,0.0,1,1437,0,none,0,none,0,0,0,no_alert_unknown,no_alert_not_final_benign,-1,dns,port
2025-07-19T23:02:57.916323+0700,103.195.142.46,87.98.154.119,53,60828,UDP,flow,failed,184274409644402,,1,1,0,1437,0,0.0,1,1437,0,none,0,none,0,0,0,no_alert_unknown,no_alert_not_final_benign,-1,dns,port
2025-07-19T23:02:57.916342+0700,103.195.142.196,87.98.154.119,53,26567,UDP,flow,failed,2222945944363418,,1,1,0,1437,0,0.0,1,1437,0,none,0,none,0,0,0,no_alert_unknown,no_alert_not_final_benign,-1,dns,port
2025-07-19T23:02:57.916379+0700,103.195.142.83,87.98.154.119,53,19590,UDP,flow,failed,421202705670742,,1,1,0,1190,0,0.0,1,1190,0,none,0,none,0,0,0,no_alert_unknown,no_alert_not_final_benign,-1,dns,port
2025-07-19T23:02:57.916428+0700,103.195.142.74,118.98.44.50,38306,53,UDP,flow,dns,2034161850475164,,1,1,0,232,0,0.0,1,232,0,none,0,none,0,0,0,no_alert_unknown,no_alert_not_final_benign,-1,dns,app_proto+port
2025-07-19T23:02:57.916473+0700,103.195.142.109,87.98.154.177,53,50506,UDP,flow,failed,337414036349685,,1,1,0,1437,0,0.0,1,1437,0,none,0,none,0,0,0,no_alert_unknown,no_alert_not_final_benign,-1,dns,port
2025-07-19T23:02:57.916529+0700,103.195.142.2,13.105.80.75,53,46862,UDP,flow,failed,90913597252350,,1,1,0,180,0,0.0,1,180,0,none,0,none,0,0,0,no_alert_unknown,no_alert_not_final_benign,-1,dns,port
2025-07-19T23:02:57.916603+0700,103.195.142.76,87.98.154.119,53,20641,UDP,flow,failed,513283514590269,,1,1,0,1469,0,0.0,1,1469,0,none,0,none,0,0,0,no_alert_unknown,no_alert_not_final_benign,-1,dns,port
2025-07-19T23:02:57.916623+0700,103.195.142.46,87.98.154.119,53,24792,UDP,flow,failed,2162308011156549,,1,1,0,1437,0,0.0,1,1437,0,none,0,none,0,0,0,no_alert_unknown,no_alert_not_final_benign,-1,dns,port
2025-07-19T23:02:57.916641+0700,103.195.142.74,118.98.44.50,9273,53,UDP,flow,dns,1975904784180390,,1,1,0,211,0,0.0,1,211,0,none,0,none,0,0,0,no_alert_unknown,no_alert_not_final_benign,-1,dns,app_proto+port
2025-07-19T23:02:57.916661+0700,103.195.142.2,18.139.204.218,53,59508,UDP,flow,failed,182741684937942,,1,1,0,137,0,0.0,1,137,0,none,0,none,0,0,0,no_alert_unknown,no_alert_not_final_benign,-1,dns,port
2025-07-19T23:02:57.916679+0700,103.195.142.74,202.134.0.155,11218,53,UDP,flow,dns,166967142868362,,1,1,0,232,0,0.0,1,232,0,none,0,none,0,0,0,no_alert_unknown,no_alert_not_final_benign,-1,dns,app_proto+port
2025-07-19T23:02:57.916705+0700,103.195.142.3,210.187.85.94,53,8692,UDP,flow,failed,72531856156126,,1,1,0,135,0,0.0,1,135,0,none,0,none,0,0,0,no_alert_unknown,no_alert_not_final_benign,-1,dns,port
2025-07-19T23:02:57.916724+0700,103.195.142.83,87.98.154.119,53,46083,UDP,flow,failed,68365402793487,,1,1,0,1190,0,0.0,1,1190,0,none,0,none,0,0,0,no_alert_unknown,no_alert_not_final_benign,-1,dns,port
2025-07-19T23:02:57.916822+0700,103.195.142.3,52.247.222.47,53,49188,UDP,flow,failed,64100465665786,,1,1,0,182,0,0.0,1,182,0,none,0,none,0,0,0,no_alert_unknown,no_alert_not_final_benign,-1,dns,port
2025-07-19T23:02:57.916862+0700,103.195.142.74,8.8.8.8,55683,53,UDP,flow,dns,2234208414951346,,1,1,0,87,0,0.0,1,87,0,none,0,none,0,0,0,no_alert_unknown,no_alert_not_final_benign,-1,dns,app_proto+port
2025-07-19T23:02:57.916882+0700,103.195.142.2,13.105.164.202,53,12213,UDP,flow,failed,148682791806982,,1,1,0,135,0,0.0,1,135,0,none,0,none,0,0,0,no_alert_unknown,no_alert_not_final_benign,-1,dns,port
2025-07-19T23:02:57.916936+0700,103.195.142.195,87.98.154.119,53,41649,UDP,flow,failed,2150225054886145,,1,1,0,1437,0,0.0,1,1437,0,none,0,none,0,0,0,no_alert_unknown,no_alert_not_final_benign,-1,dns,port
2025-07-19T23:02:57.916968+0700,103.195.142.2,13.105.164.208,53,26443,UDP,flow,failed,292657365543359,,1,1,0,178,0,0.0,1,178,0,none,0,none,0,0,0,no_alert_unknown,no_alert_not_final_benign,-1,dns,port
2025-07-19T23:02:57.917005+0700,103.195.142.76,87.98.154.206,53,45629,UDP,flow,failed,2083276380727785,,1,1,0,1469,0,0.0,1,1469,0,none,0,none,0,0,0,no_alert_unknown,no_alert_not_final_benign,-1,dns,port
2025-07-19T23:02:57.917031+0700,103.195.142.196,87.98.154.119,53,17443,UDP,flow,failed,400128144796221,,1,1,0,1437,0,0.0,1,1437,0,none,0,none,0,0,0,no_alert_unknown,no_alert_not_final_benign,-1,dns,port
2025-07-19T23:02:57.917061+0700,103.195.142.74,118.98.44.50,13245,53,UDP,flow,dns,32838633220670,,1,1,0,214,0,0.0,1,214,0,none,0,none,0,0,0,no_alert_unknown,no_alert_not_final_benign,-1,dns,app_proto+port
2025-07-19T23:02:57.917121+0700,103.195.142.75,8.8.8.8,55754,53,UDP,flow,dns,173289390828150,,1,1,0,196,0,0.0,1,196,0,none,0,none,0,0,0,no_alert_unknown,no_alert_not_final_benign,-1,dns,app_proto+port
2025-07-19T23:02:57.917154+0700,103.195.142.74,118.98.44.50,11428,53,UDP,flow,dns,2018612376464066,,1,1,0,232,0,0.0,1,232,0,none,0,none,0,0,0,no_alert_unknown,no_alert_not_final_benign,-1,dns,app_proto+port
2025-07-19T23:02:57.917203+0700,103.195.142.213,8.8.8.8,56405,53,UDP,flow,dns,2014250956647124,,1,1,0,116,0,0.0,1,116,0,none,0,none,0,0,0,no_alert_unknown,no_alert_not_final_benign,-1,dns,app_proto+port
2025-07-19T23:02:57.917242+0700,103.195.142.83,87.98.154.119,53,45556,UDP,flow,failed,78603710262080,,1,1,0,1190,0,0.0,1,1190,0,none,0,none,0,0,0,no_alert_unknown,no_alert_not_final_benign,-1,dns,port
2025-07-19T23:02:57.917287+0700,103.195.142.196,87.98.154.118,53,58305,UDP,flow,failed,2171852894333875,,1,1,0,1437,0,0.0,1,1437,0,none,0,none,0,0,0,no_alert_unknown,no_alert_not_final_benign,-1,dns,port
2025-07-19T23:02:57.917379+0700,103.195.142.83,87.98.154.119,53,34387,UDP,flow,failed,552807600778590,,1,1,0,1190,0,0.0,1,1190,0,none,0,none,0,0,0,no_alert_unknown,no_alert_not_final_benign,-1,dns,port
2025-07-19T23:02:57.917398+0700,103.195.142.75,8.8.8.8,60389,53,UDP,flow,dns,67828064153246,,1,1,0,85,0,0.0,1,85,0,none,0,none,0,0,0,no_alert_unknown,no_alert_not_final_benign,-1,dns,app_proto+port
2025-07-19T23:02:57.917418+0700,103.195.142.76,87.98.154.10,53,6499,UDP,flow,failed,367389285445369,,1,1,0,1469,0,0.0,1,1469,0,none,0,none,0,0,0,no_alert_unknown,no_alert_not_final_benign,-1,dns,port
2025-07-19T23:02:57.917437+0700,103.195.142.2,172.70.116.71,53,55665,UDP,flow,failed,38815154269979,,1,1,0,150,0,0.0,1,150,0,none,0,none,0,0,0,no_alert_unknown,no_alert_not_final_benign,-1,dns,port
2025-07-19T23:02:57.917460+0700,103.195.142.109,87.98.154.5,53,40124,UDP,flow,failed,1828577721216808,,1,3,0,4311,0,10.0,3,4311,0,none,0,none,0,0,0,no_alert_unknown,no_alert_not_final_benign,-1,dns,port
2025-07-19T23:02:57.917505+0700,103.195.142.74,118.98.44.100,23008,53,UDP,flow,dns,2215165428068160,,1,1,0,243,0,0.0,1,243,0,none,0,none,0,0,0,no_alert_unknown,no_alert_not_final_benign,-1,dns,app_proto+port
2025-07-19T23:02:57.917546+0700,103.195.142.213,8.8.8.8,60042,53,UDP,flow,dns,2064211090435964,,1,1,0,101,0,0.0,1,101,0,none,0,none,0,0,0,no_alert_unknown,no_alert_not_final_benign,-1,dns,app_proto+port
2025-07-19T23:02:57.917572+0700,103.195.142.76,87.98.154.150,53,48439,UDP,flow,failed,421010223689603,,1,1,0,1469,0,0.0,1,1469,0,none,0,none,0,0,0,no_alert_unknown,no_alert_not_final_benign,-1,dns,port
2025-07-19T23:02:57.917613+0700,103.195.142.75,8.8.8.8,39659,53,UDP,flow,dns,2099474710687821,,1,1,0,184,0,0.0,1,184,0,none,0,none,0,0,0,no_alert_unknown,no_alert_not_final_benign,-1,dns,app_proto+port
2025-07-19T23:02:57.917633+0700,103.195.142.195,87.98.154.188,53,27598,UDP,flow,failed,2150015488979022,,1,1,0,1437,0,0.0,1,1437,0,none,0,none,0,0,0,no_alert_unknown,no_alert_not_final_benign,-1,dns,port
2025-07-19T23:02:57.917651+0700,103.195.142.3,13.105.164.214,53,44060,UDP,flow,failed,121092133515386,,1,1,0,154,0,0.0,1,154,0,none,0,none,0,0,0,no_alert_unknown,no_alert_not_final_benign,-1,dns,port
2025-07-19T23:02:57.917670+0700,103.195.142.74,118.98.44.100,23428,53,UDP,flow,dns,121720102744261,,1,1,0,211,0,0.0,1,211,0,none,0,none,0,0,0,no_alert_unknown,no_alert_not_final_benign,-1,dns,app_proto+port
2025-07-19T23:02:57.917734+0700,103.195.142.74,118.98.44.20,63567,53,UDP,flow,dns,515035346596250,,1,1,0,243,0,0.0,1,243,0,none,0,none,0,0,0,no_alert_unknown,no_alert_not_final_benign,-1,dns,app_proto+port
2025-07-19T23:02:57.917754+0700,103.195.142.74,118.98.44.20,58448,53,UDP,flow,dns,203358385435083,,1,1,0,211,0,0.0,1,211,0,none,0,none,0,0,0,no_alert_unknown,no_alert_not_final_benign,-1,dns,app_proto+port
2025-07-19T23:02:57.917794+0700,103.195.142.109,87.98.154.119,53,11748,UDP,flow,failed,2159617199534753,,1,1,0,1437,0,0.0,1,1437,0,none,0,none,0,0,0,no_alert_unknown,no_alert_not_final_benign,-1,dns,port
2025-07-19T23:02:57.917813+0700,103.195.142.76,87.98.154.118,53,32027,UDP,flow,failed,171708614800067,,1,1,0,1469,0,0.0,1,1469,0,none,0,none,0,0,0,no_alert_unknown,no_alert_not_final_benign,-1,dns,port
2025-07-19T23:02:57.917831+0700,103.195.142.2,13.105.68.220,53,16861,UDP,flow,failed,162372904448739,,1,1,0,182,0,0.0,1,182,0,none,0,none,0,0,0,no_alert_unknown,no_alert_not_final_benign,-1,dns,port
2025-07-19T23:02:57.917870+0700,103.195.142.76,87.98.154.119,53,59766,UDP,flow,failed,389049037255491,,1,1,0,1469,0,0.0,1,1469,0,none,0,none,0,0,0,no_alert_unknown,no_alert_not_final_benign,-1,dns,port
2025-07-19T23:02:57.917937+0700,103.195.142.74,34.8.38.57,36490,53,UDP,flow,dns,2019624407823215,,1,1,0,243,0,0.0,1,243,0,none,0,none,0,0,0,no_alert_unknown,no_alert_not_final_benign,-1,dns,app_proto+port
2025-07-19T23:02:57.917970+0700,103.195.142.74,118.98.44.50,38776,53,UDP,flow,dns,97025643934630,,1,1,0,223,0,0.0,1,223,0,none,0,none,0,0,0,no_alert_unknown,no_alert_not_final_benign,-1,dns,app_proto+port
2025-07-19T23:02:57.918061+0700,103.195.142.83,87.98.154.119,53,14741,UDP,flow,failed,502553396212778,,1,1,0,1190,0,0.0,1,1190,0,none,0,none,0,0,0,no_alert_unknown,no_alert_not_final_benign,-1,dns,port
2025-07-19T23:02:57.918092+0700,103.195.142.74,118.98.44.100,1730,53,UDP,flow,dns,2172390119404641,,1,1,0,243,0,0.0,1,243,0,none,0,none,0,0,0,no_alert_unknown,no_alert_not_final_benign,-1,dns,app_proto+port
2025-07-19T23:02:57.918157+0700,103.195.142.74,208.91.112.55,57877,53,UDP,flow,dns,535156662826127,,1,1,0,99,0,0.0,1,99,0,none,0,none,0,0,0,no_alert_unknown,no_alert_not_final_benign,-1,dns,app_proto+port
2025-07-19T23:02:57.918211+0700,103.195.142.83,87.98.154.146,53,32318,UDP,flow,failed,227279901062306,,1,1,0,1190,0,0.0,1,1190,0,none,0,none,0,0,0,no_alert_unknown,no_alert_not_final_benign,-1,dns,port
2025-07-19T23:02:57.918280+0700,103.195.142.74,118.98.44.100,22247,53,UDP,flow,dns,306529098691820,,1,1,0,232,0,0.0,1,232,0,none,0,none,0,0,0,no_alert_unknown,no_alert_not_final_benign,-1,dns,app_proto+port
2025-07-19T23:02:57.918348+0700,103.195.142.3,13.105.80.82,53,48987,UDP,flow,failed,273394000753970,,1,1,0,182,0,0.0,1,182,0,none,0,none,0,0,0,no_alert_unknown,no_alert_not_final_benign,-1,dns,port
2025-07-19T23:02:57.918453+0700,103.195.142.74,202.134.0.155,16137,53,UDP,flow,dns,218102270490170,,1,1,0,241,0,0.0,1,241,0,none,0,none,0,0,0,no_alert_unknown,no_alert_not_final_benign,-1,dns,app_proto+port
2025-07-19T23:02:57.918523+0700,103.195.142.165,87.98.154.105,53,24310,UDP,flow,failed,150615305516786,,1,1,0,1437,0,0.0,1,1437,0,none,0,none,0,0,0,no_alert_unknown,no_alert_not_final_benign,-1,dns,port
2025-07-19T23:02:57.918588+0700,103.195.142.196,87.98.154.117,53,61425,UDP,flow,failed,1994996788197195,,1,1,0,1437,0,0.0,1,1437,0,none,0,none,0,0,0,no_alert_unknown,no_alert_not_final_benign,-1,dns,port
2025-07-19T23:02:57.918618+0700,103.195.142.196,87.98.154.119,53,11900,UDP,flow,failed,295680535328609,,1,1,0,1437,0,0.0,1,1437,0,none,0,none,0,0,0,no_alert_unknown,no_alert_not_final_benign,-1,dns,port
2025-07-19T23:02:57.918662+0700,103.195.142.3,13.105.164.205,53,54252,UDP,flow,failed,16977287608210,,1,1,0,135,0,0.0,1,135,0,none,0,none,0,0,0,no_alert_unknown,no_alert_not_final_benign,-1,dns,port
2025-07-19T23:02:57.918709+0700,103.195.142.2,13.105.80.79,53,33717,UDP,flow,failed,87040404912214,,1,1,0,182,0,0.0,1,182,0,none,0,none,0,0,0,no_alert_unknown,no_alert_not_final_benign,-1,dns,port
2025-07-19T23:02:57.918775+0700,103.195.142.3,13.105.80.80,53,20568,UDP,flow,failed,224055855446179,,1,1,0,182,0,0.0,1,182,0,none,0,none,0,0,0,no_alert_unknown,no_alert_not_final_benign,-1,dns,port
2025-07-19T23:02:57.918795+0700,103.195.142.195,87.98.154.252,53,35847,UDP,flow,failed,1968113863325936,,1,2,0,2874,0,3.0,2,2874,0,none,0,none,0,0,0,no_alert_unknown,no_alert_not_final_benign,-1,dns,port
2025-07-19T23:02:57.918815+0700,103.195.142.3,13.105.80.80,53,23942,UDP,flow,failed,539784550775038,,1,1,0,135,0,0.0,1,135,0,none,0,none,0,0,0,no_alert_unknown,no_alert_not_final_benign,-1,dns,port
2025-07-19T23:02:57.918833+0700,103.195.142.83,87.98.154.90,53,61754,UDP,flow,failed,560486857144620,,1,1,0,1190,0,0.0,1,1190,0,none,0,none,0,0,0,no_alert_unknown,no_alert_not_final_benign,-1,dns,port
2025-07-19T23:02:57.918852+0700,103.195.142.3,13.105.164.202,53,39578,UDP,flow,failed,145285698582908,,1,1,0,154,0,0.0,1,154,0,none,0,none,0,0,0,no_alert_unknown,no_alert_not_final_benign,-1,dns,port
2025-07-19T23:02:57.918948+0700,103.195.142.3,13.105.164.204,53,61083,UDP,flow,failed,114487234099833,,1,1,0,182,0,0.0,1,182,0,none,0,none,0,0,0,no_alert_unknown,no_alert_not_final_benign,-1,dns,port
2025-07-19T23:02:57.919112+0700,103.195.142.195,87.98.154.164,53,62705,UDP,flow,failed,356912691903275,,1,1,0,1437,0,0.0,1,1437,0,none,0,none,0,0,0,no_alert_unknown,no_alert_not_final_benign,-1,dns,port
2025-07-19T23:02:57.919154+0700,103.195.142.74,118.98.44.50,61211,53,UDP,flow,dns,122992017046334,,1,1,0,232,0,0.0,1,232,0,none,0,none,0,0,0,no_alert_unknown,no_alert_not_final_benign,-1,dns,app_proto+port
2025-07-19T23:02:57.919192+0700,103.195.142.3,72.52.101.46,53,49519,UDP,flow,failed,403846863158085,,1,1,0,147,0,0.0,1,147,0,none,0,none,0,0,0,no_alert_unknown,no_alert_not_final_benign,-1,dns,port
2025-07-19T23:02:57.919266+0700,103.195.142.196,87.98.154.119,53,32707,UDP,flow,failed,201902333852558,,1,1,0,1437,0,0.0,1,1437,0,none,0,none,0,0,0,no_alert_unknown,no_alert_not_final_benign,-1,dns,port
2025-07-19T23:02:57.919320+0700,103.195.142.2,172.70.116.71,53,43037,UDP,flow,failed,9353494559660,,1,1,0,160,0,0.0,1,160,0,none,0,none,0,0,0,no_alert_unknown,no_alert_not_final_benign,-1,dns,port
2025-07-19T23:02:57.919358+0700,103.195.142.165,87.98.154.13,53,20944,UDP,flow,failed,159501690698694,,1,1,0,1437,0,0.0,1,1437,0,none,0,none,0,0,0,no_alert_unknown,no_alert_not_final_benign,-1,dns,port
2025-07-19T23:02:57.919401+0700,103.195.142.3,13.105.68.203,53,60689,UDP,flow,failed,414633100737666,,1,1,0,182,0,0.0,1,182,0,none,0,none,0,0,0,no_alert_unknown,no_alert_not_final_benign,-1,dns,port
2025-07-19T23:02:57.919441+0700,103.195.142.195,87.98.154.119,53,22928,UDP,flow,failed,253128145796326,,1,1,0,1437,0,0.0,1,1437,0,none,0,none,0,0,0,no_alert_unknown,no_alert_not_final_benign,-1,dns,port
2025-07-19T23:02:57.919505+0700,103.195.142.109,87.98.154.119,53,55714,UDP,flow,failed,298716285205747,,1,1,0,1437,0,0.0,1,1437,0,none,0,none,0,0,0,no_alert_unknown,no_alert_not_final_benign,-1,dns,port
2025-07-19T23:02:57.919542+0700,103.195.142.75,8.8.8.8,21671,53,UDP,flow,dns,324251793980779,,1,1,0,232,0,0.0,1,232,0,none,0,none,0,0,0,no_alert_unknown,no_alert_not_final_benign,-1,dns,app_proto+port
2025-07-19T23:02:57.919608+0700,103.195.142.196,87.98.154.119,53,55882,UDP,flow,failed,84398121450872,,1,1,0,1437,0,0.0,1,1437,0,none,0,none,0,0,0,no_alert_unknown,no_alert_not_final_benign,-1,dns,port
2025-07-19T23:02:57.919701+0700,103.195.142.2,13.105.164.205,53,11863,UDP,flow,failed,67457734639155,,1,1,0,127,0,0.0,1,127,0,none,0,none,0,0,0,no_alert_unknown,no_alert_not_final_benign,-1,dns,port
2025-07-19T23:02:57.919855+0700,103.195.142.2,172.253.211.81,53,45051,UDP,flow,failed,526826382393342,,1,1,0,161,0,0.0,1,161,0,none,0,none,0,0,0,no_alert_unknown,no_alert_not_final_benign,-1,dns,port
2025-07-19T23:02:57.919895+0700,103.195.142.74,202.134.0.155,63539,53,UDP,flow,dns,203163191640167,,1,1,0,111,0,0.0,1,111,0,none,0,none,0,0,0,no_alert_unknown,no_alert_not_final_benign,-1,dns,app_proto+port
2025-07-19T23:02:57.919954+0700,103.195.142.2,93.158.164.230,53,4855,UDP,flow,failed,265058727133679,,1,1,0,181,0,0.0,1,181,0,none,0,none,0,0,0,no_alert_unknown,no_alert_not_final_benign,-1,dns,port
2025-07-19T23:02:57.920129+0700,103.195.142.74,118.98.44.20,3078,53,UDP,flow,dns,189963223139035,,1,1,0,74,0,0.0,1,74,0,none,0,none,0,0,0,no_alert_unknown,no_alert_not_final_benign,-1,dns,app_proto+port
2025-07-19T23:02:57.920150+0700,103.195.142.31,8.8.8.8,5686,53,UDP,flow,dns,119053055329046,,1,1,0,74,0,0.0,1,74,0,none,0,none,0,0,0,no_alert_unknown,no_alert_not_final_benign,-1,dns,app_proto+port
2025-07-19T23:02:57.920257+0700,103.195.142.74,118.98.44.50,15347,53,UDP,flow,dns,555636695401750,,1,1,0,77,0,0.0,1,77,0,none,0,none,0,0,0,no_alert_unknown,no_alert_not_final_benign,-1,dns,app_proto+port
2025-07-19T23:02:57.920278+0700,103.195.142.83,87.98.154.117,53,40558,UDP,flow,failed,204565255390500,,1,1,0,1190,0,0.0,1,1190,0,none,0,none,0,0,0,no_alert_unknown,no_alert_not_final_benign,-1,dns,port
2025-07-19T23:02:57.920297+0700,103.195.142.74,118.98.44.20,40727,53,UDP,flow,dns,417302038480172,,1,1,0,74,0,0.0,1,74,0,none,0,none,0,0,0,no_alert_unknown,no_alert_not_final_benign,-1,dns,app_proto+port
2025-07-19T23:02:57.920344+0700,103.195.142.3,13.105.68.205,53,28368,UDP,flow,failed,189199419016761,,1,1,0,182,0,0.0,1,182,0,none,0,none,0,0,0,no_alert_unknown,no_alert_not_final_benign,-1,dns,port
2025-07-19T23:02:57.920386+0700,103.195.142.74,118.98.44.50,40524,53,UDP,flow,dns,3016249411304,,1,1,0,211,0,0.0,1,211,0,none,0,none,0,0,0,no_alert_unknown,no_alert_not_final_benign,-1,dns,app_proto+port
2025-07-19T23:02:57.920406+0700,103.195.142.74,118.98.44.50,23064,53,UDP,flow,dns,562106539280230,,1,1,0,241,0,0.0,1,241,0,none,0,none,0,0,0,no_alert_unknown,no_alert_not_final_benign,-1,dns,app_proto+port
2025-07-19T23:02:57.920426+0700,103.195.142.76,87.98.154.178,53,51157,UDP,flow,failed,125349863458768,,1,1,0,1469,0,0.0,1,1469,0,none,0,none,0,0,0,no_alert_unknown,no_alert_not_final_benign,-1,dns,port
2025-07-19T23:02:57.920449+0700,103.195.142.109,87.98.154.61,53,20529,UDP,flow,failed,348132390307807,,1,1,0,1437,0,0.0,1,1437,0,none,0,none,0,0,0,no_alert_unknown,no_alert_not_final_benign,-1,dns,port
2025-07-19T23:02:57.920468+0700,103.195.142.83,87.98.154.202,53,24421,UDP,flow,failed,523596695638,,1,1,0,1190,0,0.0,1,1190,0,none,0,none,0,0,0,no_alert_unknown,no_alert_not_final_benign,-1,dns,port
2025-07-19T23:02:57.920498+0700,103.195.142.74,202.134.0.155,63822,53,UDP,flow,dns,96508842313876,,1,1,0,214,0,0.0,1,214,0,none,0,none,0,0,0,no_alert_unknown,no_alert_not_final_benign,-1,dns,app_proto+port
2025-07-19T23:02:57.920519+0700,103.195.142.196,87.98.154.129,53,2148,UDP,flow,failed,1977675635132786,,1,3,0,4311,0,10.0,3,4311,0,none,0,none,0,0,0,no_alert_unknown,no_alert_not_final_benign,-1,dns,port
2025-07-19T23:02:57.920541+0700,103.195.142.74,202.134.0.155,29416,53,UDP,flow,dns,96229554424212,,1,1,0,68,0,0.0,1,68,0,none,0,none,0,0,0,no_alert_unknown,no_alert_not_final_benign,-1,dns,app_proto+port
2025-07-19T23:02:57.920560+0700,103.195.142.46,87.98.154.119,53,4580,UDP,flow,failed,264456773667297,,1,1,0,1437,0,0.0,1,1437,0,none,0,none,0,0,0,no_alert_unknown,no_alert_not_final_benign,-1,dns,port
2025-07-19T23:02:57.920584+0700,103.195.142.2,93.158.164.230,53,45219,UDP,flow,failed,262920293485247,,1,1,0,154,0,0.0,1,154,0,none,0,none,0,0,0,no_alert_unknown,no_alert_not_final_benign,-1,dns,port
2025-07-19T23:02:57.920603+0700,103.195.142.74,118.98.44.100,37712,53,UDP,flow,dns,44578337295041,,1,1,0,232,0,0.0,1,232,0,none,0,none,0,0,0,no_alert_unknown,no_alert_not_final_benign,-1,dns,app_proto+port
2025-07-19T23:02:57.920623+0700,103.195.142.2,13.105.164.214,53,16927,UDP,flow,failed,427537871571872,,1,1,0,127,0,0.0,1,127,0,none,0,none,0,0,0,no_alert_unknown,no_alert_not_final_benign,-1,dns,port
2025-07-19T23:02:57.920641+0700,103.195.142.46,87.98.154.51,53,35429,UDP,flow,failed,346050511014952,,1,1,0,1437,0,0.0,1,1437,0,none,0,none,0,0,0,no_alert_unknown,no_alert_not_final_benign,-1,dns,port
2025-07-19T23:02:57.920660+0700,103.195.142.2,52.137.68.108,53,62088,UDP,flow,failed,485800045022270,,1,1,0,178,0,0.0,1,178,0,none,0,none,0,0,0,no_alert_unknown,no_alert_not_final_benign,-1,dns,port
2025-07-19T23:02:57.920678+0700,103.195.142.74,118.98.44.50,55040,53,UDP,flow,dns,119619124431973,,1,1,0,87,0,0.0,1,87,0,none,0,none,0,0,0,no_alert_unknown,no_alert_not_final_benign,-1,dns,app_proto+port
2025-07-19T23:02:57.920698+0700,103.195.142.75,8.8.8.8,14524,53,UDP,flow,dns,23786398715094,,1,1,0,80,0,0.0,1,80,0,none,0,none,0,0,0,no_alert_unknown,no_alert_not_final_benign,-1,dns,app_proto+port
2025-07-19T23:02:57.920741+0700,103.195.142.165,87.98.154.221,53,48618,UDP,flow,failed,193300246072549,,1,1,0,1437,0,0.0,1,1437,0,none,0,none,0,0,0,no_alert_unknown,no_alert_not_final_benign,-1,dns,port
2025-07-19T23:02:57.920784+0700,103.195.142.74,118.98.44.50,14355,53,UDP,flow,dns,387929645682028,,1,1,0,102,0,0.0,1,102,0,none,0,none,0,0,0,no_alert_unknown,no_alert_not_final_benign,-1,dns,app_proto+port
2025-07-19T23:02:57.922167+0700,103.195.142.108,8.8.8.8,1900,53,UDP,dns,,1216074754602613,wire/pcap,0,0,0,0,0,0.0,0,0,0,none,0,none,0,0,0,no_alert_unknown,no_alert_not_final_benign,-1,dns,port
2025-07-19T23:02:57.933000+0700,103.195.142.74,202.134.0.155,63545,53,UDP,dns,,348032278324752,wire/pcap,0,0,0,0,0,0.0,0,0,0,none,0,none,0,0,0,no_alert_unknown,no_alert_not_final_benign,-1,dns,port
2025-07-19T23:02:57.969234+0700,103.195.142.74,118.98.44.50,29339,53,UDP,dns,,503656644438690,wire/pcap,0,0,0,0,0,0.0,0,0,0,none,0,none,0,0,0,no_alert_unknown,no_alert_not_final_benign,-1,dns,port
2025-07-19T23:02:57.985736+0700,103.195.142.74,118.98.44.50,15939,53,UDP,dns,,293055342394319,wire/pcap,0,0,0,0,0,0.0,0,0,0,none,0,none,0,0,0,no_alert_unknown,no_alert_not_final_benign,-1,dns,port
2025-07-19T23:02:57.991921+0700,103.195.142.74,118.98.44.50,1528,53,UDP,dns,,319622500300455,wire/pcap,0,0,0,0,0,0.0,0,0,0,none,0,none,0,0,0,no_alert_unknown,no_alert_not_final_benign,-1,dns,port
2025-07-19T23:02:57.992073+0700,103.195.142.74,118.98.44.50,36644,53,UDP,dns,,320272936952854,wire/pcap,0,0,0,0,0,0.0,0,0,0,none,0,none,0,0,0,no_alert_unknown,no_alert_not_final_benign,-1,dns,port
2025-07-19T23:02:57.992401+0700,103.195.142.74,118.98.44.100,14664,53,UDP,dns,,321681508155229,wire/pcap,0,0,0,0,0,0.0,0,0,0,none,0,none,0,0,0,no_alert_unknown,no_alert_not_final_benign,-1,dns,port
2025-07-19T23:02:57.992694+0700,103.195.142.75,8.8.8.8,45811,53,UDP,dns,,322941501261230,wire/pcap,0,0,0,0,0,0.0,0,0,0,none,0,none,0,0,0,no_alert_unknown,no_alert_not_final_benign,-1,dns,port
2025-07-19T23:02:58.014087+0700,103.195.142.74,118.98.44.20,17465,53,UDP,dns,,623457162362455,wire/pcap,0,0,0,0,0,0.0,0,0,0,none,0,none,0,0,0,no_alert_unknown,no_alert_not_final_benign,-1,dns,port
2025-07-19T23:02:58.024411+0700,103.195.142.74,118.98.44.100,41959,53,UDP,dns,,667796558150685,wire/pcap,0,0,0,0,0,0.0,0,0,0,none,0,none,0,0,0,no_alert_unknown,no_alert_not_final_benign,-1,dns,port
2025-07-19T23:02:58.030781+0700,103.195.142.74,118.98.44.100,51741,53,UDP,flow,dns,1101552108309113,,1,1,0,68,0,0.0,1,68,0,none,0,none,0,0,0,no_alert_unknown,no_alert_not_final_benign,-1,dns,app_proto+port
2025-07-19T23:02:58.050204+0700,103.195.142.75,8.8.8.8,36100,53,UDP,dns,,778576768144122,wire/pcap,0,0,0,0,0,0.0,0,0,0,none,0,none,0,0,0,no_alert_unknown,no_alert_not_final_benign,-1,dns,port
2025-07-19T23:02:58.062669+0700,103.195.142.74,202.134.0.155,51177,53,UDP,dns,,832114173643978,wire/pcap,0,0,0,0,0,0.0,0,0,0,none,0,none,0,0,0,no_alert_unknown,no_alert_not_final_benign,-1,dns,port
2025-07-19T23:02:58.073616+0700,103.195.142.74,118.98.44.20,40791,53,UDP,flow,dns,774970296445235,,1,1,0,243,0,0.0,1,243,0,none,0,none,0,0,0,no_alert_unknown,no_alert_not_final_benign,-1,dns,app_proto+port
2025-07-19T23:02:58.077272+0700,103.195.142.74,202.134.0.155,58256,53,UDP,dns,,613355787636736,wire/pcap,0,0,0,0,0,0.0,0,0,0,none,0,none,0,0,0,no_alert_unknown,no_alert_not_final_benign,-1,dns,port
2025-07-19T23:02:58.077459+0700,103.195.142.74,118.98.44.100,53745,53,UDP,dns,,614159683952851,wire/pcap,0,0,0,0,0,0.0,0,0,0,none,0,none,0,0,0,no_alert_unknown,no_alert_not_final_benign,-1,dns,port
2025-07-19T23:02:58.105542+0700,103.195.142.74,118.98.44.50,4194,53,UDP,dns,,734776143857907,wire/pcap,0,0,0,0,0,0.0,0,0,0,none,0,none,0,0,0,no_alert_unknown,no_alert_not_final_benign,-1,dns,port
2025-07-19T23:02:58.119488+0700,103.195.142.109,87.98.154.119,53,37641,UDP,flow,failed,543227810934673,,1,1,0,1437,0,0.0,1,1437,0,none,0,none,0,0,0,no_alert_unknown,no_alert_not_final_benign,-1,dns,port
2025-07-19T23:02:58.120981+0700,103.195.142.74,118.98.44.50,53453,53,UDP,dns,,801088585503313,wire/pcap,0,0,0,0,0,0.0,0,0,0,none,0,none,0,0,0,no_alert_unknown,no_alert_not_final_benign,-1,dns,port
2025-07-19T23:02:58.173696+0700,103.195.142.75,8.8.8.8,21324,53,UDP,dns,,746020581630684,wire/pcap,0,0,0,0,0,0.0,0,0,0,none,0,none,0,0,0,no_alert_unknown,no_alert_not_final_benign,-1,dns,port
2025-07-19T23:02:58.173841+0700,103.195.142.74,118.98.44.100,46761,53,UDP,dns,,746641555745320,wire/pcap,0,0,0,0,0,0.0,0,0,0,none,0,none,0,0,0,no_alert_unknown,no_alert_not_final_benign,-1,dns,port
2025-07-19T23:02:58.173926+0700,103.195.142.74,118.98.44.50,18883,53,UDP,dns,,747010429636589,wire/pcap,0,0,0,0,0,0.0,0,0,0,none,0,none,0,0,0,no_alert_unknown,no_alert_not_final_benign,-1,dns,port
2025-07-19T23:02:58.175481+0700,103.195.142.74,216.38.8.121,12125,53,UDP,dns,,753687546645107,wire/pcap,0,0,0,0,0,0.0,0,0,0,none,0,none,0,0,0,no_alert_unknown,no_alert_not_final_benign,-1,dns,port
2025-07-19T23:02:58.184269+0700,103.195.142.74,118.98.44.20,14771,53,UDP,dns,,791430813830245,wire/pcap,0,0,0,0,0,0.0,0,0,0,none,0,none,0,0,0,no_alert_unknown,no_alert_not_final_benign,-1,dns,port
2025-07-19T23:02:58.196856+0700,103.195.142.75,8.8.8.8,63909,53,UDP,dns,,564016426614782,wire/pcap,0,0,0,0,0,0.0,0,0,0,none,0,none,0,0,0,no_alert_unknown,no_alert_not_final_benign,-1,dns,port
2025-07-19T23:02:58.206755+0700,103.195.142.75,8.8.8.8,47094,53,UDP,dns,,606533975445373,wire/pcap,0,0,0,0,0,0.0,0,0,0,none,0,none,0,0,0,no_alert_unknown,no_alert_not_final_benign,-1,dns,port
2025-07-19T23:02:58.216575+0700,103.195.142.75,8.8.8.8,8010,53,UDP,dns,,648708605127026,wire/pcap,0,0,0,0,0,0.0,0,0,0,none,0,none,0,0,0,no_alert_unknown,no_alert_not_final_benign,-1,dns,port
2025-07-19T23:02:58.233754+0700,103.195.142.75,8.8.8.8,43840,53,UDP,dns,,722492254669339,wire/pcap,0,0,0,0,0,0.0,0,0,0,none,0,none,0,0,0,no_alert_unknown,no_alert_not_final_benign,-1,dns,port
2025-07-19T23:02:58.259502+0700,103.195.142.74,118.98.44.20,17121,53,UDP,dns,,833077988225512,wire/pcap,0,0,0,0,0,0.0,0,0,0,none,0,none,0,0,0,no_alert_unknown,no_alert_not_final_benign,-1,dns,port
2025-07-19T23:02:58.268271+0700,103.195.142.75,8.8.8.8,63982,53,UDP,dns,,589267312386595,wire/pcap,0,0,0,0,0,0.0,0,0,0,none,0,none,0,0,0,no_alert_unknown,no_alert_not_final_benign,-1,dns,port
2025-07-19T23:02:58.286984+0700,103.195.142.74,118.98.44.100,43824,53,UDP,dns,,669640560716305,wire/pcap,0,0,0,0,0,0.0,0,0,0,none,0,none,0,0,0,no_alert_unknown,no_alert_not_final_benign,-1,dns,port
2025-07-19T23:02:58.307923+0700,103.195.142.74,118.98.44.20,46770,53,UDP,dns,,759569633521883,wire/pcap,0,0,0,0,0,0.0,0,0,0,none,0,none,0,0,0,no_alert_unknown,no_alert_not_final_benign,-1,dns,port
2025-07-19T23:02:58.342670+0700,103.195.142.75,8.8.8.8,28177,53,UDP,dns,,627334088641710,wire/pcap,0,0,0,0,0,0.0,0,0,0,none,0,none,0,0,0,no_alert_unknown,no_alert_not_final_benign,-1,dns,port
2025-07-19T23:02:58.356291+0700,103.195.142.74,118.98.44.100,46815,53,UDP,dns,,685835812140132,wire/pcap,0,0,0,0,0,0.0,0,0,0,none,0,none,0,0,0,no_alert_unknown,no_alert_not_final_benign,-1,dns,port
2025-07-19T23:02:58.364655+0700,103.195.142.75,8.8.8.8,61743,53,UDP,dns,,721760062002318,wire/pcap,0,0,0,0,0,0.0,0,0,0,none,0,none,0,0,0,no_alert_unknown,no_alert_not_final_benign,-1,dns,port
2025-07-19T23:02:58.380899+0700,103.195.142.74,118.98.44.100,12793,53,UDP,dns,,791524803198843,wire/pcap,0,0,0,0,0,0.0,0,0,0,none,0,none,0,0,0,no_alert_unknown,no_alert_not_final_benign,-1,dns,port
2025-07-19T23:02:58.428899+0700,103.195.142.75,50.116.34.34,4620,53,UDP,dns,,716208970822775,wire/pcap,0,0,0,0,0,0.0,0,0,0,none,0,none,0,0,0,no_alert_unknown,no_alert_not_final_benign,-1,dns,port
2025-07-19T23:02:58.431056+0700,103.195.142.74,118.98.44.20,29191,53,UDP,dns,,725474237836098,wire/pcap,0,0,0,0,0,0.0,0,0,0,none,0,none,0,0,0,no_alert_unknown,no_alert_not_final_benign,-1,dns,port
2025-07-19T23:02:58.443166+0700,103.195.142.74,216.38.8.121,27081,53,UDP,dns,,777487790403618,wire/pcap,0,0,0,0,0,0.0,0,0,0,none,0,none,0,0,0,no_alert_unknown,no_alert_not_final_benign,-1,dns,port
2025-07-19T23:02:58.536104+0700,103.195.142.75,8.8.8.8,48747,53,UDP,dns,,613701028388769,wire/pcap,0,0,0,0,0,0.0,0,0,0,none,0,none,0,0,0,no_alert_unknown,no_alert_not_final_benign,-1,dns,port
2025-07-19T23:02:58.561524+0700,103.195.142.74,118.98.44.100,18179,53,UDP,dns,,722881033603092,wire/pcap,0,0,0,0,0,0.0,0,0,0,none,0,none,0,0,0,no_alert_unknown,no_alert_not_final_benign,-1,dns,port
2025-07-19T23:02:58.589386+0700,103.195.142.74,202.134.0.155,12768,53,UDP,dns,,842546472658789,wire/pcap,0,0,0,0,0,0.0,0,0,0,none,0,none,0,0,0,no_alert_unknown,no_alert_not_final_benign,-1,dns,port
2025-07-19T23:02:58.620731+0700,103.195.142.74,118.98.44.50,9014,53,UDP,dns,,695698092275329,wire/pcap,0,0,0,0,0,0.0,0,0,0,none,0,none,0,0,0,no_alert_unknown,no_alert_not_final_benign,-1,dns,port
2025-07-19T23:02:58.620784+0700,103.195.142.74,118.98.44.20,42973,53,UDP,dns,,695924755072638,wire/pcap,0,0,0,0,0,0.0,0,0,0,none,0,none,0,0,0,no_alert_unknown,no_alert_not_final_benign,-1,dns,port
2025-07-19T23:02:58.620898+0700,103.195.142.74,118.98.44.50,16755,53,UDP,dns,,696413734605494,wire/pcap,0,0,0,0,0,0.0,0,0,0,none,0,none,0,0,0,no_alert_unknown,no_alert_not_final_benign,-1,dns,port
2025-07-19T23:02:58.650889+0700,103.195.142.74,118.98.44.50,59017,53,UDP,dns,,825224987250843,wire/pcap,0,0,0,0,0,0.0,0,0,0,none,0,none,0,0,0,no_alert_unknown,no_alert_not_final_benign,-1,dns,port
2025-07-19T23:02:58.660073+0700,103.195.142.74,118.98.44.20,9971,53,UDP,dns,,583195684800533,wire/pcap,0,0,0,0,0,0.0,0,0,0,none,0,none,0,0,0,no_alert_unknown,no_alert_not_final_benign,-1,dns,port
2025-07-19T23:02:58.661271+0700,103.195.142.74,118.98.44.50,46629,53,UDP,dns,,588341110572451,wire/pcap,0,0,0,0,0,0.0,0,0,0,none,0,none,0,0,0,no_alert_unknown,no_alert_not_final_benign,-1,dns,port
2025-07-19T23:02:58.706136+0700,103.195.142.74,118.98.44.100,54968,53,UDP,dns,,781034130482872,wire/pcap,0,0,0,0,0,0.0,0,0,0,none,0,none,0,0,0,no_alert_unknown,no_alert_not_final_benign,-1,dns,port
2025-07-19T23:02:58.714360+0700,103.195.142.2,118.98.101.75,53,7329,UDP,flow,failed,653679043765281,,1,1,0,132,0,0.0,1,132,0,none,0,none,0,0,0,no_alert_unknown,no_alert_not_final_benign,-1,dns,port
2025-07-19T23:02:58.716320+0700,103.195.142.74,202.134.0.155,29455,53,UDP,dns,,824771223515908,wire/pcap,0,0,0,0,0,0.0,0,0,0,none,0,none,0,0,0,no_alert_unknown,no_alert_not_final_benign,-1,dns,port
2025-07-19T23:02:58.719198+0700,103.195.142.75,8.8.8.8,52770,53,UDP,dns,,837133102019693,wire/pcap,0,0,0,0,0,0.0,0,0,0,none,0,none,0,0,0,no_alert_unknown,no_alert_not_final_benign,-1,dns,port
2025-07-19T23:02:58.735543+0700,103.195.142.74,118.98.44.50,32306,53,UDP,dns,,625860176796745,wire/pcap,0,0,0,0,0,0.0,0,0,0,none,0,none,0,0,0,no_alert_unknown,no_alert_not_final_benign,-1,dns,port
2025-07-19T23:02:58.735693+0700,103.195.142.109,87.98.154.119,53,14930,UDP,flow,failed,612325346008137,,1,1,0,1437,0,0.0,1,1437,0,none,0,none,0,0,0,no_alert_unknown,no_alert_not_final_benign,-1,dns,port
2025-07-19T23:02:58.752306+0700,103.195.142.109,87.98.154.197,53,15753,UDP,flow,failed,646435290826152,,1,1,0,1437,0,0.0,1,1437,0,none,0,none,0,0,0,no_alert_unknown,no_alert_not_final_benign,-1,dns,port
2025-07-19T23:02:58.755874+0700,103.195.142.75,8.8.8.8,19403,53,UDP,flow,dns,452911327277638,,1,1,0,81,0,0.0,1,81,0,none,0,none,0,0,0,no_alert_unknown,no_alert_not_final_benign,-1,dns,app_proto+port
2025-07-19T23:02:58.761918+0700,103.195.142.75,8.8.8.8,11321,53,UDP,dns,,739141991243403,wire/pcap,0,0,0,0,0,0.0,0,0,0,none,0,none,0,0,0,no_alert_unknown,no_alert_not_final_benign,-1,dns,port
2025-07-19T23:02:58.765964+0700,103.195.142.74,118.98.44.100,43082,53,UDP,dns,,756518692327427,wire/pcap,0,0,0,0,0,0.0,0,0,0,none,0,none,0,0,0,no_alert_unknown,no_alert_not_final_benign,-1,dns,port
2025-07-19T23:02:58.772095+0700,103.195.142.74,118.98.44.50,53117,53,UDP,dns,,782849861937539,wire/pcap,0,0,0,0,0,0.0,0,0,0,none,0,none,0,0,0,no_alert_unknown,no_alert_not_final_benign,-1,dns,port
2025-07-19T23:02:58.812869+0700,103.195.142.74,118.98.44.100,9381,53,UDP,dns,,676498135310630,wire/pcap,0,0,0,0,0,0.0,0,0,0,none,0,none,0,0,0,no_alert_unknown,no_alert_not_final_benign,-1,dns,port
2025-07-19T23:02:58.821584+0700,103.195.142.74,118.98.44.50,63738,53,UDP,dns,,713930022157887,wire/pcap,0,0,0,0,0,0.0,0,0,0,none,0,none,0,0,0,no_alert_unknown,no_alert_not_final_benign,-1,dns,port
2025-07-19T23:02:58.860881+0700,103.195.142.74,118.98.44.20,32199,53,UDP,dns,,601232165812898,wire/pcap,0,0,0,0,0,0.0,0,0,0,none,0,none,0,0,0,no_alert_unknown,no_alert_not_final_benign,-1,dns,port
2025-07-19T23:02:58.865985+0700,103.195.142.74,118.98.44.20,41962,53,UDP,dns,,623155925326358,wire/pcap,0,0,0,0,0,0.0,0,0,0,none,0,none,0,0,0,no_alert_unknown,no_alert_not_final_benign,-1,dns,port
2025-07-19T23:02:58.890263+0700,103.195.142.74,118.98.44.20,52342,53,UDP,dns,,727426539088178,wire/pcap,0,0,0,0,0,0.0,0,0,0,none,0,none,0,0,0,no_alert_unknown,no_alert_not_final_benign,-1,dns,port
2025-07-19T23:02:58.897038+0700,103.195.142.46,87.98.154.119,53,55146,UDP,flow,failed,829006099746194,,1,1,0,1437,0,0.0,1,1437,0,none,0,none,0,0,0,no_alert_unknown,no_alert_not_final_benign,-1,dns,port
2025-07-19T23:02:58.897118+0700,103.195.142.2,172.70.116.71,53,39844,UDP,flow,failed,359900716240417,,1,1,0,147,0,0.0,1,147,0,none,0,none,0,0,0,no_alert_unknown,no_alert_not_final_benign,-1,dns,port
2025-07-19T23:02:58.897146+0700,103.195.142.46,87.98.154.175,53,5910,UDP,flow,failed,423715113176753,,1,1,0,1437,0,0.0,1,1437,0,none,0,none,0,0,0,no_alert_unknown,no_alert_not_final_benign,-1,dns,port
2025-07-19T23:02:58.897196+0700,103.195.142.76,87.98.154.6,53,5360,UDP,flow,failed,89929415036723,,1,1,0,1469,0,0.0,1,1469,0,none,0,none,0,0,0,no_alert_unknown,no_alert_not_final_benign,-1,dns,port
2025-07-19T23:02:58.897244+0700,103.195.142.109,87.98.154.233,53,60115,UDP,flow,failed,262950516068305,,1,1,0,1437,0,0.0,1,1437,0,none,0,none,0,0,0,no_alert_unknown,no_alert_not_final_benign,-1,dns,port
2025-07-19T23:02:58.897264+0700,103.195.142.74,118.98.44.20,35923,53,UDP,flow,dns,577661893775445,,1,1,0,68,0,0.0,1,68,0,none,0,none,0,0,0,no_alert_unknown,no_alert_not_final_benign,-1,dns,app_proto+port
2025-07-19T23:02:58.897308+0700,103.195.142.109,87.98.154.119,53,53239,UDP,flow,failed,813009533440283,,1,1,0,1437,0,0.0,1,1437,0,none,0,none,0,0,0,no_alert_unknown,no_alert_not_final_benign,-1,dns,port
2025-07-19T23:02:58.897363+0700,103.195.142.83,87.98.154.118,53,59585,UDP,flow,failed,2788275097946,,1,1,0,1190,0,0.0,1,1190,0,none,0,none,0,0,0,no_alert_unknown,no_alert_not_final_benign,-1,dns,port
2025-07-19T23:02:58.897382+0700,103.195.142.195,87.98.154.119,53,35816,UDP,flow,failed,426893165040003,,1,1,0,1437,0,0.0,1,1437,0,none,0,none,0,0,0,no_alert_unknown,no_alert_not_final_benign,-1,dns,port
2025-07-19T23:02:58.897407+0700,103.195.142.75,8.8.8.8,29065,53,UDP,flow,dns,1524902640849368,,1,2,0,492,0,4.0,2,492,0,none,0,none,0,0,0,no_alert_unknown,no_alert_not_final_benign,-1,dns,app_proto+port
2025-07-19T23:02:58.897539+0700,103.195.142.46,87.98.154.227,53,52971,UDP,flow,failed,684525917082396,,1,1,0,1437,0,0.0,1,1437,0,none,0,none,0,0,0,no_alert_unknown,no_alert_not_final_benign,-1,dns,port
2025-07-19T23:02:58.897577+0700,103.195.142.165,87.98.154.105,53,3174,UDP,flow,failed,248307545117496,,1,1,0,1437,0,0.0,1,1437,0,none,0,none,0,0,0,no_alert_unknown,no_alert_not_final_benign,-1,dns,port
2025-07-19T23:02:58.897637+0700,103.195.142.76,87.98.154.119,53,15736,UDP,flow,failed,334719774724973,,1,1,0,1469,0,0.0,1,1469,0,none,0,none,0,0,0,no_alert_unknown,no_alert_not_final_benign,-1,dns,port
2025-07-19T23:02:58.897676+0700,103.195.142.75,8.8.8.8,21999,53,UDP,flow,dns,415766791951315,,1,1,0,196,0,0.0,1,196,0,none,0,none,0,0,0,no_alert_unknown,no_alert_not_final_benign,-1,dns,app_proto+port
2025-07-19T23:02:58.897699+0700,103.195.142.83,87.98.154.119,53,20554,UDP,flow,failed,799077416408045,,1,1,0,1190,0,0.0,1,1190,0,none,0,none,0,0,0,no_alert_unknown,no_alert_not_final_benign,-1,dns,port
2025-07-19T23:02:58.897718+0700,103.195.142.74,118.98.44.20,50349,53,UDP,flow,dns,259104874337263,,1,1,0,178,0,0.0,1,178,0,none,0,none,0,0,0,no_alert_unknown,no_alert_not_final_benign,-1,dns,app_proto+port
2025-07-19T23:02:58.897741+0700,103.195.142.195,87.98.154.76,53,22777,UDP,flow,failed,829279523017721,,1,1,0,1437,0,0.0,1,1437,0,none,0,none,0,0,0,no_alert_unknown,no_alert_not_final_benign,-1,dns,port
2025-07-19T23:02:58.897768+0700,103.195.142.46,87.98.154.207,53,24259,UDP,flow,failed,466691454702592,,1,1,0,1437,0,0.0,1,1437,0,none,0,none,0,0,0,no_alert_unknown,no_alert_not_final_benign,-1,dns,port
2025-07-19T23:02:58.897836+0700,103.195.142.83,87.98.154.206,53,25376,UDP,flow,failed,561260001137746,,1,1,0,1190,0,0.0,1,1190,0,none,0,none,0,0,0,no_alert_unknown,no_alert_not_final_benign,-1,dns,port
2025-07-19T23:02:58.897855+0700,103.195.142.2,13.66.202.88,53,56289,UDP,flow,failed,245331695211629,,1,1,0,167,0,0.0,1,167,0,none,0,none,0,0,0,no_alert_unknown,no_alert_not_final_benign,-1,dns,port
2025-07-19T23:02:58.897874+0700,103.195.142.74,202.134.0.155,1039,53,UDP,flow,dns,258218278687904,,1,1,0,89,0,0.0,1,89,0,none,0,none,0,0,0,no_alert_unknown,no_alert_not_final_benign,-1,dns,app_proto+port
2025-07-19T23:02:58.897894+0700,103.195.142.46,87.98.154.203,53,18958,UDP,flow,failed,162815582901477,,1,1,0,1437,0,0.0,1,1437,0,none,0,none,0,0,0,no_alert_unknown,no_alert_not_final_benign,-1,dns,port
2025-07-19T23:02:58.897938+0700,103.195.142.165,87.98.154.21,53,19684,UDP,flow,failed,583110699816234,,1,1,0,1437,0,0.0,1,1437,0,none,0,none,0,0,0,no_alert_unknown,no_alert_not_final_benign,-1,dns,port
2025-07-19T23:02:58.897957+0700,103.195.142.46,87.98.154.117,53,59523,UDP,flow,failed,695510256031103,,1,1,0,1437,0,0.0,1,1437,0,none,0,none,0,0,0,no_alert_unknown,no_alert_not_final_benign,-1,dns,port
2025-07-19T23:02:58.897975+0700,103.195.142.46,87.98.154.235,53,57303,UDP,flow,failed,381721070179724,,1,1,0,1437,0,0.0,1,1437,0,none,0,none,0,0,0,no_alert_unknown,no_alert_not_final_benign,-1,dns,port
2025-07-19T23:02:58.897993+0700,103.195.142.2,13.105.80.79,53,63489,UDP,flow,failed,240354758661530,,1,1,0,182,0,0.0,1,182,0,none,0,none,0,0,0,no_alert_unknown,no_alert_not_final_benign,-1,dns,port
2025-07-19T23:02:58.898032+0700,103.195.142.74,118.98.44.20,45467,53,UDP,flow,dns,432017953953373,,1,1,0,184,0,0.0,1,184,0,none,0,none,0,0,0,no_alert_unknown,no_alert_not_final_benign,-1,dns,app_proto+port
2025-07-19T23:02:58.898053+0700,103.195.142.2,13.250.186.11,53,64215,UDP,flow,failed,511955229447817,,1,1,0,147,0,0.0,1,147,0,none,0,none,0,0,0,no_alert_unknown,no_alert_not_final_benign,-1,dns,port
2025-07-19T23:02:58.898077+0700,103.195.142.74,118.98.44.100,56980,53,UDP,flow,dns,342104441656990,,1,1,0,84,0,0.0,1,84,0,none,0,none,0,0,0,no_alert_unknown,no_alert_not_final_benign,-1,dns,app_proto+port
2025-07-19T23:02:58.898107+0700,103.195.142.74,118.98.44.100,3110,53,UDP,flow,dns,203727231620793,,1,1,0,184,0,0.0,1,184,0,none,0,none,0,0,0,no_alert_unknown,no_alert_not_final_benign,-1,dns,app_proto+port
2025-07-19T23:02:58.898132+0700,103.195.142.74,118.98.44.50,47645,53,UDP,flow,dns,116508381451976,,1,1,0,214,0,0.0,1,214,0,none,0,none,0,0,0,no_alert_unknown,no_alert_not_final_benign,-1,dns,app_proto+port
2025-07-19T23:02:58.898152+0700,103.195.142.3,13.105.164.214,53,47997,UDP,flow,failed,253538490816592,,1,1,0,154,0,0.0,1,154,0,none,0,none,0,0,0,no_alert_unknown,no_alert_not_final_benign,-1,dns,port
2025-07-19T23:02:58.898171+0700,103.195.142.108,8.8.8.8,23122,53,UDP,flow,dns,607592906266713,,1,1,0,68,0,0.0,1,68,0,none,0,none,0,0,0,no_alert_unknown,no_alert_not_final_benign,-1,dns,app_proto+port
2025-07-19T23:02:58.898190+0700,103.195.142.195,87.98.154.119,53,46856,UDP,flow,failed,523865388128355,,1,1,0,1437,0,0.0,1,1437,0,none,0,none,0,0,0,no_alert_unknown,no_alert_not_final_benign,-1,dns,port
2025-07-19T23:02:58.898209+0700,103.195.142.3,162.158.169.103,53,20898,UDP,flow,failed,108483355384016,,1,1,0,183,0,0.0,1,183,0,none,0,none,0,0,0,no_alert_unknown,no_alert_not_final_benign,-1,dns,port
2025-07-19T23:02:58.898252+0700,103.195.142.196,87.98.154.119,53,62971,UDP,flow,failed,825045240617425,,1,1,0,1437,0,0.0,1,1437,0,none,0,none,0,0,0,no_alert_unknown,no_alert_not_final_benign,-1,dns,port
2025-07-19T23:02:58.898335+0700,103.195.142.109,87.98.154.119,53,8537,UDP,flow,failed,438095666387499,,1,1,0,1437,0,0.0,1,1437,0,none,0,none,0,0,0,no_alert_unknown,no_alert_not_final_benign,-1,dns,port
2025-07-19T23:02:58.898377+0700,103.195.142.109,87.98.154.119,53,43535,UDP,flow,failed,78577572747942,,1,1,0,1437,0,0.0,1,1437,0,none,0,none,0,0,0,no_alert_unknown,no_alert_not_final_benign,-1,dns,port
2025-07-19T23:02:58.898431+0700,103.195.142.165,87.98.154.119,53,47054,UDP,flow,failed,404324008499906,,1,1,0,1437,0,0.0,1,1437,0,none,0,none,0,0,0,no_alert_unknown,no_alert_not_final_benign,-1,dns,port
2025-07-19T23:02:58.898451+0700,103.195.142.76,87.98.154.58,53,27562,UDP,flow,failed,386337274632903,,1,1,0,1469,0,0.0,1,1469,0,none,0,none,0,0,0,no_alert_unknown,no_alert_not_final_benign,-1,dns,port
2025-07-19T23:02:58.898497+0700,103.195.142.195,87.98.154.20,53,36992,UDP,flow,failed,735760935590600,,1,1,0,1437,0,0.0,1,1437,0,none,0,none,0,0,0,no_alert_unknown,no_alert_not_final_benign,-1,dns,port
2025-07-19T23:02:58.898541+0700,103.195.142.196,87.98.154.119,53,50127,UDP,flow,failed,207719620516595,,1,1,0,1437,0,0.0,1,1437,0,none,0,none,0,0,0,no_alert_unknown,no_alert_not_final_benign,-1,dns,port
2025-07-19T23:02:58.898571+0700,103.195.142.76,87.98.154.234,53,4134,UDP,flow,failed,355177663273827,,1,1,0,1469,0,0.0,1,1469,0,none,0,none,0,0,0,no_alert_unknown,no_alert_not_final_benign,-1,dns,port
2025-07-19T23:02:58.898613+0700,103.195.142.195,87.98.154.212,53,2546,UDP,flow,failed,598822084320218,,1,1,0,1437,0,0.0,1,1437,0,none,0,none,0,0,0,no_alert_unknown,no_alert_not_final_benign,-1,dns,port
2025-07-19T23:02:58.898632+0700,103.195.142.196,87.98.154.119,53,6737,UDP,flow,failed,113692412255244,,1,1,0,1437,0,0.0,1,1437,0,none,0,none,0,0,0,no_alert_unknown,no_alert_not_final_benign,-1,dns,port
2025-07-19T23:02:58.898669+0700,103.195.142.74,208.91.112.55,40996,53,UDP,flow,dns,371437959945250,,1,1,0,99,0,0.0,1,99,0,none,0,none,0,0,0,no_alert_unknown,no_alert_not_final_benign,-1,dns,app_proto+port
2025-07-19T23:02:58.898747+0700,103.195.142.74,118.98.44.100,20079,53,UDP,flow,dns,146082911722578,,1,1,0,232,0,0.0,1,232,0,none,0,none,0,0,0,no_alert_unknown,no_alert_not_final_benign,-1,dns,app_proto+port
2025-07-19T23:02:58.898786+0700,103.195.142.74,185.67.45.232,57472,53,UDP,flow,dns,466432047291578,,1,1,0,85,0,0.0,1,85,0,none,0,none,0,0,0,no_alert_unknown,no_alert_not_final_benign,-1,dns,app_proto+port
2025-07-19T23:02:58.898869+0700,103.195.142.74,202.134.0.155,13554,53,UDP,flow,dns,190472499797178,,1,1,0,211,0,0.0,1,211,0,none,0,none,0,0,0,no_alert_unknown,no_alert_not_final_benign,-1,dns,app_proto+port
2025-07-19T23:02:58.898906+0700,103.195.142.3,210.187.85.94,53,46275,UDP,flow,failed,241007528287421,,1,1,0,135,0,0.0,1,135,0,none,0,none,0,0,0,no_alert_unknown,no_alert_not_final_benign,-1,dns,port
2025-07-19T23:02:58.898928+0700,103.195.142.75,8.8.8.8,23141,53,UDP,flow,dns,259730474966301,,1,1,0,83,0,0.0,1,83,0,none,0,none,0,0,0,no_alert_unknown,no_alert_not_final_benign,-1,dns,app_proto+port
2025-07-19T23:02:58.898950+0700,103.195.142.165,87.98.154.77,53,25438,UDP,flow,failed,36771644808513,,1,1,0,1437,0,0.0,1,1437,0,none,0,none,0,0,0,no_alert_unknown,no_alert_not_final_benign,-1,dns,port
2025-07-19T23:02:58.898970+0700,103.195.142.74,118.98.44.20,13800,53,UDP,flow,dns,97529738927467,,1,1,0,83,0,0.0,1,83,0,none,0,none,0,0,0,no_alert_unknown,no_alert_not_final_benign,-1,dns,app_proto+port
2025-07-19T23:02:58.898990+0700,103.195.142.74,118.98.44.50,18089,53,UDP,flow,dns,634310080699760,,1,1,0,83,0,0.0,1,83,0,none,0,none,0,0,0,no_alert_unknown,no_alert_not_final_benign,-1,dns,app_proto+port
2025-07-19T23:02:58.899017+0700,103.195.142.3,13.105.164.215,53,54294,UDP,flow,failed,279314693987720,,1,1,0,182,0,0.0,1,182,0,none,0,none,0,0,0,no_alert_unknown,no_alert_not_final_benign,-1,dns,port
2025-07-19T23:02:58.899056+0700,103.195.142.74,118.98.44.100,61649,53,UDP,flow,dns,41494013320672,,1,1,0,87,0,0.0,1,87,0,none,0,none,0,0,0,no_alert_unknown,no_alert_not_final_benign,-1,dns,app_proto+port
2025-07-19T23:02:58.899076+0700,103.195.142.46,87.98.154.119,53,30900,UDP,flow,failed,28025556671970,,1,1,0,1437,0,0.0,1,1437,0,none,0,none,0,0,0,no_alert_unknown,no_alert_not_final_benign,-1,dns,port
2025-07-19T23:02:58.899149+0700,103.195.142.3,13.105.80.80,53,60389,UDP,flow,failed,224060255084030,,1,1,0,154,0,0.0,1,154,0,none,0,none,0,0,0,no_alert_unknown,no_alert_not_final_benign,-1,dns,port
2025-07-19T23:02:58.899283+0700,103.195.142.75,8.8.8.8,56104,53,UDP,flow,dns,545983491776260,,1,1,0,80,0,0.0,1,80,0,none,0,none,0,0,0,no_alert_unknown,no_alert_not_final_benign,-1,dns,app_proto+port
2025-07-19T23:02:58.899369+0700,103.195.142.74,118.98.44.20,30791,53,UDP,flow,dns,1217317465202482,,1,2,0,204,0,5.0,2,204,0,none,0,none,0,0,0,no_alert_unknown,no_alert_not_final_benign,-1,dns,app_proto+port
2025-07-19T23:02:58.899395+0700,103.195.142.74,202.134.0.155,23086,53,UDP,flow,dns,310089064030265,,1,1,0,74,0,0.0,1,74,0,none,0,none,0,0,0,no_alert_unknown,no_alert_not_final_benign,-1,dns,app_proto+port
2025-07-19T23:02:58.899418+0700,103.195.142.74,118.98.44.20,8938,53,UDP,flow,dns,209107499327597,,1,1,0,232,0,0.0,1,232,0,none,0,none,0,0,0,no_alert_unknown,no_alert_not_final_benign,-1,dns,app_proto+port
2025-07-19T23:02:58.899480+0700,103.195.142.75,8.8.8.8,56023,53,UDP,flow,dns,392623791448260,,1,1,0,232,0,0.0,1,232,0,none,0,none,0,0,0,no_alert_unknown,no_alert_not_final_benign,-1,dns,app_proto+port
2025-07-19T23:02:58.899523+0700,103.195.142.76,87.98.154.119,53,5131,UDP,flow,failed,76499096215922,,1,1,0,1469,0,0.0,1,1469,0,none,0,none,0,0,0,no_alert_unknown,no_alert_not_final_benign,-1,dns,port
2025-07-19T23:02:58.899555+0700,103.195.142.74,118.98.44.50,54175,53,UDP,flow,dns,762240199795150,,1,1,0,68,0,0.0,1,68,0,none,0,none,0,0,0,no_alert_unknown,no_alert_not_final_benign,-1,dns,app_proto+port
2025-07-19T23:02:58.899588+0700,103.195.142.3,13.105.80.77,53,32666,UDP,flow,failed,806539047510529,,1,1,0,182,0,0.0,1,182,0,none,0,none,0,0,0,no_alert_unknown,no_alert_not_final_benign,-1,dns,port
2025-07-19T23:02:58.899628+0700,103.195.142.46,87.98.154.119,53,52357,UDP,flow,failed,11189050647049,,1,1,0,1437,0,0.0,1,1437,0,none,0,none,0,0,0,no_alert_unknown,no_alert_not_final_benign,-1,dns,port
2025-07-19T23:02:58.899655+0700,103.195.142.74,118.98.44.50,20482,53,UDP,flow,dns,705884448924245,,1,1,0,90,0,0.0,1,90,0,none,0,none,0,0,0,no_alert_unknown,no_alert_not_final_benign,-1,dns,app_proto+port
2025-07-19T23:02:58.899688+0700,103.195.142.74,118.98.44.50,27402,53,UDP,flow,dns,668454159360632,,1,1,0,88,0,0.0,1,88,0,none,0,none,0,0,0,no_alert_unknown,no_alert_not_final_benign,-1,dns,app_proto+port
2025-07-19T23:02:58.899858+0700,103.195.142.83,87.98.154.118,53,55048,UDP,flow,failed,392446494221237,,1,1,0,1190,0,0.0,1,1190,0,none,0,none,0,0,0,no_alert_unknown,no_alert_not_final_benign,-1,dns,port
2025-07-19T23:02:58.899895+0700,103.195.142.2,13.105.164.214,53,22096,UDP,flow,failed,503705042068606,,1,1,0,154,0,0.0,1,154,0,none,0,none,0,0,0,no_alert_unknown,no_alert_not_final_benign,-1,dns,port
2025-07-19T23:02:58.899914+0700,103.195.142.83,87.98.154.34,53,42518,UDP,flow,failed,667911913055414,,1,1,0,1190,0,0.0,1,1190,0,none,0,none,0,0,0,no_alert_unknown,no_alert_not_final_benign,-1,dns,port
2025-07-19T23:02:58.899948+0700,103.195.142.74,118.98.44.100,39552,53,UDP,flow,dns,154842824352955,,1,1,0,241,0,0.0,1,241,0,none,0,none,0,0,0,no_alert_unknown,no_alert_not_final_benign,-1,dns,app_proto+port
2025-07-19T23:02:58.899971+0700,103.195.142.74,202.134.0.155,47348,53,UDP,flow,dns,560501554259262,,1,1,0,223,0,0.0,1,223,0,none,0,none,0,0,0,no_alert_unknown,no_alert_not_final_benign,-1,dns,app_proto+port
2025-07-19T23:02:58.900020+0700,103.195.142.3,172.217.32.152,53,46374,UDP,flow,failed,566345403835798,,1,1,0,164,0,0.0,1,164,0,none,0,none,0,0,0,no_alert_unknown,no_alert_not_final_benign,-1,dns,port
2025-07-19T23:02:58.900040+0700,103.195.142.3,13.105.164.214,53,41343,UDP,flow,failed,111550822590050,,1,1,0,154,0,0.0,1,154,0,none,0,none,0,0,0,no_alert_unknown,no_alert_not_final_benign,-1,dns,port
2025-07-19T23:02:58.900123+0700,103.195.142.83,87.98.154.118,53,42486,UDP,flow,failed,492382411728508,,1,1,0,1190,0,0.0,1,1190,0,none,0,none,0,0,0,no_alert_unknown,no_alert_not_final_benign,-1,dns,port
2025-07-19T23:02:58.900167+0700,103.195.142.195,87.98.154.248,53,47975,UDP,flow,failed,1896161447290548,,1,3,0,4311,0,10.0,3,4311,0,none,0,none,0,0,0,no_alert_unknown,no_alert_not_final_benign,-1,dns,port
2025-07-19T23:02:58.900227+0700,103.195.142.109,87.98.154.117,53,58718,UDP,flow,failed,6326329976507,,1,1,0,1437,0,0.0,1,1437,0,none,0,none,0,0,0,no_alert_unknown,no_alert_not_final_benign,-1,dns,port
2025-07-19T23:02:58.900407+0700,103.195.142.74,118.98.44.20,2828,53,UDP,flow,dns,430278592407260,,1,1,0,98,0,0.0,1,98,0,none,0,none,0,0,0,no_alert_unknown,no_alert_not_final_benign,-1,dns,app_proto+port
2025-07-19T23:02:58.900451+0700,103.195.142.83,87.98.154.234,53,44128,UDP,flow,failed,241481444861797,,1,3,0,3570,0,10.0,3,3570,0,none,0,none,0,0,0,no_alert_unknown,no_alert_not_final_benign,-1,dns,port
2025-07-19T23:02:58.900480+0700,103.195.142.195,87.98.154.192,53,38654,UDP,flow,failed,40804809156515,,1,1,0,1437,0,0.0,1,1437,0,none,0,none,0,0,0,no_alert_unknown,no_alert_not_final_benign,-1,dns,port
2025-07-19T23:02:58.900589+0700,103.195.142.74,118.98.44.100,17103,53,UDP,flow,dns,31930665314295,,1,1,0,214,0,0.0,1,214,0,none,0,none,0,0,0,no_alert_unknown,no_alert_not_final_benign,-1,dns,app_proto+port
2025-07-19T23:02:58.900647+0700,103.195.142.2,13.105.164.209,53,38404,UDP,flow,failed,218767218223228,,1,1,0,154,0,0.0,1,154,0,none,0,none,0,0,0,no_alert_unknown,no_alert_not_final_benign,-1,dns,port
2025-07-19T23:02:58.900669+0700,103.195.142.109,87.98.154.119,53,10342,UDP,flow,failed,637608052435124,,1,1,0,1437,0,0.0,1,1437,0,none,0,none,0,0,0,no_alert_unknown,no_alert_not_final_benign,-1,dns,port
2025-07-19T23:02:58.900689+0700,103.195.142.165,87.98.154.119,53,31708,UDP,flow,failed,335500545730779,,1,1,0,1437,0,0.0,1,1437,0,none,0,none,0,0,0,no_alert_unknown,no_alert_not_final_benign,-1,dns,port
2025-07-19T23:02:58.900715+0700,103.195.142.196,87.98.154.13,53,28201,UDP,flow,failed,613153272408319,,1,1,0,1437,0,0.0,1,1437,0,none,0,none,0,0,0,no_alert_unknown,no_alert_not_final_benign,-1,dns,port
2025-07-19T23:02:58.900782+0700,103.195.142.2,18.140.177.102,53,8932,UDP,flow,failed,698814099335525,,1,1,0,138,0,0.0,1,138,0,none,0,none,0,0,0,no_alert_unknown,no_alert_not_final_benign,-1,dns,port
2025-07-19T23:02:58.900871+0700,103.195.142.195,87.98.154.119,53,51560,UDP,flow,failed,533946002090369,,1,1,0,1437,0,0.0,1,1437,0,none,0,none,0,0,0,no_alert_unknown,no_alert_not_final_benign,-1,dns,port
2025-07-19T23:02:58.900906+0700,103.195.142.2,74.114.28.16,53,60820,UDP,flow,failed,226546792311211,,1,1,0,227,0,0.0,1,227,0,none,0,none,0,0,0,no_alert_unknown,no_alert_not_final_benign,-1,dns,port
2025-07-19T23:02:58.900936+0700,103.195.142.74,202.134.0.155,18380,53,UDP,flow,dns,597863516973492,,1,1,0,243,0,0.0,1,243,0,none,0,none,0,0,0,no_alert_unknown,no_alert_not_final_benign,-1,dns,app_proto+port
2025-07-19T23:02:58.900957+0700,103.195.142.165,87.98.154.249,53,36733,UDP,flow,failed,769897894357670,,1,1,0,1437,0,0.0,1,1437,0,none,0,none,0,0,0,no_alert_unknown,no_alert_not_final_benign,-1,dns,port
2025-07-19T23:02:58.900977+0700,103.195.142.3,13.105.164.209,53,15768,UDP,flow,failed,279350063573746,,1,1,0,182,0,0.0,1,182,0,none,0,none,0,0,0,no_alert_unknown,no_alert_not_final_benign,-1,dns,port
2025-07-19T23:02:58.901017+0700,103.195.142.75,8.8.8.8,3411,53,UDP,flow,dns,792076008532751,,1,1,0,110,0,0.0,1,110,0,none,0,none,0,0,0,no_alert_unknown,no_alert_not_final_benign,-1,dns,app_proto+port
2025-07-19T23:02:58.901039+0700,103.195.142.195,87.98.154.48,53,9279,UDP,flow,failed,616202439600926,,1,1,0,1437,0,0.0,1,1437,0,none,0,none,0,0,0,no_alert_unknown,no_alert_not_final_benign,-1,dns,port
2025-07-19T23:02:58.901187+0700,103.195.142.75,8.8.8.8,50661,53,UDP,flow,dns,541019093445648,,1,1,0,92,0,0.0,1,92,0,none,0,none,0,0,0,no_alert_unknown,no_alert_not_final_benign,-1,dns,app_proto+port
2025-07-19T23:02:58.901318+0700,103.195.142.165,87.98.154.119,53,12676,UDP,flow,failed,381966021209179,,1,1,0,1437,0,0.0,1,1437,0,none,0,none,0,0,0,no_alert_unknown,no_alert_not_final_benign,-1,dns,port
2025-07-19T23:02:58.901381+0700,103.195.142.195,87.98.154.119,53,2306,UDP,flow,failed,328266132860034,,1,1,0,1437,0,0.0,1,1437,0,none,0,none,0,0,0,no_alert_unknown,no_alert_not_final_benign,-1,dns,port
2025-07-19T23:02:58.901406+0700,103.195.142.74,202.134.0.155,62750,53,UDP,flow,dns,470970590997669,,1,1,0,97,0,0.0,1,97,0,none,0,none,0,0,0,no_alert_unknown,no_alert_not_final_benign,-1,dns,app_proto+port
2025-07-19T23:02:58.901475+0700,103.195.142.2,13.105.68.208,53,20022,UDP,flow,failed,418927204150449,,1,1,0,182,0,0.0,1,182,0,none,0,none,0,0,0,no_alert_unknown,no_alert_not_final_benign,-1,dns,port
2025-07-19T23:02:58.901500+0700,103.195.142.195,87.98.154.119,53,6734,UDP,flow,failed,679980171439438,,1,1,0,1437,0,0.0,1,1437,0,none,0,none,0,0,0,no_alert_unknown,no_alert_not_final_benign,-1,dns,port
2025-07-19T23:02:58.901519+0700,103.195.142.46,87.98.154.119,53,9227,UDP,flow,failed,713821350833493,,1,1,0,1437,0,0.0,1,1437,0,none,0,none,0,0,0,no_alert_unknown,no_alert_not_final_benign,-1,dns,port
2025-07-19T23:02:58.901569+0700,103.195.142.3,13.105.80.75,53,53214,UDP,flow,failed,87969718119856,,1,1,0,180,0,0.0,1,180,0,none,0,none,0,0,0,no_alert_unknown,no_alert_not_final_benign,-1,dns,port
2025-07-19T23:02:58.901606+0700,103.195.142.74,202.134.0.155,30583,53,UDP,flow,dns,416891626630606,,1,1,0,243,0,0.0,1,243,0,none,0,none,0,0,0,no_alert_unknown,no_alert_not_final_benign,-1,dns,app_proto+port
2025-07-19T23:02:58.901628+0700,103.195.142.196,87.98.154.241,53,35182,UDP,flow,failed,353031842737620,,1,1,0,1437,0,0.0,1,1437,0,none,0,none,0,0,0,no_alert_unknown,no_alert_not_final_benign,-1,dns,port
2025-07-19T23:02:58.901684+0700,103.195.142.109,87.98.154.119,53,7996,UDP,flow,failed,501638348058072,,1,1,0,1437,0,0.0,1,1437,0,none,0,none,0,0,0,no_alert_unknown,no_alert_not_final_benign,-1,dns,port
2025-07-19T23:02:58.901727+0700,103.195.142.2,13.105.164.202,53,20165,UDP,flow,failed,516184727465549,,1,1,0,127,0,0.0,1,127,0,none,0,none,0,0,0,no_alert_unknown,no_alert_not_final_benign,-1,dns,port
2025-07-19T23:02:58.901749+0700,103.195.142.196,87.98.154.213,53,5880,UDP,flow,failed,435700296167177,,1,1,0,1437,0,0.0,1,1437,0,none,0,none,0,0,0,no_alert_unknown,no_alert_not_final_benign,-1,dns,port
2025-07-19T23:02:58.901852+0700,103.195.142.196,87.98.154.119,53,63792,UDP,flow,failed,725547364888450,,1,1,0,1437,0,0.0,1,1437,0,none,0,none,0,0,0,no_alert_unknown,no_alert_not_final_benign,-1,dns,port
2025-07-19T23:02:58.901873+0700,103.195.142.74,118.98.44.50,34155,53,UDP,flow,dns,589879535775654,,1,1,0,243,0,0.0,1,243,0,none,0,none,0,0,0,no_alert_unknown,no_alert_not_final_benign,-1,dns,app_proto+port
2025-07-19T23:02:58.901898+0700,103.195.142.3,13.105.164.214,53,5961,UDP,flow,failed,330184030334887,,1,1,0,135,0,0.0,1,135,0,none,0,none,0,0,0,no_alert_unknown,no_alert_not_final_benign,-1,dns,port
2025-07-19T23:02:58.901918+0700,103.195.142.75,8.8.8.8,58932,53,UDP,flow,dns,505344569094174,,1,1,0,211,0,0.0,1,211,0,none,0,none,0,0,0,no_alert_unknown,no_alert_not_final_benign,-1,dns,app_proto+port
2025-07-19T23:02:58.901958+0700,103.195.142.74,118.98.44.20,49849,53,UDP,flow,dns,135125068853343,,1,1,0,214,0,0.0,1,214,0,none,0,none,0,0,0,no_alert_unknown,no_alert_not_final_benign,-1,dns,app_proto+port
2025-07-19T23:02:58.901995+0700,103.195.142.74,185.67.45.232,1391,53,UDP,flow,dns,443382288527508,,1,1,0,85,0,0.0,1,85,0,none,0,none,0,0,0,no_alert_unknown,no_alert_not_final_benign,-1,dns,app_proto+port
2025-07-19T23:02:58.902037+0700,103.195.142.2,13.105.80.80,53,52288,UDP,flow,failed,224120123076759,,1,1,0,154,0,0.0,1,154,0,none,0,none,0,0,0,no_alert_unknown,no_alert_not_final_benign,-1,dns,port
2025-07-19T23:02:58.902056+0700,103.195.142.109,87.98.154.21,53,6858,UDP,flow,failed,481648135680179,,1,1,0,1437,0,0.0,1,1437,0,none,0,none,0,0,0,no_alert_unknown,no_alert_not_final_benign,-1,dns,port
2025-07-19T23:02:58.902078+0700,103.195.142.46,87.98.154.119,53,32591,UDP,flow,failed,524990532071649,,1,1,0,1437,0,0.0,1,1437,0,none,0,none,0,0,0,no_alert_unknown,no_alert_not_final_benign,-1,dns,port
2025-07-19T23:02:58.902106+0700,103.195.142.76,87.98.154.94,53,14472,UDP,flow,failed,739310759948549,,1,1,0,1469,0,0.0,1,1469,0,none,0,none,0,0,0,no_alert_unknown,no_alert_not_final_benign,-1,dns,port
2025-07-19T23:02:58.902186+0700,103.195.142.74,69.16.230.48,14215,53,UDP,flow,dns,497962524455385,,1,1,0,74,0,0.0,1,74,0,none,0,none,0,0,0,no_alert_unknown,no_alert_not_final_benign,-1,dns,app_proto+port
2025-07-19T23:02:58.902207+0700,103.195.142.196,87.98.154.101,53,33537,UDP,flow,failed,134970298249742,,1,1,0,1437,0,0.0,1,1437,0,none,0,none,0,0,0,no_alert_unknown,no_alert_not_final_benign,-1,dns,port
2025-07-19T23:02:58.902248+0700,103.195.142.2,13.250.186.17,53,38831,UDP,flow,failed,511918146499097,,1,1,0,190,0,0.0,1,190,0,none,0,none,0,0,0,no_alert_unknown,no_alert_not_final_benign,-1,dns,port
2025-07-19T23:02:58.902280+0700,103.195.142.109,87.98.154.89,53,36744,UDP,flow,failed,310744875119142,,1,1,0,1437,0,0.0,1,1437,0,none,0,none,0,0,0,no_alert_unknown,no_alert_not_final_benign,-1,dns,port
2025-07-19T23:02:58.902343+0700,103.195.142.3,13.105.164.215,53,39112,UDP,flow,failed,215985757270777,,1,1,0,178,0,0.0,1,178,0,none,0,none,0,0,0,no_alert_unknown,no_alert_not_final_benign,-1,dns,port
2025-07-19T23:02:58.902368+0700,103.195.142.74,118.98.44.20,49880,53,UDP,flow,dns,265095024653050,,1,1,0,196,0,0.0,1,196,0,none,0,none,0,0,0,no_alert_unknown,no_alert_not_final_benign,-1,dns,app_proto+port
2025-07-19T23:02:58.902409+0700,103.195.142.74,118.98.44.20,35820,53,UDP,flow,dns,111389062247295,,1,1,0,232,0,0.0,1,232,0,none,0,none,0,0,0,no_alert_unknown,no_alert_not_final_benign,-1,dns,app_proto+port
2025-07-19T23:02:58.902452+0700,103.195.142.196,87.98.154.13,53,20255,UDP,flow,failed,21319256945772,,1,1,0,1437,0,0.0,1,1437,0,none,0,none,0,0,0,no_alert_unknown,no_alert_not_final_benign,-1,dns,port
2025-07-19T23:02:58.902536+0700,103.195.142.76,87.98.154.119,53,44960,UDP,flow,failed,114835359970858,,1,1,0,1469,0,0.0,1,1469,0,none,0,none,0,0,0,no_alert_unknown,no_alert_not_final_benign,-1,dns,port
2025-07-19T23:02:58.902554+0700,103.195.142.74,202.134.0.155,60208,53,UDP,flow,dns,8830290409003,,1,1,0,79,0,0.0,1,79,0,none,0,none,0,0,0,no_alert_unknown,no_alert_not_final_benign,-1,dns,app_proto+port
2025-07-19T23:02:58.902606+0700,103.195.142.3,13.105.164.214,53,54621,UDP,flow,failed,412030092621427,,1,1,0,135,0,0.0,1,135,0,none,0,none,0,0,0,no_alert_unknown,no_alert_not_final_benign,-1,dns,port
2025-07-19T23:02:58.902680+0700,103.195.142.109,87.98.154.119,53,32341,UDP,flow,failed,105253583238943,,1,1,0,1437,0,0.0,1,1437,0,none,0,none,0,0,0,no_alert_unknown,no_alert_not_final_benign,-1,dns,port
2025-07-19T23:02:58.902719+0700,103.195.142.3,13.105.164.214,53,56265,UDP,flow,failed,246327304894410,,1,1,0,182,0,0.0,1,182,0,none,0,none,0,0,0,no_alert_unknown,no_alert_not_final_benign,-1,dns,port
2025-07-19T23:02:58.902737+0700,103.195.142.3,210.187.85.94,53,50448,UDP,flow,failed,73564626597956,,1,1,0,178,0,0.0,1,178,0,none,0,none,0,0,0,no_alert_unknown,no_alert_not_final_benign,-1,dns,port
2025-07-19T23:02:58.902709+0700,103.195.142.74,202.134.0.155,37569,53,UDP,dns,,780882477171117,wire/pcap,0,0,0,0,0,0.0,0,0,0,none,0,none,0,0,0,no_alert_unknown,no_alert_not_final_benign,-1,dns,port
2025-07-19T23:02:58.902828+0700,103.195.142.83,87.98.154.119,53,25392,UDP,flow,failed,397982275254525,,1,1,0,1190,0,0.0,1,1190,0,none,0,none,0,0,0,no_alert_unknown,no_alert_not_final_benign,-1,dns,port
2025-07-19T23:02:58.902848+0700,103.195.142.74,118.98.44.50,50913,53,UDP,flow,dns,538836212234499,,1,1,0,92,0,0.0,1,92,0,none,0,none,0,0,0,no_alert_unknown,no_alert_not_final_benign,-1,dns,app_proto+port
2025-07-19T23:02:58.902907+0700,103.195.142.196,87.98.154.119,53,30454,UDP,flow,failed,608369469143314,,1,1,0,1437,0,0.0,1,1437,0,none,0,none,0,0,0,no_alert_unknown,no_alert_not_final_benign,-1,dns,port
2025-07-19T23:02:58.902931+0700,103.195.142.76,87.98.154.178,53,29145,UDP,flow,failed,299505531795825,,1,1,0,1469,0,0.0,1,1469,0,none,0,none,0,0,0,no_alert_unknown,no_alert_not_final_benign,-1,dns,port
2025-07-19T23:02:58.902968+0700,103.195.142.74,50.28.32.153,21061,53,UDP,flow,dns,220247655168541,,1,1,0,85,0,0.0,1,85,0,none,0,none,0,0,0,no_alert_unknown,no_alert_not_final_benign,-1,dns,app_proto+port
2025-07-19T23:02:58.902987+0700,103.195.142.76,87.98.154.119,53,53499,UDP,flow,failed,172667333032495,,1,1,0,1469,0,0.0,1,1469,0,none,0,none,0,0,0,no_alert_unknown,no_alert_not_final_benign,-1,dns,port
2025-07-19T23:02:58.903006+0700,103.195.142.76,87.98.154.119,53,21886,UDP,flow,failed,205185300937280,,1,1,0,1469,0,0.0,1,1469,0,none,0,none,0,0,0,no_alert_unknown,no_alert_not_final_benign,-1,dns,port
2025-07-19T23:02:58.903024+0700,103.195.142.74,202.134.0.155,42729,53,UDP,flow,dns,631139172203104,,1,1,0,83,0,0.0,1,83,0,none,0,none,0,0,0,no_alert_unknown,no_alert_not_final_benign,-1,dns,app_proto+port
2025-07-19T23:02:58.903071+0700,103.195.142.195,87.98.154.119,53,61965,UDP,flow,failed,778225981373114,,1,1,0,1437,0,0.0,1,1437,0,none,0,none,0,0,0,no_alert_unknown,no_alert_not_final_benign,-1,dns,port
2025-07-19T23:02:58.903090+0700,103.195.142.165,87.98.154.77,53,40057,UDP,flow,failed,776684978944794,,1,1,0,1437,0,0.0,1,1437,0,none,0,none,0,0,0,no_alert_unknown,no_alert_not_final_benign,-1,dns,port
2025-07-19T23:02:58.903121+0700,103.195.142.74,202.134.0.155,29969,53,UDP,flow,dns,347239393246021,,1,1,0,211,0,0.0,1,211,0,none,0,none,0,0,0,no_alert_unknown,no_alert_not_final_benign,-1,dns,app_proto+port
2025-07-19T23:02:58.903142+0700,103.195.142.74,202.134.0.155,57650,53,UDP,flow,dns,608495238036354,,1,1,0,214,0,0.0,1,214,0,none,0,none,0,0,0,no_alert_unknown,no_alert_not_final_benign,-1,dns,app_proto+port
2025-07-19T23:02:58.903184+0700,103.195.142.165,87.98.154.119,53,38226,UDP,flow,failed,17594909113386,,1,1,0,1437,0,0.0,1,1437,0,none,0,none,0,0,0,no_alert_unknown,no_alert_not_final_benign,-1,dns,port
2025-07-19T23:02:58.903203+0700,103.195.142.46,87.98.154.63,53,37243,UDP,flow,failed,755809716452439,,1,1,0,1437,0,0.0,1,1437,0,none,0,none,0,0,0,no_alert_unknown,no_alert_not_final_benign,-1,dns,port
2025-07-19T23:02:58.903221+0700,103.195.142.76,87.98.154.119,53,20477,UDP,flow,failed,541196078136415,,1,1,0,1469,0,0.0,1,1469,0,none,0,none,0,0,0,no_alert_unknown,no_alert_not_final_benign,-1,dns,port
2025-07-19T23:02:58.903363+0700,103.195.142.76,87.98.154.114,53,1701,UDP,flow,failed,21120120700276,,1,1,0,1469,0,0.0,1,1469,0,none,0,none,0,0,0,no_alert_unknown,no_alert_not_final_benign,-1,dns,port
2025-07-19T23:02:58.903411+0700,103.195.142.75,8.8.8.8,51151,53,UDP,flow,dns,72441381764511,,1,1,0,214,0,0.0,1,214,0,none,0,none,0,0,0,no_alert_unknown,no_alert_not_final_benign,-1,dns,app_proto+port
2025-07-19T23:02:58.903450+0700,103.195.142.83,87.98.154.146,53,11986,UDP,flow,failed,560768783728284,,1,1,0,1190,0,0.0,1,1190,0,none,0,none,0,0,0,no_alert_unknown,no_alert_not_final_benign,-1,dns,port
2025-07-19T23:02:58.903473+0700,103.195.142.46,87.98.154.118,53,16127,UDP,flow,failed,314926795833031,,1,1,0,1437,0,0.0,1,1437,0,none,0,none,0,0,0,no_alert_unknown,no_alert_not_final_benign,-1,dns,port
2025-07-19T23:02:58.903492+0700,103.195.142.83,87.98.154.6,53,22641,UDP,flow,failed,2218812964847340,,1,3,0,3570,0,10.0,3,3570,0,none,0,none,0,0,0,no_alert_unknown,no_alert_not_final_benign,-1,dns,port
2025-07-19T23:02:58.903510+0700,103.195.142.74,118.98.44.20,57269,53,UDP,flow,dns,380007559708519,,1,1,0,211,0,0.0,1,211,0,none,0,none,0,0,0,no_alert_unknown,no_alert_not_final_benign,-1,dns,app_proto+port
2025-07-19T23:02:58.903531+0700,103.195.142.195,87.98.154.20,53,62018,UDP,flow,failed,702306453798767,,1,1,0,1437,0,0.0,1,1437,0,none,0,none,0,0,0,no_alert_unknown,no_alert_not_final_benign,-1,dns,port
2025-07-19T23:02:58.903556+0700,103.195.142.165,87.98.154.165,53,36211,UDP,flow,failed,540671875596320,,1,1,0,1437,0,0.0,1,1437,0,none,0,none,0,0,0,no_alert_unknown,no_alert_not_final_benign,-1,dns,port
2025-07-19T23:02:58.903574+0700,103.195.142.83,87.98.154.119,53,17435,UDP,flow,failed,814439044857971,,1,1,0,1190,0,0.0,1,1190,0,none,0,none,0,0,0,no_alert_unknown,no_alert_not_final_benign,-1,dns,port
2025-07-19T23:02:58.903593+0700,103.195.142.83,87.98.154.119,53,9885,UDP,flow,failed,503545899565182,,1,1,0,1190,0,0.0,1,1190,0,none,0,none,0,0,0,no_alert_unknown,no_alert_not_final_benign,-1,dns,port
2025-07-19T23:02:58.903633+0700,103.195.142.3,36.37.76.209,53,8784,UDP,flow,failed,663989707325634,,1,1,0,147,0,0.0,1,147,0,none,0,none,0,0,0,no_alert_unknown,no_alert_not_final_benign,-1,dns,port
2025-07-19T23:02:58.903651+0700,103.195.142.46,87.98.154.119,53,19076,UDP,flow,failed,638327014801746,,1,1,0,1437,0,0.0,1,1437,0,none,0,none,0,0,0,no_alert_unknown,no_alert_not_final_benign,-1,dns,port
2025-07-19T23:02:58.903691+0700,103.195.142.3,13.105.68.209,53,53289,UDP,flow,failed,2814796284310,,1,1,0,182,0,0.0,1,182,0,none,0,none,0,0,0,no_alert_unknown,no_alert_not_final_benign,-1,dns,port
2025-07-19T23:02:58.903735+0700,103.195.142.195,87.98.154.36,53,20270,UDP,flow,failed,271733981299202,,1,1,0,1437,0,0.0,1,1437,0,none,0,none,0,0,0,no_alert_unknown,no_alert_not_final_benign,-1,dns,port
2025-07-19T23:02:58.903754+0700,103.195.142.3,13.105.68.211,53,28524,UDP,flow,failed,31589348524567,,1,1,0,182,0,0.0,1,182,0,none,0,none,0,0,0,no_alert_unknown,no_alert_not_final_benign,-1,dns,port
2025-07-19T23:02:58.903795+0700,103.195.142.76,87.98.154.119,53,22035,UDP,flow,failed,330149319721713,,1,1,0,1469,0,0.0,1,1469,0,none,0,none,0,0,0,no_alert_unknown,no_alert_not_final_benign,-1,dns,port
2025-07-19T23:02:58.903853+0700,103.195.142.74,118.98.44.100,44173,53,UDP,flow,dns,445530841727800,,1,1,0,232,0,0.0,1,232,0,none,0,none,0,0,0,no_alert_unknown,no_alert_not_final_benign,-1,dns,app_proto+port
2025-07-19T23:02:58.903883+0700,103.195.142.74,118.98.44.100,27398,53,UDP,flow,dns,21645003965310,,1,1,0,68,0,0.0,1,68,0,none,0,none,0,0,0,no_alert_unknown,no_alert_not_final_benign,-1,dns,app_proto+port
2025-07-19T23:02:58.903902+0700,103.195.142.74,118.98.44.100,49247,53,UDP,flow,dns,29463772775304,,1,1,0,196,0,0.0,1,196,0,none,0,none,0,0,0,no_alert_unknown,no_alert_not_final_benign,-1,dns,app_proto+port
2025-07-19T23:02:58.903922+0700,103.195.142.195,87.98.154.240,53,47324,UDP,flow,failed,533371516470163,,1,1,0,1437,0,0.0,1,1437,0,none,0,none,0,0,0,no_alert_unknown,no_alert_not_final_benign,-1,dns,port
2025-07-19T23:02:58.903960+0700,103.195.142.165,87.98.154.213,53,58970,UDP,flow,failed,521732046570446,,1,1,0,1437,0,0.0,1,1437,0,none,0,none,0,0,0,no_alert_unknown,no_alert_not_final_benign,-1,dns,port
2025-07-19T23:02:58.903980+0700,103.195.142.74,202.134.0.155,31341,53,UDP,flow,dns,731812767778044,,1,1,0,71,0,0.0,1,71,0,none,0,none,0,0,0,no_alert_unknown,no_alert_not_final_benign,-1,dns,app_proto+port
2025-07-19T23:02:58.904001+0700,103.195.142.2,51.141.166.169,53,51127,UDP,flow,failed,63590412436782,,1,1,0,178,0,0.0,1,178,0,none,0,none,0,0,0,no_alert_unknown,no_alert_not_final_benign,-1,dns,port
2025-07-19T23:02:58.904051+0700,103.195.142.74,118.98.44.100,41471,53,UDP,flow,dns,646461898409340,,1,1,0,74,0,0.0,1,74,0,none,0,none,0,0,0,no_alert_unknown,no_alert_not_final_benign,-1,dns,app_proto+port
2025-07-19T23:02:58.904070+0700,103.195.142.74,118.98.44.100,58724,53,UDP,flow,dns,532486240454050,,1,1,0,220,0,0.0,1,220,0,none,0,none,0,0,0,no_alert_unknown,no_alert_not_final_benign,-1,dns,app_proto+port
2025-07-19T23:02:58.904090+0700,103.195.142.2,13.105.164.214,53,50335,UDP,flow,failed,121033871640016,,1,1,0,154,0,0.0,1,154,0,none,0,none,0,0,0,no_alert_unknown,no_alert_not_final_benign,-1,dns,port
2025-07-19T23:02:58.904143+0700,103.195.142.83,87.98.154.119,53,13922,UDP,flow,failed,229981987128919,,1,1,0,1190,0,0.0,1,1190,0,none,0,none,0,0,0,no_alert_unknown,no_alert_not_final_benign,-1,dns,port
2025-07-19T23:02:58.904165+0700,103.195.142.46,87.98.154.63,53,59784,UDP,flow,failed,1851326435018598,,1,3,0,4311,0,10.0,3,4311,0,none,0,none,0,0,0,no_alert_unknown,no_alert_not_final_benign,-1,dns,port
2025-07-19T23:02:58.904255+0700,103.195.142.195,87.98.154.119,53,45494,UDP,flow,failed,75547485128709,,1,1,0,1437,0,0.0,1,1437,0,none,0,none,0,0,0,no_alert_unknown,no_alert_not_final_benign,-1,dns,port
2025-07-19T23:02:58.904321+0700,103.195.142.3,13.105.80.78,53,47094,UDP,flow,failed,147780926556275,,1,1,0,178,0,0.0,1,178,0,none,0,none,0,0,0,no_alert_unknown,no_alert_not_final_benign,-1,dns,port
2025-07-19T23:02:58.904340+0700,103.195.142.74,118.98.44.100,45112,53,UDP,flow,dns,238847173642390,,1,1,0,196,0,0.0,1,196,0,none,0,none,0,0,0,no_alert_unknown,no_alert_not_final_benign,-1,dns,app_proto+port
2025-07-19T23:02:58.904371+0700,103.195.142.83,87.98.154.146,53,56971,UDP,flow,failed,136458614261939,,1,1,0,1190,0,0.0,1,1190,0,none,0,none,0,0,0,no_alert_unknown,no_alert_not_final_benign,-1,dns,port
2025-07-19T23:02:58.904398+0700,103.195.142.74,202.134.0.155,46666,53,UDP,flow,dns,561968177989814,,1,1,0,178,0,0.0,1,178,0,none,0,none,0,0,0,no_alert_unknown,no_alert_not_final_benign,-1,dns,app_proto+port
2025-07-19T23:02:58.904448+0700,103.195.142.75,8.8.8.8,29325,53,UDP,flow,dns,805214286956740,,1,1,0,68,0,0.0,1,68,0,none,0,none,0,0,0,no_alert_unknown,no_alert_not_final_benign,-1,dns,app_proto+port
2025-07-19T23:02:58.904519+0700,103.195.142.74,118.98.44.100,5226,53,UDP,flow,dns,207056515811553,,1,1,0,81,0,0.0,1,81,0,none,0,none,0,0,0,no_alert_unknown,no_alert_not_final_benign,-1,dns,app_proto+port
2025-07-19T23:02:58.904570+0700,103.195.142.74,118.98.44.50,42796,53,UDP,flow,dns,34001822927094,,1,1,0,241,0,0.0,1,241,0,none,0,none,0,0,0,no_alert_unknown,no_alert_not_final_benign,-1,dns,app_proto+port
2025-07-19T23:02:58.904630+0700,103.195.142.74,118.98.44.20,35866,53,UDP,flow,dns,771756344133924,,1,1,0,68,0,0.0,1,68,0,none,0,none,0,0,0,no_alert_unknown,no_alert_not_final_benign,-1,dns,app_proto+port
2025-07-19T23:02:58.904688+0700,103.195.142.109,87.98.154.119,53,58098,UDP,flow,failed,704203821926829,,1,1,0,1437,0,0.0,1,1437,0,none,0,none,0,0,0,no_alert_unknown,no_alert_not_final_benign,-1,dns,port
2025-07-19T23:02:58.904761+0700,103.195.142.2,13.250.186.193,53,42738,UDP,flow,failed,510988262885859,,1,1,0,190,0,0.0,1,190,0,none,0,none,0,0,0,no_alert_unknown,no_alert_not_final_benign,-1,dns,port
2025-07-19T23:02:58.904972+0700,103.195.142.83,87.98.154.26,53,7996,UDP,flow,failed,204129362168389,,1,1,0,1190,0,0.0,1,1190,0,none,0,none,0,0,0,no_alert_unknown,no_alert_not_final_benign,-1,dns,port
2025-07-19T23:02:58.905048+0700,103.195.142.74,202.134.0.155,14761,53,UDP,flow,dns,342563424029336,,1,1,0,77,0,0.0,1,77,0,none,0,none,0,0,0,no_alert_unknown,no_alert_not_final_benign,-1,dns,app_proto+port
2025-07-19T23:02:58.905088+0700,103.195.142.74,202.134.0.155,43144,53,UDP,flow,dns,316340361284250,,1,1,0,106,0,0.0,1,106,0,none,0,none,0,0,0,no_alert_unknown,no_alert_not_final_benign,-1,dns,app_proto+port
2025-07-19T23:02:58.905127+0700,103.195.142.195,87.98.154.192,53,29019,UDP,flow,failed,229460086344374,,1,2,0,2874,0,10.0,2,2874,0,none,0,none,0,0,0,no_alert_unknown,no_alert_not_final_benign,-1,dns,port
2025-07-19T23:02:58.905162+0700,103.195.142.2,13.105.164.205,53,42513,UDP,flow,failed,192221618555583,,1,1,0,154,0,0.0,1,154,0,none,0,none,0,0,0,no_alert_unknown,no_alert_not_final_benign,-1,dns,port
2025-07-19T23:02:58.905212+0700,103.195.142.46,87.98.154.119,53,30143,UDP,flow,failed,597685106690924,,1,1,0,1437,0,0.0,1,1437,0,none,0,none,0,0,0,no_alert_unknown,no_alert_not_final_benign,-1,dns,port
2025-07-19T23:02:58.905246+0700,103.195.142.74,202.134.0.155,30645,53,UDP,flow,dns,51831149349770,,1,1,0,196,0,0.0,1,196,0,none,0,none,0,0,0,no_alert_unknown,no_alert_not_final_benign,-1,dns,app_proto+port
2025-07-19T23:02:58.905349+0700,103.195.142.46,87.98.154.119,53,13906,UDP,flow,failed,28552243236156,,1,1,0,1437,0,0.0,1,1437,0,none,0,none,0,0,0,no_alert_unknown,no_alert_not_final_benign,-1,dns,port
2025-07-19T23:02:58.905395+0700,103.195.142.165,87.98.154.49,53,5032,UDP,flow,failed,800202395995487,,1,1,0,1437,0,0.0,1,1437,0,none,0,none,0,0,0,no_alert_unknown,no_alert_not_final_benign,-1,dns,port
2025-07-19T23:02:58.905418+0700,103.195.142.109,87.98.154.119,53,14986,UDP,flow,failed,496695429483975,,1,1,0,1437,0,0.0,1,1437,0,none,0,none,0,0,0,no_alert_unknown,no_alert_not_final_benign,-1,dns,port
2025-07-19T23:02:58.905444+0700,103.195.142.3,13.105.164.214,53,7223,UDP,flow,failed,253554366795212,,1,1,0,154,0,0.0,1,154,0,none,0,none,0,0,0,no_alert_unknown,no_alert_not_final_benign,-1,dns,port
2025-07-19T23:02:58.905476+0700,103.195.142.74,118.98.44.20,62131,53,UDP,flow,dns,683705837014617,,1,1,0,214,0,0.0,1,214,0,none,0,none,0,0,0,no_alert_unknown,no_alert_not_final_benign,-1,dns,app_proto+port
2025-07-19T23:02:58.905523+0700,103.195.142.3,13.105.68.213,53,19246,UDP,flow,failed,508922702188151,,1,1,0,178,0,0.0,1,178,0,none,0,none,0,0,0,no_alert_unknown,no_alert_not_final_benign,-1,dns,port
2025-07-19T23:02:58.905549+0700,103.195.142.3,13.77.136.94,53,60571,UDP,flow,failed,104872192757449,,1,1,0,182,0,0.0,1,182,0,none,0,none,0,0,0,no_alert_unknown,no_alert_not_final_benign,-1,dns,port
2025-07-19T23:02:58.905569+0700,103.195.142.2,13.105.164.211,53,56732,UDP,flow,failed,173372103184125,,1,1,0,182,0,0.0,1,182,0,none,0,none,0,0,0,no_alert_unknown,no_alert_not_final_benign,-1,dns,port
2025-07-19T23:02:58.905675+0700,103.195.142.46,87.98.154.118,53,31847,UDP,flow,failed,203102493986702,,1,1,0,1437,0,0.0,1,1437,0,none,0,none,0,0,0,no_alert_unknown,no_alert_not_final_benign,-1,dns,port
2025-07-19T23:02:58.905695+0700,103.195.142.195,87.98.154.119,53,60422,UDP,flow,failed,627841508822986,,1,1,0,1437,0,0.0,1,1437,0,none,0,none,0,0,0,no_alert_unknown,no_alert_not_final_benign,-1,dns,port
2025-07-19T23:02:58.905737+0700,103.195.142.2,52.247.213.96,53,56377,UDP,flow,failed,128187938623447,,1,1,0,178,0,0.0,1,178,0,none,0,none,0,0,0,no_alert_unknown,no_alert_not_final_benign,-1,dns,port
2025-07-19T23:02:58.905769+0700,103.195.142.75,8.8.8.8,36304,53,UDP,flow,dns,378070410907650,,1,1,0,96,0,0.0,1,96,0,none,0,none,0,0,0,no_alert_unknown,no_alert_not_final_benign,-1,dns,app_proto+port
2025-07-19T23:02:58.905791+0700,103.195.142.2,13.105.80.75,53,37508,UDP,flow,failed,120086872903769,,1,1,0,182,0,0.0,1,182,0,none,0,none,0,0,0,no_alert_unknown,no_alert_not_final_benign,-1,dns,port
2025-07-19T23:02:58.905842+0700,103.195.142.74,34.8.196.142,7799,53,UDP,flow,dns,82719492198582,,1,1,0,254,0,0.0,1,254,0,none,0,none,0,0,0,no_alert_unknown,no_alert_not_final_benign,-1,dns,app_proto+port
2025-07-19T23:02:58.905891+0700,103.195.142.74,202.134.0.155,42535,53,UDP,flow,dns,427017480229213,,1,1,0,80,0,0.0,1,80,0,none,0,none,0,0,0,no_alert_unknown,no_alert_not_final_benign,-1,dns,app_proto+port
2025-07-19T23:02:58.905911+0700,103.195.142.75,216.38.8.121,64534,53,UDP,flow,dns,584558392955233,,1,1,0,85,0,0.0,1,85,0,none,0,none,0,0,0,no_alert_unknown,no_alert_not_final_benign,-1,dns,app_proto+port
2025-07-19T23:02:58.905931+0700,103.195.142.3,13.105.68.220,53,32884,UDP,flow,failed,148976728723878,,1,1,0,182,0,0.0,1,182,0,none,0,none,0,0,0,no_alert_unknown,no_alert_not_final_benign,-1,dns,port
2025-07-19T23:02:58.905949+0700,103.195.142.74,118.98.44.20,61691,53,UDP,flow,dns,431749372760517,,1,1,0,243,0,0.0,1,243,0,none,0,none,0,0,0,no_alert_unknown,no_alert_not_final_benign,-1,dns,app_proto+port
2025-07-19T23:02:58.905969+0700,103.195.142.74,202.134.0.155,50375,53,UDP,flow,dns,357998084411851,,1,1,0,98,0,0.0,1,98,0,none,0,none,0,0,0,no_alert_unknown,no_alert_not_final_benign,-1,dns,app_proto+port
2025-07-19T23:02:58.905989+0700,103.195.142.196,87.98.154.185,53,53358,UDP,flow,failed,739401557201452,,1,1,0,1437,0,0.0,1,1437,0,none,0,none,0,0,0,no_alert_unknown,no_alert_not_final_benign,-1,dns,port
2025-07-19T23:02:58.906032+0700,103.195.142.74,202.134.0.155,58208,53,UDP,flow,dns,646842164040351,,1,1,0,214,0,0.0,1,214,0,none,0,none,0,0,0,no_alert_unknown,no_alert_not_final_benign,-1,dns,app_proto+port
2025-07-19T23:02:58.906052+0700,103.195.142.2,13.250.186.193,53,20326,UDP,flow,failed,461750279983784,,1,1,0,196,0,0.0,1,196,0,none,0,none,0,0,0,no_alert_unknown,no_alert_not_final_benign,-1,dns,port
2025-07-19T23:02:58.906128+0700,103.195.142.165,87.98.154.185,53,36227,UDP,flow,failed,811105863717885,,1,1,0,1437,0,0.0,1,1437,0,none,0,none,0,0,0,no_alert_unknown,no_alert_not_final_benign,-1,dns,port
2025-07-19T23:02:58.906147+0700,103.195.142.195,87.98.154.119,53,22602,UDP,flow,failed,681262636651571,,1,1,0,1437,0,0.0,1,1437,0,none,0,none,0,0,0,no_alert_unknown,no_alert_not_final_benign,-1,dns,port
2025-07-19T23:02:58.906166+0700,103.195.142.109,87.98.154.119,53,51257,UDP,flow,failed,792158791325085,,1,1,0,1437,0,0.0,1,1437,0,none,0,none,0,0,0,no_alert_unknown,no_alert_not_final_benign,-1,dns,port
2025-07-19T23:02:58.906225+0700,103.195.142.75,8.8.8.8,18259,53,UDP,flow,dns,635842717799895,,1,1,0,68,0,0.0,1,68,0,none,0,none,0,0,0,no_alert_unknown,no_alert_not_final_benign,-1,dns,app_proto+port
2025-07-19T23:02:58.906245+0700,103.195.142.109,87.98.154.89,53,53325,UDP,flow,failed,789466832885212,,1,1,0,1437,0,0.0,1,1437,0,none,0,none,0,0,0,no_alert_unknown,no_alert_not_final_benign,-1,dns,port
2025-07-19T23:02:58.906264+0700,103.195.142.2,13.105.68.219,53,47672,UDP,flow,failed,522956485547485,,1,1,0,182,0,0.0,1,182,0,none,0,none,0,0,0,no_alert_unknown,no_alert_not_final_benign,-1,dns,port
2025-07-19T23:02:58.906283+0700,103.195.142.196,87.98.154.241,53,15031,UDP,flow,failed,640755633083909,,1,1,0,1437,0,0.0,1,1437,0,none,0,none,0,0,0,no_alert_unknown,no_alert_not_final_benign,-1,dns,port
2025-07-19T23:02:58.906305+0700,103.195.142.74,185.67.45.232,65206,53,UDP,flow,dns,320665068754910,,1,1,0,85,0,0.0,1,85,0,none,0,none,0,0,0,no_alert_unknown,no_alert_not_final_benign,-1,dns,app_proto+port
2025-07-19T23:02:58.906410+0700,103.195.142.3,13.105.164.202,53,10893,UDP,flow,failed,382268388137315,,1,1,0,127,0,0.0,1,127,0,none,0,none,0,0,0,no_alert_unknown,no_alert_not_final_benign,-1,dns,port
2025-07-19T23:02:58.906435+0700,103.195.142.3,172.70.116.71,53,55216,UDP,flow,failed,286245970565584,,1,1,0,179,0,0.0,1,179,0,none,0,none,0,0,0,no_alert_unknown,no_alert_not_final_benign,-1,dns,port
2025-07-19T23:02:58.906455+0700,103.195.142.46,87.98.154.119,53,46842,UDP,flow,failed,419469729323526,,1,2,0,2874,0,24.0,2,2874,0,none,0,none,0,0,0,no_alert_unknown,no_alert_not_final_benign,-1,dns,port
2025-07-19T23:02:58.906540+0700,103.195.142.74,118.98.44.50,20566,53,UDP,flow,dns,565517155752626,,1,1,0,223,0,0.0,1,223,0,none,0,none,0,0,0,no_alert_unknown,no_alert_not_final_benign,-1,dns,app_proto+port
2025-07-19T23:02:58.906560+0700,103.195.142.76,87.98.154.86,53,1596,UDP,flow,failed,539007646816960,,1,1,0,1469,0,0.0,1,1469,0,none,0,none,0,0,0,no_alert_unknown,no_alert_not_final_benign,-1,dns,port
2025-07-19T23:02:58.906594+0700,103.195.142.74,118.98.44.20,16715,53,UDP,flow,dns,784758956284631,,1,1,0,88,0,0.0,1,88,0,none,0,none,0,0,0,no_alert_unknown,no_alert_not_final_benign,-1,dns,app_proto+port
2025-07-19T23:02:58.906617+0700,103.195.142.74,118.98.44.50,32965,53,UDP,flow,dns,441036937157454,,1,1,0,84,0,0.0,1,84,0,none,0,none,0,0,0,no_alert_unknown,no_alert_not_final_benign,-1,dns,app_proto+port
2025-07-19T23:02:58.906637+0700,103.195.142.196,87.98.154.119,53,44121,UDP,flow,failed,366953858587522,,1,1,0,1437,0,0.0,1,1437,0,none,0,none,0,0,0,no_alert_unknown,no_alert_not_final_benign,-1,dns,port
2025-07-19T23:02:58.906656+0700,103.195.142.196,87.98.154.149,53,51849,UDP,flow,failed,302223162924105,,1,1,0,1437,0,0.0,1,1437,0,none,0,none,0,0,0,no_alert_unknown,no_alert_not_final_benign,-1,dns,port
2025-07-19T23:02:58.906675+0700,103.195.142.165,87.98.154.119,53,52803,UDP,flow,failed,729262549490904,,1,1,0,1437,0,0.0,1,1437,0,none,0,none,0,0,0,no_alert_unknown,no_alert_not_final_benign,-1,dns,port
2025-07-19T23:02:58.906700+0700,103.195.142.83,87.98.154.117,53,6894,UDP,flow,failed,648888636136665,,1,1,0,1190,0,0.0,1,1190,0,none,0,none,0,0,0,no_alert_unknown,no_alert_not_final_benign,-1,dns,port
2025-07-19T23:02:58.906719+0700,103.195.142.83,87.98.154.119,53,36416,UDP,flow,failed,545345086545202,,1,1,0,1190,0,0.0,1,1190,0,none,0,none,0,0,0,no_alert_unknown,no_alert_not_final_benign,-1,dns,port
2025-07-19T23:02:58.906737+0700,103.195.142.83,87.98.154.90,53,34891,UDP,flow,failed,324865472978453,,1,1,0,1190,0,0.0,1,1190,0,none,0,none,0,0,0,no_alert_unknown,no_alert_not_final_benign,-1,dns,port
2025-07-19T23:02:58.906779+0700,103.195.142.195,87.98.154.220,53,40941,UDP,flow,failed,2177572674723389,,1,3,0,4311,0,10.0,3,4311,0,none,0,none,0,0,0,no_alert_unknown,no_alert_not_final_benign,-1,dns,port
2025-07-19T23:02:58.906797+0700,103.195.142.74,118.98.44.20,59106,53,UDP,flow,dns,315764824989304,,1,1,0,80,0,0.0,1,80,0,none,0,none,0,0,0,no_alert_unknown,no_alert_not_final_benign,-1,dns,app_proto+port
2025-07-19T23:02:58.906817+0700,103.195.142.74,118.98.44.20,18975,53,UDP,flow,dns,672886506315510,,1,1,0,232,0,0.0,1,232,0,none,0,none,0,0,0,no_alert_unknown,no_alert_not_final_benign,-1,dns,app_proto+port
2025-07-19T23:02:58.906837+0700,103.195.142.165,87.98.154.241,53,32129,UDP,flow,failed,460305860910895,,1,1,0,1437,0,0.0,1,1437,0,none,0,none,0,0,0,no_alert_unknown,no_alert_not_final_benign,-1,dns,port
2025-07-19T23:02:58.906884+0700,103.195.142.196,87.98.154.119,53,33224,UDP,flow,failed,598325109317632,,1,1,0,1437,0,0.0,1,1437,0,none,0,none,0,0,0,no_alert_unknown,no_alert_not_final_benign,-1,dns,port
2025-07-19T23:02:58.906940+0700,103.195.142.75,8.8.8.8,63011,53,UDP,flow,dns,508470999572567,,1,1,0,68,0,0.0,1,68,0,none,0,none,0,0,0,no_alert_unknown,no_alert_not_final_benign,-1,dns,app_proto+port
2025-07-19T23:02:58.906962+0700,103.195.142.109,87.98.154.119,53,1809,UDP,flow,failed,549462004654347,,1,1,0,1437,0,0.0,1,1437,0,none,0,none,0,0,0,no_alert_unknown,no_alert_not_final_benign,-1,dns,port
2025-07-19T23:02:58.907013+0700,103.195.142.46,87.98.154.63,53,44498,UDP,flow,failed,732852700897637,,1,1,0,1437,0,0.0,1,1437,0,none,0,none,0,0,0,no_alert_unknown,no_alert_not_final_benign,-1,dns,port
2025-07-19T23:02:58.907035+0700,103.195.142.2,18.136.1.198,53,9392,UDP,flow,failed,697757830603154,,1,1,0,138,0,0.0,1,138,0,none,0,none,0,0,0,no_alert_unknown,no_alert_not_final_benign,-1,dns,port
2025-07-19T23:02:58.907152+0700,103.195.142.46,87.98.154.119,53,40795,UDP,flow,failed,806191424135758,,1,1,0,1437,0,0.0,1,1437,0,none,0,none,0,0,0,no_alert_unknown,no_alert_not_final_benign,-1,dns,port
2025-07-19T23:02:58.907292+0700,103.195.142.83,87.98.154.119,53,62512,UDP,flow,failed,453217344873226,,1,1,0,1190,0,0.0,1,1190,0,none,0,none,0,0,0,no_alert_unknown,no_alert_not_final_benign,-1,dns,port
2025-07-19T23:02:58.907376+0700,103.195.142.74,118.98.44.50,47945,53,UDP,flow,dns,341760524739592,,1,1,0,243,0,0.0,1,243,0,none,0,none,0,0,0,no_alert_unknown,no_alert_not_final_benign,-1,dns,app_proto+port
2025-07-19T23:02:58.907444+0700,103.195.142.76,87.98.154.119,53,54236,UDP,flow,failed,771603314435252,,1,1,0,1469,0,0.0,1,1469,0,none,0,none,0,0,0,no_alert_unknown,no_alert_not_final_benign,-1,dns,port
2025-07-19T23:02:58.907465+0700,103.195.142.83,87.98.154.254,53,40364,UDP,flow,failed,520118018958520,,1,1,0,1190,0,0.0,1,1190,0,none,0,none,0,0,0,no_alert_unknown,no_alert_not_final_benign,-1,dns,port
2025-07-19T23:02:58.907483+0700,103.195.142.46,87.98.154.118,53,6885,UDP,flow,failed,774782670398672,,1,1,0,1437,0,0.0,1,1437,0,none,0,none,0,0,0,no_alert_unknown,no_alert_not_final_benign,-1,dns,port
2025-07-19T23:02:58.907524+0700,103.195.142.76,87.98.154.66,53,54854,UDP,flow,failed,2056516131612290,,1,3,0,4407,0,10.0,3,4407,0,none,0,none,0,0,0,no_alert_unknown,no_alert_not_final_benign,-1,dns,port
2025-07-19T23:02:58.907544+0700,103.195.142.2,52.183.8.230,53,54570,UDP,flow,failed,351535435278144,,1,1,0,167,0,0.0,1,167,0,none,0,none,0,0,0,no_alert_unknown,no_alert_not_final_benign,-1,dns,port
2025-07-19T23:02:58.907613+0700,103.195.142.195,87.98.154.184,53,5639,UDP,flow,failed,667169941088171,,1,1,0,1437,0,0.0,1,1437,0,none,0,none,0,0,0,no_alert_unknown,no_alert_not_final_benign,-1,dns,port
2025-07-19T23:02:58.907705+0700,103.195.142.3,172.253.211.88,53,52962,UDP,flow,failed,365462673025261,,1,1,0,161,0,0.0,1,161,0,none,0,none,0,0,0,no_alert_unknown,no_alert_not_final_benign,-1,dns,port
2025-07-19T23:02:58.907724+0700,103.195.142.165,87.98.154.119,53,9731,UDP,flow,failed,857732418431311,,1,1,0,1437,0,0.0,1,1437,0,none,0,none,0,0,0,no_alert_unknown,no_alert_not_final_benign,-1,dns,port
2025-07-19T23:02:58.907756+0700,103.195.142.195,87.98.154.248,53,1950,UDP,flow,failed,918393868183993,,1,1,0,1437,0,0.0,1,1437,0,none,0,none,0,0,0,no_alert_unknown,no_alert_not_final_benign,-1,dns,port
2025-07-19T23:02:58.916562+0700,103.195.142.74,202.134.0.155,60907,53,UDP,dns,,840380530820689,wire/pcap,0,0,0,0,0,0.0,0,0,0,none,0,none,0,0,0,no_alert_unknown,no_alert_not_final_benign,-1,dns,port
2025-07-19T23:02:58.923680+0700,103.195.142.108,8.8.8.8,1900,53,UDP,dns,,1216074754602613,wire/pcap,0,0,0,0,0,0.0,0,0,0,none,0,none,0,0,0,no_alert_unknown,no_alert_not_final_benign,-1,dns,port
2025-07-19T23:02:58.924385+0700,103.195.142.74,118.98.44.100,11733,53,UDP,dns,,592504959858425,wire/pcap,0,0,0,0,0,0.0,0,0,0,none,0,none,0,0,0,no_alert_unknown,no_alert_not_final_benign,-1,dns,port
2025-07-19T23:02:58.947770+0700,103.195.142.74,202.134.0.155,44255,53,UDP,dns,,692943068901619,wire/pcap,0,0,0,0,0,0.0,0,0,0,none,0,none,0,0,0,no_alert_unknown,no_alert_not_final_benign,-1,dns,port
2025-07-19T23:02:58.948369+0700,103.195.142.74,202.134.0.155,14030,53,UDP,dns,,695515757409119,wire/pcap,0,0,0,0,0,0.0,0,0,0,none,0,none,0,0,0,no_alert_unknown,no_alert_not_final_benign,-1,dns,port
2025-07-19T23:02:58.954900+0700,103.195.142.74,118.98.44.50,17859,53,UDP,dns,,723565278967181,wire/pcap,0,0,0,0,0,0.0,0,0,0,none,0,none,0,0,0,no_alert_unknown,no_alert_not_final_benign,-1,dns,port
2025-07-19T23:02:58.959815+0700,103.195.142.74,118.98.44.50,14218,53,UDP,dns,,744675115599828,wire/pcap,0,0,0,0,0,0.0,0,0,0,none,0,none,0,0,0,no_alert_unknown,no_alert_not_final_benign,-1,dns,port
2025-07-19T23:02:58.965740+0700,103.195.142.75,8.8.8.8,7508,53,UDP,dns,,770124637119851,wire/pcap,0,0,0,0,0,0.0,0,0,0,none,0,none,0,0,0,no_alert_unknown,no_alert_not_final_benign,-1,dns,port
2025-07-19T23:02:58.966948+0700,103.195.142.74,202.134.0.155,26236,53,UDP,dns,,775311436787732,wire/pcap,0,0,0,0,0,0.0,0,0,0,none,0,none,0,0,0,no_alert_unknown,no_alert_not_final_benign,-1,dns,port
2025-07-19T23:02:58.971338+0700,103.195.142.75,8.8.8.8,30723,53,UDP,dns,,794166670664867,wire/pcap,0,0,0,0,0,0.0,0,0,0,none,0,none,0,0,0,no_alert_unknown,no_alert_not_final_benign,-1,dns,port
2025-07-19T23:02:58.986436+0700,103.195.142.74,118.98.44.100,10398,53,UDP,dns,,577537095059156,wire/pcap,0,0,0,0,0,0.0,0,0,0,none,0,none,0,0,0,no_alert_unknown,no_alert_not_final_benign,-1,dns,port
2025-07-19T23:02:58.989966+0700,103.195.142.75,8.8.8.8,8352,53,UDP,dns,,592697480384178,wire/pcap,0,0,0,0,0,0.0,0,0,0,none,0,none,0,0,0,no_alert_unknown,no_alert_not_final_benign,-1,dns,port
2025-07-19T23:02:58.990013+0700,103.195.142.74,202.134.0.155,20359,53,UDP,dns,,592901008230665,wire/pcap,0,0,0,0,0,0.0,0,0,0,none,0,none,0,0,0,no_alert_unknown,no_alert_not_final_benign,-1,dns,port
2025-07-19T23:02:59.005804+0700,103.195.142.74,118.98.44.50,17125,53,UDP,dns,,869355716676738,wire/pcap,0,0,0,0,0,0.0,0,0,0,none,0,none,0,0,0,no_alert_unknown,no_alert_not_final_benign,-1,dns,port
2025-07-19T23:02:59.012310+0700,103.195.142.74,118.98.44.100,22540,53,UDP,dns,,897299765893676,wire/pcap,0,0,0,0,0,0.0,0,0,0,none,0,none,0,0,0,no_alert_unknown,no_alert_not_final_benign,-1,dns,port
2025-07-19T23:02:59.013713+0700,103.195.142.75,118.98.44.20,29557,53,UDP,dns,,903322645815925,wire/pcap,0,0,0,0,0,0.0,0,0,0,none,0,none,0,0,0,no_alert_unknown,no_alert_not_final_benign,-1,dns,port
2025-07-19T23:02:59.016483+0700,103.195.142.74,118.98.44.100,54684,53,UDP,dns,,915219257286050,wire/pcap,0,0,0,0,0,0.0,0,0,0,none,0,none,0,0,0,no_alert_unknown,no_alert_not_final_benign,-1,dns,port
2025-07-19T23:02:59.022813+0700,103.195.142.75,118.98.44.100,34156,53,UDP,dns,,942409535056584,wire/pcap,0,0,0,0,0,0.0,0,0,0,none,0,none,0,0,0,no_alert_unknown,no_alert_not_final_benign,-1,dns,port
2025-07-19T23:02:59.028691+0700,103.195.142.74,118.98.44.20,1359,53,UDP,dns,,967652912503716,wire/pcap,0,0,0,0,0,0.0,0,0,0,none,0,none,0,0,0,no_alert_unknown,no_alert_not_final_benign,-1,dns,port
2025-07-19T23:02:59.034067+0700,103.195.142.75,50.28.32.155,38175,53,UDP,dns,,990742559783128,wire/pcap,0,0,0,0,0,0.0,0,0,0,none,0,none,0,0,0,no_alert_unknown,no_alert_not_final_benign,-1,dns,port
2025-07-19T23:02:59.040702+0700,103.195.142.74,202.134.0.155,55175,53,UDP,dns,,1019240772407347,wire/pcap,0,0,0,0,0,0.0,0,0,0,none,0,none,0,0,0,no_alert_unknown,no_alert_not_final_benign,-1,dns,port
2025-07-19T23:02:59.061012+0700,103.195.142.74,118.98.44.100,60354,53,UDP,dns,,1106469769375793,wire/pcap,0,0,0,0,0,0.0,0,0,0,none,0,none,0,0,0,no_alert_unknown,no_alert_not_final_benign,-1,dns,port
2025-07-19T23:02:59.061590+0700,103.195.142.74,118.98.44.50,14108,53,UDP,dns,,1108952085346471,wire/pcap,0,0,0,0,0,0.0,0,0,0,none,0,none,0,0,0,no_alert_unknown,no_alert_not_final_benign,-1,dns,port
2025-07-19T23:02:59.070556+0700,103.195.142.74,118.98.44.20,55876,53,UDP,dns,,865989301620719,wire/pcap,0,0,0,0,0,0.0,0,0,0,none,0,none,0,0,0,no_alert_unknown,no_alert_not_final_benign,-1,dns,port
2025-07-19T23:02:59.079997+0700,103.195.142.74,118.98.44.50,50009,53,UDP,dns,,906536798889855,wire/pcap,0,0,0,0,0,0.0,0,0,0,none,0,none,0,0,0,no_alert_unknown,no_alert_not_final_benign,-1,dns,port
2025-07-19T23:02:59.084799+0700,103.195.142.74,118.98.44.50,35511,53,UDP,dns,,927162531044507,wire/pcap,0,0,0,0,0,0.0,0,0,0,none,0,none,0,0,0,no_alert_unknown,no_alert_not_final_benign,-1,dns,port
2025-07-19T23:02:59.097591+0700,103.195.142.74,202.134.0.155,7035,53,UDP,dns,,982100201404083,wire/pcap,0,0,0,0,0,0.0,0,0,0,none,0,none,0,0,0,no_alert_unknown,no_alert_not_final_benign,-1,dns,port
2025-07-19T23:02:59.109724+0700,103.195.142.74,118.98.44.50,6132,53,UDP,flow,dns,1215652814936410,,1,1,0,91,0,0.0,1,91,0,none,0,none,0,0,0,no_alert_unknown,no_alert_not_final_benign,-1,dns,app_proto+port
2025-07-19T23:02:59.139453+0700,103.195.142.83,87.98.154.119,53,11176,UDP,flow,failed,1379241488623974,,1,1,0,1190,0,0.0,1,1190,0,none,0,none,0,0,0,no_alert_unknown,no_alert_not_final_benign,-1,dns,port
2025-07-19T23:02:59.139723+0700,103.195.142.74,118.98.44.50,14108,53,UDP,flow,dns,1057794729883815,,1,1,0,241,0,0.0,1,241,0,none,0,none,0,0,0,no_alert_unknown,no_alert_not_final_benign,-1,dns,app_proto+port
2025-07-19T23:02:59.166362+0700,103.195.142.46,87.98.154.119,53,47579,UDP,flow,failed,1047553829406658,,1,1,0,1437,0,0.0,1,1437,0,none,0,none,0,0,0,no_alert_unknown,no_alert_not_final_benign,-1,dns,port
2025-07-19T23:02:59.190580+0700,103.195.142.74,118.98.44.20,23394,53,UDP,dns,,1100011213558416,wire/pcap,0,0,0,0,0,0.0,0,0,0,none,0,none,0,0,0,no_alert_unknown,no_alert_not_final_benign,-1,dns,port
2025-07-19T23:02:59.226853+0700,103.195.142.74,118.98.44.50,1914,53,UDP,dns,,974329777310811,wire/pcap,0,0,0,0,0,0.0,0,0,0,none,0,none,0,0,0,no_alert_unknown,no_alert_not_final_benign,-1,dns,port
2025-07-19T23:02:59.226911+0700,103.195.142.74,118.98.44.50,57913,53,UDP,dns,,974577935602433,wire/pcap,0,0,0,0,0,0.0,0,0,0,none,0,none,0,0,0,no_alert_unknown,no_alert_not_final_benign,-1,dns,port
2025-07-19T23:02:59.233219+0700,103.195.142.74,118.98.44.20,39284,53,UDP,dns,,1001671902895471,wire/pcap,0,0,0,0,0,0.0,0,0,0,none,0,none,0,0,0,no_alert_unknown,no_alert_not_final_benign,-1,dns,port
2025-07-19T23:02:59.256503+0700,103.195.142.74,118.98.44.100,44509,53,UDP,dns,,1101676057994818,wire/pcap,0,0,0,0,0,0.0,0,0,0,none,0,none,0,0,0,no_alert_unknown,no_alert_not_final_benign,-1,dns,port
2025-07-19T23:02:59.286667+0700,103.195.142.75,8.8.8.8,60207,53,UDP,dns,,949751402687429,wire/pcap,0,0,0,0,0,0.0,0,0,0,none,0,none,0,0,0,no_alert_unknown,no_alert_not_final_benign,-1,dns,port
2025-07-19T23:02:59.321715+0700,103.195.142.75,8.8.8.8,44912,53,UDP,dns,,1100284241829312,wire/pcap,0,0,0,0,0,0.0,0,0,0,none,0,none,0,0,0,no_alert_unknown,no_alert_not_final_benign,-1,dns,port
2025-07-19T23:02:59.342140+0700,103.195.142.74,202.134.0.155,61395,53,UDP,dns,,906531768707565,wire/pcap,0,0,0,0,0,0.0,0,0,0,none,0,none,0,0,0,no_alert_unknown,no_alert_not_final_benign,-1,dns,port
2025-07-19T23:02:59.342551+0700,103.195.142.74,118.98.44.50,22046,53,UDP,dns,,908296062606807,wire/pcap,0,0,0,0,0,0.0,0,0,0,none,0,none,0,0,0,no_alert_unknown,no_alert_not_final_benign,-1,dns,port
2025-07-19T23:02:59.369525+0700,103.195.142.74,202.134.0.155,28089,53,UDP,dns,,1024152036451577,wire/pcap,0,0,0,0,0,0.0,0,0,0,none,0,none,0,0,0,no_alert_unknown,no_alert_not_final_benign,-1,dns,port
2025-07-19T23:02:59.372593+0700,103.195.142.74,118.98.44.100,43900,53,UDP,dns,,1037328792309177,wire/pcap,0,0,0,0,0,0.0,0,0,0,none,0,none,0,0,0,no_alert_unknown,no_alert_not_final_benign,-1,dns,port
2025-07-19T23:02:59.390567+0700,103.195.142.74,118.98.44.100,33129,53,UDP,dns,,1114525778173661,wire/pcap,0,0,0,0,0,0.0,0,0,0,none,0,none,0,0,0,no_alert_unknown,no_alert_not_final_benign,-1,dns,port
2025-07-19T23:02:59.411748+0700,103.195.142.74,118.98.44.50,21313,53,UDP,dns,,924019527510383,wire/pcap,0,0,0,0,0,0.0,0,0,0,none,0,none,0,0,0,no_alert_unknown,no_alert_not_final_benign,-1,dns,port
2025-07-19T23:02:59.411839+0700,103.195.142.75,8.8.8.8,26158,53,UDP,dns,,924413329522302,wire/pcap,0,0,0,0,0,0.0,0,0,0,none,0,none,0,0,0,no_alert_unknown,no_alert_not_final_benign,-1,dns,port
2025-07-19T23:02:59.420545+0700,103.195.142.74,118.98.44.50,51313,53,UDP,dns,,961803682948157,wire/pcap,0,0,0,0,0,0.0,0,0,0,none,0,none,0,0,0,no_alert_unknown,no_alert_not_final_benign,-1,dns,port
2025-07-19T23:02:59.425747+0700,103.195.142.108,8.8.8.8,14910,53,UDP,dns,,984147708618456,wire/pcap,0,0,0,0,0,0.0,0,0,0,none,0,none,0,0,0,no_alert_unknown,no_alert_not_final_benign,-1,dns,port
2025-07-19T23:02:59.430265+0700,103.195.142.74,118.98.44.100,39837,53,UDP,dns,,1003551742050937,wire/pcap,0,0,0,0,0,0.0,0,0,0,none,0,none,0,0,0,no_alert_unknown,no_alert_not_final_benign,-1,dns,port
2025-07-19T23:02:59.437930+0700,103.195.142.74,118.98.44.50,47022,53,UDP,dns,,1036471826246367,wire/pcap,0,0,0,0,0,0.0,0,0,0,none,0,none,0,0,0,no_alert_unknown,no_alert_not_final_benign,-1,dns,port
2025-07-19T23:02:59.439583+0700,103.195.142.46,87.98.154.151,53,45422,UDP,flow,failed,1020297109752320,,1,3,0,4311,0,9.0,3,4311,0,none,0,none,0,0,0,no_alert_unknown,no_alert_not_final_benign,-1,dns,port
2025-07-19T23:02:59.444668+0700,103.195.142.74,118.98.44.100,17856,53,UDP,dns,,1065412806356900,wire/pcap,0,0,0,0,0,0.0,0,0,0,none,0,none,0,0,0,no_alert_unknown,no_alert_not_final_benign,-1,dns,port
2025-07-19T23:02:59.460796+0700,103.195.142.196,87.98.154.129,53,33682,UDP,flow,failed,1218443102201510,,1,1,0,1437,0,0.0,1,1437,0,none,0,none,0,0,0,no_alert_unknown,no_alert_not_final_benign,-1,dns,port
2025-07-19T23:02:59.476608+0700,103.195.142.74,202.134.0.155,42131,53,UDP,dns,,921116957492957,wire/pcap,0,0,0,0,0,0.0,0,0,0,none,0,none,0,0,0,no_alert_unknown,no_alert_not_final_benign,-1,dns,port
2025-07-19T23:02:59.499399+0700,103.195.142.74,118.98.44.20,26131,53,UDP,dns,,1019004279730723,wire/pcap,0,0,0,0,0,0.0,0,0,0,none,0,none,0,0,0,no_alert_unknown,no_alert_not_final_benign,-1,dns,port
2025-07-19T23:02:59.505016+0700,103.195.142.74,118.98.44.20,1236,53,UDP,dns,,1043129472663621,wire/pcap,0,0,0,0,0,0.0,0,0,0,none,0,none,0,0,0,no_alert_unknown,no_alert_not_final_benign,-1,dns,port
2025-07-19T23:02:59.505882+0700,103.195.142.75,8.8.8.8,8331,53,UDP,dns,,1046849893856606,wire/pcap,0,0,0,0,0,0.0,0,0,0,none,0,none,0,0,0,no_alert_unknown,no_alert_not_final_benign,-1,dns,port
2025-07-19T23:02:59.506757+0700,103.195.142.74,118.98.44.50,55879,53,UDP,dns,,1050608195137260,wire/pcap,0,0,0,0,0,0.0,0,0,0,none,0,none,0,0,0,no_alert_unknown,no_alert_not_final_benign,-1,dns,port
2025-07-19T23:02:59.515441+0700,103.195.142.74,118.98.44.50,7956,53,UDP,dns,,1087905644205064,wire/pcap,0,0,0,0,0,0.0,0,0,0,none,0,none,0,0,0,no_alert_unknown,no_alert_not_final_benign,-1,dns,port
2025-07-19T23:02:59.523720+0700,103.195.142.74,118.98.44.50,32376,53,UDP,dns,,1123464165156786,wire/pcap,0,0,0,0,0,0.0,0,0,0,none,0,none,0,0,0,no_alert_unknown,no_alert_not_final_benign,-1,dns,port
2025-07-19T23:02:59.523859+0700,103.195.142.74,118.98.44.100,43616,53,UDP,dns,,1124057920694410,wire/pcap,0,0,0,0,0,0.0,0,0,0,none,0,none,0,0,0,no_alert_unknown,no_alert_not_final_benign,-1,dns,port
2025-07-19T23:02:59.524311+0700,103.195.142.75,8.8.8.8,47247,53,UDP,dns,,844524429785610,wire/pcap,0,0,0,0,0,0.0,0,0,0,none,0,none,0,0,0,no_alert_unknown,no_alert_not_final_benign,-1,dns,port
2025-07-19T23:02:59.531748+0700,103.195.142.74,118.98.44.100,58175,53,UDP,dns,,876469637693152,wire/pcap,0,0,0,0,0,0.0,0,0,0,none,0,none,0,0,0,no_alert_unknown,no_alert_not_final_benign,-1,dns,port
2025-07-19T23:02:59.569253+0700,103.195.142.74,118.98.44.20,5235,53,UDP,dns,,1037549293440877,wire/pcap,0,0,0,0,0,0.0,0,0,0,none,0,none,0,0,0,no_alert_unknown,no_alert_not_final_benign,-1,dns,port
2025-07-19T23:02:59.599827+0700,103.195.142.75,8.8.8.8,11553,53,UDP,flow,dns,878465301202065,,1,1,0,243,0,0.0,1,243,0,none,0,none,0,0,0,no_alert_unknown,no_alert_not_final_benign,-1,dns,app_proto+port
2025-07-19T23:02:59.601224+0700,103.195.142.75,8.8.8.8,13614,53,UDP,dns,,893391132043882,wire/pcap,0,0,0,0,0,0.0,0,0,0,none,0,none,0,0,0,no_alert_unknown,no_alert_not_final_benign,-1,dns,port
2025-07-19T23:02:59.601315+0700,103.195.142.74,118.98.44.50,62464,53,UDP,dns,,893780866052563,wire/pcap,0,0,0,0,0,0.0,0,0,0,none,0,none,0,0,0,no_alert_unknown,no_alert_not_final_benign,-1,dns,port
2025-07-19T23:02:59.623199+0700,103.195.142.75,8.8.8.8,37199,53,UDP,dns,,987770152271108,wire/pcap,0,0,0,0,0,0.0,0,0,0,none,0,none,0,0,0,no_alert_unknown,no_alert_not_final_benign,-1,dns,port
2025-07-19T23:02:59.626411+0700,103.195.142.74,202.134.0.155,2850,53,UDP,dns,,1001566920180219,wire/pcap,0,0,0,0,0,0.0,0,0,0,none,0,none,0,0,0,no_alert_unknown,no_alert_not_final_benign,-1,dns,port
2025-07-19T23:02:59.627791+0700,103.195.142.75,8.8.8.8,31361,53,UDP,dns,,1007494818177269,wire/pcap,0,0,0,0,0,0.0,0,0,0,none,0,none,0,0,0,no_alert_unknown,no_alert_not_final_benign,-1,dns,port
2025-07-19T23:02:59.627958+0700,103.195.142.74,118.98.44.100,15310,53,UDP,dns,,1008211315024362,wire/pcap,0,0,0,0,0,0.0,0,0,0,none,0,none,0,0,0,no_alert_unknown,no_alert_not_final_benign,-1,dns,port
2025-07-19T23:02:59.636492+0700,103.195.142.75,8.8.8.8,41785,53,UDP,dns,,1044863979645690,wire/pcap,0,0,0,0,0,0.0,0,0,0,none,0,none,0,0,0,no_alert_unknown,no_alert_not_final_benign,-1,dns,port
2025-07-19T23:02:59.663121+0700,103.195.142.74,118.98.44.50,29279,53,UDP,dns,,877760767212682,wire/pcap,0,0,0,0,0,0.0,0,0,0,none,0,none,0,0,0,no_alert_unknown,no_alert_not_final_benign,-1,dns,port
2025-07-19T23:02:59.679692+0700,103.195.142.75,185.67.45.231,27174,53,UDP,dns,,948931416354864,wire/pcap,0,0,0,0,0,0.0,0,0,0,none,0,none,0,0,0,no_alert_unknown,no_alert_not_final_benign,-1,dns,port
2025-07-19T23:02:59.712810+0700,103.195.142.74,202.134.0.155,39204,53,UDP,dns,,1091173301165661,wire/pcap,0,0,0,0,0,0.0,0,0,0,none,0,none,0,0,0,no_alert_unknown,no_alert_not_final_benign,-1,dns,port
2025-07-19T23:02:59.732472+0700,103.195.142.75,8.8.8.8,12169,53,UDP,dns,,894145542937949,wire/pcap,0,0,0,0,0,0.0,0,0,0,none,0,none,0,0,0,no_alert_unknown,no_alert_not_final_benign,-1,dns,port
2025-07-19T23:02:59.743738+0700,103.195.142.74,118.98.44.100,39243,53,UDP,dns,,942532739677182,wire/pcap,0,0,0,0,0,0.0,0,0,0,none,0,none,0,0,0,no_alert_unknown,no_alert_not_final_benign,-1,dns,port
2025-07-19T23:02:59.754739+0700,103.195.142.74,202.134.0.155,13163,53,UDP,dns,,989781055861086,wire/pcap,0,0,0,0,0,0.0,0,0,0,none,0,none,0,0,0,no_alert_unknown,no_alert_not_final_benign,-1,dns,port
2025-07-19T23:02:59.756243+0700,103.195.142.75,8.8.8.8,40793,53,UDP,dns,,996240282881564,wire/pcap,0,0,0,0,0,0.0,0,0,0,none,0,none,0,0,0,no_alert_unknown,no_alert_not_final_benign,-1,dns,port
2025-07-19T23:02:59.777507+0700,103.195.142.74,118.98.44.50,6288,53,UDP,dns,,1087567717245662,wire/pcap,0,0,0,0,0,0.0,0,0,0,none,0,none,0,0,0,no_alert_unknown,no_alert_not_final_benign,-1,dns,port
2025-07-19T23:02:59.799511+0700,103.195.142.75,8.8.8.8,41310,53,UDP,dns,,900601617242602,wire/pcap,0,0,0,0,0,0.0,0,0,0,none,0,none,0,0,0,no_alert_unknown,no_alert_not_final_benign,-1,dns,port
2025-07-19T23:02:59.813709+0700,103.195.142.74,118.98.44.20,21360,53,UDP,dns,,961579306243835,wire/pcap,0,0,0,0,0,0.0,0,0,0,none,0,none,0,0,0,no_alert_unknown,no_alert_not_final_benign,-1,dns,port
2025-07-19T23:02:59.837684+0700,103.195.142.74,118.98.44.100,58590,53,UDP,dns,,1064552930348151,wire/pcap,0,0,0,0,0,0.0,0,0,0,none,0,none,0,0,0,no_alert_unknown,no_alert_not_final_benign,-1,dns,port
2025-07-19T23:02:59.837842+0700,103.195.142.74,118.98.44.50,50031,53,UDP,dns,,1065229653345394,wire/pcap,0,0,0,0,0,0.0,0,0,0,none,0,none,0,0,0,no_alert_unknown,no_alert_not_final_benign,-1,dns,port
2025-07-19T23:02:59.862767+0700,103.195.142.75,8.8.8.8,5951,53,UDP,dns,,890807868078125,wire/pcap,0,0,0,0,0,0.0,0,0,0,none,0,none,0,0,0,no_alert_unknown,no_alert_not_final_benign,-1,dns,port
2025-07-19T23:02:59.870127+0700,103.195.142.74,118.98.44.100,32338,53,UDP,dns,,922420501518180,wire/pcap,0,0,0,0,0,0.0,0,0,0,none,0,none,0,0,0,no_alert_unknown,no_alert_not_final_benign,-1,dns,port
2025-07-19T23:02:59.874230+0700,103.195.142.75,8.8.8.8,17880,53,UDP,dns,,940041618331073,wire/pcap,0,0,0,0,0,0.0,0,0,0,none,0,none,0,0,0,no_alert_unknown,no_alert_not_final_benign,-1,dns,port
2025-07-19T23:02:59.882591+0700,103.195.142.74,118.98.44.50,27592,53,UDP,flow,dns,451827670968849,,1,1,0,214,0,0.0,1,214,0,none,0,none,0,0,0,no_alert_unknown,no_alert_not_final_benign,-1,dns,app_proto+port
2025-07-19T23:02:59.882663+0700,103.195.142.76,87.98.154.119,53,57769,UDP,flow,failed,830430170376750,,1,1,0,1469,0,0.0,1,1469,0,none,0,none,0,0,0,no_alert_unknown,no_alert_not_final_benign,-1,dns,port
2025-07-19T23:02:59.882763+0700,103.195.142.196,87.98.154.119,53,29010,UDP,flow,failed,750881114090668,,1,1,0,1437,0,0.0,1,1437,0,none,0,none,0,0,0,no_alert_unknown,no_alert_not_final_benign,-1,dns,port
2025-07-19T23:02:59.882843+0700,103.195.142.75,8.8.8.8,44184,53,UDP,flow,dns,887316496707065,,1,1,0,88,0,0.0,1,88,0,none,0,none,0,0,0,no_alert_unknown,no_alert_not_final_benign,-1,dns,app_proto+port
2025-07-19T23:02:59.882864+0700,103.195.142.83,87.98.154.119,53,38740,UDP,flow,failed,979379026914836,,1,1,0,1190,0,0.0,1,1190,0,none,0,none,0,0,0,no_alert_unknown,no_alert_not_final_benign,-1,dns,port
2025-07-19T23:02:59.882882+0700,103.195.142.2,172.217.32.156,53,33558,UDP,flow,failed,298970081717828,,1,1,0,145,0,0.0,1,145,0,none,0,none,0,0,0,no_alert_unknown,no_alert_not_final_benign,-1,dns,port
2025-07-19T23:02:59.882901+0700,103.195.142.83,87.98.154.119,53,43896,UDP,flow,failed,669090085334725,,1,1,0,1190,0,0.0,1,1190,0,none,0,none,0,0,0,no_alert_unknown,no_alert_not_final_benign,-1,dns,port
2025-07-19T23:02:59.883001+0700,103.195.142.76,87.98.154.94,53,7405,UDP,flow,failed,1045629388844968,,1,1,0,1469,0,0.0,1,1469,0,none,0,none,0,0,0,no_alert_unknown,no_alert_not_final_benign,-1,dns,port
2025-07-19T23:02:59.883022+0700,103.195.142.76,87.98.154.119,53,26694,UDP,flow,failed,1118505216110546,,1,1,0,1469,0,0.0,1,1469,0,none,0,none,0,0,0,no_alert_unknown,no_alert_not_final_benign,-1,dns,port
2025-07-19T23:02:59.883073+0700,103.195.142.195,87.98.154.119,53,58074,UDP,flow,failed,663447839240228,,1,1,0,1437,0,0.0,1,1437,0,none,0,none,0,0,0,no_alert_unknown,no_alert_not_final_benign,-1,dns,port
2025-07-19T23:02:59.883135+0700,103.195.142.109,87.98.154.145,53,29140,UDP,flow,failed,324170885623862,,1,1,0,1437,0,0.0,1,1437,0,none,0,none,0,0,0,no_alert_unknown,no_alert_not_final_benign,-1,dns,port
2025-07-19T23:02:59.883283+0700,103.195.142.2,13.105.80.76,53,12455,UDP,flow,failed,1006446844702858,,1,1,0,182,0,0.0,1,182,0,none,0,none,0,0,0,no_alert_unknown,no_alert_not_final_benign,-1,dns,port
2025-07-19T23:02:59.883402+0700,103.195.142.195,87.98.154.119,53,61001,UDP,flow,failed,526805954457932,,1,1,0,1437,0,0.0,1,1437,0,none,0,none,0,0,0,no_alert_unknown,no_alert_not_final_benign,-1,dns,port
2025-07-19T23:02:59.883465+0700,103.195.142.83,87.98.154.222,53,13611,UDP,flow,failed,1039006562710045,,1,1,0,1190,0,0.0,1,1190,0,none,0,none,0,0,0,no_alert_unknown,no_alert_not_final_benign,-1,dns,port
2025-07-19T23:02:59.883484+0700,103.195.142.46,87.98.154.91,53,22129,UDP,flow,failed,507312509153910,,1,1,0,1437,0,0.0,1,1437,0,none,0,none,0,0,0,no_alert_unknown,no_alert_not_final_benign,-1,dns,port
2025-07-19T23:02:59.883524+0700,103.195.142.75,8.8.8.8,27103,53,UDP,flow,dns,2108974975021713,,1,2,0,456,0,4.0,2,456,0,none,0,none,0,0,0,no_alert_unknown,no_alert_not_final_benign,-1,dns,app_proto+port
2025-07-19T23:02:59.883552+0700,103.195.142.74,118.98.44.50,17072,53,UDP,flow,dns,361925555647157,,1,1,0,85,0,0.0,1,85,0,none,0,none,0,0,0,no_alert_unknown,no_alert_not_final_benign,-1,dns,app_proto+port
2025-07-19T23:02:59.883573+0700,103.195.142.46,87.98.154.235,53,27560,UDP,flow,failed,37058698408739,,1,3,0,4311,0,10.0,3,4311,0,none,0,none,0,0,0,no_alert_unknown,no_alert_not_final_benign,-1,dns,port
2025-07-19T23:02:59.883594+0700,103.195.142.3,13.105.164.210,53,36732,UDP,flow,failed,460145224643399,,1,1,0,178,0,0.0,1,178,0,none,0,none,0,0,0,no_alert_unknown,no_alert_not_final_benign,-1,dns,port
2025-07-19T23:02:59.883614+0700,103.195.142.83,87.98.154.119,53,32289,UDP,flow,failed,776883201110866,,1,1,0,1190,0,0.0,1,1190,0,none,0,none,0,0,0,no_alert_unknown,no_alert_not_final_benign,-1,dns,port
2025-07-19T23:02:59.883736+0700,103.195.142.196,87.98.154.119,53,26880,UDP,flow,failed,996789906765151,,1,1,0,1437,0,0.0,1,1437,0,none,0,none,0,0,0,no_alert_unknown,no_alert_not_final_benign,-1,dns,port
2025-07-19T23:02:59.883769+0700,103.195.142.46,87.98.154.119,53,3955,UDP,flow,failed,628657797395855,,1,1,0,1437,0,0.0,1,1437,0,none,0,none,0,0,0,no_alert_unknown,no_alert_not_final_benign,-1,dns,port
2025-07-19T23:02:59.883906+0700,103.195.142.75,8.8.8.8,58017,53,UDP,flow,dns,1109757699618384,,1,1,0,243,0,0.0,1,243,0,none,0,none,0,0,0,no_alert_unknown,no_alert_not_final_benign,-1,dns,app_proto+port
2025-07-19T23:02:59.883984+0700,103.195.142.46,87.98.154.117,53,9513,UDP,flow,failed,957897307190908,,1,1,0,1437,0,0.0,1,1437,0,none,0,none,0,0,0,no_alert_unknown,no_alert_not_final_benign,-1,dns,port
2025-07-19T23:02:59.884009+0700,103.195.142.74,118.98.44.100,42088,53,UDP,flow,dns,679832811796132,,1,1,0,74,0,0.0,1,74,0,none,0,none,0,0,0,no_alert_unknown,no_alert_not_final_benign,-1,dns,app_proto+port
2025-07-19T23:02:59.884054+0700,103.195.142.74,118.98.44.50,8940,53,UDP,flow,dns,976622519580468,,1,1,0,214,0,0.0,1,214,0,none,0,none,0,0,0,no_alert_unknown,no_alert_not_final_benign,-1,dns,app_proto+port
2025-07-19T23:02:59.884083+0700,103.195.142.46,87.98.154.119,53,26058,UDP,flow,failed,895518537938769,,1,1,0,1437,0,0.0,1,1437,0,none,0,none,0,0,0,no_alert_unknown,no_alert_not_final_benign,-1,dns,port
2025-07-19T23:02:59.884185+0700,103.195.142.2,13.105.68.215,53,49557,UDP,flow,failed,947646340003944,,1,1,0,182,0,0.0,1,182,0,none,0,none,0,0,0,no_alert_unknown,no_alert_not_final_benign,-1,dns,port
2025-07-19T23:02:59.884205+0700,103.195.142.2,3.238.178.162,53,46437,UDP,flow,failed,459194580727985,,1,1,0,298,0,0.0,1,298,0,none,0,none,0,0,0,no_alert_unknown,no_alert_not_final_benign,-1,dns,port
2025-07-19T23:02:59.884253+0700,103.195.142.83,87.98.154.119,53,54782,UDP,flow,failed,708165589793093,,1,1,0,1190,0,0.0,1,1190,0,none,0,none,0,0,0,no_alert_unknown,no_alert_not_final_benign,-1,dns,port
2025-07-19T23:02:59.884301+0700,103.195.142.46,87.98.154.199,53,40278,UDP,flow,failed,903975611267412,,1,1,0,1437,0,0.0,1,1437,0,none,0,none,0,0,0,no_alert_unknown,no_alert_not_final_benign,-1,dns,port
2025-07-19T23:02:59.884355+0700,103.195.142.2,180.241.27.36,53,50149,UDP,flow,failed,578622018025855,,1,1,0,132,0,0.0,1,132,0,none,0,none,0,0,0,no_alert_unknown,no_alert_not_final_benign,-1,dns,port
2025-07-19T23:02:59.884392+0700,103.195.142.76,87.98.154.119,53,48122,UDP,flow,failed,939671107860889,,1,1,0,1469,0,0.0,1,1469,0,none,0,none,0,0,0,no_alert_unknown,no_alert_not_final_benign,-1,dns,port
2025-07-19T23:02:59.884451+0700,103.195.142.109,87.98.154.119,53,57996,UDP,flow,failed,847163246115248,,1,1,0,1437,0,0.0,1,1437,0,none,0,none,0,0,0,no_alert_unknown,no_alert_not_final_benign,-1,dns,port
2025-07-19T23:02:59.884589+0700,103.195.142.76,87.98.154.119,53,60237,UDP,flow,failed,355934475450908,,1,1,0,1469,0,0.0,1,1469,0,none,0,none,0,0,0,no_alert_unknown,no_alert_not_final_benign,-1,dns,port
2025-07-19T23:02:59.884746+0700,103.195.142.74,118.98.44.20,43796,53,UDP,flow,dns,535238028950212,,1,1,0,85,0,0.0,1,85,0,none,0,none,0,0,0,no_alert_unknown,no_alert_not_final_benign,-1,dns,app_proto+port
2025-07-19T23:02:59.884807+0700,103.195.142.74,202.134.0.155,55843,53,UDP,flow,dns,770861584349919,,1,1,0,68,0,0.0,1,68,0,none,0,none,0,0,0,no_alert_unknown,no_alert_not_final_benign,-1,dns,app_proto+port
2025-07-19T23:02:59.884896+0700,103.195.142.75,8.8.8.8,6530,53,UDP,flow,dns,986948432689977,,1,1,0,68,0,0.0,1,68,0,none,0,none,0,0,0,no_alert_unknown,no_alert_not_final_benign,-1,dns,app_proto+port
2025-07-19T23:02:59.884989+0700,103.195.142.76,87.98.154.118,53,9588,UDP,flow,failed,503156138179408,,1,1,0,1469,0,0.0,1,1469,0,none,0,none,0,0,0,no_alert_unknown,no_alert_not_final_benign,-1,dns,port
2025-07-19T23:02:59.885022+0700,103.195.142.2,36.37.76.209,53,9250,UDP,flow,failed,782169822133101,,1,1,0,182,0,0.0,1,182,0,none,0,none,0,0,0,no_alert_unknown,no_alert_not_final_benign,-1,dns,port
2025-07-19T23:02:59.885251+0700,103.195.142.74,118.98.44.100,59613,53,UDP,flow,dns,718602132323407,,1,1,0,68,0,0.0,1,68,0,none,0,none,0,0,0,no_alert_unknown,no_alert_not_final_benign,-1,dns,app_proto+port
2025-07-19T23:02:59.885356+0700,103.195.142.74,118.98.44.100,1806,53,UDP,flow,dns,1107163854732429,,1,1,0,241,0,0.0,1,241,0,none,0,none,0,0,0,no_alert_unknown,no_alert_not_final_benign,-1,dns,app_proto+port
2025-07-19T23:02:59.885453+0700,103.195.142.76,87.98.154.2,53,30096,UDP,flow,failed,968175980117325,,1,1,0,1469,0,0.0,1,1469,0,none,0,none,0,0,0,no_alert_unknown,no_alert_not_final_benign,-1,dns,port
2025-07-19T23:02:59.885511+0700,103.195.142.3,52.250.127.38,53,52084,UDP,flow,failed,991795279297955,,1,1,0,182,0,0.0,1,182,0,none,0,none,0,0,0,no_alert_unknown,no_alert_not_final_benign,-1,dns,port
2025-07-19T23:02:59.885532+0700,103.195.142.3,13.105.164.214,53,49808,UDP,flow,failed,291253876031004,,1,1,0,135,0,0.0,1,135,0,none,0,none,0,0,0,no_alert_unknown,no_alert_not_final_benign,-1,dns,port
2025-07-19T23:02:59.885592+0700,103.195.142.76,87.98.154.206,53,9097,UDP,flow,failed,573585556438597,,1,1,0,1469,0,0.0,1,1469,0,none,0,none,0,0,0,no_alert_unknown,no_alert_not_final_benign,-1,dns,port
2025-07-19T23:02:59.885612+0700,103.195.142.195,87.98.154.108,53,55278,UDP,flow,failed,866354964528786,,1,1,0,1437,0,0.0,1,1437,0,none,0,none,0,0,0,no_alert_unknown,no_alert_not_final_benign,-1,dns,port
2025-07-19T23:02:59.885653+0700,103.195.142.74,118.98.44.100,35002,53,UDP,flow,dns,1020508813655718,,1,1,0,88,0,0.0,1,88,0,none,0,none,0,0,0,no_alert_unknown,no_alert_not_final_benign,-1,dns,app_proto+port
2025-07-19T23:02:59.885733+0700,103.195.142.76,87.98.154.118,53,29054,UDP,flow,failed,806106454228855,,1,1,0,1469,0,0.0,1,1469,0,none,0,none,0,0,0,no_alert_unknown,no_alert_not_final_benign,-1,dns,port
2025-07-19T23:02:59.885752+0700,103.195.142.196,87.98.154.161,53,7881,UDP,flow,failed,1742885995806680,,1,2,0,2874,0,3.0,2,2874,0,none,0,none,0,0,0,no_alert_unknown,no_alert_not_final_benign,-1,dns,port
2025-07-19T23:02:59.885770+0700,103.195.142.74,118.98.44.50,51118,53,UDP,flow,dns,466529870610413,,1,1,0,214,0,0.0,1,214,0,none,0,none,0,0,0,no_alert_unknown,no_alert_not_final_benign,-1,dns,app_proto+port
2025-07-19T23:02:59.885790+0700,103.195.142.3,3.239.155.22,53,19516,UDP,flow,failed,317264120315906,,1,1,0,295,0,0.0,1,295,0,none,0,none,0,0,0,no_alert_unknown,no_alert_not_final_benign,-1,dns,port
2025-07-19T23:02:59.885831+0700,103.195.142.74,118.98.44.50,8253,53,UDP,flow,dns,540971490345217,,1,1,0,92,0,0.0,1,92,0,none,0,none,0,0,0,no_alert_unknown,no_alert_not_final_benign,-1,dns,app_proto+port
2025-07-19T23:02:59.885878+0700,103.195.142.83,87.98.154.150,53,63833,UDP,flow,failed,856857789989126,,1,1,0,1190,0,0.0,1,1190,0,none,0,none,0,0,0,no_alert_unknown,no_alert_not_final_benign,-1,dns,port
2025-07-19T23:02:59.885902+0700,103.195.142.165,87.98.154.119,53,61217,UDP,flow,failed,801553689674005,,1,1,0,1437,0,0.0,1,1437,0,none,0,none,0,0,0,no_alert_unknown,no_alert_not_final_benign,-1,dns,port
2025-07-19T23:02:59.886007+0700,103.195.142.196,87.98.154.185,53,4517,UDP,flow,failed,766030573273687,,1,1,0,1437,0,0.0,1,1437,0,none,0,none,0,0,0,no_alert_unknown,no_alert_not_final_benign,-1,dns,port
2025-07-19T23:02:59.886047+0700,103.195.142.74,202.134.0.155,2891,53,UDP,flow,dns,1115282034983612,,1,1,0,223,0,0.0,1,223,0,none,0,none,0,0,0,no_alert_unknown,no_alert_not_final_benign,-1,dns,app_proto+port
2025-07-19T23:02:59.886085+0700,103.195.142.74,202.134.0.155,12965,53,UDP,flow,dns,1027645263053529,,1,1,0,77,0,0.0,1,77,0,none,0,none,0,0,0,no_alert_unknown,no_alert_not_final_benign,-1,dns,app_proto+port
2025-07-19T23:02:59.886147+0700,103.195.142.196,87.98.154.119,53,1480,UDP,flow,failed,541283491513266,,1,1,0,1437,0,0.0,1,1437,0,none,0,none,0,0,0,no_alert_unknown,no_alert_not_final_benign,-1,dns,port
2025-07-19T23:02:59.886170+0700,103.195.142.74,202.134.0.155,12879,53,UDP,flow,dns,434780816999373,,1,1,0,241,0,0.0,1,241,0,none,0,none,0,0,0,no_alert_unknown,no_alert_not_final_benign,-1,dns,app_proto+port
2025-07-19T23:02:59.886191+0700,103.195.142.74,118.98.44.50,4993,53,UDP,flow,dns,627877934007249,,1,2,0,204,0,7.0,2,204,0,none,0,none,0,0,0,no_alert_unknown,no_alert_not_final_benign,-1,dns,app_proto+port
2025-07-19T23:02:59.886212+0700,103.195.142.74,202.134.0.155,23858,53,UDP,flow,dns,908787644105745,,1,1,0,74,0,0.0,1,74,0,none,0,none,0,0,0,no_alert_unknown,no_alert_not_final_benign,-1,dns,app_proto+port
2025-07-19T23:02:59.886233+0700,103.195.142.196,87.98.154.73,53,60475,UDP,flow,failed,290222026327059,,1,3,0,4311,0,9.0,3,4311,0,none,0,none,0,0,0,no_alert_unknown,no_alert_not_final_benign,-1,dns,port
2025-07-19T23:02:59.886252+0700,103.195.142.76,87.98.154.117,53,1325,UDP,flow,failed,770221505971389,,1,1,0,1469,0,0.0,1,1469,0,none,0,none,0,0,0,no_alert_unknown,no_alert_not_final_benign,-1,dns,port
2025-07-19T23:02:59.886276+0700,103.195.142.3,13.105.164.202,53,48488,UDP,flow,failed,981144830936303,,1,1,0,182,0,0.0,1,182,0,none,0,none,0,0,0,no_alert_unknown,no_alert_not_final_benign,-1,dns,port
2025-07-19T23:02:59.886295+0700,103.195.142.74,202.134.0.155,46241,53,UDP,flow,dns,322652812477683,,1,2,0,202,0,2.0,2,202,0,none,0,none,0,0,0,no_alert_unknown,no_alert_not_final_benign,-1,dns,app_proto+port
2025-07-19T23:02:59.886397+0700,103.195.142.2,210.94.72.31,53,60019,UDP,flow,failed,962264209950242,,1,1,0,203,0,0.0,1,203,0,none,0,none,0,0,0,no_alert_unknown,no_alert_not_final_benign,-1,dns,port
2025-07-19T23:02:59.886416+0700,103.195.142.76,87.98.154.119,53,48575,UDP,flow,failed,851002871252699,,1,1,0,1469,0,0.0,1,1469,0,none,0,none,0,0,0,no_alert_unknown,no_alert_not_final_benign,-1,dns,port
2025-07-19T23:02:59.886439+0700,103.195.142.46,87.98.154.35,53,49888,UDP,flow,failed,959694692157175,,1,1,0,1437,0,0.0,1,1437,0,none,0,none,0,0,0,no_alert_unknown,no_alert_not_final_benign,-1,dns,port
2025-07-19T23:02:59.886543+0700,103.195.142.2,210.94.72.31,53,38764,UDP,flow,failed,980088206985613,,1,1,0,160,0,0.0,1,160,0,none,0,none,0,0,0,no_alert_unknown,no_alert_not_final_benign,-1,dns,port
2025-07-19T23:02:59.886582+0700,103.195.142.74,118.98.44.100,8778,53,UDP,flow,dns,867651347614142,,1,1,0,214,0,0.0,1,214,0,none,0,none,0,0,0,no_alert_unknown,no_alert_not_final_benign,-1,dns,app_proto+port
2025-07-19T23:02:59.886602+0700,103.195.142.74,118.98.44.50,62579,53,UDP,flow,dns,333365320288903,,1,1,0,211,0,0.0,1,211,0,none,0,none,0,0,0,no_alert_unknown,no_alert_not_final_benign,-1,dns,app_proto+port
2025-07-19T23:02:59.886622+0700,103.195.142.74,118.98.44.100,26033,53,UDP,flow,dns,962445278776022,,1,1,0,223,0,0.0,1,223,0,none,0,none,0,0,0,no_alert_unknown,no_alert_not_final_benign,-1,dns,app_proto+port
2025-07-19T23:02:59.886689+0700,103.195.142.46,87.98.154.179,53,52444,UDP,flow,failed,707276584782558,,1,1,0,1437,0,0.0,1,1437,0,none,0,none,0,0,0,no_alert_unknown,no_alert_not_final_benign,-1,dns,port
2025-07-19T23:02:59.886715+0700,103.195.142.2,13.105.164.214,53,15150,UDP,flow,failed,294249317403395,,1,1,0,127,0,0.0,1,127,0,none,0,none,0,0,0,no_alert_unknown,no_alert_not_final_benign,-1,dns,port
2025-07-19T23:02:59.886760+0700,103.195.142.83,87.98.154.178,53,29461,UDP,flow,failed,564667619543989,,1,1,0,1190,0,0.0,1,1190,0,none,0,none,0,0,0,no_alert_unknown,no_alert_not_final_benign,-1,dns,port
2025-07-19T23:02:59.886824+0700,103.195.142.75,8.8.8.8,11383,53,UDP,flow,dns,451340753898660,,1,1,0,68,0,0.0,1,68,0,none,0,none,0,0,0,no_alert_unknown,no_alert_not_final_benign,-1,dns,app_proto+port
2025-07-19T23:02:59.886844+0700,103.195.142.3,180.241.27.210,53,20033,UDP,flow,failed,572793772117176,,1,1,0,132,0,0.0,1,132,0,none,0,none,0,0,0,no_alert_unknown,no_alert_not_final_benign,-1,dns,port
2025-07-19T23:02:59.886908+0700,103.195.142.196,87.98.154.118,53,20540,UDP,flow,failed,544502840954136,,1,1,0,1437,0,0.0,1,1437,0,none,0,none,0,0,0,no_alert_unknown,no_alert_not_final_benign,-1,dns,port
2025-07-19T23:02:59.886955+0700,103.195.142.76,87.98.154.119,53,56864,UDP,flow,failed,894539693755685,,1,1,0,1469,0,0.0,1,1469,0,none,0,none,0,0,0,no_alert_unknown,no_alert_not_final_benign,-1,dns,port
2025-07-19T23:02:59.886996+0700,103.195.142.46,87.98.154.119,53,50553,UDP,flow,failed,938182752275892,,1,1,0,1437,0,0.0,1,1437,0,none,0,none,0,0,0,no_alert_unknown,no_alert_not_final_benign,-1,dns,port
2025-07-19T23:02:59.887031+0700,103.195.142.109,87.98.154.233,53,57910,UDP,flow,failed,864651681795522,,1,1,0,1437,0,0.0,1,1437,0,none,0,none,0,0,0,no_alert_unknown,no_alert_not_final_benign,-1,dns,port
2025-07-19T23:02:59.887184+0700,103.195.142.83,87.98.154.117,53,4378,UDP,flow,failed,342487207382598,,1,1,0,1190,0,0.0,1,1190,0,none,0,none,0,0,0,no_alert_unknown,no_alert_not_final_benign,-1,dns,port
2025-07-19T23:02:59.887220+0700,103.195.142.74,118.98.44.20,53607,53,UDP,flow,dns,707730221109105,,1,1,0,184,0,0.0,1,184,0,none,0,none,0,0,0,no_alert_unknown,no_alert_not_final_benign,-1,dns,app_proto+port
2025-07-19T23:02:59.887265+0700,103.195.142.76,87.98.154.119,53,26987,UDP,flow,failed,654188807458704,,1,1,0,1469,0,0.0,1,1469,0,none,0,none,0,0,0,no_alert_unknown,no_alert_not_final_benign,-1,dns,port
2025-07-19T23:02:59.887285+0700,103.195.142.74,118.98.44.50,7674,53,UDP,flow,dns,376027195969443,,1,1,0,223,0,0.0,1,223,0,none,0,none,0,0,0,no_alert_unknown,no_alert_not_final_benign,-1,dns,app_proto+port
2025-07-19T23:02:59.887305+0700,103.195.142.109,87.98.154.149,53,38434,UDP,flow,failed,602593292652494,,1,1,0,1437,0,0.0,1,1437,0,none,0,none,0,0,0,no_alert_unknown,no_alert_not_final_benign,-1,dns,port
2025-07-19T23:02:59.887336+0700,103.195.142.75,8.8.8.8,19262,53,UDP,flow,dns,610792365428770,,1,1,0,88,0,0.0,1,88,0,none,0,none,0,0,0,no_alert_unknown,no_alert_not_final_benign,-1,dns,app_proto+port
2025-07-19T23:02:59.887365+0700,103.195.142.46,87.98.154.119,53,17355,UDP,flow,failed,623509111771243,,1,1,0,1437,0,0.0,1,1437,0,none,0,none,0,0,0,no_alert_unknown,no_alert_not_final_benign,-1,dns,port
2025-07-19T23:02:59.887553+0700,103.195.142.83,87.98.154.119,53,14326,UDP,flow,failed,821665821888947,,1,1,0,1190,0,0.0,1,1190,0,none,0,none,0,0,0,no_alert_unknown,no_alert_not_final_benign,-1,dns,port
2025-07-19T23:02:59.887576+0700,103.195.142.46,87.98.154.91,53,40293,UDP,flow,failed,711143082300001,,1,1,0,1437,0,0.0,1,1437,0,none,0,none,0,0,0,no_alert_unknown,no_alert_not_final_benign,-1,dns,port
2025-07-19T23:02:59.887734+0700,103.195.142.46,87.98.154.91,53,13910,UDP,flow,failed,1038796810228415,,1,1,0,1437,0,0.0,1,1437,0,none,0,none,0,0,0,no_alert_unknown,no_alert_not_final_benign,-1,dns,port
2025-07-19T23:02:59.887757+0700,103.195.142.76,87.98.154.238,53,46255,UDP,flow,failed,667955705746115,,1,3,0,4407,0,9.0,3,4407,0,none,0,none,0,0,0,no_alert_unknown,no_alert_not_final_benign,-1,dns,port
2025-07-19T23:02:59.887836+0700,103.195.142.109,87.98.154.205,53,1794,UDP,flow,failed,168205793956552,,1,3,0,4311,0,10.0,3,4311,0,none,0,none,0,0,0,no_alert_unknown,no_alert_not_final_benign,-1,dns,port
2025-07-19T23:02:59.887957+0700,103.195.142.83,87.98.154.90,53,48375,UDP,flow,failed,328772982936399,,1,1,0,1190,0,0.0,1,1190,0,none,0,none,0,0,0,no_alert_unknown,no_alert_not_final_benign,-1,dns,port
2025-07-19T23:02:59.887998+0700,103.195.142.3,13.105.68.212,53,37382,UDP,flow,failed,609319291065213,,1,1,0,178,0,0.0,1,178,0,none,0,none,0,0,0,no_alert_unknown,no_alert_not_final_benign,-1,dns,port
2025-07-19T23:02:59.888019+0700,103.195.142.76,87.98.154.122,53,56258,UDP,flow,failed,742605038621701,,1,1,0,1469,0,0.0,1,1469,0,none,0,none,0,0,0,no_alert_unknown,no_alert_not_final_benign,-1,dns,port
2025-07-19T23:02:59.888043+0700,103.195.142.2,18.136.1.198,53,28391,UDP,flow,failed,696714450900100,,1,1,0,181,0,0.0,1,181,0,none,0,none,0,0,0,no_alert_unknown,no_alert_not_final_benign,-1,dns,port
2025-07-19T23:02:59.888147+0700,103.195.142.3,172.217.32.146,53,60213,UDP,flow,failed,944401782412591,,1,1,0,156,0,0.0,1,156,0,none,0,none,0,0,0,no_alert_unknown,no_alert_not_final_benign,-1,dns,port
2025-07-19T23:02:59.888206+0700,103.195.142.2,210.94.72.31,53,60162,UDP,flow,failed,964004961850727,,1,1,0,182,0,0.0,1,182,0,none,0,none,0,0,0,no_alert_unknown,no_alert_not_final_benign,-1,dns,port
2025-07-19T23:02:59.888246+0700,103.195.142.165,87.98.154.109,53,54966,UDP,flow,failed,994925146215927,,1,1,0,1437,0,0.0,1,1437,0,none,0,none,0,0,0,no_alert_unknown,no_alert_not_final_benign,-1,dns,port
2025-07-19T23:02:59.888287+0700,103.195.142.74,118.98.44.50,35094,53,UDP,flow,dns,1029491238704637,,1,1,0,68,0,0.0,1,68,0,none,0,none,0,0,0,no_alert_unknown,no_alert_not_final_benign,-1,dns,app_proto+port
2025-07-19T23:02:59.888326+0700,103.195.142.74,118.98.44.50,2114,53,UDP,flow,dns,471570375382632,,1,1,0,97,0,0.0,1,97,0,none,0,none,0,0,0,no_alert_unknown,no_alert_not_final_benign,-1,dns,app_proto+port
2025-07-19T23:02:59.888349+0700,103.195.142.76,87.98.154.10,53,5919,UDP,flow,failed,361757167982245,,1,3,0,4407,0,10.0,3,4407,0,none,0,none,0,0,0,no_alert_unknown,no_alert_not_final_benign,-1,dns,port
2025-07-19T23:02:59.888370+0700,103.195.142.109,87.98.154.119,53,1824,UDP,flow,failed,441512281904972,,1,1,0,1437,0,0.0,1,1437,0,none,0,none,0,0,0,no_alert_unknown,no_alert_not_final_benign,-1,dns,port
2025-07-19T23:02:59.888417+0700,103.195.142.195,87.98.154.119,53,56237,UDP,flow,failed,552272484177875,,1,1,0,1437,0,0.0,1,1437,0,none,0,none,0,0,0,no_alert_unknown,no_alert_not_final_benign,-1,dns,port
2025-07-19T23:02:59.888437+0700,103.195.142.196,87.98.154.119,53,56819,UDP,flow,failed,672530562553864,,1,1,0,1437,0,0.0,1,1437,0,none,0,none,0,0,0,no_alert_unknown,no_alert_not_final_benign,-1,dns,port
2025-07-19T23:02:59.888473+0700,103.195.142.76,87.98.154.119,53,47113,UDP,flow,failed,645641567803405,,1,1,0,1469,0,0.0,1,1469,0,none,0,none,0,0,0,no_alert_unknown,no_alert_not_final_benign,-1,dns,port
2025-07-19T23:02:59.888517+0700,103.195.142.2,52.247.213.246,53,52314,UDP,flow,failed,938786433472623,,1,1,0,182,0,0.0,1,182,0,none,0,none,0,0,0,no_alert_unknown,no_alert_not_final_benign,-1,dns,port
2025-07-19T23:02:59.888559+0700,103.195.142.83,87.98.154.62,53,59952,UDP,flow,failed,601743949437093,,1,1,0,1190,0,0.0,1,1190,0,none,0,none,0,0,0,no_alert_unknown,no_alert_not_final_benign,-1,dns,port
2025-07-19T23:02:59.888785+0700,103.195.142.109,87.98.154.33,53,32240,UDP,flow,failed,590715897780696,,1,1,0,1437,0,0.0,1,1437,0,none,0,none,0,0,0,no_alert_unknown,no_alert_not_final_benign,-1,dns,port
2025-07-19T23:02:59.888894+0700,103.195.142.196,87.98.154.129,53,27033,UDP,flow,failed,961537021123400,,1,1,0,1437,0,0.0,1,1437,0,none,0,none,0,0,0,no_alert_unknown,no_alert_not_final_benign,-1,dns,port
2025-07-19T23:02:59.888917+0700,103.195.142.74,69.16.230.48,53577,53,UDP,flow,dns,525283210828616,,1,1,0,91,0,0.0,1,91,0,none,0,none,0,0,0,no_alert_unknown,no_alert_not_final_benign,-1,dns,app_proto+port
2025-07-19T23:02:59.888938+0700,103.195.142.76,87.98.154.119,53,34279,UDP,flow,failed,531359726443380,,1,1,0,1469,0,0.0,1,1469,0,none,0,none,0,0,0,no_alert_unknown,no_alert_not_final_benign,-1,dns,port
2025-07-19T23:02:59.888996+0700,103.195.142.195,87.98.154.119,53,40998,UDP,flow,failed,609398292159603,,1,1,0,1437,0,0.0,1,1437,0,none,0,none,0,0,0,no_alert_unknown,no_alert_not_final_benign,-1,dns,port
2025-07-19T23:02:59.889053+0700,103.195.142.83,87.98.154.206,53,30988,UDP,flow,failed,286886483598507,,1,3,0,3570,0,9.0,3,3570,0,none,0,none,0,0,0,no_alert_unknown,no_alert_not_final_benign,-1,dns,port
2025-07-19T23:02:59.889081+0700,103.195.142.3,153.92.13.1,53,19049,UDP,flow,failed,773498100194510,,1,1,0,166,0,0.0,1,166,0,none,0,none,0,0,0,no_alert_unknown,no_alert_not_final_benign,-1,dns,port
2025-07-19T23:02:59.889157+0700,103.195.142.3,13.105.68.203,53,23081,UDP,flow,failed,551482025647311,,1,1,0,182,0,0.0,1,182,0,none,0,none,0,0,0,no_alert_unknown,no_alert_not_final_benign,-1,dns,port
2025-07-19T23:02:59.889184+0700,103.195.142.74,118.98.44.20,58884,53,UDP,flow,dns,930215188503815,,1,1,0,241,0,0.0,1,241,0,none,0,none,0,0,0,no_alert_unknown,no_alert_not_final_benign,-1,dns,app_proto+port
2025-07-19T23:02:59.889249+0700,103.195.142.76,87.98.154.238,53,22598,UDP,flow,failed,650143077965174,,1,1,0,1469,0,0.0,1,1469,0,none,0,none,0,0,0,no_alert_unknown,no_alert_not_final_benign,-1,dns,port
2025-07-19T23:02:59.889276+0700,103.195.142.74,118.98.44.100,17970,53,UDP,flow,dns,1028502525320588,,1,1,0,241,0,0.0,1,241,0,none,0,none,0,0,0,no_alert_unknown,no_alert_not_final_benign,-1,dns,app_proto+port
2025-07-19T23:02:59.889332+0700,103.195.142.83,87.98.154.34,53,60685,UDP,flow,failed,914344744525297,,1,1,0,1190,0,0.0,1,1190,0,none,0,none,0,0,0,no_alert_unknown,no_alert_not_final_benign,-1,dns,port
2025-07-19T23:02:59.889352+0700,103.195.142.109,87.98.154.177,53,60306,UDP,flow,failed,479437145120347,,1,2,0,2874,0,9.0,2,2874,0,none,0,none,0,0,0,no_alert_unknown,no_alert_not_final_benign,-1,dns,port
2025-07-19T23:02:59.889398+0700,103.195.142.165,87.98.154.119,53,12418,UDP,flow,failed,359977245810394,,1,1,0,1437,0,0.0,1,1437,0,none,0,none,0,0,0,no_alert_unknown,no_alert_not_final_benign,-1,dns,port
2025-07-19T23:02:59.889465+0700,103.195.142.75,8.8.8.8,9903,53,UDP,flow,dns,560839639507055,,1,1,0,96,0,0.0,1,96,0,none,0,none,0,0,0,no_alert_unknown,no_alert_not_final_benign,-1,dns,app_proto+port
2025-07-19T23:02:59.889489+0700,103.195.142.75,8.8.8.8,27706,53,UDP,flow,dns,785170883158154,,1,1,0,196,0,0.0,1,196,0,none,0,none,0,0,0,no_alert_unknown,no_alert_not_final_benign,-1,dns,app_proto+port
2025-07-19T23:02:59.889509+0700,103.195.142.109,87.98.154.119,53,8892,UDP,flow,failed,696277328797860,,1,1,0,1437,0,0.0,1,1437,0,none,0,none,0,0,0,no_alert_unknown,no_alert_not_final_benign,-1,dns,port
2025-07-19T23:02:59.889529+0700,103.195.142.109,87.98.154.5,53,60889,UDP,flow,failed,665299432775870,,1,1,0,1437,0,0.0,1,1437,0,none,0,none,0,0,0,no_alert_unknown,no_alert_not_final_benign,-1,dns,port
2025-07-19T23:02:59.889581+0700,103.195.142.2,13.105.68.219,53,35460,UDP,flow,failed,393480691720531,,1,1,0,182,0,0.0,1,182,0,none,0,none,0,0,0,no_alert_unknown,no_alert_not_final_benign,-1,dns,port
2025-07-19T23:02:59.889637+0700,103.195.142.2,52.183.15.57,53,55738,UDP,flow,failed,399765673026087,,1,1,0,167,0,0.0,1,167,0,none,0,none,0,0,0,no_alert_unknown,no_alert_not_final_benign,-1,dns,port
2025-07-19T23:02:59.889658+0700,103.195.142.76,87.98.154.122,53,44920,UDP,flow,failed,779590173532746,,1,1,0,1469,0,0.0,1,1469,0,none,0,none,0,0,0,no_alert_unknown,no_alert_not_final_benign,-1,dns,port
2025-07-19T23:02:59.889698+0700,103.195.142.74,118.98.44.100,6438,53,UDP,flow,dns,530020001325657,,1,1,0,243,0,0.0,1,243,0,none,0,none,0,0,0,no_alert_unknown,no_alert_not_final_benign,-1,dns,app_proto+port
2025-07-19T23:02:59.889742+0700,103.195.142.76,87.98.154.119,53,12006,UDP,flow,failed,1090692188480280,,1,1,0,1469,0,0.0,1,1469,0,none,0,none,0,0,0,no_alert_unknown,no_alert_not_final_benign,-1,dns,port
2025-07-19T23:02:59.889825+0700,103.195.142.165,87.98.154.21,53,6065,UDP,flow,failed,615485001770188,,1,1,0,1437,0,0.0,1,1437,0,none,0,none,0,0,0,no_alert_unknown,no_alert_not_final_benign,-1,dns,port
2025-07-19T23:02:59.889841+0700,103.195.142.76,87.98.154.178,53,47847,UDP,flow,failed,387940454900962,,1,1,0,1469,0,0.0,1,1469,0,none,0,none,0,0,0,no_alert_unknown,no_alert_not_final_benign,-1,dns,port
2025-07-19T23:02:59.889868+0700,103.195.142.74,202.134.0.155,41640,53,UDP,flow,dns,561199307761044,,1,1,0,214,0,0.0,1,214,0,none,0,none,0,0,0,no_alert_unknown,no_alert_not_final_benign,-1,dns,app_proto+port
2025-07-19T23:02:59.889895+0700,103.195.142.109,87.98.154.149,53,12638,UDP,flow,failed,778048839755315,,1,3,0,4311,0,9.0,3,4311,0,none,0,none,0,0,0,no_alert_unknown,no_alert_not_final_benign,-1,dns,port
2025-07-19T23:02:59.889907+0700,103.195.142.46,87.98.154.7,53,52308,UDP,flow,failed,1979814552413772,,1,3,0,4311,0,10.0,3,4311,0,none,0,none,0,0,0,no_alert_unknown,no_alert_not_final_benign,-1,dns,port
2025-07-19T23:02:59.889950+0700,103.195.142.74,50.28.102.86,13678,53,UDP,flow,dns,965470826997402,,1,1,0,85,0,0.0,1,85,0,none,0,none,0,0,0,no_alert_unknown,no_alert_not_final_benign,-1,dns,app_proto+port
2025-07-19T23:02:59.889976+0700,103.195.142.165,87.98.154.49,53,4593,UDP,flow,failed,849365229315845,,1,1,0,1437,0,0.0,1,1437,0,none,0,none,0,0,0,no_alert_unknown,no_alert_not_final_benign,-1,dns,port
2025-07-19T23:02:59.889969+0700,103.195.142.74,202.134.0.155,21586,53,UDP,dns,,1007640512858859,wire/pcap,0,0,0,0,0,0.0,0,0,0,none,0,none,0,0,0,no_alert_unknown,no_alert_not_final_benign,-1,dns,port
2025-07-19T23:02:59.890046+0700,103.195.142.196,87.98.154.119,53,4458,UDP,flow,failed,499694257514572,,1,1,0,1437,0,0.0,1,1437,0,none,0,none,0,0,0,no_alert_unknown,no_alert_not_final_benign,-1,dns,port
2025-07-19T23:02:59.890061+0700,103.195.142.83,87.98.154.119,53,40418,UDP,flow,failed,989055016249433,,1,1,0,1190,0,0.0,1,1190,0,none,0,none,0,0,0,no_alert_unknown,no_alert_not_final_benign,-1,dns,port
2025-07-19T23:02:59.890153+0700,103.195.142.196,87.98.154.157,53,47027,UDP,flow,failed,813524327147882,,1,1,0,1437,0,0.0,1,1437,0,none,0,none,0,0,0,no_alert_unknown,no_alert_not_final_benign,-1,dns,port
2025-07-19T23:02:59.890224+0700,103.195.142.165,87.98.154.165,53,22826,UDP,flow,failed,398646187993460,,1,2,0,2874,0,10.0,2,2874,0,none,0,none,0,0,0,no_alert_unknown,no_alert_not_final_benign,-1,dns,port
2025-07-19T23:02:59.890255+0700,103.195.142.83,87.98.154.34,53,21331,UDP,flow,failed,917981539871111,,1,1,0,1190,0,0.0,1,1190,0,none,0,none,0,0,0,no_alert_unknown,no_alert_not_final_benign,-1,dns,port
2025-07-19T23:02:59.890300+0700,103.195.142.109,87.98.154.169,53,53015,UDP,flow,failed,875347685484990,,1,1,0,1437,0,0.0,1,1437,0,none,0,none,0,0,0,no_alert_unknown,no_alert_not_final_benign,-1,dns,port
2025-07-19T23:02:59.890313+0700,103.195.142.74,118.98.44.100,5335,53,UDP,flow,dns,765866180422093,,1,1,0,243,0,0.0,1,243,0,none,0,none,0,0,0,no_alert_unknown,no_alert_not_final_benign,-1,dns,app_proto+port
2025-07-19T23:02:59.890354+0700,103.195.142.83,87.98.154.62,53,1726,UDP,flow,failed,582160393710085,,1,1,0,1190,0,0.0,1,1190,0,none,0,none,0,0,0,no_alert_unknown,no_alert_not_final_benign,-1,dns,port
2025-07-19T23:02:59.890378+0700,103.195.142.74,118.98.44.50,16061,53,UDP,flow,dns,559013929102011,,1,1,0,211,0,0.0,1,211,0,none,0,none,0,0,0,no_alert_unknown,no_alert_not_final_benign,-1,dns,app_proto+port
2025-07-19T23:02:59.890391+0700,103.195.142.83,87.98.154.119,53,47208,UDP,flow,failed,684355748506330,,1,1,0,1190,0,0.0,1,1190,0,none,0,none,0,0,0,no_alert_unknown,no_alert_not_final_benign,-1,dns,port
2025-07-19T23:02:59.890403+0700,103.195.142.74,118.98.44.50,10995,53,UDP,flow,dns,554374258502368,,1,1,0,243,0,0.0,1,243,0,none,0,none,0,0,0,no_alert_unknown,no_alert_not_final_benign,-1,dns,app_proto+port
2025-07-19T23:02:59.890442+0700,103.195.142.75,8.8.8.8,24089,53,UDP,flow,dns,581173812538125,,1,1,0,243,0,0.0,1,243,0,none,0,none,0,0,0,no_alert_unknown,no_alert_not_final_benign,-1,dns,app_proto+port
2025-07-19T23:02:59.890512+0700,103.195.142.195,87.98.154.118,53,38742,UDP,flow,failed,845676069137360,,1,1,0,1437,0,0.0,1,1437,0,none,0,none,0,0,0,no_alert_unknown,no_alert_not_final_benign,-1,dns,port
2025-07-19T23:02:59.890527+0700,103.195.142.195,87.98.154.48,53,52121,UDP,flow,failed,663176300801002,,1,1,0,1437,0,0.0,1,1437,0,none,0,none,0,0,0,no_alert_unknown,no_alert_not_final_benign,-1,dns,port
2025-07-19T23:02:59.890554+0700,103.195.142.74,118.98.44.50,7595,53,UDP,flow,dns,1021218030431228,,1,1,0,77,0,0.0,1,77,0,none,0,none,0,0,0,no_alert_unknown,no_alert_not_final_benign,-1,dns,app_proto+port
2025-07-19T23:02:59.890567+0700,103.195.142.74,118.98.44.50,47485,53,UDP,flow,dns,1088407152831538,,1,1,0,243,0,0.0,1,243,0,none,0,none,0,0,0,no_alert_unknown,no_alert_not_final_benign,-1,dns,app_proto+port
2025-07-19T23:02:59.890584+0700,103.195.142.196,87.98.154.17,53,35418,UDP,flow,failed,869365254335582,,1,1,0,1437,0,0.0,1,1437,0,none,0,none,0,0,0,no_alert_unknown,no_alert_not_final_benign,-1,dns,port
2025-07-19T23:02:59.890616+0700,103.195.142.74,202.134.0.155,54513,53,UDP,flow,dns,835031357402221,,1,1,0,141,0,0.0,1,141,0,none,0,none,0,0,0,no_alert_unknown,no_alert_not_final_benign,-1,dns,app_proto+port
2025-07-19T23:02:59.890632+0700,103.195.142.2,13.105.164.215,53,38165,UDP,flow,failed,986676526591123,,1,1,0,182,0,0.0,1,182,0,none,0,none,0,0,0,no_alert_unknown,no_alert_not_final_benign,-1,dns,port
2025-07-19T23:02:59.890644+0700,103.195.142.75,8.8.8.8,50190,53,UDP,flow,dns,374609780878519,,1,1,0,243,0,0.0,1,243,0,none,0,none,0,0,0,no_alert_unknown,no_alert_not_final_benign,-1,dns,app_proto+port
2025-07-19T23:02:59.890657+0700,103.195.142.83,87.98.154.117,53,23801,UDP,flow,failed,958574196370729,,1,1,0,1190,0,0.0,1,1190,0,none,0,none,0,0,0,no_alert_unknown,no_alert_not_final_benign,-1,dns,port
2025-07-19T23:02:59.890703+0700,103.195.142.75,8.8.8.8,45590,53,UDP,flow,dns,805664452587077,,1,1,0,86,0,0.0,1,86,0,none,0,none,0,0,0,no_alert_unknown,no_alert_not_final_benign,-1,dns,app_proto+port
2025-07-19T23:02:59.890718+0700,103.195.142.74,118.98.44.50,33150,53,UDP,flow,dns,963015292563030,,1,1,0,74,0,0.0,1,74,0,none,0,none,0,0,0,no_alert_unknown,no_alert_not_final_benign,-1,dns,app_proto+port
2025-07-19T23:02:59.890732+0700,103.195.142.2,13.105.80.79,53,44144,UDP,flow,failed,419932020420203,,1,1,0,182,0,0.0,1,182,0,none,0,none,0,0,0,no_alert_unknown,no_alert_not_final_benign,-1,dns,port
2025-07-19T23:02:59.890744+0700,103.195.142.195,87.98.154.76,53,31378,UDP,flow,failed,303235152555948,,1,1,0,1437,0,0.0,1,1437,0,none,0,none,0,0,0,no_alert_unknown,no_alert_not_final_benign,-1,dns,port
2025-07-19T23:02:59.890802+0700,103.195.142.196,87.98.154.119,53,30645,UDP,flow,failed,976584165634123,,1,1,0,1437,0,0.0,1,1437,0,none,0,none,0,0,0,no_alert_unknown,no_alert_not_final_benign,-1,dns,port
2025-07-19T23:02:59.890853+0700,103.195.142.74,118.98.44.50,41630,53,UDP,flow,dns,954603548061857,,1,1,0,232,0,0.0,1,232,0,none,0,none,0,0,0,no_alert_unknown,no_alert_not_final_benign,-1,dns,app_proto+port
2025-07-19T23:02:59.890891+0700,103.195.142.2,13.250.186.193,53,55804,UDP,flow,failed,698855862710676,,1,1,0,181,0,0.0,1,181,0,none,0,none,0,0,0,no_alert_unknown,no_alert_not_final_benign,-1,dns,port
2025-07-19T23:02:59.890903+0700,103.195.142.3,52.183.15.23,53,64073,UDP,flow,failed,1054074013299299,,1,1,0,171,0,0.0,1,171,0,none,0,none,0,0,0,no_alert_unknown,no_alert_not_final_benign,-1,dns,port
2025-07-19T23:02:59.890914+0700,103.195.142.165,87.98.154.249,53,50628,UDP,flow,failed,845531188835060,,1,1,0,1437,0,0.0,1,1437,0,none,0,none,0,0,0,no_alert_unknown,no_alert_not_final_benign,-1,dns,port
2025-07-19T23:02:59.890926+0700,103.195.142.76,87.98.154.210,53,47455,UDP,flow,failed,961740462961410,,1,1,0,1469,0,0.0,1,1469,0,none,0,none,0,0,0,no_alert_unknown,no_alert_not_final_benign,-1,dns,port
2025-07-19T23:02:59.890941+0700,103.195.142.83,87.98.154.118,53,56572,UDP,flow,failed,745838386623359,,1,1,0,1190,0,0.0,1,1190,0,none,0,none,0,0,0,no_alert_unknown,no_alert_not_final_benign,-1,dns,port
2025-07-19T23:02:59.890953+0700,103.195.142.165,87.98.154.137,53,17691,UDP,flow,failed,742213003392198,,1,1,0,1437,0,0.0,1,1437,0,none,0,none,0,0,0,no_alert_unknown,no_alert_not_final_benign,-1,dns,port
2025-07-19T23:02:59.890990+0700,103.195.142.74,202.134.0.155,58911,53,UDP,flow,dns,848040607167772,,1,1,0,243,0,0.0,1,243,0,none,0,none,0,0,0,no_alert_unknown,no_alert_not_final_benign,-1,dns,app_proto+port
2025-07-19T23:02:59.891002+0700,103.195.142.195,87.98.154.208,53,23503,UDP,flow,failed,616992264697167,,1,1,0,1437,0,0.0,1,1437,0,none,0,none,0,0,0,no_alert_unknown,no_alert_not_final_benign,-1,dns,port
2025-07-19T23:02:59.891027+0700,103.195.142.75,8.8.8.8,54005,53,UDP,flow,dns,960592004265363,,1,1,0,80,0,0.0,1,80,0,none,0,none,0,0,0,no_alert_unknown,no_alert_not_final_benign,-1,dns,app_proto+port
2025-07-19T23:02:59.891046+0700,103.195.142.109,87.98.154.119,53,36367,UDP,flow,failed,848142459549084,,1,1,0,1437,0,0.0,1,1437,0,none,0,none,0,0,0,no_alert_unknown,no_alert_not_final_benign,-1,dns,port
2025-07-19T23:02:59.891058+0700,103.195.142.109,87.98.154.119,53,40795,UDP,flow,failed,1060625778095525,,1,1,0,1437,0,0.0,1,1437,0,none,0,none,0,0,0,no_alert_unknown,no_alert_not_final_benign,-1,dns,port
2025-07-19T23:02:59.891070+0700,103.195.142.46,87.98.154.91,53,62167,UDP,flow,failed,702494544377333,,1,1,0,1437,0,0.0,1,1437,0,none,0,none,0,0,0,no_alert_unknown,no_alert_not_final_benign,-1,dns,port
2025-07-19T23:02:59.891081+0700,103.195.142.2,13.105.164.215,53,33103,UDP,flow,failed,990575252944745,,1,1,0,182,0,0.0,1,182,0,none,0,none,0,0,0,no_alert_unknown,no_alert_not_final_benign,-1,dns,port
2025-07-19T23:02:59.891093+0700,103.195.142.196,87.98.154.157,53,38850,UDP,flow,failed,1066084614092668,,1,1,0,1437,0,0.0,1,1437,0,none,0,none,0,0,0,no_alert_unknown,no_alert_not_final_benign,-1,dns,port
2025-07-19T23:02:59.891128+0700,103.195.142.83,87.98.154.119,53,7003,UDP,flow,failed,831677878581410,,1,1,0,1190,0,0.0,1,1190,0,none,0,none,0,0,0,no_alert_unknown,no_alert_not_final_benign,-1,dns,port
2025-07-19T23:02:59.891140+0700,103.195.142.74,118.98.44.50,30384,53,UDP,flow,dns,954585544734890,,1,1,0,92,0,0.0,1,92,0,none,0,none,0,0,0,no_alert_unknown,no_alert_not_final_benign,-1,dns,app_proto+port
2025-07-19T23:02:59.891156+0700,103.195.142.75,8.8.8.8,52525,53,UDP,flow,dns,803161749797190,,1,1,0,85,0,0.0,1,85,0,none,0,none,0,0,0,no_alert_unknown,no_alert_not_final_benign,-1,dns,app_proto+port
2025-07-19T23:02:59.891169+0700,103.195.142.76,87.98.154.119,53,47775,UDP,flow,failed,1079822615132564,,1,1,0,1469,0,0.0,1,1469,0,none,0,none,0,0,0,no_alert_unknown,no_alert_not_final_benign,-1,dns,port
2025-07-19T23:02:59.891181+0700,103.195.142.3,13.105.80.82,53,10156,UDP,flow,failed,941366933731938,,1,1,0,182,0,0.0,1,182,0,none,0,none,0,0,0,no_alert_unknown,no_alert_not_final_benign,-1,dns,port
2025-07-19T23:02:59.891193+0700,103.195.142.109,87.98.154.193,53,3488,UDP,flow,failed,850646954883708,,1,1,0,1437,0,0.0,1,1437,0,none,0,none,0,0,0,no_alert_unknown,no_alert_not_final_benign,-1,dns,port
2025-07-19T23:02:59.891205+0700,103.195.142.74,202.134.0.155,45801,53,UDP,flow,dns,1011004824435419,,1,1,0,81,0,0.0,1,81,0,none,0,none,0,0,0,no_alert_unknown,no_alert_not_final_benign,-1,dns,app_proto+port
2025-07-19T23:02:59.891312+0700,103.195.142.195,87.98.154.136,53,47306,UDP,flow,failed,570391952899208,,1,1,0,1437,0,0.0,1,1437,0,none,0,none,0,0,0,no_alert_unknown,no_alert_not_final_benign,-1,dns,port
2025-07-19T23:02:59.891377+0700,103.195.142.76,87.98.154.30,53,57070,UDP,flow,failed,664181316927315,,1,1,0,1469,0,0.0,1,1469,0,none,0,none,0,0,0,no_alert_unknown,no_alert_not_final_benign,-1,dns,port
2025-07-19T23:02:59.891394+0700,103.195.142.2,180.241.27.157,53,49581,UDP,flow,failed,591917576109927,,1,1,0,132,0,0.0,1,132,0,none,0,none,0,0,0,no_alert_unknown,no_alert_not_final_benign,-1,dns,port
2025-07-19T23:02:59.891406+0700,103.195.142.74,118.98.44.50,2990,53,UDP,flow,dns,1036734345068431,,1,1,0,196,0,0.0,1,196,0,none,0,none,0,0,0,no_alert_unknown,no_alert_not_final_benign,-1,dns,app_proto+port
2025-07-19T23:02:59.891427+0700,103.195.142.74,202.134.0.155,12306,53,UDP,flow,dns,969073344790486,,1,1,0,214,0,0.0,1,214,0,none,0,none,0,0,0,no_alert_unknown,no_alert_not_final_benign,-1,dns,app_proto+port
2025-07-19T23:02:59.891492+0700,103.195.142.74,118.98.44.100,33206,53,UDP,flow,dns,610680068194506,,1,1,0,232,0,0.0,1,232,0,none,0,none,0,0,0,no_alert_unknown,no_alert_not_final_benign,-1,dns,app_proto+port
2025-07-19T23:02:59.891505+0700,103.195.142.75,8.8.8.8,45725,53,UDP,flow,dns,1563737861079351,,1,2,0,450,0,5.0,2,450,0,none,0,none,0,0,0,no_alert_unknown,no_alert_not_final_benign,-1,dns,app_proto+port
2025-07-19T23:02:59.891545+0700,103.195.142.74,202.134.0.155,49748,53,UDP,flow,dns,704250232914455,,1,1,0,90,0,0.0,1,90,0,none,0,none,0,0,0,no_alert_unknown,no_alert_not_final_benign,-1,dns,app_proto+port
2025-07-19T23:02:59.891558+0700,103.195.142.76,87.98.154.118,53,34517,UDP,flow,failed,1114768732603086,,1,1,0,1469,0,0.0,1,1469,0,none,0,none,0,0,0,no_alert_unknown,no_alert_not_final_benign,-1,dns,port
2025-07-19T23:02:59.891573+0700,103.195.142.74,118.98.44.20,31705,53,UDP,flow,dns,901705108112122,,1,1,0,214,0,0.0,1,214,0,none,0,none,0,0,0,no_alert_unknown,no_alert_not_final_benign,-1,dns,app_proto+port
2025-07-19T23:02:59.891624+0700,103.195.142.83,87.98.154.119,53,33734,UDP,flow,failed,864883130844334,,1,1,0,1190,0,0.0,1,1190,0,none,0,none,0,0,0,no_alert_unknown,no_alert_not_final_benign,-1,dns,port
2025-07-19T23:02:59.891636+0700,103.195.142.74,118.98.44.100,11620,53,UDP,flow,dns,680163460072625,,1,1,0,88,0,0.0,1,88,0,none,0,none,0,0,0,no_alert_unknown,no_alert_not_final_benign,-1,dns,app_proto+port
2025-07-19T23:02:59.891649+0700,103.195.142.2,210.94.72.217,53,46313,UDP,flow,failed,953175752262834,,1,1,0,175,0,0.0,1,175,0,none,0,none,0,0,0,no_alert_unknown,no_alert_not_final_benign,-1,dns,port
2025-07-19T23:02:59.928700+0700,103.195.142.108,8.8.8.8,1900,53,UDP,dns,,1216074754602613,wire/pcap,0,0,0,0,0,0.0,0,0,0,none,0,none,0,0,0,no_alert_unknown,no_alert_not_final_benign,-1,dns,port
2025-07-19T23:02:59.943770+0700,103.195.142.74,185.67.45.232,53759,53,UDP,dns,,957240786116738,wire/pcap,0,0,0,0,0,0.0,0,0,0,none,0,none,0,0,0,no_alert_unknown,no_alert_not_final_benign,-1,dns,port
2025-07-19T23:02:59.947434+0700,103.195.142.75,185.67.45.231,44507,53,UDP,dns,,972974952363282,wire/pcap,0,0,0,0,0,0.0,0,0,0,none,0,none,0,0,0,no_alert_unknown,no_alert_not_final_benign,-1,dns,port
2025-07-19T23:02:59.956642+0700,103.195.142.74,118.98.44.50,25888,53,UDP,dns,,1012521688846611,wire/pcap,0,0,0,0,0,0.0,0,0,0,none,0,none,0,0,0,no_alert_unknown,no_alert_not_final_benign,-1,dns,port
2025-07-19T23:02:59.956773+0700,103.195.142.74,118.98.44.50,58635,53,UDP,dns,,1013086489125855,wire/pcap,0,0,0,0,0,0.0,0,0,0,none,0,none,0,0,0,no_alert_unknown,no_alert_not_final_benign,-1,dns,port
2025-07-19T23:02:59.956836+0700,103.195.142.74,118.98.44.100,5020,53,UDP,dns,,1013358193319621,wire/pcap,0,0,0,0,0,0.0,0,0,0,none,0,none,0,0,0,no_alert_unknown,no_alert_not_final_benign,-1,dns,port
2025-07-19T23:02:59.956890+0700,103.195.142.75,8.8.8.8,6997,53,UDP,dns,,1013588384380715,wire/pcap,0,0,0,0,0,0.0,0,0,0,none,0,none,0,0,0,no_alert_unknown,no_alert_not_final_benign,-1,dns,port
2025-07-19T23:02:59.988322+0700,103.195.142.75,8.8.8.8,40642,53,UDP,dns,,867114379616615,wire/pcap,0,0,0,0,0,0.0,0,0,0,none,0,none,0,0,0,no_alert_unknown,no_alert_not_final_benign,-1,dns,port
2025-07-19T23:03:00.024252+0700,103.195.142.75,208.74.121.116,56517,53,UDP,dns,,1230062446702159,wire/pcap,0,0,0,0,0,0.0,0,0,0,none,0,none,0,0,0,no_alert_unknown,no_alert_not_final_benign,-1,dns,port
2025-07-19T23:03:00.025784+0700,103.195.142.75,8.8.8.8,56808,53,UDP,dns,,1236641352564447,wire/pcap,0,0,0,0,0,0.0,0,0,0,none,0,none,0,0,0,no_alert_unknown,no_alert_not_final_benign,-1,dns,port
2025-07-19T23:03:00.031195+0700,103.195.142.74,118.98.44.50,56226,53,UDP,dns,,1259885595745588,wire/pcap,0,0,0,0,0,0.0,0,0,0,none,0,none,0,0,0,no_alert_unknown,no_alert_not_final_benign,-1,dns,port
2025-07-19T23:03:00.065312+0700,103.195.142.74,118.98.44.20,19915,53,UDP,dns,,1406414502018419,wire/pcap,0,0,0,0,0,0.0,0,0,0,none,0,none,0,0,0,no_alert_unknown,no_alert_not_final_benign,-1,dns,port
2025-07-19T23:03:00.065369+0700,103.195.142.74,118.98.44.50,8467,53,UDP,dns,,1406658580526047,wire/pcap,0,0,0,0,0,0.0,0,0,0,none,0,none,0,0,0,no_alert_unknown,no_alert_not_final_benign,-1,dns,port
2025-07-19T23:03:00.085805+0700,103.195.142.75,8.8.8.8,37848,53,UDP,dns,,1212957198015098,wire/pcap,0,0,0,0,0,0.0,0,0,0,none,0,none,0,0,0,no_alert_unknown,no_alert_not_final_benign,-1,dns,port
2025-07-19T23:03:00.167083+0700,103.195.142.75,8.8.8.8,14962,53,UDP,dns,,1280568614809167,wire/pcap,0,0,0,0,0,0.0,0,0,0,none,0,none,0,0,0,no_alert_unknown,no_alert_not_final_benign,-1,dns,port
2025-07-19T23:03:00.167173+0700,103.195.142.74,118.98.44.50,44635,53,UDP,dns,,1280954628148252,wire/pcap,0,0,0,0,0,0.0,0,0,0,none,0,none,0,0,0,no_alert_unknown,no_alert_not_final_benign,-1,dns,port
2025-07-19T23:03:00.192975+0700,103.195.142.74,118.98.44.50,53260,53,UDP,dns,,1391773616392353,wire/pcap,0,0,0,0,0,0.0,0,0,0,none,0,none,0,0,0,no_alert_unknown,no_alert_not_final_benign,-1,dns,port
2025-07-19T23:03:00.207313+0700,103.195.142.74,50.28.102.86,49969,53,UDP,dns,,1171879132665529,wire/pcap,0,0,0,0,0,0.0,0,0,0,none,0,none,0,0,0,no_alert_unknown,no_alert_not_final_benign,-1,dns,port
2025-07-19T23:03:00.251552+0700,103.195.142.74,118.98.44.20,42647,53,UDP,dns,,1361883803608158,wire/pcap,0,0,0,0,0,0.0,0,0,0,none,0,none,0,0,0,no_alert_unknown,no_alert_not_final_benign,-1,dns,port
2025-07-19T23:03:00.251631+0700,103.195.142.74,202.134.0.155,5072,53,UDP,dns,,1362223413328040,wire/pcap,0,0,0,0,0,0.0,0,0,0,none,0,none,0,0,0,no_alert_unknown,no_alert_not_final_benign,-1,dns,port
2025-07-19T23:03:00.251692+0700,103.195.142.74,118.98.44.20,27627,53,UDP,dns,,1362484343845405,wire/pcap,0,0,0,0,0,0.0,0,0,0,none,0,none,0,0,0,no_alert_unknown,no_alert_not_final_benign,-1,dns,port
2025-07-19T23:03:00.305406+0700,103.195.142.74,118.98.44.20,28394,53,UDP,dns,,1311711241966682,wire/pcap,0,0,0,0,0,0.0,0,0,0,none,0,none,0,0,0,no_alert_unknown,no_alert_not_final_benign,-1,dns,port
2025-07-19T23:03:00.314081+0700,103.195.142.75,8.8.8.8,5202,53,UDP,dns,,1348971743581296,wire/pcap,0,0,0,0,0,0.0,0,0,0,none,0,none,0,0,0,no_alert_unknown,no_alert_not_final_benign,-1,dns,port
2025-07-19T23:03:00.346354+0700,103.195.142.74,118.98.44.50,12296,53,UDP,dns,,1206108225466677,wire/pcap,0,0,0,0,0,0.0,0,0,0,none,0,none,0,0,0,no_alert_unknown,no_alert_not_final_benign,-1,dns,port
2025-07-19T23:03:00.355401+0700,103.195.142.75,8.8.8.8,32320,53,UDP,dns,,1244962790768087,wire/pcap,0,0,0,0,0,0.0,0,0,0,none,0,none,0,0,0,no_alert_unknown,no_alert_not_final_benign,-1,dns,port
2025-07-19T23:03:00.370872+0700,103.195.142.74,118.98.44.100,57389,53,UDP,dns,,1311410040644133,wire/pcap,0,0,0,0,0,0.0,0,0,0,none,0,none,0,0,0,no_alert_unknown,no_alert_not_final_benign,-1,dns,port
2025-07-19T23:03:00.389964+0700,103.195.142.74,118.98.44.20,10663,53,UDP,dns,,1393409125488906,wire/pcap,0,0,0,0,0,0.0,0,0,0,none,0,none,0,0,0,no_alert_unknown,no_alert_not_final_benign,-1,dns,port
2025-07-19T23:03:00.406747+0700,103.195.142.74,118.98.44.100,41558,53,UDP,dns,,1184016285435198,wire/pcap,0,0,0,0,0,0.0,0,0,0,none,0,none,0,0,0,no_alert_unknown,no_alert_not_final_benign,-1,dns,port
2025-07-19T23:03:00.407995+0700,103.195.142.74,118.98.44.50,62236,53,UDP,dns,,1189375297546658,wire/pcap,0,0,0,0,0,0.0,0,0,0,none,0,none,0,0,0,no_alert_unknown,no_alert_not_final_benign,-1,dns,port
2025-07-19T23:03:00.427646+0700,103.195.142.74,202.134.0.155,38978,53,UDP,dns,,1273776171391020,wire/pcap,0,0,0,0,0,0.0,0,0,0,none,0,none,0,0,0,no_alert_unknown,no_alert_not_final_benign,-1,dns,port
2025-07-19T23:03:00.427711+0700,103.195.142.74,118.98.44.20,29358,53,UDP,dns,,1274055400925487,wire/pcap,0,0,0,0,0,0.0,0,0,0,none,0,none,0,0,0,no_alert_unknown,no_alert_not_final_benign,-1,dns,port
2025-07-19T23:03:00.478647+0700,103.195.142.74,118.98.44.50,6498,53,UDP,dns,,1211349518664978,wire/pcap,0,0,0,0,0,0.0,0,0,0,none,0,none,0,0,0,no_alert_unknown,no_alert_not_final_benign,-1,dns,port
2025-07-19T23:03:00.480890+0700,103.195.142.74,118.98.44.100,18193,53,UDP,dns,,1220982802844535,wire/pcap,0,0,0,0,0,0.0,0,0,0,none,0,none,0,0,0,no_alert_unknown,no_alert_not_final_benign,-1,dns,port
2025-07-19T23:03:00.517815+0700,103.195.142.75,8.8.8.8,38966,53,UDP,dns,,1379574481690090,wire/pcap,0,0,0,0,0,0.0,0,0,0,none,0,none,0,0,0,no_alert_unknown,no_alert_not_final_benign,-1,dns,port
2025-07-19T23:03:00.530052+0700,103.195.142.74,118.98.44.100,30137,53,UDP,dns,,1150657480909403,wire/pcap,0,0,0,0,0,0.0,0,0,0,none,0,none,0,0,0,no_alert_unknown,no_alert_not_final_benign,-1,dns,port
2025-07-19T23:03:00.534231+0700,103.195.142.74,202.134.0.155,43494,53,UDP,dns,,1168607233162486,wire/pcap,0,0,0,0,0,0.0,0,0,0,none,0,none,0,0,0,no_alert_unknown,no_alert_not_final_benign,-1,dns,port
2025-07-19T23:03:00.535424+0700,103.195.142.74,118.98.44.50,35409,53,UDP,dns,,1173732266746049,wire/pcap,0,0,0,0,0,0.0,0,0,0,none,0,none,0,0,0,no_alert_unknown,no_alert_not_final_benign,-1,dns,port
2025-07-19T23:03:00.563350+0700,103.195.142.74,118.98.44.50,55888,53,UDP,dns,,1293671435730612,wire/pcap,0,0,0,0,0,0.0,0,0,0,none,0,none,0,0,0,no_alert_unknown,no_alert_not_final_benign,-1,dns,port
2025-07-19T23:03:00.563437+0700,103.195.142.74,118.98.44.20,32021,53,UDP,dns,,1294044637302673,wire/pcap,0,0,0,0,0,0.0,0,0,0,none,0,none,0,0,0,no_alert_unknown,no_alert_not_final_benign,-1,dns,port
2025-07-19T23:03:00.563501+0700,103.195.142.74,118.98.44.100,50382,53,UDP,dns,,1294320891599241,wire/pcap,0,0,0,0,0,0.0,0,0,0,none,0,none,0,0,0,no_alert_unknown,no_alert_not_final_benign,-1,dns,port
2025-07-19T23:03:00.563682+0700,103.195.142.74,118.98.44.100,2629,53,UDP,dns,,1295098670648243,wire/pcap,0,0,0,0,0,0.0,0,0,0,none,0,none,0,0,0,no_alert_unknown,no_alert_not_final_benign,-1,dns,port
2025-07-19T23:03:00.582076+0700,103.195.142.75,8.8.8.8,30878,53,UDP,dns,,1374100394349860,wire/pcap,0,0,0,0,0,0.0,0,0,0,none,0,none,0,0,0,no_alert_unknown,no_alert_not_final_benign,-1,dns,port
2025-07-19T23:03:00.588717+0700,103.195.142.75,8.8.8.8,24678,53,UDP,dns,,1402621384758692,wire/pcap,0,0,0,0,0,0.0,0,0,0,none,0,none,0,0,0,no_alert_unknown,no_alert_not_final_benign,-1,dns,port
2025-07-19T23:03:00.607424+0700,103.195.142.74,202.134.0.155,64866,53,UDP,dns,,1201494413329712,wire/pcap,0,0,0,0,0,0.0,0,0,0,none,0,none,0,0,0,no_alert_unknown,no_alert_not_final_benign,-1,dns,port
2025-07-19T23:03:00.607511+0700,103.195.142.75,8.8.8.8,50011,53,UDP,dns,,1201867507738103,wire/pcap,0,0,0,0,0,0.0,0,0,0,none,0,none,0,0,0,no_alert_unknown,no_alert_not_final_benign,-1,dns,port
2025-07-19T23:03:00.607650+0700,103.195.142.74,118.98.44.50,35467,53,UDP,dns,,1202464412561167,wire/pcap,0,0,0,0,0,0.0,0,0,0,none,0,none,0,0,0,no_alert_unknown,no_alert_not_final_benign,-1,dns,port
2025-07-19T23:03:00.607695+0700,103.195.142.75,8.8.8.8,39491,53,UDP,dns,,1202657484807642,wire/pcap,0,0,0,0,0,0.0,0,0,0,none,0,none,0,0,0,no_alert_unknown,no_alert_not_final_benign,-1,dns,port
2025-07-19T23:03:00.630470+0700,103.195.142.74,118.98.44.20,6113,53,UDP,dns,,1300475786182204,wire/pcap,0,0,0,0,0,0.0,0,0,0,none,0,none,0,0,0,no_alert_unknown,no_alert_not_final_benign,-1,dns,port
2025-07-19T23:03:00.637894+0700,103.195.142.74,118.98.44.20,48538,53,UDP,dns,,1332360889273719,wire/pcap,0,0,0,0,0,0.0,0,0,0,none,0,none,0,0,0,no_alert_unknown,no_alert_not_final_benign,-1,dns,port
2025-07-19T23:03:00.638128+0700,103.195.142.74,118.98.44.100,21753,53,UDP,dns,,1333367575917805,wire/pcap,0,0,0,0,0,0.0,0,0,0,none,0,none,0,0,0,no_alert_unknown,no_alert_not_final_benign,-1,dns,port
2025-07-19T23:03:00.640057+0700,103.195.142.74,118.98.44.100,17319,53,UDP,dns,,1341650967090648,wire/pcap,0,0,0,0,0,0.0,0,0,0,none,0,none,0,0,0,no_alert_unknown,no_alert_not_final_benign,-1,dns,port
2025-07-19T23:03:00.653429+0700,103.195.142.74,118.98.44.100,5964,53,UDP,dns,,1399084345498095,wire/pcap,0,0,0,0,0,0.0,0,0,0,none,0,none,0,0,0,no_alert_unknown,no_alert_not_final_benign,-1,dns,port
2025-07-19T23:03:00.654889+0700,103.195.142.74,118.98.44.100,34345,53,UDP,dns,,1405356127235400,wire/pcap,0,0,0,0,0,0.0,0,0,0,none,0,none,0,0,0,no_alert_unknown,no_alert_not_final_benign,-1,dns,port
2025-07-19T23:03:00.664479+0700,103.195.142.74,118.98.44.20,13280,53,UDP,dns,,1165068440092987,wire/pcap,0,0,0,0,0,0.0,0,0,0,none,0,none,0,0,0,no_alert_unknown,no_alert_not_final_benign,-1,dns,port
2025-07-19T23:03:00.669461+0700,103.195.142.74,118.98.44.50,35641,53,UDP,dns,,1186463650464262,wire/pcap,0,0,0,0,0,0.0,0,0,0,none,0,none,0,0,0,no_alert_unknown,no_alert_not_final_benign,-1,dns,port
2025-07-19T23:03:00.678246+0700,103.195.142.75,8.8.8.8,46050,53,UDP,dns,,1224195920056575,wire/pcap,0,0,0,0,0,0.0,0,0,0,none,0,none,0,0,0,no_alert_unknown,no_alert_not_final_benign,-1,dns,port
2025-07-19T23:03:00.697603+0700,103.195.142.196,87.98.154.119,53,4169,UDP,flow,failed,1623052312074806,,1,1,0,1437,0,0.0,1,1437,0,none,0,none,0,0,0,no_alert_unknown,no_alert_not_final_benign,-1,dns,port
2025-07-19T23:03:00.711340+0700,103.195.142.74,118.98.44.20,62439,53,UDP,dns,,1366335754416963,wire/pcap,0,0,0,0,0,0.0,0,0,0,none,0,none,0,0,0,no_alert_unknown,no_alert_not_final_benign,-1,dns,port
2025-07-19T23:03:00.716264+0700,103.195.142.74,118.98.44.100,22147,53,UDP,dns,,1387482964000437,wire/pcap,0,0,0,0,0,0.0,0,0,0,none,0,none,0,0,0,no_alert_unknown,no_alert_not_final_benign,-1,dns,port
2025-07-19T23:03:00.716375+0700,103.195.142.74,118.98.44.20,15090,53,UDP,dns,,1387958433621042,wire/pcap,0,0,0,0,0,0.0,0,0,0,none,0,none,0,0,0,no_alert_unknown,no_alert_not_final_benign,-1,dns,port
2025-07-19T23:03:00.742541+0700,103.195.142.74,118.98.44.20,31408,53,UDP,dns,,1218867409210263,wire/pcap,0,0,0,0,0,0.0,0,0,0,none,0,none,0,0,0,no_alert_unknown,no_alert_not_final_benign,-1,dns,port
2025-07-19T23:03:00.744517+0700,103.195.142.74,118.98.44.20,46107,53,UDP,dns,,1227355012367479,wire/pcap,0,0,0,0,0,0.0,0,0,0,none,0,none,0,0,0,no_alert_unknown,no_alert_not_final_benign,-1,dns,port
2025-07-19T23:03:00.772706+0700,103.195.142.75,8.8.8.8,43373,53,UDP,dns,,1348426404421272,wire/pcap,0,0,0,0,0,0.0,0,0,0,none,0,none,0,0,0,no_alert_unknown,no_alert_not_final_benign,-1,dns,port
2025-07-19T23:03:00.808165+0700,103.195.142.74,50.28.32.153,29914,53,UDP,dns,,1219243943257307,wire/pcap,0,0,0,0,0,0.0,0,0,0,none,0,none,0,0,0,no_alert_unknown,no_alert_not_final_benign,-1,dns,port
2025-07-19T23:03:00.810292+0700,103.195.142.74,118.98.44.50,20559,53,UDP,dns,,1228380214167172,wire/pcap,0,0,0,0,0,0.0,0,0,0,none,0,none,0,0,0,no_alert_unknown,no_alert_not_final_benign,-1,dns,port
2025-07-19T23:03:00.811804+0700,103.195.142.75,8.8.8.8,35375,53,UDP,dns,,1234873473901160,wire/pcap,0,0,0,0,0,0.0,0,0,0,none,0,none,0,0,0,no_alert_unknown,no_alert_not_final_benign,-1,dns,port
2025-07-19T23:03:00.812729+0700,103.195.142.75,69.39.238.37,56293,53,UDP,dns,,1238846060635911,wire/pcap,0,0,0,0,0,0.0,0,0,0,none,0,none,0,0,0,no_alert_unknown,no_alert_not_final_benign,-1,dns,port
2025-07-19T23:03:00.812852+0700,103.195.142.109,87.98.154.141,53,19340,UDP,flow,failed,1149081129330439,,1,1,0,1437,0,0.0,1,1437,0,none,0,none,0,0,0,no_alert_unknown,no_alert_not_final_benign,-1,dns,port
2025-07-19T23:03:00.835420+0700,103.195.142.74,118.98.44.100,57667,53,UDP,dns,,1336305476471619,wire/pcap,0,0,0,0,0,0.0,0,0,0,none,0,none,0,0,0,no_alert_unknown,no_alert_not_final_benign,-1,dns,port
2025-07-19T23:03:00.836286+0700,103.195.142.75,8.8.8.8,17951,53,UDP,dns,,1340025310773148,wire/pcap,0,0,0,0,0,0.0,0,0,0,none,0,none,0,0,0,no_alert_unknown,no_alert_not_final_benign,-1,dns,port
2025-07-19T23:03:00.836656+0700,103.195.142.74,118.98.44.20,16328,53,UDP,dns,,1341610723476603,wire/pcap,0,0,0,0,0,0.0,0,0,0,none,0,none,0,0,0,no_alert_unknown,no_alert_not_final_benign,-1,dns,port
2025-07-19T23:03:00.837037+0700,103.195.142.74,118.98.44.50,64232,53,UDP,dns,,1343250461638565,wire/pcap,0,0,0,0,0,0.0,0,0,0,none,0,none,0,0,0,no_alert_unknown,no_alert_not_final_benign,-1,dns,port
2025-07-19T23:03:00.868235+0700,103.195.142.46,87.98.154.35,53,44469,UDP,flow,failed,945219811427658,,1,1,0,1437,0,0.0,1,1437,0,none,0,none,0,0,0,no_alert_unknown,no_alert_not_final_benign,-1,dns,port
2025-07-19T23:03:00.868336+0700,103.195.142.2,210.94.72.217,53,34395,UDP,flow,failed,980107902731624,,1,1,0,154,0,0.0,1,154,0,none,0,none,0,0,0,no_alert_unknown,no_alert_not_final_benign,-1,dns,port
2025-07-19T23:03:00.868417+0700,103.195.142.3,52.250.9.79,53,62552,UDP,flow,failed,879782987057044,,1,1,0,182,0,0.0,1,182,0,none,0,none,0,0,0,no_alert_unknown,no_alert_not_final_benign,-1,dns,port
2025-07-19T23:03:00.868439+0700,103.195.142.74,202.134.0.155,3350,53,UDP,flow,dns,756313445582823,,1,1,0,90,0,0.0,1,90,0,none,0,none,0,0,0,no_alert_unknown,no_alert_not_final_benign,-1,dns,app_proto+port
2025-07-19T23:03:00.868474+0700,103.195.142.76,87.98.154.178,53,51560,UDP,flow,failed,567450128173070,,1,1,0,1469,0,0.0,1,1469,0,none,0,none,0,0,0,no_alert_unknown,no_alert_not_final_benign,-1,dns,port
2025-07-19T23:03:00.868516+0700,103.195.142.196,87.98.154.119,53,34123,UDP,flow,failed,710279098746937,,1,1,0,1437,0,0.0,1,1437,0,none,0,none,0,0,0,no_alert_unknown,no_alert_not_final_benign,-1,dns,port
2025-07-19T23:03:00.868703+0700,103.195.142.75,8.8.8.8,21075,53,UDP,flow,dns,1400827551893742,,1,1,0,68,0,0.0,1,68,0,none,0,none,0,0,0,no_alert_unknown,no_alert_not_final_benign,-1,dns,app_proto+port
2025-07-19T23:03:00.868808+0700,103.195.142.2,13.105.164.215,53,27366,UDP,flow,failed,877097077131581,,1,1,0,182,0,0.0,1,182,0,none,0,none,0,0,0,no_alert_unknown,no_alert_not_final_benign,-1,dns,port
2025-07-19T23:03:00.868856+0700,103.195.142.74,118.98.44.50,25739,53,UDP,flow,dns,1121305709922776,,1,1,0,178,0,0.0,1,178,0,none,0,none,0,0,0,no_alert_unknown,no_alert_not_final_benign,-1,dns,app_proto+port
2025-07-19T23:03:00.868931+0700,103.195.142.76,87.98.154.119,53,61716,UDP,flow,failed,664260385131084,,1,1,0,1469,0,0.0,1,1469,0,none,0,none,0,0,0,no_alert_unknown,no_alert_not_final_benign,-1,dns,port
2025-07-19T23:03:00.868954+0700,103.195.142.109,87.98.154.117,53,21107,UDP,flow,failed,883600631089772,,1,1,0,1437,0,0.0,1,1437,0,none,0,none,0,0,0,no_alert_unknown,no_alert_not_final_benign,-1,dns,port
2025-07-19T23:03:00.868993+0700,103.195.142.165,87.98.154.119,53,19815,UDP,flow,failed,1374007156558459,,1,1,0,1437,0,0.0,1,1437,0,none,0,none,0,0,0,no_alert_unknown,no_alert_not_final_benign,-1,dns,port
2025-07-19T23:03:00.869016+0700,103.195.142.2,13.105.68.220,53,52011,UDP,flow,failed,893231270414985,,1,1,0,182,0,0.0,1,182,0,none,0,none,0,0,0,no_alert_unknown,no_alert_not_final_benign,-1,dns,port
2025-07-19T23:03:00.869335+0700,103.195.142.74,118.98.44.20,35055,53,UDP,flow,dns,756836468280073,,1,1,0,103,0,0.0,1,103,0,none,0,none,0,0,0,no_alert_unknown,no_alert_not_final_benign,-1,dns,app_proto+port
2025-07-19T23:03:00.869389+0700,103.195.142.195,87.98.154.117,53,59442,UDP,flow,failed,860083684264858,,1,1,0,1437,0,0.0,1,1437,0,none,0,none,0,0,0,no_alert_unknown,no_alert_not_final_benign,-1,dns,port
2025-07-19T23:03:00.869416+0700,103.195.142.74,118.98.44.20,26229,53,UDP,flow,dns,954925541772263,,1,1,0,232,0,0.0,1,232,0,none,0,none,0,0,0,no_alert_unknown,no_alert_not_final_benign,-1,dns,app_proto+port
2025-07-19T23:03:00.869478+0700,103.195.142.165,87.98.154.249,53,55385,UDP,flow,failed,1068742119214147,,1,1,0,1437,0,0.0,1,1437,0,none,0,none,0,0,0,no_alert_unknown,no_alert_not_final_benign,-1,dns,port
2025-07-19T23:03:00.869516+0700,103.195.142.46,87.98.154.63,53,46467,UDP,flow,failed,1247573731331293,,1,1,0,1437,0,0.0,1,1437,0,none,0,none,0,0,0,no_alert_unknown,no_alert_not_final_benign,-1,dns,port
2025-07-19T23:03:00.869597+0700,103.195.142.74,118.98.44.100,38403,53,UDP,flow,dns,796461449366820,,1,1,0,78,0,0.0,1,78,0,none,0,none,0,0,0,no_alert_unknown,no_alert_not_final_benign,-1,dns,app_proto+port
2025-07-19T23:03:00.869618+0700,103.195.142.2,13.105.68.203,53,40979,UDP,flow,failed,1097842466835767,,1,1,0,182,0,0.0,1,182,0,none,0,none,0,0,0,no_alert_unknown,no_alert_not_final_benign,-1,dns,port
2025-07-19T23:03:00.869682+0700,103.195.142.46,87.98.154.117,53,14260,UDP,flow,failed,1341860899868026,,1,1,0,1437,0,0.0,1,1437,0,none,0,none,0,0,0,no_alert_unknown,no_alert_not_final_benign,-1,dns,port
2025-07-19T23:03:00.869812+0700,103.195.142.46,87.98.154.147,53,37470,UDP,flow,failed,639182595116432,,1,1,0,1437,0,0.0,1,1437,0,none,0,none,0,0,0,no_alert_unknown,no_alert_not_final_benign,-1,dns,port
2025-07-19T23:03:00.869997+0700,103.195.142.76,87.98.154.119,53,14056,UDP,flow,failed,1385510374886941,,1,1,0,1469,0,0.0,1,1469,0,none,0,none,0,0,0,no_alert_unknown,no_alert_not_final_benign,-1,dns,port
2025-07-19T23:03:00.870032+0700,103.195.142.195,87.98.154.104,53,24030,UDP,flow,failed,571831165472336,,1,1,0,1437,0,0.0,1,1437,0,none,0,none,0,0,0,no_alert_unknown,no_alert_not_final_benign,-1,dns,port
2025-07-19T23:03:00.870062+0700,103.195.142.196,87.98.154.119,53,39075,UDP,flow,failed,1274529740770918,,1,1,0,1437,0,0.0,1,1437,0,none,0,none,0,0,0,no_alert_unknown,no_alert_not_final_benign,-1,dns,port
2025-07-19T23:03:00.870082+0700,103.195.142.74,118.98.44.20,26210,53,UDP,flow,dns,1352884064308966,,1,1,0,84,0,0.0,1,84,0,none,0,none,0,0,0,no_alert_unknown,no_alert_not_final_benign,-1,dns,app_proto+port
2025-07-19T23:03:00.870147+0700,103.195.142.195,87.98.154.20,53,11746,UDP,flow,failed,668311104868389,,1,1,0,1437,0,0.0,1,1437,0,none,0,none,0,0,0,no_alert_unknown,no_alert_not_final_benign,-1,dns,port
2025-07-19T23:03:00.870217+0700,103.195.142.83,87.98.154.119,53,19419,UDP,flow,failed,978627699691597,,1,1,0,1190,0,0.0,1,1190,0,none,0,none,0,0,0,no_alert_unknown,no_alert_not_final_benign,-1,dns,port
2025-07-19T23:03:00.870251+0700,103.195.142.74,118.98.44.100,10306,53,UDP,flow,dns,938412019830928,,1,1,0,97,0,0.0,1,97,0,none,0,none,0,0,0,no_alert_unknown,no_alert_not_final_benign,-1,dns,app_proto+port
2025-07-19T23:03:00.870278+0700,103.195.142.109,87.98.154.61,53,35718,UDP,flow,failed,606505222099095,,1,1,0,1437,0,0.0,1,1437,0,none,0,none,0,0,0,no_alert_unknown,no_alert_not_final_benign,-1,dns,port
2025-07-19T23:03:00.870316+0700,103.195.142.196,87.98.154.117,53,61263,UDP,flow,failed,1354176791662759,,1,1,0,1437,0,0.0,1,1437,0,none,0,none,0,0,0,no_alert_unknown,no_alert_not_final_benign,-1,dns,port
2025-07-19T23:03:00.870359+0700,103.195.142.195,87.98.154.119,53,10878,UDP,flow,failed,1400467082137993,,1,1,0,1437,0,0.0,1,1437,0,none,0,none,0,0,0,no_alert_unknown,no_alert_not_final_benign,-1,dns,port
2025-07-19T23:03:00.870424+0700,103.195.142.196,87.98.154.17,53,30920,UDP,flow,failed,697507723497937,,1,3,0,4311,0,10.0,3,4311,0,none,0,none,0,0,0,no_alert_unknown,no_alert_not_final_benign,-1,dns,port
2025-07-19T23:03:00.870467+0700,103.195.142.196,87.98.154.119,53,24014,UDP,flow,failed,1217746451517997,,1,1,0,1437,0,0.0,1,1437,0,none,0,none,0,0,0,no_alert_unknown,no_alert_not_final_benign,-1,dns,port
2025-07-19T23:03:00.870562+0700,103.195.142.2,13.105.68.215,53,54698,UDP,flow,failed,1040869744137015,,1,1,0,182,0,0.0,1,182,0,none,0,none,0,0,0,no_alert_unknown,no_alert_not_final_benign,-1,dns,port
2025-07-19T23:03:00.870616+0700,103.195.142.196,87.98.154.119,53,22609,UDP,flow,failed,975721141523308,,1,1,0,1437,0,0.0,1,1437,0,none,0,none,0,0,0,no_alert_unknown,no_alert_not_final_benign,-1,dns,port
2025-07-19T23:03:00.870646+0700,103.195.142.74,118.98.44.20,1962,53,UDP,flow,dns,647170546095005,,1,1,0,77,0,0.0,1,77,0,none,0,none,0,0,0,no_alert_unknown,no_alert_not_final_benign,-1,dns,app_proto+port
2025-07-19T23:03:00.870780+0700,103.195.142.196,87.98.154.119,53,35246,UDP,flow,failed,1128425777288419,,1,1,0,1437,0,0.0,1,1437,0,none,0,none,0,0,0,no_alert_unknown,no_alert_not_final_benign,-1,dns,port
2025-07-19T23:03:00.870839+0700,103.195.142.3,172.70.116.71,53,60276,UDP,flow,failed,1090393680074005,,1,1,0,179,0,0.0,1,179,0,none,0,none,0,0,0,no_alert_unknown,no_alert_not_final_benign,-1,dns,port
2025-07-19T23:03:00.870871+0700,103.195.142.74,118.98.44.20,31422,53,UDP,flow,dns,1000102361978163,,1,1,0,196,0,0.0,1,196,0,none,0,none,0,0,0,no_alert_unknown,no_alert_not_final_benign,-1,dns,app_proto+port
2025-07-19T23:03:00.870893+0700,103.195.142.165,87.98.154.21,53,39894,UDP,flow,failed,582454549697928,,1,1,0,1437,0,0.0,1,1437,0,none,0,none,0,0,0,no_alert_unknown,no_alert_not_final_benign,-1,dns,port
2025-07-19T23:03:00.870944+0700,103.195.142.3,13.105.80.79,53,35617,UDP,flow,failed,1069801912817054,,1,1,0,182,0,0.0,1,182,0,none,0,none,0,0,0,no_alert_unknown,no_alert_not_final_benign,-1,dns,port
2025-07-19T23:03:00.870975+0700,103.195.142.3,210.94.72.217,53,44175,UDP,flow,failed,847075572798883,,1,1,0,159,0,0.0,1,159,0,none,0,none,0,0,0,no_alert_unknown,no_alert_not_final_benign,-1,dns,port
2025-07-19T23:03:00.870993+0700,103.195.142.165,87.98.154.53,53,60221,UDP,flow,failed,1324340229002727,,1,1,0,1437,0,0.0,1,1437,0,none,0,none,0,0,0,no_alert_unknown,no_alert_not_final_benign,-1,dns,port
2025-07-19T23:03:00.871045+0700,103.195.142.109,87.98.154.33,53,63407,UDP,flow,failed,708849861219928,,1,1,0,1437,0,0.0,1,1437,0,none,0,none,0,0,0,no_alert_unknown,no_alert_not_final_benign,-1,dns,port
2025-07-19T23:03:00.871090+0700,103.195.142.74,118.98.44.100,35224,53,UDP,flow,dns,582832745502392,,1,1,0,87,0,0.0,1,87,0,none,0,none,0,0,0,no_alert_unknown,no_alert_not_final_benign,-1,dns,app_proto+port
2025-07-19T23:03:00.871217+0700,103.195.142.195,87.98.154.248,53,23718,UDP,flow,failed,920660148508732,,1,1,0,1437,0,0.0,1,1437,0,none,0,none,0,0,0,no_alert_unknown,no_alert_not_final_benign,-1,dns,port
2025-07-19T23:03:00.871255+0700,103.195.142.74,118.98.44.20,41611,53,UDP,flow,dns,1021882438408465,,1,1,0,68,0,0.0,1,68,0,none,0,none,0,0,0,no_alert_unknown,no_alert_not_final_benign,-1,dns,app_proto+port
2025-07-19T23:03:00.871296+0700,103.195.142.196,87.98.154.119,53,61425,UDP,flow,failed,574748727859498,,1,1,0,1437,0,0.0,1,1437,0,none,0,none,0,0,0,no_alert_unknown,no_alert_not_final_benign,-1,dns,port
2025-07-19T23:03:00.871316+0700,103.195.142.109,87.98.154.121,53,6929,UDP,flow,failed,1067614839134541,,1,1,0,1437,0,0.0,1,1437,0,none,0,none,0,0,0,no_alert_unknown,no_alert_not_final_benign,-1,dns,port
2025-07-19T23:03:00.871350+0700,103.195.142.109,87.98.154.119,53,21566,UDP,flow,failed,1179505487534417,,1,1,0,1437,0,0.0,1,1437,0,none,0,none,0,0,0,no_alert_unknown,no_alert_not_final_benign,-1,dns,port
2025-07-19T23:03:00.871371+0700,103.195.142.196,87.98.154.119,53,5837,UDP,flow,failed,1318381199120915,,1,1,0,1437,0,0.0,1,1437,0,none,0,none,0,0,0,no_alert_unknown,no_alert_not_final_benign,-1,dns,port
2025-07-19T23:03:00.871442+0700,103.195.142.196,87.98.154.213,53,25209,UDP,flow,failed,1070610317924889,,1,1,0,1437,0,0.0,1,1437,0,none,0,none,0,0,0,no_alert_unknown,no_alert_not_final_benign,-1,dns,port
2025-07-19T23:03:00.871464+0700,103.195.142.74,69.16.230.48,56539,53,UDP,flow,dns,599924283300449,,1,1,0,85,0,0.0,1,85,0,none,0,none,0,0,0,no_alert_unknown,no_alert_not_final_benign,-1,dns,app_proto+port
2025-07-19T23:03:00.871562+0700,103.195.142.76,87.98.154.150,53,11729,UDP,flow,failed,623436671834861,,1,1,0,1469,0,0.0,1,1469,0,none,0,none,0,0,0,no_alert_unknown,no_alert_not_final_benign,-1,dns,port
2025-07-19T23:03:00.871582+0700,103.195.142.196,87.98.154.119,53,60244,UDP,flow,failed,1373840169393083,,1,1,0,1437,0,0.0,1,1437,0,none,0,none,0,0,0,no_alert_unknown,no_alert_not_final_benign,-1,dns,port
2025-07-19T23:03:00.871603+0700,103.195.142.74,118.98.44.20,56872,53,UDP,flow,dns,1006064502791168,,1,1,0,243,0,0.0,1,243,0,none,0,none,0,0,0,no_alert_unknown,no_alert_not_final_benign,-1,dns,app_proto+port
2025-07-19T23:03:00.871641+0700,103.195.142.76,87.98.154.119,53,26272,UDP,flow,failed,1268215816936481,,1,1,0,1469,0,0.0,1,1469,0,none,0,none,0,0,0,no_alert_unknown,no_alert_not_final_benign,-1,dns,port
2025-07-19T23:03:00.871778+0700,103.195.142.76,87.98.154.119,53,57253,UDP,flow,failed,1131587054755083,,1,1,0,1469,0,0.0,1,1469,0,none,0,none,0,0,0,no_alert_unknown,no_alert_not_final_benign,-1,dns,port
2025-07-19T23:03:00.871799+0700,103.195.142.165,87.98.154.119,53,2932,UDP,flow,failed,580785153006900,,1,1,0,1437,0,0.0,1,1437,0,none,0,none,0,0,0,no_alert_unknown,no_alert_not_final_benign,-1,dns,port
2025-07-19T23:03:00.871900+0700,103.195.142.76,87.98.154.38,53,13583,UDP,flow,failed,82029680614899,,1,3,0,4407,0,10.0,3,4407,0,none,0,none,0,0,0,no_alert_unknown,no_alert_not_final_benign,-1,dns,port
2025-07-19T23:03:00.871961+0700,103.195.142.109,87.98.154.119,53,55317,UDP,flow,failed,937062944300800,,1,1,0,1437,0,0.0,1,1437,0,none,0,none,0,0,0,no_alert_unknown,no_alert_not_final_benign,-1,dns,port
2025-07-19T23:03:00.871981+0700,103.195.142.2,13.105.80.82,53,11556,UDP,flow,failed,1017245838171967,,1,1,0,182,0,0.0,1,182,0,none,0,none,0,0,0,no_alert_unknown,no_alert_not_final_benign,-1,dns,port
2025-07-19T23:03:00.872004+0700,103.195.142.46,87.98.154.119,53,52974,UDP,flow,failed,1209118273986512,,1,1,0,1437,0,0.0,1,1437,0,none,0,none,0,0,0,no_alert_unknown,no_alert_not_final_benign,-1,dns,port
2025-07-19T23:03:00.872025+0700,103.195.142.74,118.98.44.100,8886,53,UDP,flow,dns,674192602390490,,1,1,0,84,0,0.0,1,84,0,none,0,none,0,0,0,no_alert_unknown,no_alert_not_final_benign,-1,dns,app_proto+port
2025-07-19T23:03:00.872045+0700,103.195.142.2,210.94.72.31,53,43857,UDP,flow,failed,980367263293501,,1,1,0,163,0,0.0,1,163,0,none,0,none,0,0,0,no_alert_unknown,no_alert_not_final_benign,-1,dns,port
2025-07-19T23:03:00.872070+0700,103.195.142.195,87.98.154.180,53,2889,UDP,flow,failed,1103364799225953,,1,1,0,1437,0,0.0,1,1437,0,none,0,none,0,0,0,no_alert_unknown,no_alert_not_final_benign,-1,dns,port
2025-07-19T23:03:00.872093+0700,103.195.142.195,87.98.154.119,53,37980,UDP,flow,failed,919560561057981,,1,1,0,1437,0,0.0,1,1437,0,none,0,none,0,0,0,no_alert_unknown,no_alert_not_final_benign,-1,dns,port
2025-07-19T23:03:00.872164+0700,103.195.142.3,13.105.80.79,53,33798,UDP,flow,failed,969161249415463,,1,1,0,182,0,0.0,1,182,0,none,0,none,0,0,0,no_alert_unknown,no_alert_not_final_benign,-1,dns,port
2025-07-19T23:03:00.872225+0700,103.195.142.109,87.98.154.121,53,41632,UDP,flow,failed,639369513034095,,1,3,0,4311,0,10.0,3,4311,0,none,0,none,0,0,0,no_alert_unknown,no_alert_not_final_benign,-1,dns,port
2025-07-19T23:03:00.872258+0700,103.195.142.76,87.98.154.119,53,8634,UDP,flow,failed,1006368316678539,,1,1,0,1469,0,0.0,1,1469,0,none,0,none,0,0,0,no_alert_unknown,no_alert_not_final_benign,-1,dns,port
2025-07-19T23:03:00.872314+0700,103.195.142.75,8.8.8.8,54911,53,UDP,flow,dns,773729138074178,,1,1,0,79,0,0.0,1,79,0,none,0,none,0,0,0,no_alert_unknown,no_alert_not_final_benign,-1,dns,app_proto+port
2025-07-19T23:03:00.872336+0700,103.195.142.46,87.98.154.119,53,36953,UDP,flow,failed,696484072481388,,1,1,0,1437,0,0.0,1,1437,0,none,0,none,0,0,0,no_alert_unknown,no_alert_not_final_benign,-1,dns,port
2025-07-19T23:03:00.872406+0700,103.195.142.46,87.98.154.7,53,29806,UDP,flow,failed,947431642391323,,1,1,0,1437,0,0.0,1,1437,0,none,0,none,0,0,0,no_alert_unknown,no_alert_not_final_benign,-1,dns,port
2025-07-19T23:03:00.872425+0700,103.195.142.195,87.98.154.119,53,2892,UDP,flow,failed,657469237453636,,1,1,0,1437,0,0.0,1,1437,0,none,0,none,0,0,0,no_alert_unknown,no_alert_not_final_benign,-1,dns,port
2025-07-19T23:03:00.872444+0700,103.195.142.46,87.98.154.119,53,2246,UDP,flow,failed,1109217769841515,,1,1,0,1437,0,0.0,1,1437,0,none,0,none,0,0,0,no_alert_unknown,no_alert_not_final_benign,-1,dns,port
2025-07-19T23:03:00.872468+0700,103.195.142.195,87.98.154.119,53,32711,UDP,flow,failed,1019152473875320,,1,1,0,1437,0,0.0,1,1437,0,none,0,none,0,0,0,no_alert_unknown,no_alert_not_final_benign,-1,dns,port
2025-07-19T23:03:00.872547+0700,103.195.142.74,118.98.44.20,52699,53,UDP,flow,dns,1216089704784805,,1,1,0,232,0,0.0,1,232,0,none,0,none,0,0,0,no_alert_unknown,no_alert_not_final_benign,-1,dns,app_proto+port
2025-07-19T23:03:00.872568+0700,103.195.142.109,87.98.154.233,53,12298,UDP,flow,failed,1406326671172566,,1,1,0,1437,0,0.0,1,1437,0,none,0,none,0,0,0,no_alert_unknown,no_alert_not_final_benign,-1,dns,port
2025-07-19T23:03:00.872586+0700,103.195.142.109,87.98.154.33,53,49165,UDP,flow,failed,652628004594724,,1,1,0,1437,0,0.0,1,1437,0,none,0,none,0,0,0,no_alert_unknown,no_alert_not_final_benign,-1,dns,port
2025-07-19T23:03:00.872632+0700,103.195.142.74,202.134.0.155,36013,53,UDP,flow,dns,1199751335666830,,1,1,0,232,0,0.0,1,232,0,none,0,none,0,0,0,no_alert_unknown,no_alert_not_final_benign,-1,dns,app_proto+port
2025-07-19T23:03:00.872653+0700,103.195.142.109,87.98.154.119,53,30100,UDP,flow,failed,755314470577373,,1,1,0,1437,0,0.0,1,1437,0,none,0,none,0,0,0,no_alert_unknown,no_alert_not_final_benign,-1,dns,port
2025-07-19T23:03:00.872671+0700,103.195.142.83,87.98.154.178,53,24976,UDP,flow,failed,337554640758042,,1,3,0,3570,0,10.0,3,3570,0,none,0,none,0,0,0,no_alert_unknown,no_alert_not_final_benign,-1,dns,port
2025-07-19T23:03:00.872690+0700,103.195.142.76,87.98.154.122,53,21826,UDP,flow,failed,726665874400591,,1,1,0,1469,0,0.0,1,1469,0,none,0,none,0,0,0,no_alert_unknown,no_alert_not_final_benign,-1,dns,port
2025-07-19T23:03:00.872708+0700,103.195.142.83,87.98.154.226,53,36362,UDP,flow,failed,569189446018438,,1,1,0,1190,0,0.0,1,1190,0,none,0,none,0,0,0,no_alert_unknown,no_alert_not_final_benign,-1,dns,port
2025-07-19T23:03:00.872747+0700,103.195.142.2,172.70.116.71,53,61113,UDP,flow,failed,751165327435175,,1,1,0,196,0,0.0,1,196,0,none,0,none,0,0,0,no_alert_unknown,no_alert_not_final_benign,-1,dns,port
2025-07-19T23:03:00.872815+0700,103.195.142.195,87.98.154.220,53,29151,UDP,flow,failed,1190765030303233,,1,1,0,1437,0,0.0,1,1437,0,none,0,none,0,0,0,no_alert_unknown,no_alert_not_final_benign,-1,dns,port
2025-07-19T23:03:00.872839+0700,103.195.142.196,87.98.154.185,53,43637,UDP,flow,failed,759639541966384,,1,1,0,1437,0,0.0,1,1437,0,none,0,none,0,0,0,no_alert_unknown,no_alert_not_final_benign,-1,dns,port
2025-07-19T23:03:00.872948+0700,103.195.142.75,45.79.197.241,63074,53,UDP,flow,dns,860025896593218,,1,1,0,85,0,0.0,1,85,0,none,0,none,0,0,0,no_alert_unknown,no_alert_not_final_benign,-1,dns,app_proto+port
2025-07-19T23:03:00.872968+0700,103.195.142.46,87.98.154.235,53,30188,UDP,flow,failed,1260016609749017,,1,1,0,1437,0,0.0,1,1437,0,none,0,none,0,0,0,no_alert_unknown,no_alert_not_final_benign,-1,dns,port
2025-07-19T23:03:00.873147+0700,103.195.142.74,118.98.44.20,47665,53,UDP,flow,dns,1515561350752640,,1,2,0,204,0,6.0,2,204,0,none,0,none,0,0,0,no_alert_unknown,no_alert_not_final_benign,-1,dns,app_proto+port
2025-07-19T23:03:00.873197+0700,103.195.142.74,118.98.44.100,9941,53,UDP,flow,dns,724618404850201,,1,1,0,68,0,0.0,1,68,0,none,0,none,0,0,0,no_alert_unknown,no_alert_not_final_benign,-1,dns,app_proto+port
2025-07-19T23:03:00.873263+0700,103.195.142.2,118.98.86.46,53,59726,UDP,flow,failed,1117002330892831,,1,1,0,183,0,0.0,1,183,0,none,0,none,0,0,0,no_alert_unknown,no_alert_not_final_benign,-1,dns,port
2025-07-19T23:03:00.873287+0700,103.195.142.2,13.105.164.215,53,25886,UDP,flow,failed,873273005009492,,1,1,0,182,0,0.0,1,182,0,none,0,none,0,0,0,no_alert_unknown,no_alert_not_final_benign,-1,dns,port
2025-07-19T23:03:00.873305+0700,103.195.142.83,87.98.154.62,53,51749,UDP,flow,failed,608368603982448,,1,1,0,1190,0,0.0,1,1190,0,none,0,none,0,0,0,no_alert_unknown,no_alert_not_final_benign,-1,dns,port
2025-07-19T23:03:00.873255+0700,103.195.142.75,8.8.8.8,52045,53,UDP,dns,,1217330279224307,wire/pcap,0,0,0,0,0,0.0,0,0,0,none,0,none,0,0,0,no_alert_unknown,no_alert_not_final_benign,-1,dns,port
2025-07-19T23:03:00.873373+0700,103.195.142.74,202.134.0.155,64549,53,UDP,flow,dns,1287105670376086,,1,1,0,94,0,0.0,1,94,0,none,0,none,0,0,0,no_alert_unknown,no_alert_not_final_benign,-1,dns,app_proto+port
2025-07-19T23:03:00.873453+0700,103.195.142.83,87.98.154.119,53,15355,UDP,flow,failed,1233678725114650,,1,1,0,1190,0,0.0,1,1190,0,none,0,none,0,0,0,no_alert_unknown,no_alert_not_final_benign,-1,dns,port
2025-07-19T23:03:00.873474+0700,103.195.142.74,118.98.44.50,56345,53,UDP,flow,dns,1325088383855438,,1,1,0,102,0,0.0,1,102,0,none,0,none,0,0,0,no_alert_unknown,no_alert_not_final_benign,-1,dns,app_proto+port
2025-07-19T23:03:00.873519+0700,103.195.142.109,87.98.154.118,53,9529,UDP,flow,failed,1289806096067502,,1,1,0,1437,0,0.0,1,1437,0,none,0,none,0,0,0,no_alert_unknown,no_alert_not_final_benign,-1,dns,port
2025-07-19T23:03:00.873577+0700,103.195.142.165,87.98.154.119,53,26376,UDP,flow,failed,996463395630016,,1,1,0,1437,0,0.0,1,1437,0,none,0,none,0,0,0,no_alert_unknown,no_alert_not_final_benign,-1,dns,port
2025-07-19T23:03:00.873599+0700,103.195.142.75,8.8.8.8,58790,53,UDP,flow,dns,623877044464767,,1,1,0,81,0,0.0,1,81,0,none,0,none,0,0,0,no_alert_unknown,no_alert_not_final_benign,-1,dns,app_proto+port
2025-07-19T23:03:00.873622+0700,103.195.142.74,118.98.44.20,57470,53,UDP,flow,dns,1253747336113310,,1,1,0,68,0,0.0,1,68,0,none,0,none,0,0,0,no_alert_unknown,no_alert_not_final_benign,-1,dns,app_proto+port
2025-07-19T23:03:00.873645+0700,103.195.142.3,74.114.31.153,53,60539,UDP,flow,failed,1214412805401769,,1,1,0,216,0,0.0,1,216,0,none,0,none,0,0,0,no_alert_unknown,no_alert_not_final_benign,-1,dns,port
2025-07-19T23:03:00.873665+0700,103.195.142.74,118.98.44.50,13048,53,UDP,flow,dns,848646367046828,,1,1,0,243,0,0.0,1,243,0,none,0,none,0,0,0,no_alert_unknown,no_alert_not_final_benign,-1,dns,app_proto+port
2025-07-19T23:03:00.873761+0700,103.195.142.83,87.98.154.119,53,62874,UDP,flow,failed,1281512557669720,,1,1,0,1190,0,0.0,1,1190,0,none,0,none,0,0,0,no_alert_unknown,no_alert_not_final_benign,-1,dns,port
2025-07-19T23:03:00.873783+0700,103.195.142.74,118.98.44.50,55348,53,UDP,flow,dns,1235032346750437,,1,1,0,178,0,0.0,1,178,0,none,0,none,0,0,0,no_alert_unknown,no_alert_not_final_benign,-1,dns,app_proto+port
2025-07-19T23:03:00.873865+0700,103.195.142.196,87.98.154.245,53,16141,UDP,flow,failed,1397647258578533,,1,1,0,1437,0,0.0,1,1437,0,none,0,none,0,0,0,no_alert_unknown,no_alert_not_final_benign,-1,dns,port
2025-07-19T23:03:00.873917+0700,103.195.142.74,118.98.44.100,9173,53,UDP,flow,dns,1399941261192948,,1,1,0,214,0,0.0,1,214,0,none,0,none,0,0,0,no_alert_unknown,no_alert_not_final_benign,-1,dns,app_proto+port
2025-07-19T23:03:00.873939+0700,103.195.142.196,87.98.154.217,53,43593,UDP,flow,failed,1196019238727413,,1,1,0,1437,0,0.0,1,1437,0,none,0,none,0,0,0,no_alert_unknown,no_alert_not_final_benign,-1,dns,port
2025-07-19T23:03:00.874002+0700,103.195.142.83,87.98.154.198,53,36202,UDP,flow,failed,1107829597564711,,1,1,0,1190,0,0.0,1,1190,0,none,0,none,0,0,0,no_alert_unknown,no_alert_not_final_benign,-1,dns,port
2025-07-19T23:03:00.874024+0700,103.195.142.46,87.98.154.171,53,10035,UDP,flow,failed,1150501860765665,,1,1,0,1437,0,0.0,1,1437,0,none,0,none,0,0,0,no_alert_unknown,no_alert_not_final_benign,-1,dns,port
2025-07-19T23:03:00.874067+0700,103.195.142.83,87.98.154.119,53,1131,UDP,flow,failed,1205233789792238,,1,1,0,1190,0,0.0,1,1190,0,none,0,none,0,0,0,no_alert_unknown,no_alert_not_final_benign,-1,dns,port
2025-07-19T23:03:00.874116+0700,103.195.142.196,87.98.154.101,53,45668,UDP,flow,failed,1288825245167768,,1,1,0,1437,0,0.0,1,1437,0,none,0,none,0,0,0,no_alert_unknown,no_alert_not_final_benign,-1,dns,port
2025-07-19T23:03:00.874142+0700,103.195.142.195,87.98.154.220,53,2395,UDP,flow,failed,861303694258388,,1,1,0,1437,0,0.0,1,1437,0,none,0,none,0,0,0,no_alert_unknown,no_alert_not_final_benign,-1,dns,port
2025-07-19T23:03:00.874161+0700,103.195.142.76,87.98.154.182,53,25171,UDP,flow,failed,1210159599087959,,1,1,0,1469,0,0.0,1,1469,0,none,0,none,0,0,0,no_alert_unknown,no_alert_not_final_benign,-1,dns,port
2025-07-19T23:03:00.874207+0700,103.195.142.75,8.8.8.8,23677,53,UDP,flow,dns,1156720012718462,,1,1,0,211,0,0.0,1,211,0,none,0,none,0,0,0,no_alert_unknown,no_alert_not_final_benign,-1,dns,app_proto+port
2025-07-19T23:03:00.874228+0700,103.195.142.46,87.98.154.119,53,11095,UDP,flow,failed,909755686941138,,1,1,0,1437,0,0.0,1,1437,0,none,0,none,0,0,0,no_alert_unknown,no_alert_not_final_benign,-1,dns,port
2025-07-19T23:03:00.874315+0700,103.195.142.109,87.98.154.117,53,4684,UDP,flow,failed,835256126829165,,1,1,0,1437,0,0.0,1,1437,0,none,0,none,0,0,0,no_alert_unknown,no_alert_not_final_benign,-1,dns,port
2025-07-19T23:03:00.874335+0700,103.195.142.74,118.98.44.100,3769,53,UDP,flow,dns,1240039676932728,,1,1,0,211,0,0.0,1,211,0,none,0,none,0,0,0,no_alert_unknown,no_alert_not_final_benign,-1,dns,app_proto+port
2025-07-19T23:03:00.874355+0700,103.195.142.165,87.98.154.119,53,59175,UDP,flow,failed,963524611633858,,1,1,0,1437,0,0.0,1,1437,0,none,0,none,0,0,0,no_alert_unknown,no_alert_not_final_benign,-1,dns,port
2025-07-19T23:03:00.874373+0700,103.195.142.3,13.105.164.208,53,19714,UDP,flow,failed,616429252670188,,1,1,0,178,0,0.0,1,178,0,none,0,none,0,0,0,no_alert_unknown,no_alert_not_final_benign,-1,dns,port
2025-07-19T23:03:00.874392+0700,103.195.142.74,118.98.44.50,3381,53,UDP,flow,dns,1285850156331794,,1,1,0,220,0,0.0,1,220,0,none,0,none,0,0,0,no_alert_unknown,no_alert_not_final_benign,-1,dns,app_proto+port
2025-07-19T23:03:00.874416+0700,103.195.142.76,87.98.154.66,53,13895,UDP,flow,failed,1294298261123871,,1,1,0,1469,0,0.0,1,1469,0,none,0,none,0,0,0,no_alert_unknown,no_alert_not_final_benign,-1,dns,port
2025-07-19T23:03:00.874435+0700,103.195.142.195,87.98.154.128,53,33348,UDP,flow,failed,1376302525346592,,1,1,0,1437,0,0.0,1,1437,0,none,0,none,0,0,0,no_alert_unknown,no_alert_not_final_benign,-1,dns,port
2025-07-19T23:03:00.874454+0700,103.195.142.74,118.98.44.50,31112,53,UDP,flow,dns,1376412650009515,,1,1,0,68,0,0.0,1,68,0,none,0,none,0,0,0,no_alert_unknown,no_alert_not_final_benign,-1,dns,app_proto+port
2025-07-19T23:03:00.874474+0700,103.195.142.109,87.98.154.118,53,29179,UDP,flow,failed,1056924135093364,,1,1,0,1437,0,0.0,1,1437,0,none,0,none,0,0,0,no_alert_unknown,no_alert_not_final_benign,-1,dns,port
2025-07-19T23:03:00.874513+0700,103.195.142.74,118.98.44.20,30748,53,UDP,flow,dns,1279346622428503,,1,1,0,108,0,0.0,1,108,0,none,0,none,0,0,0,no_alert_unknown,no_alert_not_final_benign,-1,dns,app_proto+port
2025-07-19T23:03:00.874534+0700,103.195.142.46,87.98.154.179,53,14705,UDP,flow,failed,648866699113950,,1,3,0,4311,0,10.0,3,4311,0,none,0,none,0,0,0,no_alert_unknown,no_alert_not_final_benign,-1,dns,port
2025-07-19T23:03:00.874557+0700,103.195.142.74,118.98.44.100,21016,53,UDP,flow,dns,946873439647276,,1,1,0,243,0,0.0,1,243,0,none,0,none,0,0,0,no_alert_unknown,no_alert_not_final_benign,-1,dns,app_proto+port
2025-07-19T23:03:00.874598+0700,103.195.142.165,87.98.154.119,53,37327,UDP,flow,failed,939291109258926,,1,1,0,1437,0,0.0,1,1437,0,none,0,none,0,0,0,no_alert_unknown,no_alert_not_final_benign,-1,dns,port
2025-07-19T23:03:00.874620+0700,103.195.142.83,87.98.154.90,53,62945,UDP,flow,failed,996369853871803,,1,1,0,1190,0,0.0,1,1190,0,none,0,none,0,0,0,no_alert_unknown,no_alert_not_final_benign,-1,dns,port
2025-07-19T23:03:00.874707+0700,103.195.142.76,87.98.154.119,53,11835,UDP,flow,failed,819764450850736,,1,1,0,1469,0,0.0,1,1469,0,none,0,none,0,0,0,no_alert_unknown,no_alert_not_final_benign,-1,dns,port
2025-07-19T23:03:00.874734+0700,103.195.142.3,172.253.211.20,53,40333,UDP,flow,failed,893339937634230,,1,1,0,192,0,0.0,1,192,0,none,0,none,0,0,0,no_alert_unknown,no_alert_not_final_benign,-1,dns,port
2025-07-19T23:03:00.874778+0700,103.195.142.74,118.98.44.100,11849,53,UDP,flow,dns,733259666061309,,1,1,0,214,0,0.0,1,214,0,none,0,none,0,0,0,no_alert_unknown,no_alert_not_final_benign,-1,dns,app_proto+port
2025-07-19T23:03:00.874799+0700,103.195.142.83,87.98.154.6,53,56761,UDP,flow,failed,936605979736078,,1,1,0,1190,0,0.0,1,1190,0,none,0,none,0,0,0,no_alert_unknown,no_alert_not_final_benign,-1,dns,port
2025-07-19T23:03:00.874887+0700,103.195.142.83,87.98.154.119,53,48251,UDP,flow,failed,792425037133867,,1,1,0,1190,0,0.0,1,1190,0,none,0,none,0,0,0,no_alert_unknown,no_alert_not_final_benign,-1,dns,port
2025-07-19T23:03:00.874927+0700,103.195.142.74,118.98.44.50,28098,53,UDP,flow,dns,1168494940420154,,1,2,0,450,0,7.0,2,450,0,none,0,none,0,0,0,no_alert_unknown,no_alert_not_final_benign,-1,dns,app_proto+port
2025-07-19T23:03:00.874969+0700,103.195.142.3,52.250.9.97,53,62773,UDP,flow,failed,1115291828320355,,1,1,0,171,0,0.0,1,171,0,none,0,none,0,0,0,no_alert_unknown,no_alert_not_final_benign,-1,dns,port
2025-07-19T23:03:00.874997+0700,103.195.142.74,202.134.0.155,33108,53,UDP,flow,dns,766275962108127,,1,1,0,87,0,0.0,1,87,0,none,0,none,0,0,0,no_alert_unknown,no_alert_not_final_benign,-1,dns,app_proto+port
2025-07-19T23:03:00.875061+0700,103.195.142.165,87.98.154.119,53,51876,UDP,flow,failed,705789203544425,,1,1,0,1437,0,0.0,1,1437,0,none,0,none,0,0,0,no_alert_unknown,no_alert_not_final_benign,-1,dns,port
2025-07-19T23:03:00.875120+0700,103.195.142.83,87.98.154.250,53,55536,UDP,flow,failed,780359179663885,,1,1,0,1190,0,0.0,1,1190,0,none,0,none,0,0,0,no_alert_unknown,no_alert_not_final_benign,-1,dns,port
2025-07-19T23:03:00.875222+0700,103.195.142.74,202.134.0.155,57998,53,UDP,flow,dns,931676480568100,,1,1,0,214,0,0.0,1,214,0,none,0,none,0,0,0,no_alert_unknown,no_alert_not_final_benign,-1,dns,app_proto+port
2025-07-19T23:03:00.875291+0700,103.195.142.74,118.98.44.20,27359,53,UDP,flow,dns,1187478631381855,,1,1,0,211,0,0.0,1,211,0,none,0,none,0,0,0,no_alert_unknown,no_alert_not_final_benign,-1,dns,app_proto+port
2025-07-19T23:03:00.875312+0700,103.195.142.74,118.98.44.20,56358,53,UDP,flow,dns,686288284580885,,1,1,0,223,0,0.0,1,223,0,none,0,none,0,0,0,no_alert_unknown,no_alert_not_final_benign,-1,dns,app_proto+port
2025-07-19T23:03:00.875353+0700,103.195.142.196,87.98.154.118,53,13744,UDP,flow,failed,1090329882950854,,1,1,0,1437,0,0.0,1,1437,0,none,0,none,0,0,0,no_alert_unknown,no_alert_not_final_benign,-1,dns,port
2025-07-19T23:03:00.875447+0700,103.195.142.74,202.134.0.155,25132,53,UDP,flow,dns,1234279257701917,,1,1,0,68,0,0.0,1,68,0,none,0,none,0,0,0,no_alert_unknown,no_alert_not_final_benign,-1,dns,app_proto+port
2025-07-19T23:03:00.875468+0700,103.195.142.83,87.98.154.119,53,22924,UDP,flow,failed,1096555921964673,,1,1,0,1190,0,0.0,1,1190,0,none,0,none,0,0,0,no_alert_unknown,no_alert_not_final_benign,-1,dns,port
2025-07-19T23:03:00.875516+0700,103.195.142.165,87.98.154.119,53,61820,UDP,flow,failed,603977356902172,,1,1,0,1437,0,0.0,1,1437,0,none,0,none,0,0,0,no_alert_unknown,no_alert_not_final_benign,-1,dns,port
2025-07-19T23:03:00.875590+0700,103.195.142.74,69.39.238.36,47506,53,UDP,flow,dns,1064145117544388,,1,1,0,91,0,0.0,1,91,0,none,0,none,0,0,0,no_alert_unknown,no_alert_not_final_benign,-1,dns,app_proto+port
2025-07-19T23:03:00.875626+0700,103.195.142.165,87.98.154.221,53,30155,UDP,flow,failed,1388807212269559,,1,1,0,1437,0,0.0,1,1437,0,none,0,none,0,0,0,no_alert_unknown,no_alert_not_final_benign,-1,dns,port
2025-07-19T23:03:00.875694+0700,103.195.142.196,87.98.154.117,53,22575,UDP,flow,failed,711393926676637,,1,1,0,1437,0,0.0,1,1437,0,none,0,none,0,0,0,no_alert_unknown,no_alert_not_final_benign,-1,dns,port
2025-07-19T23:03:00.875713+0700,103.195.142.75,8.8.8.8,9051,53,UDP,flow,dns,646821879447726,,1,1,0,68,0,0.0,1,68,0,none,0,none,0,0,0,no_alert_unknown,no_alert_not_final_benign,-1,dns,app_proto+port
2025-07-19T23:03:00.875756+0700,103.195.142.74,185.67.45.232,31283,53,UDP,flow,dns,648973052838213,,1,1,0,91,0,0.0,1,91,0,none,0,none,0,0,0,no_alert_unknown,no_alert_not_final_benign,-1,dns,app_proto+port
2025-07-19T23:03:00.875776+0700,103.195.142.46,87.98.154.119,53,14619,UDP,flow,failed,1163643937194343,,1,1,0,1437,0,0.0,1,1437,0,none,0,none,0,0,0,no_alert_unknown,no_alert_not_final_benign,-1,dns,port
2025-07-19T23:03:00.875845+0700,103.195.142.74,118.98.44.50,7250,53,UDP,flow,dns,707294669537841,,1,1,0,74,0,0.0,1,74,0,none,0,none,0,0,0,no_alert_unknown,no_alert_not_final_benign,-1,dns,app_proto+port
2025-07-19T23:03:00.875944+0700,103.195.142.74,69.16.230.48,28416,53,UDP,flow,dns,736202064954045,,1,1,0,85,0,0.0,1,85,0,none,0,none,0,0,0,no_alert_unknown,no_alert_not_final_benign,-1,dns,app_proto+port
2025-07-19T23:03:00.876008+0700,103.195.142.46,87.98.154.118,53,5594,UDP,flow,failed,1163601849385683,,1,1,0,1437,0,0.0,1,1437,0,none,0,none,0,0,0,no_alert_unknown,no_alert_not_final_benign,-1,dns,port
2025-07-19T23:03:00.876031+0700,103.195.142.74,118.98.44.20,1562,53,UDP,flow,dns,918224804872980,,1,1,0,184,0,0.0,1,184,0,none,0,none,0,0,0,no_alert_unknown,no_alert_not_final_benign,-1,dns,app_proto+port
2025-07-19T23:03:00.876051+0700,103.195.142.76,87.98.154.150,53,46305,UDP,flow,failed,1070950639240067,,1,1,0,1469,0,0.0,1,1469,0,none,0,none,0,0,0,no_alert_unknown,no_alert_not_final_benign,-1,dns,port
2025-07-19T23:03:00.876069+0700,103.195.142.2,52.247.213.96,53,57740,UDP,flow,failed,810419765674907,,1,1,0,182,0,0.0,1,182,0,none,0,none,0,0,0,no_alert_unknown,no_alert_not_final_benign,-1,dns,port
2025-07-19T23:03:00.876161+0700,103.195.142.83,87.98.154.6,53,27747,UDP,flow,failed,1197669423678437,,1,1,0,1190,0,0.0,1,1190,0,none,0,none,0,0,0,no_alert_unknown,no_alert_not_final_benign,-1,dns,port
2025-07-19T23:03:00.876180+0700,103.195.142.74,118.98.44.100,50042,53,UDP,flow,dns,1264175662662654,,1,1,0,89,0,0.0,1,89,0,none,0,none,0,0,0,no_alert_unknown,no_alert_not_final_benign,-1,dns,app_proto+port
2025-07-19T23:03:00.876200+0700,103.195.142.109,8.8.8.8,2580,53,UDP,flow,dns,1232277931197443,,1,1,0,78,0,0.0,1,78,0,none,0,none,0,0,0,no_alert_unknown,no_alert_not_final_benign,-1,dns,app_proto+port
2025-07-19T23:03:00.876221+0700,103.195.142.46,87.98.154.119,53,22305,UDP,flow,failed,647859833373713,,1,1,0,1437,0,0.0,1,1437,0,none,0,none,0,0,0,no_alert_unknown,no_alert_not_final_benign,-1,dns,port
2025-07-19T23:03:00.876268+0700,103.195.142.76,87.98.154.54,53,26158,UDP,flow,failed,618210167915632,,1,1,0,1469,0,0.0,1,1469,0,none,0,none,0,0,0,no_alert_unknown,no_alert_not_final_benign,-1,dns,port
2025-07-19T23:03:00.876306+0700,103.195.142.74,118.98.44.50,2461,53,UDP,flow,dns,999072892945579,,1,1,0,243,0,0.0,1,243,0,none,0,none,0,0,0,no_alert_unknown,no_alert_not_final_benign,-1,dns,app_proto+port
2025-07-19T23:03:00.876338+0700,103.195.142.74,202.134.0.155,9886,53,UDP,flow,dns,845018660046017,,1,1,0,243,0,0.0,1,243,0,none,0,none,0,0,0,no_alert_unknown,no_alert_not_final_benign,-1,dns,app_proto+port
2025-07-19T23:03:00.876435+0700,103.195.142.46,87.98.154.119,53,50696,UDP,flow,failed,1058999038936550,,1,1,0,1437,0,0.0,1,1437,0,none,0,none,0,0,0,no_alert_unknown,no_alert_not_final_benign,-1,dns,port
2025-07-19T23:03:00.876505+0700,103.195.142.74,118.98.44.100,22823,53,UDP,flow,dns,570368803702372,,1,1,0,223,0,0.0,1,223,0,none,0,none,0,0,0,no_alert_unknown,no_alert_not_final_benign,-1,dns,app_proto+port
2025-07-19T23:03:00.876535+0700,103.195.142.3,36.37.76.209,53,9712,UDP,flow,failed,623970423637632,,1,1,0,147,0,0.0,1,147,0,none,0,none,0,0,0,no_alert_unknown,no_alert_not_final_benign,-1,dns,port
2025-07-19T23:03:00.876642+0700,103.195.142.109,87.98.154.93,53,22625,UDP,flow,failed,1129214995826529,,1,1,0,1437,0,0.0,1,1437,0,none,0,none,0,0,0,no_alert_unknown,no_alert_not_final_benign,-1,dns,port
2025-07-19T23:03:00.876692+0700,103.195.142.195,87.98.154.119,53,56224,UDP,flow,failed,788878504593262,,1,1,0,1437,0,0.0,1,1437,0,none,0,none,0,0,0,no_alert_unknown,no_alert_not_final_benign,-1,dns,port
2025-07-19T23:03:00.876710+0700,103.195.142.196,87.98.154.45,53,41269,UDP,flow,failed,618343494223992,,1,1,0,1437,0,0.0,1,1437,0,none,0,none,0,0,0,no_alert_unknown,no_alert_not_final_benign,-1,dns,port
2025-07-19T23:03:00.876748+0700,103.195.142.2,13.105.80.75,53,34229,UDP,flow,failed,1124484585719957,,1,1,0,182,0,0.0,1,182,0,none,0,none,0,0,0,no_alert_unknown,no_alert_not_final_benign,-1,dns,port
2025-07-19T23:03:00.876770+0700,103.195.142.74,118.98.44.20,14929,53,UDP,flow,dns,1262421289437422,,1,1,0,232,0,0.0,1,232,0,none,0,none,0,0,0,no_alert_unknown,no_alert_not_final_benign,-1,dns,app_proto+port
2025-07-19T23:03:00.876790+0700,103.195.142.165,87.98.154.105,53,46239,UDP,flow,failed,771932884470145,,1,1,0,1437,0,0.0,1,1437,0,none,0,none,0,0,0,no_alert_unknown,no_alert_not_final_benign,-1,dns,port
2025-07-19T23:03:00.876809+0700,103.195.142.109,87.98.154.119,53,60939,UDP,flow,failed,597026590067142,,1,1,0,1437,0,0.0,1,1437,0,none,0,none,0,0,0,no_alert_unknown,no_alert_not_final_benign,-1,dns,port
2025-07-19T23:03:00.876827+0700,103.195.142.74,202.134.0.155,29587,53,UDP,flow,dns,1283234957658595,,1,1,0,211,0,0.0,1,211,0,none,0,none,0,0,0,no_alert_unknown,no_alert_not_final_benign,-1,dns,app_proto+port
2025-07-19T23:03:00.876847+0700,103.195.142.109,87.98.154.119,53,4655,UDP,flow,failed,1169677897206286,,1,1,0,1437,0,0.0,1,1437,0,none,0,none,0,0,0,no_alert_unknown,no_alert_not_final_benign,-1,dns,port
2025-07-19T23:03:00.876868+0700,103.195.142.46,87.98.154.35,53,60346,UDP,flow,failed,1022276753721880,,1,1,0,1437,0,0.0,1,1437,0,none,0,none,0,0,0,no_alert_unknown,no_alert_not_final_benign,-1,dns,port
2025-07-19T23:03:00.876904+0700,103.195.142.196,87.98.154.118,53,47844,UDP,flow,failed,772627725781577,,1,1,0,1437,0,0.0,1,1437,0,none,0,none,0,0,0,no_alert_unknown,no_alert_not_final_benign,-1,dns,port
2025-07-19T23:03:00.876926+0700,103.195.142.109,87.98.154.118,53,30841,UDP,flow,failed,977296211479138,,1,1,0,1437,0,0.0,1,1437,0,none,0,none,0,0,0,no_alert_unknown,no_alert_not_final_benign,-1,dns,port
2025-07-19T23:03:00.877039+0700,103.195.142.75,45.79.197.241,44550,53,UDP,flow,dns,1255908582067206,,1,1,0,91,0,0.0,1,91,0,none,0,none,0,0,0,no_alert_unknown,no_alert_not_final_benign,-1,dns,app_proto+port
2025-07-19T23:03:00.877059+0700,103.195.142.83,87.98.154.6,53,25826,UDP,flow,failed,1207014132059195,,1,1,0,1190,0,0.0,1,1190,0,none,0,none,0,0,0,no_alert_unknown,no_alert_not_final_benign,-1,dns,port
2025-07-19T23:03:00.877142+0700,103.195.142.195,87.98.154.48,53,61725,UDP,flow,failed,1005120136056082,,1,1,0,1437,0,0.0,1,1437,0,none,0,none,0,0,0,no_alert_unknown,no_alert_not_final_benign,-1,dns,port
2025-07-19T23:03:00.877161+0700,103.195.142.76,87.98.154.254,53,28497,UDP,flow,failed,1168443879296381,,1,1,0,1469,0,0.0,1,1469,0,none,0,none,0,0,0,no_alert_unknown,no_alert_not_final_benign,-1,dns,port
2025-07-19T23:03:00.877198+0700,103.195.142.74,118.98.44.20,39233,53,UDP,flow,dns,1138846202760724,,1,1,0,68,0,0.0,1,68,0,none,0,none,0,0,0,no_alert_unknown,no_alert_not_final_benign,-1,dns,app_proto+port
2025-07-19T23:03:00.877218+0700,103.195.142.2,172.253.211.24,53,41518,UDP,flow,failed,850591480581897,,1,1,0,158,0,0.0,1,158,0,none,0,none,0,0,0,no_alert_unknown,no_alert_not_final_benign,-1,dns,port
2025-07-19T23:03:00.877237+0700,103.195.142.74,202.134.0.155,59946,53,UDP,flow,dns,1137245040119650,,1,1,0,83,0,0.0,1,83,0,none,0,none,0,0,0,no_alert_unknown,no_alert_not_final_benign,-1,dns,app_proto+port
2025-07-19T23:03:00.877360+0700,103.195.142.109,87.98.154.61,53,61157,UDP,flow,failed,907081325842696,,1,1,0,1437,0,0.0,1,1437,0,none,0,none,0,0,0,no_alert_unknown,no_alert_not_final_benign,-1,dns,port
2025-07-19T23:03:00.877380+0700,103.195.142.76,87.98.154.94,53,33228,UDP,flow,failed,1032160185979244,,1,1,0,1469,0,0.0,1,1469,0,none,0,none,0,0,0,no_alert_unknown,no_alert_not_final_benign,-1,dns,port
2025-07-19T23:03:00.877399+0700,103.195.142.46,87.98.154.119,53,33772,UDP,flow,failed,1342931571216965,,1,1,0,1437,0,0.0,1,1437,0,none,0,none,0,0,0,no_alert_unknown,no_alert_not_final_benign,-1,dns,port
2025-07-19T23:03:00.877419+0700,103.195.142.74,118.98.44.100,17642,53,UDP,flow,dns,1290377859732365,,1,1,0,98,0,0.0,1,98,0,none,0,none,0,0,0,no_alert_unknown,no_alert_not_final_benign,-1,dns,app_proto+port
2025-07-19T23:03:00.877439+0700,103.195.142.2,13.105.164.211,53,13911,UDP,flow,failed,980216675603444,,1,1,0,182,0,0.0,1,182,0,none,0,none,0,0,0,no_alert_unknown,no_alert_not_final_benign,-1,dns,port
2025-07-19T23:03:00.877459+0700,103.195.142.3,52.250.6.235,53,55374,UDP,flow,failed,954709071664121,,1,1,0,182,0,0.0,1,182,0,none,0,none,0,0,0,no_alert_unknown,no_alert_not_final_benign,-1,dns,port
2025-07-19T23:03:00.877508+0700,103.195.142.3,172.217.32.158,53,37124,UDP,flow,failed,1299320128181329,,1,1,0,156,0,0.0,1,156,0,none,0,none,0,0,0,no_alert_unknown,no_alert_not_final_benign,-1,dns,port
2025-07-19T23:03:00.877563+0700,103.195.142.2,13.105.164.211,53,33051,UDP,flow,failed,916560933262422,,1,1,0,182,0,0.0,1,182,0,none,0,none,0,0,0,no_alert_unknown,no_alert_not_final_benign,-1,dns,port
2025-07-19T23:03:00.877585+0700,103.195.142.195,87.98.154.119,53,16829,UDP,flow,failed,1389098986149008,,1,1,0,1437,0,0.0,1,1437,0,none,0,none,0,0,0,no_alert_unknown,no_alert_not_final_benign,-1,dns,port
2025-07-19T23:03:00.877607+0700,103.195.142.75,69.16.230.48,7697,53,UDP,flow,dns,1269685319275729,,1,1,0,85,0,0.0,1,85,0,none,0,none,0,0,0,no_alert_unknown,no_alert_not_final_benign,-1,dns,app_proto+port
2025-07-19T23:03:00.877640+0700,103.195.142.75,8.8.8.8,44618,53,UDP,flow,dns,856561679570178,,1,1,0,241,0,0.0,1,241,0,none,0,none,0,0,0,no_alert_unknown,no_alert_not_final_benign,-1,dns,app_proto+port
2025-07-19T23:03:00.877692+0700,103.195.142.2,13.105.80.81,53,33658,UDP,flow,failed,879451851429259,,1,1,0,182,0,0.0,1,182,0,none,0,none,0,0,0,no_alert_unknown,no_alert_not_final_benign,-1,dns,port
2025-07-19T23:03:00.877751+0700,103.195.142.196,87.98.154.118,53,39856,UDP,flow,failed,1369789610038718,,1,1,0,1437,0,0.0,1,1437,0,none,0,none,0,0,0,no_alert_unknown,no_alert_not_final_benign,-1,dns,port
2025-07-19T23:03:00.877817+0700,103.195.142.195,87.98.154.119,53,7891,UDP,flow,failed,1331277790025215,,1,1,0,1437,0,0.0,1,1437,0,none,0,none,0,0,0,no_alert_unknown,no_alert_not_final_benign,-1,dns,port
2025-07-19T23:03:00.877843+0700,103.195.142.109,87.98.154.119,53,33221,UDP,flow,failed,887078653761078,,1,1,0,1437,0,0.0,1,1437,0,none,0,none,0,0,0,no_alert_unknown,no_alert_not_final_benign,-1,dns,port
2025-07-19T23:03:00.877875+0700,103.195.142.74,118.98.44.50,5327,53,UDP,flow,dns,1051374615500441,,1,1,0,241,0,0.0,1,241,0,none,0,none,0,0,0,no_alert_unknown,no_alert_not_final_benign,-1,dns,app_proto+port
2025-07-19T23:03:00.877927+0700,103.195.142.74,118.98.44.100,38667,53,UDP,flow,dns,1358129728100170,,1,1,0,80,0,0.0,1,80,0,none,0,none,0,0,0,no_alert_unknown,no_alert_not_final_benign,-1,dns,app_proto+port
2025-07-19T23:03:00.877947+0700,103.195.142.196,87.98.154.117,53,19162,UDP,flow,failed,1023598542952282,,1,1,0,1437,0,0.0,1,1437,0,none,0,none,0,0,0,no_alert_unknown,no_alert_not_final_benign,-1,dns,port
2025-07-19T23:03:00.878058+0700,103.195.142.196,87.98.154.119,53,48698,UDP,flow,failed,987011999373487,,1,1,0,1437,0,0.0,1,1437,0,none,0,none,0,0,0,no_alert_unknown,no_alert_not_final_benign,-1,dns,port
2025-07-19T23:03:00.878181+0700,103.195.142.195,87.98.154.119,53,13440,UDP,flow,failed,987042742901139,,1,1,0,1437,0,0.0,1,1437,0,none,0,none,0,0,0,no_alert_unknown,no_alert_not_final_benign,-1,dns,port
2025-07-19T23:03:00.878198+0700,103.195.142.196,87.98.154.65,53,34597,UDP,flow,failed,994335918365077,,1,1,0,1437,0,0.0,1,1437,0,none,0,none,0,0,0,no_alert_unknown,no_alert_not_final_benign,-1,dns,port
2025-07-19T23:03:00.878244+0700,103.195.142.74,118.98.44.50,42813,53,UDP,flow,dns,1085133031053875,,1,1,0,68,0,0.0,1,68,0,none,0,none,0,0,0,no_alert_unknown,no_alert_not_final_benign,-1,dns,app_proto+port
2025-07-19T23:03:00.878261+0700,103.195.142.2,13.105.80.82,53,58294,UDP,flow,failed,1106885012265580,,1,1,0,182,0,0.0,1,182,0,none,0,none,0,0,0,no_alert_unknown,no_alert_not_final_benign,-1,dns,port
2025-07-19T23:03:00.903171+0700,103.195.142.74,118.98.44.50,4558,53,UDP,dns,,1345817931561365,wire/pcap,0,0,0,0,0,0.0,0,0,0,none,0,none,0,0,0,no_alert_unknown,no_alert_not_final_benign,-1,dns,port
2025-07-19T23:03:00.917688+0700,103.195.142.74,118.98.44.20,7652,53,UDP,dns,,1126690235659088,wire/pcap,0,0,0,0,0,0.0,0,0,0,none,0,none,0,0,0,no_alert_unknown,no_alert_not_final_benign,-1,dns,port
2025-07-19T23:03:00.919929+0700,103.195.142.74,118.98.44.100,60680,53,UDP,dns,,1136319047639435,wire/pcap,0,0,0,0,0,0.0,0,0,0,none,0,none,0,0,0,no_alert_unknown,no_alert_not_final_benign,-1,dns,port
2025-07-19T23:03:00.929004+0700,103.195.142.108,8.8.8.8,1900,53,UDP,dns,,1216074754602613,wire/pcap,0,0,0,0,0,0.0,0,0,0,none,0,none,0,0,0,no_alert_unknown,no_alert_not_final_benign,-1,dns,port
2025-07-19T23:03:00.946933+0700,103.195.142.74,118.98.44.20,60896,53,UDP,dns,,1252299609988025,wire/pcap,0,0,0,0,0,0.0,0,0,0,none,0,none,0,0,0,no_alert_unknown,no_alert_not_final_benign,-1,dns,port
2025-07-19T23:03:00.966986+0700,103.195.142.74,118.98.44.50,28649,53,UDP,dns,,1338425225990457,wire/pcap,0,0,0,0,0,0.0,0,0,0,none,0,none,0,0,0,no_alert_unknown,no_alert_not_final_benign,-1,dns,port
2025-07-19T23:03:01.005669+0700,103.195.142.74,202.134.0.155,23330,53,UDP,dns,,1431724961682023,wire/pcap,0,0,0,0,0,0.0,0,0,0,none,0,none,0,0,0,no_alert_unknown,no_alert_not_final_benign,-1,dns,port
2025-07-19T23:03:01.022604+0700,103.195.142.74,118.98.44.100,56891,53,UDP,dns,,1504462493852442,wire/pcap,0,0,0,0,0,0.0,0,0,0,none,0,none,0,0,0,no_alert_unknown,no_alert_not_final_benign,-1,dns,port
2025-07-19T23:03:01.022727+0700,103.195.142.74,118.98.44.50,35606,53,UDP,dns,,1504986694703265,wire/pcap,0,0,0,0,0,0.0,0,0,0,none,0,none,0,0,0,no_alert_unknown,no_alert_not_final_benign,-1,dns,port
2025-07-19T23:03:01.082075+0700,103.195.142.75,8.8.8.8,16170,53,UDP,dns,,1478411780013084,wire/pcap,0,0,0,0,0,0.0,0,0,0,none,0,none,0,0,0,no_alert_unknown,no_alert_not_final_benign,-1,dns,port
2025-07-19T23:03:01.105215+0700,103.195.142.74,118.98.44.50,22309,53,UDP,dns,,1577795068223066,wire/pcap,0,0,0,0,0,0.0,0,0,0,none,0,none,0,0,0,no_alert_unknown,no_alert_not_final_benign,-1,dns,port
2025-07-19T23:03:01.119471+0700,103.195.142.75,8.8.8.8,28350,53,UDP,dns,,1639025620610719,wire/pcap,0,0,0,0,0,0.0,0,0,0,none,0,none,0,0,0,no_alert_unknown,no_alert_not_final_benign,-1,dns,port
2025-07-19T23:03:01.217830+0700,103.195.142.74,118.98.44.50,7937,53,UDP,dns,,1498523984033334,wire/pcap,0,0,0,0,0,0.0,0,0,0,none,0,none,0,0,0,no_alert_unknown,no_alert_not_final_benign,-1,dns,port
2025-07-19T23:03:01.264137+0700,103.195.142.74,118.98.44.20,63875,53,UDP,dns,,1415938007874963,wire/pcap,0,0,0,0,0,0.0,0,0,0,none,0,none,0,0,0,no_alert_unknown,no_alert_not_final_benign,-1,dns,port
2025-07-19T23:03:01.264212+0700,103.195.142.74,118.98.44.50,57353,53,UDP,dns,,1416260721444593,wire/pcap,0,0,0,0,0,0.0,0,0,0,none,0,none,0,0,0,no_alert_unknown,no_alert_not_final_benign,-1,dns,port
2025-07-19T23:03:01.309231+0700,103.195.142.74,118.98.44.100,54277,53,UDP,dns,,1609612573239915,wire/pcap,0,0,0,0,0,0.0,0,0,0,none,0,none,0,0,0,no_alert_unknown,no_alert_not_final_benign,-1,dns,port
2025-07-19T23:03:01.314932+0700,103.195.142.74,118.98.44.100,41179,53,UDP,dns,,1634099868002681,wire/pcap,0,0,0,0,0,0.0,0,0,0,none,0,none,0,0,0,no_alert_unknown,no_alert_not_final_benign,-1,dns,port
2025-07-19T23:03:01.327318+0700,103.195.142.74,202.134.0.155,38628,53,UDP,dns,,1687295944812424,wire/pcap,0,0,0,0,0,0.0,0,0,0,none,0,none,0,0,0,no_alert_unknown,no_alert_not_final_benign,-1,dns,port
2025-07-19T23:03:01.329632+0700,103.195.142.75,8.8.8.8,23944,53,UDP,dns,,1415762170621452,wire/pcap,0,0,0,0,0,0.0,0,0,0,none,0,none,0,0,0,no_alert_unknown,no_alert_not_final_benign,-1,dns,port
2025-07-19T23:03:01.335012+0700,103.195.142.75,8.8.8.8,24261,53,UDP,dns,,1438867593026473,wire/pcap,0,0,0,0,0,0.0,0,0,0,none,0,none,0,0,0,no_alert_unknown,no_alert_not_final_benign,-1,dns,port
2025-07-19T23:03:01.361734+0700,103.195.142.74,202.134.0.155,30682,53,UDP,dns,,1553638252681197,wire/pcap,0,0,0,0,0,0.0,0,0,0,none,0,none,0,0,0,no_alert_unknown,no_alert_not_final_benign,-1,dns,port
2025-07-19T23:03:01.416224+0700,103.195.142.74,118.98.44.100,14019,53,UDP,flow,dns,1564590903472463,,1,1,0,90,0,0.0,1,90,0,none,0,none,0,0,0,no_alert_unknown,no_alert_not_final_benign,-1,dns,app_proto+port
2025-07-19T23:03:01.416988+0700,103.195.142.74,202.134.0.155,18746,53,UDP,dns,,1509475383827270,wire/pcap,0,0,0,0,0,0.0,0,0,0,none,0,none,0,0,0,no_alert_unknown,no_alert_not_final_benign,-1,dns,port
2025-07-19T23:03:01.417085+0700,103.195.142.75,8.8.8.8,57698,53,UDP,dns,,1509892126127096,wire/pcap,0,0,0,0,0,0.0,0,0,0,none,0,none,0,0,0,no_alert_unknown,no_alert_not_final_benign,-1,dns,port
2025-07-19T23:03:01.423326+0700,103.195.142.74,118.98.44.20,58378,53,UDP,dns,,1536696570070892,wire/pcap,0,0,0,0,0,0.0,0,0,0,none,0,none,0,0,0,no_alert_unknown,no_alert_not_final_benign,-1,dns,port
2025-07-19T23:03:01.443113+0700,103.195.142.74,202.134.0.155,10460,53,UDP,dns,,1621684777306787,wire/pcap,0,0,0,0,0,0.0,0,0,0,none,0,none,0,0,0,no_alert_unknown,no_alert_not_final_benign,-1,dns,port
2025-07-19T23:03:01.464907+0700,103.195.142.75,8.8.8.8,52496,53,UDP,dns,,1433813712118799,wire/pcap,0,0,0,0,0,0.0,0,0,0,none,0,none,0,0,0,no_alert_unknown,no_alert_not_final_benign,-1,dns,port
2025-07-19T23:03:01.472954+0700,103.195.142.75,8.8.8.8,32266,53,UDP,dns,,1468374615215715,wire/pcap,0,0,0,0,0,0.0,0,0,0,none,0,none,0,0,0,no_alert_unknown,no_alert_not_final_benign,-1,dns,port
2025-07-19T23:03:01.474171+0700,103.195.142.74,118.98.44.20,50534,53,UDP,dns,,1473599979807863,wire/pcap,0,0,0,0,0,0.0,0,0,0,none,0,none,0,0,0,no_alert_unknown,no_alert_not_final_benign,-1,dns,port
2025-07-19T23:03:01.476409+0700,103.195.142.75,34.8.196.142,59940,53,UDP,dns,,1483212286358096,wire/pcap,0,0,0,0,0,0.0,0,0,0,none,0,none,0,0,0,no_alert_unknown,no_alert_not_final_benign,-1,dns,port
2025-07-19T23:03:01.478322+0700,103.195.142.74,118.98.44.100,54083,53,UDP,dns,,1491428738464043,wire/pcap,0,0,0,0,0,0.0,0,0,0,none,0,none,0,0,0,no_alert_unknown,no_alert_not_final_benign,-1,dns,port
2025-07-19T23:03:01.488411+0700,103.195.142.75,8.8.8.8,64860,53,UDP,dns,,1534763248736013,wire/pcap,0,0,0,0,0,0.0,0,0,0,none,0,none,0,0,0,no_alert_unknown,no_alert_not_final_benign,-1,dns,port
2025-07-19T23:03:01.498519+0700,103.195.142.74,118.98.44.50,6290,53,UDP,dns,,1578175640584693,wire/pcap,0,0,0,0,0,0.0,0,0,0,none,0,none,0,0,0,no_alert_unknown,no_alert_not_final_benign,-1,dns,port
2025-07-19T23:03:01.502551+0700,103.195.142.74,34.8.38.57,1533,53,UDP,dns,,1595490725906066,wire/pcap,0,0,0,0,0,0.0,0,0,0,none,0,none,0,0,0,no_alert_unknown,no_alert_not_final_benign,-1,dns,port
2025-07-19T23:03:01.504634+0700,103.195.142.74,118.98.44.50,15537,53,UDP,dns,,1604440630972131,wire/pcap,0,0,0,0,0,0.0,0,0,0,none,0,none,0,0,0,no_alert_unknown,no_alert_not_final_benign,-1,dns,port
2025-07-19T23:03:01.506092+0700,103.195.142.74,118.98.44.50,6294,53,UDP,dns,,1610700003097615,wire/pcap,0,0,0,0,0,0.0,0,0,0,none,0,none,0,0,0,no_alert_unknown,no_alert_not_final_benign,-1,dns,port
2025-07-19T23:03:01.516360+0700,103.195.142.74,118.98.44.50,34936,53,UDP,dns,,1654801570305060,wire/pcap,0,0,0,0,0,0.0,0,0,0,none,0,none,0,0,0,no_alert_unknown,no_alert_not_final_benign,-1,dns,port
2025-07-19T23:03:01.529209+0700,103.195.142.74,118.98.44.20,23409,53,UDP,dns,,1428513935089125,wire/pcap,0,0,0,0,0,0.0,0,0,0,none,0,none,0,0,0,no_alert_unknown,no_alert_not_final_benign,-1,dns,port
2025-07-19T23:03:01.529409+0700,103.195.142.75,8.8.8.8,52710,53,UDP,dns,,1429370556189196,wire/pcap,0,0,0,0,0,0.0,0,0,0,none,0,none,0,0,0,no_alert_unknown,no_alert_not_final_benign,-1,dns,port
2025-07-19T23:03:01.535317+0700,103.195.142.74,118.98.44.100,40958,53,UDP,dns,,1454744926069733,wire/pcap,0,0,0,0,0,0.0,0,0,0,none,0,none,0,0,0,no_alert_unknown,no_alert_not_final_benign,-1,dns,port
2025-07-19T23:03:01.553009+0700,103.195.142.74,202.134.0.155,35101,53,UDP,dns,,1530732986414695,wire/pcap,0,0,0,0,0,0.0,0,0,0,none,0,none,0,0,0,no_alert_unknown,no_alert_not_final_benign,-1,dns,port
2025-07-19T23:03:01.554029+0700,103.195.142.74,202.134.0.155,34235,53,UDP,dns,,1535113526875175,wire/pcap,0,0,0,0,0,0.0,0,0,0,none,0,none,0,0,0,no_alert_unknown,no_alert_not_final_benign,-1,dns,port
2025-07-19T23:03:01.560235+0700,103.195.142.75,8.8.8.8,34457,53,UDP,dns,,1561766578107792,wire/pcap,0,0,0,0,0,0.0,0,0,0,none,0,none,0,0,0,no_alert_unknown,no_alert_not_final_benign,-1,dns,port
2025-07-19T23:03:01.563273+0700,103.195.142.75,8.8.8.8,58645,53,UDP,dns,,1574816848054042,wire/pcap,0,0,0,0,0,0.0,0,0,0,none,0,none,0,0,0,no_alert_unknown,no_alert_not_final_benign,-1,dns,port
2025-07-19T23:03:01.586015+0700,103.195.142.74,118.98.44.100,64693,53,UDP,dns,,1672490609779182,wire/pcap,0,0,0,0,0,0.0,0,0,0,none,0,none,0,0,0,no_alert_unknown,no_alert_not_final_benign,-1,dns,port
2025-07-19T23:03:01.612445+0700,103.195.142.75,8.8.8.8,29690,53,UDP,dns,,1504533086006764,wire/pcap,0,0,0,0,0,0.0,0,0,0,none,0,none,0,0,0,no_alert_unknown,no_alert_not_final_benign,-1,dns,port
2025-07-19T23:03:01.612583+0700,103.195.142.74,118.98.44.20,21259,53,UDP,dns,,1505124736093550,wire/pcap,0,0,0,0,0,0.0,0,0,0,none,0,none,0,0,0,no_alert_unknown,no_alert_not_final_benign,-1,dns,port
2025-07-19T23:03:01.651918+0700,103.195.142.74,202.134.0.155,19734,53,UDP,dns,,1674067113602825,wire/pcap,0,0,0,0,0,0.0,0,0,0,none,0,none,0,0,0,no_alert_unknown,no_alert_not_final_benign,-1,dns,port
2025-07-19T23:03:01.708965+0700,103.195.142.74,118.98.44.20,25725,53,UDP,dns,,1637607513908586,wire/pcap,0,0,0,0,0,0.0,0,0,0,none,0,none,0,0,0,no_alert_unknown,no_alert_not_final_benign,-1,dns,port
2025-07-19T23:03:01.709106+0700,103.195.142.74,118.98.44.100,14443,53,UDP,dns,,1638214505432064,wire/pcap,0,0,0,0,0,0.0,0,0,0,none,0,none,0,0,0,no_alert_unknown,no_alert_not_final_benign,-1,dns,port
2025-07-19T23:03:01.713659+0700,103.195.142.74,118.98.44.20,39984,53,UDP,dns,,1657770820760195,wire/pcap,0,0,0,0,0,0.0,0,0,0,none,0,none,0,0,0,no_alert_unknown,no_alert_not_final_benign,-1,dns,port
2025-07-19T23:03:01.728972+0700,103.195.142.74,118.98.44.100,44691,53,UDP,dns,,1442063343304549,wire/pcap,0,0,0,0,0,0.0,0,0,0,none,0,none,0,0,0,no_alert_unknown,no_alert_not_final_benign,-1,dns,port
2025-07-19T23:03:01.754725+0700,103.195.142.74,118.98.44.50,52877,53,UDP,dns,,1552673170619109,wire/pcap,0,0,0,0,0,0.0,0,0,0,none,0,none,0,0,0,no_alert_unknown,no_alert_not_final_benign,-1,dns,port
2025-07-19T23:03:01.767174+0700,103.195.142.74,118.98.44.50,52507,53,UDP,dns,,1606138216247667,wire/pcap,0,0,0,0,0,0.0,0,0,0,none,0,none,0,0,0,no_alert_unknown,no_alert_not_final_benign,-1,dns,port
2025-07-19T23:03:01.790979+0700,103.195.142.74,202.134.0.155,12589,53,UDP,dns,,1426905446367439,wire/pcap,0,0,0,0,0,0.0,0,0,0,none,0,none,0,0,0,no_alert_unknown,no_alert_not_final_benign,-1,dns,port
2025-07-19T23:03:01.799677+0700,103.195.142.74,118.98.44.20,5811,53,UDP,dns,,1464265007889190,wire/pcap,0,0,0,0,0,0.0,0,0,0,none,0,none,0,0,0,no_alert_unknown,no_alert_not_final_benign,-1,dns,port
2025-07-19T23:03:01.799672+0700,103.195.142.74,118.98.44.100,30755,53,UDP,dns,,1464242423300946,wire/pcap,0,0,0,0,0,0.0,0,0,0,none,0,none,0,0,0,no_alert_unknown,no_alert_not_final_benign,-1,dns,port
2025-07-19T23:03:01.799738+0700,103.195.142.74,118.98.44.20,63957,53,UDP,dns,,1464525901637936,wire/pcap,0,0,0,0,0,0.0,0,0,0,none,0,none,0,0,0,no_alert_unknown,no_alert_not_final_benign,-1,dns,port
2025-07-19T23:03:01.804263+0700,103.195.142.75,8.8.8.8,21326,53,UDP,dns,,1483961299849763,wire/pcap,0,0,0,0,0,0.0,0,0,0,none,0,none,0,0,0,no_alert_unknown,no_alert_not_final_benign,-1,dns,port
2025-07-19T23:03:01.804432+0700,103.195.142.75,8.8.8.8,57720,53,UDP,dns,,1484688161819942,wire/pcap,0,0,0,0,0,0.0,0,0,0,none,0,none,0,0,0,no_alert_unknown,no_alert_not_final_benign,-1,dns,port
2025-07-19T23:03:01.805439+0700,103.195.142.74,118.98.44.50,64234,53,UDP,dns,,1489009507015263,wire/pcap,0,0,0,0,0,0.0,0,0,0,none,0,none,0,0,0,no_alert_unknown,no_alert_not_final_benign,-1,dns,port
2025-07-19T23:03:01.809897+0700,103.195.142.74,202.134.0.155,20920,53,UDP,dns,,1508160439403202,wire/pcap,0,0,0,0,0,0.0,0,0,0,none,0,none,0,0,0,no_alert_unknown,no_alert_not_final_benign,-1,dns,port
2025-07-19T23:03:01.813679+0700,103.195.142.74,118.98.44.100,41474,53,UDP,dns,,1524404063579941,wire/pcap,0,0,0,0,0,0.0,0,0,0,none,0,none,0,0,0,no_alert_unknown,no_alert_not_final_benign,-1,dns,port
2025-07-19T23:03:01.814820+0700,103.195.142.74,118.98.44.100,8421,53,UDP,dns,,1529303769835513,wire/pcap,0,0,0,0,0,0.0,0,0,0,none,0,none,0,0,0,no_alert_unknown,no_alert_not_final_benign,-1,dns,port
2025-07-19T23:03:01.831957+0700,103.195.142.74,118.98.44.100,56383,53,UDP,dns,,1602907526445427,wire/pcap,0,0,0,0,0,0.0,0,0,0,none,0,none,0,0,0,no_alert_unknown,no_alert_not_final_benign,-1,dns,port
2025-07-19T23:03:01.832048+0700,103.195.142.74,118.98.44.20,10601,53,UDP,dns,,1603297148730285,wire/pcap,0,0,0,0,0,0.0,0,0,0,none,0,none,0,0,0,no_alert_unknown,no_alert_not_final_benign,-1,dns,port
2025-07-19T23:03:01.839828+0700,103.195.142.75,8.8.8.8,21896,53,UDP,dns,,1636712277101740,wire/pcap,0,0,0,0,0,0.0,0,0,0,none,0,none,0,0,0,no_alert_unknown,no_alert_not_final_benign,-1,dns,port
2025-07-19T23:03:01.855400+0700,103.195.142.2,13.105.80.77,53,10106,UDP,flow,failed,965813892324834,,1,1,0,182,0,0.0,1,182,0,none,0,none,0,0,0,no_alert_unknown,no_alert_not_final_benign,-1,dns,port
2025-07-19T23:03:01.855473+0700,103.195.142.46,87.98.154.119,53,56358,UDP,flow,failed,921381394423332,,1,1,0,1437,0,0.0,1,1437,0,none,0,none,0,0,0,no_alert_unknown,no_alert_not_final_benign,-1,dns,port
2025-07-19T23:03:01.855653+0700,103.195.142.74,118.98.44.100,25225,53,UDP,flow,dns,1350861764468511,,1,1,0,68,0,0.0,1,68,0,none,0,none,0,0,0,no_alert_unknown,no_alert_not_final_benign,-1,dns,app_proto+port
2025-07-19T23:03:01.855748+0700,103.195.142.74,202.134.0.155,49323,53,UDP,flow,dns,1545341061472043,,1,1,0,77,0,0.0,1,77,0,none,0,none,0,0,0,no_alert_unknown,no_alert_not_final_benign,-1,dns,app_proto+port
2025-07-19T23:03:01.855789+0700,103.195.142.74,118.98.44.100,14714,53,UDP,flow,dns,1629255406821187,,1,1,0,68,0,0.0,1,68,0,none,0,none,0,0,0,no_alert_unknown,no_alert_not_final_benign,-1,dns,app_proto+port
2025-07-19T23:03:01.855996+0700,103.195.142.76,87.98.154.119,53,30021,UDP,flow,failed,1563527835459562,,1,1,0,1469,0,0.0,1,1469,0,none,0,none,0,0,0,no_alert_unknown,no_alert_not_final_benign,-1,dns,port
2025-07-19T23:03:01.856059+0700,103.195.142.74,118.98.44.100,12792,53,UDP,flow,dns,1216974351802417,,1,1,0,211,0,0.0,1,211,0,none,0,none,0,0,0,no_alert_unknown,no_alert_not_final_benign,-1,dns,app_proto+port
2025-07-19T23:03:01.856211+0700,103.195.142.74,118.98.44.20,29432,53,UDP,flow,dns,1551248992411861,,1,1,0,77,0,0.0,1,77,0,none,0,none,0,0,0,no_alert_unknown,no_alert_not_final_benign,-1,dns,app_proto+port
2025-07-19T23:03:01.856515+0700,103.195.142.165,87.98.154.119,53,52554,UDP,flow,failed,947673705193869,,1,1,0,1437,0,0.0,1,1437,0,none,0,none,0,0,0,no_alert_unknown,no_alert_not_final_benign,-1,dns,port
2025-07-19T23:03:01.856559+0700,103.195.142.3,51.143.88.80,53,50790,UDP,flow,failed,855839351873987,,1,1,0,182,0,0.0,1,182,0,none,0,none,0,0,0,no_alert_unknown,no_alert_not_final_benign,-1,dns,port
2025-07-19T23:03:01.856657+0700,103.195.142.2,13.105.80.77,53,9145,UDP,flow,failed,857416318624371,,1,1,0,182,0,0.0,1,182,0,none,0,none,0,0,0,no_alert_unknown,no_alert_not_final_benign,-1,dns,port
2025-07-19T23:03:01.856684+0700,103.195.142.109,87.98.154.233,53,52996,UDP,flow,failed,1211887788860026,,1,1,0,1437,0,0.0,1,1437,0,none,0,none,0,0,0,no_alert_unknown,no_alert_not_final_benign,-1,dns,port
2025-07-19T23:03:01.856724+0700,103.195.142.165,87.98.154.221,53,15161,UDP,flow,failed,1353185872093827,,1,1,0,1437,0,0.0,1,1437,0,none,0,none,0,0,0,no_alert_unknown,no_alert_not_final_benign,-1,dns,port
2025-07-19T23:03:01.856809+0700,103.195.142.74,118.98.44.20,25679,53,UDP,flow,dns,975130511647372,,1,1,0,68,0,0.0,1,68,0,none,0,none,0,0,0,no_alert_unknown,no_alert_not_final_benign,-1,dns,app_proto+port
2025-07-19T23:03:01.856894+0700,103.195.142.2,13.66.128.244,53,58448,UDP,flow,failed,1077664644113187,,1,1,0,171,0,0.0,1,171,0,none,0,none,0,0,0,no_alert_unknown,no_alert_not_final_benign,-1,dns,port
2025-07-19T23:03:01.856929+0700,103.195.142.196,87.98.154.119,53,56335,UDP,flow,failed,1095360883237733,,1,1,0,1437,0,0.0,1,1437,0,none,0,none,0,0,0,no_alert_unknown,no_alert_not_final_benign,-1,dns,port
2025-07-19T23:03:01.857011+0700,103.195.142.74,118.98.44.100,29024,53,UDP,flow,dns,1211094323405746,,1,1,0,112,0,0.0,1,112,0,none,0,none,0,0,0,no_alert_unknown,no_alert_not_final_benign,-1,dns,app_proto+port
2025-07-19T23:03:01.857109+0700,103.195.142.2,51.143.92.240,53,56450,UDP,flow,failed,877456179110889,,1,1,0,171,0,0.0,1,171,0,none,0,none,0,0,0,no_alert_unknown,no_alert_not_final_benign,-1,dns,port
2025-07-19T23:03:01.856923+0700,103.195.142.74,202.134.0.155,56480,53,UDP,dns,,1428660584965706,wire/pcap,0,0,0,0,0,0.0,0,0,0,none,0,none,0,0,0,no_alert_unknown,no_alert_not_final_benign,-1,dns,port
2025-07-19T23:03:01.857148+0700,103.195.142.46,87.98.154.119,53,54777,UDP,flow,failed,901452883272714,,1,1,0,1437,0,0.0,1,1437,0,none,0,none,0,0,0,no_alert_unknown,no_alert_not_final_benign,-1,dns,port
2025-07-19T23:03:01.857277+0700,103.195.142.74,118.98.44.20,6808,53,UDP,flow,dns,1012743084942713,,1,1,0,223,0,0.0,1,223,0,none,0,none,0,0,0,no_alert_unknown,no_alert_not_final_benign,-1,dns,app_proto+port
2025-07-19T23:03:01.857325+0700,103.195.142.165,87.98.154.119,53,18979,UDP,flow,failed,1161908105684357,,1,1,0,1437,0,0.0,1,1437,0,none,0,none,0,0,0,no_alert_unknown,no_alert_not_final_benign,-1,dns,port
2025-07-19T23:03:01.857367+0700,103.195.142.74,118.98.44.100,46111,53,UDP,flow,dns,1406051567642042,,1,1,0,88,0,0.0,1,88,0,none,0,none,0,0,0,no_alert_unknown,no_alert_not_final_benign,-1,dns,app_proto+port
2025-07-19T23:03:01.857499+0700,103.195.142.74,69.39.238.36,44385,53,UDP,flow,dns,1516950234113555,,1,1,0,85,0,0.0,1,85,0,none,0,none,0,0,0,no_alert_unknown,no_alert_not_final_benign,-1,dns,app_proto+port
2025-07-19T23:03:01.857595+0700,103.195.142.109,87.98.154.5,53,14808,UDP,flow,failed,1116025870263841,,1,1,0,1437,0,0.0,1,1437,0,none,0,none,0,0,0,no_alert_unknown,no_alert_not_final_benign,-1,dns,port
2025-07-19T23:03:01.857662+0700,103.195.142.76,87.98.154.119,53,43717,UDP,flow,failed,1525826555323987,,1,1,0,1469,0,0.0,1,1469,0,none,0,none,0,0,0,no_alert_unknown,no_alert_not_final_benign,-1,dns,port
2025-07-19T23:03:01.857723+0700,103.195.142.196,87.98.154.119,53,5921,UDP,flow,failed,1685920033449596,,1,1,0,1437,0,0.0,1,1437,0,none,0,none,0,0,0,no_alert_unknown,no_alert_not_final_benign,-1,dns,port
2025-07-19T23:03:01.857818+0700,103.195.142.165,87.98.154.109,53,62564,UDP,flow,failed,826772408215388,,1,3,0,4311,0,10.0,3,4311,0,none,0,none,0,0,0,no_alert_unknown,no_alert_not_final_benign,-1,dns,port
2025-07-19T23:03:01.857927+0700,103.195.142.83,87.98.154.119,53,59056,UDP,flow,failed,1465470325401691,,1,1,0,1190,0,0.0,1,1190,0,none,0,none,0,0,0,no_alert_unknown,no_alert_not_final_benign,-1,dns,port
2025-07-19T23:03:01.857987+0700,103.195.142.76,87.98.154.118,53,41607,UDP,flow,failed,1222295957842199,,1,1,0,1469,0,0.0,1,1469,0,none,0,none,0,0,0,no_alert_unknown,no_alert_not_final_benign,-1,dns,port
2025-07-19T23:03:01.858022+0700,103.195.142.3,13.105.164.210,53,18672,UDP,flow,failed,896410050603309,,1,1,0,182,0,0.0,1,182,0,none,0,none,0,0,0,no_alert_unknown,no_alert_not_final_benign,-1,dns,port
2025-07-19T23:03:01.858061+0700,103.195.142.75,8.8.8.8,18776,53,UDP,flow,dns,855974208186778,,1,1,0,80,0,0.0,1,80,0,none,0,none,0,0,0,no_alert_unknown,no_alert_not_final_benign,-1,dns,app_proto+port
2025-07-19T23:03:01.858083+0700,103.195.142.83,87.98.154.166,53,55176,UDP,flow,failed,1130228912335302,,1,1,0,1190,0,0.0,1,1190,0,none,0,none,0,0,0,no_alert_unknown,no_alert_not_final_benign,-1,dns,port
2025-07-19T23:03:01.858142+0700,103.195.142.74,118.98.44.50,21289,53,UDP,flow,dns,855345598605776,,1,1,0,250,0,0.0,1,250,0,none,0,none,0,0,0,no_alert_unknown,no_alert_not_final_benign,-1,dns,app_proto+port
2025-07-19T23:03:01.858285+0700,103.195.142.196,87.98.154.237,53,30686,UDP,flow,failed,1537328469551858,,1,1,0,1437,0,0.0,1,1437,0,none,0,none,0,0,0,no_alert_unknown,no_alert_not_final_benign,-1,dns,port
2025-07-19T23:03:01.858316+0700,103.195.142.74,118.98.44.100,20483,53,UDP,flow,dns,1028609571334954,,1,1,0,196,0,0.0,1,196,0,none,0,none,0,0,0,no_alert_unknown,no_alert_not_final_benign,-1,dns,app_proto+port
2025-07-19T23:03:01.858351+0700,103.195.142.74,118.98.44.100,26160,53,UDP,flow,dns,1026677351295801,,1,1,0,243,0,0.0,1,243,0,none,0,none,0,0,0,no_alert_unknown,no_alert_not_final_benign,-1,dns,app_proto+port
2025-07-19T23:03:01.858372+0700,103.195.142.165,87.98.154.165,53,1889,UDP,flow,failed,1613146935569239,,1,1,0,1437,0,0.0,1,1437,0,none,0,none,0,0,0,no_alert_unknown,no_alert_not_final_benign,-1,dns,port
2025-07-19T23:03:01.858433+0700,103.195.142.74,118.98.44.100,9470,53,UDP,flow,dns,1174751130528619,,1,1,0,77,0,0.0,1,77,0,none,0,none,0,0,0,no_alert_unknown,no_alert_not_final_benign,-1,dns,app_proto+port
2025-07-19T23:03:01.858454+0700,103.195.142.76,87.98.154.119,53,56440,UDP,flow,failed,1522720486304662,,1,1,0,1469,0,0.0,1,1469,0,none,0,none,0,0,0,no_alert_unknown,no_alert_not_final_benign,-1,dns,port
2025-07-19T23:03:01.858473+0700,103.195.142.195,87.98.154.119,53,50628,UDP,flow,failed,1059979992017818,,1,1,0,1437,0,0.0,1,1437,0,none,0,none,0,0,0,no_alert_unknown,no_alert_not_final_benign,-1,dns,port
2025-07-19T23:03:01.858492+0700,103.195.142.76,87.98.154.230,53,9356,UDP,flow,failed,1238349179628446,,1,1,0,1469,0,0.0,1,1469,0,none,0,none,0,0,0,no_alert_unknown,no_alert_not_final_benign,-1,dns,port
2025-07-19T23:03:01.858534+0700,103.195.142.74,118.98.44.20,4493,53,UDP,flow,dns,152393632164786,,1,2,0,325,0,19.0,2,325,0,none,0,none,0,0,0,no_alert_unknown,no_alert_not_final_benign,-1,dns,app_proto+port
2025-07-19T23:03:01.858555+0700,103.195.142.74,118.98.44.50,9823,53,UDP,flow,dns,1081780478716856,,1,1,0,87,0,0.0,1,87,0,none,0,none,0,0,0,no_alert_unknown,no_alert_not_final_benign,-1,dns,app_proto+port
2025-07-19T23:03:01.858581+0700,103.195.142.74,118.98.44.20,65023,53,UDP,flow,dns,988246260100043,,1,1,0,85,0,0.0,1,85,0,none,0,none,0,0,0,no_alert_unknown,no_alert_not_final_benign,-1,dns,app_proto+port
2025-07-19T23:03:01.858601+0700,103.195.142.46,87.98.154.119,53,50479,UDP,flow,failed,1258351140318284,,1,1,0,1437,0,0.0,1,1437,0,none,0,none,0,0,0,no_alert_unknown,no_alert_not_final_benign,-1,dns,port
2025-07-19T23:03:01.858620+0700,103.195.142.165,87.98.154.81,53,49622,UDP,flow,failed,1288809011129437,,1,1,0,1437,0,0.0,1,1437,0,none,0,none,0,0,0,no_alert_unknown,no_alert_not_final_benign,-1,dns,port
2025-07-19T23:03:01.858638+0700,103.195.142.195,87.98.154.119,53,43486,UDP,flow,failed,1162898686258326,,1,1,0,1437,0,0.0,1,1437,0,none,0,none,0,0,0,no_alert_unknown,no_alert_not_final_benign,-1,dns,port
2025-07-19T23:03:01.858656+0700,103.195.142.109,87.98.154.177,53,35308,UDP,flow,failed,1482574796336279,,1,1,0,1437,0,0.0,1,1437,0,none,0,none,0,0,0,no_alert_unknown,no_alert_not_final_benign,-1,dns,port
2025-07-19T23:03:01.858723+0700,103.195.142.74,118.98.44.100,55416,53,UDP,flow,dns,1400685839494721,,1,1,0,184,0,0.0,1,184,0,none,0,none,0,0,0,no_alert_unknown,no_alert_not_final_benign,-1,dns,app_proto+port
2025-07-19T23:03:01.858766+0700,103.195.142.75,45.79.197.241,25263,53,UDP,flow,dns,1005213037735574,,1,1,0,85,0,0.0,1,85,0,none,0,none,0,0,0,no_alert_unknown,no_alert_not_final_benign,-1,dns,app_proto+port
2025-07-19T23:03:01.858786+0700,103.195.142.74,118.98.44.20,13698,53,UDP,flow,dns,943910124498629,,1,1,0,68,0,0.0,1,68,0,none,0,none,0,0,0,no_alert_unknown,no_alert_not_final_benign,-1,dns,app_proto+port
2025-07-19T23:03:01.858825+0700,103.195.142.109,87.98.154.119,53,21380,UDP,flow,failed,1330809907294029,,1,1,0,1437,0,0.0,1,1437,0,none,0,none,0,0,0,no_alert_unknown,no_alert_not_final_benign,-1,dns,port
2025-07-19T23:03:01.858843+0700,103.195.142.74,118.98.44.50,51276,53,UDP,flow,dns,1650810477654051,,1,1,0,68,0,0.0,1,68,0,none,0,none,0,0,0,no_alert_unknown,no_alert_not_final_benign,-1,dns,app_proto+port
2025-07-19T23:03:01.858958+0700,103.195.142.83,87.98.154.122,53,15632,UDP,flow,failed,945530103509183,,1,3,0,3570,0,10.0,3,3570,0,none,0,none,0,0,0,no_alert_unknown,no_alert_not_final_benign,-1,dns,port
2025-07-19T23:03:01.858995+0700,103.195.142.195,87.98.154.140,53,37106,UDP,flow,failed,456419084841184,,1,2,0,2874,0,3.0,2,2874,0,none,0,none,0,0,0,no_alert_unknown,no_alert_not_final_benign,-1,dns,port
2025-07-19T23:03:01.859247+0700,103.195.142.46,87.98.154.119,53,49720,UDP,flow,failed,1685607990276398,,1,1,0,1437,0,0.0,1,1437,0,none,0,none,0,0,0,no_alert_unknown,no_alert_not_final_benign,-1,dns,port
2025-07-19T23:03:01.859307+0700,103.195.142.76,87.98.154.119,53,6901,UDP,flow,failed,1538551520473391,,1,1,0,1469,0,0.0,1,1469,0,none,0,none,0,0,0,no_alert_unknown,no_alert_not_final_benign,-1,dns,port
2025-07-19T23:03:01.859398+0700,103.195.142.83,87.98.154.142,53,15058,UDP,flow,failed,1146125551514026,,1,1,0,1190,0,0.0,1,1190,0,none,0,none,0,0,0,no_alert_unknown,no_alert_not_final_benign,-1,dns,port
2025-07-19T23:03:01.859458+0700,103.195.142.165,87.98.154.137,53,15997,UDP,flow,failed,685568772190840,,1,3,0,4311,0,9.0,3,4311,0,none,0,none,0,0,0,no_alert_unknown,no_alert_not_final_benign,-1,dns,port
2025-07-19T23:03:01.859479+0700,103.195.142.3,52.247.218.117,53,64983,UDP,flow,failed,1039828622553830,,1,1,0,182,0,0.0,1,182,0,none,0,none,0,0,0,no_alert_unknown,no_alert_not_final_benign,-1,dns,port
2025-07-19T23:03:01.859595+0700,103.195.142.75,8.8.8.8,55338,53,UDP,flow,dns,1120654140617641,,1,1,0,85,0,0.0,1,85,0,none,0,none,0,0,0,no_alert_unknown,no_alert_not_final_benign,-1,dns,app_proto+port
2025-07-19T23:03:01.859626+0700,103.195.142.74,118.98.44.100,31482,53,UDP,flow,dns,1051753619239919,,1,1,0,214,0,0.0,1,214,0,none,0,none,0,0,0,no_alert_unknown,no_alert_not_final_benign,-1,dns,app_proto+port
2025-07-19T23:03:01.859683+0700,103.195.142.74,202.134.0.155,19223,53,UDP,flow,dns,953643532072068,,1,1,0,241,0,0.0,1,241,0,none,0,none,0,0,0,no_alert_unknown,no_alert_not_final_benign,-1,dns,app_proto+port
2025-07-19T23:03:01.859707+0700,103.195.142.195,87.98.154.164,53,39033,UDP,flow,failed,540095209518324,,1,2,0,2874,0,10.0,2,2874,0,none,0,none,0,0,0,no_alert_unknown,no_alert_not_final_benign,-1,dns,port
2025-07-19T23:03:01.859816+0700,103.195.142.195,87.98.154.156,53,46226,UDP,flow,failed,898537583457612,,1,1,0,1437,0,0.0,1,1437,0,none,0,none,0,0,0,no_alert_unknown,no_alert_not_final_benign,-1,dns,port
2025-07-19T23:03:01.859914+0700,103.195.142.165,87.98.154.21,53,10969,UDP,flow,failed,1374265780057574,,1,1,0,1437,0,0.0,1,1437,0,none,0,none,0,0,0,no_alert_unknown,no_alert_not_final_benign,-1,dns,port
2025-07-19T23:03:01.859992+0700,103.195.142.83,87.98.154.150,53,39818,UDP,flow,failed,674815278888529,,1,3,0,3570,0,10.0,3,3570,0,none,0,none,0,0,0,no_alert_unknown,no_alert_not_final_benign,-1,dns,port
2025-07-19T23:03:01.860080+0700,103.195.142.83,87.98.154.206,53,60300,UDP,flow,failed,1624847452714581,,1,1,0,1190,0,0.0,1,1190,0,none,0,none,0,0,0,no_alert_unknown,no_alert_not_final_benign,-1,dns,port
2025-07-19T23:03:01.860153+0700,103.195.142.165,87.98.154.119,53,51708,UDP,flow,failed,926509095237253,,1,1,0,1437,0,0.0,1,1437,0,none,0,none,0,0,0,no_alert_unknown,no_alert_not_final_benign,-1,dns,port
2025-07-19T23:03:01.860182+0700,103.195.142.109,87.98.154.119,53,16759,UDP,flow,failed,1399764537358022,,1,1,0,1437,0,0.0,1,1437,0,none,0,none,0,0,0,no_alert_unknown,no_alert_not_final_benign,-1,dns,port
2025-07-19T23:03:01.860226+0700,103.195.142.109,87.98.154.119,53,38508,UDP,flow,failed,901878637639543,,1,1,0,1437,0,0.0,1,1437,0,none,0,none,0,0,0,no_alert_unknown,no_alert_not_final_benign,-1,dns,port
2025-07-19T23:03:01.860253+0700,103.195.142.75,8.8.8.8,49401,53,UDP,flow,dns,1181570427369485,,1,1,0,211,0,0.0,1,211,0,none,0,none,0,0,0,no_alert_unknown,no_alert_not_final_benign,-1,dns,app_proto+port
2025-07-19T23:03:01.860289+0700,103.195.142.74,202.134.0.155,2795,53,UDP,flow,dns,925073732188271,,1,1,0,68,0,0.0,1,68,0,none,0,none,0,0,0,no_alert_unknown,no_alert_not_final_benign,-1,dns,app_proto+port
2025-07-19T23:03:01.860312+0700,103.195.142.2,172.70.116.71,53,15951,UDP,flow,failed,1011490708830456,,1,1,0,203,0,0.0,1,203,0,none,0,none,0,0,0,no_alert_unknown,no_alert_not_final_benign,-1,dns,port
2025-07-19T23:03:01.860401+0700,103.195.142.74,202.134.0.155,23495,53,UDP,flow,dns,1007233127790966,,1,1,0,73,0,0.0,1,73,0,none,0,none,0,0,0,no_alert_unknown,no_alert_not_final_benign,-1,dns,app_proto+port
2025-07-19T23:03:01.860421+0700,103.195.142.76,87.98.154.119,53,50688,UDP,flow,failed,1421768728295890,,1,1,0,1469,0,0.0,1,1469,0,none,0,none,0,0,0,no_alert_unknown,no_alert_not_final_benign,-1,dns,port
2025-07-19T23:03:01.860461+0700,103.195.142.74,118.98.44.50,41347,53,UDP,flow,dns,1006465185462756,,1,1,0,73,0,0.0,1,73,0,none,0,none,0,0,0,no_alert_unknown,no_alert_not_final_benign,-1,dns,app_proto+port
2025-07-19T23:03:01.860481+0700,103.195.142.74,118.98.44.50,1758,53,UDP,flow,dns,1456765307894271,,1,1,0,85,0,0.0,1,85,0,none,0,none,0,0,0,no_alert_unknown,no_alert_not_final_benign,-1,dns,app_proto+port
2025-07-19T23:03:01.860501+0700,103.195.142.195,87.98.154.119,53,27430,UDP,flow,failed,1543447460887070,,1,1,0,1437,0,0.0,1,1437,0,none,0,none,0,0,0,no_alert_unknown,no_alert_not_final_benign,-1,dns,port
2025-07-19T23:03:01.860519+0700,103.195.142.74,69.16.230.48,42570,53,UDP,flow,dns,1067164805675550,,1,1,0,85,0,0.0,1,85,0,none,0,none,0,0,0,no_alert_unknown,no_alert_not_final_benign,-1,dns,app_proto+port
2025-07-19T23:03:01.860583+0700,103.195.142.2,13.105.68.212,53,55421,UDP,flow,failed,1048062160321096,,1,1,0,178,0,0.0,1,178,0,none,0,none,0,0,0,no_alert_unknown,no_alert_not_final_benign,-1,dns,port
2025-07-19T23:03:01.860622+0700,103.195.142.76,87.98.154.119,53,57187,UDP,flow,failed,990474192992913,,1,1,0,1469,0,0.0,1,1469,0,none,0,none,0,0,0,no_alert_unknown,no_alert_not_final_benign,-1,dns,port
2025-07-19T23:03:01.860652+0700,103.195.142.196,87.98.154.119,53,1738,UDP,flow,failed,1098656917404318,,1,1,0,1437,0,0.0,1,1437,0,none,0,none,0,0,0,no_alert_unknown,no_alert_not_final_benign,-1,dns,port
2025-07-19T23:03:01.860672+0700,103.195.142.75,8.8.8.8,61575,53,UDP,flow,dns,1357724563389101,,1,1,0,184,0,0.0,1,184,0,none,0,none,0,0,0,no_alert_unknown,no_alert_not_final_benign,-1,dns,app_proto+port
2025-07-19T23:03:01.860692+0700,103.195.142.109,87.98.154.119,53,58190,UDP,flow,failed,1637899155258130,,1,1,0,1437,0,0.0,1,1437,0,none,0,none,0,0,0,no_alert_unknown,no_alert_not_final_benign,-1,dns,port
2025-07-19T23:03:01.860712+0700,103.195.142.74,202.134.0.155,7663,53,UDP,flow,dns,1065204689779481,,1,1,0,91,0,0.0,1,91,0,none,0,none,0,0,0,no_alert_unknown,no_alert_not_final_benign,-1,dns,app_proto+port
2025-07-19T23:03:01.860739+0700,103.195.142.165,87.98.154.119,53,28006,UDP,flow,failed,1619967466781502,,1,1,0,1437,0,0.0,1,1437,0,none,0,none,0,0,0,no_alert_unknown,no_alert_not_final_benign,-1,dns,port
2025-07-19T23:03:01.860759+0700,103.195.142.74,118.98.44.50,7294,53,UDP,flow,dns,1142348519619474,,1,1,0,83,0,0.0,1,83,0,none,0,none,0,0,0,no_alert_unknown,no_alert_not_final_benign,-1,dns,app_proto+port
2025-07-19T23:03:01.860782+0700,103.195.142.74,118.98.44.100,7372,53,UDP,flow,dns,1660654314371996,,1,1,0,85,0,0.0,1,85,0,none,0,none,0,0,0,no_alert_unknown,no_alert_not_final_benign,-1,dns,app_proto+port
2025-07-19T23:03:01.860805+0700,103.195.142.165,87.98.154.119,53,50713,UDP,flow,failed,1006526055037957,,1,1,0,1437,0,0.0,1,1437,0,none,0,none,0,0,0,no_alert_unknown,no_alert_not_final_benign,-1,dns,port
2025-07-19T23:03:01.860833+0700,103.195.142.75,8.8.8.8,18273,53,UDP,flow,dns,1278594177350690,,1,1,0,108,0,0.0,1,108,0,none,0,none,0,0,0,no_alert_unknown,no_alert_not_final_benign,-1,dns,app_proto+port
2025-07-19T23:03:01.860901+0700,103.195.142.165,87.98.154.193,53,32768,UDP,flow,failed,1469546858003543,,1,1,0,1437,0,0.0,1,1437,0,none,0,none,0,0,0,no_alert_unknown,no_alert_not_final_benign,-1,dns,port
2025-07-19T23:03:01.860960+0700,103.195.142.76,87.98.154.154,53,35125,UDP,flow,failed,1311409000397955,,1,1,0,1469,0,0.0,1,1469,0,none,0,none,0,0,0,no_alert_unknown,no_alert_not_final_benign,-1,dns,port
2025-07-19T23:03:01.861006+0700,103.195.142.195,87.98.154.136,53,26813,UDP,flow,failed,815696665951459,,1,3,0,4311,0,9.0,3,4311,0,none,0,none,0,0,0,no_alert_unknown,no_alert_not_final_benign,-1,dns,port
2025-07-19T23:03:01.861031+0700,103.195.142.196,87.98.154.101,53,58478,UDP,flow,failed,1560339473349955,,1,1,0,1437,0,0.0,1,1437,0,none,0,none,0,0,0,no_alert_unknown,no_alert_not_final_benign,-1,dns,port
2025-07-19T23:03:01.861212+0700,103.195.142.83,87.98.154.94,53,5084,UDP,flow,failed,1186925525581428,,1,1,0,1190,0,0.0,1,1190,0,none,0,none,0,0,0,no_alert_unknown,no_alert_not_final_benign,-1,dns,port
2025-07-19T23:03:01.861298+0700,103.195.142.75,8.8.8.8,33775,53,UDP,flow,dns,1081021782933202,,1,1,0,80,0,0.0,1,80,0,none,0,none,0,0,0,no_alert_unknown,no_alert_not_final_benign,-1,dns,app_proto+port
2025-07-19T23:03:01.861319+0700,103.195.142.196,87.98.154.119,53,3971,UDP,flow,failed,1315316885274361,,1,1,0,1437,0,0.0,1,1437,0,none,0,none,0,0,0,no_alert_unknown,no_alert_not_final_benign,-1,dns,port
2025-07-19T23:03:01.861360+0700,103.195.142.46,87.98.154.119,53,16219,UDP,flow,failed,1663555630907259,,1,1,0,1437,0,0.0,1,1437,0,none,0,none,0,0,0,no_alert_unknown,no_alert_not_final_benign,-1,dns,port
2025-07-19T23:03:01.861379+0700,103.195.142.75,8.8.8.8,31951,53,UDP,flow,dns,948533480832903,,1,1,0,232,0,0.0,1,232,0,none,0,none,0,0,0,no_alert_unknown,no_alert_not_final_benign,-1,dns,app_proto+port
2025-07-19T23:03:01.861403+0700,103.195.142.165,87.98.154.118,53,28699,UDP,flow,failed,1351740958687123,,1,1,0,1437,0,0.0,1,1437,0,none,0,none,0,0,0,no_alert_unknown,no_alert_not_final_benign,-1,dns,port
2025-07-19T23:03:01.861424+0700,103.195.142.165,87.98.154.221,53,26935,UDP,flow,failed,1045660033073067,,1,1,0,1437,0,0.0,1,1437,0,none,0,none,0,0,0,no_alert_unknown,no_alert_not_final_benign,-1,dns,port
2025-07-19T23:03:01.861465+0700,103.195.142.3,52.183.8.173,53,53404,UDP,flow,failed,844831598821384,,1,1,0,171,0,0.0,1,171,0,none,0,none,0,0,0,no_alert_unknown,no_alert_not_final_benign,-1,dns,port
2025-07-19T23:03:01.861519+0700,103.195.142.75,8.8.8.8,49077,53,UDP,flow,dns,1478249874767885,,1,1,0,214,0,0.0,1,214,0,none,0,none,0,0,0,no_alert_unknown,no_alert_not_final_benign,-1,dns,app_proto+port
2025-07-19T23:03:01.861612+0700,103.195.142.165,87.98.154.157,53,30644,UDP,flow,failed,1073371084144692,,1,1,0,1437,0,0.0,1,1437,0,none,0,none,0,0,0,no_alert_unknown,no_alert_not_final_benign,-1,dns,port
2025-07-19T23:03:01.861850+0700,103.195.142.74,202.134.0.155,24235,53,UDP,flow,dns,973366601171479,,1,1,0,82,0,0.0,1,82,0,none,0,none,0,0,0,no_alert_unknown,no_alert_not_final_benign,-1,dns,app_proto+port
2025-07-19T23:03:01.861871+0700,103.195.142.165,87.98.154.119,53,17063,UDP,flow,failed,1034387847954990,,1,1,0,1437,0,0.0,1,1437,0,none,0,none,0,0,0,no_alert_unknown,no_alert_not_final_benign,-1,dns,port
2025-07-19T23:03:01.861913+0700,103.195.142.74,118.98.44.20,43218,53,UDP,flow,dns,1157160194655227,,1,1,0,74,0,0.0,1,74,0,none,0,none,0,0,0,no_alert_unknown,no_alert_not_final_benign,-1,dns,app_proto+port
2025-07-19T23:03:01.861986+0700,103.195.142.74,118.98.44.20,64383,53,UDP,flow,dns,1025869735773240,,1,1,0,243,0,0.0,1,243,0,none,0,none,0,0,0,no_alert_unknown,no_alert_not_final_benign,-1,dns,app_proto+port
2025-07-19T23:03:01.862007+0700,103.195.142.74,118.98.44.50,26638,53,UDP,flow,dns,1322516937032852,,1,1,0,88,0,0.0,1,88,0,none,0,none,0,0,0,no_alert_unknown,no_alert_not_final_benign,-1,dns,app_proto+port
2025-07-19T23:03:01.862065+0700,103.195.142.74,118.98.44.20,59995,53,UDP,flow,dns,1565508164961663,,1,1,0,92,0,0.0,1,92,0,none,0,none,0,0,0,no_alert_unknown,no_alert_not_final_benign,-1,dns,app_proto+port
2025-07-19T23:03:01.862154+0700,103.195.142.76,87.98.154.119,53,55778,UDP,flow,failed,1472093111109012,,1,1,0,1469,0,0.0,1,1469,0,none,0,none,0,0,0,no_alert_unknown,no_alert_not_final_benign,-1,dns,port
2025-07-19T23:03:01.862242+0700,103.195.142.83,87.98.154.114,53,55571,UDP,flow,failed,1437418214114946,,1,1,0,1190,0,0.0,1,1190,0,none,0,none,0,0,0,no_alert_unknown,no_alert_not_final_benign,-1,dns,port
2025-07-19T23:03:01.862362+0700,103.195.142.3,210.94.72.31,53,59892,UDP,flow,failed,1126330157024937,,1,1,0,187,0,0.0,1,187,0,none,0,none,0,0,0,no_alert_unknown,no_alert_not_final_benign,-1,dns,port
2025-07-19T23:03:01.862387+0700,103.195.142.195,87.98.154.248,53,21318,UDP,flow,failed,850327921018634,,1,1,0,1437,0,0.0,1,1437,0,none,0,none,0,0,0,no_alert_unknown,no_alert_not_final_benign,-1,dns,port
2025-07-19T23:03:01.862434+0700,103.195.142.109,87.98.154.5,53,58043,UDP,flow,failed,934021376296750,,1,1,0,1437,0,0.0,1,1437,0,none,0,none,0,0,0,no_alert_unknown,no_alert_not_final_benign,-1,dns,port
2025-07-19T23:03:01.862487+0700,103.195.142.196,87.98.154.37,53,37255,UDP,flow,failed,1180349353150268,,1,1,0,1437,0,0.0,1,1437,0,none,0,none,0,0,0,no_alert_unknown,no_alert_not_final_benign,-1,dns,port
2025-07-19T23:03:01.862580+0700,103.195.142.196,87.98.154.49,53,59414,UDP,flow,failed,467478715222348,,1,2,0,2874,0,3.0,2,2874,0,none,0,none,0,0,0,no_alert_unknown,no_alert_not_final_benign,-1,dns,port
2025-07-19T23:03:01.862623+0700,103.195.142.109,87.98.154.205,53,2437,UDP,flow,failed,1140446336698831,,1,1,0,1437,0,0.0,1,1437,0,none,0,none,0,0,0,no_alert_unknown,no_alert_not_final_benign,-1,dns,port
2025-07-19T23:03:01.862654+0700,103.195.142.74,118.98.44.50,36291,53,UDP,flow,dns,1381208174938677,,1,1,0,89,0,0.0,1,89,0,none,0,none,0,0,0,no_alert_unknown,no_alert_not_final_benign,-1,dns,app_proto+port
2025-07-19T23:03:01.862675+0700,103.195.142.83,87.98.154.122,53,14994,UDP,flow,failed,906090360785481,,1,1,0,1190,0,0.0,1,1190,0,none,0,none,0,0,0,no_alert_unknown,no_alert_not_final_benign,-1,dns,port
2025-07-19T23:03:01.862706+0700,103.195.142.109,87.98.154.33,53,42490,UDP,flow,failed,1140106203810551,,1,1,0,1437,0,0.0,1,1437,0,none,0,none,0,0,0,no_alert_unknown,no_alert_not_final_benign,-1,dns,port
2025-07-19T23:03:01.862761+0700,103.195.142.165,87.98.154.118,53,17652,UDP,flow,failed,1045222090853267,,1,1,0,1437,0,0.0,1,1437,0,none,0,none,0,0,0,no_alert_unknown,no_alert_not_final_benign,-1,dns,port
2025-07-19T23:03:01.862789+0700,103.195.142.2,13.105.68.206,53,21584,UDP,flow,failed,1072200914881574,,1,1,0,182,0,0.0,1,182,0,none,0,none,0,0,0,no_alert_unknown,no_alert_not_final_benign,-1,dns,port
2025-07-19T23:03:01.862887+0700,103.195.142.74,118.98.44.50,13393,53,UDP,flow,dns,1245269824359748,,1,1,0,76,0,0.0,1,76,0,none,0,none,0,0,0,no_alert_unknown,no_alert_not_final_benign,-1,dns,app_proto+port
2025-07-19T23:03:01.862926+0700,103.195.142.109,87.98.154.119,53,30084,UDP,flow,failed,1347762065493389,,1,1,0,1437,0,0.0,1,1437,0,none,0,none,0,0,0,no_alert_unknown,no_alert_not_final_benign,-1,dns,port
2025-07-19T23:03:01.863014+0700,103.195.142.165,87.98.154.119,53,38711,UDP,flow,failed,973408617614908,,1,1,0,1437,0,0.0,1,1437,0,none,0,none,0,0,0,no_alert_unknown,no_alert_not_final_benign,-1,dns,port
2025-07-19T23:03:01.863045+0700,103.195.142.3,114.125.160.102,53,55821,UDP,flow,failed,1201145914314338,,1,1,0,183,0,0.0,1,183,0,none,0,none,0,0,0,no_alert_unknown,no_alert_not_final_benign,-1,dns,port
2025-07-19T23:03:01.863077+0700,103.195.142.75,8.8.8.8,25682,53,UDP,flow,dns,1323655901662931,,1,1,0,79,0,0.0,1,79,0,none,0,none,0,0,0,no_alert_unknown,no_alert_not_final_benign,-1,dns,app_proto+port
2025-07-19T23:03:01.863107+0700,103.195.142.76,87.98.154.119,53,59722,UDP,flow,failed,1262586739150550,,1,1,0,1469,0,0.0,1,1469,0,none,0,none,0,0,0,no_alert_unknown,no_alert_not_final_benign,-1,dns,port
2025-07-19T23:03:01.863132+0700,103.195.142.195,87.98.154.119,53,34364,UDP,flow,failed,1596240445820686,,1,1,0,1437,0,0.0,1,1437,0,none,0,none,0,0,0,no_alert_unknown,no_alert_not_final_benign,-1,dns,port
2025-07-19T23:03:01.863170+0700,103.195.142.165,87.98.154.119,53,6988,UDP,flow,failed,1219551121690402,,1,1,0,1437,0,0.0,1,1437,0,none,0,none,0,0,0,no_alert_unknown,no_alert_not_final_benign,-1,dns,port
2025-07-19T23:03:01.863207+0700,103.195.142.196,87.98.154.157,53,31542,UDP,flow,failed,933310256172871,,1,1,0,1437,0,0.0,1,1437,0,none,0,none,0,0,0,no_alert_unknown,no_alert_not_final_benign,-1,dns,port
2025-07-19T23:03:01.863233+0700,103.195.142.31,8.8.8.8,47406,53,UDP,flow,dns,1000368393867153,,1,1,0,78,0,0.0,1,78,0,none,0,none,0,0,0,no_alert_unknown,no_alert_not_final_benign,-1,dns,app_proto+port
2025-07-19T23:03:01.863253+0700,103.195.142.2,13.105.164.209,53,45008,UDP,flow,failed,962840121233331,,1,1,0,182,0,0.0,1,182,0,none,0,none,0,0,0,no_alert_unknown,no_alert_not_final_benign,-1,dns,port
2025-07-19T23:03:01.863272+0700,103.195.142.74,118.98.44.100,18752,53,UDP,flow,dns,1632169584611329,,1,1,0,68,0,0.0,1,68,0,none,0,none,0,0,0,no_alert_unknown,no_alert_not_final_benign,-1,dns,app_proto+port
2025-07-19T23:03:01.863292+0700,103.195.142.83,87.98.154.206,53,34255,UDP,flow,failed,1684912554758203,,1,1,0,1190,0,0.0,1,1190,0,none,0,none,0,0,0,no_alert_unknown,no_alert_not_final_benign,-1,dns,port
2025-07-19T23:03:01.863330+0700,103.195.142.196,87.98.154.119,53,27016,UDP,flow,failed,1378597242589371,,1,1,0,1437,0,0.0,1,1437,0,none,0,none,0,0,0,no_alert_unknown,no_alert_not_final_benign,-1,dns,port
2025-07-19T23:03:01.863348+0700,103.195.142.46,87.98.154.119,53,49090,UDP,flow,failed,1028588686397672,,1,1,0,1437,0,0.0,1,1437,0,none,0,none,0,0,0,no_alert_unknown,no_alert_not_final_benign,-1,dns,port
2025-07-19T23:03:01.863425+0700,103.195.142.46,87.98.154.235,53,40259,UDP,flow,failed,1482383116587329,,1,1,0,1437,0,0.0,1,1437,0,none,0,none,0,0,0,no_alert_unknown,no_alert_not_final_benign,-1,dns,port
2025-07-19T23:03:01.863489+0700,103.195.142.74,118.98.44.50,56282,53,UDP,flow,dns,1123811344110216,,1,1,0,214,0,0.0,1,214,0,none,0,none,0,0,0,no_alert_unknown,no_alert_not_final_benign,-1,dns,app_proto+port
2025-07-19T23:03:01.863547+0700,103.195.142.196,87.98.154.129,53,32897,UDP,flow,failed,1394629453206276,,1,1,0,1437,0,0.0,1,1437,0,none,0,none,0,0,0,no_alert_unknown,no_alert_not_final_benign,-1,dns,port
2025-07-19T23:03:01.863567+0700,103.195.142.74,118.98.44.100,41195,53,UDP,flow,dns,1082181717971760,,1,1,0,102,0,0.0,1,102,0,none,0,none,0,0,0,no_alert_unknown,no_alert_not_final_benign,-1,dns,app_proto+port
2025-07-19T23:03:01.863609+0700,103.195.142.196,87.98.154.33,53,51628,UDP,flow,failed,1658165728367427,,1,1,0,1437,0,0.0,1,1437,0,none,0,none,0,0,0,no_alert_unknown,no_alert_not_final_benign,-1,dns,port
2025-07-19T23:03:01.863652+0700,103.195.142.83,87.98.154.117,53,35258,UDP,flow,failed,1268115226153835,,1,1,0,1190,0,0.0,1,1190,0,none,0,none,0,0,0,no_alert_unknown,no_alert_not_final_benign,-1,dns,port
2025-07-19T23:03:01.863671+0700,103.195.142.3,52.183.16.112,53,50010,UDP,flow,failed,1028669316453335,,1,1,0,171,0,0.0,1,171,0,none,0,none,0,0,0,no_alert_unknown,no_alert_not_final_benign,-1,dns,port
2025-07-19T23:03:01.863711+0700,103.195.142.196,87.98.154.119,53,57082,UDP,flow,failed,1618474103460901,,1,1,0,1437,0,0.0,1,1437,0,none,0,none,0,0,0,no_alert_unknown,no_alert_not_final_benign,-1,dns,port
2025-07-19T23:03:01.863731+0700,103.195.142.74,202.134.0.155,59145,53,UDP,flow,dns,939299354498275,,1,1,0,214,0,0.0,1,214,0,none,0,none,0,0,0,no_alert_unknown,no_alert_not_final_benign,-1,dns,app_proto+port
2025-07-19T23:03:01.863800+0700,103.195.142.3,172.253.196.86,53,59088,UDP,flow,failed,1603929091003809,,1,1,0,135,0,0.0,1,135,0,none,0,none,0,0,0,no_alert_unknown,no_alert_not_final_benign,-1,dns,port
2025-07-19T23:03:01.863819+0700,103.195.142.195,87.98.154.119,53,39494,UDP,flow,failed,1087406491096510,,1,1,0,1437,0,0.0,1,1437,0,none,0,none,0,0,0,no_alert_unknown,no_alert_not_final_benign,-1,dns,port
2025-07-19T23:03:01.863863+0700,103.195.142.75,8.8.8.8,2852,53,UDP,flow,dns,1629075247388193,,1,1,0,87,0,0.0,1,87,0,none,0,none,0,0,0,no_alert_unknown,no_alert_not_final_benign,-1,dns,app_proto+port
2025-07-19T23:03:01.863896+0700,103.195.142.74,118.98.44.100,43201,53,UDP,flow,dns,1008326389388919,,1,1,0,232,0,0.0,1,232,0,none,0,none,0,0,0,no_alert_unknown,no_alert_not_final_benign,-1,dns,app_proto+port
2025-07-19T23:03:01.863948+0700,103.195.142.83,87.98.154.234,53,31286,UDP,flow,failed,1218527494133519,,1,1,0,1190,0,0.0,1,1190,0,none,0,none,0,0,0,no_alert_unknown,no_alert_not_final_benign,-1,dns,port
2025-07-19T23:03:01.863967+0700,103.195.142.75,8.8.8.8,47350,53,UDP,flow,dns,1288179598088152,,1,1,0,94,0,0.0,1,94,0,none,0,none,0,0,0,no_alert_unknown,no_alert_not_final_benign,-1,dns,app_proto+port
2025-07-19T23:03:01.864132+0700,103.195.142.75,8.8.8.8,48772,53,UDP,flow,dns,1661675879520548,,1,1,0,88,0,0.0,1,88,0,none,0,none,0,0,0,no_alert_unknown,no_alert_not_final_benign,-1,dns,app_proto+port
2025-07-19T23:03:01.864257+0700,103.195.142.109,87.98.154.119,53,5785,UDP,flow,failed,1660818676504906,,1,1,0,1437,0,0.0,1,1437,0,none,0,none,0,0,0,no_alert_unknown,no_alert_not_final_benign,-1,dns,port
2025-07-19T23:03:01.864301+0700,103.195.142.83,87.98.154.234,53,42944,UDP,flow,failed,1535937897683294,,1,1,0,1190,0,0.0,1,1190,0,none,0,none,0,0,0,no_alert_unknown,no_alert_not_final_benign,-1,dns,port
2025-07-19T23:03:01.864371+0700,103.195.142.83,87.98.154.66,53,13083,UDP,flow,failed,1453948478413288,,1,1,0,1190,0,0.0,1,1190,0,none,0,none,0,0,0,no_alert_unknown,no_alert_not_final_benign,-1,dns,port
2025-07-19T23:03:01.864413+0700,103.195.142.74,118.98.44.50,52236,53,UDP,flow,dns,1228574319696418,,1,1,0,232,0,0.0,1,232,0,none,0,none,0,0,0,no_alert_unknown,no_alert_not_final_benign,-1,dns,app_proto+port
2025-07-19T23:03:01.864433+0700,103.195.142.76,87.98.154.66,53,3169,UDP,flow,failed,1031884920773155,,1,1,0,1469,0,0.0,1,1469,0,none,0,none,0,0,0,no_alert_unknown,no_alert_not_final_benign,-1,dns,port
2025-07-19T23:03:01.864481+0700,103.195.142.76,87.98.154.182,53,33163,UDP,flow,failed,1053697744493173,,1,3,0,4407,0,10.0,3,4407,0,none,0,none,0,0,0,no_alert_unknown,no_alert_not_final_benign,-1,dns,port
2025-07-19T23:03:01.864547+0700,103.195.142.74,118.98.44.20,25433,53,UDP,flow,dns,1025292039412552,,1,1,0,68,0,0.0,1,68,0,none,0,none,0,0,0,no_alert_unknown,no_alert_not_final_benign,-1,dns,app_proto+port
2025-07-19T23:03:01.864567+0700,103.195.142.195,87.98.154.192,53,41815,UDP,flow,failed,1537305711270924,,1,1,0,1437,0,0.0,1,1437,0,none,0,none,0,0,0,no_alert_unknown,no_alert_not_final_benign,-1,dns,port
2025-07-19T23:03:01.864591+0700,103.195.142.2,172.217.43.152,53,39940,UDP,flow,failed,1445388530998288,,1,1,0,231,0,0.0,1,231,0,none,0,none,0,0,0,no_alert_unknown,no_alert_not_final_benign,-1,dns,port
2025-07-19T23:03:01.864610+0700,103.195.142.74,118.98.44.100,16714,53,UDP,flow,dns,1001125968010326,,1,1,0,91,0,0.0,1,91,0,none,0,none,0,0,0,no_alert_unknown,no_alert_not_final_benign,-1,dns,app_proto+port
2025-07-19T23:03:01.864651+0700,103.195.142.83,87.98.154.119,53,31954,UDP,flow,failed,1152212529503388,,1,1,0,1190,0,0.0,1,1190,0,none,0,none,0,0,0,no_alert_unknown,no_alert_not_final_benign,-1,dns,port
2025-07-19T23:03:01.864669+0700,103.195.142.46,87.98.154.119,53,3941,UDP,flow,failed,1633060560755974,,1,1,0,1437,0,0.0,1,1437,0,none,0,none,0,0,0,no_alert_unknown,no_alert_not_final_benign,-1,dns,port
2025-07-19T23:03:01.864688+0700,103.195.142.195,87.98.154.119,53,19024,UDP,flow,failed,1682041680682408,,1,1,0,1437,0,0.0,1,1437,0,none,0,none,0,0,0,no_alert_unknown,no_alert_not_final_benign,-1,dns,port
2025-07-19T23:03:01.864707+0700,103.195.142.3,52.175.200.253,53,61658,UDP,flow,failed,912378646617613,,1,1,0,171,0,0.0,1,171,0,none,0,none,0,0,0,no_alert_unknown,no_alert_not_final_benign,-1,dns,port
2025-07-19T23:03:01.864850+0700,103.195.142.74,118.98.44.20,50706,53,UDP,dns,,1462703559066235,wire/pcap,0,0,0,0,0,0.0,0,0,0,none,0,none,0,0,0,no_alert_unknown,no_alert_not_final_benign,-1,dns,port
2025-07-19T23:03:01.864921+0700,103.195.142.109,87.98.154.119,53,39414,UDP,flow,failed,1176265378684679,,1,1,0,1437,0,0.0,1,1437,0,none,0,none,0,0,0,no_alert_unknown,no_alert_not_final_benign,-1,dns,port
2025-07-19T23:03:01.864961+0700,103.195.142.74,202.134.0.155,9491,53,UDP,flow,dns,917722651877225,,1,1,0,184,0,0.0,1,184,0,none,0,none,0,0,0,no_alert_unknown,no_alert_not_final_benign,-1,dns,app_proto+port
2025-07-19T23:03:01.864984+0700,103.195.142.195,87.98.154.119,53,35403,UDP,flow,failed,1169879601307621,,1,1,0,1437,0,0.0,1,1437,0,none,0,none,0,0,0,no_alert_unknown,no_alert_not_final_benign,-1,dns,port
2025-07-19T23:03:01.865004+0700,103.195.142.196,87.98.154.45,53,42807,UDP,flow,failed,570518208241638,,1,3,0,4311,0,9.0,3,4311,0,none,0,none,0,0,0,no_alert_unknown,no_alert_not_final_benign,-1,dns,port
2025-07-19T23:03:01.865032+0700,103.195.142.46,87.98.154.207,53,40949,UDP,flow,failed,332612412367214,,1,2,0,2874,0,10.0,2,2874,0,none,0,none,0,0,0,no_alert_unknown,no_alert_not_final_benign,-1,dns,port
2025-07-19T23:03:01.865059+0700,103.195.142.76,87.98.154.126,53,52078,UDP,flow,failed,1553715519873412,,1,1,0,1469,0,0.0,1,1469,0,none,0,none,0,0,0,no_alert_unknown,no_alert_not_final_benign,-1,dns,port
2025-07-19T23:03:01.865079+0700,103.195.142.196,87.98.154.118,53,36263,UDP,flow,failed,1408530557690245,,1,1,0,1437,0,0.0,1,1437,0,none,0,none,0,0,0,no_alert_unknown,no_alert_not_final_benign,-1,dns,port
2025-07-19T23:03:01.865114+0700,103.195.142.74,118.98.44.100,9815,53,UDP,flow,dns,1291788736258474,,1,1,0,98,0,0.0,1,98,0,none,0,none,0,0,0,no_alert_unknown,no_alert_not_final_benign,-1,dns,app_proto+port
2025-07-19T23:03:01.865178+0700,103.195.142.109,87.98.154.117,53,45802,UDP,flow,failed,1181669190459854,,1,1,0,1437,0,0.0,1,1437,0,none,0,none,0,0,0,no_alert_unknown,no_alert_not_final_benign,-1,dns,port
2025-07-19T23:03:01.865231+0700,103.195.142.74,118.98.44.20,19548,53,UDP,flow,dns,1470219342438985,,1,1,0,80,0,0.0,1,80,0,none,0,none,0,0,0,no_alert_unknown,no_alert_not_final_benign,-1,dns,app_proto+port
2025-07-19T23:03:01.865251+0700,103.195.142.46,87.98.154.63,53,55925,UDP,flow,failed,1016072226202328,,1,1,0,1437,0,0.0,1,1437,0,none,0,none,0,0,0,no_alert_unknown,no_alert_not_final_benign,-1,dns,port
2025-07-19T23:03:01.865291+0700,103.195.142.195,87.98.154.119,53,11514,UDP,flow,failed,1059277846602548,,1,1,0,1437,0,0.0,1,1437,0,none,0,none,0,0,0,no_alert_unknown,no_alert_not_final_benign,-1,dns,port
2025-07-19T23:03:01.865316+0700,103.195.142.196,87.98.154.73,53,37549,UDP,flow,failed,1447947274347373,,1,1,0,1437,0,0.0,1,1437,0,none,0,none,0,0,0,no_alert_unknown,no_alert_not_final_benign,-1,dns,port
2025-07-19T23:03:01.865335+0700,103.195.142.196,87.98.154.101,53,24445,UDP,flow,failed,1657457278837741,,1,1,0,1437,0,0.0,1,1437,0,none,0,none,0,0,0,no_alert_unknown,no_alert_not_final_benign,-1,dns,port
2025-07-19T23:03:01.865354+0700,103.195.142.195,87.98.154.119,53,48831,UDP,flow,failed,1469184415228954,,1,1,0,1437,0,0.0,1,1437,0,none,0,none,0,0,0,no_alert_unknown,no_alert_not_final_benign,-1,dns,port
2025-07-19T23:03:01.865372+0700,103.195.142.83,87.98.154.119,53,18516,UDP,flow,failed,1367694070703132,,1,1,0,1190,0,0.0,1,1190,0,none,0,none,0,0,0,no_alert_unknown,no_alert_not_final_benign,-1,dns,port
2025-07-19T23:03:01.865446+0700,103.195.142.165,87.98.154.119,53,18474,UDP,flow,failed,1262452839867504,,1,1,0,1437,0,0.0,1,1437,0,none,0,none,0,0,0,no_alert_unknown,no_alert_not_final_benign,-1,dns,port
2025-07-19T23:03:01.865465+0700,103.195.142.46,87.98.154.151,53,16981,UDP,flow,failed,969065309070456,,1,1,0,1437,0,0.0,1,1437,0,none,0,none,0,0,0,no_alert_unknown,no_alert_not_final_benign,-1,dns,port
2025-07-19T23:03:01.865488+0700,103.195.142.74,118.98.44.20,21382,53,UDP,flow,dns,1598314572801380,,1,1,0,243,0,0.0,1,243,0,none,0,none,0,0,0,no_alert_unknown,no_alert_not_final_benign,-1,dns,app_proto+port
2025-07-19T23:03:01.865508+0700,103.195.142.195,87.98.154.117,53,28285,UDP,flow,failed,1271753283266010,,1,1,0,1437,0,0.0,1,1437,0,none,0,none,0,0,0,no_alert_unknown,no_alert_not_final_benign,-1,dns,port
2025-07-19T23:03:01.865566+0700,103.195.142.83,87.98.154.194,53,53595,UDP,flow,failed,1342139519985203,,1,1,0,1190,0,0.0,1,1190,0,none,0,none,0,0,0,no_alert_unknown,no_alert_not_final_benign,-1,dns,port
2025-07-19T23:03:01.865596+0700,103.195.142.74,202.134.0.155,55766,53,UDP,flow,dns,1174543679219263,,1,1,0,232,0,0.0,1,232,0,none,0,none,0,0,0,no_alert_unknown,no_alert_not_final_benign,-1,dns,app_proto+port
2025-07-19T23:03:01.865640+0700,103.195.142.75,8.8.8.8,15579,53,UDP,flow,dns,949130212599676,,1,1,0,88,0,0.0,1,88,0,none,0,none,0,0,0,no_alert_unknown,no_alert_not_final_benign,-1,dns,app_proto+port
2025-07-19T23:03:01.865661+0700,103.195.142.74,118.98.44.20,50516,53,UDP,flow,dns,941942433638386,,1,1,0,75,0,0.0,1,75,0,none,0,none,0,0,0,no_alert_unknown,no_alert_not_final_benign,-1,dns,app_proto+port
2025-07-19T23:03:01.865708+0700,103.195.142.196,87.98.154.119,53,20729,UDP,flow,failed,873634174461963,,1,1,0,1437,0,0.0,1,1437,0,none,0,none,0,0,0,no_alert_unknown,no_alert_not_final_benign,-1,dns,port
2025-07-19T23:03:01.865755+0700,103.195.142.196,87.98.154.9,53,49898,UDP,flow,failed,1681904294357008,,1,1,0,1437,0,0.0,1,1437,0,none,0,none,0,0,0,no_alert_unknown,no_alert_not_final_benign,-1,dns,port
2025-07-19T23:03:01.865778+0700,103.195.142.83,87.98.154.119,53,6188,UDP,flow,failed,1437769923356737,,1,1,0,1190,0,0.0,1,1190,0,none,0,none,0,0,0,no_alert_unknown,no_alert_not_final_benign,-1,dns,port
2025-07-19T23:03:01.865797+0700,103.195.142.74,118.98.44.100,38753,53,UDP,flow,dns,983234272553066,,1,1,0,243,0,0.0,1,243,0,none,0,none,0,0,0,no_alert_unknown,no_alert_not_final_benign,-1,dns,app_proto+port
2025-07-19T23:03:01.865819+0700,103.195.142.74,202.134.0.155,25724,53,UDP,flow,dns,972647370451054,,1,1,0,232,0,0.0,1,232,0,none,0,none,0,0,0,no_alert_unknown,no_alert_not_final_benign,-1,dns,app_proto+port
2025-07-19T23:03:01.865847+0700,103.195.142.74,118.98.44.100,45853,53,UDP,flow,dns,1451182013606074,,1,1,0,68,0,0.0,1,68,0,none,0,none,0,0,0,no_alert_unknown,no_alert_not_final_benign,-1,dns,app_proto+port
2025-07-19T23:03:01.865868+0700,103.195.142.75,8.8.8.8,37716,53,UDP,flow,dns,1305298955135203,,1,1,0,68,0,0.0,1,68,0,none,0,none,0,0,0,no_alert_unknown,no_alert_not_final_benign,-1,dns,app_proto+port
2025-07-19T23:03:01.865911+0700,103.195.142.74,202.134.0.155,4533,53,UDP,flow,dns,1127918491265428,,1,1,0,90,0,0.0,1,90,0,none,0,none,0,0,0,no_alert_unknown,no_alert_not_final_benign,-1,dns,app_proto+port
2025-07-19T23:03:01.865963+0700,103.195.142.165,87.98.154.81,53,46120,UDP,flow,failed,965536438086752,,1,3,0,4311,0,10.0,3,4311,0,none,0,none,0,0,0,no_alert_unknown,no_alert_not_final_benign,-1,dns,port
2025-07-19T23:03:01.865983+0700,103.195.142.195,87.98.154.100,53,62906,UDP,flow,failed,1646477422750934,,1,1,0,1437,0,0.0,1,1437,0,none,0,none,0,0,0,no_alert_unknown,no_alert_not_final_benign,-1,dns,port
2025-07-19T23:03:01.866035+0700,103.195.142.83,87.98.154.62,53,54028,UDP,flow,failed,1207750476361022,,1,1,0,1190,0,0.0,1,1190,0,none,0,none,0,0,0,no_alert_unknown,no_alert_not_final_benign,-1,dns,port
2025-07-19T23:03:01.866105+0700,103.195.142.2,172.253.196.90,53,33640,UDP,flow,failed,1482004922363335,,1,1,0,135,0,0.0,1,135,0,none,0,none,0,0,0,no_alert_unknown,no_alert_not_final_benign,-1,dns,port
2025-07-19T23:03:01.866128+0700,103.195.142.46,87.98.154.67,53,58322,UDP,flow,failed,1628887578570226,,1,1,0,1437,0,0.0,1,1437,0,none,0,none,0,0,0,no_alert_unknown,no_alert_not_final_benign,-1,dns,port
2025-07-19T23:03:01.866174+0700,103.195.142.196,87.98.154.189,53,44785,UDP,flow,failed,1545795885592194,,1,1,0,1437,0,0.0,1,1437,0,none,0,none,0,0,0,no_alert_unknown,no_alert_not_final_benign,-1,dns,port
2025-07-19T23:03:01.866198+0700,103.195.142.74,118.98.44.50,8529,53,UDP,flow,dns,1274812282498770,,1,1,0,85,0,0.0,1,85,0,none,0,none,0,0,0,no_alert_unknown,no_alert_not_final_benign,-1,dns,app_proto+port
2025-07-19T23:03:01.866253+0700,103.195.142.196,87.98.154.119,53,13174,UDP,flow,failed,1495499763871897,,1,1,0,1437,0,0.0,1,1437,0,none,0,none,0,0,0,no_alert_unknown,no_alert_not_final_benign,-1,dns,port
2025-07-19T23:03:01.866272+0700,103.195.142.109,87.98.154.65,53,61587,UDP,flow,failed,1133169063948515,,1,1,0,1437,0,0.0,1,1437,0,none,0,none,0,0,0,no_alert_unknown,no_alert_not_final_benign,-1,dns,port
2025-07-19T23:03:01.866302+0700,103.195.142.74,118.98.44.20,43117,53,UDP,flow,dns,1318393391214936,,1,1,0,88,0,0.0,1,88,0,none,0,none,0,0,0,no_alert_unknown,no_alert_not_final_benign,-1,dns,app_proto+port
2025-07-19T23:03:01.866346+0700,103.195.142.46,87.98.154.119,53,12756,UDP,flow,failed,1517752303612868,,1,1,0,1437,0,0.0,1,1437,0,none,0,none,0,0,0,no_alert_unknown,no_alert_not_final_benign,-1,dns,port
2025-07-19T23:03:01.866476+0700,103.195.142.74,118.98.44.100,42857,53,UDP,flow,dns,1695216427529307,,1,1,0,89,0,0.0,1,89,0,none,0,none,0,0,0,no_alert_unknown,no_alert_not_final_benign,-1,dns,app_proto+port
2025-07-19T23:03:01.866761+0700,103.195.142.74,118.98.44.20,55116,53,UDP,dns,,1470913634945856,wire/pcap,0,0,0,0,0,0.0,0,0,0,none,0,none,0,0,0,no_alert_unknown,no_alert_not_final_benign,-1,dns,port
2025-07-19T23:03:01.874261+0700,103.195.142.74,118.98.44.100,21669,53,UDP,dns,,1503126348216262,wire/pcap,0,0,0,0,0,0.0,0,0,0,none,0,none,0,0,0,no_alert_unknown,no_alert_not_final_benign,-1,dns,port
2025-07-19T23:03:01.881257+0700,103.195.142.74,118.98.44.50,49000,53,UDP,dns,,1533171818695370,wire/pcap,0,0,0,0,0,0.0,0,0,0,none,0,none,0,0,0,no_alert_unknown,no_alert_not_final_benign,-1,dns,port
2025-07-19T23:03:01.885388+0700,103.195.142.74,118.98.44.50,16119,53,UDP,dns,,1550914349089184,wire/pcap,0,0,0,0,0,0.0,0,0,0,none,0,none,0,0,0,no_alert_unknown,no_alert_not_final_benign,-1,dns,port
2025-07-19T23:03:01.888451+0700,103.195.142.74,118.98.44.20,23979,53,UDP,dns,,1564068656748579,wire/pcap,0,0,0,0,0,0.0,0,0,0,none,0,none,0,0,0,no_alert_unknown,no_alert_not_final_benign,-1,dns,port
2025-07-19T23:03:01.890605+0700,103.195.142.74,118.98.44.50,7368,53,UDP,dns,,1573320340757840,wire/pcap,0,0,0,0,0,0.0,0,0,0,none,0,none,0,0,0,no_alert_unknown,no_alert_not_final_benign,-1,dns,port
2025-07-19T23:03:01.899356+0700,103.195.142.74,202.134.0.155,4891,53,UDP,dns,,1610907227154926,wire/pcap,0,0,0,0,0,0.0,0,0,0,none,0,none,0,0,0,no_alert_unknown,no_alert_not_final_benign,-1,dns,port
2025-07-19T23:03:01.922869+0700,103.195.142.108,8.8.8.8,1900,53,UDP,dns,,1216074754602613,wire/pcap,0,0,0,0,0,0.0,0,0,0,none,0,none,0,0,0,no_alert_unknown,no_alert_not_final_benign,-1,dns,port
2025-07-19T23:03:01.925826+0700,103.195.142.74,118.98.44.50,55546,53,UDP,dns,,1443120975942898,wire/pcap,0,0,0,0,0,0.0,0,0,0,none,0,none,0,0,0,no_alert_unknown,no_alert_not_final_benign,-1,dns,port
2025-07-19T23:03:01.925887+0700,103.195.142.75,8.8.8.8,29894,53,UDP,dns,,1443380841803660,wire/pcap,0,0,0,0,0,0.0,0,0,0,none,0,none,0,0,0,no_alert_unknown,no_alert_not_final_benign,-1,dns,port
2025-07-19T23:03:01.927685+0700,103.195.142.74,202.134.0.155,2771,53,UDP,dns,,1451105706208769,wire/pcap,0,0,0,0,0,0.0,0,0,0,none,0,none,0,0,0,no_alert_unknown,no_alert_not_final_benign,-1,dns,port
2025-07-19T23:03:01.931044+0700,103.195.142.74,118.98.44.50,52893,53,UDP,dns,,1465532138157161,wire/pcap,0,0,0,0,0,0.0,0,0,0,none,0,none,0,0,0,no_alert_unknown,no_alert_not_final_benign,-1,dns,port
2025-07-19T23:03:01.934403+0700,103.195.142.74,202.134.0.155,12575,53,UDP,dns,,1479956223727944,wire/pcap,0,0,0,0,0,0.0,0,0,0,none,0,none,0,0,0,no_alert_unknown,no_alert_not_final_benign,-1,dns,port
2025-07-19T23:03:01.936383+0700,103.195.142.74,118.98.44.100,58535,53,UDP,dns,,1488461060127854,wire/pcap,0,0,0,0,0,0.0,0,0,0,none,0,none,0,0,0,no_alert_unknown,no_alert_not_final_benign,-1,dns,port
2025-07-19T23:03:01.944943+0700,103.185.193.21,1.1.1.1,35402,53,UDP,dns,,1525228742391191,wire/pcap,0,0,0,0,0,0.0,0,0,0,none,0,none,0,0,0,no_alert_unknown,no_alert_not_final_benign,-1,dns,port
2025-07-19T23:03:01.960479+0700,103.195.142.74,202.134.0.155,29049,53,UDP,dns,,1591953306094670,wire/pcap,0,0,0,0,0,0.0,0,0,0,none,0,none,0,0,0,no_alert_unknown,no_alert_not_final_benign,-1,dns,port
2025-07-19T23:03:01.960757+0700,103.195.142.74,118.98.44.100,24454,53,UDP,dns,,1593148816782412,wire/pcap,0,0,0,0,0,0.0,0,0,0,none,0,none,0,0,0,no_alert_unknown,no_alert_not_final_benign,-1,dns,port
2025-07-19T23:03:01.974608+0700,103.195.142.74,118.98.44.50,30905,53,UDP,dns,,1652636011712970,wire/pcap,0,0,0,0,0,0.0,0,0,0,none,0,none,0,0,0,no_alert_unknown,no_alert_not_final_benign,-1,dns,port
2025-07-19T23:03:01.975922+0700,103.195.142.75,45.79.197.241,33512,53,UDP,dns,,1658279504844161,wire/pcap,0,0,0,0,0,0.0,0,0,0,none,0,none,0,0,0,no_alert_unknown,no_alert_not_final_benign,-1,dns,port
2025-07-19T23:03:01.977377+0700,103.195.142.74,118.98.44.100,64490,53,UDP,dns,,1664528685423107,wire/pcap,0,0,0,0,0,0.0,0,0,0,none,0,none,0,0,0,no_alert_unknown,no_alert_not_final_benign,-1,dns,port
2025-07-19T23:03:02.006144+0700,103.195.142.74,202.134.0.155,53733,53,UDP,dns,,1715241165111254,wire/pcap,0,0,0,0,0,0.0,0,0,0,none,0,none,0,0,0,no_alert_unknown,no_alert_not_final_benign,-1,dns,port
2025-07-19T23:03:02.010239+0700,103.195.142.75,185.67.45.231,25962,53,UDP,dns,,1732826580766766,wire/pcap,0,0,0,0,0,0.0,0,0,0,none,0,none,0,0,0,no_alert_unknown,no_alert_not_final_benign,-1,dns,port
2025-07-19T23:03:02.016248+0700,103.195.142.74,118.98.44.100,38999,53,UDP,dns,,1758637251443202,wire/pcap,0,0,0,0,0,0.0,0,0,0,none,0,none,0,0,0,no_alert_unknown,no_alert_not_final_benign,-1,dns,port
2025-07-19T23:03:02.025943+0700,103.195.142.75,8.8.8.8,60918,53,UDP,dns,,1800276923397396,wire/pcap,0,0,0,0,0,0.0,0,0,0,none,0,none,0,0,0,no_alert_unknown,no_alert_not_final_benign,-1,dns,port
2025-07-19T23:03:02.038335+0700,103.195.142.74,118.98.44.100,35788,53,UDP,dns,,1853498436726822,wire/pcap,0,0,0,0,0,0.0,0,0,0,none,0,none,0,0,0,no_alert_unknown,no_alert_not_final_benign,-1,dns,port
2025-07-19T23:03:02.043860+0700,103.195.142.74,118.98.44.100,39451,53,UDP,dns,,1877228998789963,wire/pcap,0,0,0,0,0,0.0,0,0,0,none,0,none,0,0,0,no_alert_unknown,no_alert_not_final_benign,-1,dns,port
2025-07-19T23:03:02.057011+0700,103.195.142.74,118.98.44.50,26568,53,UDP,dns,,1933710834018141,wire/pcap,0,0,0,0,0,0.0,0,0,0,none,0,none,0,0,0,no_alert_unknown,no_alert_not_final_benign,-1,dns,port
2025-07-19T23:03:02.166836+0700,103.195.142.75,8.8.8.8,61811,53,UDP,dns,,1842456129004054,wire/pcap,0,0,0,0,0,0.0,0,0,0,none,0,none,0,0,0,no_alert_unknown,no_alert_not_final_benign,-1,dns,port
2025-07-19T23:03:02.166901+0700,103.195.142.74,118.98.44.50,62924,53,UDP,dns,,1842736546015142,wire/pcap,0,0,0,0,0,0.0,0,0,0,none,0,none,0,0,0,no_alert_unknown,no_alert_not_final_benign,-1,dns,port
2025-07-19T23:03:02.170918+0700,103.195.142.74,118.98.44.50,17216,53,UDP,dns,,1859989970076746,wire/pcap,0,0,0,0,0,0.0,0,0,0,none,0,none,0,0,0,no_alert_unknown,no_alert_not_final_benign,-1,dns,port
2025-07-19T23:03:02.188358+0700,103.195.142.75,8.8.8.8,13830,53,UDP,dns,,1934892762822557,wire/pcap,0,0,0,0,0,0.0,0,0,0,none,0,none,0,0,0,no_alert_unknown,no_alert_not_final_benign,-1,dns,port
2025-07-19T23:03:02.240384+0700,103.195.142.74,118.98.44.50,46209,53,UDP,dns,,1876868155054454,wire/pcap,0,0,0,0,0,0.0,0,0,0,none,0,none,0,0,0,no_alert_unknown,no_alert_not_final_benign,-1,dns,port
2025-07-19T23:03:02.240668+0700,103.195.142.74,118.98.44.100,64619,53,UDP,dns,,1878089869153249,wire/pcap,0,0,0,0,0,0.0,0,0,0,none,0,none,0,0,0,no_alert_unknown,no_alert_not_final_benign,-1,dns,port
2025-07-19T23:03:02.240881+0700,103.195.142.74,118.98.44.100,47821,53,UDP,dns,,1879005125804064,wire/pcap,0,0,0,0,0,0.0,0,0,0,none,0,none,0,0,0,no_alert_unknown,no_alert_not_final_benign,-1,dns,port
2025-07-19T23:03:02.241248+0700,103.195.142.74,118.98.44.50,40991,53,UDP,dns,,1880578997023195,wire/pcap,0,0,0,0,0,0.0,0,0,0,none,0,none,0,0,0,no_alert_unknown,no_alert_not_final_benign,-1,dns,port
2025-07-19T23:03:02.264508+0700,103.195.142.74,118.98.44.20,16164,53,UDP,dns,,1699005376250509,wire/pcap,0,0,0,0,0,0.0,0,0,0,none,0,none,0,0,0,no_alert_unknown,no_alert_not_final_benign,-1,dns,port
2025-07-19T23:03:02.389802+0700,103.195.142.74,118.98.44.50,46586,53,UDP,dns,,1955665791144936,wire/pcap,0,0,0,0,0,0.0,0,0,0,none,0,none,0,0,0,no_alert_unknown,no_alert_not_final_benign,-1,dns,port
2025-07-19T23:03:02.396443+0700,103.195.142.74,118.98.44.20,50352,53,UDP,dns,,1702713223848182,wire/pcap,0,0,0,0,0,0.0,0,0,0,none,0,none,0,0,0,no_alert_unknown,no_alert_not_final_benign,-1,dns,port
2025-07-19T23:03:02.409808+0700,103.195.142.74,118.98.44.100,63850,53,UDP,dns,,1760115583941592,wire/pcap,0,0,0,0,0,0.0,0,0,0,none,0,none,0,0,0,no_alert_unknown,no_alert_not_final_benign,-1,dns,port
2025-07-19T23:03:02.410356+0700,103.195.142.74,202.134.0.155,59733,53,UDP,dns,,1762467360985396,wire/pcap,0,0,0,0,0,0.0,0,0,0,none,0,none,0,0,0,no_alert_unknown,no_alert_not_final_benign,-1,dns,port
2025-07-19T23:03:02.428151+0700,103.195.142.74,118.98.44.50,10796,53,UDP,dns,,1838896080030967,wire/pcap,0,0,0,0,0,0.0,0,0,0,none,0,none,0,0,0,no_alert_unknown,no_alert_not_final_benign,-1,dns,port
2025-07-19T23:03:02.434468+0700,103.195.142.74,118.98.44.20,51520,53,UDP,dns,,1866026705856880,wire/pcap,0,0,0,0,0,0.0,0,0,0,none,0,none,0,0,0,no_alert_unknown,no_alert_not_final_benign,-1,dns,port
2025-07-19T23:03:02.435622+0700,103.195.142.74,118.98.44.20,43298,53,UDP,dns,,1870983744500524,wire/pcap,0,0,0,0,0,0.0,0,0,0,none,0,none,0,0,0,no_alert_unknown,no_alert_not_final_benign,-1,dns,port
2025-07-19T23:03:02.448613+0700,103.195.142.74,118.98.44.20,31900,53,UDP,dns,,1926780244351734,wire/pcap,0,0,0,0,0,0.0,0,0,0,none,0,none,0,0,0,no_alert_unknown,no_alert_not_final_benign,-1,dns,port
2025-07-19T23:03:02.454828+0700,103.195.142.75,8.8.8.8,12999,53,UDP,dns,,1953473640069561,wire/pcap,0,0,0,0,0,0.0,0,0,0,none,0,none,0,0,0,no_alert_unknown,no_alert_not_final_benign,-1,dns,port
2025-07-19T23:03:02.457153+0700,103.195.142.74,118.98.44.100,25014,53,UDP,dns,,1963460032584373,wire/pcap,0,0,0,0,0,0.0,0,0,0,none,0,none,0,0,0,no_alert_unknown,no_alert_not_final_benign,-1,dns,port
2025-07-19T23:03:02.471075+0700,103.195.142.75,8.8.8.8,5880,53,UDP,dns,,1741780266598265,wire/pcap,0,0,0,0,0,0.0,0,0,0,none,0,none,0,0,0,no_alert_unknown,no_alert_not_final_benign,-1,dns,port
2025-07-19T23:03:02.471157+0700,103.195.142.74,118.98.44.100,47755,53,UDP,dns,,1742130815760022,wire/pcap,0,0,0,0,0,0.0,0,0,0,none,0,none,0,0,0,no_alert_unknown,no_alert_not_final_benign,-1,dns,port
2025-07-19T23:03:02.473999+0700,103.195.142.46,87.98.154.119,53,23451,UDP,flow,failed,1864741455055150,,1,1,0,1437,0,0.0,1,1437,0,none,0,none,0,0,0,no_alert_unknown,no_alert_not_final_benign,-1,dns,port
2025-07-19T23:03:02.494396+0700,103.195.142.74,202.134.0.155,42693,53,UDP,dns,,1841940735529699,wire/pcap,0,0,0,0,0,0.0,0,0,0,none,0,none,0,0,0,no_alert_unknown,no_alert_not_final_benign,-1,dns,port
2025-07-19T23:03:02.514836+0700,103.195.142.74,34.8.38.57,32964,53,UDP,dns,,1929730320873292,wire/pcap,0,0,0,0,0,0.0,0,0,0,none,0,none,0,0,0,no_alert_unknown,no_alert_not_final_benign,-1,dns,port
2025-07-19T23:03:02.541147+0700,103.195.142.74,34.8.196.142,3319,53,UDP,dns,,1761260986231800,wire/pcap,0,0,0,0,0,0.0,0,0,0,none,0,none,0,0,0,no_alert_unknown,no_alert_not_final_benign,-1,dns,port
2025-07-19T23:03:02.548067+0700,103.195.142.75,8.8.8.8,32008,53,UDP,dns,,1790980448638402,wire/pcap,0,0,0,0,0,0.0,0,0,0,none,0,none,0,0,0,no_alert_unknown,no_alert_not_final_benign,-1,dns,port
2025-07-19T23:03:02.567444+0700,103.195.142.74,118.98.44.50,44168,53,UDP,dns,,1874204646596567,wire/pcap,0,0,0,0,0,0.0,0,0,0,none,0,none,0,0,0,no_alert_unknown,no_alert_not_final_benign,-1,dns,port
2025-07-19T23:03:02.575367+0700,103.195.142.74,118.98.44.50,46063,53,UDP,dns,,1908234911395068,wire/pcap,0,0,0,0,0,0.0,0,0,0,none,0,none,0,0,0,no_alert_unknown,no_alert_not_final_benign,-1,dns,port
2025-07-19T23:03:02.581880+0700,103.195.142.74,50.28.102.86,43095,53,UDP,dns,,1936207818794874,wire/pcap,0,0,0,0,0,0.0,0,0,0,none,0,none,0,0,0,no_alert_unknown,no_alert_not_final_benign,-1,dns,port
2025-07-19T23:03:02.601238+0700,103.195.142.74,118.98.44.100,1485,53,UDP,dns,,1737875674940932,wire/pcap,0,0,0,0,0,0.0,0,0,0,none,0,none,0,0,0,no_alert_unknown,no_alert_not_final_benign,-1,dns,port
2025-07-19T23:03:02.604646+0700,103.195.142.75,8.8.8.8,26601,53,UDP,flow,dns,2126012305078055,,1,1,0,96,0,0.0,1,96,0,none,0,none,0,0,0,no_alert_unknown,no_alert_not_final_benign,-1,dns,app_proto+port
2025-07-19T23:03:02.617542+0700,103.195.142.75,8.8.8.8,10031,53,UDP,dns,,1807898156626343,wire/pcap,0,0,0,0,0,0.0,0,0,0,none,0,none,0,0,0,no_alert_unknown,no_alert_not_final_benign,-1,dns,port
2025-07-19T23:03:02.640677+0700,103.195.142.74,118.98.44.20,46001,53,UDP,dns,,1907265572358120,wire/pcap,0,0,0,0,0,0.0,0,0,0,none,0,none,0,0,0,no_alert_unknown,no_alert_not_final_benign,-1,dns,port
2025-07-19T23:03:02.640768+0700,103.195.142.74,118.98.44.100,38159,53,UDP,dns,,1907655585057693,wire/pcap,0,0,0,0,0,0.0,0,0,0,none,0,none,0,0,0,no_alert_unknown,no_alert_not_final_benign,-1,dns,port
2025-07-19T23:03:02.674076+0700,103.195.142.74,34.8.38.57,63604,53,UDP,dns,,1769238735061087,wire/pcap,0,0,0,0,0,0.0,0,0,0,none,0,none,0,0,0,no_alert_unknown,no_alert_not_final_benign,-1,dns,port
2025-07-19T23:03:02.690401+0700,103.195.142.74,118.98.44.100,25025,53,UDP,dns,,1839352854771675,wire/pcap,0,0,0,0,0,0.0,0,0,0,none,0,none,0,0,0,no_alert_unknown,no_alert_not_final_benign,-1,dns,port
2025-07-19T23:03:02.700461+0700,103.195.142.74,34.8.196.142,11203,53,UDP,dns,,1882561062550394,wire/pcap,0,0,0,0,0,0.0,0,0,0,none,0,none,0,0,0,no_alert_unknown,no_alert_not_final_benign,-1,dns,port
2025-07-19T23:03:02.706099+0700,103.195.142.75,185.67.45.231,41811,53,UDP,dns,,1906774335731921,wire/pcap,0,0,0,0,0,0.0,0,0,0,none,0,none,0,0,0,no_alert_unknown,no_alert_not_final_benign,-1,dns,port
2025-07-19T23:03:02.709378+0700,103.195.142.74,8.8.8.8,52094,53,UDP,dns,,1920856071393638,wire/pcap,0,0,0,0,0,0.0,0,0,0,none,0,none,0,0,0,no_alert_unknown,no_alert_not_final_benign,-1,dns,port
2025-07-19T23:03:02.709390+0700,103.195.142.74,202.134.0.155,27500,53,UDP,dns,,1920911130359482,wire/pcap,0,0,0,0,0,0.0,0,0,0,none,0,none,0,0,0,no_alert_unknown,no_alert_not_final_benign,-1,dns,port
2025-07-19T23:03:02.709531+0700,103.195.142.74,118.98.44.50,48819,53,UDP,dns,,1921514842342858,wire/pcap,0,0,0,0,0,0.0,0,0,0,none,0,none,0,0,0,no_alert_unknown,no_alert_not_final_benign,-1,dns,port
2025-07-19T23:03:02.710171+0700,103.195.142.74,118.98.44.50,12314,53,UDP,dns,,1924261731304988,wire/pcap,0,0,0,0,0,0.0,0,0,0,none,0,none,0,0,0,no_alert_unknown,no_alert_not_final_benign,-1,dns,port
2025-07-19T23:03:02.710752+0700,103.195.142.74,118.98.44.20,59851,53,UDP,dns,,1926760651971053,wire/pcap,0,0,0,0,0,0.0,0,0,0,none,0,none,0,0,0,no_alert_unknown,no_alert_not_final_benign,-1,dns,port
2025-07-19T23:03:02.719560+0700,103.195.142.75,8.8.8.8,24298,53,UDP,dns,,1964590876086951,wire/pcap,0,0,0,0,0,0.0,0,0,0,none,0,none,0,0,0,no_alert_unknown,no_alert_not_final_benign,-1,dns,port
2025-07-19T23:03:02.726876+0700,103.195.142.74,202.134.0.155,36695,53,UDP,dns,,1714535239374150,wire/pcap,0,0,0,0,0,0.0,0,0,0,none,0,none,0,0,0,no_alert_unknown,no_alert_not_final_benign,-1,dns,port
2025-07-19T23:03:02.744241+0700,103.195.142.75,8.8.8.8,56219,53,UDP,dns,,1789117683258843,wire/pcap,0,0,0,0,0,0.0,0,0,0,none,0,none,0,0,0,no_alert_unknown,no_alert_not_final_benign,-1,dns,port
2025-07-19T23:03:02.750019+0700,103.195.142.74,118.98.44.20,45708,53,UDP,dns,,1813933455951654,wire/pcap,0,0,0,0,0,0.0,0,0,0,none,0,none,0,0,0,no_alert_unknown,no_alert_not_final_benign,-1,dns,port
2025-07-19T23:03:02.753984+0700,103.195.142.75,185.67.45.231,1504,53,UDP,dns,,1830963328439337,wire/pcap,0,0,0,0,0,0.0,0,0,0,none,0,none,0,0,0,no_alert_unknown,no_alert_not_final_benign,-1,dns,port
2025-07-19T23:03:02.760466+0700,103.195.142.74,202.134.0.155,49199,53,UDP,dns,,1858805917545708,wire/pcap,0,0,0,0,0,0.0,0,0,0,none,0,none,0,0,0,no_alert_unknown,no_alert_not_final_benign,-1,dns,port
2025-07-19T23:03:02.769769+0700,103.195.142.83,87.98.154.38,53,53369,UDP,flow,failed,1717777540304186,,1,1,0,1190,0,0.0,1,1190,0,none,0,none,0,0,0,no_alert_unknown,no_alert_not_final_benign,-1,dns,port
2025-07-19T23:03:02.772915+0700,103.195.142.74,118.98.44.100,43679,53,UDP,dns,,1912273330767444,wire/pcap,0,0,0,0,0,0.0,0,0,0,none,0,none,0,0,0,no_alert_unknown,no_alert_not_final_benign,-1,dns,port
2025-07-19T23:03:02.798609+0700,103.195.142.74,118.98.44.50,9813,53,UDP,dns,,1741151405955596,wire/pcap,0,0,0,0,0,0.0,0,0,0,none,0,none,0,0,0,no_alert_unknown,no_alert_not_final_benign,-1,dns,port
2025-07-19T23:03:02.807019+0700,103.195.142.74,118.98.44.50,64538,53,UDP,dns,,1777271591472471,wire/pcap,0,0,0,0,0,0.0,0,0,0,none,0,none,0,0,0,no_alert_unknown,no_alert_not_final_benign,-1,dns,port
2025-07-19T23:03:02.816004+0700,103.195.142.74,202.134.0.155,3549,53,UDP,dns,,1815861075381620,wire/pcap,0,0,0,0,0,0.0,0,0,0,none,0,none,0,0,0,no_alert_unknown,no_alert_not_final_benign,-1,dns,port
2025-07-19T23:03:02.842825+0700,103.195.142.46,87.98.154.7,53,22214,UDP,flow,failed,1274594399155381,,1,1,0,1437,0,0.0,1,1437,0,none,0,none,0,0,0,no_alert_unknown,no_alert_not_final_benign,-1,dns,port
2025-07-19T23:03:02.842895+0700,103.195.142.76,87.98.154.202,53,24919,UDP,flow,failed,1466573002700005,,1,1,0,1469,0,0.0,1,1469,0,none,0,none,0,0,0,no_alert_unknown,no_alert_not_final_benign,-1,dns,port
2025-07-19T23:03:02.842920+0700,103.195.142.196,87.98.154.185,53,10183,UDP,flow,failed,1256219013412125,,1,1,0,1437,0,0.0,1,1437,0,none,0,none,0,0,0,no_alert_unknown,no_alert_not_final_benign,-1,dns,port
2025-07-19T23:03:02.842955+0700,103.195.142.76,87.98.154.38,53,46772,UDP,flow,failed,1662963731854789,,1,1,0,1469,0,0.0,1,1469,0,none,0,none,0,0,0,no_alert_unknown,no_alert_not_final_benign,-1,dns,port
2025-07-19T23:03:02.843132+0700,103.195.142.74,118.98.44.100,8733,53,UDP,flow,dns,1896709814679190,,1,1,0,108,0,0.0,1,108,0,none,0,none,0,0,0,no_alert_unknown,no_alert_not_final_benign,-1,dns,app_proto+port
2025-07-19T23:03:02.843192+0700,103.195.142.165,87.98.154.119,53,49643,UDP,flow,failed,1334627938400077,,1,1,0,1437,0,0.0,1,1437,0,none,0,none,0,0,0,no_alert_unknown,no_alert_not_final_benign,-1,dns,port
2025-07-19T23:03:02.843215+0700,103.195.142.165,87.98.154.165,53,33135,UDP,flow,failed,1782165991978872,,1,1,0,1437,0,0.0,1,1437,0,none,0,none,0,0,0,no_alert_unknown,no_alert_not_final_benign,-1,dns,port
2025-07-19T23:03:02.843235+0700,103.195.142.109,87.98.154.117,53,36083,UDP,flow,failed,1566487609735083,,1,1,0,1437,0,0.0,1,1437,0,none,0,none,0,0,0,no_alert_unknown,no_alert_not_final_benign,-1,dns,port
2025-07-19T23:03:02.843255+0700,103.195.142.74,118.98.44.50,49166,53,UDP,flow,dns,1282737484331028,,1,1,0,243,0,0.0,1,243,0,none,0,none,0,0,0,no_alert_unknown,no_alert_not_final_benign,-1,dns,app_proto+port
2025-07-19T23:03:02.843276+0700,103.195.142.109,87.98.154.65,53,9021,UDP,flow,failed,1333034362140737,,1,3,0,4311,0,10.0,3,4311,0,none,0,none,0,0,0,no_alert_unknown,no_alert_not_final_benign,-1,dns,port
2025-07-19T23:03:02.843371+0700,103.195.142.74,118.98.44.100,28756,53,UDP,flow,dns,1378780885285069,,1,1,0,113,0,0.0,1,113,0,none,0,none,0,0,0,no_alert_unknown,no_alert_not_final_benign,-1,dns,app_proto+port
2025-07-19T23:03:02.843411+0700,103.195.142.165,87.98.154.129,53,54026,UDP,flow,failed,1259009134950914,,1,1,0,1437,0,0.0,1,1437,0,none,0,none,0,0,0,no_alert_unknown,no_alert_not_final_benign,-1,dns,port
2025-07-19T23:03:02.843451+0700,103.195.142.74,118.98.44.50,47227,53,UDP,flow,dns,1632737897937453,,1,1,0,214,0,0.0,1,214,0,none,0,none,0,0,0,no_alert_unknown,no_alert_not_final_benign,-1,dns,app_proto+port
2025-07-19T23:03:02.843516+0700,103.195.142.76,87.98.154.174,53,60773,UDP,flow,failed,1516044317555274,,1,1,0,1469,0,0.0,1,1469,0,none,0,none,0,0,0,no_alert_unknown,no_alert_not_final_benign,-1,dns,port
2025-07-19T23:03:02.843535+0700,103.195.142.165,87.98.154.193,53,43929,UDP,flow,failed,1367041605630643,,1,1,0,1437,0,0.0,1,1437,0,none,0,none,0,0,0,no_alert_unknown,no_alert_not_final_benign,-1,dns,port
2025-07-19T23:03:02.843583+0700,103.195.142.75,8.8.8.8,57649,53,UDP,flow,dns,1267127795383133,,1,1,0,93,0,0.0,1,93,0,none,0,none,0,0,0,no_alert_unknown,no_alert_not_final_benign,-1,dns,app_proto+port
2025-07-19T23:03:02.843622+0700,103.195.142.75,8.8.8.8,32933,53,UDP,flow,dns,40454998129628,,1,2,0,456,0,4.0,2,456,0,none,0,none,0,0,0,no_alert_unknown,no_alert_not_final_benign,-1,dns,app_proto+port
2025-07-19T23:03:02.843644+0700,103.195.142.75,8.8.8.8,23342,53,UDP,flow,dns,1929876000668688,,1,1,0,68,0,0.0,1,68,0,none,0,none,0,0,0,no_alert_unknown,no_alert_not_final_benign,-1,dns,app_proto+port
2025-07-19T23:03:02.843682+0700,103.195.142.74,118.98.44.20,32828,53,UDP,flow,dns,1176122448608344,,1,1,0,79,0,0.0,1,79,0,none,0,none,0,0,0,no_alert_unknown,no_alert_not_final_benign,-1,dns,app_proto+port
2025-07-19T23:03:02.843703+0700,103.195.142.165,87.98.154.25,53,41066,UDP,flow,failed,1423679274155147,,1,1,0,1437,0,0.0,1,1437,0,none,0,none,0,0,0,no_alert_unknown,no_alert_not_final_benign,-1,dns,port
2025-07-19T23:03:02.843722+0700,103.195.142.83,87.98.154.138,53,17268,UDP,flow,failed,1418680806735049,,1,1,0,1190,0,0.0,1,1190,0,none,0,none,0,0,0,no_alert_unknown,no_alert_not_final_benign,-1,dns,port
2025-07-19T23:03:02.843791+0700,103.195.142.195,87.98.154.96,53,60704,UDP,flow,failed,1462599692516914,,1,1,0,1437,0,0.0,1,1437,0,none,0,none,0,0,0,no_alert_unknown,no_alert_not_final_benign,-1,dns,port
2025-07-19T23:03:02.843812+0700,103.195.142.74,202.134.0.155,28724,53,UDP,flow,dns,1676717220691522,,1,1,0,84,0,0.0,1,84,0,none,0,none,0,0,0,no_alert_unknown,no_alert_not_final_benign,-1,dns,app_proto+port
2025-07-19T23:03:02.843847+0700,103.195.142.109,87.98.154.119,53,39164,UDP,flow,failed,1823500523798169,,1,1,0,1437,0,0.0,1,1437,0,none,0,none,0,0,0,no_alert_unknown,no_alert_not_final_benign,-1,dns,port
2025-07-19T23:03:02.843893+0700,103.195.142.74,202.134.0.155,9745,53,UDP,flow,dns,1175242873372339,,1,1,0,84,0,0.0,1,84,0,none,0,none,0,0,0,no_alert_unknown,no_alert_not_final_benign,-1,dns,app_proto+port
2025-07-19T23:03:02.843959+0700,103.195.142.74,118.98.44.20,53019,53,UDP,flow,dns,1580913531748059,,1,1,0,74,0,0.0,1,74,0,none,0,none,0,0,0,no_alert_unknown,no_alert_not_final_benign,-1,dns,app_proto+port
2025-07-19T23:03:02.843980+0700,103.195.142.74,202.134.0.155,19717,53,UDP,flow,dns,1866732574539552,,1,1,0,75,0,0.0,1,75,0,none,0,none,0,0,0,no_alert_unknown,no_alert_not_final_benign,-1,dns,app_proto+port
2025-07-19T23:03:02.844096+0700,103.195.142.196,87.98.154.119,53,2749,UDP,flow,failed,1902586590592953,,1,1,0,1437,0,0.0,1,1437,0,none,0,none,0,0,0,no_alert_unknown,no_alert_not_final_benign,-1,dns,port
2025-07-19T23:03:02.844160+0700,103.195.142.74,202.134.0.155,52720,53,UDP,flow,dns,1577448153874370,,1,1,0,87,0,0.0,1,87,0,none,0,none,0,0,0,no_alert_unknown,no_alert_not_final_benign,-1,dns,app_proto+port
2025-07-19T23:03:02.844184+0700,103.195.142.46,87.98.154.119,53,31186,UDP,flow,failed,1464661929558071,,1,1,0,1437,0,0.0,1,1437,0,none,0,none,0,0,0,no_alert_unknown,no_alert_not_final_benign,-1,dns,port
2025-07-19T23:03:02.844206+0700,103.195.142.46,87.98.154.119,53,46422,UDP,flow,failed,1791816756559953,,1,1,0,1437,0,0.0,1,1437,0,none,0,none,0,0,0,no_alert_unknown,no_alert_not_final_benign,-1,dns,port
2025-07-19T23:03:02.844249+0700,103.195.142.46,87.98.154.95,53,48496,UDP,flow,failed,2109025267089658,,1,2,0,2874,0,7.0,2,2874,0,none,0,none,0,0,0,no_alert_unknown,no_alert_not_final_benign,-1,dns,port
2025-07-19T23:03:02.844267+0700,103.195.142.74,118.98.44.50,6372,53,UDP,flow,dns,1830888007139644,,1,1,0,104,0,0.0,1,104,0,none,0,none,0,0,0,no_alert_unknown,no_alert_not_final_benign,-1,dns,app_proto+port
2025-07-19T23:03:02.844295+0700,103.195.142.46,87.98.154.119,53,61797,UDP,flow,failed,1743843937943887,,1,1,0,1437,0,0.0,1,1437,0,none,0,none,0,0,0,no_alert_unknown,no_alert_not_final_benign,-1,dns,port
2025-07-19T23:03:02.844358+0700,103.195.142.165,87.98.154.119,53,51140,UDP,flow,failed,1311965182820894,,1,1,0,1437,0,0.0,1,1437,0,none,0,none,0,0,0,no_alert_unknown,no_alert_not_final_benign,-1,dns,port
2025-07-19T23:03:02.844378+0700,103.195.142.75,8.8.8.8,60294,53,UDP,flow,dns,1357021535339058,,1,1,0,88,0,0.0,1,88,0,none,0,none,0,0,0,no_alert_unknown,no_alert_not_final_benign,-1,dns,app_proto+port
2025-07-19T23:03:02.844427+0700,103.195.142.74,118.98.44.50,52183,53,UDP,flow,dns,1301890654208723,,1,1,0,89,0,0.0,1,89,0,none,0,none,0,0,0,no_alert_unknown,no_alert_not_final_benign,-1,dns,app_proto+port
2025-07-19T23:03:02.844448+0700,103.195.142.165,87.98.154.125,53,35834,UDP,flow,failed,1575240995767051,,1,1,0,1437,0,0.0,1,1437,0,none,0,none,0,0,0,no_alert_unknown,no_alert_not_final_benign,-1,dns,port
2025-07-19T23:03:02.844514+0700,103.195.142.46,87.98.154.179,53,33362,UDP,flow,failed,1917380935287812,,1,1,0,1437,0,0.0,1,1437,0,none,0,none,0,0,0,no_alert_unknown,no_alert_not_final_benign,-1,dns,port
2025-07-19T23:03:02.844549+0700,103.195.142.74,202.134.0.155,57736,53,UDP,flow,dns,1240634607666185,,1,1,0,68,0,0.0,1,68,0,none,0,none,0,0,0,no_alert_unknown,no_alert_not_final_benign,-1,dns,app_proto+port
2025-07-19T23:03:02.844671+0700,103.195.142.74,118.98.44.50,6471,53,UDP,flow,dns,1718595524887588,,1,1,0,68,0,0.0,1,68,0,none,0,none,0,0,0,no_alert_unknown,no_alert_not_final_benign,-1,dns,app_proto+port
2025-07-19T23:03:02.844694+0700,103.195.142.195,87.98.154.52,53,56118,UDP,flow,failed,1183925228864657,,1,1,0,1437,0,0.0,1,1437,0,none,0,none,0,0,0,no_alert_unknown,no_alert_not_final_benign,-1,dns,port
2025-07-19T23:03:02.844714+0700,103.195.142.74,118.98.44.50,42834,53,UDP,flow,dns,1774679312499941,,1,1,0,68,0,0.0,1,68,0,none,0,none,0,0,0,no_alert_unknown,no_alert_not_final_benign,-1,dns,app_proto+port
2025-07-19T23:03:02.844734+0700,103.195.142.196,87.98.154.117,53,1435,UDP,flow,failed,1887310445085932,,1,1,0,1437,0,0.0,1,1437,0,none,0,none,0,0,0,no_alert_unknown,no_alert_not_final_benign,-1,dns,port
2025-07-19T23:03:02.844753+0700,103.195.142.3,13.105.80.78,53,5543,UDP,flow,failed,1375363164079401,,1,1,0,182,0,0.0,1,182,0,none,0,none,0,0,0,no_alert_unknown,no_alert_not_final_benign,-1,dns,port
2025-07-19T23:03:02.844799+0700,103.195.142.165,87.98.154.118,53,61475,UDP,flow,failed,1675539871827324,,1,1,0,1437,0,0.0,1,1437,0,none,0,none,0,0,0,no_alert_unknown,no_alert_not_final_benign,-1,dns,port
2025-07-19T23:03:02.844839+0700,103.195.142.109,87.98.154.118,53,34915,UDP,flow,failed,1766962832868809,,1,1,0,1437,0,0.0,1,1437,0,none,0,none,0,0,0,no_alert_unknown,no_alert_not_final_benign,-1,dns,port
2025-07-19T23:03:02.844924+0700,103.195.142.109,87.98.154.118,53,59852,UDP,flow,failed,1595570981897979,,1,1,0,1437,0,0.0,1,1437,0,none,0,none,0,0,0,no_alert_unknown,no_alert_not_final_benign,-1,dns,port
2025-07-19T23:03:02.844948+0700,103.195.142.74,118.98.44.50,37817,53,UDP,flow,dns,1916708619290372,,1,1,0,90,0,0.0,1,90,0,none,0,none,0,0,0,no_alert_unknown,no_alert_not_final_benign,-1,dns,app_proto+port
2025-07-19T23:03:02.844969+0700,103.195.142.75,8.8.8.8,43418,53,UDP,flow,dns,1545118559569809,,1,1,0,77,0,0.0,1,77,0,none,0,none,0,0,0,no_alert_unknown,no_alert_not_final_benign,-1,dns,app_proto+port
2025-07-19T23:03:02.844989+0700,103.195.142.83,87.98.154.119,53,29540,UDP,flow,failed,1399726720026524,,1,1,0,1190,0,0.0,1,1190,0,none,0,none,0,0,0,no_alert_unknown,no_alert_not_final_benign,-1,dns,port
2025-07-19T23:03:02.845008+0700,103.195.142.195,87.98.154.119,53,32223,UDP,flow,failed,1383350800091098,,1,1,0,1437,0,0.0,1,1437,0,none,0,none,0,0,0,no_alert_unknown,no_alert_not_final_benign,-1,dns,port
2025-07-19T23:03:02.845026+0700,103.195.142.195,87.98.154.20,53,64179,UDP,flow,failed,1258070009251988,,1,1,0,1437,0,0.0,1,1437,0,none,0,none,0,0,0,no_alert_unknown,no_alert_not_final_benign,-1,dns,port
2025-07-19T23:03:02.845044+0700,103.195.142.76,87.98.154.66,53,43798,UDP,flow,failed,1820684148476129,,1,1,0,1469,0,0.0,1,1469,0,none,0,none,0,0,0,no_alert_unknown,no_alert_not_final_benign,-1,dns,port
2025-07-19T23:03:02.845063+0700,103.195.142.74,118.98.44.50,7286,53,UDP,flow,dns,1860349382887651,,1,1,0,82,0,0.0,1,82,0,none,0,none,0,0,0,no_alert_unknown,no_alert_not_final_benign,-1,dns,app_proto+port
2025-07-19T23:03:02.845084+0700,103.195.142.195,87.98.154.192,53,9150,UDP,flow,failed,1802669417367839,,1,1,0,1437,0,0.0,1,1437,0,none,0,none,0,0,0,no_alert_unknown,no_alert_not_final_benign,-1,dns,port
2025-07-19T23:03:02.845126+0700,103.195.142.109,87.98.154.119,53,59476,UDP,flow,failed,1677479697910055,,1,1,0,1437,0,0.0,1,1437,0,none,0,none,0,0,0,no_alert_unknown,no_alert_not_final_benign,-1,dns,port
2025-07-19T23:03:02.845145+0700,103.195.142.76,87.98.154.38,53,26180,UDP,flow,failed,1645731638479198,,1,1,0,1469,0,0.0,1,1469,0,none,0,none,0,0,0,no_alert_unknown,no_alert_not_final_benign,-1,dns,port
2025-07-19T23:03:02.845164+0700,103.195.142.74,202.134.0.155,6356,53,UDP,flow,dns,1846869392165293,,1,1,0,109,0,0.0,1,109,0,none,0,none,0,0,0,no_alert_unknown,no_alert_not_final_benign,-1,dns,app_proto+port
2025-07-19T23:03:02.845203+0700,103.195.142.195,87.98.154.117,53,57574,UDP,flow,failed,1699533407390304,,1,1,0,1437,0,0.0,1,1437,0,none,0,none,0,0,0,no_alert_unknown,no_alert_not_final_benign,-1,dns,port
2025-07-19T23:03:02.845222+0700,103.195.142.74,118.98.44.20,61768,53,UDP,flow,dns,1877815746693744,,1,1,0,77,0,0.0,1,77,0,none,0,none,0,0,0,no_alert_unknown,no_alert_not_final_benign,-1,dns,app_proto+port
2025-07-19T23:03:02.845354+0700,103.195.142.74,118.98.44.100,33301,53,UDP,flow,dns,1219604563430124,,1,1,0,68,0,0.0,1,68,0,none,0,none,0,0,0,no_alert_unknown,no_alert_not_final_benign,-1,dns,app_proto+port
2025-07-19T23:03:02.845384+0700,103.195.142.76,87.98.154.119,53,31381,UDP,flow,failed,1150009808194412,,1,1,0,1469,0,0.0,1,1469,0,none,0,none,0,0,0,no_alert_unknown,no_alert_not_final_benign,-1,dns,port
2025-07-19T23:03:02.845406+0700,103.195.142.3,173.252.107.140,53,31710,UDP,flow,failed,1711565602032666,,1,1,0,138,0,0.0,1,138,0,none,0,none,0,0,0,no_alert_unknown,no_alert_not_final_benign,-1,dns,port
2025-07-19T23:03:02.845425+0700,103.195.142.165,87.98.154.119,53,12105,UDP,flow,failed,1569945516182573,,1,1,0,1437,0,0.0,1,1437,0,none,0,none,0,0,0,no_alert_unknown,no_alert_not_final_benign,-1,dns,port
2025-07-19T23:03:02.845485+0700,103.195.142.74,118.98.44.50,42177,53,UDP,flow,dns,2074025462009066,,1,2,0,204,0,7.0,2,204,0,none,0,none,0,0,0,no_alert_unknown,no_alert_not_final_benign,-1,dns,app_proto+port
2025-07-19T23:03:02.845511+0700,103.195.142.76,87.98.154.210,53,1882,UDP,flow,failed,765036967169286,,1,3,0,4407,0,10.0,3,4407,0,none,0,none,0,0,0,no_alert_unknown,no_alert_not_final_benign,-1,dns,port
2025-07-19T23:03:02.845530+0700,103.195.142.83,87.98.154.170,53,51249,UDP,flow,failed,1403218680811043,,1,1,0,1190,0,0.0,1,1190,0,none,0,none,0,0,0,no_alert_unknown,no_alert_not_final_benign,-1,dns,port
2025-07-19T23:03:02.845549+0700,103.195.142.74,118.98.44.50,23953,53,UDP,flow,dns,1936926947806828,,1,1,0,101,0,0.0,1,101,0,none,0,none,0,0,0,no_alert_unknown,no_alert_not_final_benign,-1,dns,app_proto+port
2025-07-19T23:03:02.845569+0700,103.195.142.46,87.98.154.119,53,56607,UDP,flow,failed,1471557375626951,,1,1,0,1437,0,0.0,1,1437,0,none,0,none,0,0,0,no_alert_unknown,no_alert_not_final_benign,-1,dns,port
2025-07-19T23:03:02.845588+0700,103.195.142.75,45.79.197.241,28442,53,UDP,flow,dns,1191293419720394,,1,1,0,85,0,0.0,1,85,0,none,0,none,0,0,0,no_alert_unknown,no_alert_not_final_benign,-1,dns,app_proto+port
2025-07-19T23:03:02.845675+0700,103.195.142.46,87.98.154.119,53,7906,UDP,flow,failed,1603531679993631,,1,1,0,1437,0,0.0,1,1437,0,none,0,none,0,0,0,no_alert_unknown,no_alert_not_final_benign,-1,dns,port
2025-07-19T23:03:02.845705+0700,103.195.142.31,8.8.8.8,39964,53,UDP,flow,dns,1423654061149985,,1,2,0,359,0,0.0,2,359,0,none,0,none,0,0,0,no_alert_unknown,no_alert_not_final_benign,-1,dns,app_proto+port
2025-07-19T23:03:02.845728+0700,103.195.142.74,118.98.44.50,17803,53,UDP,flow,dns,1706719119085363,,1,1,0,223,0,0.0,1,223,0,none,0,none,0,0,0,no_alert_unknown,no_alert_not_final_benign,-1,dns,app_proto+port
2025-07-19T23:03:02.845750+0700,103.195.142.196,87.98.154.119,53,50780,UDP,flow,failed,1502926415400842,,1,1,0,1437,0,0.0,1,1437,0,none,0,none,0,0,0,no_alert_unknown,no_alert_not_final_benign,-1,dns,port
2025-07-19T23:03:02.845770+0700,103.195.142.74,118.98.44.20,19016,53,UDP,flow,dns,1761607497748455,,1,1,0,68,0,0.0,1,68,0,none,0,none,0,0,0,no_alert_unknown,no_alert_not_final_benign,-1,dns,app_proto+port
2025-07-19T23:03:02.845790+0700,103.195.142.109,87.98.154.85,53,6564,UDP,flow,failed,1509339791953928,,1,1,0,1437,0,0.0,1,1437,0,none,0,none,0,0,0,no_alert_unknown,no_alert_not_final_benign,-1,dns,port
2025-07-19T23:03:02.845881+0700,103.195.142.83,87.98.154.119,53,31336,UDP,flow,failed,1131666798285239,,1,1,0,1190,0,0.0,1,1190,0,none,0,none,0,0,0,no_alert_unknown,no_alert_not_final_benign,-1,dns,port
2025-07-19T23:03:02.845901+0700,103.195.142.46,87.98.154.119,53,1477,UDP,flow,failed,1309009907094044,,1,1,0,1437,0,0.0,1,1437,0,none,0,none,0,0,0,no_alert_unknown,no_alert_not_final_benign,-1,dns,port
2025-07-19T23:03:02.845919+0700,103.195.142.83,87.98.154.206,53,57071,UDP,flow,failed,1424926215967286,,1,1,0,1190,0,0.0,1,1190,0,none,0,none,0,0,0,no_alert_unknown,no_alert_not_final_benign,-1,dns,port
2025-07-19T23:03:02.845938+0700,103.195.142.2,172.253.196.91,53,44944,UDP,flow,failed,1472217197318742,,1,1,0,178,0,0.0,1,178,0,none,0,none,0,0,0,no_alert_unknown,no_alert_not_final_benign,-1,dns,port
2025-07-19T23:03:02.845957+0700,103.195.142.109,87.98.154.119,53,20503,UDP,flow,failed,1498292919734942,,1,1,0,1437,0,0.0,1,1437,0,none,0,none,0,0,0,no_alert_unknown,no_alert_not_final_benign,-1,dns,port
2025-07-19T23:03:02.846024+0700,103.195.142.165,87.98.154.117,53,17103,UDP,flow,failed,1467655582913551,,1,1,0,1437,0,0.0,1,1437,0,none,0,none,0,0,0,no_alert_unknown,no_alert_not_final_benign,-1,dns,port
2025-07-19T23:03:02.846066+0700,103.195.142.76,87.98.154.119,53,7490,UDP,flow,failed,1824757980271672,,1,1,0,1469,0,0.0,1,1469,0,none,0,none,0,0,0,no_alert_unknown,no_alert_not_final_benign,-1,dns,port
2025-07-19T23:03:02.846118+0700,103.195.142.196,87.98.154.119,53,36939,UDP,flow,failed,1159383096628377,,1,1,0,1437,0,0.0,1,1437,0,none,0,none,0,0,0,no_alert_unknown,no_alert_not_final_benign,-1,dns,port
2025-07-19T23:03:02.846139+0700,103.195.142.74,118.98.44.20,55313,53,UDP,flow,dns,1869068946969761,,1,1,0,130,0,0.0,1,130,0,none,0,none,0,0,0,no_alert_unknown,no_alert_not_final_benign,-1,dns,app_proto+port
2025-07-19T23:03:02.846187+0700,103.195.142.74,202.134.0.155,28914,53,UDP,flow,dns,1863756216997278,,1,1,0,100,0,0.0,1,100,0,none,0,none,0,0,0,no_alert_unknown,no_alert_not_final_benign,-1,dns,app_proto+port
2025-07-19T23:03:02.846331+0700,103.195.142.165,87.98.154.153,53,64011,UDP,flow,failed,1238272852498209,,1,1,0,1437,0,0.0,1,1437,0,none,0,none,0,0,0,no_alert_unknown,no_alert_not_final_benign,-1,dns,port
2025-07-19T23:03:02.846350+0700,103.195.142.196,87.98.154.117,53,59726,UDP,flow,failed,1935846733584229,,1,1,0,1437,0,0.0,1,1437,0,none,0,none,0,0,0,no_alert_unknown,no_alert_not_final_benign,-1,dns,port
2025-07-19T23:03:02.846368+0700,103.195.142.195,87.98.154.108,53,35701,UDP,flow,failed,848493635114972,,1,2,0,2874,0,9.0,2,2874,0,none,0,none,0,0,0,no_alert_unknown,no_alert_not_final_benign,-1,dns,port
2025-07-19T23:03:02.846499+0700,103.185.193.21,180.76.76.76,35637,53,UDP,flow,dns,1767621031369378,,1,2,0,306,0,0.0,2,306,0,none,0,none,0,0,0,no_alert_unknown,no_alert_not_final_benign,-1,dns,app_proto+port
2025-07-19T23:03:02.846538+0700,103.195.142.195,87.98.154.80,53,61909,UDP,flow,failed,1396057844292337,,1,1,0,1437,0,0.0,1,1437,0,none,0,none,0,0,0,no_alert_unknown,no_alert_not_final_benign,-1,dns,port
2025-07-19T23:03:02.846557+0700,103.195.142.74,118.98.44.50,40557,53,UDP,flow,dns,1156758040681210,,1,1,0,77,0,0.0,1,77,0,none,0,none,0,0,0,no_alert_unknown,no_alert_not_final_benign,-1,dns,app_proto+port
2025-07-19T23:03:02.846576+0700,103.195.142.74,202.134.0.155,58375,53,UDP,flow,dns,1167123393420041,,1,1,0,93,0,0.0,1,93,0,none,0,none,0,0,0,no_alert_unknown,no_alert_not_final_benign,-1,dns,app_proto+port
2025-07-19T23:03:02.846646+0700,103.195.142.74,118.98.44.20,30893,53,UDP,flow,dns,1714491411471242,,1,1,0,106,0,0.0,1,106,0,none,0,none,0,0,0,no_alert_unknown,no_alert_not_final_benign,-1,dns,app_proto+port
2025-07-19T23:03:02.846666+0700,103.195.142.74,118.98.44.100,1073,53,UDP,flow,dns,1822350796200852,,1,1,0,87,0,0.0,1,87,0,none,0,none,0,0,0,no_alert_unknown,no_alert_not_final_benign,-1,dns,app_proto+port
2025-07-19T23:03:02.846685+0700,103.195.142.83,87.98.154.119,53,45880,UDP,flow,failed,1862040271592362,,1,1,0,1190,0,0.0,1,1190,0,none,0,none,0,0,0,no_alert_unknown,no_alert_not_final_benign,-1,dns,port
2025-07-19T23:03:02.846704+0700,103.195.142.196,87.98.154.233,53,24966,UDP,flow,failed,1740257990810590,,1,1,0,1437,0,0.0,1,1437,0,none,0,none,0,0,0,no_alert_unknown,no_alert_not_final_benign,-1,dns,port
2025-07-19T23:03:02.846722+0700,103.195.142.83,87.98.154.119,53,6111,UDP,flow,failed,1216301128031278,,1,1,0,1190,0,0.0,1,1190,0,none,0,none,0,0,0,no_alert_unknown,no_alert_not_final_benign,-1,dns,port
2025-07-19T23:03:02.846741+0700,103.195.142.74,118.98.44.20,27368,53,UDP,flow,dns,1455548380486821,,1,1,0,85,0,0.0,1,85,0,none,0,none,0,0,0,no_alert_unknown,no_alert_not_final_benign,-1,dns,app_proto+port
2025-07-19T23:03:02.846808+0700,103.195.142.46,87.98.154.123,53,60802,UDP,flow,failed,1220694528105726,,1,1,0,1437,0,0.0,1,1437,0,none,0,none,0,0,0,no_alert_unknown,no_alert_not_final_benign,-1,dns,port
2025-07-19T23:03:02.846914+0700,103.195.142.31,8.8.8.8,28733,53,UDP,flow,dns,1423750674980540,,1,1,0,100,0,0.0,1,100,0,none,0,none,0,0,0,no_alert_unknown,no_alert_not_final_benign,-1,dns,app_proto+port
2025-07-19T23:03:02.847092+0700,103.195.142.74,118.98.44.100,8969,53,UDP,flow,dns,1844531977592773,,1,1,0,232,0,0.0,1,232,0,none,0,none,0,0,0,no_alert_unknown,no_alert_not_final_benign,-1,dns,app_proto+port
2025-07-19T23:03:02.847126+0700,103.195.142.74,118.98.44.20,5846,53,UDP,flow,dns,1744233330843591,,1,1,0,84,0,0.0,1,84,0,none,0,none,0,0,0,no_alert_unknown,no_alert_not_final_benign,-1,dns,app_proto+port
2025-07-19T23:03:02.847201+0700,103.195.142.75,8.8.8.8,15315,53,UDP,flow,dns,1840270575607835,,1,1,0,95,0,0.0,1,95,0,none,0,none,0,0,0,no_alert_unknown,no_alert_not_final_benign,-1,dns,app_proto+port
2025-07-19T23:03:02.847338+0700,103.195.142.76,87.98.154.38,53,28095,UDP,flow,failed,1293598509113504,,1,1,0,1469,0,0.0,1,1469,0,none,0,none,0,0,0,no_alert_unknown,no_alert_not_final_benign,-1,dns,port
2025-07-19T23:03:02.847362+0700,103.195.142.76,87.98.154.198,53,46560,UDP,flow,failed,1522900509073729,,1,1,0,1469,0,0.0,1,1469,0,none,0,none,0,0,0,no_alert_unknown,no_alert_not_final_benign,-1,dns,port
2025-07-19T23:03:02.847426+0700,103.195.142.74,118.98.44.50,46730,53,UDP,flow,dns,1156837409956450,,1,1,0,77,0,0.0,1,77,0,none,0,none,0,0,0,no_alert_unknown,no_alert_not_final_benign,-1,dns,app_proto+port
2025-07-19T23:03:02.847449+0700,103.195.142.46,87.98.154.207,53,39914,UDP,flow,failed,1866160437207673,,1,1,0,1437,0,0.0,1,1437,0,none,0,none,0,0,0,no_alert_unknown,no_alert_not_final_benign,-1,dns,port
2025-07-19T23:03:02.847473+0700,103.195.142.74,118.98.44.50,23846,53,UDP,flow,dns,1231369288032979,,1,1,0,71,0,0.0,1,71,0,none,0,none,0,0,0,no_alert_unknown,no_alert_not_final_benign,-1,dns,app_proto+port
2025-07-19T23:03:02.847553+0700,103.195.142.109,87.98.154.205,53,50166,UDP,flow,failed,1457588474881115,,1,1,0,1437,0,0.0,1,1437,0,none,0,none,0,0,0,no_alert_unknown,no_alert_not_final_benign,-1,dns,port
2025-07-19T23:03:02.847581+0700,103.195.142.46,87.98.154.95,53,8457,UDP,flow,failed,1523070232568984,,1,1,0,1437,0,0.0,1,1437,0,none,0,none,0,0,0,no_alert_unknown,no_alert_not_final_benign,-1,dns,port
2025-07-19T23:03:02.847601+0700,103.195.142.74,118.98.44.20,36144,53,UDP,flow,dns,1746568172938626,,1,1,0,99,0,0.0,1,99,0,none,0,none,0,0,0,no_alert_unknown,no_alert_not_final_benign,-1,dns,app_proto+port
2025-07-19T23:03:02.847626+0700,103.195.142.74,118.98.44.100,25794,53,UDP,flow,dns,1324168393008540,,1,1,0,214,0,0.0,1,214,0,none,0,none,0,0,0,no_alert_unknown,no_alert_not_final_benign,-1,dns,app_proto+port
2025-07-19T23:03:02.847689+0700,103.195.142.83,87.98.154.234,53,12836,UDP,flow,failed,1512916056876528,,1,1,0,1190,0,0.0,1,1190,0,none,0,none,0,0,0,no_alert_unknown,no_alert_not_final_benign,-1,dns,port
2025-07-19T23:03:02.847708+0700,103.195.142.74,118.98.44.100,32235,53,UDP,flow,dns,1726814828963336,,1,1,0,92,0,0.0,1,92,0,none,0,none,0,0,0,no_alert_unknown,no_alert_not_final_benign,-1,dns,app_proto+port
2025-07-19T23:03:02.847735+0700,103.195.142.76,87.98.154.66,53,30745,UDP,flow,failed,1315069755401745,,1,1,0,1469,0,0.0,1,1469,0,none,0,none,0,0,0,no_alert_unknown,no_alert_not_final_benign,-1,dns,port
2025-07-19T23:03:02.847754+0700,103.195.142.83,87.98.154.119,53,44516,UDP,flow,failed,1400296262805149,,1,1,0,1190,0,0.0,1,1190,0,none,0,none,0,0,0,no_alert_unknown,no_alert_not_final_benign,-1,dns,port
2025-07-19T23:03:02.847795+0700,103.195.142.83,87.98.154.119,53,27706,UDP,flow,failed,1759364645922776,,1,1,0,1190,0,0.0,1,1190,0,none,0,none,0,0,0,no_alert_unknown,no_alert_not_final_benign,-1,dns,port
2025-07-19T23:03:02.847815+0700,103.195.142.196,87.98.154.161,53,43924,UDP,flow,failed,1724455376988237,,1,1,0,1437,0,0.0,1,1437,0,none,0,none,0,0,0,no_alert_unknown,no_alert_not_final_benign,-1,dns,port
2025-07-19T23:03:02.847891+0700,103.195.142.75,8.8.8.8,44157,53,UDP,flow,dns,1887820559362367,,1,1,0,85,0,0.0,1,85,0,none,0,none,0,0,0,no_alert_unknown,no_alert_not_final_benign,-1,dns,app_proto+port
2025-07-19T23:03:02.847910+0700,103.195.142.109,87.98.154.233,53,22880,UDP,flow,failed,1714238632569237,,1,1,0,1437,0,0.0,1,1437,0,none,0,none,0,0,0,no_alert_unknown,no_alert_not_final_benign,-1,dns,port
2025-07-19T23:03:02.848206+0700,103.195.142.109,87.98.154.119,53,49860,UDP,flow,failed,1223352756874172,,1,1,0,1437,0,0.0,1,1437,0,none,0,none,0,0,0,no_alert_unknown,no_alert_not_final_benign,-1,dns,port
2025-07-19T23:03:02.848225+0700,103.195.142.74,118.98.44.100,40068,53,UDP,flow,dns,1861488157731868,,1,1,0,78,0,0.0,1,78,0,none,0,none,0,0,0,no_alert_unknown,no_alert_not_final_benign,-1,dns,app_proto+port
2025-07-19T23:03:02.848245+0700,103.195.142.76,87.98.154.94,53,25814,UDP,flow,failed,1582260529737058,,1,1,0,1469,0,0.0,1,1469,0,none,0,none,0,0,0,no_alert_unknown,no_alert_not_final_benign,-1,dns,port
2025-07-19T23:03:02.848272+0700,103.195.142.195,87.98.154.192,53,11785,UDP,flow,failed,1165255933832580,,1,1,0,1437,0,0.0,1,1437,0,none,0,none,0,0,0,no_alert_unknown,no_alert_not_final_benign,-1,dns,port
2025-07-19T23:03:02.848302+0700,103.195.142.74,202.134.0.155,36211,53,UDP,flow,dns,1725986846879252,,1,1,0,109,0,0.0,1,109,0,none,0,none,0,0,0,no_alert_unknown,no_alert_not_final_benign,-1,dns,app_proto+port
2025-07-19T23:03:02.848336+0700,103.195.142.74,118.98.44.50,29909,53,UDP,flow,dns,1932663386353198,,1,1,0,80,0,0.0,1,80,0,none,0,none,0,0,0,no_alert_unknown,no_alert_not_final_benign,-1,dns,app_proto+port
2025-07-19T23:03:02.848385+0700,103.195.142.74,202.134.0.155,3575,53,UDP,flow,dns,1490079883865725,,1,1,0,74,0,0.0,1,74,0,none,0,none,0,0,0,no_alert_unknown,no_alert_not_final_benign,-1,dns,app_proto+port
2025-07-19T23:03:02.848404+0700,103.195.142.109,87.98.154.205,53,18231,UDP,flow,failed,1565056083898253,,1,1,0,1437,0,0.0,1,1437,0,none,0,none,0,0,0,no_alert_unknown,no_alert_not_final_benign,-1,dns,port
2025-07-19T23:03:02.848487+0700,103.195.142.31,8.8.8.8,64415,53,UDP,flow,dns,1603021231042535,,1,1,0,85,0,0.0,1,85,0,none,0,none,0,0,0,no_alert_unknown,no_alert_not_final_benign,-1,dns,app_proto+port
2025-07-19T23:03:02.848535+0700,103.195.142.165,87.98.154.109,53,40110,UDP,flow,failed,1730152547889157,,1,1,0,1437,0,0.0,1,1437,0,none,0,none,0,0,0,no_alert_unknown,no_alert_not_final_benign,-1,dns,port
2025-07-19T23:03:02.848584+0700,103.195.142.74,202.134.0.155,33152,53,UDP,flow,dns,1171616685174802,,1,1,0,77,0,0.0,1,77,0,none,0,none,0,0,0,no_alert_unknown,no_alert_not_final_benign,-1,dns,app_proto+port
2025-07-19T23:03:02.848604+0700,103.195.142.75,50.28.32.155,14012,53,UDP,flow,dns,1967472762695747,,1,1,0,74,0,0.0,1,74,0,none,0,none,0,0,0,no_alert_unknown,no_alert_not_final_benign,-1,dns,app_proto+port
2025-07-19T23:03:02.848646+0700,103.195.142.109,87.98.154.37,53,8542,UDP,flow,failed,1546539431833767,,1,1,0,1437,0,0.0,1,1437,0,none,0,none,0,0,0,no_alert_unknown,no_alert_not_final_benign,-1,dns,port
2025-07-19T23:03:02.848665+0700,103.195.142.165,87.98.154.119,53,60129,UDP,flow,failed,1467686247411953,,1,1,0,1437,0,0.0,1,1437,0,none,0,none,0,0,0,no_alert_unknown,no_alert_not_final_benign,-1,dns,port
2025-07-19T23:03:02.848706+0700,103.195.142.3,74.114.28.23,53,58059,UDP,flow,failed,1628898150658400,,1,1,0,166,0,0.0,1,166,0,none,0,none,0,0,0,no_alert_unknown,no_alert_not_final_benign,-1,dns,port
2025-07-19T23:03:02.848753+0700,103.195.142.74,202.134.0.155,7555,53,UDP,flow,dns,1859723508199875,,1,1,0,68,0,0.0,1,68,0,none,0,none,0,0,0,no_alert_unknown,no_alert_not_final_benign,-1,dns,app_proto+port
2025-07-19T23:03:02.848792+0700,103.195.142.74,118.98.44.100,3785,53,UDP,flow,dns,1683886760210920,,1,1,0,73,0,0.0,1,73,0,none,0,none,0,0,0,no_alert_unknown,no_alert_not_final_benign,-1,dns,app_proto+port
2025-07-19T23:03:02.848862+0700,103.195.142.46,87.98.154.119,53,36327,UDP,flow,failed,1141182442386101,,1,1,0,1437,0,0.0,1,1437,0,none,0,none,0,0,0,no_alert_unknown,no_alert_not_final_benign,-1,dns,port
2025-07-19T23:03:02.848881+0700,103.195.142.31,8.8.8.8,20501,53,UDP,flow,dns,1820566648665001,,1,1,0,79,0,0.0,1,79,0,none,0,none,0,0,0,no_alert_unknown,no_alert_not_final_benign,-1,dns,app_proto+port
2025-07-19T23:03:02.848924+0700,103.195.142.46,87.98.154.118,53,2073,UDP,flow,failed,1366000285594570,,1,1,0,1437,0,0.0,1,1437,0,none,0,none,0,0,0,no_alert_unknown,no_alert_not_final_benign,-1,dns,port
2025-07-19T23:03:02.848943+0700,103.195.142.76,87.98.154.10,53,58352,UDP,flow,failed,1730282482840585,,1,1,0,1469,0,0.0,1,1469,0,none,0,none,0,0,0,no_alert_unknown,no_alert_not_final_benign,-1,dns,port
2025-07-19T23:03:02.849009+0700,103.195.142.83,87.98.154.119,53,10770,UDP,flow,failed,1544690173424747,,1,1,0,1190,0,0.0,1,1190,0,none,0,none,0,0,0,no_alert_unknown,no_alert_not_final_benign,-1,dns,port
2025-07-19T23:03:02.849027+0700,103.195.142.74,202.134.0.155,34340,53,UDP,flow,dns,1331448802718845,,1,1,0,68,0,0.0,1,68,0,none,0,none,0,0,0,no_alert_unknown,no_alert_not_final_benign,-1,dns,app_proto+port
2025-07-19T23:03:02.849070+0700,103.195.142.75,8.8.8.8,43479,53,UDP,flow,dns,1867762638402762,,1,1,0,232,0,0.0,1,232,0,none,0,none,0,0,0,no_alert_unknown,no_alert_not_final_benign,-1,dns,app_proto+port
2025-07-19T23:03:02.849205+0700,103.195.142.46,87.98.154.123,53,52277,UDP,flow,failed,1070105616856519,,1,3,0,4311,0,10.0,3,4311,0,none,0,none,0,0,0,no_alert_unknown,no_alert_not_final_benign,-1,dns,port
2025-07-19T23:03:02.849297+0700,103.195.142.46,87.98.154.207,53,32076,UDP,flow,failed,1647223224088309,,1,1,0,1437,0,0.0,1,1437,0,none,0,none,0,0,0,no_alert_unknown,no_alert_not_final_benign,-1,dns,port
2025-07-19T23:03:02.849331+0700,103.195.142.75,8.8.8.8,55358,53,UDP,flow,dns,1845237003138899,,1,1,0,92,0,0.0,1,92,0,none,0,none,0,0,0,no_alert_unknown,no_alert_not_final_benign,-1,dns,app_proto+port
2025-07-19T23:03:02.849352+0700,103.195.142.83,87.98.154.119,53,57402,UDP,flow,failed,1271123043759961,,1,1,0,1190,0,0.0,1,1190,0,none,0,none,0,0,0,no_alert_unknown,no_alert_not_final_benign,-1,dns,port
2025-07-19T23:03:02.849399+0700,103.195.142.46,87.98.154.7,53,24032,UDP,flow,failed,1341523207600308,,1,1,0,1437,0,0.0,1,1437,0,none,0,none,0,0,0,no_alert_unknown,no_alert_not_final_benign,-1,dns,port
2025-07-19T23:03:02.849441+0700,103.195.142.75,45.79.197.241,52730,53,UDP,flow,dns,1911443167918295,,1,1,0,85,0,0.0,1,85,0,none,0,none,0,0,0,no_alert_unknown,no_alert_not_final_benign,-1,dns,app_proto+port
2025-07-19T23:03:02.849500+0700,103.195.142.76,87.98.154.122,53,44561,UDP,flow,failed,1328544243267944,,1,1,0,1469,0,0.0,1,1469,0,none,0,none,0,0,0,no_alert_unknown,no_alert_not_final_benign,-1,dns,port
2025-07-19T23:03:02.849519+0700,103.195.142.195,87.98.154.220,53,50663,UDP,flow,failed,1175556049484155,,1,1,0,1437,0,0.0,1,1437,0,none,0,none,0,0,0,no_alert_unknown,no_alert_not_final_benign,-1,dns,port
2025-07-19T23:03:02.849542+0700,103.195.142.165,87.98.154.117,53,5186,UDP,flow,failed,1843885068335642,,1,1,0,1437,0,0.0,1,1437,0,none,0,none,0,0,0,no_alert_unknown,no_alert_not_final_benign,-1,dns,port
2025-07-19T23:03:02.849561+0700,103.195.142.75,8.8.8.8,1387,53,UDP,flow,dns,1632677432867377,,1,1,0,214,0,0.0,1,214,0,none,0,none,0,0,0,no_alert_unknown,no_alert_not_final_benign,-1,dns,app_proto+port
2025-07-19T23:03:02.849602+0700,103.195.142.75,8.8.8.8,51430,53,UDP,flow,dns,1833149520427681,,1,1,0,232,0,0.0,1,232,0,none,0,none,0,0,0,no_alert_unknown,no_alert_not_final_benign,-1,dns,app_proto+port
2025-07-19T23:03:02.849622+0700,103.195.142.195,87.98.154.119,53,30672,UDP,flow,failed,1401408037272251,,1,1,0,1437,0,0.0,1,1437,0,none,0,none,0,0,0,no_alert_unknown,no_alert_not_final_benign,-1,dns,port
2025-07-19T23:03:02.849641+0700,103.195.142.74,202.134.0.155,38996,53,UDP,flow,dns,1300022406429437,,1,1,0,68,0,0.0,1,68,0,none,0,none,0,0,0,no_alert_unknown,no_alert_not_final_benign,-1,dns,app_proto+port
2025-07-19T23:03:02.849661+0700,103.195.142.74,202.134.0.155,62914,53,UDP,flow,dns,1374491445639958,,1,1,0,68,0,0.0,1,68,0,none,0,none,0,0,0,no_alert_unknown,no_alert_not_final_benign,-1,dns,app_proto+port
2025-07-19T23:03:02.849707+0700,103.195.142.74,69.39.238.36,35348,53,UDP,flow,dns,1653209638124467,,1,1,0,85,0,0.0,1,85,0,none,0,none,0,0,0,no_alert_unknown,no_alert_not_final_benign,-1,dns,app_proto+port
2025-07-19T23:03:02.849727+0700,103.195.142.83,87.98.154.119,53,44633,UDP,flow,failed,1712722781354944,,1,1,0,1190,0,0.0,1,1190,0,none,0,none,0,0,0,no_alert_unknown,no_alert_not_final_benign,-1,dns,port
2025-07-19T23:03:02.849746+0700,103.195.142.196,87.98.154.45,53,59887,UDP,flow,failed,1763217924307916,,1,1,0,1437,0,0.0,1,1437,0,none,0,none,0,0,0,no_alert_unknown,no_alert_not_final_benign,-1,dns,port
2025-07-19T23:03:02.849806+0700,103.195.142.195,87.98.154.119,53,3594,UDP,flow,failed,1449998385036523,,1,1,0,1437,0,0.0,1,1437,0,none,0,none,0,0,0,no_alert_unknown,no_alert_not_final_benign,-1,dns,port
2025-07-19T23:03:02.849825+0700,103.195.142.76,87.98.154.119,53,25982,UDP,flow,failed,1733457581522177,,1,1,0,1469,0,0.0,1,1469,0,none,0,none,0,0,0,no_alert_unknown,no_alert_not_final_benign,-1,dns,port
2025-07-19T23:03:02.849843+0700,103.195.142.3,40.115.144.230,53,55431,UDP,flow,failed,1941794028731772,,1,1,0,136,0,0.0,1,136,0,none,0,none,0,0,0,no_alert_unknown,no_alert_not_final_benign,-1,dns,port
2025-07-19T23:03:02.849935+0700,103.195.142.76,87.98.154.154,53,14856,UDP,flow,failed,1208469928951329,,1,3,0,4407,0,10.0,3,4407,0,none,0,none,0,0,0,no_alert_unknown,no_alert_not_final_benign,-1,dns,port
2025-07-19T23:03:02.849956+0700,103.195.142.75,8.8.8.8,60523,53,UDP,flow,dns,1890698023878212,,1,1,0,78,0,0.0,1,78,0,none,0,none,0,0,0,no_alert_unknown,no_alert_not_final_benign,-1,dns,app_proto+port
2025-07-19T23:03:02.849990+0700,103.195.142.74,118.98.44.50,41646,53,UDP,flow,dns,1148119957651022,,1,1,0,68,0,0.0,1,68,0,none,0,none,0,0,0,no_alert_unknown,no_alert_not_final_benign,-1,dns,app_proto+port
2025-07-19T23:03:02.850062+0700,103.195.142.3,40.115.144.230,53,53904,UDP,flow,failed,1940905737273146,,1,1,0,125,0,0.0,1,125,0,none,0,none,0,0,0,no_alert_unknown,no_alert_not_final_benign,-1,dns,port
2025-07-19T23:03:02.850141+0700,103.195.142.165,87.98.154.101,53,39660,UDP,flow,failed,1598417589124968,,1,1,0,1437,0,0.0,1,1437,0,none,0,none,0,0,0,no_alert_unknown,no_alert_not_final_benign,-1,dns,port
2025-07-19T23:03:02.850163+0700,103.195.142.3,172.253.236.210,53,33948,UDP,flow,failed,1755774640603018,,1,1,0,218,0,0.0,1,218,0,none,0,none,0,0,0,no_alert_unknown,no_alert_not_final_benign,-1,dns,port
2025-07-19T23:03:02.850186+0700,103.195.142.74,202.134.0.155,42890,53,UDP,flow,dns,1358224691052492,,1,1,0,88,0,0.0,1,88,0,none,0,none,0,0,0,no_alert_unknown,no_alert_not_final_benign,-1,dns,app_proto+port
2025-07-19T23:03:02.850252+0700,103.195.142.109,87.98.154.153,53,14579,UDP,flow,failed,397159724105743,,1,2,0,2874,0,3.0,2,2874,0,none,0,none,0,0,0,no_alert_unknown,no_alert_not_final_benign,-1,dns,port
2025-07-19T23:03:02.850271+0700,103.195.142.75,8.8.8.8,42576,53,UDP,flow,dns,1500798343200959,,1,1,0,90,0,0.0,1,90,0,none,0,none,0,0,0,no_alert_unknown,no_alert_not_final_benign,-1,dns,app_proto+port
2025-07-19T23:03:02.850291+0700,103.195.142.74,118.98.44.20,2359,53,UDP,flow,dns,1627093602091237,,1,1,0,103,0,0.0,1,103,0,none,0,none,0,0,0,no_alert_unknown,no_alert_not_final_benign,-1,dns,app_proto+port
2025-07-19T23:03:02.850310+0700,103.195.142.165,87.98.154.119,53,29291,UDP,flow,failed,1452736850182391,,1,1,0,1437,0,0.0,1,1437,0,none,0,none,0,0,0,no_alert_unknown,no_alert_not_final_benign,-1,dns,port
2025-07-19T23:03:02.850329+0700,103.195.142.74,118.98.44.100,16517,53,UDP,flow,dns,1168875992924451,,1,1,0,69,0,0.0,1,69,0,none,0,none,0,0,0,no_alert_unknown,no_alert_not_final_benign,-1,dns,app_proto+port
2025-07-19T23:03:02.850355+0700,103.195.142.74,118.98.44.20,34181,53,UDP,flow,dns,1435961505562940,,1,1,0,87,0,0.0,1,87,0,none,0,none,0,0,0,no_alert_unknown,no_alert_not_final_benign,-1,dns,app_proto+port
2025-07-19T23:03:02.850375+0700,103.195.142.46,87.98.154.119,53,26438,UDP,flow,failed,1340508244427072,,1,1,0,1437,0,0.0,1,1437,0,none,0,none,0,0,0,no_alert_unknown,no_alert_not_final_benign,-1,dns,port
2025-07-19T23:03:02.850394+0700,103.195.142.74,118.98.44.20,59477,53,UDP,flow,dns,1955986617811282,,1,1,0,114,0,0.0,1,114,0,none,0,none,0,0,0,no_alert_unknown,no_alert_not_final_benign,-1,dns,app_proto+port
2025-07-19T23:03:02.850413+0700,103.195.142.83,87.98.154.119,53,14868,UDP,flow,failed,1969604044866134,,1,1,0,1190,0,0.0,1,1190,0,none,0,none,0,0,0,no_alert_unknown,no_alert_not_final_benign,-1,dns,port
2025-07-19T23:03:02.850432+0700,103.195.142.109,87.98.154.119,53,61871,UDP,flow,failed,1285999698395793,,1,1,0,1437,0,0.0,1,1437,0,none,0,none,0,0,0,no_alert_unknown,no_alert_not_final_benign,-1,dns,port
2025-07-19T23:03:02.850451+0700,103.195.142.75,8.8.8.8,44926,53,UDP,flow,dns,1542317884588740,,1,1,0,92,0,0.0,1,92,0,none,0,none,0,0,0,no_alert_unknown,no_alert_not_final_benign,-1,dns,app_proto+port
2025-07-19T23:03:02.850470+0700,103.195.142.195,87.98.154.24,53,3120,UDP,flow,failed,1512329069216517,,1,1,0,1437,0,0.0,1,1437,0,none,0,none,0,0,0,no_alert_unknown,no_alert_not_final_benign,-1,dns,port
2025-07-19T23:03:02.850489+0700,103.195.142.3,172.71.129.39,53,25901,UDP,flow,failed,1505591084139339,,1,1,0,174,0,0.0,1,174,0,none,0,none,0,0,0,no_alert_unknown,no_alert_not_final_benign,-1,dns,port
2025-07-19T23:03:02.850513+0700,103.195.142.165,87.98.154.193,53,8925,UDP,flow,failed,1424783479030953,,1,1,0,1437,0,0.0,1,1437,0,none,0,none,0,0,0,no_alert_unknown,no_alert_not_final_benign,-1,dns,port
2025-07-19T23:03:02.850532+0700,103.195.142.76,87.98.154.238,53,16105,UDP,flow,failed,1790811694843293,,1,1,0,1469,0,0.0,1,1469,0,none,0,none,0,0,0,no_alert_unknown,no_alert_not_final_benign,-1,dns,port
2025-07-19T23:03:02.850574+0700,103.195.142.75,8.8.8.8,1074,53,UDP,flow,dns,1687087321270025,,1,1,0,78,0,0.0,1,78,0,none,0,none,0,0,0,no_alert_unknown,no_alert_not_final_benign,-1,dns,app_proto+port
2025-07-19T23:03:02.850594+0700,103.195.142.74,118.98.44.100,15772,53,UDP,flow,dns,1956515541698343,,1,1,0,68,0,0.0,1,68,0,none,0,none,0,0,0,no_alert_unknown,no_alert_not_final_benign,-1,dns,app_proto+port
2025-07-19T23:03:02.850614+0700,103.195.142.74,118.98.44.100,50834,53,UDP,flow,dns,1870130570938175,,1,1,0,112,0,0.0,1,112,0,none,0,none,0,0,0,no_alert_unknown,no_alert_not_final_benign,-1,dns,app_proto+port
2025-07-19T23:03:02.850653+0700,103.195.142.76,87.98.154.119,53,23695,UDP,flow,failed,1534263599253327,,1,1,0,1469,0,0.0,1,1469,0,none,0,none,0,0,0,no_alert_unknown,no_alert_not_final_benign,-1,dns,port
2025-07-19T23:03:02.850671+0700,103.195.142.109,87.98.154.119,53,37268,UDP,flow,failed,2064565712275419,,1,1,0,1437,0,0.0,1,1437,0,none,0,none,0,0,0,no_alert_unknown,no_alert_not_final_benign,-1,dns,port
2025-07-19T23:03:02.850717+0700,103.195.142.46,87.98.154.143,53,2781,UDP,flow,failed,1496689701243075,,1,1,0,1437,0,0.0,1,1437,0,none,0,none,0,0,0,no_alert_unknown,no_alert_not_final_benign,-1,dns,port
2025-07-19T23:03:02.850795+0700,103.195.142.46,87.98.154.35,53,53075,UDP,flow,failed,1523723697932542,,1,1,0,1437,0,0.0,1,1437,0,none,0,none,0,0,0,no_alert_unknown,no_alert_not_final_benign,-1,dns,port
2025-07-19T23:03:02.850849+0700,103.195.142.109,87.98.154.177,53,18264,UDP,flow,failed,1678381303089532,,1,1,0,1437,0,0.0,1,1437,0,none,0,none,0,0,0,no_alert_unknown,no_alert_not_final_benign,-1,dns,port
2025-07-19T23:03:02.850898+0700,103.195.142.76,87.98.154.142,53,20572,UDP,flow,failed,2079463685179789,,1,1,0,1469,0,0.0,1,1469,0,none,0,none,0,0,0,no_alert_unknown,no_alert_not_final_benign,-1,dns,port
2025-07-19T23:03:02.850931+0700,103.195.142.83,87.98.154.94,53,58560,UDP,flow,failed,1282323643779477,,1,3,0,3570,0,10.0,3,3570,0,none,0,none,0,0,0,no_alert_unknown,no_alert_not_final_benign,-1,dns,port
2025-07-19T23:03:02.850951+0700,103.195.142.46,87.98.154.87,53,24359,UDP,flow,failed,1848397990939073,,1,1,0,1437,0,0.0,1,1437,0,none,0,none,0,0,0,no_alert_unknown,no_alert_not_final_benign,-1,dns,port
2025-07-19T23:03:02.850970+0700,103.195.142.83,87.98.154.119,53,5950,UDP,flow,failed,2182453411006916,,1,1,0,1190,0,0.0,1,1190,0,none,0,none,0,0,0,no_alert_unknown,no_alert_not_final_benign,-1,dns,port
2025-07-19T23:03:02.863752+0700,103.195.142.75,8.8.8.8,59154,53,UDP,dns,,1739463401924201,wire/pcap,0,0,0,0,0,0.0,0,0,0,none,0,none,0,0,0,no_alert_unknown,no_alert_not_final_benign,-1,dns,port
2025-07-19T23:03:02.886607+0700,103.195.142.74,202.134.0.155,14655,53,UDP,dns,,1837623826220436,wire/pcap,0,0,0,0,0,0.0,0,0,0,none,0,none,0,0,0,no_alert_unknown,no_alert_not_final_benign,-1,dns,port
2025-07-19T23:03:02.918778+0700,103.195.142.74,118.98.44.20,62035,53,UDP,dns,,1694324599711280,wire/pcap,0,0,0,0,0,0.0,0,0,0,none,0,none,0,0,0,no_alert_unknown,no_alert_not_final_benign,-1,dns,port
2025-07-19T23:03:02.926611+0700,103.195.142.108,8.8.8.8,1900,53,UDP,dns,,1216074754602613,wire/pcap,0,0,0,0,0,0.0,0,0,0,none,0,none,0,0,0,no_alert_unknown,no_alert_not_final_benign,-1,dns,port
2025-07-19T23:03:02.929798+0700,103.195.142.75,50.28.32.155,23600,53,UDP,dns,,1741652245895544,wire/pcap,0,0,0,0,0,0.0,0,0,0,none,0,none,0,0,0,no_alert_unknown,no_alert_not_final_benign,-1,dns,port
2025-07-19T23:03:02.935331+0700,103.195.142.75,8.8.8.8,54850,53,UDP,dns,,1765417513273786,wire/pcap,0,0,0,0,0,0.0,0,0,0,none,0,none,0,0,0,no_alert_unknown,no_alert_not_final_benign,-1,dns,port
2025-07-19T23:03:02.965015+0700,103.195.142.74,118.98.44.20,3688,53,UDP,dns,,1892910033185086,wire/pcap,0,0,0,0,0,0.0,0,0,0,none,0,none,0,0,0,no_alert_unknown,no_alert_not_final_benign,-1,dns,port
2025-07-19T23:03:02.976204+0700,103.195.142.75,8.8.8.8,61616,53,UDP,dns,,1940968561083965,wire/pcap,0,0,0,0,0,0.0,0,0,0,none,0,none,0,0,0,no_alert_unknown,no_alert_not_final_benign,-1,dns,port
2025-07-19T23:03:02.989088+0700,103.195.142.74,118.98.44.50,60449,53,UDP,dns,,1714828381118975,wire/pcap,0,0,0,0,0,0.0,0,0,0,none,0,none,0,0,0,no_alert_unknown,no_alert_not_final_benign,-1,dns,port
2025-07-19T23:03:02.989373+0700,103.195.142.75,8.8.8.8,64665,53,UDP,dns,,1716050623416913,wire/pcap,0,0,0,0,0,0.0,0,0,0,none,0,none,0,0,0,no_alert_unknown,no_alert_not_final_benign,-1,dns,port
2025-07-19T23:03:03.019151+0700,103.195.142.165,87.98.154.253,53,31134,UDP,flow,failed,1861078276171021,,1,3,0,4311,0,9.0,3,4311,0,none,0,none,0,0,0,no_alert_unknown,no_alert_not_final_benign,-1,dns,port
2025-07-19T23:03:03.023863+0700,103.195.142.75,8.8.8.8,34933,53,UDP,dns,,2072819275463821,wire/pcap,0,0,0,0,0,0.0,0,0,0,none,0,none,0,0,0,no_alert_unknown,no_alert_not_final_benign,-1,dns,port
2025-07-19T23:03:03.038022+0700,103.195.142.75,8.8.8.8,50189,53,UDP,dns,,2133629355749851,wire/pcap,0,0,0,0,0,0.0,0,0,0,none,0,none,0,0,0,no_alert_unknown,no_alert_not_final_benign,-1,dns,port
2025-07-19T23:03:03.038108+0700,103.195.142.74,118.98.44.20,21497,53,UDP,dns,,2134001490119547,wire/pcap,0,0,0,0,0,0.0,0,0,0,none,0,none,0,0,0,no_alert_unknown,no_alert_not_final_benign,-1,dns,port
2025-07-19T23:03:03.059337+0700,103.195.142.74,202.134.0.155,30271,53,UDP,dns,,2225179449679999,wire/pcap,0,0,0,0,0,0.0,0,0,0,none,0,none,0,0,0,no_alert_unknown,no_alert_not_final_benign,-1,dns,port
2025-07-19T23:03:03.059385+0700,103.195.142.74,202.134.0.155,22656,53,UDP,dns,,2225383126013589,wire/pcap,0,0,0,0,0,0.0,0,0,0,none,0,none,0,0,0,no_alert_unknown,no_alert_not_final_benign,-1,dns,port
2025-07-19T23:03:03.061721+0700,103.195.142.74,118.98.44.50,46807,53,UDP,dns,,2235417851718926,wire/pcap,0,0,0,0,0,0.0,0,0,0,none,0,none,0,0,0,no_alert_unknown,no_alert_not_final_benign,-1,dns,port
2025-07-19T23:03:03.071353+0700,103.195.142.74,118.98.44.20,48171,53,UDP,dns,,1995310284069632,wire/pcap,0,0,0,0,0,0.0,0,0,0,none,0,none,0,0,0,no_alert_unknown,no_alert_not_final_benign,-1,dns,port
2025-07-19T23:03:03.108857+0700,103.195.142.74,118.98.44.100,58603,53,UDP,dns,,2156388665984202,wire/pcap,0,0,0,0,0,0.0,0,0,0,none,0,none,0,0,0,no_alert_unknown,no_alert_not_final_benign,-1,dns,port
2025-07-19T23:03:03.122302+0700,103.195.142.74,202.134.0.155,35022,53,UDP,dns,,2214135771628828,wire/pcap,0,0,0,0,0,0.0,0,0,0,none,0,none,0,0,0,no_alert_unknown,no_alert_not_final_benign,-1,dns,port
2025-07-19T23:03:03.147373+0700,103.195.142.74,118.98.44.20,25675,53,UDP,dns,,2040337644296521,wire/pcap,0,0,0,0,0,0.0,0,0,0,none,0,none,0,0,0,no_alert_unknown,no_alert_not_final_benign,-1,dns,port
2025-07-19T23:03:03.161306+0700,103.195.142.74,118.98.44.50,43225,53,UDP,dns,,2100182564552927,wire/pcap,0,0,0,0,0,0.0,0,0,0,none,0,none,0,0,0,no_alert_unknown,no_alert_not_final_benign,-1,dns,port
2025-07-19T23:03:03.176664+0700,103.195.142.74,202.134.0.155,61146,53,UDP,dns,,2166141333520855,wire/pcap,0,0,0,0,0,0.0,0,0,0,none,0,none,0,0,0,no_alert_unknown,no_alert_not_final_benign,-1,dns,port
2025-07-19T23:03:03.180784+0700,103.195.142.74,50.116.34.34,6281,53,UDP,dns,,2183836296863533,wire/pcap,0,0,0,0,0,0.0,0,0,0,none,0,none,0,0,0,no_alert_unknown,no_alert_not_final_benign,-1,dns,port
2025-07-19T23:03:03.194779+0700,103.195.142.75,8.8.8.8,62667,53,UDP,dns,,2243948320842423,wire/pcap,0,0,0,0,0,0.0,0,0,0,none,0,none,0,0,0,no_alert_unknown,no_alert_not_final_benign,-1,dns,port
2025-07-19T23:03:03.209925+0700,103.195.142.74,118.98.44.20,24844,53,UDP,dns,,2027522676215009,wire/pcap,0,0,0,0,0,0.0,0,0,0,none,0,none,0,0,0,no_alert_unknown,no_alert_not_final_benign,-1,dns,port
2025-07-19T23:03:03.211205+0700,103.195.142.75,8.8.8.8,52231,53,UDP,dns,,2033021341207244,wire/pcap,0,0,0,0,0,0.0,0,0,0,none,0,none,0,0,0,no_alert_unknown,no_alert_not_final_benign,-1,dns,port
2025-07-19T23:03:03.249485+0700,103.195.142.75,8.8.8.8,60857,53,UDP,dns,,2197432439406481,wire/pcap,0,0,0,0,0,0.0,0,0,0,none,0,none,0,0,0,no_alert_unknown,no_alert_not_final_benign,-1,dns,port
2025-07-19T23:03:03.308482+0700,103.195.142.74,202.134.0.155,21804,53,UDP,dns,,2169347639737559,wire/pcap,0,0,0,0,0,0.0,0,0,0,none,0,none,0,0,0,no_alert_unknown,no_alert_not_final_benign,-1,dns,port
2025-07-19T23:03:03.375447+0700,103.195.142.74,202.134.0.155,63288,53,UDP,dns,,2175484498402329,wire/pcap,0,0,0,0,0,0.0,0,0,0,none,0,none,0,0,0,no_alert_unknown,no_alert_not_final_benign,-1,dns,port
2025-07-19T23:03:03.388135+0700,103.195.142.31,1.1.1.1,33583,53,UDP,dns,,2229978398505528,wire/pcap,0,0,0,0,0,0.0,0,0,0,none,0,none,0,0,0,no_alert_unknown,no_alert_not_final_benign,-1,dns,port
2025-07-19T23:03:03.416080+0700,103.195.142.74,118.98.44.20,25579,53,UDP,dns,,2068528283923380,wire/pcap,0,0,0,0,0,0.0,0,0,0,none,0,none,0,0,0,no_alert_unknown,no_alert_not_final_benign,-1,dns,port
2025-07-19T23:03:03.416205+0700,103.195.142.75,8.8.8.8,60443,53,UDP,dns,,2069065609191517,wire/pcap,0,0,0,0,0,0.0,0,0,0,none,0,none,0,0,0,no_alert_unknown,no_alert_not_final_benign,-1,dns,port
2025-07-19T23:03:03.416732+0700,103.195.142.74,185.67.45.232,43121,53,UDP,dns,,2071327333897255,wire/pcap,0,0,0,0,0,0.0,0,0,0,none,0,none,0,0,0,no_alert_unknown,no_alert_not_final_benign,-1,dns,port
2025-07-19T23:03:03.419706+0700,103.195.142.74,118.98.44.20,42263,53,UDP,dns,,2084101659613559,wire/pcap,0,0,0,0,0,0.0,0,0,0,none,0,none,0,0,0,no_alert_unknown,no_alert_not_final_benign,-1,dns,port
2025-07-19T23:03:03.424510+0700,103.195.142.74,118.98.44.20,31711,53,UDP,dns,,2104733246627189,wire/pcap,0,0,0,0,0,0.0,0,0,0,none,0,none,0,0,0,no_alert_unknown,no_alert_not_final_benign,-1,dns,port
2025-07-19T23:03:03.425279+0700,103.195.142.74,118.98.44.50,24653,53,UDP,dns,,2108037220996048,wire/pcap,0,0,0,0,0,0.0,0,0,0,none,0,none,0,0,0,no_alert_unknown,no_alert_not_final_benign,-1,dns,port
2025-07-19T23:03:03.425384+0700,103.195.142.75,8.8.8.8,44875,53,UDP,dns,,2108487024984434,wire/pcap,0,0,0,0,0,0.0,0,0,0,none,0,none,0,0,0,no_alert_unknown,no_alert_not_final_benign,-1,dns,port
2025-07-19T23:03:03.425415+0700,103.195.142.74,118.98.44.100,3774,53,UDP,dns,,2108620165595039,wire/pcap,0,0,0,0,0,0.0,0,0,0,none,0,none,0,0,0,no_alert_unknown,no_alert_not_final_benign,-1,dns,port
2025-07-19T23:03:03.427220+0700,103.195.142.74,118.98.44.50,13189,53,UDP,dns,,2116373060389606,wire/pcap,0,0,0,0,0,0.0,0,0,0,none,0,none,0,0,0,no_alert_unknown,no_alert_not_final_benign,-1,dns,port
2025-07-19T23:03:03.436356+0700,103.195.142.74,202.134.0.155,18371,53,UDP,dns,,2155610944102397,wire/pcap,0,0,0,0,0,0.0,0,0,0,none,0,none,0,0,0,no_alert_unknown,no_alert_not_final_benign,-1,dns,port
2025-07-19T23:03:03.460752+0700,103.195.142.74,202.134.0.155,6114,53,UDP,dns,,1978916836385876,wire/pcap,0,0,0,0,0,0.0,0,0,0,none,0,none,0,0,0,no_alert_unknown,no_alert_not_final_benign,-1,dns,port
2025-07-19T23:03:03.497618+0700,103.195.142.74,118.98.44.100,57401,53,UDP,dns,,2137253042092977,wire/pcap,0,0,0,0,0,0.0,0,0,0,none,0,none,0,0,0,no_alert_unknown,no_alert_not_final_benign,-1,dns,port
2025-07-19T23:03:03.529445+0700,103.195.142.74,118.98.44.100,61525,53,UDP,dns,,1992475761519045,wire/pcap,0,0,0,0,0,0.0,0,0,0,none,0,none,0,0,0,no_alert_unknown,no_alert_not_final_benign,-1,dns,port
2025-07-19T23:03:03.536513+0700,103.195.142.74,118.98.44.20,20217,53,UDP,dns,,2022831001797683,wire/pcap,0,0,0,0,0,0.0,0,0,0,none,0,none,0,0,0,no_alert_unknown,no_alert_not_final_benign,-1,dns,port
2025-07-19T23:03:03.540213+0700,103.195.142.74,202.134.0.155,58640,53,UDP,flow,dns,2146689352125522,,1,1,0,243,0,0.0,1,243,0,none,0,none,0,0,0,no_alert_unknown,no_alert_not_final_benign,-1,dns,app_proto+port
2025-07-19T23:03:03.553859+0700,103.195.142.75,8.8.8.8,41982,53,UDP,dns,,2097332157136827,wire/pcap,0,0,0,0,0,0.0,0,0,0,none,0,none,0,0,0,no_alert_unknown,no_alert_not_final_benign,-1,dns,port
2025-07-19T23:03:03.586219+0700,103.195.142.74,118.98.44.100,45459,53,UDP,dns,,2236317299935820,wire/pcap,0,0,0,0,0,0.0,0,0,0,none,0,none,0,0,0,no_alert_unknown,no_alert_not_final_benign,-1,dns,port
2025-07-19T23:03:03.598094+0700,103.195.142.74,202.134.0.155,64956,53,UDP,dns,,2005847302465900,wire/pcap,0,0,0,0,0,0.0,0,0,0,none,0,none,0,0,0,no_alert_unknown,no_alert_not_final_benign,-1,dns,port
2025-07-19T23:03:03.598162+0700,103.195.142.74,202.134.0.155,39623,53,UDP,dns,,2006139067540931,wire/pcap,0,0,0,0,0,0.0,0,0,0,none,0,none,0,0,0,no_alert_unknown,no_alert_not_final_benign,-1,dns,port
2025-07-19T23:03:03.665650+0700,103.195.142.74,202.134.0.155,18527,53,UDP,dns,,2014522199138651,wire/pcap,0,0,0,0,0,0.0,0,0,0,none,0,none,0,0,0,no_alert_unknown,no_alert_not_final_benign,-1,dns,port
2025-07-19T23:03:03.665744+0700,103.195.142.74,118.98.44.50,34874,53,UDP,dns,,2014924552221671,wire/pcap,0,0,0,0,0,0.0,0,0,0,none,0,none,0,0,0,no_alert_unknown,no_alert_not_final_benign,-1,dns,port
2025-07-19T23:03:03.689983+0700,103.195.142.74,118.98.44.20,25504,53,UDP,dns,,2119032361209799,wire/pcap,0,0,0,0,0,0.0,0,0,0,none,0,none,0,0,0,no_alert_unknown,no_alert_not_final_benign,-1,dns,port
2025-07-19T23:03:03.729942+0700,103.195.142.75,8.8.8.8,31051,53,UDP,dns,,2009178124762670,wire/pcap,0,0,0,0,0,0.0,0,0,0,none,0,none,0,0,0,no_alert_unknown,no_alert_not_final_benign,-1,dns,port
2025-07-19T23:03:03.730199+0700,103.195.142.74,118.98.44.50,40253,53,UDP,dns,,2010282518540773,wire/pcap,0,0,0,0,0,0.0,0,0,0,none,0,none,0,0,0,no_alert_unknown,no_alert_not_final_benign,-1,dns,port
2025-07-19T23:03:03.736329+0700,103.195.142.75,8.8.8.8,52970,53,UDP,dns,,2036609127150062,wire/pcap,0,0,0,0,0,0.0,0,0,0,none,0,none,0,0,0,no_alert_unknown,no_alert_not_final_benign,-1,dns,port
2025-07-19T23:03:03.754795+0700,103.195.142.75,8.8.8.8,28997,53,UDP,dns,,2115920668927019,wire/pcap,0,0,0,0,0,0.0,0,0,0,none,0,none,0,0,0,no_alert_unknown,no_alert_not_final_benign,-1,dns,port
2025-07-19T23:03:03.755767+0700,103.195.142.74,118.98.44.20,16611,53,UDP,dns,,2120097702177695,wire/pcap,0,0,0,0,0,0.0,0,0,0,none,0,none,0,0,0,no_alert_unknown,no_alert_not_final_benign,-1,dns,port
2025-07-19T23:03:03.755964+0700,103.195.142.74,118.98.44.50,10823,53,UDP,dns,,2120942095811508,wire/pcap,0,0,0,0,0,0.0,0,0,0,none,0,none,0,0,0,no_alert_unknown,no_alert_not_final_benign,-1,dns,port
2025-07-19T23:03:03.756151+0700,103.195.142.108,8.8.8.8,20470,53,UDP,dns,,2121746470566609,wire/pcap,0,0,0,0,0,0.0,0,0,0,none,0,none,0,0,0,no_alert_unknown,no_alert_not_final_benign,-1,dns,port
2025-07-19T23:03:03.767647+0700,103.195.142.74,118.98.44.20,48949,53,UDP,dns,,2171122059165732,wire/pcap,0,0,0,0,0,0.0,0,0,0,none,0,none,0,0,0,no_alert_unknown,no_alert_not_final_benign,-1,dns,port
2025-07-19T23:03:03.771442+0700,103.195.142.74,202.134.0.155,28745,53,UDP,dns,,2187421836066378,wire/pcap,0,0,0,0,0,0.0,0,0,0,none,0,none,0,0,0,no_alert_unknown,no_alert_not_final_benign,-1,dns,port
2025-07-19T23:03:03.771665+0700,103.195.142.74,118.98.44.20,58128,53,UDP,dns,,2188377555420483,wire/pcap,0,0,0,0,0,0.0,0,0,0,none,0,none,0,0,0,no_alert_unknown,no_alert_not_final_benign,-1,dns,port
2025-07-19T23:03:03.775306+0700,103.195.142.75,185.67.45.231,43981,53,UDP,dns,,2204014354638553,wire/pcap,0,0,0,0,0,0.0,0,0,0,none,0,none,0,0,0,no_alert_unknown,no_alert_not_final_benign,-1,dns,port
2025-07-19T23:03:03.781900+0700,103.195.142.74,118.98.44.20,48828,53,UDP,dns,,2232338453967709,wire/pcap,0,0,0,0,0,0.0,0,0,0,none,0,none,0,0,0,no_alert_unknown,no_alert_not_final_benign,-1,dns,port
2025-07-19T23:03:03.790996+0700,103.195.142.74,202.134.0.155,31897,53,UDP,dns,,1989928201162638,wire/pcap,0,0,0,0,0,0.0,0,0,0,none,0,none,0,0,0,no_alert_unknown,no_alert_not_final_benign,-1,dns,port
2025-07-19T23:03:03.804918+0700,103.195.142.74,118.98.44.50,55359,53,UDP,dns,,2049723960692987,wire/pcap,0,0,0,0,0,0.0,0,0,0,none,0,none,0,0,0,no_alert_unknown,no_alert_not_final_benign,-1,dns,port
2025-07-19T23:03:03.813722+0700,103.195.142.74,118.98.44.20,13850,53,UDP,dns,,2087538259618120,wire/pcap,0,0,0,0,0,0.0,0,0,0,none,0,none,0,0,0,no_alert_unknown,no_alert_not_final_benign,-1,dns,port
2025-07-19T23:03:03.817472+0700,103.195.142.74,202.134.0.155,52742,53,UDP,dns,,2103644445904072,wire/pcap,0,0,0,0,0,0.0,0,0,0,none,0,none,0,0,0,no_alert_unknown,no_alert_not_final_benign,-1,dns,port
2025-07-19T23:03:03.817556+0700,103.195.142.75,8.8.8.8,64700,53,UDP,dns,,2104002912264287,wire/pcap,0,0,0,0,0,0.0,0,0,0,none,0,none,0,0,0,no_alert_unknown,no_alert_not_final_benign,-1,dns,port
2025-07-19T23:03:03.825001+0700,103.195.142.237,8.8.8.8,5678,53,UDP,dns,,2135979387931304,wire/pcap,0,0,0,0,0,0.0,0,0,0,none,0,none,0,0,0,no_alert_unknown,no_alert_not_final_benign,-1,dns,port
2025-07-19T23:03:03.830364+0700,103.195.142.74,118.98.44.20,29761,53,UDP,flow,dns,1503449467144994,,1,1,0,102,0,0.0,1,102,0,none,0,none,0,0,0,no_alert_unknown,no_alert_not_final_benign,-1,dns,app_proto+port
2025-07-19T23:03:03.830392+0700,103.195.142.75,50.28.32.155,37015,53,UDP,flow,dns,1708526072384534,,1,1,0,74,0,0.0,1,74,0,none,0,none,0,0,0,no_alert_unknown,no_alert_not_final_benign,-1,dns,app_proto+port
2025-07-19T23:03:03.830461+0700,103.195.142.3,13.105.68.212,53,40296,UDP,flow,failed,1461237257489611,,1,1,0,178,0,0.0,1,178,0,none,0,none,0,0,0,no_alert_unknown,no_alert_not_final_benign,-1,dns,port
2025-07-19T23:03:03.830579+0700,103.195.142.109,87.98.154.119,53,3608,UDP,flow,failed,1970097840475590,,1,1,0,1437,0,0.0,1,1437,0,none,0,none,0,0,0,no_alert_unknown,no_alert_not_final_benign,-1,dns,port
2025-07-19T23:03:03.830625+0700,103.195.142.165,87.98.154.221,53,56223,UDP,flow,failed,1858187162111548,,1,1,0,1437,0,0.0,1,1437,0,none,0,none,0,0,0,no_alert_unknown,no_alert_not_final_benign,-1,dns,port
2025-07-19T23:03:03.830669+0700,103.195.142.74,118.98.44.100,39563,53,UDP,flow,dns,1631659666263665,,1,1,0,243,0,0.0,1,243,0,none,0,none,0,0,0,no_alert_unknown,no_alert_not_final_benign,-1,dns,app_proto+port
2025-07-19T23:03:03.830697+0700,103.195.142.196,87.98.154.119,53,6862,UDP,flow,failed,1982977303072452,,1,1,0,1437,0,0.0,1,1437,0,none,0,none,0,0,0,no_alert_unknown,no_alert_not_final_benign,-1,dns,port
2025-07-19T23:03:03.830767+0700,103.195.142.195,87.98.154.119,53,50891,UDP,flow,failed,2176839658786552,,1,1,0,1437,0,0.0,1,1437,0,none,0,none,0,0,0,no_alert_unknown,no_alert_not_final_benign,-1,dns,port
2025-07-19T23:03:03.830795+0700,103.195.142.109,87.98.154.237,53,52894,UDP,flow,failed,2167302839815930,,1,1,0,1437,0,0.0,1,1437,0,none,0,none,0,0,0,no_alert_unknown,no_alert_not_final_benign,-1,dns,port
2025-07-19T23:03:03.830853+0700,103.195.142.3,180.241.27.29,53,41165,UDP,flow,failed,1755678939434770,,1,1,0,126,0,0.0,1,126,0,none,0,none,0,0,0,no_alert_unknown,no_alert_not_final_benign,-1,dns,port
2025-07-19T23:03:03.831085+0700,103.195.142.2,173.252.87.130,53,16365,UDP,flow,failed,1707070829907806,,1,1,0,174,0,0.0,1,174,0,none,0,none,0,0,0,no_alert_unknown,no_alert_not_final_benign,-1,dns,port
2025-07-19T23:03:03.831172+0700,103.195.142.75,8.8.8.8,56563,53,UDP,flow,dns,1542314599599991,,1,1,0,74,0,0.0,1,74,0,none,0,none,0,0,0,no_alert_unknown,no_alert_not_final_benign,-1,dns,app_proto+port
2025-07-19T23:03:03.831197+0700,103.195.142.75,8.8.8.8,47254,53,UDP,flow,dns,1844846856523676,,1,1,0,75,0,0.0,1,75,0,none,0,none,0,0,0,no_alert_unknown,no_alert_not_final_benign,-1,dns,app_proto+port
2025-07-19T23:03:03.831245+0700,103.195.142.74,118.98.44.50,50240,53,UDP,flow,dns,1699435573170104,,1,1,0,85,0,0.0,1,85,0,none,0,none,0,0,0,no_alert_unknown,no_alert_not_final_benign,-1,dns,app_proto+port
2025-07-19T23:03:03.831334+0700,103.195.142.46,87.98.154.119,53,4798,UDP,flow,failed,2135516894941139,,1,1,0,1437,0,0.0,1,1437,0,none,0,none,0,0,0,no_alert_unknown,no_alert_not_final_benign,-1,dns,port
2025-07-19T23:03:03.831367+0700,103.195.142.74,118.98.44.20,26349,53,UDP,flow,dns,1750412673044488,,1,1,0,184,0,0.0,1,184,0,none,0,none,0,0,0,no_alert_unknown,no_alert_not_final_benign,-1,dns,app_proto+port
2025-07-19T23:03:03.831388+0700,103.195.142.109,87.98.154.93,53,64126,UDP,flow,failed,1868224089378863,,1,2,0,2874,0,7.0,2,2874,0,none,0,none,0,0,0,no_alert_unknown,no_alert_not_final_benign,-1,dns,port
2025-07-19T23:03:03.831467+0700,103.195.142.76,87.98.154.119,53,40428,UDP,flow,failed,1806256454455410,,1,1,0,1469,0,0.0,1,1469,0,none,0,none,0,0,0,no_alert_unknown,no_alert_not_final_benign,-1,dns,port
2025-07-19T23:03:03.831498+0700,103.195.142.165,87.98.154.137,53,26610,UDP,flow,failed,1932355375485232,,1,1,0,1437,0,0.0,1,1437,0,none,0,none,0,0,0,no_alert_unknown,no_alert_not_final_benign,-1,dns,port
2025-07-19T23:03:03.831518+0700,103.195.142.195,87.98.154.80,53,7394,UDP,flow,failed,2187961223827845,,1,1,0,1437,0,0.0,1,1437,0,none,0,none,0,0,0,no_alert_unknown,no_alert_not_final_benign,-1,dns,port
2025-07-19T23:03:03.831629+0700,103.195.142.75,8.8.8.8,38411,53,UDP,flow,dns,1477242364777016,,1,1,0,77,0,0.0,1,77,0,none,0,none,0,0,0,no_alert_unknown,no_alert_not_final_benign,-1,dns,app_proto+port
2025-07-19T23:03:03.831668+0700,103.195.142.165,87.98.154.73,53,2085,UDP,flow,failed,1675822168560270,,1,1,0,1437,0,0.0,1,1437,0,none,0,none,0,0,0,no_alert_unknown,no_alert_not_final_benign,-1,dns,port
2025-07-19T23:03:03.831691+0700,103.195.142.74,118.98.44.50,62437,53,UDP,flow,dns,1429161035453132,,1,2,0,204,0,8.0,2,204,0,none,0,none,0,0,0,no_alert_unknown,no_alert_not_final_benign,-1,dns,app_proto+port
2025-07-19T23:03:03.831713+0700,103.195.142.83,87.98.154.234,53,23891,UDP,flow,failed,1744853168968407,,1,1,0,1190,0,0.0,1,1190,0,none,0,none,0,0,0,no_alert_unknown,no_alert_not_final_benign,-1,dns,port
2025-07-19T23:03:03.831831+0700,103.195.142.195,87.98.154.119,53,21814,UDP,flow,failed,1666396722123766,,1,1,0,1437,0,0.0,1,1437,0,none,0,none,0,0,0,no_alert_unknown,no_alert_not_final_benign,-1,dns,port
2025-07-19T23:03:03.831886+0700,103.195.142.74,50.28.104.44,30511,53,UDP,flow,dns,1767660184163381,,1,1,0,91,0,0.0,1,91,0,none,0,none,0,0,0,no_alert_unknown,no_alert_not_final_benign,-1,dns,app_proto+port
2025-07-19T23:03:03.831913+0700,103.195.142.74,202.134.0.155,18693,53,UDP,flow,dns,27135170663574,,1,2,0,204,0,5.0,2,204,0,none,0,none,0,0,0,no_alert_unknown,no_alert_not_final_benign,-1,dns,app_proto+port
2025-07-19T23:03:03.832008+0700,103.195.142.196,87.98.154.133,53,19757,UDP,flow,failed,2188390558422307,,1,1,0,1437,0,0.0,1,1437,0,none,0,none,0,0,0,no_alert_unknown,no_alert_not_final_benign,-1,dns,port
2025-07-19T23:03:03.832027+0700,103.195.142.165,87.98.154.41,53,42454,UDP,flow,failed,1982930924623143,,1,1,0,1437,0,0.0,1,1437,0,none,0,none,0,0,0,no_alert_unknown,no_alert_not_final_benign,-1,dns,port
2025-07-19T23:03:03.832091+0700,103.195.142.46,87.98.154.119,53,10176,UDP,flow,failed,2154870904608306,,1,1,0,1437,0,0.0,1,1437,0,none,0,none,0,0,0,no_alert_unknown,no_alert_not_final_benign,-1,dns,port
2025-07-19T23:03:03.832134+0700,103.195.142.83,87.98.154.118,53,1914,UDP,flow,failed,1752277450643035,,1,1,0,1190,0,0.0,1,1190,0,none,0,none,0,0,0,no_alert_unknown,no_alert_not_final_benign,-1,dns,port
2025-07-19T23:03:03.832207+0700,103.195.142.3,172.253.211.85,53,42192,UDP,flow,failed,2234598025811768,,1,1,0,165,0,0.0,1,165,0,none,0,none,0,0,0,no_alert_unknown,no_alert_not_final_benign,-1,dns,port
2025-07-19T23:03:03.832229+0700,103.195.142.74,118.98.44.20,45497,53,UDP,flow,dns,1932238185191245,,1,1,0,68,0,0.0,1,68,0,none,0,none,0,0,0,no_alert_unknown,no_alert_not_final_benign,-1,dns,app_proto+port
2025-07-19T23:03:03.832250+0700,103.195.142.74,202.134.0.155,49073,53,UDP,flow,dns,1722810589271888,,1,1,0,223,0,0.0,1,223,0,none,0,none,0,0,0,no_alert_unknown,no_alert_not_final_benign,-1,dns,app_proto+port
2025-07-19T23:03:03.832323+0700,103.195.142.195,87.98.154.72,53,16720,UDP,flow,failed,1699170271975507,,1,1,0,1437,0,0.0,1,1437,0,none,0,none,0,0,0,no_alert_unknown,no_alert_not_final_benign,-1,dns,port
2025-07-19T23:03:03.832371+0700,103.195.142.195,87.98.154.164,53,55880,UDP,flow,failed,1933706204239978,,1,1,0,1437,0,0.0,1,1437,0,none,0,none,0,0,0,no_alert_unknown,no_alert_not_final_benign,-1,dns,port
2025-07-19T23:03:03.832391+0700,103.195.142.195,87.98.154.108,53,11186,UDP,flow,failed,2018464850270352,,1,1,0,1437,0,0.0,1,1437,0,none,0,none,0,0,0,no_alert_unknown,no_alert_not_final_benign,-1,dns,port
2025-07-19T23:03:03.832422+0700,103.195.142.74,118.98.44.20,25709,53,UDP,flow,dns,1714712371812554,,1,1,0,88,0,0.0,1,88,0,none,0,none,0,0,0,no_alert_unknown,no_alert_not_final_benign,-1,dns,app_proto+port
2025-07-19T23:03:03.832443+0700,103.195.142.76,87.98.154.119,53,7005,UDP,flow,failed,2131089855502541,,1,1,0,1469,0,0.0,1,1469,0,none,0,none,0,0,0,no_alert_unknown,no_alert_not_final_benign,-1,dns,port
2025-07-19T23:03:03.832506+0700,103.195.142.74,118.98.44.50,36110,53,UDP,flow,dns,1502195340826925,,1,1,0,83,0,0.0,1,83,0,none,0,none,0,0,0,no_alert_unknown,no_alert_not_final_benign,-1,dns,app_proto+port
2025-07-19T23:03:03.832528+0700,103.195.142.83,87.98.154.150,53,59461,UDP,flow,failed,2051078052993349,,1,1,0,1190,0,0.0,1,1190,0,none,0,none,0,0,0,no_alert_unknown,no_alert_not_final_benign,-1,dns,port
2025-07-19T23:03:03.832576+0700,103.195.142.109,87.98.154.121,53,51736,UDP,flow,failed,1876019059186215,,1,1,0,1437,0,0.0,1,1437,0,none,0,none,0,0,0,no_alert_unknown,no_alert_not_final_benign,-1,dns,port
2025-07-19T23:03:03.832640+0700,103.195.142.46,87.98.154.71,53,17429,UDP,flow,failed,1149630425881188,,1,2,0,2874,0,3.0,2,2874,0,none,0,none,0,0,0,no_alert_unknown,no_alert_not_final_benign,-1,dns,port
2025-07-19T23:03:03.832681+0700,103.195.142.74,118.98.44.100,58351,53,UDP,flow,dns,2153557157829225,,1,1,0,223,0,0.0,1,223,0,none,0,none,0,0,0,no_alert_unknown,no_alert_not_final_benign,-1,dns,app_proto+port
2025-07-19T23:03:03.832759+0700,103.195.142.46,87.98.154.59,53,33850,UDP,flow,failed,2219947032599226,,1,1,0,1437,0,0.0,1,1437,0,none,0,none,0,0,0,no_alert_unknown,no_alert_not_final_benign,-1,dns,port
2025-07-19T23:03:03.832779+0700,103.195.142.196,87.98.154.119,53,4027,UDP,flow,failed,2061755940100933,,1,1,0,1437,0,0.0,1,1437,0,none,0,none,0,0,0,no_alert_unknown,no_alert_not_final_benign,-1,dns,port
2025-07-19T23:03:03.832942+0700,103.195.142.74,118.98.44.20,45175,53,UDP,flow,dns,1650313263995786,,1,1,0,196,0,0.0,1,196,0,none,0,none,0,0,0,no_alert_unknown,no_alert_not_final_benign,-1,dns,app_proto+port
2025-07-19T23:03:03.832995+0700,103.195.142.74,118.98.44.100,55267,53,UDP,flow,dns,1490085588065460,,1,1,0,214,0,0.0,1,214,0,none,0,none,0,0,0,no_alert_unknown,no_alert_not_final_benign,-1,dns,app_proto+port
2025-07-19T23:03:03.833017+0700,103.195.142.74,118.98.44.100,63106,53,UDP,flow,dns,1544627582754150,,1,1,0,84,0,0.0,1,84,0,none,0,none,0,0,0,no_alert_unknown,no_alert_not_final_benign,-1,dns,app_proto+port
2025-07-19T23:03:03.833058+0700,103.195.142.74,69.39.238.36,23080,53,UDP,flow,dns,1494421597740541,,1,1,0,85,0,0.0,1,85,0,none,0,none,0,0,0,no_alert_unknown,no_alert_not_final_benign,-1,dns,app_proto+port
2025-07-19T23:03:03.833079+0700,103.195.142.195,87.98.154.119,53,53939,UDP,flow,failed,1419500161949239,,1,1,0,1437,0,0.0,1,1437,0,none,0,none,0,0,0,no_alert_unknown,no_alert_not_final_benign,-1,dns,port
2025-07-19T23:03:03.833118+0700,103.195.142.74,118.98.44.20,58909,53,UDP,flow,dns,2104876230401785,,1,1,0,241,0,0.0,1,241,0,none,0,none,0,0,0,no_alert_unknown,no_alert_not_final_benign,-1,dns,app_proto+port
2025-07-19T23:03:03.833140+0700,103.195.142.74,118.98.44.100,62747,53,UDP,flow,dns,1952509214940934,,1,1,0,223,0,0.0,1,223,0,none,0,none,0,0,0,no_alert_unknown,no_alert_not_final_benign,-1,dns,app_proto+port
2025-07-19T23:03:03.833173+0700,103.195.142.195,87.98.154.224,53,25538,UDP,flow,failed,2164922329620343,,1,1,0,1437,0,0.0,1,1437,0,none,0,none,0,0,0,no_alert_unknown,no_alert_not_final_benign,-1,dns,port
2025-07-19T23:03:03.833211+0700,103.195.142.76,87.98.154.210,53,30972,UDP,flow,failed,2085929391906703,,1,1,0,1469,0,0.0,1,1469,0,none,0,none,0,0,0,no_alert_unknown,no_alert_not_final_benign,-1,dns,port
2025-07-19T23:03:03.833232+0700,103.195.142.74,118.98.44.100,15919,53,UDP,flow,dns,1936403270623141,,1,1,0,79,0,0.0,1,79,0,none,0,none,0,0,0,no_alert_unknown,no_alert_not_final_benign,-1,dns,app_proto+port
2025-07-19T23:03:03.833254+0700,103.195.142.74,202.134.0.155,24244,53,UDP,flow,dns,2108099532382177,,1,1,0,241,0,0.0,1,241,0,none,0,none,0,0,0,no_alert_unknown,no_alert_not_final_benign,-1,dns,app_proto+port
2025-07-19T23:03:03.833277+0700,103.195.142.74,202.134.0.155,7635,53,UDP,flow,dns,2190012436668410,,1,1,0,87,0,0.0,1,87,0,none,0,none,0,0,0,no_alert_unknown,no_alert_not_final_benign,-1,dns,app_proto+port
2025-07-19T23:03:03.833317+0700,103.195.142.75,8.8.8.8,13945,53,UDP,flow,dns,2165228672475399,,1,1,0,232,0,0.0,1,232,0,none,0,none,0,0,0,no_alert_unknown,no_alert_not_final_benign,-1,dns,app_proto+port
2025-07-19T23:03:03.833338+0700,103.195.142.74,202.134.0.155,50275,53,UDP,flow,dns,1531539502555407,,1,1,0,243,0,0.0,1,243,0,none,0,none,0,0,0,no_alert_unknown,no_alert_not_final_benign,-1,dns,app_proto+port
2025-07-19T23:03:03.833381+0700,103.195.142.74,118.98.44.100,40494,53,UDP,flow,dns,1998287442895276,,1,1,0,232,0,0.0,1,232,0,none,0,none,0,0,0,no_alert_unknown,no_alert_not_final_benign,-1,dns,app_proto+port
2025-07-19T23:03:03.833402+0700,103.195.142.76,87.98.154.119,53,7878,UDP,flow,failed,1754346696958429,,1,1,0,1469,0,0.0,1,1469,0,none,0,none,0,0,0,no_alert_unknown,no_alert_not_final_benign,-1,dns,port
2025-07-19T23:03:03.833421+0700,103.195.142.46,87.98.154.117,53,10550,UDP,flow,failed,1461746627666458,,1,1,0,1437,0,0.0,1,1437,0,none,0,none,0,0,0,no_alert_unknown,no_alert_not_final_benign,-1,dns,port
2025-07-19T23:03:03.833476+0700,103.195.142.196,87.98.154.245,53,59295,UDP,flow,failed,1114461883884375,,1,3,0,4311,0,10.0,3,4311,0,none,0,none,0,0,0,no_alert_unknown,no_alert_not_final_benign,-1,dns,port
2025-07-19T23:03:03.833504+0700,103.195.142.74,202.134.0.155,51873,53,UDP,flow,dns,1836769601151849,,1,1,0,79,0,0.0,1,79,0,none,0,none,0,0,0,no_alert_unknown,no_alert_not_final_benign,-1,dns,app_proto+port
2025-07-19T23:03:03.833526+0700,103.195.142.74,118.98.44.50,44296,53,UDP,flow,dns,1553609675465577,,1,1,0,96,0,0.0,1,96,0,none,0,none,0,0,0,no_alert_unknown,no_alert_not_final_benign,-1,dns,app_proto+port
2025-07-19T23:03:03.833569+0700,103.195.142.75,8.8.8.8,50662,53,UDP,flow,dns,2160771619447734,,1,1,0,220,0,0.0,1,220,0,none,0,none,0,0,0,no_alert_unknown,no_alert_not_final_benign,-1,dns,app_proto+port
2025-07-19T23:03:03.833590+0700,103.195.142.74,202.134.0.155,21901,53,UDP,flow,dns,1937479603610570,,1,1,0,223,0,0.0,1,223,0,none,0,none,0,0,0,no_alert_unknown,no_alert_not_final_benign,-1,dns,app_proto+port
2025-07-19T23:03:03.833615+0700,103.195.142.75,8.8.8.8,27073,53,UDP,flow,dns,1603079650698186,,1,1,0,214,0,0.0,1,214,0,none,0,none,0,0,0,no_alert_unknown,no_alert_not_final_benign,-1,dns,app_proto+port
2025-07-19T23:03:03.833635+0700,103.195.142.2,173.252.87.130,53,37239,UDP,flow,failed,1901000040670159,,1,1,0,189,0,0.0,1,189,0,none,0,none,0,0,0,no_alert_unknown,no_alert_not_final_benign,-1,dns,port
2025-07-19T23:03:03.833658+0700,103.195.142.74,118.98.44.50,32931,53,UDP,flow,dns,2037248175924198,,1,1,0,211,0,0.0,1,211,0,none,0,none,0,0,0,no_alert_unknown,no_alert_not_final_benign,-1,dns,app_proto+port
2025-07-19T23:03:03.833678+0700,103.195.142.74,202.134.0.155,3033,53,UDP,flow,dns,2202626029544463,,1,1,0,232,0,0.0,1,232,0,none,0,none,0,0,0,no_alert_unknown,no_alert_not_final_benign,-1,dns,app_proto+port
2025-07-19T23:03:03.833699+0700,103.195.142.196,87.98.154.129,53,27749,UDP,flow,failed,1605496457618482,,1,1,0,1437,0,0.0,1,1437,0,none,0,none,0,0,0,no_alert_unknown,no_alert_not_final_benign,-1,dns,port
2025-07-19T23:03:03.833718+0700,103.195.142.165,87.98.154.53,53,3295,UDP,flow,failed,1287017104893134,,1,2,0,2874,0,10.0,2,2874,0,none,0,none,0,0,0,no_alert_unknown,no_alert_not_final_benign,-1,dns,port
2025-07-19T23:03:03.833746+0700,103.195.142.195,87.98.154.118,53,23566,UDP,flow,failed,2249159082665284,,1,1,0,1437,0,0.0,1,1437,0,none,0,none,0,0,0,no_alert_unknown,no_alert_not_final_benign,-1,dns,port
2025-07-19T23:03:03.833765+0700,103.195.142.2,172.217.43.144,53,52352,UDP,flow,failed,2015083253032526,,1,1,0,163,0,0.0,1,163,0,none,0,none,0,0,0,no_alert_unknown,no_alert_not_final_benign,-1,dns,port
2025-07-19T23:03:03.833803+0700,103.195.142.83,87.98.154.119,53,55589,UDP,flow,failed,1687730690549440,,1,1,0,1190,0,0.0,1,1190,0,none,0,none,0,0,0,no_alert_unknown,no_alert_not_final_benign,-1,dns,port
2025-07-19T23:03:03.833821+0700,103.195.142.74,118.98.44.20,27641,53,UDP,flow,dns,2103387890476787,,1,1,0,211,0,0.0,1,211,0,none,0,none,0,0,0,no_alert_unknown,no_alert_not_final_benign,-1,dns,app_proto+port
2025-07-19T23:03:03.833841+0700,103.195.142.74,202.134.0.155,47276,53,UDP,flow,dns,1542712999831416,,1,1,0,74,0,0.0,1,74,0,none,0,none,0,0,0,no_alert_unknown,no_alert_not_final_benign,-1,dns,app_proto+port
2025-07-19T23:03:03.833861+0700,103.195.142.109,87.98.154.149,53,18269,UDP,flow,failed,1718669723592645,,1,1,0,1437,0,0.0,1,1437,0,none,0,none,0,0,0,no_alert_unknown,no_alert_not_final_benign,-1,dns,port
2025-07-19T23:03:03.833894+0700,103.195.142.83,87.98.154.6,53,39465,UDP,flow,failed,1479964889671689,,1,1,0,1190,0,0.0,1,1190,0,none,0,none,0,0,0,no_alert_unknown,no_alert_not_final_benign,-1,dns,port
2025-07-19T23:03:03.833942+0700,103.195.142.31,8.8.8.8,22802,53,UDP,flow,dns,2198768993658944,,1,1,0,78,0,0.0,1,78,0,none,0,none,0,0,0,no_alert_unknown,no_alert_not_final_benign,-1,dns,app_proto+port
2025-07-19T23:03:03.833977+0700,103.195.142.196,87.98.154.45,53,5526,UDP,flow,failed,1797138835597402,,1,1,0,1437,0,0.0,1,1437,0,none,0,none,0,0,0,no_alert_unknown,no_alert_not_final_benign,-1,dns,port
2025-07-19T23:03:03.834012+0700,103.195.142.2,20.194.131.228,53,54601,UDP,flow,failed,2116356560545886,,1,1,0,133,0,0.0,1,133,0,none,0,none,0,0,0,no_alert_unknown,no_alert_not_final_benign,-1,dns,port
2025-07-19T23:03:03.834081+0700,103.195.142.74,118.98.44.20,43401,53,UDP,flow,dns,2070284320073840,,1,1,0,243,0,0.0,1,243,0,none,0,none,0,0,0,no_alert_unknown,no_alert_not_final_benign,-1,dns,app_proto+port
2025-07-19T23:03:03.834230+0700,103.195.142.76,87.98.154.10,53,2623,UDP,flow,failed,1465083029121347,,1,1,0,1469,0,0.0,1,1469,0,none,0,none,0,0,0,no_alert_unknown,no_alert_not_final_benign,-1,dns,port
2025-07-19T23:03:03.834250+0700,103.195.142.76,87.98.154.119,53,41262,UDP,flow,failed,1533906591377792,,1,1,0,1469,0,0.0,1,1469,0,none,0,none,0,0,0,no_alert_unknown,no_alert_not_final_benign,-1,dns,port
2025-07-19T23:03:03.834285+0700,103.195.142.196,87.98.154.119,53,61161,UDP,flow,failed,1707827718482372,,1,1,0,1437,0,0.0,1,1437,0,none,0,none,0,0,0,no_alert_unknown,no_alert_not_final_benign,-1,dns,port
2025-07-19T23:03:03.834324+0700,103.195.142.76,87.98.154.146,53,37635,UDP,flow,failed,1744404370582014,,1,1,0,1469,0,0.0,1,1469,0,none,0,none,0,0,0,no_alert_unknown,no_alert_not_final_benign,-1,dns,port
2025-07-19T23:03:03.834363+0700,103.195.142.2,172.253.196.86,53,49415,UDP,flow,failed,1559835516693033,,1,1,0,178,0,0.0,1,178,0,none,0,none,0,0,0,no_alert_unknown,no_alert_not_final_benign,-1,dns,port
2025-07-19T23:03:03.834409+0700,103.195.142.74,118.98.44.100,35914,53,UDP,flow,dns,1752535463717467,,1,1,0,178,0,0.0,1,178,0,none,0,none,0,0,0,no_alert_unknown,no_alert_not_final_benign,-1,dns,app_proto+port
2025-07-19T23:03:03.834430+0700,103.195.142.75,8.8.8.8,39076,53,UDP,flow,dns,1713033953307230,,1,1,0,89,0,0.0,1,89,0,none,0,none,0,0,0,no_alert_unknown,no_alert_not_final_benign,-1,dns,app_proto+port
2025-07-19T23:03:03.834449+0700,103.195.142.46,87.98.154.83,53,30914,UDP,flow,failed,2070414578772644,,1,1,0,1437,0,0.0,1,1437,0,none,0,none,0,0,0,no_alert_unknown,no_alert_not_final_benign,-1,dns,port
2025-07-19T23:03:03.834468+0700,103.195.142.83,87.98.154.119,53,46103,UDP,flow,failed,1579854018079575,,1,1,0,1190,0,0.0,1,1190,0,none,0,none,0,0,0,no_alert_unknown,no_alert_not_final_benign,-1,dns,port
2025-07-19T23:03:03.834486+0700,103.195.142.74,118.98.44.100,35861,53,UDP,flow,dns,2025127706651487,,1,1,0,88,0,0.0,1,88,0,none,0,none,0,0,0,no_alert_unknown,no_alert_not_final_benign,-1,dns,app_proto+port
2025-07-19T23:03:03.834526+0700,103.195.142.109,87.98.154.113,53,4953,UDP,flow,failed,1666347143162993,,1,1,0,1437,0,0.0,1,1437,0,none,0,none,0,0,0,no_alert_unknown,no_alert_not_final_benign,-1,dns,port
2025-07-19T23:03:03.834545+0700,103.195.142.109,87.98.154.177,53,35531,UDP,flow,failed,1788857485323440,,1,1,0,1437,0,0.0,1,1437,0,none,0,none,0,0,0,no_alert_unknown,no_alert_not_final_benign,-1,dns,port
2025-07-19T23:03:03.834568+0700,103.195.142.109,87.98.154.119,53,22487,UDP,flow,failed,1429260786035983,,1,1,0,1437,0,0.0,1,1437,0,none,0,none,0,0,0,no_alert_unknown,no_alert_not_final_benign,-1,dns,port
2025-07-19T23:03:03.834587+0700,103.195.142.74,118.98.44.100,15340,53,UDP,flow,dns,1959222597741883,,1,1,0,68,0,0.0,1,68,0,none,0,none,0,0,0,no_alert_unknown,no_alert_not_final_benign,-1,dns,app_proto+port
2025-07-19T23:03:03.834607+0700,103.195.142.109,87.98.154.5,53,30899,UDP,flow,failed,1682676072213847,,1,1,0,1437,0,0.0,1,1437,0,none,0,none,0,0,0,no_alert_unknown,no_alert_not_final_benign,-1,dns,port
2025-07-19T23:03:03.834645+0700,103.195.142.195,87.98.154.164,53,25955,UDP,flow,failed,1885350420245880,,1,1,0,1437,0,0.0,1,1437,0,none,0,none,0,0,0,no_alert_unknown,no_alert_not_final_benign,-1,dns,port
2025-07-19T23:03:03.834664+0700,103.195.142.195,87.98.154.124,53,47679,UDP,flow,failed,1641070379560314,,1,1,0,1437,0,0.0,1,1437,0,none,0,none,0,0,0,no_alert_unknown,no_alert_not_final_benign,-1,dns,port
2025-07-19T23:03:03.834682+0700,103.195.142.74,118.98.44.50,35381,53,UDP,flow,dns,2018933885791720,,1,1,0,232,0,0.0,1,232,0,none,0,none,0,0,0,no_alert_unknown,no_alert_not_final_benign,-1,dns,app_proto+port
2025-07-19T23:03:03.834730+0700,103.195.142.165,87.98.154.25,53,13719,UDP,flow,failed,1548204551728716,,1,2,0,2874,0,10.0,2,2874,0,none,0,none,0,0,0,no_alert_unknown,no_alert_not_final_benign,-1,dns,port
2025-07-19T23:03:03.834751+0700,103.195.142.2,141.101.97.190,53,9444,UDP,flow,failed,1505569267674753,,1,1,0,174,0,0.0,1,174,0,none,0,none,0,0,0,no_alert_unknown,no_alert_not_final_benign,-1,dns,port
2025-07-19T23:03:03.834785+0700,103.195.142.76,87.98.154.238,53,18148,UDP,flow,failed,1832321661955744,,1,1,0,1469,0,0.0,1,1469,0,none,0,none,0,0,0,no_alert_unknown,no_alert_not_final_benign,-1,dns,port
2025-07-19T23:03:03.834803+0700,103.195.142.74,118.98.44.100,32939,53,UDP,flow,dns,1549026484055717,,1,1,0,66,0,0.0,1,66,0,none,0,none,0,0,0,no_alert_unknown,no_alert_not_final_benign,-1,dns,app_proto+port
2025-07-19T23:03:03.834823+0700,103.195.142.74,118.98.44.50,12819,53,UDP,flow,dns,2220572122902248,,1,1,0,95,0,0.0,1,95,0,none,0,none,0,0,0,no_alert_unknown,no_alert_not_final_benign,-1,dns,app_proto+port
2025-07-19T23:03:03.834893+0700,103.195.142.46,87.98.154.119,53,25646,UDP,flow,failed,1690424091701121,,1,1,0,1437,0,0.0,1,1437,0,none,0,none,0,0,0,no_alert_unknown,no_alert_not_final_benign,-1,dns,port
2025-07-19T23:03:03.834911+0700,103.195.142.74,202.134.0.155,30397,53,UDP,flow,dns,1719570494812199,,1,1,0,101,0,0.0,1,101,0,none,0,none,0,0,0,no_alert_unknown,no_alert_not_final_benign,-1,dns,app_proto+port
2025-07-19T23:03:03.834931+0700,103.195.142.109,87.98.154.119,53,51676,UDP,flow,failed,1408382391971927,,1,1,0,1437,0,0.0,1,1437,0,none,0,none,0,0,0,no_alert_unknown,no_alert_not_final_benign,-1,dns,port
2025-07-19T23:03:03.834972+0700,103.195.142.165,87.98.154.118,53,1569,UDP,flow,failed,2236784138088725,,1,1,0,1437,0,0.0,1,1437,0,none,0,none,0,0,0,no_alert_unknown,no_alert_not_final_benign,-1,dns,port
2025-07-19T23:03:03.834990+0700,103.195.142.165,87.98.154.193,53,30771,UDP,flow,failed,1723611892707917,,1,1,0,1437,0,0.0,1,1437,0,none,0,none,0,0,0,no_alert_unknown,no_alert_not_final_benign,-1,dns,port
2025-07-19T23:03:03.835014+0700,103.195.142.195,87.98.154.248,53,14245,UDP,flow,failed,1426204631528026,,1,1,0,1437,0,0.0,1,1437,0,none,0,none,0,0,0,no_alert_unknown,no_alert_not_final_benign,-1,dns,port
2025-07-19T23:03:03.835032+0700,103.195.142.195,87.98.154.119,53,40670,UDP,flow,failed,1771475374535303,,1,1,0,1437,0,0.0,1,1437,0,none,0,none,0,0,0,no_alert_unknown,no_alert_not_final_benign,-1,dns,port
2025-07-19T23:03:03.835072+0700,103.195.142.195,87.98.154.192,53,22865,UDP,flow,failed,1575153136005978,,1,1,0,1437,0,0.0,1,1437,0,none,0,none,0,0,0,no_alert_unknown,no_alert_not_final_benign,-1,dns,port
2025-07-19T23:03:03.835091+0700,103.195.142.196,87.98.154.73,53,44151,UDP,flow,failed,1540891852567398,,1,1,0,1437,0,0.0,1,1437,0,none,0,none,0,0,0,no_alert_unknown,no_alert_not_final_benign,-1,dns,port
2025-07-19T23:03:03.835278+0700,103.195.142.165,87.98.154.119,53,63065,UDP,flow,failed,1600710670513517,,1,1,0,1437,0,0.0,1,1437,0,none,0,none,0,0,0,no_alert_unknown,no_alert_not_final_benign,-1,dns,port
2025-07-19T23:03:03.835391+0700,103.195.142.74,202.134.0.155,24994,53,UDP,flow,dns,1776452266194526,,1,1,0,91,0,0.0,1,91,0,none,0,none,0,0,0,no_alert_unknown,no_alert_not_final_benign,-1,dns,app_proto+port
2025-07-19T23:03:03.835456+0700,103.195.142.109,87.98.154.149,53,14623,UDP,flow,failed,1728939112232548,,1,1,0,1437,0,0.0,1,1437,0,none,0,none,0,0,0,no_alert_unknown,no_alert_not_final_benign,-1,dns,port
2025-07-19T23:03:03.835478+0700,103.195.142.76,87.98.154.119,53,7104,UDP,flow,failed,1429481177052776,,1,1,0,1469,0,0.0,1,1469,0,none,0,none,0,0,0,no_alert_unknown,no_alert_not_final_benign,-1,dns,port
2025-07-19T23:03:03.835615+0700,103.195.142.74,202.134.0.155,64445,53,UDP,flow,dns,2223800213075658,,1,1,0,85,0,0.0,1,85,0,none,0,none,0,0,0,no_alert_unknown,no_alert_not_final_benign,-1,dns,app_proto+port
2025-07-19T23:03:03.835694+0700,103.195.142.46,87.98.154.119,53,53372,UDP,flow,failed,1829365458761475,,1,1,0,1437,0,0.0,1,1437,0,none,0,none,0,0,0,no_alert_unknown,no_alert_not_final_benign,-1,dns,port
2025-07-19T23:03:03.835717+0700,103.195.142.196,87.98.154.157,53,40481,UDP,flow,failed,1543952446617358,,1,1,0,1437,0,0.0,1,1437,0,none,0,none,0,0,0,no_alert_unknown,no_alert_not_final_benign,-1,dns,port
2025-07-19T23:03:03.835740+0700,103.195.142.76,87.98.154.119,53,62538,UDP,flow,failed,2097966901590176,,1,1,0,1469,0,0.0,1,1469,0,none,0,none,0,0,0,no_alert_unknown,no_alert_not_final_benign,-1,dns,port
2025-07-19T23:03:03.835782+0700,103.195.142.83,87.98.154.38,53,35468,UDP,flow,failed,1854922732370100,,1,3,0,3570,0,9.0,3,3570,0,none,0,none,0,0,0,no_alert_unknown,no_alert_not_final_benign,-1,dns,port
2025-07-19T23:03:03.835814+0700,103.195.142.75,8.8.8.8,33502,53,UDP,flow,dns,1545299533789535,,1,1,0,184,0,0.0,1,184,0,none,0,none,0,0,0,no_alert_unknown,no_alert_not_final_benign,-1,dns,app_proto+port
2025-07-19T23:03:03.835894+0700,103.195.142.75,8.8.8.8,60374,53,UDP,flow,dns,2160328488483253,,1,1,0,223,0,0.0,1,223,0,none,0,none,0,0,0,no_alert_unknown,no_alert_not_final_benign,-1,dns,app_proto+port
2025-07-19T23:03:03.835952+0700,103.195.142.74,118.98.44.20,1673,53,UDP,flow,dns,1602630669859375,,1,1,0,90,0,0.0,1,90,0,none,0,none,0,0,0,no_alert_unknown,no_alert_not_final_benign,-1,dns,app_proto+port
2025-07-19T23:03:03.836048+0700,103.195.142.74,118.98.44.100,57122,53,UDP,flow,dns,1605567621135159,,1,1,0,88,0,0.0,1,88,0,none,0,none,0,0,0,no_alert_unknown,no_alert_not_final_benign,-1,dns,app_proto+port
2025-07-19T23:03:03.836135+0700,103.195.142.195,87.98.154.164,53,29106,UDP,flow,failed,1461627563899732,,1,1,0,1437,0,0.0,1,1437,0,none,0,none,0,0,0,no_alert_unknown,no_alert_not_final_benign,-1,dns,port
2025-07-19T23:03:03.836166+0700,103.195.142.74,118.98.44.20,30210,53,UDP,flow,dns,1573354060807015,,1,1,0,106,0,0.0,1,106,0,none,0,none,0,0,0,no_alert_unknown,no_alert_not_final_benign,-1,dns,app_proto+port
2025-07-19T23:03:03.836218+0700,103.195.142.74,118.98.44.20,54881,53,UDP,flow,dns,1865596459776876,,1,1,0,100,0,0.0,1,100,0,none,0,none,0,0,0,no_alert_unknown,no_alert_not_final_benign,-1,dns,app_proto+port
2025-07-19T23:03:03.836242+0700,103.195.142.74,202.134.0.155,14595,53,UDP,flow,dns,2207119619947496,,1,1,0,211,0,0.0,1,211,0,none,0,none,0,0,0,no_alert_unknown,no_alert_not_final_benign,-1,dns,app_proto+port
2025-07-19T23:03:03.836301+0700,103.195.142.3,141.101.97.190,53,46075,UDP,flow,failed,1458269812653324,,1,1,0,184,0,0.0,1,184,0,none,0,none,0,0,0,no_alert_unknown,no_alert_not_final_benign,-1,dns,port
2025-07-19T23:03:03.836380+0700,103.195.142.46,87.98.154.118,53,7489,UDP,flow,failed,1548525186219328,,1,1,0,1437,0,0.0,1,1437,0,none,0,none,0,0,0,no_alert_unknown,no_alert_not_final_benign,-1,dns,port
2025-07-19T23:03:03.836492+0700,103.195.142.3,13.78.105.87,53,49635,UDP,flow,failed,2188064880295430,,1,1,0,136,0,0.0,1,136,0,none,0,none,0,0,0,no_alert_unknown,no_alert_not_final_benign,-1,dns,port
2025-07-19T23:03:03.836573+0700,103.195.142.195,87.98.154.52,53,27442,UDP,flow,failed,1375006570217184,,1,3,0,4311,0,10.0,3,4311,0,none,0,none,0,0,0,no_alert_unknown,no_alert_not_final_benign,-1,dns,port
2025-07-19T23:03:03.836605+0700,103.195.142.74,118.98.44.20,25010,53,UDP,flow,dns,2246455640948494,,1,1,0,88,0,0.0,1,88,0,none,0,none,0,0,0,no_alert_unknown,no_alert_not_final_benign,-1,dns,app_proto+port
2025-07-19T23:03:03.836641+0700,103.195.142.196,87.98.154.119,53,58440,UDP,flow,failed,1767718152929038,,1,1,0,1437,0,0.0,1,1437,0,none,0,none,0,0,0,no_alert_unknown,no_alert_not_final_benign,-1,dns,port
2025-07-19T23:03:03.836702+0700,103.195.142.165,87.98.154.119,53,57649,UDP,flow,failed,1462914332851994,,1,1,0,1437,0,0.0,1,1437,0,none,0,none,0,0,0,no_alert_unknown,no_alert_not_final_benign,-1,dns,port
2025-07-19T23:03:03.836833+0700,103.195.142.109,87.98.154.119,53,11311,UDP,flow,failed,1957432484724738,,1,1,0,1437,0,0.0,1,1437,0,none,0,none,0,0,0,no_alert_unknown,no_alert_not_final_benign,-1,dns,port
2025-07-19T23:03:03.836876+0700,103.195.142.46,87.98.154.115,53,39906,UDP,flow,failed,1717073278500902,,1,1,0,1437,0,0.0,1,1437,0,none,0,none,0,0,0,no_alert_unknown,no_alert_not_final_benign,-1,dns,port
2025-07-19T23:03:03.836924+0700,103.195.142.83,87.98.154.178,53,22717,UDP,flow,failed,1920678587105335,,1,1,0,1190,0,0.0,1,1190,0,none,0,none,0,0,0,no_alert_unknown,no_alert_not_final_benign,-1,dns,port
2025-07-19T23:03:03.836966+0700,103.195.142.195,87.98.154.80,53,5686,UDP,flow,failed,1087031951982668,,1,3,0,4311,0,10.0,3,4311,0,none,0,none,0,0,0,no_alert_unknown,no_alert_not_final_benign,-1,dns,port
2025-07-19T23:03:03.837034+0700,103.195.142.75,50.28.32.155,32612,53,UDP,flow,dns,1844868076372058,,1,1,0,74,0,0.0,1,74,0,none,0,none,0,0,0,no_alert_unknown,no_alert_not_final_benign,-1,dns,app_proto+port
2025-07-19T23:03:03.837199+0700,103.195.142.46,87.98.154.119,53,39975,UDP,flow,failed,2179003262992684,,1,1,0,1437,0,0.0,1,1437,0,none,0,none,0,0,0,no_alert_unknown,no_alert_not_final_benign,-1,dns,port
2025-07-19T23:03:03.837235+0700,103.195.142.165,87.98.154.137,53,45075,UDP,flow,failed,1690237184606659,,1,1,0,1437,0,0.0,1,1437,0,none,0,none,0,0,0,no_alert_unknown,no_alert_not_final_benign,-1,dns,port
2025-07-19T23:03:03.837267+0700,103.195.142.2,172.70.116.71,53,14920,UDP,flow,failed,1431039792808496,,1,1,0,157,0,0.0,1,157,0,none,0,none,0,0,0,no_alert_unknown,no_alert_not_final_benign,-1,dns,port
2025-07-19T23:03:03.837297+0700,103.195.142.74,118.98.44.50,47222,53,UDP,flow,dns,1439214650688115,,1,1,0,124,0,0.0,1,124,0,none,0,none,0,0,0,no_alert_unknown,no_alert_not_final_benign,-1,dns,app_proto+port
2025-07-19T23:03:03.837442+0700,103.195.142.3,180.241.27.207,53,4973,UDP,flow,failed,1846458743882489,,1,1,0,126,0,0.0,1,126,0,none,0,none,0,0,0,no_alert_unknown,no_alert_not_final_benign,-1,dns,port
2025-07-19T23:03:03.837510+0700,103.195.142.109,87.98.154.119,53,22876,UDP,flow,failed,1471271272219419,,1,1,0,1437,0,0.0,1,1437,0,none,0,none,0,0,0,no_alert_unknown,no_alert_not_final_benign,-1,dns,port
2025-07-19T23:03:03.837707+0700,103.195.142.165,87.98.154.119,53,61032,UDP,flow,failed,2108139798364995,,1,1,0,1437,0,0.0,1,1437,0,none,0,none,0,0,0,no_alert_unknown,no_alert_not_final_benign,-1,dns,port
2025-07-19T23:03:03.837786+0700,103.195.142.76,87.98.154.10,53,5957,UDP,flow,failed,2077554078810994,,1,1,0,1469,0,0.0,1,1469,0,none,0,none,0,0,0,no_alert_unknown,no_alert_not_final_benign,-1,dns,port
2025-07-19T23:03:03.837814+0700,103.195.142.165,87.98.154.119,53,16136,UDP,flow,failed,1558098455593859,,1,1,0,1437,0,0.0,1,1437,0,none,0,none,0,0,0,no_alert_unknown,no_alert_not_final_benign,-1,dns,port
2025-07-19T23:03:03.837871+0700,103.195.142.74,50.28.104.44,7344,53,UDP,flow,dns,2175922912002980,,1,1,0,74,0,0.0,1,74,0,none,0,none,0,0,0,no_alert_unknown,no_alert_not_final_benign,-1,dns,app_proto+port
2025-07-19T23:03:03.837911+0700,103.195.142.46,87.98.154.235,53,63806,UDP,flow,failed,1655131009876985,,1,1,0,1437,0,0.0,1,1437,0,none,0,none,0,0,0,no_alert_unknown,no_alert_not_final_benign,-1,dns,port
2025-07-19T23:03:03.837934+0700,103.195.142.46,87.98.154.119,53,57148,UDP,flow,failed,1950129490461722,,1,1,0,1437,0,0.0,1,1437,0,none,0,none,0,0,0,no_alert_unknown,no_alert_not_final_benign,-1,dns,port
2025-07-19T23:03:03.837966+0700,103.195.142.2,172.71.129.39,53,58266,UDP,flow,failed,1658521639421160,,1,1,0,152,0,0.0,1,152,0,none,0,none,0,0,0,no_alert_unknown,no_alert_not_final_benign,-1,dns,port
2025-07-19T23:03:03.837994+0700,103.195.142.195,87.98.154.119,53,49316,UDP,flow,failed,1648410102695223,,1,1,0,1437,0,0.0,1,1437,0,none,0,none,0,0,0,no_alert_unknown,no_alert_not_final_benign,-1,dns,port
2025-07-19T23:03:03.838018+0700,103.195.142.74,202.134.0.155,15250,53,UDP,flow,dns,2207619334047035,,1,1,0,88,0,0.0,1,88,0,none,0,none,0,0,0,no_alert_unknown,no_alert_not_final_benign,-1,dns,app_proto+port
2025-07-19T23:03:03.838057+0700,103.195.142.75,8.8.8.8,41677,53,UDP,flow,dns,1438372235609590,,1,1,0,124,0,0.0,1,124,0,none,0,none,0,0,0,no_alert_unknown,no_alert_not_final_benign,-1,dns,app_proto+port
2025-07-19T23:03:03.838126+0700,103.195.142.165,87.98.154.119,53,26513,UDP,flow,failed,1966190697219749,,1,1,0,1437,0,0.0,1,1437,0,none,0,none,0,0,0,no_alert_unknown,no_alert_not_final_benign,-1,dns,port
2025-07-19T23:03:03.838149+0700,103.185.193.21,1.1.1.1,60998,53,UDP,flow,dns,1975586897888947,,1,2,0,312,0,0.0,2,312,0,none,0,none,0,0,0,no_alert_unknown,no_alert_not_final_benign,-1,dns,app_proto+port
2025-07-19T23:03:03.838224+0700,103.195.142.109,87.98.154.119,53,27127,UDP,flow,failed,1588626186602181,,1,1,0,1437,0,0.0,1,1437,0,none,0,none,0,0,0,no_alert_unknown,no_alert_not_final_benign,-1,dns,port
2025-07-19T23:03:03.838255+0700,103.195.142.2,40.79.184.92,53,57652,UDP,flow,failed,2037657286969034,,1,1,0,133,0,0.0,1,133,0,none,0,none,0,0,0,no_alert_unknown,no_alert_not_final_benign,-1,dns,port
2025-07-19T23:03:03.838294+0700,103.195.142.74,118.98.44.100,51315,53,UDP,flow,dns,1417335551067897,,1,1,0,80,0,0.0,1,80,0,none,0,none,0,0,0,no_alert_unknown,no_alert_not_final_benign,-1,dns,app_proto+port
2025-07-19T23:03:03.838330+0700,103.195.142.46,87.98.154.119,53,63695,UDP,flow,failed,2174970068502280,,1,1,0,1437,0,0.0,1,1437,0,none,0,none,0,0,0,no_alert_unknown,no_alert_not_final_benign,-1,dns,port
2025-07-19T23:03:03.838390+0700,103.195.142.195,87.98.154.136,53,47576,UDP,flow,failed,1756883269420844,,1,1,0,1437,0,0.0,1,1437,0,none,0,none,0,0,0,no_alert_unknown,no_alert_not_final_benign,-1,dns,port
2025-07-19T23:03:03.838583+0700,103.195.142.76,87.98.154.210,53,21693,UDP,flow,failed,1901451314104117,,1,1,0,1469,0,0.0,1,1469,0,none,0,none,0,0,0,no_alert_unknown,no_alert_not_final_benign,-1,dns,port
2025-07-19T23:03:03.838628+0700,103.195.142.2,173.252.107.140,53,50456,UDP,flow,failed,1924965155309699,,1,1,0,181,0,0.0,1,181,0,none,0,none,0,0,0,no_alert_unknown,no_alert_not_final_benign,-1,dns,port
2025-07-19T23:03:03.838701+0700,103.195.142.46,87.98.154.207,53,26669,UDP,flow,failed,1734447421884648,,1,1,0,1437,0,0.0,1,1437,0,none,0,none,0,0,0,no_alert_unknown,no_alert_not_final_benign,-1,dns,port
2025-07-19T23:03:03.838748+0700,103.195.142.196,87.98.154.17,53,60295,UDP,flow,failed,2105414195644669,,1,1,0,1437,0,0.0,1,1437,0,none,0,none,0,0,0,no_alert_unknown,no_alert_not_final_benign,-1,dns,port
2025-07-19T23:03:03.838830+0700,103.195.142.74,202.134.0.155,9474,53,UDP,flow,dns,2189893255334362,,1,1,0,77,0,0.0,1,77,0,none,0,none,0,0,0,no_alert_unknown,no_alert_not_final_benign,-1,dns,app_proto+port
2025-07-19T23:03:03.838887+0700,103.195.142.196,87.98.154.181,53,36140,UDP,flow,failed,2030056091716112,,1,1,0,1437,0,0.0,1,1437,0,none,0,none,0,0,0,no_alert_unknown,no_alert_not_final_benign,-1,dns,port
2025-07-19T23:03:03.838947+0700,103.195.142.31,9.9.9.9,39964,53,UDP,flow,dns,1425109567113759,,1,1,0,100,0,0.0,1,100,0,none,0,none,0,0,0,no_alert_unknown,no_alert_not_final_benign,-1,dns,app_proto+port
2025-07-19T23:03:03.838982+0700,103.195.142.74,118.98.44.100,48196,53,UDP,flow,dns,2207342076791348,,1,1,0,74,0,0.0,1,74,0,none,0,none,0,0,0,no_alert_unknown,no_alert_not_final_benign,-1,dns,app_proto+port
2025-07-19T23:03:03.839026+0700,103.195.142.75,8.8.8.8,34403,53,UDP,flow,dns,2204837226252870,,1,1,0,88,0,0.0,1,88,0,none,0,none,0,0,0,no_alert_unknown,no_alert_not_final_benign,-1,dns,app_proto+port
2025-07-19T23:03:03.839082+0700,103.195.142.74,202.134.0.155,49116,53,UDP,flow,dns,2207236429679298,,1,1,0,223,0,0.0,1,223,0,none,0,none,0,0,0,no_alert_unknown,no_alert_not_final_benign,-1,dns,app_proto+port
2025-07-19T23:03:03.839115+0700,103.195.142.2,172.253.211.30,53,47745,UDP,flow,failed,1735152529083199,,1,1,0,163,0,0.0,1,163,0,none,0,none,0,0,0,no_alert_unknown,no_alert_not_final_benign,-1,dns,port
2025-07-19T23:03:03.839180+0700,103.195.142.74,118.98.44.50,41996,53,UDP,flow,dns,1417993976318863,,1,1,0,90,0,0.0,1,90,0,none,0,none,0,0,0,no_alert_unknown,no_alert_not_final_benign,-1,dns,app_proto+port
2025-07-19T23:03:03.839205+0700,103.195.142.196,87.98.154.73,53,35936,UDP,flow,failed,2118633280539623,,1,1,0,1437,0,0.0,1,1437,0,none,0,none,0,0,0,no_alert_unknown,no_alert_not_final_benign,-1,dns,port
2025-07-19T23:03:03.839246+0700,103.195.142.195,87.98.154.119,53,23920,UDP,flow,failed,1785438365518942,,1,1,0,1437,0,0.0,1,1437,0,none,0,none,0,0,0,no_alert_unknown,no_alert_not_final_benign,-1,dns,port
2025-07-19T23:03:03.839292+0700,103.195.142.46,87.98.154.119,53,61708,UDP,flow,failed,2009985094683807,,1,1,0,1437,0,0.0,1,1437,0,none,0,none,0,0,0,no_alert_unknown,no_alert_not_final_benign,-1,dns,port
2025-07-19T23:03:03.839320+0700,103.195.142.165,87.98.154.119,53,38269,UDP,flow,failed,1576302315080887,,1,1,0,1437,0,0.0,1,1437,0,none,0,none,0,0,0,no_alert_unknown,no_alert_not_final_benign,-1,dns,port
2025-07-19T23:03:03.839340+0700,103.195.142.3,74.114.31.155,53,38029,UDP,flow,failed,1554712976461168,,1,1,0,228,0,0.0,1,228,0,none,0,none,0,0,0,no_alert_unknown,no_alert_not_final_benign,-1,dns,port
2025-07-19T23:03:03.839404+0700,103.195.142.83,87.98.154.119,53,63574,UDP,flow,failed,1412446400056689,,1,1,0,1190,0,0.0,1,1190,0,none,0,none,0,0,0,no_alert_unknown,no_alert_not_final_benign,-1,dns,port
2025-07-19T23:03:03.839436+0700,103.195.142.76,87.98.154.119,53,48563,UDP,flow,failed,1717294754794879,,1,1,0,1469,0,0.0,1,1469,0,none,0,none,0,0,0,no_alert_unknown,no_alert_not_final_benign,-1,dns,port
2025-07-19T23:03:03.839478+0700,103.195.142.3,13.78.105.87,53,50510,UDP,flow,failed,2180980452527559,,1,1,0,136,0,0.0,1,136,0,none,0,none,0,0,0,no_alert_unknown,no_alert_not_final_benign,-1,dns,port
2025-07-19T23:03:03.839627+0700,103.195.142.46,87.98.154.119,53,64014,UDP,flow,failed,1735719299157661,,1,1,0,1437,0,0.0,1,1437,0,none,0,none,0,0,0,no_alert_unknown,no_alert_not_final_benign,-1,dns,port
2025-07-19T23:03:03.839653+0700,103.195.142.76,87.98.154.119,53,50626,UDP,flow,failed,1484810010398503,,1,1,0,1469,0,0.0,1,1469,0,none,0,none,0,0,0,no_alert_unknown,no_alert_not_final_benign,-1,dns,port
2025-07-19T23:03:03.839717+0700,103.195.142.83,87.98.154.86,53,20424,UDP,flow,failed,1943661573607296,,1,1,0,1190,0,0.0,1,1190,0,none,0,none,0,0,0,no_alert_unknown,no_alert_not_final_benign,-1,dns,port
2025-07-19T23:03:03.839742+0700,103.195.142.75,8.8.8.8,7915,53,UDP,flow,dns,2075022072975243,,1,1,0,223,0,0.0,1,223,0,none,0,none,0,0,0,no_alert_unknown,no_alert_not_final_benign,-1,dns,app_proto+port
2025-07-19T23:03:03.839778+0700,103.195.142.165,87.98.154.249,53,55586,UDP,flow,failed,1591792224866199,,1,1,0,1437,0,0.0,1,1437,0,none,0,none,0,0,0,no_alert_unknown,no_alert_not_final_benign,-1,dns,port
2025-07-19T23:03:03.839859+0700,103.195.142.196,87.98.154.117,53,46659,UDP,flow,failed,1685251443429517,,1,1,0,1437,0,0.0,1,1437,0,none,0,none,0,0,0,no_alert_unknown,no_alert_not_final_benign,-1,dns,port
2025-07-19T23:03:03.839896+0700,103.195.142.165,87.98.154.253,53,47058,UDP,flow,failed,1937043610439853,,1,1,0,1437,0,0.0,1,1437,0,none,0,none,0,0,0,no_alert_unknown,no_alert_not_final_benign,-1,dns,port
2025-07-19T23:03:03.840033+0700,103.195.142.74,118.98.44.50,32210,53,UDP,flow,dns,1937232772239732,,1,1,0,214,0,0.0,1,214,0,none,0,none,0,0,0,no_alert_unknown,no_alert_not_final_benign,-1,dns,app_proto+port
2025-07-19T23:03:03.840064+0700,103.195.142.76,87.98.154.126,53,13907,UDP,flow,failed,1663734392459636,,1,3,0,4407,0,10.0,3,4407,0,none,0,none,0,0,0,no_alert_unknown,no_alert_not_final_benign,-1,dns,port
2025-07-19T23:03:03.840087+0700,103.195.142.75,8.8.8.8,57576,53,UDP,flow,dns,624538827592124,,1,2,0,176,0,5.0,2,176,0,none,0,none,0,0,0,no_alert_unknown,no_alert_not_final_benign,-1,dns,app_proto+port
2025-07-19T23:03:03.840121+0700,103.195.142.75,50.28.32.155,55167,53,UDP,flow,dns,2102266511266238,,1,1,0,80,0,0.0,1,80,0,none,0,none,0,0,0,no_alert_unknown,no_alert_not_final_benign,-1,dns,app_proto+port
2025-07-19T23:03:03.840156+0700,103.195.142.46,87.98.154.119,53,7541,UDP,flow,failed,1828453080076740,,1,1,0,1437,0,0.0,1,1437,0,none,0,none,0,0,0,no_alert_unknown,no_alert_not_final_benign,-1,dns,port
2025-07-19T23:03:03.840235+0700,103.195.142.76,87.98.154.10,53,54052,UDP,flow,failed,1547288854172240,,1,1,0,1469,0,0.0,1,1469,0,none,0,none,0,0,0,no_alert_unknown,no_alert_not_final_benign,-1,dns,port
2025-07-19T23:03:03.840280+0700,103.195.142.76,87.98.154.119,53,60366,UDP,flow,failed,2101570464682756,,1,1,0,1469,0,0.0,1,1469,0,none,0,none,0,0,0,no_alert_unknown,no_alert_not_final_benign,-1,dns,port
2025-07-19T23:03:03.840364+0700,103.195.142.74,118.98.44.20,38172,53,UDP,flow,dns,1896502131594107,,1,1,0,68,0,0.0,1,68,0,none,0,none,0,0,0,no_alert_unknown,no_alert_not_final_benign,-1,dns,app_proto+port
2025-07-19T23:03:03.840445+0700,103.195.142.74,118.98.44.20,24132,53,UDP,flow,dns,2008821750928355,,1,1,0,84,0,0.0,1,84,0,none,0,none,0,0,0,no_alert_unknown,no_alert_not_final_benign,-1,dns,app_proto+port
2025-07-19T23:03:03.840515+0700,103.195.142.195,87.98.154.119,53,59125,UDP,flow,failed,2141475265221945,,1,1,0,1437,0,0.0,1,1437,0,none,0,none,0,0,0,no_alert_unknown,no_alert_not_final_benign,-1,dns,port
2025-07-19T23:03:03.840537+0700,103.195.142.74,118.98.44.100,54269,53,UDP,flow,dns,2245921557812600,,1,1,0,214,0,0.0,1,214,0,none,0,none,0,0,0,no_alert_unknown,no_alert_not_final_benign,-1,dns,app_proto+port
2025-07-19T23:03:03.840565+0700,103.195.142.76,87.98.154.119,53,34882,UDP,flow,failed,1847183288604027,,1,1,0,1469,0,0.0,1,1469,0,none,0,none,0,0,0,no_alert_unknown,no_alert_not_final_benign,-1,dns,port
2025-07-19T23:03:03.840673+0700,103.195.142.196,87.98.154.117,53,8777,UDP,flow,failed,2169988822636089,,1,1,0,1437,0,0.0,1,1437,0,none,0,none,0,0,0,no_alert_unknown,no_alert_not_final_benign,-1,dns,port
2025-07-19T23:03:03.840697+0700,103.195.142.195,87.98.154.108,53,59492,UDP,flow,failed,2001434054530791,,1,1,0,1437,0,0.0,1,1437,0,none,0,none,0,0,0,no_alert_unknown,no_alert_not_final_benign,-1,dns,port
2025-07-19T23:03:03.840752+0700,103.195.142.31,8.8.8.8,18694,53,UDP,flow,dns,1603437549164407,,1,1,0,85,0,0.0,1,85,0,none,0,none,0,0,0,no_alert_unknown,no_alert_not_final_benign,-1,dns,app_proto+port
2025-07-19T23:03:03.840818+0700,103.195.142.76,87.98.154.98,53,59212,UDP,flow,failed,1837442369558446,,1,1,0,1469,0,0.0,1,1469,0,none,0,none,0,0,0,no_alert_unknown,no_alert_not_final_benign,-1,dns,port
2025-07-19T23:03:03.840929+0700,103.195.142.76,87.98.154.210,53,47890,UDP,flow,failed,2170413788076103,,1,1,0,1469,0,0.0,1,1469,0,none,0,none,0,0,0,no_alert_unknown,no_alert_not_final_benign,-1,dns,port
2025-07-19T23:03:03.840948+0700,103.195.142.74,118.98.44.20,45905,53,UDP,flow,dns,1501650727508107,,1,1,0,109,0,0.0,1,109,0,none,0,none,0,0,0,no_alert_unknown,no_alert_not_final_benign,-1,dns,app_proto+port
2025-07-19T23:03:03.840968+0700,103.195.142.46,87.98.154.111,53,49483,UDP,flow,failed,1873030201121012,,1,1,0,1437,0,0.0,1,1437,0,none,0,none,0,0,0,no_alert_unknown,no_alert_not_final_benign,-1,dns,port
2025-07-19T23:03:03.841005+0700,103.195.142.109,87.98.154.119,53,63268,UDP,flow,failed,1535731653908908,,1,1,0,1437,0,0.0,1,1437,0,none,0,none,0,0,0,no_alert_unknown,no_alert_not_final_benign,-1,dns,port
2025-07-19T23:03:03.841037+0700,103.195.142.74,118.98.44.20,38571,53,UDP,flow,dns,180817017870926,,1,1,0,196,0,0.0,1,196,0,none,0,none,0,0,0,no_alert_unknown,no_alert_not_final_benign,-1,dns,app_proto+port
2025-07-19T23:03:03.841059+0700,103.195.142.83,87.98.154.34,53,5825,UDP,flow,failed,1454971552963212,,1,1,0,1190,0,0.0,1,1190,0,none,0,none,0,0,0,no_alert_unknown,no_alert_not_final_benign,-1,dns,port
2025-07-19T23:03:03.841146+0700,103.195.142.83,87.98.154.110,53,29187,UDP,flow,failed,1692413057735322,,1,1,0,1190,0,0.0,1,1190,0,none,0,none,0,0,0,no_alert_unknown,no_alert_not_final_benign,-1,dns,port
2025-07-19T23:03:03.841320+0700,103.195.142.74,118.98.44.100,51392,53,UDP,dns,,2206067099258306,wire/pcap,0,0,0,0,0,0.0,0,0,0,none,0,none,0,0,0,no_alert_unknown,no_alert_not_final_benign,-1,dns,port
2025-07-19T23:03:03.859624+0700,103.195.142.74,118.98.44.50,37071,53,UDP,dns,,2003210277857608,wire/pcap,0,0,0,0,0,0.0,0,0,0,none,0,none,0,0,0,no_alert_unknown,no_alert_not_final_benign,-1,dns,port
2025-07-19T23:03:03.866418+0700,103.195.142.74,118.98.44.20,3672,53,UDP,dns,,2032390568118655,wire/pcap,0,0,0,0,0,0.0,0,0,0,none,0,none,0,0,0,no_alert_unknown,no_alert_not_final_benign,-1,dns,port
2025-07-19T23:03:03.867722+0700,103.195.142.74,202.134.0.155,37669,53,UDP,dns,,2037987777141601,wire/pcap,0,0,0,0,0,0.0,0,0,0,none,0,none,0,0,0,no_alert_unknown,no_alert_not_final_benign,-1,dns,port
2025-07-19T23:03:03.878763+0700,103.195.142.74,118.98.44.100,18634,53,UDP,dns,,2085410816624485,wire/pcap,0,0,0,0,0,0.0,0,0,0,none,0,none,0,0,0,no_alert_unknown,no_alert_not_final_benign,-1,dns,port
2025-07-19T23:03:03.878962+0700,103.195.142.74,202.134.0.155,63825,53,UDP,dns,,2086266506781012,wire/pcap,0,0,0,0,0,0.0,0,0,0,none,0,none,0,0,0,no_alert_unknown,no_alert_not_final_benign,-1,dns,port
2025-07-19T23:03:03.890720+0700,103.195.142.75,8.8.8.8,50321,53,UDP,dns,,2136765426767037,wire/pcap,0,0,0,0,0,0.0,0,0,0,none,0,none,0,0,0,no_alert_unknown,no_alert_not_final_benign,-1,dns,port
2025-07-19T23:03:03.904864+0700,103.195.142.74,202.134.0.155,29363,53,UDP,dns,,2197514177621307,wire/pcap,0,0,0,0,0,0.0,0,0,0,none,0,none,0,0,0,no_alert_unknown,no_alert_not_final_benign,-1,dns,port
2025-07-19T23:03:03.904959+0700,103.195.142.74,118.98.44.20,48505,53,UDP,dns,,2197922493718196,wire/pcap,0,0,0,0,0,0.0,0,0,0,none,0,none,0,0,0,no_alert_unknown,no_alert_not_final_benign,-1,dns,port
2025-07-19T23:03:03.925516+0700,103.195.142.108,8.8.8.8,1900,53,UDP,dns,,1216074754602613,wire/pcap,0,0,0,0,0,0.0,0,0,0,none,0,none,0,0,0,no_alert_unknown,no_alert_not_final_benign,-1,dns,port
2025-07-19T23:03:03.927034+0700,103.195.142.74,118.98.44.50,21110,53,UDP,dns,,2011259865418960,wire/pcap,0,0,0,0,0,0.0,0,0,0,none,0,none,0,0,0,no_alert_unknown,no_alert_not_final_benign,-1,dns,port
2025-07-19T23:03:03.928916+0700,103.195.142.74,118.98.44.100,5601,53,UDP,dns,,2019339673131685,wire/pcap,0,0,0,0,0,0.0,0,0,0,none,0,none,0,0,0,no_alert_unknown,no_alert_not_final_benign,-1,dns,port
2025-07-19T23:03:03.931523+0700,103.195.142.74,118.98.44.50,39286,53,UDP,dns,,2030538489738535,wire/pcap,0,0,0,0,0,0.0,0,0,0,none,0,none,0,0,0,no_alert_unknown,no_alert_not_final_benign,-1,dns,port
2025-07-19T23:03:03.936532+0700,103.195.142.75,69.39.238.37,18419,53,UDP,dns,,2052053087020670,wire/pcap,0,0,0,0,0,0.0,0,0,0,none,0,none,0,0,0,no_alert_unknown,no_alert_not_final_benign,-1,dns,port
2025-07-19T23:03:03.954864+0700,103.195.142.74,118.98.44.20,60298,53,UDP,dns,,2130787617496905,wire/pcap,0,0,0,0,0,0.0,0,0,0,none,0,none,0,0,0,no_alert_unknown,no_alert_not_final_benign,-1,dns,port
2025-07-19T23:03:03.968937+0700,103.195.142.74,118.98.44.50,42275,53,UDP,dns,,2191231996221554,wire/pcap,0,0,0,0,0,0.0,0,0,0,none,0,none,0,0,0,no_alert_unknown,no_alert_not_final_benign,-1,dns,port
2025-07-19T23:03:03.981833+0700,103.195.142.74,118.98.44.20,40257,53,UDP,dns,,2246618798810212,wire/pcap,0,0,0,0,0,0.0,0,0,0,none,0,none,0,0,0,no_alert_unknown,no_alert_not_final_benign,-1,dns,port
2025-07-19T23:03:03.984025+0700,103.195.142.74,118.98.44.50,43041,53,UDP,dns,,1974558047884194,wire/pcap,0,0,0,0,0,0.0,0,0,0,none,0,none,0,0,0,no_alert_unknown,no_alert_not_final_benign,-1,dns,port
2025-07-19T23:03:04.008924+0700,103.195.142.75,8.8.8.8,8940,53,UDP,dns,,38329553054796,wire/pcap,0,0,0,0,0,0.0,0,0,0,none,0,none,0,0,0,no_alert_unknown,no_alert_not_final_benign,-1,dns,port
2025-07-19T23:03:04.012430+0700,103.195.142.74,118.98.44.20,38567,53,UDP,flow,dns,388916386923212,,1,1,0,84,0,0.0,1,84,0,none,0,none,0,0,0,no_alert_unknown,no_alert_not_final_benign,-1,dns,app_proto+port
2025-07-19T23:03:04.031232+0700,103.195.142.74,118.98.44.50,16888,53,UDP,dns,,134143240066329,wire/pcap,0,0,0,0,0,0.0,0,0,0,none,0,none,0,0,0,no_alert_unknown,no_alert_not_final_benign,-1,dns,port
2025-07-19T23:03:04.043668+0700,103.195.142.74,202.134.0.155,56880,53,UDP,dns,,187552893975175,wire/pcap,0,0,0,0,0,0.0,0,0,0,none,0,none,0,0,0,no_alert_unknown,no_alert_not_final_benign,-1,dns,port
2025-07-19T23:03:04.044315+0700,103.195.142.74,202.134.0.155,28257,53,UDP,dns,,190333458067407,wire/pcap,0,0,0,0,0,0.0,0,0,0,none,0,none,0,0,0,no_alert_unknown,no_alert_not_final_benign,-1,dns,port
2025-07-19T23:03:04.059653+0700,103.195.142.74,118.98.44.20,50965,53,UDP,dns,,256211357443139,wire/pcap,0,0,0,0,0,0.0,0,0,0,none,0,none,0,0,0,no_alert_unknown,no_alert_not_final_benign,-1,dns,port
2025-07-19T23:03:04.063250+0700,103.195.142.109,87.98.154.1,53,32493,UDP,flow,failed,158799866974383,,1,1,0,1437,0,0.0,1,1437,0,none,0,none,0,0,0,no_alert_unknown,no_alert_not_final_benign,-1,dns,port
2025-07-19T23:03:04.070493+0700,103.195.142.74,202.134.0.155,8997,53,UDP,dns,,21292392661758,wire/pcap,0,0,0,0,0,0.0,0,0,0,none,0,none,0,0,0,no_alert_unknown,no_alert_not_final_benign,-1,dns,port
2025-07-19T23:03:04.100650+0700,103.195.142.74,118.98.44.50,29279,53,UDP,dns,,877760767212682,wire/pcap,0,0,0,0,0,0.0,0,0,0,none,0,none,0,0,0,no_alert_unknown,no_alert_not_final_benign,-1,dns,port
2025-07-19T23:03:04.112452+0700,103.195.142.74,185.67.45.232,49974,53,UDP,dns,,201505049144411,wire/pcap,0,0,0,0,0,0.0,0,0,0,none,0,none,0,0,0,no_alert_unknown,no_alert_not_final_benign,-1,dns,port
2025-07-19T23:03:04.119227+0700,103.195.142.74,202.134.0.155,27749,53,UDP,dns,,230602223109409,wire/pcap,0,0,0,0,0,0.0,0,0,0,none,0,none,0,0,0,no_alert_unknown,no_alert_not_final_benign,-1,dns,port
2025-07-19T23:03:04.147884+0700,103.195.142.74,202.134.0.155,17809,53,UDP,dns,,72209784940194,wire/pcap,0,0,0,0,0,0.0,0,0,0,none,0,none,0,0,0,no_alert_unknown,no_alert_not_final_benign,-1,dns,port
2025-07-19T23:03:04.160447+0700,103.195.142.74,185.67.45.232,63055,53,UDP,dns,,126164710005364,wire/pcap,0,0,0,0,0,0.0,0,0,0,none,0,none,0,0,0,no_alert_unknown,no_alert_not_final_benign,-1,dns,port
2025-07-19T23:03:04.163351+0700,103.195.142.74,118.98.44.100,20850,53,UDP,dns,,138638383503432,wire/pcap,0,0,0,0,0,0.0,0,0,0,none,0,none,0,0,0,no_alert_unknown,no_alert_not_final_benign,-1,dns,port
2025-07-19T23:03:04.164053+0700,103.195.142.74,118.98.44.100,38494,53,UDP,dns,,141655380759735,wire/pcap,0,0,0,0,0,0.0,0,0,0,none,0,none,0,0,0,no_alert_unknown,no_alert_not_final_benign,-1,dns,port
2025-07-19T23:03:04.173596+0700,103.195.142.74,118.98.44.20,10224,53,UDP,dns,,182642709404232,wire/pcap,0,0,0,0,0,0.0,0,0,0,none,0,none,0,0,0,no_alert_unknown,no_alert_not_final_benign,-1,dns,port
2025-07-19T23:03:04.175541+0700,103.195.142.74,202.134.0.155,43356,53,UDP,dns,,190993648933567,wire/pcap,0,0,0,0,0,0.0,0,0,0,none,0,none,0,0,0,no_alert_unknown,no_alert_not_final_benign,-1,dns,port
2025-07-19T23:03:04.175673+0700,103.195.142.74,118.98.44.50,12988,53,UDP,dns,,191561843230186,wire/pcap,0,0,0,0,0,0.0,0,0,0,none,0,none,0,0,0,no_alert_unknown,no_alert_not_final_benign,-1,dns,port
2025-07-19T23:03:04.211015+0700,103.195.142.75,8.8.8.8,41612,53,UDP,dns,,61881519264803,wire/pcap,0,0,0,0,0,0.0,0,0,0,none,0,none,0,0,0,no_alert_unknown,no_alert_not_final_benign,-1,dns,port
2025-07-19T23:03:04.211192+0700,103.195.142.75,8.8.8.8,42859,53,UDP,dns,,62637954785383,wire/pcap,0,0,0,0,0,0.0,0,0,0,none,0,none,0,0,0,no_alert_unknown,no_alert_not_final_benign,-1,dns,port
2025-07-19T23:03:04.211267+0700,103.195.142.74,118.98.44.20,21273,53,UDP,dns,,62961329280576,wire/pcap,0,0,0,0,0,0.0,0,0,0,none,0,none,0,0,0,no_alert_unknown,no_alert_not_final_benign,-1,dns,port
2025-07-19T23:03:04.227343+0700,103.195.142.74,118.98.44.50,7220,53,UDP,dns,,1538990283439927,wire/pcap,0,0,0,0,0,0.0,0,0,0,none,0,none,0,0,0,no_alert_unknown,no_alert_not_final_benign,-1,dns,port
2025-07-19T23:03:04.227339+0700,103.195.142.74,118.98.44.20,57789,53,UDP,dns,,131989089948397,wire/pcap,0,0,0,0,0,0.0,0,0,0,none,0,none,0,0,0,no_alert_unknown,no_alert_not_final_benign,-1,dns,port
2025-07-19T23:03:04.261654+0700,103.195.142.74,208.91.112.55,37622,53,UDP,dns,,279373121009900,wire/pcap,0,0,0,0,0,0.0,0,0,0,none,0,none,0,0,0,no_alert_unknown,no_alert_not_final_benign,-1,dns,port
2025-07-19T23:03:04.264783+0700,103.195.142.75,8.8.8.8,39418,53,UDP,dns,,11335302351594,wire/pcap,0,0,0,0,0,0.0,0,0,0,none,0,none,0,0,0,no_alert_unknown,no_alert_not_final_benign,-1,dns,port
2025-07-19T23:03:04.270275+0700,103.195.142.74,202.134.0.155,37392,53,UDP,flow,dns,510534409758395,,1,1,0,214,0,0.0,1,214,0,none,0,none,0,0,0,no_alert_unknown,no_alert_not_final_benign,-1,dns,app_proto+port
2025-07-19T23:03:04.289106+0700,103.195.142.74,208.91.112.55,10796,53,UDP,dns,,115801267315707,wire/pcap,0,0,0,0,0,0.0,0,0,0,none,0,none,0,0,0,no_alert_unknown,no_alert_not_final_benign,-1,dns,port
2025-07-19T23:03:04.292878+0700,103.195.142.75,8.8.8.8,12171,53,UDP,dns,,132003684107467,wire/pcap,0,0,0,0,0,0.0,0,0,0,none,0,none,0,0,0,no_alert_unknown,no_alert_not_final_benign,-1,dns,port
2025-07-19T23:03:04.374642+0700,103.195.142.74,202.134.0.155,4876,53,UDP,flow,dns,337361204245127,,1,1,0,79,0,0.0,1,79,0,none,0,none,0,0,0,no_alert_unknown,no_alert_not_final_benign,-1,dns,app_proto+port
2025-07-19T23:03:04.376859+0700,103.195.142.74,118.98.44.50,47997,53,UDP,dns,,211224989500631,wire/pcap,0,0,0,0,0,0.0,0,0,0,none,0,none,0,0,0,no_alert_unknown,no_alert_not_final_benign,-1,dns,port
2025-07-19T23:03:04.379526+0700,103.195.142.74,118.98.44.20,45040,53,UDP,dns,,222677834348886,wire/pcap,0,0,0,0,0,0.0,0,0,0,none,0,none,0,0,0,no_alert_unknown,no_alert_not_final_benign,-1,dns,port
2025-07-19T23:03:04.387192+0700,103.195.142.74,118.98.44.20,29424,53,UDP,dns,,255604185383190,wire/pcap,0,0,0,0,0,0.0,0,0,0,none,0,none,0,0,0,no_alert_unknown,no_alert_not_final_benign,-1,dns,port
2025-07-19T23:03:04.387189+0700,103.195.142.74,118.98.44.50,16641,53,UDP,dns,,255592065122815,wire/pcap,0,0,0,0,0,0.0,0,0,0,none,0,none,0,0,0,no_alert_unknown,no_alert_not_final_benign,-1,dns,port
2025-07-19T23:03:04.410346+0700,103.195.142.74,202.134.0.155,55605,53,UDP,dns,,73575453437996,wire/pcap,0,0,0,0,0,0.0,0,0,0,none,0,none,0,0,0,no_alert_unknown,no_alert_not_final_benign,-1,dns,port
2025-07-19T23:03:04.490047+0700,103.195.142.74,118.98.44.50,12783,53,UDP,dns,,134414985381995,wire/pcap,0,0,0,0,0,0.0,0,0,0,none,0,none,0,0,0,no_alert_unknown,no_alert_not_final_benign,-1,dns,port
2025-07-19T23:03:04.512111+0700,103.195.142.74,202.134.0.155,15037,53,UDP,dns,,229175341909248,wire/pcap,0,0,0,0,0,0.0,0,0,0,none,0,none,0,0,0,no_alert_unknown,no_alert_not_final_benign,-1,dns,port
2025-07-19T23:03:04.512224+0700,103.195.142.74,118.98.44.100,21107,53,UDP,dns,,229664028733399,wire/pcap,0,0,0,0,0,0.0,0,0,0,none,0,none,0,0,0,no_alert_unknown,no_alert_not_final_benign,-1,dns,port
2025-07-19T23:03:04.533451+0700,103.195.142.74,118.98.44.50,15542,53,UDP,dns,,39355044036417,wire/pcap,0,0,0,0,0,0.0,0,0,0,none,0,none,0,0,0,no_alert_unknown,no_alert_not_final_benign,-1,dns,port
2025-07-19T23:03:04.543258+0700,103.195.142.74,118.98.44.100,1091,53,UDP,flow,dns,452892337261010,,1,1,0,68,0,0.0,1,68,0,none,0,none,0,0,0,no_alert_unknown,no_alert_not_final_benign,-1,dns,app_proto+port
2025-07-19T23:03:04.545479+0700,103.195.142.74,118.98.44.50,23166,53,UDP,dns,,91016154461423,wire/pcap,0,0,0,0,0,0.0,0,0,0,none,0,none,0,0,0,no_alert_unknown,no_alert_not_final_benign,-1,dns,port
2025-07-19T23:03:04.545602+0700,103.195.142.74,118.98.44.50,35863,53,UDP,dns,,91546776776245,wire/pcap,0,0,0,0,0,0.0,0,0,0,none,0,none,0,0,0,no_alert_unknown,no_alert_not_final_benign,-1,dns,port
2025-07-19T23:03:04.576827+0700,103.195.142.74,118.98.44.100,18897,53,UDP,dns,,225654987839679,wire/pcap,0,0,0,0,0,0.0,0,0,0,none,0,none,0,0,0,no_alert_unknown,no_alert_not_final_benign,-1,dns,port
2025-07-19T23:03:04.603570+0700,103.195.142.74,202.134.0.155,6844,53,UDP,dns,,59042668343061,wire/pcap,0,0,0,0,0,0.0,0,0,0,none,0,none,0,0,0,no_alert_unknown,no_alert_not_final_benign,-1,dns,port
2025-07-19T23:03:04.619430+0700,103.195.142.74,118.98.44.20,63613,53,UDP,dns,,127159234095382,wire/pcap,0,0,0,0,0,0.0,0,0,0,none,0,none,0,0,0,no_alert_unknown,no_alert_not_final_benign,-1,dns,port
2025-07-19T23:03:04.635310+0700,103.195.142.74,118.98.44.20,52454,53,UDP,dns,,195362794237852,wire/pcap,0,0,0,0,0,0.0,0,0,0,none,0,none,0,0,0,no_alert_unknown,no_alert_not_final_benign,-1,dns,port
2025-07-19T23:03:04.656715+0700,103.195.142.74,118.98.44.100,25640,53,UDP,dns,,5823077155212,wire/pcap,0,0,0,0,0,0.0,0,0,0,none,0,none,0,0,0,no_alert_unknown,no_alert_not_final_benign,-1,dns,port
2025-07-19T23:03:04.659257+0700,103.195.142.75,8.8.8.8,11720,53,UDP,dns,,16737924914552,wire/pcap,0,0,0,0,0,0.0,0,0,0,none,0,none,0,0,0,no_alert_unknown,no_alert_not_final_benign,-1,dns,port
2025-07-19T23:03:04.685273+0700,103.195.142.74,118.98.44.20,25126,53,UDP,dns,,128477403952266,wire/pcap,0,0,0,0,0,0.0,0,0,0,none,0,none,0,0,0,no_alert_unknown,no_alert_not_final_benign,-1,dns,port
2025-07-19T23:03:04.705177+0700,103.195.142.74,50.28.32.153,3493,53,UDP,dns,,213965220880948,wire/pcap,0,0,0,0,0,0.0,0,0,0,none,0,none,0,0,0,no_alert_unknown,no_alert_not_final_benign,-1,dns,port
2025-07-19T23:03:04.723443+0700,103.195.142.74,118.98.44.100,7924,53,UDP,flow,dns,993368444676814,,1,2,0,204,0,6.0,2,204,0,none,0,none,0,0,0,no_alert_unknown,no_alert_not_final_benign,-1,dns,app_proto+port
2025-07-19T23:03:04.745465+0700,103.195.142.74,202.134.0.155,30636,53,UDP,dns,,105524473505729,wire/pcap,0,0,0,0,0,0.0,0,0,0,none,0,none,0,0,0,no_alert_unknown,no_alert_not_final_benign,-1,dns,port
2025-07-19T23:03:04.803220+0700,103.195.142.74,202.134.0.155,65027,53,UDP,dns,,72107291204171,wire/pcap,0,0,0,0,0,0.0,0,0,0,none,0,none,0,0,0,no_alert_unknown,no_alert_not_final_benign,-1,dns,port
2025-07-19T23:03:04.818608+0700,103.195.142.74,202.134.0.155,18395,53,UDP,flow,dns,1531870885812961,,1,1,0,74,0,0.0,1,74,0,none,0,none,0,0,0,no_alert_unknown,no_alert_not_final_benign,-1,dns,app_proto+port
2025-07-19T23:03:04.818657+0700,103.195.142.195,87.98.154.119,53,24416,UDP,flow,failed,1853118378777381,,1,1,0,1437,0,0.0,1,1437,0,none,0,none,0,0,0,no_alert_unknown,no_alert_not_final_benign,-1,dns,port
2025-07-19T23:03:04.818690+0700,103.195.142.46,87.98.154.119,53,22682,UDP,flow,failed,220695077231401,,1,1,0,1437,0,0.0,1,1437,0,none,0,none,0,0,0,no_alert_unknown,no_alert_not_final_benign,-1,dns,port
2025-07-19T23:03:04.818724+0700,103.195.142.76,87.98.154.119,53,46044,UDP,flow,failed,1668319795321686,,1,1,0,1469,0,0.0,1,1469,0,none,0,none,0,0,0,no_alert_unknown,no_alert_not_final_benign,-1,dns,port
2025-07-19T23:03:04.818761+0700,103.195.142.3,172.70.116.71,53,53066,UDP,flow,failed,1619228712147877,,1,1,0,189,0,0.0,1,189,0,none,0,none,0,0,0,no_alert_unknown,no_alert_not_final_benign,-1,dns,port
2025-07-19T23:03:04.818800+0700,103.195.142.74,118.98.44.100,51137,53,UDP,flow,dns,2246348197501889,,1,1,0,232,0,0.0,1,232,0,none,0,none,0,0,0,no_alert_unknown,no_alert_not_final_benign,-1,dns,app_proto+port
2025-07-19T23:03:04.818936+0700,103.195.142.76,87.98.154.119,53,62564,UDP,flow,failed,182092015311910,,1,1,0,1469,0,0.0,1,1469,0,none,0,none,0,0,0,no_alert_unknown,no_alert_not_final_benign,-1,dns,port
2025-07-19T23:03:04.818957+0700,103.195.142.196,87.98.154.245,53,33549,UDP,flow,failed,141103049317486,,1,1,0,1437,0,0.0,1,1437,0,none,0,none,0,0,0,no_alert_unknown,no_alert_not_final_benign,-1,dns,port
2025-07-19T23:03:04.818995+0700,103.195.142.109,87.98.154.37,53,59676,UDP,flow,failed,1599873622187519,,1,2,0,2874,0,10.0,2,2874,0,none,0,none,0,0,0,no_alert_unknown,no_alert_not_final_benign,-1,dns,port
2025-07-19T23:03:04.819038+0700,103.195.142.76,87.98.154.118,53,17459,UDP,flow,failed,2212068863811273,,1,1,0,1469,0,0.0,1,1469,0,none,0,none,0,0,0,no_alert_unknown,no_alert_not_final_benign,-1,dns,port
2025-07-19T23:03:04.819057+0700,103.195.142.76,87.98.154.117,53,60320,UDP,flow,failed,2161275982421725,,1,1,0,1469,0,0.0,1,1469,0,none,0,none,0,0,0,no_alert_unknown,no_alert_not_final_benign,-1,dns,port
2025-07-19T23:03:04.819116+0700,103.195.142.46,87.98.154.119,53,58550,UDP,flow,failed,2010089950191403,,1,1,0,1437,0,0.0,1,1437,0,none,0,none,0,0,0,no_alert_unknown,no_alert_not_final_benign,-1,dns,port
2025-07-19T23:03:04.819164+0700,103.195.142.75,8.8.8.8,62306,53,UDP,flow,dns,720351947038722,,1,2,0,176,0,5.0,2,176,0,none,0,none,0,0,0,no_alert_unknown,no_alert_not_final_benign,-1,dns,app_proto+port
2025-07-19T23:03:04.819209+0700,103.195.142.75,8.8.8.8,37829,53,UDP,flow,dns,1885865829441604,,1,1,0,243,0,0.0,1,243,0,none,0,none,0,0,0,no_alert_unknown,no_alert_not_final_benign,-1,dns,app_proto+port
2025-07-19T23:03:04.819288+0700,103.195.142.109,87.98.154.53,53,60393,UDP,flow,failed,2065713936769174,,1,1,0,1437,0,0.0,1,1437,0,none,0,none,0,0,0,no_alert_unknown,no_alert_not_final_benign,-1,dns,port
2025-07-19T23:03:04.819359+0700,103.195.142.74,202.134.0.155,18721,53,UDP,flow,dns,147774759149734,,1,1,0,68,0,0.0,1,68,0,none,0,none,0,0,0,no_alert_unknown,no_alert_not_final_benign,-1,dns,app_proto+port
2025-07-19T23:03:04.819401+0700,103.195.142.165,87.98.154.119,53,37560,UDP,flow,failed,2232072199250199,,1,1,0,1437,0,0.0,1,1437,0,none,0,none,0,0,0,no_alert_unknown,no_alert_not_final_benign,-1,dns,port
2025-07-19T23:03:04.819421+0700,103.195.142.3,173.252.87.130,53,31611,UDP,flow,failed,1925280908222836,,1,1,0,178,0,0.0,1,178,0,none,0,none,0,0,0,no_alert_unknown,no_alert_not_final_benign,-1,dns,port
2025-07-19T23:03:04.819471+0700,103.195.142.74,202.134.0.155,31676,53,UDP,flow,dns,2227156078338469,,1,1,0,106,0,0.0,1,106,0,none,0,none,0,0,0,no_alert_unknown,no_alert_not_final_benign,-1,dns,app_proto+port
2025-07-19T23:03:04.819636+0700,103.195.142.83,87.98.154.117,53,56850,UDP,flow,failed,1719918980211381,,1,1,0,1190,0,0.0,1,1190,0,none,0,none,0,0,0,no_alert_unknown,no_alert_not_final_benign,-1,dns,port
2025-07-19T23:03:04.819662+0700,103.195.142.196,87.98.154.217,53,35596,UDP,flow,failed,227862136922906,,1,1,0,1437,0,0.0,1,1437,0,none,0,none,0,0,0,no_alert_unknown,no_alert_not_final_benign,-1,dns,port
2025-07-19T23:03:04.819695+0700,103.195.142.109,87.98.154.81,53,30185,UDP,flow,failed,1785019167449895,,1,1,0,1437,0,0.0,1,1437,0,none,0,none,0,0,0,no_alert_unknown,no_alert_not_final_benign,-1,dns,port
2025-07-19T23:03:04.819737+0700,103.195.142.196,87.98.154.17,53,2013,UDP,flow,failed,1918978951062352,,1,1,0,1437,0,0.0,1,1437,0,none,0,none,0,0,0,no_alert_unknown,no_alert_not_final_benign,-1,dns,port
2025-07-19T23:03:04.819819+0700,103.195.142.109,87.98.154.119,53,51972,UDP,flow,failed,127263193080807,,1,1,0,1437,0,0.0,1,1437,0,none,0,none,0,0,0,no_alert_unknown,no_alert_not_final_benign,-1,dns,port
2025-07-19T23:03:04.819861+0700,103.195.142.46,87.98.154.119,53,29495,UDP,flow,failed,1920792663335949,,1,1,0,1437,0,0.0,1,1437,0,none,0,none,0,0,0,no_alert_unknown,no_alert_not_final_benign,-1,dns,port
2025-07-19T23:03:04.819948+0700,103.195.142.46,87.98.154.123,53,52209,UDP,flow,failed,275550144472360,,1,1,0,1437,0,0.0,1,1437,0,none,0,none,0,0,0,no_alert_unknown,no_alert_not_final_benign,-1,dns,port
2025-07-19T23:03:04.819967+0700,103.195.142.196,87.98.154.73,53,3286,UDP,flow,failed,1891477224203706,,1,1,0,1437,0,0.0,1,1437,0,none,0,none,0,0,0,no_alert_unknown,no_alert_not_final_benign,-1,dns,port
2025-07-19T23:03:04.820003+0700,103.195.142.76,87.98.154.119,53,2515,UDP,flow,failed,1779462024439258,,1,1,0,1469,0,0.0,1,1469,0,none,0,none,0,0,0,no_alert_unknown,no_alert_not_final_benign,-1,dns,port
2025-07-19T23:03:04.820023+0700,103.195.142.109,87.98.154.119,53,23592,UDP,flow,failed,1740452508640911,,1,1,0,1437,0,0.0,1,1437,0,none,0,none,0,0,0,no_alert_unknown,no_alert_not_final_benign,-1,dns,port
2025-07-19T23:03:04.820117+0700,103.195.142.165,87.98.154.81,53,1485,UDP,flow,failed,275221235935072,,1,1,0,1437,0,0.0,1,1437,0,none,0,none,0,0,0,no_alert_unknown,no_alert_not_final_benign,-1,dns,port
2025-07-19T23:03:04.820156+0700,103.195.142.196,87.98.154.119,53,23207,UDP,flow,failed,2147228161779676,,1,1,0,1437,0,0.0,1,1437,0,none,0,none,0,0,0,no_alert_unknown,no_alert_not_final_benign,-1,dns,port
2025-07-19T23:03:04.820176+0700,103.195.142.76,87.98.154.119,53,55444,UDP,flow,failed,1796756764076042,,1,1,0,1469,0,0.0,1,1469,0,none,0,none,0,0,0,no_alert_unknown,no_alert_not_final_benign,-1,dns,port
2025-07-19T23:03:04.820194+0700,103.195.142.74,118.98.44.20,12509,53,UDP,flow,dns,1932172069677109,,1,1,0,78,0,0.0,1,78,0,none,0,none,0,0,0,no_alert_unknown,no_alert_not_final_benign,-1,dns,app_proto+port
2025-07-19T23:03:04.820215+0700,103.195.142.46,87.98.154.117,53,3968,UDP,flow,failed,1735764450453612,,1,1,0,1437,0,0.0,1,1437,0,none,0,none,0,0,0,no_alert_unknown,no_alert_not_final_benign,-1,dns,port
2025-07-19T23:03:04.820240+0700,103.195.142.165,87.98.154.119,53,43535,UDP,flow,failed,1982993733036144,,1,1,0,1437,0,0.0,1,1437,0,none,0,none,0,0,0,no_alert_unknown,no_alert_not_final_benign,-1,dns,port
2025-07-19T23:03:04.820259+0700,103.195.142.74,118.98.44.20,28804,53,UDP,flow,dns,263608025524369,,1,1,0,89,0,0.0,1,89,0,none,0,none,0,0,0,no_alert_unknown,no_alert_not_final_benign,-1,dns,app_proto+port
2025-07-19T23:03:04.820279+0700,103.195.142.74,34.8.196.142,10536,53,UDP,flow,dns,2133517903440119,,1,1,0,234,0,0.0,1,234,0,none,0,none,0,0,0,no_alert_unknown,no_alert_not_final_benign,-1,dns,app_proto+port
2025-07-19T23:03:04.820337+0700,103.195.142.74,118.98.44.20,28162,53,UDP,flow,dns,45608067311965,,1,1,0,214,0,0.0,1,214,0,none,0,none,0,0,0,no_alert_unknown,no_alert_not_final_benign,-1,dns,app_proto+port
2025-07-19T23:03:04.820388+0700,103.195.142.74,118.98.44.100,62200,53,UDP,flow,dns,57873363151371,,1,1,0,80,0,0.0,1,80,0,none,0,none,0,0,0,no_alert_unknown,no_alert_not_final_benign,-1,dns,app_proto+port
2025-07-19T23:03:04.820410+0700,103.195.142.74,118.98.44.100,46505,53,UDP,flow,dns,1998009919056395,,1,1,0,232,0,0.0,1,232,0,none,0,none,0,0,0,no_alert_unknown,no_alert_not_final_benign,-1,dns,app_proto+port
2025-07-19T23:03:04.820430+0700,103.195.142.75,8.8.8.8,64809,53,UDP,flow,dns,228922885319182,,1,1,0,91,0,0.0,1,91,0,none,0,none,0,0,0,no_alert_unknown,no_alert_not_final_benign,-1,dns,app_proto+port
2025-07-19T23:03:04.820450+0700,103.185.193.21,8.8.8.8,35134,53,UDP,flow,dns,1768382927579710,,1,1,0,86,0,0.0,1,86,0,none,0,none,0,0,0,no_alert_unknown,no_alert_not_final_benign,-1,dns,app_proto+port
2025-07-19T23:03:04.820524+0700,103.195.142.76,87.98.154.38,53,26815,UDP,flow,failed,1844241248398044,,1,1,0,1469,0,0.0,1,1469,0,none,0,none,0,0,0,no_alert_unknown,no_alert_not_final_benign,-1,dns,port
2025-07-19T23:03:04.820583+0700,103.195.142.75,34.8.196.142,14131,53,UDP,flow,dns,1902723223235316,,1,1,0,243,0,0.0,1,243,0,none,0,none,0,0,0,no_alert_unknown,no_alert_not_final_benign,-1,dns,app_proto+port
2025-07-19T23:03:04.820712+0700,103.195.142.195,87.98.154.119,53,45426,UDP,flow,failed,2044593208011626,,1,1,0,1437,0,0.0,1,1437,0,none,0,none,0,0,0,no_alert_unknown,no_alert_not_final_benign,-1,dns,port
2025-07-19T23:03:04.820821+0700,103.195.142.83,87.98.154.178,53,6244,UDP,flow,failed,1945251561057264,,1,1,0,1190,0,0.0,1,1190,0,none,0,none,0,0,0,no_alert_unknown,no_alert_not_final_benign,-1,dns,port
2025-07-19T23:03:04.820844+0700,103.195.142.76,87.98.154.119,53,37629,UDP,flow,failed,226564711295985,,1,1,0,1469,0,0.0,1,1469,0,none,0,none,0,0,0,no_alert_unknown,no_alert_not_final_benign,-1,dns,port
2025-07-19T23:03:04.820885+0700,103.195.142.109,87.98.154.93,53,46902,UDP,flow,failed,2444378876958,,1,1,0,1437,0,0.0,1,1437,0,none,0,none,0,0,0,no_alert_unknown,no_alert_not_final_benign,-1,dns,port
2025-07-19T23:03:04.820977+0700,103.195.142.74,202.134.0.155,19644,53,UDP,flow,dns,1976069762362456,,1,1,0,75,0,0.0,1,75,0,none,0,none,0,0,0,no_alert_unknown,no_alert_not_final_benign,-1,dns,app_proto+port
2025-07-19T23:03:04.821037+0700,103.195.142.75,8.8.8.8,4326,53,UDP,flow,dns,1877860475776338,,1,1,0,85,0,0.0,1,85,0,none,0,none,0,0,0,no_alert_unknown,no_alert_not_final_benign,-1,dns,app_proto+port
2025-07-19T23:03:04.821259+0700,103.195.142.165,87.98.154.119,53,60219,UDP,flow,failed,1705606839513307,,1,1,0,1437,0,0.0,1,1437,0,none,0,none,0,0,0,no_alert_unknown,no_alert_not_final_benign,-1,dns,port
2025-07-19T23:03:04.821332+0700,103.195.142.109,87.98.154.119,53,45405,UDP,flow,failed,15379182170618,,1,1,0,1437,0,0.0,1,1437,0,none,0,none,0,0,0,no_alert_unknown,no_alert_not_final_benign,-1,dns,port
2025-07-19T23:03:04.821354+0700,103.195.142.83,87.98.154.206,53,17553,UDP,flow,failed,1980871353545356,,1,1,0,1190,0,0.0,1,1190,0,none,0,none,0,0,0,no_alert_unknown,no_alert_not_final_benign,-1,dns,port
2025-07-19T23:03:04.821437+0700,103.195.142.165,87.98.154.119,53,53297,UDP,flow,failed,1912028714808033,,1,1,0,1437,0,0.0,1,1437,0,none,0,none,0,0,0,no_alert_unknown,no_alert_not_final_benign,-1,dns,port
2025-07-19T23:03:04.821476+0700,103.195.142.165,87.98.154.119,53,62774,UDP,flow,failed,1837767092843303,,1,1,0,1437,0,0.0,1,1437,0,none,0,none,0,0,0,no_alert_unknown,no_alert_not_final_benign,-1,dns,port
2025-07-19T23:03:04.821600+0700,103.195.142.74,118.98.44.50,44631,53,UDP,flow,dns,1818026423071690,,1,1,0,81,0,0.0,1,81,0,none,0,none,0,0,0,no_alert_unknown,no_alert_not_final_benign,-1,dns,app_proto+port
2025-07-19T23:03:04.821668+0700,103.195.142.74,202.134.0.155,32538,53,UDP,flow,dns,1887450481079497,,1,1,0,88,0,0.0,1,88,0,none,0,none,0,0,0,no_alert_unknown,no_alert_not_final_benign,-1,dns,app_proto+port
2025-07-19T23:03:04.821690+0700,103.195.142.74,202.134.0.155,49384,53,UDP,flow,dns,1998879113262463,,1,1,0,241,0,0.0,1,241,0,none,0,none,0,0,0,no_alert_unknown,no_alert_not_final_benign,-1,dns,app_proto+port
2025-07-19T23:03:04.821713+0700,103.195.142.74,202.134.0.155,44813,53,UDP,flow,dns,1872582129792497,,1,1,0,68,0,0.0,1,68,0,none,0,none,0,0,0,no_alert_unknown,no_alert_not_final_benign,-1,dns,app_proto+port
2025-07-19T23:03:04.821746+0700,103.195.142.3,173.252.87.130,53,16886,UDP,flow,failed,2066355877623352,,1,1,0,135,0,0.0,1,135,0,none,0,none,0,0,0,no_alert_unknown,no_alert_not_final_benign,-1,dns,port
2025-07-19T23:03:04.821775+0700,103.195.142.75,8.8.8.8,15869,53,UDP,flow,dns,1795012579014243,,1,1,0,223,0,0.0,1,223,0,none,0,none,0,0,0,no_alert_unknown,no_alert_not_final_benign,-1,dns,app_proto+port
2025-07-19T23:03:04.821819+0700,103.195.142.75,8.8.8.8,30010,53,UDP,flow,dns,1792413990631047,,1,1,0,74,0,0.0,1,74,0,none,0,none,0,0,0,no_alert_unknown,no_alert_not_final_benign,-1,dns,app_proto+port
2025-07-19T23:03:04.821860+0700,103.195.142.76,87.98.154.119,53,16239,UDP,flow,failed,2069905925322435,,1,1,0,1469,0,0.0,1,1469,0,none,0,none,0,0,0,no_alert_unknown,no_alert_not_final_benign,-1,dns,port
2025-07-19T23:03:04.821881+0700,103.195.142.75,8.8.8.8,26133,53,UDP,flow,dns,173815948949293,,1,1,0,77,0,0.0,1,77,0,none,0,none,0,0,0,no_alert_unknown,no_alert_not_final_benign,-1,dns,app_proto+port
2025-07-19T23:03:04.821914+0700,103.195.142.74,118.98.44.100,24607,53,UDP,flow,dns,1978543877568427,,1,1,0,68,0,0.0,1,68,0,none,0,none,0,0,0,no_alert_unknown,no_alert_not_final_benign,-1,dns,app_proto+port
2025-07-19T23:03:04.821977+0700,103.195.142.165,87.98.154.118,53,18649,UDP,flow,failed,1705860612602107,,1,1,0,1437,0,0.0,1,1437,0,none,0,none,0,0,0,no_alert_unknown,no_alert_not_final_benign,-1,dns,port
2025-07-19T23:03:04.822008+0700,103.195.142.109,87.98.154.93,53,4114,UDP,flow,failed,63418084800807,,1,1,0,1437,0,0.0,1,1437,0,none,0,none,0,0,0,no_alert_unknown,no_alert_not_final_benign,-1,dns,port
2025-07-19T23:03:04.822045+0700,103.195.142.165,87.98.154.118,53,8004,UDP,flow,failed,170935928076655,,1,1,0,1437,0,0.0,1,1437,0,none,0,none,0,0,0,no_alert_unknown,no_alert_not_final_benign,-1,dns,port
2025-07-19T23:03:04.822198+0700,103.195.142.83,87.98.154.122,53,17487,UDP,flow,failed,2103538142394785,,1,1,0,1190,0,0.0,1,1190,0,none,0,none,0,0,0,no_alert_unknown,no_alert_not_final_benign,-1,dns,port
2025-07-19T23:03:04.822226+0700,103.195.142.74,118.98.44.20,32986,53,UDP,flow,dns,1890986605787555,,1,1,0,78,0,0.0,1,78,0,none,0,none,0,0,0,no_alert_unknown,no_alert_not_final_benign,-1,dns,app_proto+port
2025-07-19T23:03:04.822255+0700,103.195.142.74,202.134.0.155,35200,53,UDP,flow,dns,1792018100173294,,1,1,0,232,0,0.0,1,232,0,none,0,none,0,0,0,no_alert_unknown,no_alert_not_final_benign,-1,dns,app_proto+port
2025-07-19T23:03:04.822363+0700,103.195.142.3,173.252.107.140,53,47242,UDP,flow,failed,1928088678742574,,1,1,0,181,0,0.0,1,181,0,none,0,none,0,0,0,no_alert_unknown,no_alert_not_final_benign,-1,dns,port
2025-07-19T23:03:04.822412+0700,103.195.142.165,87.98.154.119,53,11648,UDP,flow,failed,60173898988092,,1,1,0,1437,0,0.0,1,1437,0,none,0,none,0,0,0,no_alert_unknown,no_alert_not_final_benign,-1,dns,port
2025-07-19T23:03:04.822502+0700,103.195.142.74,202.134.0.155,31973,53,UDP,flow,dns,1977852392225452,,1,1,0,78,0,0.0,1,78,0,none,0,none,0,0,0,no_alert_unknown,no_alert_not_final_benign,-1,dns,app_proto+port
2025-07-19T23:03:04.822548+0700,103.195.142.46,87.98.154.7,53,55674,UDP,flow,failed,1832156993075902,,1,1,0,1437,0,0.0,1,1437,0,none,0,none,0,0,0,no_alert_unknown,no_alert_not_final_benign,-1,dns,port
2025-07-19T23:03:04.822570+0700,103.195.142.74,118.98.44.20,50686,53,UDP,flow,dns,201198918220490,,1,1,0,243,0,0.0,1,243,0,none,0,none,0,0,0,no_alert_unknown,no_alert_not_final_benign,-1,dns,app_proto+port
2025-07-19T23:03:04.822593+0700,103.195.142.31,8.8.8.8,44876,53,UDP,flow,dns,22684021275392,,1,1,0,76,0,0.0,1,76,0,none,0,none,0,0,0,no_alert_unknown,no_alert_not_final_benign,-1,dns,app_proto+port
2025-07-19T23:03:04.822753+0700,103.195.142.75,8.8.8.8,2924,53,UDP,flow,dns,1747576836045572,,1,1,0,196,0,0.0,1,196,0,none,0,none,0,0,0,no_alert_unknown,no_alert_not_final_benign,-1,dns,app_proto+port
2025-07-19T23:03:04.822778+0700,103.195.142.74,118.98.44.100,37755,53,UDP,flow,dns,2040797131225911,,1,1,0,211,0,0.0,1,211,0,none,0,none,0,0,0,no_alert_unknown,no_alert_not_final_benign,-1,dns,app_proto+port
2025-07-19T23:03:04.822797+0700,103.195.142.75,8.8.8.8,2004,53,UDP,flow,dns,2036876469058441,,1,1,0,77,0,0.0,1,77,0,none,0,none,0,0,0,no_alert_unknown,no_alert_not_final_benign,-1,dns,app_proto+port
2025-07-19T23:03:04.822730+0700,103.195.142.75,8.8.8.8,45062,53,UDP,dns,,155902929534006,wire/pcap,0,0,0,0,0,0.0,0,0,0,none,0,none,0,0,0,no_alert_unknown,no_alert_not_final_benign,-1,dns,port
2025-07-19T23:03:04.822833+0700,103.195.142.74,118.98.44.50,49455,53,UDP,flow,dns,1881580123831190,,1,1,0,89,0,0.0,1,89,0,none,0,none,0,0,0,no_alert_unknown,no_alert_not_final_benign,-1,dns,app_proto+port
2025-07-19T23:03:04.822855+0700,103.195.142.196,87.98.154.189,53,19229,UDP,flow,failed,1560728392743946,,1,3,0,4311,0,9.0,3,4311,0,none,0,none,0,0,0,no_alert_unknown,no_alert_not_final_benign,-1,dns,port
2025-07-19T23:03:04.822896+0700,103.195.142.74,118.98.44.50,58995,53,UDP,flow,dns,2156570253573145,,1,1,0,74,0,0.0,1,74,0,none,0,none,0,0,0,no_alert_unknown,no_alert_not_final_benign,-1,dns,app_proto+port
2025-07-19T23:03:04.822923+0700,103.195.142.109,87.98.154.119,53,34531,UDP,flow,failed,2089645743783028,,1,1,0,1437,0,0.0,1,1437,0,none,0,none,0,0,0,no_alert_unknown,no_alert_not_final_benign,-1,dns,port
2025-07-19T23:03:04.822946+0700,103.195.142.109,87.98.154.205,53,24850,UDP,flow,failed,1793984494943409,,1,1,0,1437,0,0.0,1,1437,0,none,0,none,0,0,0,no_alert_unknown,no_alert_not_final_benign,-1,dns,port
2025-07-19T23:03:04.822997+0700,103.195.142.74,202.134.0.155,53833,53,UDP,flow,dns,2171722786848058,,1,1,0,184,0,0.0,1,184,0,none,0,none,0,0,0,no_alert_unknown,no_alert_not_final_benign,-1,dns,app_proto+port
2025-07-19T23:03:04.823031+0700,103.195.142.75,208.74.124.194,51664,53,UDP,flow,dns,1719196009151953,,1,1,0,88,0,0.0,1,88,0,none,0,none,0,0,0,no_alert_unknown,no_alert_not_final_benign,-1,dns,app_proto+port
2025-07-19T23:03:04.823055+0700,103.195.142.165,87.98.154.119,53,23575,UDP,flow,failed,2225689515441715,,1,1,0,1437,0,0.0,1,1437,0,none,0,none,0,0,0,no_alert_unknown,no_alert_not_final_benign,-1,dns,port
2025-07-19T23:03:04.823081+0700,103.195.142.83,87.98.154.82,53,27946,UDP,flow,failed,2248733520019197,,1,1,0,1190,0,0.0,1,1190,0,none,0,none,0,0,0,no_alert_unknown,no_alert_not_final_benign,-1,dns,port
2025-07-19T23:03:04.823114+0700,103.195.142.74,118.98.44.100,5272,53,UDP,flow,dns,115688838840118,,1,1,0,178,0,0.0,1,178,0,none,0,none,0,0,0,no_alert_unknown,no_alert_not_final_benign,-1,dns,app_proto+port
2025-07-19T23:03:04.823186+0700,103.195.142.165,87.98.154.137,53,53956,UDP,flow,failed,263727933997180,,1,1,0,1437,0,0.0,1,1437,0,none,0,none,0,0,0,no_alert_unknown,no_alert_not_final_benign,-1,dns,port
2025-07-19T23:03:04.823206+0700,103.195.142.74,118.98.44.20,23392,53,UDP,flow,dns,2149830377324755,,1,1,0,94,0,0.0,1,94,0,none,0,none,0,0,0,no_alert_unknown,no_alert_not_final_benign,-1,dns,app_proto+port
2025-07-19T23:03:04.823226+0700,103.195.142.76,87.98.154.118,53,33047,UDP,flow,failed,2247623461355732,,1,1,0,1469,0,0.0,1,1469,0,none,0,none,0,0,0,no_alert_unknown,no_alert_not_final_benign,-1,dns,port
2025-07-19T23:03:04.823256+0700,103.195.142.75,8.8.8.8,25216,53,UDP,flow,dns,1776286250549487,,1,1,0,74,0,0.0,1,74,0,none,0,none,0,0,0,no_alert_unknown,no_alert_not_final_benign,-1,dns,app_proto+port
2025-07-19T23:03:04.823278+0700,103.195.142.108,8.8.8.8,30400,53,UDP,flow,dns,1835288390910238,,1,1,0,68,0,0.0,1,68,0,none,0,none,0,0,0,no_alert_unknown,no_alert_not_final_benign,-1,dns,app_proto+port
2025-07-19T23:03:04.823298+0700,103.195.142.3,118.98.99.251,53,48901,UDP,flow,failed,1746268341453155,,1,1,0,126,0,0.0,1,126,0,none,0,none,0,0,0,no_alert_unknown,no_alert_not_final_benign,-1,dns,port
2025-07-19T23:03:04.823344+0700,103.195.142.74,118.98.44.50,58082,53,UDP,flow,dns,1889650890162640,,1,2,0,204,0,10.0,2,204,0,none,0,none,0,0,0,no_alert_unknown,no_alert_not_final_benign,-1,dns,app_proto+port
2025-07-19T23:03:04.823368+0700,103.195.142.46,87.98.154.119,53,52775,UDP,flow,failed,2140793690046939,,1,1,0,1437,0,0.0,1,1437,0,none,0,none,0,0,0,no_alert_unknown,no_alert_not_final_benign,-1,dns,port
2025-07-19T23:03:04.823415+0700,103.195.142.196,87.98.154.119,53,36598,UDP,flow,failed,157265083351580,,1,1,0,1437,0,0.0,1,1437,0,none,0,none,0,0,0,no_alert_unknown,no_alert_not_final_benign,-1,dns,port
2025-07-19T23:03:04.823436+0700,103.195.142.75,8.8.8.8,10541,53,UDP,flow,dns,2063333137171115,,1,1,0,82,0,0.0,1,82,0,none,0,none,0,0,0,no_alert_unknown,no_alert_not_final_benign,-1,dns,app_proto+port
2025-07-19T23:03:04.823458+0700,103.195.142.75,8.8.8.8,16297,53,UDP,flow,dns,1782574609449654,,1,1,0,68,0,0.0,1,68,0,none,0,none,0,0,0,no_alert_unknown,no_alert_not_final_benign,-1,dns,app_proto+port
2025-07-19T23:03:04.823479+0700,103.195.142.74,202.134.0.155,38092,53,UDP,flow,dns,108642772566735,,1,1,0,211,0,0.0,1,211,0,none,0,none,0,0,0,no_alert_unknown,no_alert_not_final_benign,-1,dns,app_proto+port
2025-07-19T23:03:04.823500+0700,103.195.142.74,118.98.44.50,4882,53,UDP,flow,dns,2012847607104326,,1,1,0,214,0,0.0,1,214,0,none,0,none,0,0,0,no_alert_unknown,no_alert_not_final_benign,-1,dns,app_proto+port
2025-07-19T23:03:04.823535+0700,103.195.142.75,8.8.8.8,26640,53,UDP,flow,dns,1922808346166125,,1,1,0,76,0,0.0,1,76,0,none,0,none,0,0,0,no_alert_unknown,no_alert_not_final_benign,-1,dns,app_proto+port
2025-07-19T23:03:04.823564+0700,103.195.142.83,87.98.154.119,53,48122,UDP,flow,failed,139820148573041,,1,1,0,1190,0,0.0,1,1190,0,none,0,none,0,0,0,no_alert_unknown,no_alert_not_final_benign,-1,dns,port
2025-07-19T23:03:04.823643+0700,103.195.142.74,202.134.0.155,60192,53,UDP,flow,dns,1822619130119110,,1,1,0,80,0,0.0,1,80,0,none,0,none,0,0,0,no_alert_unknown,no_alert_not_final_benign,-1,dns,app_proto+port
2025-07-19T23:03:04.823729+0700,103.195.142.195,87.98.154.80,53,18624,UDP,flow,failed,115249907287128,,1,1,0,1437,0,0.0,1,1437,0,none,0,none,0,0,0,no_alert_unknown,no_alert_not_final_benign,-1,dns,port
2025-07-19T23:03:04.823803+0700,103.195.142.109,87.98.154.119,53,6403,UDP,flow,failed,2197271107454183,,1,1,0,1437,0,0.0,1,1437,0,none,0,none,0,0,0,no_alert_unknown,no_alert_not_final_benign,-1,dns,port
2025-07-19T23:03:04.823826+0700,103.195.142.195,87.98.154.119,53,54256,UDP,flow,failed,20920225940718,,1,1,0,1437,0,0.0,1,1437,0,none,0,none,0,0,0,no_alert_unknown,no_alert_not_final_benign,-1,dns,port
2025-07-19T23:03:04.823844+0700,103.195.142.76,87.98.154.238,53,9225,UDP,flow,failed,1850860926518531,,1,1,0,1469,0,0.0,1,1469,0,none,0,none,0,0,0,no_alert_unknown,no_alert_not_final_benign,-1,dns,port
2025-07-19T23:03:04.823891+0700,103.195.142.83,87.98.154.119,53,20267,UDP,flow,failed,1717398367618359,,1,1,0,1190,0,0.0,1,1190,0,none,0,none,0,0,0,no_alert_unknown,no_alert_not_final_benign,-1,dns,port
2025-07-19T23:03:04.823919+0700,103.195.142.75,216.38.8.120,10476,53,UDP,flow,dns,258697005680010,,1,1,0,74,0,0.0,1,74,0,none,0,none,0,0,0,no_alert_unknown,no_alert_not_final_benign,-1,dns,app_proto+port
2025-07-19T23:03:04.823969+0700,103.195.142.74,202.134.0.155,37444,53,UDP,flow,dns,1901987882714601,,1,1,0,68,0,0.0,1,68,0,none,0,none,0,0,0,no_alert_unknown,no_alert_not_final_benign,-1,dns,app_proto+port
2025-07-19T23:03:04.824012+0700,103.195.142.196,87.98.154.105,53,44965,UDP,flow,failed,229952860112420,,1,1,0,1437,0,0.0,1,1437,0,none,0,none,0,0,0,no_alert_unknown,no_alert_not_final_benign,-1,dns,port
2025-07-19T23:03:04.824032+0700,103.195.142.46,87.98.154.207,53,49109,UDP,flow,failed,2134845742564930,,1,1,0,1437,0,0.0,1,1437,0,none,0,none,0,0,0,no_alert_unknown,no_alert_not_final_benign,-1,dns,port
2025-07-19T23:03:04.824052+0700,103.195.142.109,87.98.154.119,53,55346,UDP,flow,failed,2067579878950567,,1,1,0,1437,0,0.0,1,1437,0,none,0,none,0,0,0,no_alert_unknown,no_alert_not_final_benign,-1,dns,port
2025-07-19T23:03:04.824071+0700,103.195.142.83,87.98.154.150,53,7513,UDP,flow,failed,1817613869696728,,1,1,0,1190,0,0.0,1,1190,0,none,0,none,0,0,0,no_alert_unknown,no_alert_not_final_benign,-1,dns,port
2025-07-19T23:03:04.824092+0700,103.195.142.74,118.98.44.100,2092,53,UDP,flow,dns,1750238112892663,,1,1,0,115,0,0.0,1,115,0,none,0,none,0,0,0,no_alert_unknown,no_alert_not_final_benign,-1,dns,app_proto+port
2025-07-19T23:03:04.824152+0700,103.195.142.76,87.98.154.119,53,19362,UDP,flow,failed,1809942201878327,,1,1,0,1469,0,0.0,1,1469,0,none,0,none,0,0,0,no_alert_unknown,no_alert_not_final_benign,-1,dns,port
2025-07-19T23:03:04.824170+0700,103.195.142.76,87.98.154.182,53,60432,UDP,flow,failed,136915230181378,,1,1,0,1469,0,0.0,1,1469,0,none,0,none,0,0,0,no_alert_unknown,no_alert_not_final_benign,-1,dns,port
2025-07-19T23:03:04.824189+0700,103.195.142.195,87.98.154.119,53,44366,UDP,flow,failed,90859776559180,,1,1,0,1437,0,0.0,1,1437,0,none,0,none,0,0,0,no_alert_unknown,no_alert_not_final_benign,-1,dns,port
2025-07-19T23:03:04.824230+0700,103.195.142.109,87.98.154.118,53,4948,UDP,flow,failed,2164036742989926,,1,1,0,1437,0,0.0,1,1437,0,none,0,none,0,0,0,no_alert_unknown,no_alert_not_final_benign,-1,dns,port
2025-07-19T23:03:04.824249+0700,103.195.142.75,8.8.8.8,26867,53,UDP,flow,dns,509416936949979,,1,2,0,188,0,5.0,2,188,0,none,0,none,0,0,0,no_alert_unknown,no_alert_not_final_benign,-1,dns,app_proto+port
2025-07-19T23:03:04.824274+0700,103.195.142.75,8.8.8.8,34400,53,UDP,flow,dns,233078617655595,,1,1,0,90,0,0.0,1,90,0,none,0,none,0,0,0,no_alert_unknown,no_alert_not_final_benign,-1,dns,app_proto+port
2025-07-19T23:03:04.824294+0700,103.195.142.75,8.8.8.8,55131,53,UDP,flow,dns,1910224787196230,,1,1,0,93,0,0.0,1,93,0,none,0,none,0,0,0,no_alert_unknown,no_alert_not_final_benign,-1,dns,app_proto+port
2025-07-19T23:03:04.824314+0700,103.195.142.76,87.98.154.119,53,55918,UDP,flow,failed,75653680974179,,1,1,0,1469,0,0.0,1,1469,0,none,0,none,0,0,0,no_alert_unknown,no_alert_not_final_benign,-1,dns,port
2025-07-19T23:03:04.824333+0700,103.195.142.195,87.98.154.119,53,31277,UDP,flow,failed,1815751811713397,,1,1,0,1437,0,0.0,1,1437,0,none,0,none,0,0,0,no_alert_unknown,no_alert_not_final_benign,-1,dns,port
2025-07-19T23:03:04.824372+0700,103.195.142.195,87.98.154.119,53,3936,UDP,flow,failed,144367340538277,,1,1,0,1437,0,0.0,1,1437,0,none,0,none,0,0,0,no_alert_unknown,no_alert_not_final_benign,-1,dns,port
2025-07-19T23:03:04.824474+0700,103.195.142.74,118.98.44.50,56915,53,UDP,flow,dns,1792295221578222,,1,1,0,68,0,0.0,1,68,0,none,0,none,0,0,0,no_alert_unknown,no_alert_not_final_benign,-1,dns,app_proto+port
2025-07-19T23:03:04.824523+0700,103.195.142.2,52.250.51.240,53,60170,UDP,flow,failed,1769976647698968,,1,1,0,182,0,0.0,1,182,0,none,0,none,0,0,0,no_alert_unknown,no_alert_not_final_benign,-1,dns,port
2025-07-19T23:03:04.824543+0700,103.195.142.46,87.98.154.119,53,27295,UDP,flow,failed,237282400651806,,1,1,0,1437,0,0.0,1,1437,0,none,0,none,0,0,0,no_alert_unknown,no_alert_not_final_benign,-1,dns,port
2025-07-19T23:03:04.824659+0700,103.195.142.74,118.98.44.50,24028,53,UDP,flow,dns,1885130919496660,,1,1,0,243,0,0.0,1,243,0,none,0,none,0,0,0,no_alert_unknown,no_alert_not_final_benign,-1,dns,app_proto+port
2025-07-19T23:03:04.824682+0700,103.195.142.3,172.70.116.71,53,26364,UDP,flow,failed,223223456844891,,1,1,0,177,0,0.0,1,177,0,none,0,none,0,0,0,no_alert_unknown,no_alert_not_final_benign,-1,dns,port
2025-07-19T23:03:04.824702+0700,103.195.142.75,8.8.8.8,12928,53,UDP,flow,dns,2096076262001851,,1,1,0,241,0,0.0,1,241,0,none,0,none,0,0,0,no_alert_unknown,no_alert_not_final_benign,-1,dns,app_proto+port
2025-07-19T23:03:04.824723+0700,103.195.142.75,8.8.8.8,8259,53,UDP,flow,dns,1978502067178712,,1,1,0,78,0,0.0,1,78,0,none,0,none,0,0,0,no_alert_unknown,no_alert_not_final_benign,-1,dns,app_proto+port
2025-07-19T23:03:04.824769+0700,103.195.142.74,34.8.38.57,30118,53,UDP,flow,dns,1790904090938584,,1,1,0,243,0,0.0,1,243,0,none,0,none,0,0,0,no_alert_unknown,no_alert_not_final_benign,-1,dns,app_proto+port
2025-07-19T23:03:04.824793+0700,103.195.142.46,87.98.154.119,53,60583,UDP,flow,failed,117431867067691,,1,1,0,1437,0,0.0,1,1437,0,none,0,none,0,0,0,no_alert_unknown,no_alert_not_final_benign,-1,dns,port
2025-07-19T23:03:04.824813+0700,103.195.142.74,118.98.44.20,61195,53,UDP,flow,dns,1892470759738782,,1,1,0,223,0,0.0,1,223,0,none,0,none,0,0,0,no_alert_unknown,no_alert_not_final_benign,-1,dns,app_proto+port
2025-07-19T23:03:04.824833+0700,103.195.142.74,118.98.44.50,4104,53,UDP,flow,dns,22313222000032,,1,1,0,243,0,0.0,1,243,0,none,0,none,0,0,0,no_alert_unknown,no_alert_not_final_benign,-1,dns,app_proto+port
2025-07-19T23:03:04.824860+0700,103.195.142.46,87.98.154.119,53,14604,UDP,flow,failed,267149361925576,,1,1,0,1437,0,0.0,1,1437,0,none,0,none,0,0,0,no_alert_unknown,no_alert_not_final_benign,-1,dns,port
2025-07-19T23:03:04.824880+0700,103.195.142.74,118.98.44.50,4543,53,UDP,flow,dns,1996931011169793,,1,1,0,127,0,0.0,1,127,0,none,0,none,0,0,0,no_alert_unknown,no_alert_not_final_benign,-1,dns,app_proto+port
2025-07-19T23:03:04.824899+0700,103.195.142.83,87.98.154.119,53,11128,UDP,flow,failed,206332335279726,,1,1,0,1190,0,0.0,1,1190,0,none,0,none,0,0,0,no_alert_unknown,no_alert_not_final_benign,-1,dns,port
2025-07-19T23:03:04.824918+0700,103.195.142.83,87.98.154.178,53,31766,UDP,flow,failed,1753586352901909,,1,1,0,1190,0,0.0,1,1190,0,none,0,none,0,0,0,no_alert_unknown,no_alert_not_final_benign,-1,dns,port
2025-07-19T23:03:04.824937+0700,103.195.142.195,87.98.154.136,53,54481,UDP,flow,failed,1849522776559386,,1,1,0,1437,0,0.0,1,1437,0,none,0,none,0,0,0,no_alert_unknown,no_alert_not_final_benign,-1,dns,port
2025-07-19T23:03:04.824955+0700,103.195.142.195,87.98.154.119,53,28515,UDP,flow,failed,1726909165457200,,1,1,0,1437,0,0.0,1,1437,0,none,0,none,0,0,0,no_alert_unknown,no_alert_not_final_benign,-1,dns,port
2025-07-19T23:03:04.824974+0700,103.195.142.74,202.134.0.155,9133,53,UDP,flow,dns,1801235736219533,,1,1,0,214,0,0.0,1,214,0,none,0,none,0,0,0,no_alert_unknown,no_alert_not_final_benign,-1,dns,app_proto+port
2025-07-19T23:03:04.825047+0700,103.195.142.74,118.98.44.20,16685,53,UDP,flow,dns,1922428026671456,,1,1,0,94,0,0.0,1,94,0,none,0,none,0,0,0,no_alert_unknown,no_alert_not_final_benign,-1,dns,app_proto+port
2025-07-19T23:03:04.825069+0700,103.195.142.46,87.98.154.235,53,17829,UDP,flow,failed,1998354599105012,,1,1,0,1437,0,0.0,1,1437,0,none,0,none,0,0,0,no_alert_unknown,no_alert_not_final_benign,-1,dns,port
2025-07-19T23:03:04.825089+0700,103.195.142.76,87.98.154.182,53,51856,UDP,flow,failed,116860719649318,,1,1,0,1469,0,0.0,1,1469,0,none,0,none,0,0,0,no_alert_unknown,no_alert_not_final_benign,-1,dns,port
2025-07-19T23:03:04.825124+0700,103.195.142.75,8.8.8.8,4509,53,UDP,flow,dns,1869560867639957,,1,1,0,88,0,0.0,1,88,0,none,0,none,0,0,0,no_alert_unknown,no_alert_not_final_benign,-1,dns,app_proto+port
2025-07-19T23:03:04.825163+0700,103.195.142.196,87.98.154.118,53,6947,UDP,flow,failed,2016416646156999,,1,1,0,1437,0,0.0,1,1437,0,none,0,none,0,0,0,no_alert_unknown,no_alert_not_final_benign,-1,dns,port
2025-07-19T23:03:04.825182+0700,103.195.142.195,87.98.154.119,53,62250,UDP,flow,failed,1926579009213162,,1,1,0,1437,0,0.0,1,1437,0,none,0,none,0,0,0,no_alert_unknown,no_alert_not_final_benign,-1,dns,port
2025-07-19T23:03:04.825200+0700,103.195.142.83,87.98.154.119,53,4763,UDP,flow,failed,276572711867339,,1,1,0,1190,0,0.0,1,1190,0,none,0,none,0,0,0,no_alert_unknown,no_alert_not_final_benign,-1,dns,port
2025-07-19T23:03:04.825219+0700,103.195.142.83,87.98.154.119,53,13575,UDP,flow,failed,2169379859977305,,1,1,0,1190,0,0.0,1,1190,0,none,0,none,0,0,0,no_alert_unknown,no_alert_not_final_benign,-1,dns,port
2025-07-19T23:03:04.825238+0700,103.195.142.165,87.98.154.119,53,51673,UDP,flow,failed,76733919188059,,1,1,0,1437,0,0.0,1,1437,0,none,0,none,0,0,0,no_alert_unknown,no_alert_not_final_benign,-1,dns,port
2025-07-19T23:03:04.825256+0700,103.195.142.74,118.98.44.20,33871,53,UDP,flow,dns,2137394895377551,,1,1,0,74,0,0.0,1,74,0,none,0,none,0,0,0,no_alert_unknown,no_alert_not_final_benign,-1,dns,app_proto+port
2025-07-19T23:03:04.825345+0700,103.195.142.195,87.98.154.136,53,44579,UDP,flow,failed,1788244071732667,,1,1,0,1437,0,0.0,1,1437,0,none,0,none,0,0,0,no_alert_unknown,no_alert_not_final_benign,-1,dns,port
2025-07-19T23:03:04.825412+0700,103.195.142.196,87.98.154.119,53,31895,UDP,flow,failed,1785230194759234,,1,1,0,1437,0,0.0,1,1437,0,none,0,none,0,0,0,no_alert_unknown,no_alert_not_final_benign,-1,dns,port
2025-07-19T23:03:04.825549+0700,103.195.142.31,8.8.8.8,33110,53,UDP,flow,dns,1819498074789883,,1,1,0,83,0,0.0,1,83,0,none,0,none,0,0,0,no_alert_unknown,no_alert_not_final_benign,-1,dns,app_proto+port
2025-07-19T23:03:04.825593+0700,103.195.142.74,202.134.0.155,18006,53,UDP,flow,dns,1840269758617806,,1,1,0,74,0,0.0,1,74,0,none,0,none,0,0,0,no_alert_unknown,no_alert_not_final_benign,-1,dns,app_proto+port
2025-07-19T23:03:04.825643+0700,103.195.142.76,87.98.154.182,53,17454,UDP,flow,failed,2192347481102599,,1,1,0,1469,0,0.0,1,1469,0,none,0,none,0,0,0,no_alert_unknown,no_alert_not_final_benign,-1,dns,port
2025-07-19T23:03:04.825662+0700,103.195.142.83,87.98.154.119,53,42893,UDP,flow,failed,2023355688999200,,1,1,0,1190,0,0.0,1,1190,0,none,0,none,0,0,0,no_alert_unknown,no_alert_not_final_benign,-1,dns,port
2025-07-19T23:03:04.825680+0700,103.195.142.109,87.98.154.25,53,9140,UDP,flow,failed,52383316564288,,1,1,0,1437,0,0.0,1,1437,0,none,0,none,0,0,0,no_alert_unknown,no_alert_not_final_benign,-1,dns,port
2025-07-19T23:03:04.825701+0700,103.195.142.196,87.98.154.119,53,42314,UDP,flow,failed,1819946080655746,,1,1,0,1437,0,0.0,1,1437,0,none,0,none,0,0,0,no_alert_unknown,no_alert_not_final_benign,-1,dns,port
2025-07-19T23:03:04.825720+0700,103.195.142.46,87.98.154.179,53,8666,UDP,flow,failed,2150643416357442,,1,1,0,1437,0,0.0,1,1437,0,none,0,none,0,0,0,no_alert_unknown,no_alert_not_final_benign,-1,dns,port
2025-07-19T23:03:04.825824+0700,103.195.142.75,216.38.8.120,40755,53,UDP,flow,dns,122346316880856,,1,1,0,74,0,0.0,1,74,0,none,0,none,0,0,0,no_alert_unknown,no_alert_not_final_benign,-1,dns,app_proto+port
2025-07-19T23:03:04.825906+0700,103.195.142.74,50.28.104.44,62715,53,UDP,flow,dns,2039458232786154,,1,1,0,74,0,0.0,1,74,0,none,0,none,0,0,0,no_alert_unknown,no_alert_not_final_benign,-1,dns,app_proto+port
2025-07-19T23:03:04.825949+0700,103.195.142.196,87.98.154.209,53,13011,UDP,flow,failed,1691924371725605,,1,1,0,1437,0,0.0,1,1437,0,none,0,none,0,0,0,no_alert_unknown,no_alert_not_final_benign,-1,dns,port
2025-07-19T23:03:04.825992+0700,103.195.142.76,87.98.154.118,53,57280,UDP,flow,failed,2086231925644662,,1,1,0,1469,0,0.0,1,1469,0,none,0,none,0,0,0,no_alert_unknown,no_alert_not_final_benign,-1,dns,port
2025-07-19T23:03:04.826011+0700,103.195.142.75,8.8.8.8,46254,53,UDP,flow,dns,205446608969231,,1,1,0,107,0,0.0,1,107,0,none,0,none,0,0,0,no_alert_unknown,no_alert_not_final_benign,-1,dns,app_proto+port
2025-07-19T23:03:04.826032+0700,103.195.142.196,87.98.154.245,53,37687,UDP,flow,failed,185161532300851,,1,1,0,1437,0,0.0,1,1437,0,none,0,none,0,0,0,no_alert_unknown,no_alert_not_final_benign,-1,dns,port
2025-07-19T23:03:04.826050+0700,103.195.142.83,87.98.154.117,53,15448,UDP,flow,failed,86511340871344,,1,1,0,1190,0,0.0,1,1190,0,none,0,none,0,0,0,no_alert_unknown,no_alert_not_final_benign,-1,dns,port
2025-07-19T23:03:04.826068+0700,103.195.142.75,8.8.8.8,28585,53,UDP,flow,dns,107795210297035,,1,1,0,68,0,0.0,1,68,0,none,0,none,0,0,0,no_alert_unknown,no_alert_not_final_benign,-1,dns,app_proto+port
2025-07-19T23:03:04.826088+0700,103.195.142.76,87.98.154.154,53,31746,UDP,flow,failed,237606022536964,,1,1,0,1469,0,0.0,1,1469,0,none,0,none,0,0,0,no_alert_unknown,no_alert_not_final_benign,-1,dns,port
2025-07-19T23:03:04.826124+0700,103.195.142.76,87.98.154.119,53,32826,UDP,flow,failed,191739442945838,,1,1,0,1469,0,0.0,1,1469,0,none,0,none,0,0,0,no_alert_unknown,no_alert_not_final_benign,-1,dns,port
2025-07-19T23:03:04.826165+0700,103.195.142.196,87.98.154.245,53,44267,UDP,flow,failed,2159358865825701,,1,1,0,1437,0,0.0,1,1437,0,none,0,none,0,0,0,no_alert_unknown,no_alert_not_final_benign,-1,dns,port
2025-07-19T23:03:04.826184+0700,103.195.142.74,202.134.0.155,35994,53,UDP,flow,dns,52884864884688,,1,1,0,243,0,0.0,1,243,0,none,0,none,0,0,0,no_alert_unknown,no_alert_not_final_benign,-1,dns,app_proto+port
2025-07-19T23:03:04.826203+0700,103.195.142.83,87.98.154.10,53,36531,UDP,flow,failed,2050256958251011,,1,1,0,1190,0,0.0,1,1190,0,none,0,none,0,0,0,no_alert_unknown,no_alert_not_final_benign,-1,dns,port
2025-07-19T23:03:04.826240+0700,103.195.142.195,87.98.154.68,53,52624,UDP,flow,failed,1802794009878742,,1,1,0,1437,0,0.0,1,1437,0,none,0,none,0,0,0,no_alert_unknown,no_alert_not_final_benign,-1,dns,port
2025-07-19T23:03:04.826259+0700,103.195.142.196,87.98.154.217,53,36454,UDP,flow,failed,1390205536428398,,1,3,0,4311,0,10.0,3,4311,0,none,0,none,0,0,0,no_alert_unknown,no_alert_not_final_benign,-1,dns,port
2025-07-19T23:03:04.826287+0700,103.195.142.165,87.98.154.81,53,59004,UDP,flow,failed,2079813248737680,,1,1,0,1437,0,0.0,1,1437,0,none,0,none,0,0,0,no_alert_unknown,no_alert_not_final_benign,-1,dns,port
2025-07-19T23:03:04.826305+0700,103.195.142.74,118.98.44.20,20823,53,UDP,flow,dns,2147261063029205,,1,1,0,232,0,0.0,1,232,0,none,0,none,0,0,0,no_alert_unknown,no_alert_not_final_benign,-1,dns,app_proto+port
2025-07-19T23:03:04.826347+0700,103.195.142.74,118.98.44.50,6379,53,UDP,flow,dns,2231372542829095,,1,1,0,86,0,0.0,1,86,0,none,0,none,0,0,0,no_alert_unknown,no_alert_not_final_benign,-1,dns,app_proto+port
2025-07-19T23:03:04.826370+0700,103.195.142.2,93.158.164.218,53,26770,UDP,flow,failed,1730815278965368,,1,1,0,133,0,0.0,1,133,0,none,0,none,0,0,0,no_alert_unknown,no_alert_not_final_benign,-1,dns,port
2025-07-19T23:03:04.826415+0700,103.195.142.74,118.98.44.20,8399,53,UDP,flow,dns,199646842446598,,1,1,0,88,0,0.0,1,88,0,none,0,none,0,0,0,no_alert_unknown,no_alert_not_final_benign,-1,dns,app_proto+port
2025-07-19T23:03:04.826456+0700,103.195.142.83,87.98.154.178,53,1886,UDP,flow,failed,258874002760476,,1,1,0,1190,0,0.0,1,1190,0,none,0,none,0,0,0,no_alert_unknown,no_alert_not_final_benign,-1,dns,port
2025-07-19T23:03:04.826474+0700,103.195.142.74,118.98.44.100,63217,53,UDP,flow,dns,1948757305910223,,1,1,0,130,0,0.0,1,130,0,none,0,none,0,0,0,no_alert_unknown,no_alert_not_final_benign,-1,dns,app_proto+port
2025-07-19T23:03:04.826494+0700,103.195.142.74,118.98.44.50,57509,53,UDP,flow,dns,2104543462876162,,1,1,0,79,0,0.0,1,79,0,none,0,none,0,0,0,no_alert_unknown,no_alert_not_final_benign,-1,dns,app_proto+port
2025-07-19T23:03:04.826513+0700,103.195.142.165,87.98.154.137,53,24793,UDP,flow,failed,1691080757994531,,1,1,0,1437,0,0.0,1,1437,0,none,0,none,0,0,0,no_alert_unknown,no_alert_not_final_benign,-1,dns,port
2025-07-19T23:03:04.826532+0700,103.195.142.196,87.98.154.117,53,51833,UDP,flow,failed,256533913134269,,1,1,0,1437,0,0.0,1,1437,0,none,0,none,0,0,0,no_alert_unknown,no_alert_not_final_benign,-1,dns,port
2025-07-19T23:03:04.826550+0700,103.195.142.83,87.98.154.119,53,38799,UDP,flow,failed,1993983063942345,,1,1,0,1190,0,0.0,1,1190,0,none,0,none,0,0,0,no_alert_unknown,no_alert_not_final_benign,-1,dns,port
2025-07-19T23:03:04.826573+0700,103.195.142.196,87.98.154.119,53,3152,UDP,flow,failed,19396349977869,,1,1,0,1437,0,0.0,1,1437,0,none,0,none,0,0,0,no_alert_unknown,no_alert_not_final_benign,-1,dns,port
2025-07-19T23:03:04.826592+0700,103.195.142.83,87.98.154.119,53,42167,UDP,flow,failed,121224922457366,,1,1,0,1190,0,0.0,1,1190,0,none,0,none,0,0,0,no_alert_unknown,no_alert_not_final_benign,-1,dns,port
2025-07-19T23:03:04.826646+0700,103.195.142.195,87.98.154.119,53,63903,UDP,flow,failed,211691054490955,,1,1,0,1437,0,0.0,1,1437,0,none,0,none,0,0,0,no_alert_unknown,no_alert_not_final_benign,-1,dns,port
2025-07-19T23:03:04.826666+0700,103.195.142.74,118.98.44.100,57982,53,UDP,flow,dns,1695945053758869,,1,1,0,89,0,0.0,1,89,0,none,0,none,0,0,0,no_alert_unknown,no_alert_not_final_benign,-1,dns,app_proto+port
2025-07-19T23:03:04.826687+0700,103.195.142.2,74.114.28.19,53,53670,UDP,flow,failed,2137965167764988,,1,1,0,224,0,0.0,1,224,0,none,0,none,0,0,0,no_alert_unknown,no_alert_not_final_benign,-1,dns,port
2025-07-19T23:03:04.826711+0700,103.195.142.75,8.8.8.8,54839,53,UDP,flow,dns,2030546502411785,,1,1,0,68,0,0.0,1,68,0,none,0,none,0,0,0,no_alert_unknown,no_alert_not_final_benign,-1,dns,app_proto+port
2025-07-19T23:03:04.826731+0700,103.195.142.83,87.98.154.119,53,19582,UDP,flow,failed,1980970585155127,,1,1,0,1190,0,0.0,1,1190,0,none,0,none,0,0,0,no_alert_unknown,no_alert_not_final_benign,-1,dns,port
2025-07-19T23:03:04.826802+0700,103.195.142.75,8.8.8.8,9102,53,UDP,flow,dns,2163130827794004,,1,1,0,211,0,0.0,1,211,0,none,0,none,0,0,0,no_alert_unknown,no_alert_not_final_benign,-1,dns,app_proto+port
2025-07-19T23:03:04.826865+0700,103.195.142.75,8.8.8.8,44741,53,UDP,flow,dns,2049896054122180,,1,1,0,232,0,0.0,1,232,0,none,0,none,0,0,0,no_alert_unknown,no_alert_not_final_benign,-1,dns,app_proto+port
2025-07-19T23:03:04.826904+0700,103.195.142.76,87.98.154.42,53,56571,UDP,flow,failed,245952699033424,,1,1,0,1469,0,0.0,1,1469,0,none,0,none,0,0,0,no_alert_unknown,no_alert_not_final_benign,-1,dns,port
2025-07-19T23:03:04.826975+0700,103.195.142.195,87.98.154.40,53,16344,UDP,flow,failed,2059160948631487,,1,1,0,1437,0,0.0,1,1437,0,none,0,none,0,0,0,no_alert_unknown,no_alert_not_final_benign,-1,dns,port
2025-07-19T23:03:04.827023+0700,103.195.142.83,87.98.154.66,53,52738,UDP,flow,failed,1547915752826820,,1,3,0,3570,0,9.0,3,3570,0,none,0,none,0,0,0,no_alert_unknown,no_alert_not_final_benign,-1,dns,port
2025-07-19T23:03:04.827265+0700,103.195.142.195,87.98.154.119,53,61425,UDP,flow,failed,1766278082259163,,1,1,0,1437,0,0.0,1,1437,0,none,0,none,0,0,0,no_alert_unknown,no_alert_not_final_benign,-1,dns,port
2025-07-19T23:03:04.827284+0700,103.195.142.74,202.134.0.155,11782,53,UDP,flow,dns,68023110461672,,1,1,0,77,0,0.0,1,77,0,none,0,none,0,0,0,no_alert_unknown,no_alert_not_final_benign,-1,dns,app_proto+port
2025-07-19T23:03:04.827332+0700,103.195.142.195,87.98.154.24,53,46329,UDP,flow,failed,487618502060396,,1,1,0,1437,0,0.0,1,1437,0,none,0,none,0,0,0,no_alert_unknown,no_alert_not_final_benign,-1,dns,port
2025-07-19T23:03:04.827351+0700,103.195.142.83,87.98.154.119,53,21327,UDP,flow,failed,54128093882747,,1,1,0,1190,0,0.0,1,1190,0,none,0,none,0,0,0,no_alert_unknown,no_alert_not_final_benign,-1,dns,port
2025-07-19T23:03:04.827369+0700,103.195.142.75,8.8.8.8,45763,53,UDP,flow,dns,132069078854043,,1,1,0,232,0,0.0,1,232,0,none,0,none,0,0,0,no_alert_unknown,no_alert_not_final_benign,-1,dns,app_proto+port
2025-07-19T23:03:04.880639+0700,103.195.142.74,202.134.0.155,23031,53,UDP,dns,,123143616970933,wire/pcap,0,0,0,0,0,0.0,0,0,0,none,0,none,0,0,0,no_alert_unknown,no_alert_not_final_benign,-1,dns,port
2025-07-19T23:03:04.888710+0700,103.195.142.75,69.39.238.37,32866,53,UDP,dns,,157807192901513,wire/pcap,0,0,0,0,0,0.0,0,0,0,none,0,none,0,0,0,no_alert_unknown,no_alert_not_final_benign,-1,dns,port
2025-07-19T23:03:04.906220+0700,103.195.142.74,118.98.44.100,52549,53,UDP,dns,,233013088401479,wire/pcap,0,0,0,0,0,0.0,0,0,0,none,0,none,0,0,0,no_alert_unknown,no_alert_not_final_benign,-1,dns,port
2025-07-19T23:03:04.921559+0700,103.195.142.108,8.8.8.8,1900,53,UDP,dns,,1216074754602613,wire/pcap,0,0,0,0,0,0.0,0,0,0,none,0,none,0,0,0,no_alert_unknown,no_alert_not_final_benign,-1,dns,port
2025-07-19T23:03:04.928084+0700,103.195.142.74,118.98.44.100,17523,53,UDP,dns,,45444525772600,wire/pcap,0,0,0,0,0,0.0,0,0,0,none,0,none,0,0,0,no_alert_unknown,no_alert_not_final_benign,-1,dns,port
2025-07-19T23:03:04.928424+0700,103.195.142.74,202.134.0.155,40324,53,UDP,dns,,46905057000198,wire/pcap,0,0,0,0,0,0.0,0,0,0,none,0,none,0,0,0,no_alert_unknown,no_alert_not_final_benign,-1,dns,port
2025-07-19T23:03:04.936236+0700,103.195.142.74,202.134.0.155,51230,53,UDP,dns,,80454287594559,wire/pcap,0,0,0,0,0,0.0,0,0,0,none,0,none,0,0,0,no_alert_unknown,no_alert_not_final_benign,-1,dns,port
2025-07-19T23:03:04.948509+0700,103.195.142.74,118.98.44.50,47138,53,UDP,dns,,133167005533766,wire/pcap,0,0,0,0,0,0.0,0,0,0,none,0,none,0,0,0,no_alert_unknown,no_alert_not_final_benign,-1,dns,port
2025-07-19T23:03:04.967339+0700,103.195.142.74,118.98.44.100,20173,53,UDP,dns,,214041415125165,wire/pcap,0,0,0,0,0,0.0,0,0,0,none,0,none,0,0,0,no_alert_unknown,no_alert_not_final_benign,-1,dns,port
2025-07-19T23:03:04.970382+0700,103.195.142.74,118.98.44.20,35878,53,UDP,dns,,227109940240396,wire/pcap,0,0,0,0,0,0.0,0,0,0,none,0,none,0,0,0,no_alert_unknown,no_alert_not_final_benign,-1,dns,port
2025-07-19T23:03:04.990059+0700,103.195.142.74,118.98.44.20,56708,53,UDP,dns,,30149921799442,wire/pcap,0,0,0,0,0,0.0,0,0,0,none,0,none,0,0,0,no_alert_unknown,no_alert_not_final_benign,-1,dns,port
2025-07-19T23:03:04.990134+0700,103.195.142.74,118.98.44.50,17327,53,UDP,dns,,30472695611280,wire/pcap,0,0,0,0,0,0.0,0,0,0,none,0,none,0,0,0,no_alert_unknown,no_alert_not_final_benign,-1,dns,port
2025-07-19T23:03:04.991944+0700,103.195.142.74,118.98.44.20,15374,53,UDP,dns,,38243437339766,wire/pcap,0,0,0,0,0,0.0,0,0,0,none,0,none,0,0,0,no_alert_unknown,no_alert_not_final_benign,-1,dns,port
2025-07-19T23:03:04.994706+0700,103.195.142.74,118.98.44.50,1692,53,UDP,dns,,50106518393067,wire/pcap,0,0,0,0,0,0.0,0,0,0,none,0,none,0,0,0,no_alert_unknown,no_alert_not_final_benign,-1,dns,port
2025-07-19T23:03:05.002523+0700,103.195.142.75,8.8.8.8,36897,53,UDP,flow,dns,699515990639147,,1,1,0,211,0,0.0,1,211,0,none,0,none,0,0,0,no_alert_unknown,no_alert_not_final_benign,-1,dns,app_proto+port
2025-07-19T23:03:05.011988+0700,103.195.142.74,118.98.44.20,1179,53,UDP,dns,,332964240322843,wire/pcap,0,0,0,0,0,0.0,0,0,0,none,0,none,0,0,0,no_alert_unknown,no_alert_not_final_benign,-1,dns,port
2025-07-19T23:03:05.019160+0700,103.195.142.74,118.98.44.50,19262,53,UDP,dns,,363767703651659,wire/pcap,0,0,0,0,0,0.0,0,0,0,none,0,none,0,0,0,no_alert_unknown,no_alert_not_final_benign,-1,dns,port
2025-07-19T23:03:05.019398+0700,103.195.142.74,202.134.0.155,23821,53,UDP,dns,,364789035538913,wire/pcap,0,0,0,0,0,0.0,0,0,0,none,0,none,0,0,0,no_alert_unknown,no_alert_not_final_benign,-1,dns,port
2025-07-19T23:03:05.020430+0700,103.195.142.74,118.98.44.20,8421,53,UDP,dns,,369222312801932,wire/pcap,0,0,0,0,0,0.0,0,0,0,none,0,none,0,0,0,no_alert_unknown,no_alert_not_final_benign,-1,dns,port
2025-07-19T23:03:05.025055+0700,103.195.142.75,8.8.8.8,10900,53,UDP,dns,,389085930639668,wire/pcap,0,0,0,0,0,0.0,0,0,0,none,0,none,0,0,0,no_alert_unknown,no_alert_not_final_benign,-1,dns,port
2025-07-19T23:03:05.025133+0700,103.195.142.75,8.8.8.8,2817,53,UDP,dns,,389422220793232,wire/pcap,0,0,0,0,0,0.0,0,0,0,none,0,none,0,0,0,no_alert_unknown,no_alert_not_final_benign,-1,dns,port
2025-07-19T23:03:05.033851+0700,103.195.142.74,118.98.44.20,7605,53,UDP,dns,,426864667757076,wire/pcap,0,0,0,0,0,0.0,0,0,0,none,0,none,0,0,0,no_alert_unknown,no_alert_not_final_benign,-1,dns,port
2025-07-19T23:03:05.038148+0700,103.195.142.75,8.8.8.8,30802,53,UDP,flow,dns,724530199473574,,1,1,0,232,0,0.0,1,232,0,none,0,none,0,0,0,no_alert_unknown,no_alert_not_final_benign,-1,dns,app_proto+port
2025-07-19T23:03:05.044358+0700,103.195.142.74,118.98.44.100,22067,53,UDP,dns,,471995337776827,wire/pcap,0,0,0,0,0,0.0,0,0,0,none,0,none,0,0,0,no_alert_unknown,no_alert_not_final_benign,-1,dns,port
2025-07-19T23:03:05.052480+0700,103.195.142.74,202.134.0.155,47780,53,UDP,dns,,506877806242053,wire/pcap,0,0,0,0,0,0.0,0,0,0,none,0,none,0,0,0,no_alert_unknown,no_alert_not_final_benign,-1,dns,port
2025-07-19T23:03:05.057356+0700,103.195.142.75,8.8.8.8,35634,53,UDP,dns,,527818808869335,wire/pcap,0,0,0,0,0,0.0,0,0,0,none,0,none,0,0,0,no_alert_unknown,no_alert_not_final_benign,-1,dns,port
2025-07-19T23:03:05.087053+0700,103.195.142.74,118.98.44.50,2397,53,UDP,dns,,373893898175012,wire/pcap,0,0,0,0,0,0.0,0,0,0,none,0,none,0,0,0,no_alert_unknown,no_alert_not_final_benign,-1,dns,port
2025-07-19T23:03:05.089660+0700,103.195.142.74,118.98.44.50,18954,53,UDP,dns,,385087243057301,wire/pcap,0,0,0,0,0,0.0,0,0,0,none,0,none,0,0,0,no_alert_unknown,no_alert_not_final_benign,-1,dns,port
2025-07-19T23:03:05.094656+0700,103.195.142.74,118.98.44.50,28788,53,UDP,flow,dns,372041829823056,,1,1,0,81,0,0.0,1,81,0,none,0,none,0,0,0,no_alert_unknown,no_alert_not_final_benign,-1,dns,app_proto+port
2025-07-19T23:03:05.098426+0700,103.195.142.74,118.98.44.20,52272,53,UDP,dns,,422736493849567,wire/pcap,0,0,0,0,0,0.0,0,0,0,none,0,none,0,0,0,no_alert_unknown,no_alert_not_final_benign,-1,dns,port
2025-07-19T23:03:05.104870+0700,103.195.142.74,118.98.44.20,19361,53,UDP,dns,,450417359798219,wire/pcap,0,0,0,0,0,0.0,0,0,0,none,0,none,0,0,0,no_alert_unknown,no_alert_not_final_benign,-1,dns,port
2025-07-19T23:03:05.111247+0700,103.195.142.74,118.98.44.20,61130,53,UDP,dns,,477803683132844,wire/pcap,0,0,0,0,0,0.0,0,0,0,none,0,none,0,0,0,no_alert_unknown,no_alert_not_final_benign,-1,dns,port
2025-07-19T23:03:05.146853+0700,103.195.142.74,118.98.44.20,48322,53,UDP,dns,,349254974135621,wire/pcap,0,0,0,0,0,0.0,0,0,0,none,0,none,0,0,0,no_alert_unknown,no_alert_not_final_benign,-1,dns,port
2025-07-19T23:03:05.146970+0700,103.195.142.74,118.98.44.50,37251,53,UDP,dns,,349759930107993,wire/pcap,0,0,0,0,0,0.0,0,0,0,none,0,none,0,0,0,no_alert_unknown,no_alert_not_final_benign,-1,dns,port
2025-07-19T23:03:05.161918+0700,103.195.142.74,118.98.44.100,1598,53,UDP,dns,,413958681473235,wire/pcap,0,0,0,0,0,0.0,0,0,0,none,0,none,0,0,0,no_alert_unknown,no_alert_not_final_benign,-1,dns,port
2025-07-19T23:03:05.167589+0700,103.195.142.74,118.98.44.50,57838,53,UDP,dns,,438316902720136,wire/pcap,0,0,0,0,0,0.0,0,0,0,none,0,none,0,0,0,no_alert_unknown,no_alert_not_final_benign,-1,dns,port
2025-07-19T23:03:05.171333+0700,103.195.142.76,87.98.154.119,53,41743,UDP,flow,failed,632498393052544,,1,1,0,1469,0,0.0,1,1469,0,none,0,none,0,0,0,no_alert_unknown,no_alert_not_final_benign,-1,dns,port
2025-07-19T23:03:05.179848+0700,103.195.142.74,118.98.44.50,22574,53,UDP,flow,dns,108702992333567,,1,1,0,184,0,0.0,1,184,0,none,0,none,0,0,0,no_alert_unknown,no_alert_not_final_benign,-1,dns,app_proto+port
2025-07-19T23:03:05.181755+0700,103.195.142.74,185.67.45.232,8887,53,UDP,dns,,499160473181225,wire/pcap,0,0,0,0,0,0.0,0,0,0,none,0,none,0,0,0,no_alert_unknown,no_alert_not_final_benign,-1,dns,port
2025-07-19T23:03:05.193259+0700,103.195.142.74,202.134.0.155,60788,53,UDP,dns,,1660869144455831,wire/pcap,0,0,0,0,0,0.0,0,0,0,none,0,none,0,0,0,no_alert_unknown,no_alert_not_final_benign,-1,dns,port
2025-07-19T23:03:05.212953+0700,103.195.142.74,202.134.0.155,46372,53,UDP,dns,,351678311174973,wire/pcap,0,0,0,0,0,0.0,0,0,0,none,0,none,0,0,0,no_alert_unknown,no_alert_not_final_benign,-1,dns,port
2025-07-19T23:03:05.251411+0700,103.195.142.74,118.98.44.100,18005,53,UDP,dns,,516853412328630,wire/pcap,0,0,0,0,0,0.0,0,0,0,none,0,none,0,0,0,no_alert_unknown,no_alert_not_final_benign,-1,dns,port
2025-07-19T23:03:05.251359+0700,103.195.142.74,202.134.0.155,12864,53,UDP,dns,,516632967566115,wire/pcap,0,0,0,0,0,0.0,0,0,0,none,0,none,0,0,0,no_alert_unknown,no_alert_not_final_benign,-1,dns,port
2025-07-19T23:03:05.252088+0700,103.195.142.74,118.98.44.20,46588,53,UDP,dns,,519761229101139,wire/pcap,0,0,0,0,0,0.0,0,0,0,none,0,none,0,0,0,no_alert_unknown,no_alert_not_final_benign,-1,dns,port
2025-07-19T23:03:05.262722+0700,103.195.142.75,8.8.8.8,35876,53,UDP,dns,,283959909724293,wire/pcap,0,0,0,0,0,0.0,0,0,0,none,0,none,0,0,0,no_alert_unknown,no_alert_not_final_benign,-1,dns,port
2025-07-19T23:03:05.262689+0700,103.195.142.74,118.98.44.50,42568,53,UDP,dns,,283815952945670,wire/pcap,0,0,0,0,0,0.0,0,0,0,none,0,none,0,0,0,no_alert_unknown,no_alert_not_final_benign,-1,dns,port
2025-07-19T23:03:05.317627+0700,103.195.142.74,118.98.44.20,28435,53,UDP,dns,,519775548032287,wire/pcap,0,0,0,0,0,0.0,0,0,0,none,0,none,0,0,0,no_alert_unknown,no_alert_not_final_benign,-1,dns,port
2025-07-19T23:03:05.367802+0700,103.195.142.74,202.134.0.155,57369,53,UDP,dns,,453797900584308,wire/pcap,0,0,0,0,0,0.0,0,0,0,none,0,none,0,0,0,no_alert_unknown,no_alert_not_final_benign,-1,dns,port
2025-07-19T23:03:05.368428+0700,103.195.142.74,118.98.44.50,44048,53,UDP,dns,,456487002121822,wire/pcap,0,0,0,0,0,0.0,0,0,0,none,0,none,0,0,0,no_alert_unknown,no_alert_not_final_benign,-1,dns,port
2025-07-19T23:03:05.394395+0700,103.195.142.239,8.8.8.8,59931,53,UDP,dns,,1984056319393614,wire/pcap,0,0,0,0,0,0.0,0,0,0,none,0,none,0,0,0,no_alert_unknown,no_alert_not_final_benign,-1,dns,port
2025-07-19T23:03:05.395015+0700,103.195.142.74,118.98.44.100,4861,53,UDP,dns,,289204368515586,wire/pcap,0,0,0,0,0,0.0,0,0,0,none,0,none,0,0,0,no_alert_unknown,no_alert_not_final_benign,-1,dns,port
2025-07-19T23:03:05.400540+0700,103.195.142.74,118.98.44.100,12594,53,UDP,dns,,312935145011583,wire/pcap,0,0,0,0,0,0.0,0,0,0,none,0,none,0,0,0,no_alert_unknown,no_alert_not_final_benign,-1,dns,port
2025-07-19T23:03:05.422769+0700,103.195.142.239,8.8.8.8,40864,53,UDP,dns,,408407337011354,wire/pcap,0,0,0,0,0,0.0,0,0,0,none,0,none,0,0,0,no_alert_unknown,no_alert_not_final_benign,-1,dns,port
2025-07-19T23:03:05.423033+0700,103.195.142.239,8.8.4.4,34635,53,UDP,dns,,409539807747008,wire/pcap,0,0,0,0,0,0.0,0,0,0,none,0,none,0,0,0,no_alert_unknown,no_alert_not_final_benign,-1,dns,port
2025-07-19T23:03:05.426711+0700,103.195.142.75,8.8.8.8,49362,53,UDP,dns,,425335475959867,wire/pcap,0,0,0,0,0,0.0,0,0,0,none,0,none,0,0,0,no_alert_unknown,no_alert_not_final_benign,-1,dns,port
2025-07-19T23:03:05.433388+0700,103.195.142.74,118.98.44.100,52884,53,UDP,dns,,454015573774025,wire/pcap,0,0,0,0,0,0.0,0,0,0,none,0,none,0,0,0,no_alert_unknown,no_alert_not_final_benign,-1,dns,port
2025-07-19T23:03:05.471265+0700,103.195.142.74,118.98.44.100,28429,53,UDP,dns,,335218649288166,wire/pcap,0,0,0,0,0,0.0,0,0,0,none,0,none,0,0,0,no_alert_unknown,no_alert_not_final_benign,-1,dns,port
2025-07-19T23:03:05.472544+0700,103.195.142.74,118.98.44.50,50835,53,UDP,dns,,340712805941365,wire/pcap,0,0,0,0,0,0.0,0,0,0,none,0,none,0,0,0,no_alert_unknown,no_alert_not_final_benign,-1,dns,port
2025-07-19T23:03:05.499107+0700,103.195.142.74,118.98.44.100,53858,53,UDP,dns,,454799960634764,wire/pcap,0,0,0,0,0,0.0,0,0,0,none,0,none,0,0,0,no_alert_unknown,no_alert_not_final_benign,-1,dns,port
2025-07-19T23:03:05.500904+0700,103.195.142.74,118.98.44.100,19655,53,UDP,dns,,462518697540619,wire/pcap,0,0,0,0,0,0.0,0,0,0,none,0,none,0,0,0,no_alert_unknown,no_alert_not_final_benign,-1,dns,port
2025-07-19T23:03:05.504786+0700,103.195.142.74,118.98.44.20,57842,53,UDP,dns,,479193137366056,wire/pcap,0,0,0,0,0,0.0,0,0,0,none,0,none,0,0,0,no_alert_unknown,no_alert_not_final_benign,-1,dns,port
2025-07-19T23:03:05.527209+0700,103.195.142.74,118.98.44.100,52207,53,UDP,dns,,294023656270791,wire/pcap,0,0,0,0,0,0.0,0,0,0,none,0,none,0,0,0,no_alert_unknown,no_alert_not_final_benign,-1,dns,port
2025-07-19T23:03:05.528993+0700,103.195.142.74,118.98.44.50,21583,53,UDP,dns,,301687003872858,wire/pcap,0,0,0,0,0,0.0,0,0,0,none,0,none,0,0,0,no_alert_unknown,no_alert_not_final_benign,-1,dns,port
2025-07-19T23:03:05.529547+0700,103.195.142.74,118.98.44.50,64201,53,UDP,dns,,304064009003023,wire/pcap,0,0,0,0,0,0.0,0,0,0,none,0,none,0,0,0,no_alert_unknown,no_alert_not_final_benign,-1,dns,port
2025-07-19T23:03:05.547438+0700,103.195.142.74,118.98.44.20,26377,53,UDP,dns,,380903874924171,wire/pcap,0,0,0,0,0,0.0,0,0,0,none,0,none,0,0,0,no_alert_unknown,no_alert_not_final_benign,-1,dns,port
2025-07-19T23:03:05.553027+0700,103.195.142.74,202.134.0.155,64636,53,UDP,dns,,404908940283449,wire/pcap,0,0,0,0,0,0.0,0,0,0,none,0,none,0,0,0,no_alert_unknown,no_alert_not_final_benign,-1,dns,port
2025-07-19T23:03:05.557911+0700,103.195.142.74,118.98.44.50,1431,53,UDP,dns,,425888875690256,wire/pcap,0,0,0,0,0,0.0,0,0,0,none,0,none,0,0,0,no_alert_unknown,no_alert_not_final_benign,-1,dns,port
2025-07-19T23:03:05.566377+0700,103.195.142.75,8.8.8.8,32728,53,UDP,dns,,462250046344581,wire/pcap,0,0,0,0,0,0.0,0,0,0,none,0,none,0,0,0,no_alert_unknown,no_alert_not_final_benign,-1,dns,port
2025-07-19T23:03:05.566551+0700,103.195.142.75,8.8.8.8,26310,53,UDP,dns,,462993735572403,wire/pcap,0,0,0,0,0,0.0,0,0,0,none,0,none,0,0,0,no_alert_unknown,no_alert_not_final_benign,-1,dns,port
2025-07-19T23:03:05.575663+0700,103.195.142.74,118.98.44.20,55167,53,UDP,dns,,502130968804025,wire/pcap,0,0,0,0,0,0.0,0,0,0,none,0,none,0,0,0,no_alert_unknown,no_alert_not_final_benign,-1,dns,port
2025-07-19T23:03:05.575801+0700,103.195.142.74,202.134.0.155,25282,53,UDP,dns,,502722497611308,wire/pcap,0,0,0,0,0,0.0,0,0,0,none,0,none,0,0,0,no_alert_unknown,no_alert_not_final_benign,-1,dns,port
2025-07-19T23:03:05.584541+0700,103.195.142.75,69.39.238.37,32748,53,UDP,dns,,540261181292302,wire/pcap,0,0,0,0,0,0.0,0,0,0,none,0,none,0,0,0,no_alert_unknown,no_alert_not_final_benign,-1,dns,port
2025-07-19T23:03:05.598573+0700,103.195.142.74,118.98.44.50,12877,53,UDP,dns,,319054486546586,wire/pcap,0,0,0,0,0,0.0,0,0,0,none,0,none,0,0,0,no_alert_unknown,no_alert_not_final_benign,-1,dns,port
2025-07-19T23:03:05.598659+0700,103.195.142.74,118.98.44.20,61459,53,UDP,dns,,319424116311068,wire/pcap,0,0,0,0,0,0.0,0,0,0,none,0,none,0,0,0,no_alert_unknown,no_alert_not_final_benign,-1,dns,port
2025-07-19T23:03:05.598782+0700,103.195.142.74,118.98.44.20,61459,53,UDP,flow,dns,2179651761619996,,1,1,0,232,0,0.0,1,232,0,none,0,none,0,0,0,no_alert_unknown,no_alert_not_final_benign,-1,dns,app_proto+port
2025-07-19T23:03:05.600988+0700,103.195.142.74,118.98.44.100,51581,53,UDP,dns,,329425481886243,wire/pcap,0,0,0,0,0,0.0,0,0,0,none,0,none,0,0,0,no_alert_unknown,no_alert_not_final_benign,-1,dns,port
2025-07-19T23:03:05.609910+0700,103.195.142.196,87.98.154.217,53,39857,UDP,flow,failed,422240336460460,,1,1,0,1437,0,0.0,1,1437,0,none,0,none,0,0,0,no_alert_unknown,no_alert_not_final_benign,-1,dns,port
2025-07-19T23:03:05.627248+0700,103.195.142.75,8.8.8.8,7908,53,UDP,dns,,442211619381058,wire/pcap,0,0,0,0,0,0.0,0,0,0,none,0,none,0,0,0,no_alert_unknown,no_alert_not_final_benign,-1,dns,port
2025-07-19T23:03:05.632438+0700,103.195.142.75,69.39.238.37,56390,53,UDP,dns,,464500898752135,wire/pcap,0,0,0,0,0,0.0,0,0,0,none,0,none,0,0,0,no_alert_unknown,no_alert_not_final_benign,-1,dns,port
2025-07-19T23:03:05.633147+0700,103.195.142.74,202.134.0.155,64951,53,UDP,flow,dns,673336047816435,,1,1,0,78,0,0.0,1,78,0,none,0,none,0,0,0,no_alert_unknown,no_alert_not_final_benign,-1,dns,app_proto+port
2025-07-19T23:03:05.649832+0700,103.195.142.75,8.8.8.8,28828,53,UDP,dns,,539209872527813,wire/pcap,0,0,0,0,0,0.0,0,0,0,none,0,none,0,0,0,no_alert_unknown,no_alert_not_final_benign,-1,dns,port
2025-07-19T23:03:05.653496+0700,103.195.142.46,87.98.154.95,53,18035,UDP,flow,failed,65918004976421,,1,1,0,1437,0,0.0,1,1437,0,none,0,none,0,0,0,no_alert_unknown,no_alert_not_final_benign,-1,dns,port
2025-07-19T23:03:05.754976+0700,103.195.142.74,118.98.44.100,14785,53,UDP,dns,,427851439680213,wire/pcap,0,0,0,0,0,0.0,0,0,0,none,0,none,0,0,0,no_alert_unknown,no_alert_not_final_benign,-1,dns,port
2025-07-19T23:03:05.755061+0700,103.195.142.74,202.134.0.155,24585,53,UDP,dns,,428216339270620,wire/pcap,0,0,0,0,0,0.0,0,0,0,none,0,none,0,0,0,no_alert_unknown,no_alert_not_final_benign,-1,dns,port
2025-07-19T23:03:05.756966+0700,103.195.142.195,87.98.154.117,53,14337,UDP,flow,failed,748464233594923,,1,1,0,1437,0,0.0,1,1437,0,none,0,none,0,0,0,no_alert_unknown,no_alert_not_final_benign,-1,dns,port
2025-07-19T23:03:05.779791+0700,103.195.142.75,8.8.8.8,48224,53,UDP,dns,,534430066903046,wire/pcap,0,0,0,0,0,0.0,0,0,0,none,0,none,0,0,0,no_alert_unknown,no_alert_not_final_benign,-1,dns,port
2025-07-19T23:03:05.779940+0700,103.195.142.74,118.98.44.50,46627,53,UDP,dns,,535067141558496,wire/pcap,0,0,0,0,0,0.0,0,0,0,none,0,none,0,0,0,no_alert_unknown,no_alert_not_final_benign,-1,dns,port
2025-07-19T23:03:05.801263+0700,103.195.142.74,118.98.44.50,51161,53,UDP,dns,,345176547889419,wire/pcap,0,0,0,0,0,0.0,0,0,0,none,0,none,0,0,0,no_alert_unknown,no_alert_not_final_benign,-1,dns,port
2025-07-19T23:03:05.804961+0700,103.195.142.74,118.98.44.50,59966,53,UDP,dns,,361059409478593,wire/pcap,0,0,0,0,0,0.0,0,0,0,none,0,none,0,0,0,no_alert_unknown,no_alert_not_final_benign,-1,dns,port
2025-07-19T23:03:05.806573+0700,103.195.142.74,202.134.0.155,39546,53,UDP,dns,,367981752986363,wire/pcap,0,0,0,0,0,0.0,0,0,0,none,0,none,0,0,0,no_alert_unknown,no_alert_not_final_benign,-1,dns,port
2025-07-19T23:03:05.806982+0700,103.195.142.83,87.98.154.119,53,22760,UDP,flow,failed,2019648604793275,,1,1,0,1190,0,0.0,1,1190,0,none,0,none,0,0,0,no_alert_unknown,no_alert_not_final_benign,-1,dns,port
2025-07-19T23:03:05.807070+0700,103.195.142.76,87.98.154.210,53,36530,UDP,flow,failed,357023801600458,,1,1,0,1469,0,0.0,1,1469,0,none,0,none,0,0,0,no_alert_unknown,no_alert_not_final_benign,-1,dns,port
2025-07-19T23:03:05.807196+0700,103.195.142.3,180.251.22.123,53,48738,UDP,flow,failed,392913978911210,,1,1,0,174,0,0.0,1,174,0,none,0,none,0,0,0,no_alert_unknown,no_alert_not_final_benign,-1,dns,port
2025-07-19T23:03:05.807254+0700,103.195.142.165,87.98.154.245,53,37099,UDP,flow,failed,124435212855852,,1,1,0,1437,0,0.0,1,1437,0,none,0,none,0,0,0,no_alert_unknown,no_alert_not_final_benign,-1,dns,port
2025-07-19T23:03:05.807279+0700,103.195.142.195,87.98.154.44,53,36117,UDP,flow,failed,1740920173226575,,1,1,0,1437,0,0.0,1,1437,0,none,0,none,0,0,0,no_alert_unknown,no_alert_not_final_benign,-1,dns,port
2025-07-19T23:03:05.807378+0700,103.195.142.109,87.98.154.9,53,3376,UDP,flow,failed,1750636478130908,,1,1,0,1437,0,0.0,1,1437,0,none,0,none,0,0,0,no_alert_unknown,no_alert_not_final_benign,-1,dns,port
2025-07-19T23:03:05.807442+0700,103.195.142.196,87.98.154.119,53,7040,UDP,flow,failed,2156149053778715,,1,1,0,1437,0,0.0,1,1437,0,none,0,none,0,0,0,no_alert_unknown,no_alert_not_final_benign,-1,dns,port
2025-07-19T23:03:05.807487+0700,103.195.142.76,87.98.154.119,53,61974,UDP,flow,failed,147350149065569,,1,1,0,1469,0,0.0,1,1469,0,none,0,none,0,0,0,no_alert_unknown,no_alert_not_final_benign,-1,dns,port
2025-07-19T23:03:05.807508+0700,103.195.142.74,202.134.0.155,30599,53,UDP,flow,dns,522883601460070,,1,1,0,89,0,0.0,1,89,0,none,0,none,0,0,0,no_alert_unknown,no_alert_not_final_benign,-1,dns,app_proto+port
2025-07-19T23:03:05.807533+0700,103.195.142.74,118.98.44.20,29071,53,UDP,flow,dns,528408510917560,,1,1,0,223,0,0.0,1,223,0,none,0,none,0,0,0,no_alert_unknown,no_alert_not_final_benign,-1,dns,app_proto+port
2025-07-19T23:03:05.807563+0700,103.195.142.74,118.98.44.50,20206,53,UDP,flow,dns,330308576996306,,1,1,0,232,0,0.0,1,232,0,none,0,none,0,0,0,no_alert_unknown,no_alert_not_final_benign,-1,dns,app_proto+port
2025-07-19T23:03:05.807605+0700,103.195.142.165,87.98.154.165,53,63363,UDP,flow,failed,2228445197823094,,1,1,0,1437,0,0.0,1,1437,0,none,0,none,0,0,0,no_alert_unknown,no_alert_not_final_benign,-1,dns,port
2025-07-19T23:03:05.807624+0700,103.195.142.74,118.98.44.100,55736,53,UDP,flow,dns,82891837992083,,1,1,0,89,0,0.0,1,89,0,none,0,none,0,0,0,no_alert_unknown,no_alert_not_final_benign,-1,dns,app_proto+port
2025-07-19T23:03:05.807666+0700,103.195.142.109,87.98.154.149,53,13474,UDP,flow,failed,1737982280920227,,1,1,0,1437,0,0.0,1,1437,0,none,0,none,0,0,0,no_alert_unknown,no_alert_not_final_benign,-1,dns,port
2025-07-19T23:03:05.807711+0700,103.195.142.83,87.98.154.150,53,28787,UDP,flow,failed,2230217803164954,,1,1,0,1190,0,0.0,1,1190,0,none,0,none,0,0,0,no_alert_unknown,no_alert_not_final_benign,-1,dns,port
2025-07-19T23:03:05.807749+0700,103.195.142.83,87.98.154.150,53,14527,UDP,flow,failed,511187423456551,,1,1,0,1190,0,0.0,1,1190,0,none,0,none,0,0,0,no_alert_unknown,no_alert_not_final_benign,-1,dns,port
2025-07-19T23:03:05.807769+0700,103.195.142.109,87.98.154.121,53,36846,UDP,flow,failed,1975265203907929,,1,1,0,1437,0,0.0,1,1437,0,none,0,none,0,0,0,no_alert_unknown,no_alert_not_final_benign,-1,dns,port
2025-07-19T23:03:05.807822+0700,103.195.142.195,87.98.154.252,53,53097,UDP,flow,failed,1776821434379649,,1,1,0,1437,0,0.0,1,1437,0,none,0,none,0,0,0,no_alert_unknown,no_alert_not_final_benign,-1,dns,port
2025-07-19T23:03:05.807932+0700,103.195.142.74,118.98.44.100,50082,53,UDP,flow,dns,488119300386233,,1,2,0,204,0,5.0,2,204,0,none,0,none,0,0,0,no_alert_unknown,no_alert_not_final_benign,-1,dns,app_proto+port
2025-07-19T23:03:05.807970+0700,103.195.142.46,87.98.154.211,53,46926,UDP,flow,failed,388650522570234,,1,1,0,1437,0,0.0,1,1437,0,none,0,none,0,0,0,no_alert_unknown,no_alert_not_final_benign,-1,dns,port
2025-07-19T23:03:05.808013+0700,103.195.142.76,87.98.154.117,53,37594,UDP,flow,failed,2050310650850866,,1,1,0,1469,0,0.0,1,1469,0,none,0,none,0,0,0,no_alert_unknown,no_alert_not_final_benign,-1,dns,port
2025-07-19T23:03:05.808035+0700,103.195.142.76,87.98.154.119,53,24426,UDP,flow,failed,498492170497593,,1,1,0,1469,0,0.0,1,1469,0,none,0,none,0,0,0,no_alert_unknown,no_alert_not_final_benign,-1,dns,port
2025-07-19T23:03:05.808056+0700,103.195.142.196,87.98.154.45,53,58286,UDP,flow,failed,1819315189378629,,1,1,0,1437,0,0.0,1,1437,0,none,0,none,0,0,0,no_alert_unknown,no_alert_not_final_benign,-1,dns,port
2025-07-19T23:03:05.808079+0700,103.195.142.74,118.98.44.20,23866,53,UDP,flow,dns,725187878252137,,1,2,0,204,0,6.0,2,204,0,none,0,none,0,0,0,no_alert_unknown,no_alert_not_final_benign,-1,dns,app_proto+port
2025-07-19T23:03:05.808123+0700,103.195.142.195,87.98.154.117,53,63154,UDP,flow,failed,2211598601416370,,1,1,0,1437,0,0.0,1,1437,0,none,0,none,0,0,0,no_alert_unknown,no_alert_not_final_benign,-1,dns,port
2025-07-19T23:03:05.808157+0700,103.195.142.74,34.8.38.57,57227,53,UDP,flow,dns,2087286242995922,,1,1,0,243,0,0.0,1,243,0,none,0,none,0,0,0,no_alert_unknown,no_alert_not_final_benign,-1,dns,app_proto+port
2025-07-19T23:03:05.808215+0700,103.195.142.165,87.98.154.119,53,36509,UDP,flow,failed,362662754184926,,1,1,0,1437,0,0.0,1,1437,0,none,0,none,0,0,0,no_alert_unknown,no_alert_not_final_benign,-1,dns,port
2025-07-19T23:03:05.808248+0700,103.195.142.74,118.98.44.20,21774,53,UDP,flow,dns,474469761871585,,1,1,0,211,0,0.0,1,211,0,none,0,none,0,0,0,no_alert_unknown,no_alert_not_final_benign,-1,dns,app_proto+port
2025-07-19T23:03:05.808293+0700,103.195.142.83,87.98.154.119,53,14017,UDP,flow,failed,1712992900673259,,1,1,0,1190,0,0.0,1,1190,0,none,0,none,0,0,0,no_alert_unknown,no_alert_not_final_benign,-1,dns,port
2025-07-19T23:03:05.808314+0700,103.195.142.74,118.98.44.100,38462,53,UDP,flow,dns,7403302547227,,1,1,0,83,0,0.0,1,83,0,none,0,none,0,0,0,no_alert_unknown,no_alert_not_final_benign,-1,dns,app_proto+port
2025-07-19T23:03:05.808370+0700,103.195.142.76,87.98.154.70,53,11377,UDP,flow,failed,2013825788538706,,1,3,0,4407,0,9.0,3,4407,0,none,0,none,0,0,0,no_alert_unknown,no_alert_not_final_benign,-1,dns,port
2025-07-19T23:03:05.808408+0700,103.195.142.74,118.98.44.50,11896,53,UDP,flow,dns,1946237306597324,,1,1,0,178,0,0.0,1,178,0,none,0,none,0,0,0,no_alert_unknown,no_alert_not_final_benign,-1,dns,app_proto+port
2025-07-19T23:03:05.808475+0700,103.195.142.76,87.98.154.119,53,56997,UDP,flow,failed,2071320337838145,,1,1,0,1469,0,0.0,1,1469,0,none,0,none,0,0,0,no_alert_unknown,no_alert_not_final_benign,-1,dns,port
2025-07-19T23:03:05.808539+0700,103.195.142.31,8.8.8.8,20633,53,UDP,flow,dns,1821299764555919,,1,1,0,79,0,0.0,1,79,0,none,0,none,0,0,0,no_alert_unknown,no_alert_not_final_benign,-1,dns,app_proto+port
2025-07-19T23:03:05.808572+0700,103.195.142.74,118.98.44.50,27929,53,UDP,flow,dns,222109350162580,,1,1,0,68,0,0.0,1,68,0,none,0,none,0,0,0,no_alert_unknown,no_alert_not_final_benign,-1,dns,app_proto+port
2025-07-19T23:03:05.808594+0700,103.195.142.109,87.98.154.119,53,17064,UDP,flow,failed,1852662563991729,,1,1,0,1437,0,0.0,1,1437,0,none,0,none,0,0,0,no_alert_unknown,no_alert_not_final_benign,-1,dns,port
2025-07-19T23:03:05.808615+0700,103.195.142.74,202.134.0.155,64713,53,UDP,flow,dns,1736078588965089,,1,1,0,232,0,0.0,1,232,0,none,0,none,0,0,0,no_alert_unknown,no_alert_not_final_benign,-1,dns,app_proto+port
2025-07-19T23:03:05.808636+0700,103.195.142.165,87.98.154.165,53,28474,UDP,flow,failed,1773041282838854,,1,1,0,1437,0,0.0,1,1437,0,none,0,none,0,0,0,no_alert_unknown,no_alert_not_final_benign,-1,dns,port
2025-07-19T23:03:05.808656+0700,103.195.142.74,118.98.44.50,22826,53,UDP,flow,dns,334814432457077,,1,1,0,98,0,0.0,1,98,0,none,0,none,0,0,0,no_alert_unknown,no_alert_not_final_benign,-1,dns,app_proto+port
2025-07-19T23:03:05.808678+0700,103.195.142.74,118.98.44.20,25514,53,UDP,flow,dns,2222518504387067,,1,1,0,211,0,0.0,1,211,0,none,0,none,0,0,0,no_alert_unknown,no_alert_not_final_benign,-1,dns,app_proto+port
2025-07-19T23:03:05.808710+0700,103.195.142.74,118.98.44.100,41626,53,UDP,flow,dns,2150235066528317,,1,1,0,83,0,0.0,1,83,0,none,0,none,0,0,0,no_alert_unknown,no_alert_not_final_benign,-1,dns,app_proto+port
2025-07-19T23:03:05.808730+0700,103.195.142.109,87.98.154.119,53,25596,UDP,flow,failed,536227377050199,,1,1,0,1437,0,0.0,1,1437,0,none,0,none,0,0,0,no_alert_unknown,no_alert_not_final_benign,-1,dns,port
2025-07-19T23:03:05.808750+0700,103.195.142.74,118.98.44.20,3474,53,UDP,flow,dns,557756978033275,,1,1,0,89,0,0.0,1,89,0,none,0,none,0,0,0,no_alert_unknown,no_alert_not_final_benign,-1,dns,app_proto+port
2025-07-19T23:03:05.808790+0700,103.195.142.195,87.98.154.52,53,41335,UDP,flow,failed,410527776895617,,1,1,0,1437,0,0.0,1,1437,0,none,0,none,0,0,0,no_alert_unknown,no_alert_not_final_benign,-1,dns,port
2025-07-19T23:03:05.808835+0700,103.195.142.74,202.134.0.155,20957,53,UDP,flow,dns,247450941125259,,1,1,0,103,0,0.0,1,103,0,none,0,none,0,0,0,no_alert_unknown,no_alert_not_final_benign,-1,dns,app_proto+port
2025-07-19T23:03:05.808867+0700,103.195.142.74,118.98.44.50,23926,53,UDP,flow,dns,1759702233379489,,1,1,0,90,0,0.0,1,90,0,none,0,none,0,0,0,no_alert_unknown,no_alert_not_final_benign,-1,dns,app_proto+port
2025-07-19T23:03:05.808887+0700,103.195.142.195,87.98.154.220,53,2110,UDP,flow,failed,1960089472398033,,1,1,0,1437,0,0.0,1,1437,0,none,0,none,0,0,0,no_alert_unknown,no_alert_not_final_benign,-1,dns,port
2025-07-19T23:03:05.808993+0700,103.195.142.165,87.98.154.119,53,6153,UDP,flow,failed,2125058969563918,,1,1,0,1437,0,0.0,1,1437,0,none,0,none,0,0,0,no_alert_unknown,no_alert_not_final_benign,-1,dns,port
2025-07-19T23:03:05.809012+0700,103.195.142.46,87.98.154.151,53,23993,UDP,flow,failed,2144226814128951,,1,1,0,1437,0,0.0,1,1437,0,none,0,none,0,0,0,no_alert_unknown,no_alert_not_final_benign,-1,dns,port
2025-07-19T23:03:05.809031+0700,103.195.142.83,87.98.154.94,53,15289,UDP,flow,failed,150043052208968,,1,1,0,1190,0,0.0,1,1190,0,none,0,none,0,0,0,no_alert_unknown,no_alert_not_final_benign,-1,dns,port
2025-07-19T23:03:05.809141+0700,103.195.142.109,87.98.154.29,53,40535,UDP,flow,failed,2202930840204373,,1,1,0,1437,0,0.0,1,1437,0,none,0,none,0,0,0,no_alert_unknown,no_alert_not_final_benign,-1,dns,port
2025-07-19T23:03:05.809159+0700,103.195.142.74,118.98.44.100,48592,53,UDP,flow,dns,528291525817474,,1,1,0,99,0,0.0,1,99,0,none,0,none,0,0,0,no_alert_unknown,no_alert_not_final_benign,-1,dns,app_proto+port
2025-07-19T23:03:05.809179+0700,103.195.142.31,8.8.8.8,22871,53,UDP,flow,dns,153961830348003,,1,1,0,72,0,0.0,1,72,0,none,0,none,0,0,0,no_alert_unknown,no_alert_not_final_benign,-1,dns,app_proto+port
2025-07-19T23:03:05.809206+0700,103.195.142.46,87.98.154.67,53,3854,UDP,flow,failed,367500916421872,,1,1,0,1437,0,0.0,1,1437,0,none,0,none,0,0,0,no_alert_unknown,no_alert_not_final_benign,-1,dns,port
2025-07-19T23:03:05.809268+0700,103.195.142.74,118.98.44.50,37053,53,UDP,flow,dns,297837674493291,,1,1,0,214,0,0.0,1,214,0,none,0,none,0,0,0,no_alert_unknown,no_alert_not_final_benign,-1,dns,app_proto+port
2025-07-19T23:03:05.809290+0700,103.195.142.74,118.98.44.100,14074,53,UDP,flow,dns,2246749696357748,,1,1,0,243,0,0.0,1,243,0,none,0,none,0,0,0,no_alert_unknown,no_alert_not_final_benign,-1,dns,app_proto+port
2025-07-19T23:03:05.809316+0700,103.195.142.74,118.98.44.20,49875,53,UDP,flow,dns,2042923427558801,,1,1,0,68,0,0.0,1,68,0,none,0,none,0,0,0,no_alert_unknown,no_alert_not_final_benign,-1,dns,app_proto+port
2025-07-19T23:03:05.809355+0700,103.195.142.165,87.98.154.118,53,56125,UDP,flow,failed,468155532637708,,1,1,0,1437,0,0.0,1,1437,0,none,0,none,0,0,0,no_alert_unknown,no_alert_not_final_benign,-1,dns,port
2025-07-19T23:03:05.809374+0700,103.195.142.83,87.98.154.122,53,55735,UDP,flow,failed,25164842595983,,1,1,0,1190,0,0.0,1,1190,0,none,0,none,0,0,0,no_alert_unknown,no_alert_not_final_benign,-1,dns,port
2025-07-19T23:03:05.809413+0700,103.195.142.74,118.98.44.20,18007,53,UDP,flow,dns,17826334897873,,1,1,0,118,0,0.0,1,118,0,none,0,none,0,0,0,no_alert_unknown,no_alert_not_final_benign,-1,dns,app_proto+port
2025-07-19T23:03:05.809456+0700,103.195.142.76,87.98.154.118,53,32683,UDP,flow,failed,265026238084977,,1,1,0,1469,0,0.0,1,1469,0,none,0,none,0,0,0,no_alert_unknown,no_alert_not_final_benign,-1,dns,port
2025-07-19T23:03:05.809479+0700,103.195.142.109,87.98.154.119,53,52394,UDP,flow,failed,194473516005320,,1,1,0,1437,0,0.0,1,1437,0,none,0,none,0,0,0,no_alert_unknown,no_alert_not_final_benign,-1,dns,port
2025-07-19T23:03:05.809519+0700,103.195.142.74,118.98.44.20,1660,53,UDP,flow,dns,2074994886113328,,1,1,0,95,0,0.0,1,95,0,none,0,none,0,0,0,no_alert_unknown,no_alert_not_final_benign,-1,dns,app_proto+port
2025-07-19T23:03:05.809539+0700,103.195.142.165,87.98.154.189,53,13446,UDP,flow,failed,533468587686127,,1,1,0,1437,0,0.0,1,1437,0,none,0,none,0,0,0,no_alert_unknown,no_alert_not_final_benign,-1,dns,port
2025-07-19T23:03:05.809559+0700,103.195.142.76,87.98.154.119,53,31842,UDP,flow,failed,2114181320407341,,1,1,0,1469,0,0.0,1,1469,0,none,0,none,0,0,0,no_alert_unknown,no_alert_not_final_benign,-1,dns,port
2025-07-19T23:03:05.809579+0700,103.195.142.165,87.98.154.118,53,30430,UDP,flow,failed,2118074746599874,,1,1,0,1437,0,0.0,1,1437,0,none,0,none,0,0,0,no_alert_unknown,no_alert_not_final_benign,-1,dns,port
2025-07-19T23:03:05.809618+0700,103.195.142.74,118.98.44.20,50702,53,UDP,flow,dns,246864360700399,,1,1,0,68,0,0.0,1,68,0,none,0,none,0,0,0,no_alert_unknown,no_alert_not_final_benign,-1,dns,app_proto+port
2025-07-19T23:03:05.809642+0700,103.195.142.31,8.8.8.8,58484,53,UDP,flow,dns,2028913764661860,,1,1,0,79,0,0.0,1,79,0,none,0,none,0,0,0,no_alert_unknown,no_alert_not_final_benign,-1,dns,app_proto+port
2025-07-19T23:03:05.809662+0700,103.195.142.74,118.98.44.50,39173,53,UDP,flow,dns,1997388027067025,,1,1,0,178,0,0.0,1,178,0,none,0,none,0,0,0,no_alert_unknown,no_alert_not_final_benign,-1,dns,app_proto+port
2025-07-19T23:03:05.809700+0700,103.195.142.74,118.98.44.100,16912,53,UDP,flow,dns,329001757702902,,1,1,0,91,0,0.0,1,91,0,none,0,none,0,0,0,no_alert_unknown,no_alert_not_final_benign,-1,dns,app_proto+port
2025-07-19T23:03:05.809743+0700,103.195.142.75,8.8.8.8,57211,53,UDP,flow,dns,2069116245244708,,1,1,0,89,0,0.0,1,89,0,none,0,none,0,0,0,no_alert_unknown,no_alert_not_final_benign,-1,dns,app_proto+port
2025-07-19T23:03:05.809769+0700,103.195.142.165,87.98.154.225,53,61812,UDP,flow,failed,2058764657621799,,1,2,0,2874,0,9.0,2,2874,0,none,0,none,0,0,0,no_alert_unknown,no_alert_not_final_benign,-1,dns,port
2025-07-19T23:03:05.809788+0700,103.195.142.83,87.98.154.230,53,16832,UDP,flow,failed,318858259856272,,1,1,0,1190,0,0.0,1,1190,0,none,0,none,0,0,0,no_alert_unknown,no_alert_not_final_benign,-1,dns,port
2025-07-19T23:03:05.809873+0700,103.195.142.46,87.98.154.239,53,18858,UDP,flow,failed,60610503900340,,1,1,0,1437,0,0.0,1,1437,0,none,0,none,0,0,0,no_alert_unknown,no_alert_not_final_benign,-1,dns,port
2025-07-19T23:03:05.809896+0700,103.195.142.74,118.98.44.20,11141,53,UDP,flow,dns,2144942789229790,,1,1,0,214,0,0.0,1,214,0,none,0,none,0,0,0,no_alert_unknown,no_alert_not_final_benign,-1,dns,app_proto+port
2025-07-19T23:03:05.809921+0700,103.195.142.74,50.116.34.34,7292,53,UDP,flow,dns,332905660415220,,1,1,0,85,0,0.0,1,85,0,none,0,none,0,0,0,no_alert_unknown,no_alert_not_final_benign,-1,dns,app_proto+port
2025-07-19T23:03:05.809942+0700,103.195.142.76,87.98.154.119,53,22565,UDP,flow,failed,2157957222890769,,1,1,0,1469,0,0.0,1,1469,0,none,0,none,0,0,0,no_alert_unknown,no_alert_not_final_benign,-1,dns,port
2025-07-19T23:03:05.809980+0700,103.195.142.75,8.8.8.8,34586,53,UDP,flow,dns,110921749757316,,1,1,0,77,0,0.0,1,77,0,none,0,none,0,0,0,no_alert_unknown,no_alert_not_final_benign,-1,dns,app_proto+port
2025-07-19T23:03:05.809999+0700,103.195.142.46,87.98.154.11,53,39095,UDP,flow,failed,2015001505103385,,1,1,0,1437,0,0.0,1,1437,0,none,0,none,0,0,0,no_alert_unknown,no_alert_not_final_benign,-1,dns,port
2025-07-19T23:03:05.810038+0700,103.195.142.46,87.98.154.95,53,47327,UDP,flow,failed,501480349564629,,1,1,0,1437,0,0.0,1,1437,0,none,0,none,0,0,0,no_alert_unknown,no_alert_not_final_benign,-1,dns,port
2025-07-19T23:03:05.810112+0700,103.195.142.74,118.98.44.20,54229,53,UDP,flow,dns,353185550892918,,1,1,0,68,0,0.0,1,68,0,none,0,none,0,0,0,no_alert_unknown,no_alert_not_final_benign,-1,dns,app_proto+port
2025-07-19T23:03:05.810201+0700,103.195.142.46,87.98.154.119,53,47231,UDP,flow,failed,195236759732102,,1,1,0,1437,0,0.0,1,1437,0,none,0,none,0,0,0,no_alert_unknown,no_alert_not_final_benign,-1,dns,port
2025-07-19T23:03:05.810296+0700,103.195.142.46,87.98.154.27,53,35473,UDP,flow,failed,469120911146975,,1,1,0,1437,0,0.0,1,1437,0,none,0,none,0,0,0,no_alert_unknown,no_alert_not_final_benign,-1,dns,port
2025-07-19T23:03:05.810332+0700,103.195.142.75,8.8.8.8,21526,53,UDP,flow,dns,2109167344746553,,1,1,0,130,0,0.0,1,130,0,none,0,none,0,0,0,no_alert_unknown,no_alert_not_final_benign,-1,dns,app_proto+port
2025-07-19T23:03:05.810408+0700,103.195.142.74,118.98.44.50,4859,53,UDP,flow,dns,178318604173402,,1,1,0,88,0,0.0,1,88,0,none,0,none,0,0,0,no_alert_unknown,no_alert_not_final_benign,-1,dns,app_proto+port
2025-07-19T23:03:05.810509+0700,103.195.142.74,118.98.44.20,51699,53,UDP,flow,dns,2099944357494947,,1,1,0,114,0,0.0,1,114,0,none,0,none,0,0,0,no_alert_unknown,no_alert_not_final_benign,-1,dns,app_proto+port
2025-07-19T23:03:05.810551+0700,103.195.142.46,87.98.154.67,53,32491,UDP,flow,failed,1494710793470264,,1,3,0,4311,0,10.0,3,4311,0,none,0,none,0,0,0,no_alert_unknown,no_alert_not_final_benign,-1,dns,port
2025-07-19T23:03:05.810571+0700,103.195.142.74,118.98.44.100,40880,53,UDP,flow,dns,78329867796928,,1,1,0,232,0,0.0,1,232,0,none,0,none,0,0,0,no_alert_unknown,no_alert_not_final_benign,-1,dns,app_proto+port
2025-07-19T23:03:05.810590+0700,103.195.142.76,87.98.154.34,53,28182,UDP,flow,failed,463595877171691,,1,1,0,1469,0,0.0,1,1469,0,none,0,none,0,0,0,no_alert_unknown,no_alert_not_final_benign,-1,dns,port
2025-07-19T23:03:05.810660+0700,103.195.142.74,118.98.44.100,23764,53,UDP,flow,dns,2172623745319555,,1,1,0,223,0,0.0,1,223,0,none,0,none,0,0,0,no_alert_unknown,no_alert_not_final_benign,-1,dns,app_proto+port
2025-07-19T23:03:05.810763+0700,103.195.142.74,202.134.0.155,55802,53,UDP,flow,dns,434301393765408,,1,1,0,74,0,0.0,1,74,0,none,0,none,0,0,0,no_alert_unknown,no_alert_not_final_benign,-1,dns,app_proto+port
2025-07-19T23:03:05.810847+0700,103.195.142.75,8.8.8.8,16271,53,UDP,flow,dns,2173791245501726,,1,1,0,90,0,0.0,1,90,0,none,0,none,0,0,0,no_alert_unknown,no_alert_not_final_benign,-1,dns,app_proto+port
2025-07-19T23:03:05.810901+0700,103.195.142.74,118.98.44.100,5157,53,UDP,flow,dns,383042116322703,,1,1,0,241,0,0.0,1,241,0,none,0,none,0,0,0,no_alert_unknown,no_alert_not_final_benign,-1,dns,app_proto+port
2025-07-19T23:03:05.810947+0700,103.195.142.46,87.98.154.179,53,29207,UDP,flow,failed,1986197561411092,,1,1,0,1437,0,0.0,1,1437,0,none,0,none,0,0,0,no_alert_unknown,no_alert_not_final_benign,-1,dns,port
2025-07-19T23:03:05.810987+0700,103.195.142.74,34.8.196.142,59190,53,UDP,flow,dns,246390308341875,,1,1,0,243,0,0.0,1,243,0,none,0,none,0,0,0,no_alert_unknown,no_alert_not_final_benign,-1,dns,app_proto+port
2025-07-19T23:03:05.811020+0700,103.195.142.83,87.98.154.210,53,13036,UDP,flow,failed,247351606708377,,1,1,0,1190,0,0.0,1,1190,0,none,0,none,0,0,0,no_alert_unknown,no_alert_not_final_benign,-1,dns,port
2025-07-19T23:03:05.811050+0700,103.195.142.196,87.98.154.45,53,14720,UDP,flow,failed,133558621899064,,1,1,0,1437,0,0.0,1,1437,0,none,0,none,0,0,0,no_alert_unknown,no_alert_not_final_benign,-1,dns,port
2025-07-19T23:03:05.811070+0700,103.195.142.3,172.253.211.25,53,65148,UDP,flow,failed,213785178737044,,1,1,0,228,0,0.0,1,228,0,none,0,none,0,0,0,no_alert_unknown,no_alert_not_final_benign,-1,dns,port
2025-07-19T23:03:05.811118+0700,103.195.142.74,202.134.0.155,37870,53,UDP,flow,dns,2008482236008877,,1,1,0,211,0,0.0,1,211,0,none,0,none,0,0,0,no_alert_unknown,no_alert_not_final_benign,-1,dns,app_proto+port
2025-07-19T23:03:05.811184+0700,103.195.142.74,118.98.44.50,3890,53,UDP,flow,dns,2086731078240900,,1,2,0,204,0,8.0,2,204,0,none,0,none,0,0,0,no_alert_unknown,no_alert_not_final_benign,-1,dns,app_proto+port
2025-07-19T23:03:05.811264+0700,103.195.142.109,87.98.154.93,53,53490,UDP,flow,failed,2083089979345856,,1,1,0,1437,0,0.0,1,1437,0,none,0,none,0,0,0,no_alert_unknown,no_alert_not_final_benign,-1,dns,port
2025-07-19T23:03:05.811509+0700,103.195.142.2,162.158.185.208,53,39665,UDP,flow,failed,389207783116135,,1,1,0,176,0,0.0,1,176,0,none,0,none,0,0,0,no_alert_unknown,no_alert_not_final_benign,-1,dns,port
2025-07-19T23:03:05.811607+0700,103.195.142.75,50.28.32.155,39571,53,UDP,flow,dns,2036423443812013,,1,1,0,85,0,0.0,1,85,0,none,0,none,0,0,0,no_alert_unknown,no_alert_not_final_benign,-1,dns,app_proto+port
2025-07-19T23:03:05.811649+0700,103.195.142.74,202.134.0.155,42140,53,UDP,flow,dns,425117168504561,,1,1,0,223,0,0.0,1,223,0,none,0,none,0,0,0,no_alert_unknown,no_alert_not_final_benign,-1,dns,app_proto+port
2025-07-19T23:03:05.811691+0700,103.195.142.165,87.98.154.119,53,49928,UDP,flow,failed,193339417300783,,1,1,0,1437,0,0.0,1,1437,0,none,0,none,0,0,0,no_alert_unknown,no_alert_not_final_benign,-1,dns,port
2025-07-19T23:03:05.811714+0700,103.195.142.109,87.98.154.119,53,16217,UDP,flow,failed,364509450735471,,1,1,0,1437,0,0.0,1,1437,0,none,0,none,0,0,0,no_alert_unknown,no_alert_not_final_benign,-1,dns,port
2025-07-19T23:03:05.811827+0700,103.195.142.74,118.98.44.20,43142,53,UDP,flow,dns,108407268904886,,1,1,0,74,0,0.0,1,74,0,none,0,none,0,0,0,no_alert_unknown,no_alert_not_final_benign,-1,dns,app_proto+port
2025-07-19T23:03:05.811854+0700,103.195.142.46,87.98.154.151,53,4794,UDP,flow,failed,2201308164198466,,1,1,0,1437,0,0.0,1,1437,0,none,0,none,0,0,0,no_alert_unknown,no_alert_not_final_benign,-1,dns,port
2025-07-19T23:03:05.811889+0700,103.195.142.76,87.98.154.42,53,25177,UDP,flow,failed,2099336574931023,,1,3,0,4407,0,10.0,3,4407,0,none,0,none,0,0,0,no_alert_unknown,no_alert_not_final_benign,-1,dns,port
2025-07-19T23:03:05.811913+0700,103.195.142.75,8.8.8.8,27924,53,UDP,flow,dns,409366491500645,,1,1,0,78,0,0.0,1,78,0,none,0,none,0,0,0,no_alert_unknown,no_alert_not_final_benign,-1,dns,app_proto+port
2025-07-19T23:03:05.812003+0700,103.195.142.74,118.98.44.20,27212,53,UDP,flow,dns,2204420662694035,,1,1,0,80,0,0.0,1,80,0,none,0,none,0,0,0,no_alert_unknown,no_alert_not_final_benign,-1,dns,app_proto+port
2025-07-19T23:03:05.812026+0700,103.195.142.195,87.98.154.117,53,49815,UDP,flow,failed,2133987170128045,,1,1,0,1437,0,0.0,1,1437,0,none,0,none,0,0,0,no_alert_unknown,no_alert_not_final_benign,-1,dns,port
2025-07-19T23:03:05.812107+0700,103.195.142.165,87.98.154.217,53,39412,UDP,flow,failed,295387560153394,,1,1,0,1437,0,0.0,1,1437,0,none,0,none,0,0,0,no_alert_unknown,no_alert_not_final_benign,-1,dns,port
2025-07-19T23:03:05.812143+0700,103.195.142.76,87.98.154.90,53,62700,UDP,flow,failed,216612199469394,,1,1,0,1469,0,0.0,1,1469,0,none,0,none,0,0,0,no_alert_unknown,no_alert_not_final_benign,-1,dns,port
2025-07-19T23:03:05.812171+0700,103.195.142.109,87.98.154.9,53,17186,UDP,flow,failed,425051174015331,,1,2,0,2874,0,6.0,2,2874,0,none,0,none,0,0,0,no_alert_unknown,no_alert_not_final_benign,-1,dns,port
2025-07-19T23:03:05.812198+0700,103.195.142.83,87.98.154.117,53,55931,UDP,flow,failed,2038934725661041,,1,1,0,1190,0,0.0,1,1190,0,none,0,none,0,0,0,no_alert_unknown,no_alert_not_final_benign,-1,dns,port
2025-07-19T23:03:05.812302+0700,103.195.142.75,216.38.8.120,14719,53,UDP,flow,dns,470751102243246,,1,1,0,85,0,0.0,1,85,0,none,0,none,0,0,0,no_alert_unknown,no_alert_not_final_benign,-1,dns,app_proto+port
2025-07-19T23:03:05.812333+0700,103.195.142.74,118.98.44.20,64995,53,UDP,flow,dns,149515810509267,,1,1,0,74,0,0.0,1,74,0,none,0,none,0,0,0,no_alert_unknown,no_alert_not_final_benign,-1,dns,app_proto+port
2025-07-19T23:03:05.812357+0700,103.195.142.76,87.98.154.119,53,35734,UDP,flow,failed,2030529100386856,,1,1,0,1469,0,0.0,1,1469,0,none,0,none,0,0,0,no_alert_unknown,no_alert_not_final_benign,-1,dns,port
2025-07-19T23:03:05.812396+0700,103.195.142.196,87.98.154.125,53,32419,UDP,flow,failed,491179752559152,,1,1,0,1437,0,0.0,1,1437,0,none,0,none,0,0,0,no_alert_unknown,no_alert_not_final_benign,-1,dns,port
2025-07-19T23:03:05.812420+0700,103.195.142.195,87.98.154.119,53,19227,UDP,flow,failed,2039454723084848,,1,1,0,1437,0,0.0,1,1437,0,none,0,none,0,0,0,no_alert_unknown,no_alert_not_final_benign,-1,dns,port
2025-07-19T23:03:05.812443+0700,103.195.142.3,180.251.22.124,53,31341,UDP,flow,failed,535673619550785,,1,1,0,131,0,0.0,1,131,0,none,0,none,0,0,0,no_alert_unknown,no_alert_not_final_benign,-1,dns,port
2025-07-19T23:03:05.812530+0700,103.195.142.74,118.98.44.50,18442,53,UDP,flow,dns,2151698772398710,,1,1,0,196,0,0.0,1,196,0,none,0,none,0,0,0,no_alert_unknown,no_alert_not_final_benign,-1,dns,app_proto+port
2025-07-19T23:03:05.812574+0700,103.195.142.75,8.8.8.8,53470,53,UDP,flow,dns,2245950384706210,,1,1,0,223,0,0.0,1,223,0,none,0,none,0,0,0,no_alert_unknown,no_alert_not_final_benign,-1,dns,app_proto+port
2025-07-19T23:03:05.812597+0700,103.195.142.46,87.98.154.39,53,55616,UDP,flow,failed,1798212941910862,,1,3,0,4311,0,10.0,3,4311,0,none,0,none,0,0,0,no_alert_unknown,no_alert_not_final_benign,-1,dns,port
2025-07-19T23:03:05.812711+0700,103.195.142.83,87.98.154.66,53,51347,UDP,flow,failed,345195925869413,,1,1,0,1190,0,0.0,1,1190,0,none,0,none,0,0,0,no_alert_unknown,no_alert_not_final_benign,-1,dns,port
2025-07-19T23:03:05.812811+0700,103.195.142.74,202.134.0.155,61065,53,UDP,flow,dns,525431262417815,,1,2,0,204,0,7.0,2,204,0,none,0,none,0,0,0,no_alert_unknown,no_alert_not_final_benign,-1,dns,app_proto+port
2025-07-19T23:03:05.812989+0700,103.195.142.195,87.98.154.119,53,58196,UDP,flow,failed,408655570474029,,1,1,0,1437,0,0.0,1,1437,0,none,0,none,0,0,0,no_alert_unknown,no_alert_not_final_benign,-1,dns,port
2025-07-19T23:03:05.813088+0700,103.195.142.109,87.98.154.65,53,44526,UDP,flow,failed,394432014324813,,1,1,0,1437,0,0.0,1,1437,0,none,0,none,0,0,0,no_alert_unknown,no_alert_not_final_benign,-1,dns,port
2025-07-19T23:03:05.813152+0700,103.195.142.74,118.98.44.100,57575,53,UDP,flow,dns,372441775150224,,1,1,0,89,0,0.0,1,89,0,none,0,none,0,0,0,no_alert_unknown,no_alert_not_final_benign,-1,dns,app_proto+port
2025-07-19T23:03:05.813310+0700,103.195.142.46,87.98.154.119,53,32574,UDP,flow,failed,285706522727660,,1,1,0,1437,0,0.0,1,1437,0,none,0,none,0,0,0,no_alert_unknown,no_alert_not_final_benign,-1,dns,port
2025-07-19T23:03:05.813377+0700,103.195.142.165,87.98.154.119,53,61264,UDP,flow,failed,294859129820462,,1,1,0,1437,0,0.0,1,1437,0,none,0,none,0,0,0,no_alert_unknown,no_alert_not_final_benign,-1,dns,port
2025-07-19T23:03:05.813751+0700,103.195.142.76,87.98.154.119,53,44102,UDP,flow,failed,471241917863495,,1,1,0,1469,0,0.0,1,1469,0,none,0,none,0,0,0,no_alert_unknown,no_alert_not_final_benign,-1,dns,port
2025-07-19T23:03:05.813789+0700,103.195.142.74,118.98.44.100,15836,53,UDP,flow,dns,2017559911274113,,1,1,0,88,0,0.0,1,88,0,none,0,none,0,0,0,no_alert_unknown,no_alert_not_final_benign,-1,dns,app_proto+port
2025-07-19T23:03:05.813873+0700,103.195.142.3,13.78.105.87,53,49622,UDP,flow,failed,1981850807965477,,1,1,0,176,0,0.0,1,176,0,none,0,none,0,0,0,no_alert_unknown,no_alert_not_final_benign,-1,dns,port
2025-07-19T23:03:05.813974+0700,103.195.142.165,87.98.154.197,53,13373,UDP,flow,failed,154579030579034,,1,1,0,1437,0,0.0,1,1437,0,none,0,none,0,0,0,no_alert_unknown,no_alert_not_final_benign,-1,dns,port
2025-07-19T23:03:05.814048+0700,103.195.142.75,8.8.8.8,20063,53,UDP,flow,dns,181804315908056,,1,1,0,78,0,0.0,1,78,0,none,0,none,0,0,0,no_alert_unknown,no_alert_not_final_benign,-1,dns,app_proto+port
2025-07-19T23:03:05.814071+0700,103.195.142.3,192.178.36.27,53,37117,UDP,flow,failed,2218284864968739,,1,1,0,202,0,0.0,1,202,0,none,0,none,0,0,0,no_alert_unknown,no_alert_not_final_benign,-1,dns,port
2025-07-19T23:03:05.814111+0700,103.195.142.76,87.98.154.154,53,45989,UDP,flow,failed,434116004681870,,1,1,0,1469,0,0.0,1,1469,0,none,0,none,0,0,0,no_alert_unknown,no_alert_not_final_benign,-1,dns,port
2025-07-19T23:03:05.814156+0700,103.195.142.2,162.158.185.208,53,45959,UDP,flow,failed,483417436002507,,1,1,0,219,0,0.0,1,219,0,none,0,none,0,0,0,no_alert_unknown,no_alert_not_final_benign,-1,dns,port
2025-07-19T23:03:05.814224+0700,103.195.142.165,87.98.154.119,53,44067,UDP,flow,failed,179624458787254,,1,1,0,1437,0,0.0,1,1437,0,none,0,none,0,0,0,no_alert_unknown,no_alert_not_final_benign,-1,dns,port
2025-07-19T23:03:05.814246+0700,103.195.142.196,87.98.154.177,53,62051,UDP,flow,failed,93914561452486,,1,1,0,1437,0,0.0,1,1437,0,none,0,none,0,0,0,no_alert_unknown,no_alert_not_final_benign,-1,dns,port
2025-07-19T23:03:05.814289+0700,103.195.142.165,87.98.154.109,53,29467,UDP,flow,failed,2214426929863296,,1,1,0,1437,0,0.0,1,1437,0,none,0,none,0,0,0,no_alert_unknown,no_alert_not_final_benign,-1,dns,port
2025-07-19T23:03:05.814366+0700,103.195.142.75,8.8.8.8,4305,53,UDP,flow,dns,487871617440516,,1,1,0,68,0,0.0,1,68,0,none,0,none,0,0,0,no_alert_unknown,no_alert_not_final_benign,-1,dns,app_proto+port
2025-07-19T23:03:05.814440+0700,103.195.142.76,87.98.154.119,53,1331,UDP,flow,failed,132357716777790,,1,1,0,1469,0,0.0,1,1469,0,none,0,none,0,0,0,no_alert_unknown,no_alert_not_final_benign,-1,dns,port
2025-07-19T23:03:05.814460+0700,103.195.142.74,202.134.0.155,50994,53,UDP,flow,dns,56341618563976,,1,1,0,80,0,0.0,1,80,0,none,0,none,0,0,0,no_alert_unknown,no_alert_not_final_benign,-1,dns,app_proto+port
2025-07-19T23:03:05.814565+0700,103.195.142.75,8.8.8.8,4911,53,UDP,flow,dns,2126618277583919,,1,1,0,96,0,0.0,1,96,0,none,0,none,0,0,0,no_alert_unknown,no_alert_not_final_benign,-1,dns,app_proto+port
2025-07-19T23:03:05.814680+0700,103.195.142.74,202.134.0.155,52578,53,UDP,flow,dns,287049580158118,,1,1,0,77,0,0.0,1,77,0,none,0,none,0,0,0,no_alert_unknown,no_alert_not_final_benign,-1,dns,app_proto+port
2025-07-19T23:03:05.814730+0700,103.195.142.196,87.98.154.49,53,46490,UDP,flow,failed,418049657937273,,1,1,0,1437,0,0.0,1,1437,0,none,0,none,0,0,0,no_alert_unknown,no_alert_not_final_benign,-1,dns,port
2025-07-19T23:03:05.814749+0700,103.195.142.196,87.98.154.77,53,39066,UDP,flow,failed,32598447299979,,1,1,0,1437,0,0.0,1,1437,0,none,0,none,0,0,0,no_alert_unknown,no_alert_not_final_benign,-1,dns,port
2025-07-19T23:03:05.814800+0700,103.195.142.109,87.98.154.119,53,12743,UDP,flow,failed,2247017006833173,,1,1,0,1437,0,0.0,1,1437,0,none,0,none,0,0,0,no_alert_unknown,no_alert_not_final_benign,-1,dns,port
2025-07-19T23:03:05.814819+0700,103.195.142.74,118.98.44.50,12680,53,UDP,flow,dns,350872035204677,,1,1,0,223,0,0.0,1,223,0,none,0,none,0,0,0,no_alert_unknown,no_alert_not_final_benign,-1,dns,app_proto+port
2025-07-19T23:03:05.814869+0700,103.195.142.83,87.98.154.122,53,26917,UDP,flow,failed,544462966038102,,1,1,0,1190,0,0.0,1,1190,0,none,0,none,0,0,0,no_alert_unknown,no_alert_not_final_benign,-1,dns,port
2025-07-19T23:03:05.814902+0700,103.195.142.109,87.98.154.119,53,27616,UDP,flow,failed,2152284911771226,,1,1,0,1437,0,0.0,1,1437,0,none,0,none,0,0,0,no_alert_unknown,no_alert_not_final_benign,-1,dns,port
2025-07-19T23:03:05.814959+0700,103.195.142.74,202.134.0.155,26720,53,UDP,flow,dns,2017076516953759,,1,1,0,232,0,0.0,1,232,0,none,0,none,0,0,0,no_alert_unknown,no_alert_not_final_benign,-1,dns,app_proto+port
2025-07-19T23:03:05.815042+0700,103.195.142.83,87.98.154.119,53,11069,UDP,flow,failed,1237177779429080,,1,2,0,2380,0,20.0,2,2380,0,none,0,none,0,0,0,no_alert_unknown,no_alert_not_final_benign,-1,dns,port
2025-07-19T23:03:05.815137+0700,103.195.142.83,87.98.154.119,53,36101,UDP,flow,failed,465112671592251,,1,1,0,1190,0,0.0,1,1190,0,none,0,none,0,0,0,no_alert_unknown,no_alert_not_final_benign,-1,dns,port
2025-07-19T23:03:05.815243+0700,103.195.142.196,87.98.154.189,53,59844,UDP,flow,failed,481302337691562,,1,1,0,1437,0,0.0,1,1437,0,none,0,none,0,0,0,no_alert_unknown,no_alert_not_final_benign,-1,dns,port
2025-07-19T23:03:05.815325+0700,103.195.142.83,87.98.154.122,53,37943,UDP,flow,failed,27528258592813,,1,1,0,1190,0,0.0,1,1190,0,none,0,none,0,0,0,no_alert_unknown,no_alert_not_final_benign,-1,dns,port
2025-07-19T23:03:05.815348+0700,103.195.142.75,8.8.8.8,63328,53,UDP,flow,dns,2064360871370940,,1,1,0,83,0,0.0,1,83,0,none,0,none,0,0,0,no_alert_unknown,no_alert_not_final_benign,-1,dns,app_proto+port
2025-07-19T23:03:05.815373+0700,103.195.142.83,87.98.154.182,53,64287,UDP,flow,failed,321101979590858,,1,1,0,1190,0,0.0,1,1190,0,none,0,none,0,0,0,no_alert_unknown,no_alert_not_final_benign,-1,dns,port
2025-07-19T23:03:05.815401+0700,103.195.142.195,87.98.154.108,53,55463,UDP,flow,failed,2173243360420146,,1,1,0,1437,0,0.0,1,1437,0,none,0,none,0,0,0,no_alert_unknown,no_alert_not_final_benign,-1,dns,port
2025-07-19T23:03:05.815435+0700,103.195.142.74,202.134.0.155,23743,53,UDP,flow,dns,192421980283370,,1,1,0,77,0,0.0,1,77,0,none,0,none,0,0,0,no_alert_unknown,no_alert_not_final_benign,-1,dns,app_proto+port
2025-07-19T23:03:05.815493+0700,103.195.142.74,118.98.44.100,25822,53,UDP,flow,dns,2043171871531749,,1,1,0,74,0,0.0,1,74,0,none,0,none,0,0,0,no_alert_unknown,no_alert_not_final_benign,-1,dns,app_proto+port
2025-07-19T23:03:05.815548+0700,103.195.142.165,87.98.154.225,53,32994,UDP,flow,failed,2073466621469454,,1,1,0,1437,0,0.0,1,1437,0,none,0,none,0,0,0,no_alert_unknown,no_alert_not_final_benign,-1,dns,port
2025-07-19T23:03:05.815704+0700,103.195.142.74,118.98.44.20,51545,53,UDP,flow,dns,305315025462104,,1,1,0,81,0,0.0,1,81,0,none,0,none,0,0,0,no_alert_unknown,no_alert_not_final_benign,-1,dns,app_proto+port
2025-07-19T23:03:05.815764+0700,103.195.142.74,34.8.38.57,53993,53,UDP,flow,dns,2018556654920594,,1,1,0,234,0,0.0,1,234,0,none,0,none,0,0,0,no_alert_unknown,no_alert_not_final_benign,-1,dns,app_proto+port
2025-07-19T23:03:05.815827+0700,103.195.142.2,180.251.22.70,53,44141,UDP,flow,failed,324042125812651,,1,1,0,174,0,0.0,1,174,0,none,0,none,0,0,0,no_alert_unknown,no_alert_not_final_benign,-1,dns,port
2025-07-19T23:03:05.815878+0700,103.195.142.74,118.98.44.50,60774,53,UDP,flow,dns,451020155987033,,1,1,0,68,0,0.0,1,68,0,none,0,none,0,0,0,no_alert_unknown,no_alert_not_final_benign,-1,dns,app_proto+port
2025-07-19T23:03:05.815952+0700,103.195.142.2,172.253.5.30,53,43955,UDP,flow,failed,559254882034854,,1,1,0,239,0,0.0,1,239,0,none,0,none,0,0,0,no_alert_unknown,no_alert_not_final_benign,-1,dns,port
2025-07-19T23:03:05.816023+0700,103.195.142.109,87.98.154.229,53,50420,UDP,flow,failed,321137713292511,,1,1,0,1437,0,0.0,1,1437,0,none,0,none,0,0,0,no_alert_unknown,no_alert_not_final_benign,-1,dns,port
2025-07-19T23:03:05.816069+0700,103.195.142.109,87.98.154.119,53,63905,UDP,flow,failed,424337998226888,,1,1,0,1437,0,0.0,1,1437,0,none,0,none,0,0,0,no_alert_unknown,no_alert_not_final_benign,-1,dns,port
2025-07-19T23:03:05.816092+0700,103.195.142.75,8.8.8.8,14935,53,UDP,flow,dns,1318714163275294,,1,2,0,176,0,5.0,2,176,0,none,0,none,0,0,0,no_alert_unknown,no_alert_not_final_benign,-1,dns,app_proto+port
2025-07-19T23:03:05.816134+0700,103.195.142.195,87.98.154.188,53,19914,UDP,flow,failed,334698241664589,,1,1,0,1437,0,0.0,1,1437,0,none,0,none,0,0,0,no_alert_unknown,no_alert_not_final_benign,-1,dns,port
2025-07-19T23:03:05.816156+0700,103.195.142.196,87.98.154.119,53,48264,UDP,flow,failed,2180661395727998,,1,1,0,1437,0,0.0,1,1437,0,none,0,none,0,0,0,no_alert_unknown,no_alert_not_final_benign,-1,dns,port
2025-07-19T23:03:05.816183+0700,103.195.142.165,87.98.154.141,53,18563,UDP,flow,failed,301018952181439,,1,1,0,1437,0,0.0,1,1437,0,none,0,none,0,0,0,no_alert_unknown,no_alert_not_final_benign,-1,dns,port
2025-07-19T23:03:05.816214+0700,103.195.142.109,87.98.154.119,53,38855,UDP,flow,failed,54777710651100,,1,1,0,1437,0,0.0,1,1437,0,none,0,none,0,0,0,no_alert_unknown,no_alert_not_final_benign,-1,dns,port
2025-07-19T23:03:05.816235+0700,103.195.142.74,118.98.44.20,47122,53,UDP,flow,dns,179137343923994,,1,1,0,196,0,0.0,1,196,0,none,0,none,0,0,0,no_alert_unknown,no_alert_not_final_benign,-1,dns,app_proto+port
2025-07-19T23:03:05.816308+0700,103.195.142.74,118.98.44.50,23332,53,UDP,flow,dns,2065745793525639,,1,1,0,83,0,0.0,1,83,0,none,0,none,0,0,0,no_alert_unknown,no_alert_not_final_benign,-1,dns,app_proto+port
2025-07-19T23:03:05.816350+0700,103.195.142.83,87.98.154.119,53,37278,UDP,flow,failed,2064862878836631,,1,1,0,1190,0,0.0,1,1190,0,none,0,none,0,0,0,no_alert_unknown,no_alert_not_final_benign,-1,dns,port
2025-07-19T23:03:05.816384+0700,103.195.142.165,87.98.154.119,53,46483,UDP,flow,failed,240197461944410,,1,1,0,1437,0,0.0,1,1437,0,none,0,none,0,0,0,no_alert_unknown,no_alert_not_final_benign,-1,dns,port
2025-07-19T23:03:05.816465+0700,103.195.142.2,172.253.230.20,53,47956,UDP,flow,failed,533085623560408,,1,1,0,208,0,0.0,1,208,0,none,0,none,0,0,0,no_alert_unknown,no_alert_not_final_benign,-1,dns,port
2025-07-19T23:03:05.816486+0700,103.195.142.109,87.98.154.119,53,2056,UDP,flow,failed,2073943723944155,,1,1,0,1437,0,0.0,1,1437,0,none,0,none,0,0,0,no_alert_unknown,no_alert_not_final_benign,-1,dns,port
2025-07-19T23:03:05.816593+0700,103.195.142.83,87.98.154.119,53,40491,UDP,flow,failed,41256247437631,,1,1,0,1190,0,0.0,1,1190,0,none,0,none,0,0,0,no_alert_unknown,no_alert_not_final_benign,-1,dns,port
2025-07-19T23:03:05.816625+0700,103.195.142.74,50.28.104.44,21918,53,UDP,flow,dns,125840596543824,,1,1,0,85,0,0.0,1,85,0,none,0,none,0,0,0,no_alert_unknown,no_alert_not_final_benign,-1,dns,app_proto+port
2025-07-19T23:03:05.816660+0700,103.195.142.75,8.8.8.8,63112,53,UDP,flow,dns,2075213323184575,,1,1,0,214,0,0.0,1,214,0,none,0,none,0,0,0,no_alert_unknown,no_alert_not_final_benign,-1,dns,app_proto+port
2025-07-19T23:03:05.816727+0700,103.195.142.109,87.98.154.119,53,51120,UDP,flow,failed,325392153979348,,1,1,0,1437,0,0.0,1,1437,0,none,0,none,0,0,0,no_alert_unknown,no_alert_not_final_benign,-1,dns,port
2025-07-19T23:03:05.816781+0700,103.195.142.195,87.98.154.52,53,28166,UDP,flow,failed,241947640998376,,1,1,0,1437,0,0.0,1,1437,0,none,0,none,0,0,0,no_alert_unknown,no_alert_not_final_benign,-1,dns,port
2025-07-19T23:03:05.816913+0700,103.195.142.109,87.98.154.237,53,21956,UDP,flow,failed,1938877340855184,,1,2,0,2874,0,10.0,2,2874,0,none,0,none,0,0,0,no_alert_unknown,no_alert_not_final_benign,-1,dns,port
2025-07-19T23:03:05.816998+0700,103.195.142.76,87.98.154.119,53,42370,UDP,flow,failed,2091949808298918,,1,1,0,1469,0,0.0,1,1469,0,none,0,none,0,0,0,no_alert_unknown,no_alert_not_final_benign,-1,dns,port
2025-07-19T23:03:05.817168+0700,103.195.142.195,87.98.154.164,53,62504,UDP,flow,failed,2030411482410000,,1,1,0,1437,0,0.0,1,1437,0,none,0,none,0,0,0,no_alert_unknown,no_alert_not_final_benign,-1,dns,port
2025-07-19T23:03:05.817580+0700,103.195.142.195,87.98.154.108,53,15367,UDP,flow,failed,321547578125513,,1,1,0,1437,0,0.0,1,1437,0,none,0,none,0,0,0,no_alert_unknown,no_alert_not_final_benign,-1,dns,port
2025-07-19T23:03:05.817625+0700,103.195.142.165,87.98.154.25,53,60152,UDP,flow,failed,396202164759878,,1,1,0,1437,0,0.0,1,1437,0,none,0,none,0,0,0,no_alert_unknown,no_alert_not_final_benign,-1,dns,port
2025-07-19T23:03:05.817675+0700,103.195.142.83,87.98.154.10,53,17995,UDP,flow,failed,1968308646128995,,1,3,0,3570,0,10.0,3,3570,0,none,0,none,0,0,0,no_alert_unknown,no_alert_not_final_benign,-1,dns,port
2025-07-19T23:03:05.817741+0700,103.195.142.31,8.8.8.8,4098,53,UDP,flow,dns,322332161486202,,1,1,0,80,0,0.0,1,80,0,none,0,none,0,0,0,no_alert_unknown,no_alert_not_final_benign,-1,dns,app_proto+port
2025-07-19T23:03:05.817799+0700,103.195.142.165,87.98.154.119,53,20792,UDP,flow,failed,2033638747155866,,1,1,0,1437,0,0.0,1,1437,0,none,0,none,0,0,0,no_alert_unknown,no_alert_not_final_benign,-1,dns,port
2025-07-19T23:03:05.817908+0700,103.195.142.76,87.98.154.70,53,22187,UDP,flow,failed,2172450237656705,,1,1,0,1469,0,0.0,1,1469,0,none,0,none,0,0,0,no_alert_unknown,no_alert_not_final_benign,-1,dns,port
2025-07-19T23:03:05.817988+0700,103.195.142.74,118.98.44.50,48711,53,UDP,flow,dns,243291018243726,,1,1,0,91,0,0.0,1,91,0,none,0,none,0,0,0,no_alert_unknown,no_alert_not_final_benign,-1,dns,app_proto+port
2025-07-19T23:03:05.818072+0700,103.195.142.74,118.98.44.20,29126,53,UDP,flow,dns,2074287020519188,,1,1,0,214,0,0.0,1,214,0,none,0,none,0,0,0,no_alert_unknown,no_alert_not_final_benign,-1,dns,app_proto+port
2025-07-19T23:03:05.818129+0700,103.195.142.195,87.98.154.119,53,62170,UDP,flow,failed,2150735229759438,,1,1,0,1437,0,0.0,1,1437,0,none,0,none,0,0,0,no_alert_unknown,no_alert_not_final_benign,-1,dns,port
2025-07-19T23:03:05.818176+0700,103.195.142.76,87.98.154.98,53,28547,UDP,flow,failed,1782199299551265,,1,3,0,4407,0,9.0,3,4407,0,none,0,none,0,0,0,no_alert_unknown,no_alert_not_final_benign,-1,dns,port
2025-07-19T23:03:05.818201+0700,103.195.142.83,87.98.154.66,53,57911,UDP,flow,failed,424784065343541,,1,1,0,1190,0,0.0,1,1190,0,none,0,none,0,0,0,no_alert_unknown,no_alert_not_final_benign,-1,dns,port
2025-07-19T23:03:05.818241+0700,103.195.142.196,87.98.154.118,53,27395,UDP,flow,failed,2208370370359371,,1,1,0,1437,0,0.0,1,1437,0,none,0,none,0,0,0,no_alert_unknown,no_alert_not_final_benign,-1,dns,port
2025-07-19T23:03:05.818430+0700,103.195.142.3,172.253.211.83,53,61364,UDP,flow,failed,429761826992519,,1,1,0,239,0,0.0,1,239,0,none,0,none,0,0,0,no_alert_unknown,no_alert_not_final_benign,-1,dns,port
2025-07-19T23:03:05.818453+0700,103.195.142.75,8.8.8.8,55274,53,UDP,flow,dns,2137913597571522,,1,1,0,68,0,0.0,1,68,0,none,0,none,0,0,0,no_alert_unknown,no_alert_not_final_benign,-1,dns,app_proto+port
2025-07-19T23:03:05.818535+0700,103.195.142.109,87.98.154.177,53,47264,UDP,flow,failed,2061612320305640,,1,1,0,1437,0,0.0,1,1437,0,none,0,none,0,0,0,no_alert_unknown,no_alert_not_final_benign,-1,dns,port
2025-07-19T23:03:05.818601+0700,103.195.142.83,87.98.154.119,53,23473,UDP,flow,failed,525915897803347,,1,1,0,1190,0,0.0,1,1190,0,none,0,none,0,0,0,no_alert_unknown,no_alert_not_final_benign,-1,dns,port
2025-07-19T23:03:05.818658+0700,103.195.142.74,118.98.44.100,60456,53,UDP,flow,dns,479834679554665,,1,1,0,85,0,0.0,1,85,0,none,0,none,0,0,0,no_alert_unknown,no_alert_not_final_benign,-1,dns,app_proto+port
2025-07-19T23:03:05.818691+0700,103.195.142.165,87.98.154.197,53,1156,UDP,flow,failed,2001051762045585,,1,3,0,4311,0,10.0,3,4311,0,none,0,none,0,0,0,no_alert_unknown,no_alert_not_final_benign,-1,dns,port
2025-07-19T23:03:05.818712+0700,103.195.142.109,87.98.154.119,53,24694,UDP,flow,failed,129276355621578,,1,1,0,1437,0,0.0,1,1437,0,none,0,none,0,0,0,no_alert_unknown,no_alert_not_final_benign,-1,dns,port
2025-07-19T23:03:05.818733+0700,103.195.142.76,87.98.154.119,53,56917,UDP,flow,failed,2106879541981968,,1,1,0,1469,0,0.0,1,1469,0,none,0,none,0,0,0,no_alert_unknown,no_alert_not_final_benign,-1,dns,port
2025-07-19T23:03:05.818775+0700,103.195.142.165,87.98.154.241,53,27239,UDP,flow,failed,301217221457000,,1,1,0,1437,0,0.0,1,1437,0,none,0,none,0,0,0,no_alert_unknown,no_alert_not_final_benign,-1,dns,port
2025-07-19T23:03:05.818813+0700,103.195.142.74,118.98.44.50,45213,53,UDP,flow,dns,1997592510018735,,1,1,0,223,0,0.0,1,223,0,none,0,none,0,0,0,no_alert_unknown,no_alert_not_final_benign,-1,dns,app_proto+port
2025-07-19T23:03:05.818844+0700,103.195.142.196,87.98.154.133,53,52279,UDP,flow,failed,1696209388319943,,1,3,0,4311,0,10.0,3,4311,0,none,0,none,0,0,0,no_alert_unknown,no_alert_not_final_benign,-1,dns,port
2025-07-19T23:03:05.818898+0700,103.195.142.74,118.98.44.20,58487,53,UDP,flow,dns,149570199041396,,1,1,0,78,0,0.0,1,78,0,none,0,none,0,0,0,no_alert_unknown,no_alert_not_final_benign,-1,dns,app_proto+port
2025-07-19T23:03:05.818921+0700,103.195.142.74,118.98.44.50,63615,53,UDP,flow,dns,110539721160149,,1,1,0,77,0,0.0,1,77,0,none,0,none,0,0,0,no_alert_unknown,no_alert_not_final_benign,-1,dns,app_proto+port
2025-07-19T23:03:05.818965+0700,103.195.142.2,74.114.28.17,53,44997,UDP,flow,failed,40835122869845,,1,1,0,156,0,0.0,1,156,0,none,0,none,0,0,0,no_alert_unknown,no_alert_not_final_benign,-1,dns,port
2025-07-19T23:03:05.818983+0700,103.195.142.195,87.98.154.24,53,45919,UDP,flow,failed,666087109703298,,1,1,0,1437,0,0.0,1,1437,0,none,0,none,0,0,0,no_alert_unknown,no_alert_not_final_benign,-1,dns,port
2025-07-19T23:03:05.827876+0700,103.195.142.74,118.98.44.100,48608,53,UDP,dns,,459476545961098,wire/pcap,0,0,0,0,0,0.0,0,0,0,none,0,none,0,0,0,no_alert_unknown,no_alert_not_final_benign,-1,dns,port
2025-07-19T23:03:05.829204+0700,103.195.142.74,118.98.44.50,46617,53,UDP,dns,,465180067657746,wire/pcap,0,0,0,0,0,0.0,0,0,0,none,0,none,0,0,0,no_alert_unknown,no_alert_not_final_benign,-1,dns,port
2025-07-19T23:03:05.855568+0700,103.195.142.74,118.98.44.100,49044,53,UDP,dns,,296939837119441,wire/pcap,0,0,0,0,0,0.0,0,0,0,none,0,none,0,0,0,no_alert_unknown,no_alert_not_final_benign,-1,dns,port
2025-07-19T23:03:05.863433+0700,103.195.142.75,8.8.8.8,3790,53,UDP,dns,,330717839521663,wire/pcap,0,0,0,0,0,0.0,0,0,0,none,0,none,0,0,0,no_alert_unknown,no_alert_not_final_benign,-1,dns,port
2025-07-19T23:03:05.882326+0700,103.195.142.74,118.98.44.20,37812,53,UDP,dns,,411864569064380,wire/pcap,0,0,0,0,0,0.0,0,0,0,none,0,none,0,0,0,no_alert_unknown,no_alert_not_final_benign,-1,dns,port
2025-07-19T23:03:05.906301+0700,103.195.142.74,118.98.44.100,53607,53,UDP,dns,,514836669784578,wire/pcap,0,0,0,0,0,0.0,0,0,0,none,0,none,0,0,0,no_alert_unknown,no_alert_not_final_benign,-1,dns,port
2025-07-19T23:03:05.920945+0700,103.195.142.108,8.8.8.8,1900,53,UDP,dns,,1216074754602613,wire/pcap,0,0,0,0,0,0.0,0,0,0,none,0,none,0,0,0,no_alert_unknown,no_alert_not_final_benign,-1,dns,port
2025-07-19T23:03:05.931241+0700,103.195.142.74,118.98.44.50,15849,53,UDP,dns,,340476501898808,wire/pcap,0,0,0,0,0,0.0,0,0,0,none,0,none,0,0,0,no_alert_unknown,no_alert_not_final_benign,-1,dns,port
2025-07-19T23:03:05.944685+0700,103.195.142.75,8.8.8.8,8555,53,UDP,dns,,398220178261969,wire/pcap,0,0,0,0,0,0.0,0,0,0,none,0,none,0,0,0,no_alert_unknown,no_alert_not_final_benign,-1,dns,port
2025-07-19T23:03:05.944770+0700,103.195.142.74,118.98.44.50,34607,53,UDP,dns,,398585072888344,wire/pcap,0,0,0,0,0,0.0,0,0,0,none,0,none,0,0,0,no_alert_unknown,no_alert_not_final_benign,-1,dns,port
2025-07-19T23:03:05.944826+0700,103.195.142.74,118.98.44.20,56752,53,UDP,dns,,398822880196760,wire/pcap,0,0,0,0,0,0.0,0,0,0,none,0,none,0,0,0,no_alert_unknown,no_alert_not_final_benign,-1,dns,port
2025-07-19T23:03:05.969010+0700,103.195.142.74,118.98.44.50,13066,53,UDP,dns,,502693474932530,wire/pcap,0,0,0,0,0,0.0,0,0,0,none,0,none,0,0,0,no_alert_unknown,no_alert_not_final_benign,-1,dns,port
2025-07-19T23:03:05.981601+0700,103.195.142.74,202.134.0.155,17794,53,UDP,dns,,556773320092455,wire/pcap,0,0,0,0,0,0.0,0,0,0,none,0,none,0,0,0,no_alert_unknown,no_alert_not_final_benign,-1,dns,port
2025-07-19T23:03:05.981625+0700,103.195.142.75,8.8.8.8,22879,53,UDP,dns,,556875887350983,wire/pcap,0,0,0,0,0,0.0,0,0,0,none,0,none,0,0,0,no_alert_unknown,no_alert_not_final_benign,-1,dns,port
2025-07-19T23:03:06.006126+0700,103.195.142.74,118.98.44.20,18387,53,UDP,flow,dns,915196975913931,,1,1,0,83,0,0.0,1,83,0,none,0,none,0,0,0,no_alert_unknown,no_alert_not_final_benign,-1,dns,app_proto+port
2025-07-19T23:03:06.038767+0700,103.195.142.75,8.8.8.8,49224,53,UDP,dns,,729454054021604,wire/pcap,0,0,0,0,0,0.0,0,0,0,none,0,none,0,0,0,no_alert_unknown,no_alert_not_final_benign,-1,dns,port
2025-07-19T23:03:06.038858+0700,103.195.142.74,202.134.0.155,14692,53,UDP,dns,,729846006090184,wire/pcap,0,0,0,0,0,0.0,0,0,0,none,0,none,0,0,0,no_alert_unknown,no_alert_not_final_benign,-1,dns,port
2025-07-19T23:03:06.061560+0700,103.195.142.74,118.98.44.50,6299,53,UDP,dns,,827348576702512,wire/pcap,0,0,0,0,0,0.0,0,0,0,none,0,none,0,0,0,no_alert_unknown,no_alert_not_final_benign,-1,dns,port
2025-07-19T23:03:06.061782+0700,103.195.142.74,118.98.44.100,2693,53,UDP,dns,,828303821148726,wire/pcap,0,0,0,0,0,0.0,0,0,0,none,0,none,0,0,0,no_alert_unknown,no_alert_not_final_benign,-1,dns,port
2025-07-19T23:03:06.069884+0700,103.195.142.74,118.98.44.50,48250,53,UDP,dns,,581625788427295,wire/pcap,0,0,0,0,0,0.0,0,0,0,none,0,none,0,0,0,no_alert_unknown,no_alert_not_final_benign,-1,dns,port
2025-07-19T23:03:06.085342+0700,103.195.142.74,118.98.44.20,27265,53,UDP,dns,,648017932254952,wire/pcap,0,0,0,0,0,0.0,0,0,0,none,0,none,0,0,0,no_alert_unknown,no_alert_not_final_benign,-1,dns,port
2025-07-19T23:03:06.115558+0700,103.195.142.74,118.98.44.50,55641,53,UDP,dns,,777795087609144,wire/pcap,0,0,0,0,0,0.0,0,0,0,none,0,none,0,0,0,no_alert_unknown,no_alert_not_final_benign,-1,dns,port
2025-07-19T23:03:06.122622+0700,103.195.142.74,118.98.44.100,16302,53,UDP,dns,,808133838187497,wire/pcap,0,0,0,0,0,0.0,0,0,0,none,0,none,0,0,0,no_alert_unknown,no_alert_not_final_benign,-1,dns,port
2025-07-19T23:03:06.138501+0700,103.195.142.74,118.98.44.20,56333,53,UDP,dns,,594858204788826,wire/pcap,0,0,0,0,0,0.0,0,0,0,none,0,none,0,0,0,no_alert_unknown,no_alert_not_final_benign,-1,dns,port
2025-07-19T23:03:06.140308+0700,103.195.142.74,118.98.44.100,47887,53,UDP,dns,,602618465068049,wire/pcap,0,0,0,0,0,0.0,0,0,0,none,0,none,0,0,0,no_alert_unknown,no_alert_not_final_benign,-1,dns,port
2025-07-19T23:03:06.155650+0700,103.195.142.75,8.8.8.8,63041,53,UDP,dns,,668514556853128,wire/pcap,0,0,0,0,0,0.0,0,0,0,none,0,none,0,0,0,no_alert_unknown,no_alert_not_final_benign,-1,dns,port
2025-07-19T23:03:06.202002+0700,103.195.142.74,118.98.44.100,44383,53,UDP,dns,,586120821481660,wire/pcap,0,0,0,0,0,0.0,0,0,0,none,0,none,0,0,0,no_alert_unknown,no_alert_not_final_benign,-1,dns,port
2025-07-19T23:03:06.212858+0700,103.195.142.74,118.98.44.20,38886,53,UDP,dns,,632744626279647,wire/pcap,0,0,0,0,0,0.0,0,0,0,none,0,none,0,0,0,no_alert_unknown,no_alert_not_final_benign,-1,dns,port
2025-07-19T23:03:06.219230+0700,103.195.142.74,118.98.44.100,62042,53,UDP,dns,,660113588518059,wire/pcap,0,0,0,0,0,0.0,0,0,0,none,0,none,0,0,0,no_alert_unknown,no_alert_not_final_benign,-1,dns,port
2025-07-19T23:03:06.234191+0700,103.195.142.74,202.134.0.155,45684,53,UDP,dns,,724369588473149,wire/pcap,0,0,0,0,0,0.0,0,0,0,none,0,none,0,0,0,no_alert_unknown,no_alert_not_final_benign,-1,dns,port
2025-07-19T23:03:06.256860+0700,103.195.142.74,118.98.44.20,6296,53,UDP,dns,,821731799141684,wire/pcap,0,0,0,0,0,0.0,0,0,0,none,0,none,0,0,0,no_alert_unknown,no_alert_not_final_benign,-1,dns,port
2025-07-19T23:03:06.257020+0700,103.195.142.74,118.98.44.20,27547,53,UDP,dns,,822420461314491,wire/pcap,0,0,0,0,0,0.0,0,0,0,none,0,none,0,0,0,no_alert_unknown,no_alert_not_final_benign,-1,dns,port
2025-07-19T23:03:06.257048+0700,103.195.142.74,118.98.44.20,30046,53,UDP,dns,,822540954963416,wire/pcap,0,0,0,0,0,0.0,0,0,0,none,0,none,0,0,0,no_alert_unknown,no_alert_not_final_benign,-1,dns,port
2025-07-19T23:03:06.257543+0700,103.195.142.74,118.98.44.20,43210,53,UDP,dns,,824663986618386,wire/pcap,0,0,0,0,0,0.0,0,0,0,none,0,none,0,0,0,no_alert_unknown,no_alert_not_final_benign,-1,dns,port
2025-07-19T23:03:06.270291+0700,103.195.142.75,8.8.8.8,8376,53,UDP,dns,,597941953808221,wire/pcap,0,0,0,0,0,0.0,0,0,0,none,0,none,0,0,0,no_alert_unknown,no_alert_not_final_benign,-1,dns,port
2025-07-19T23:03:06.287147+0700,103.195.142.74,118.98.44.20,29877,53,UDP,dns,,670340471509732,wire/pcap,0,0,0,0,0,0.0,0,0,0,none,0,none,0,0,0,no_alert_unknown,no_alert_not_final_benign,-1,dns,port
2025-07-19T23:03:06.308919+0700,103.195.142.75,50.28.102.86,58766,53,UDP,dns,,763847320993840,wire/pcap,0,0,0,0,0,0.0,0,0,0,none,0,none,0,0,0,no_alert_unknown,no_alert_not_final_benign,-1,dns,port
2025-07-19T23:03:06.309321+0700,103.195.142.75,8.8.8.8,35445,53,UDP,dns,,765575085685226,wire/pcap,0,0,0,0,0,0.0,0,0,0,none,0,none,0,0,0,no_alert_unknown,no_alert_not_final_benign,-1,dns,port
2025-07-19T23:03:06.329859+0700,103.195.142.75,8.8.8.8,63256,53,UDP,dns,,572309280964796,wire/pcap,0,0,0,0,0,0.0,0,0,0,none,0,none,0,0,0,no_alert_unknown,no_alert_not_final_benign,-1,dns,port
2025-07-19T23:03:06.350999+0700,103.195.142.74,118.98.44.20,53827,53,UDP,dns,,663107558673760,wire/pcap,0,0,0,0,0,0.0,0,0,0,none,0,none,0,0,0,no_alert_unknown,no_alert_not_final_benign,-1,dns,port
2025-07-19T23:03:06.366180+0700,103.195.142.74,202.134.0.155,61859,53,UDP,dns,,728308846054539,wire/pcap,0,0,0,0,0,0.0,0,0,0,none,0,none,0,0,0,no_alert_unknown,no_alert_not_final_benign,-1,dns,port
2025-07-19T23:03:06.366282+0700,103.195.142.74,118.98.44.100,30350,53,UDP,dns,,728746939409463,wire/pcap,0,0,0,0,0,0.0,0,0,0,none,0,none,0,0,0,no_alert_unknown,no_alert_not_final_benign,-1,dns,port
2025-07-19T23:03:06.429891+0700,103.195.142.74,118.98.44.50,30567,53,UDP,dns,,720469951609290,wire/pcap,0,0,0,0,0,0.0,0,0,0,none,0,none,0,0,0,no_alert_unknown,no_alert_not_final_benign,-1,dns,port
2025-07-19T23:03:06.468502+0700,103.195.142.74,202.134.0.155,6430,53,UDP,dns,,604826052403348,wire/pcap,0,0,0,0,0,0.0,0,0,0,none,0,none,0,0,0,no_alert_unknown,no_alert_not_final_benign,-1,dns,port
2025-07-19T23:03:06.482186+0700,103.195.142.74,118.98.44.20,13688,53,UDP,dns,,663602386995172,wire/pcap,0,0,0,0,0,0.0,0,0,0,none,0,none,0,0,0,no_alert_unknown,no_alert_not_final_benign,-1,dns,port
2025-07-19T23:03:06.521589+0700,103.195.142.74,118.98.44.100,42890,53,UDP,flow,dns,1038182727482764,,1,1,0,74,0,0.0,1,74,0,none,0,none,0,0,0,no_alert_unknown,no_alert_not_final_benign,-1,dns,app_proto+port
2025-07-19T23:03:06.549495+0700,103.195.142.75,8.8.8.8,7560,53,UDP,flow,dns,725799510329854,,1,1,0,223,0,0.0,1,223,0,none,0,none,0,0,0,no_alert_unknown,no_alert_not_final_benign,-1,dns,app_proto+port
2025-07-19T23:03:06.551461+0700,103.195.142.74,118.98.44.50,10816,53,UDP,dns,,679658675795920,wire/pcap,0,0,0,0,0,0.0,0,0,0,none,0,none,0,0,0,no_alert_unknown,no_alert_not_final_benign,-1,dns,port
2025-07-19T23:03:06.555667+0700,103.195.142.74,118.98.44.50,3150,53,UDP,dns,,697721902503510,wire/pcap,0,0,0,0,0,0.0,0,0,0,none,0,none,0,0,0,no_alert_unknown,no_alert_not_final_benign,-1,dns,port
2025-07-19T23:03:06.565421+0700,103.195.142.74,118.98.44.50,57069,53,UDP,dns,,739615173757480,wire/pcap,0,0,0,0,0,0.0,0,0,0,none,0,none,0,0,0,no_alert_unknown,no_alert_not_final_benign,-1,dns,port
2025-07-19T23:03:06.566482+0700,103.195.142.74,202.134.0.155,19159,53,UDP,dns,,744173558309201,wire/pcap,0,0,0,0,0,0.0,0,0,0,none,0,none,0,0,0,no_alert_unknown,no_alert_not_final_benign,-1,dns,port
2025-07-19T23:03:06.566657+0700,103.195.142.74,118.98.44.20,7389,53,UDP,dns,,744927292460931,wire/pcap,0,0,0,0,0,0.0,0,0,0,none,0,none,0,0,0,no_alert_unknown,no_alert_not_final_benign,-1,dns,port
2025-07-19T23:03:06.583467+0700,103.195.142.74,118.98.44.20,23134,53,UDP,dns,,817124487644385,wire/pcap,0,0,0,0,0,0.0,0,0,0,none,0,none,0,0,0,no_alert_unknown,no_alert_not_final_benign,-1,dns,port
2025-07-19T23:03:06.616540+0700,103.195.142.74,118.98.44.50,50668,53,UDP,dns,,677695262476655,wire/pcap,0,0,0,0,0,0.0,0,0,0,none,0,none,0,0,0,no_alert_unknown,no_alert_not_final_benign,-1,dns,port
2025-07-19T23:03:06.616630+0700,103.195.142.74,118.98.44.50,48615,53,UDP,dns,,678084683921772,wire/pcap,0,0,0,0,0,0.0,0,0,0,none,0,none,0,0,0,no_alert_unknown,no_alert_not_final_benign,-1,dns,port
2025-07-19T23:03:06.617058+0700,103.195.142.74,118.98.44.100,39745,53,UDP,dns,,679919630138524,wire/pcap,0,0,0,0,0,0.0,0,0,0,none,0,none,0,0,0,no_alert_unknown,no_alert_not_final_benign,-1,dns,port
2025-07-19T23:03:06.623541+0700,103.195.142.74,118.98.44.20,7107,53,UDP,dns,,707764913635861,wire/pcap,0,0,0,0,0,0.0,0,0,0,none,0,none,0,0,0,no_alert_unknown,no_alert_not_final_benign,-1,dns,port
2025-07-19T23:03:06.653817+0700,103.195.142.75,69.39.238.37,14926,53,UDP,dns,,837799853122471,wire/pcap,0,0,0,0,0,0.0,0,0,0,none,0,none,0,0,0,no_alert_unknown,no_alert_not_final_benign,-1,dns,port
2025-07-19T23:03:06.660443+0700,103.195.142.74,118.98.44.20,47418,53,UDP,dns,,584782955944060,wire/pcap,0,0,0,0,0,0.0,0,0,0,none,0,none,0,0,0,no_alert_unknown,no_alert_not_final_benign,-1,dns,port
2025-07-19T23:03:06.661588+0700,103.195.142.74,118.98.44.50,32414,53,UDP,flow,dns,915155338778187,,1,1,0,223,0,0.0,1,223,0,none,0,none,0,0,0,no_alert_unknown,no_alert_not_final_benign,-1,dns,app_proto+port
2025-07-19T23:03:06.670095+0700,103.195.142.74,202.134.0.155,59061,53,UDP,dns,,626240097956535,wire/pcap,0,0,0,0,0,0.0,0,0,0,none,0,none,0,0,0,no_alert_unknown,no_alert_not_final_benign,-1,dns,port
2025-07-19T23:03:06.679830+0700,103.195.142.74,118.98.44.50,5961,53,UDP,dns,,668048079844967,wire/pcap,0,0,0,0,0,0.0,0,0,0,none,0,none,0,0,0,no_alert_unknown,no_alert_not_final_benign,-1,dns,port
2025-07-19T23:03:06.683357+0700,103.195.142.75,8.8.8.8,24002,53,UDP,dns,,683198186069900,wire/pcap,0,0,0,0,0,0.0,0,0,0,none,0,none,0,0,0,no_alert_unknown,no_alert_not_final_benign,-1,dns,port
2025-07-19T23:03:06.772671+0700,103.195.142.74,118.98.44.50,3444,53,UDP,dns,,785322050247221,wire/pcap,0,0,0,0,0,0.0,0,0,0,none,0,none,0,0,0,no_alert_unknown,no_alert_not_final_benign,-1,dns,port
2025-07-19T23:03:06.776328+0700,103.195.142.74,118.98.44.20,3564,53,UDP,dns,,801029320245336,wire/pcap,0,0,0,0,0,0.0,0,0,0,none,0,none,0,0,0,no_alert_unknown,no_alert_not_final_benign,-1,dns,port
2025-07-19T23:03:06.795642+0700,103.195.142.109,87.98.154.119,53,40205,UDP,flow,failed,446165599794936,,1,1,0,1437,0,0.0,1,1437,0,none,0,none,0,0,0,no_alert_unknown,no_alert_not_final_benign,-1,dns,port
2025-07-19T23:03:06.795669+0700,103.195.142.74,202.134.0.155,6057,53,UDP,flow,dns,103366085326664,,1,1,0,76,0,0.0,1,76,0,none,0,none,0,0,0,no_alert_unknown,no_alert_not_final_benign,-1,dns,app_proto+port
2025-07-19T23:03:06.795788+0700,103.195.142.76,87.98.154.14,53,19549,UDP,flow,failed,163272635856905,,1,3,0,4407,0,10.0,3,4407,0,none,0,none,0,0,0,no_alert_unknown,no_alert_not_final_benign,-1,dns,port
2025-07-19T23:03:06.795821+0700,103.195.142.74,202.134.0.155,27902,53,UDP,flow,dns,523228621060156,,1,1,0,68,0,0.0,1,68,0,none,0,none,0,0,0,no_alert_unknown,no_alert_not_final_benign,-1,dns,app_proto+port
2025-07-19T23:03:06.795921+0700,103.195.142.2,180.241.27.177,53,20781,UDP,flow,failed,834957562689776,,1,1,0,181,0,0.0,1,181,0,none,0,none,0,0,0,no_alert_unknown,no_alert_not_final_benign,-1,dns,port
2025-07-19T23:03:06.795996+0700,103.195.142.165,87.98.154.119,53,41944,UDP,flow,failed,2161659663169794,,1,1,0,1437,0,0.0,1,1437,0,none,0,none,0,0,0,no_alert_unknown,no_alert_not_final_benign,-1,dns,port
2025-07-19T23:03:06.796016+0700,103.195.142.83,87.98.154.238,53,26952,UDP,flow,failed,153630100764956,,1,1,0,1190,0,0.0,1,1190,0,none,0,none,0,0,0,no_alert_unknown,no_alert_not_final_benign,-1,dns,port
2025-07-19T23:03:06.796035+0700,103.195.142.74,202.134.0.155,7281,53,UDP,flow,dns,47369724836127,,1,1,0,223,0,0.0,1,223,0,none,0,none,0,0,0,no_alert_unknown,no_alert_not_final_benign,-1,dns,app_proto+port
2025-07-19T23:03:06.796160+0700,103.195.142.74,118.98.44.50,42555,53,UDP,flow,dns,817239594908035,,1,1,0,77,0,0.0,1,77,0,none,0,none,0,0,0,no_alert_unknown,no_alert_not_final_benign,-1,dns,app_proto+port
2025-07-19T23:03:06.796219+0700,103.195.142.109,87.98.154.119,53,10227,UDP,flow,failed,809930659740081,,1,1,0,1437,0,0.0,1,1437,0,none,0,none,0,0,0,no_alert_unknown,no_alert_not_final_benign,-1,dns,port
2025-07-19T23:03:06.796270+0700,103.195.142.74,118.98.44.20,27341,53,UDP,flow,dns,338804465154607,,1,1,0,79,0,0.0,1,79,0,none,0,none,0,0,0,no_alert_unknown,no_alert_not_final_benign,-1,dns,app_proto+port
2025-07-19T23:03:06.796293+0700,103.195.142.75,8.8.8.8,62533,53,UDP,flow,dns,574222934817327,,1,2,0,292,0,16.0,2,292,0,none,0,none,0,0,0,no_alert_unknown,no_alert_not_final_benign,-1,dns,app_proto+port
2025-07-19T23:03:06.796357+0700,103.195.142.195,87.98.154.16,53,59311,UDP,flow,failed,1977274266368611,,1,1,0,1437,0,0.0,1,1437,0,none,0,none,0,0,0,no_alert_unknown,no_alert_not_final_benign,-1,dns,port
2025-07-19T23:03:06.796384+0700,103.195.142.165,87.98.154.118,53,10905,UDP,flow,failed,715161668631156,,1,1,0,1437,0,0.0,1,1437,0,none,0,none,0,0,0,no_alert_unknown,no_alert_not_final_benign,-1,dns,port
2025-07-19T23:03:06.796602+0700,103.195.142.75,8.8.8.8,58093,53,UDP,flow,dns,2160814275902397,,1,1,0,214,0,0.0,1,214,0,none,0,none,0,0,0,no_alert_unknown,no_alert_not_final_benign,-1,dns,app_proto+port
2025-07-19T23:03:06.796626+0700,103.195.142.75,208.74.124.194,63506,53,UDP,flow,dns,438510639463463,,1,1,0,88,0,0.0,1,88,0,none,0,none,0,0,0,no_alert_unknown,no_alert_not_final_benign,-1,dns,app_proto+port
2025-07-19T23:03:06.796650+0700,103.195.142.195,87.98.154.119,53,34504,UDP,flow,failed,294482268339258,,1,1,0,1437,0,0.0,1,1437,0,none,0,none,0,0,0,no_alert_unknown,no_alert_not_final_benign,-1,dns,port
2025-07-19T23:03:06.796682+0700,103.195.142.74,118.98.44.100,46970,53,UDP,flow,dns,2007849533324420,,1,1,0,84,0,0.0,1,84,0,none,0,none,0,0,0,no_alert_unknown,no_alert_not_final_benign,-1,dns,app_proto+port
2025-07-19T23:03:06.796710+0700,103.195.142.46,87.98.154.119,53,22509,UDP,flow,failed,303050821549360,,1,1,0,1437,0,0.0,1,1437,0,none,0,none,0,0,0,no_alert_unknown,no_alert_not_final_benign,-1,dns,port
2025-07-19T23:03:06.796740+0700,103.195.142.75,8.8.8.8,37744,53,UDP,flow,dns,785908609072520,,1,1,0,84,0,0.0,1,84,0,none,0,none,0,0,0,no_alert_unknown,no_alert_not_final_benign,-1,dns,app_proto+port
2025-07-19T23:03:06.796772+0700,103.195.142.74,118.98.44.50,45405,53,UDP,flow,dns,316576453967349,,1,1,0,76,0,0.0,1,76,0,none,0,none,0,0,0,no_alert_unknown,no_alert_not_final_benign,-1,dns,app_proto+port
2025-07-19T23:03:06.796887+0700,103.195.142.74,118.98.44.20,7782,53,UDP,flow,dns,528819521338883,,1,1,0,88,0,0.0,1,88,0,none,0,none,0,0,0,no_alert_unknown,no_alert_not_final_benign,-1,dns,app_proto+port
2025-07-19T23:03:06.796930+0700,103.195.142.195,87.98.154.24,53,61549,UDP,flow,failed,1654885219515929,,1,3,0,4311,0,10.0,3,4311,0,none,0,none,0,0,0,no_alert_unknown,no_alert_not_final_benign,-1,dns,port
2025-07-19T23:03:06.797018+0700,103.195.142.74,202.134.0.155,41849,53,UDP,flow,dns,770968594759236,,1,1,0,68,0,0.0,1,68,0,none,0,none,0,0,0,no_alert_unknown,no_alert_not_final_benign,-1,dns,app_proto+port
2025-07-19T23:03:06.797041+0700,103.195.142.74,118.98.44.100,20908,53,UDP,flow,dns,708383800770214,,1,1,0,232,0,0.0,1,232,0,none,0,none,0,0,0,no_alert_unknown,no_alert_not_final_benign,-1,dns,app_proto+port
2025-07-19T23:03:06.797080+0700,103.195.142.46,87.98.154.11,53,1308,UDP,flow,failed,1970341718146855,,1,3,0,4311,0,9.0,3,4311,0,none,0,none,0,0,0,no_alert_unknown,no_alert_not_final_benign,-1,dns,port
2025-07-19T23:03:06.797135+0700,103.195.142.74,118.98.44.50,6206,53,UDP,flow,dns,2220908447481749,,1,1,0,77,0,0.0,1,77,0,none,0,none,0,0,0,no_alert_unknown,no_alert_not_final_benign,-1,dns,app_proto+port
2025-07-19T23:03:06.797168+0700,103.195.142.3,172.253.230.25,53,49818,UDP,flow,failed,394917571149742,,1,1,0,212,0,0.0,1,212,0,none,0,none,0,0,0,no_alert_unknown,no_alert_not_final_benign,-1,dns,port
2025-07-19T23:03:06.797240+0700,103.195.142.109,87.98.154.119,53,12928,UDP,flow,failed,577318413156420,,1,1,0,1437,0,0.0,1,1437,0,none,0,none,0,0,0,no_alert_unknown,no_alert_not_final_benign,-1,dns,port
2025-07-19T23:03:06.797666+0700,103.195.142.196,87.98.154.119,53,28952,UDP,flow,failed,148197566005483,,1,1,0,1437,0,0.0,1,1437,0,none,0,none,0,0,0,no_alert_unknown,no_alert_not_final_benign,-1,dns,port
2025-07-19T23:03:06.797728+0700,103.195.142.74,118.98.44.50,12714,53,UDP,flow,dns,84633204375787,,1,2,0,204,0,9.0,2,204,0,none,0,none,0,0,0,no_alert_unknown,no_alert_not_final_benign,-1,dns,app_proto+port
2025-07-19T23:03:06.797774+0700,103.195.142.3,172.253.237.21,53,47184,UDP,flow,failed,392981126529283,,1,1,0,201,0,0.0,1,201,0,none,0,none,0,0,0,no_alert_unknown,no_alert_not_final_benign,-1,dns,port
2025-07-19T23:03:06.797824+0700,103.195.142.74,118.98.44.100,44378,53,UDP,flow,dns,443649538933011,,1,1,0,76,0,0.0,1,76,0,none,0,none,0,0,0,no_alert_unknown,no_alert_not_final_benign,-1,dns,app_proto+port
2025-07-19T23:03:06.797865+0700,103.195.142.75,50.116.34.34,28926,53,UDP,flow,dns,181481708274009,,1,1,0,80,0,0.0,1,80,0,none,0,none,0,0,0,no_alert_unknown,no_alert_not_final_benign,-1,dns,app_proto+port
2025-07-19T23:03:06.797931+0700,103.195.142.75,8.8.8.8,53860,53,UDP,flow,dns,545104892281401,,1,1,0,77,0,0.0,1,77,0,none,0,none,0,0,0,no_alert_unknown,no_alert_not_final_benign,-1,dns,app_proto+port
2025-07-19T23:03:06.798029+0700,103.195.142.74,202.134.0.155,51952,53,UDP,flow,dns,471499811603275,,1,1,0,85,0,0.0,1,85,0,none,0,none,0,0,0,no_alert_unknown,no_alert_not_final_benign,-1,dns,app_proto+port
2025-07-19T23:03:06.798075+0700,103.195.142.46,87.98.154.155,53,46896,UDP,flow,failed,828217810764669,,1,1,0,1437,0,0.0,1,1437,0,none,0,none,0,0,0,no_alert_unknown,no_alert_not_final_benign,-1,dns,port
2025-07-19T23:03:06.798202+0700,103.195.142.74,50.28.104.44,46138,53,UDP,flow,dns,255282550162459,,1,1,0,74,0,0.0,1,74,0,none,0,none,0,0,0,no_alert_unknown,no_alert_not_final_benign,-1,dns,app_proto+port
2025-07-19T23:03:06.798234+0700,103.195.142.165,87.98.154.119,53,17012,UDP,flow,failed,547980905956382,,1,1,0,1437,0,0.0,1,1437,0,none,0,none,0,0,0,no_alert_unknown,no_alert_not_final_benign,-1,dns,port
2025-07-19T23:03:06.798254+0700,103.195.142.83,87.98.154.119,53,29409,UDP,flow,failed,326691885237300,,1,1,0,1190,0,0.0,1,1190,0,none,0,none,0,0,0,no_alert_unknown,no_alert_not_final_benign,-1,dns,port
2025-07-19T23:03:06.798301+0700,103.195.142.75,8.8.8.8,36047,53,UDP,flow,dns,365998363067658,,1,1,0,85,0,0.0,1,85,0,none,0,none,0,0,0,no_alert_unknown,no_alert_not_final_benign,-1,dns,app_proto+port
2025-07-19T23:03:06.798460+0700,103.195.142.195,87.98.154.24,53,40667,UDP,flow,failed,628847857124775,,1,1,0,1437,0,0.0,1,1437,0,none,0,none,0,0,0,no_alert_unknown,no_alert_not_final_benign,-1,dns,port
2025-07-19T23:03:06.798491+0700,103.195.142.165,87.98.154.25,53,34510,UDP,flow,failed,592283539621291,,1,1,0,1437,0,0.0,1,1437,0,none,0,none,0,0,0,no_alert_unknown,no_alert_not_final_benign,-1,dns,port
2025-07-19T23:03:06.798597+0700,103.195.142.83,87.98.154.58,53,37229,UDP,flow,failed,2139831476438599,,1,1,0,1190,0,0.0,1,1190,0,none,0,none,0,0,0,no_alert_unknown,no_alert_not_final_benign,-1,dns,port
2025-07-19T23:03:06.798648+0700,103.195.142.75,216.38.8.120,39295,53,UDP,flow,dns,308598476850793,,1,1,0,74,0,0.0,1,74,0,none,0,none,0,0,0,no_alert_unknown,no_alert_not_final_benign,-1,dns,app_proto+port
2025-07-19T23:03:06.798692+0700,103.195.142.75,8.8.8.8,55028,53,UDP,flow,dns,312176580445820,,1,1,0,87,0,0.0,1,87,0,none,0,none,0,0,0,no_alert_unknown,no_alert_not_final_benign,-1,dns,app_proto+port
2025-07-19T23:03:06.798779+0700,103.195.142.74,118.98.44.20,64186,53,UDP,flow,dns,381502917461714,,1,1,0,241,0,0.0,1,241,0,none,0,none,0,0,0,no_alert_unknown,no_alert_not_final_benign,-1,dns,app_proto+port
2025-07-19T23:03:06.798819+0700,103.195.142.76,87.98.154.242,53,55068,UDP,flow,failed,423988259866361,,1,1,0,1469,0,0.0,1,1469,0,none,0,none,0,0,0,no_alert_unknown,no_alert_not_final_benign,-1,dns,port
2025-07-19T23:03:06.798890+0700,103.195.142.76,87.98.154.119,53,32684,UDP,flow,failed,604587831281415,,1,1,0,1469,0,0.0,1,1469,0,none,0,none,0,0,0,no_alert_unknown,no_alert_not_final_benign,-1,dns,port
2025-07-19T23:03:06.798987+0700,103.195.142.196,87.98.154.17,53,55924,UDP,flow,failed,2125799556007832,,1,1,0,1437,0,0.0,1,1437,0,none,0,none,0,0,0,no_alert_unknown,no_alert_not_final_benign,-1,dns,port
2025-07-19T23:03:06.799033+0700,103.195.142.83,87.98.154.2,53,24620,UDP,flow,failed,129478771689406,,1,1,0,1190,0,0.0,1,1190,0,none,0,none,0,0,0,no_alert_unknown,no_alert_not_final_benign,-1,dns,port
2025-07-19T23:03:06.799111+0700,103.195.142.196,87.98.154.153,53,45197,UDP,flow,failed,259019290724286,,1,1,0,1437,0,0.0,1,1437,0,none,0,none,0,0,0,no_alert_unknown,no_alert_not_final_benign,-1,dns,port
2025-07-19T23:03:06.799270+0700,103.195.142.74,202.134.0.155,42616,53,UDP,flow,dns,612407748479015,,1,1,0,88,0,0.0,1,88,0,none,0,none,0,0,0,no_alert_unknown,no_alert_not_final_benign,-1,dns,app_proto+port
2025-07-19T23:03:06.799502+0700,103.195.142.74,118.98.44.20,25754,53,UDP,flow,dns,498431754193346,,1,1,0,223,0,0.0,1,223,0,none,0,none,0,0,0,no_alert_unknown,no_alert_not_final_benign,-1,dns,app_proto+port
2025-07-19T23:03:06.799546+0700,103.195.142.195,87.98.154.119,53,38687,UDP,flow,failed,333424809167397,,1,1,0,1437,0,0.0,1,1437,0,none,0,none,0,0,0,no_alert_unknown,no_alert_not_final_benign,-1,dns,port
2025-07-19T23:03:06.799583+0700,103.195.142.83,87.98.154.118,53,60538,UDP,flow,failed,821994198878860,,1,1,0,1190,0,0.0,1,1190,0,none,0,none,0,0,0,no_alert_unknown,no_alert_not_final_benign,-1,dns,port
2025-07-19T23:03:06.799658+0700,103.195.142.46,87.98.154.119,53,10962,UDP,flow,failed,516040081820313,,1,1,0,1437,0,0.0,1,1437,0,none,0,none,0,0,0,no_alert_unknown,no_alert_not_final_benign,-1,dns,port
2025-07-19T23:03:06.799697+0700,103.195.142.3,172.70.116.71,53,52146,UDP,flow,failed,50637953190595,,1,1,0,145,0,0.0,1,145,0,none,0,none,0,0,0,no_alert_unknown,no_alert_not_final_benign,-1,dns,port
2025-07-19T23:03:06.799719+0700,103.195.142.165,87.98.154.53,53,64449,UDP,flow,failed,309349103389395,,1,1,0,1437,0,0.0,1,1437,0,none,0,none,0,0,0,no_alert_unknown,no_alert_not_final_benign,-1,dns,port
2025-07-19T23:03:06.799814+0700,103.195.142.109,87.98.154.37,53,49938,UDP,flow,failed,661948577827668,,1,1,0,1437,0,0.0,1,1437,0,none,0,none,0,0,0,no_alert_unknown,no_alert_not_final_benign,-1,dns,port
2025-07-19T23:03:06.799936+0700,103.195.142.75,8.8.8.8,58363,53,UDP,flow,dns,12438841609140,,1,1,0,77,0,0.0,1,77,0,none,0,none,0,0,0,no_alert_unknown,no_alert_not_final_benign,-1,dns,app_proto+port
2025-07-19T23:03:06.799991+0700,103.195.142.46,87.98.154.119,53,21371,UDP,flow,failed,599251352767538,,1,1,0,1437,0,0.0,1,1437,0,none,0,none,0,0,0,no_alert_unknown,no_alert_not_final_benign,-1,dns,port
2025-07-19T23:03:06.800015+0700,103.195.142.74,202.134.0.155,53329,53,UDP,flow,dns,668682542075107,,1,1,0,88,0,0.0,1,88,0,none,0,none,0,0,0,no_alert_unknown,no_alert_not_final_benign,-1,dns,app_proto+port
2025-07-19T23:03:06.800121+0700,103.195.142.76,87.98.154.119,53,24402,UDP,flow,failed,381124120628740,,1,1,0,1469,0,0.0,1,1469,0,none,0,none,0,0,0,no_alert_unknown,no_alert_not_final_benign,-1,dns,port
2025-07-19T23:03:06.800158+0700,103.195.142.83,87.98.154.117,53,46812,UDP,flow,failed,720630663761512,,1,1,0,1190,0,0.0,1,1190,0,none,0,none,0,0,0,no_alert_unknown,no_alert_not_final_benign,-1,dns,port
2025-07-19T23:03:06.800183+0700,103.195.142.109,87.98.154.9,53,20385,UDP,flow,failed,801663740432024,,1,1,0,1437,0,0.0,1,1437,0,none,0,none,0,0,0,no_alert_unknown,no_alert_not_final_benign,-1,dns,port
2025-07-19T23:03:06.800201+0700,103.195.142.75,8.8.8.8,63424,53,UDP,flow,dns,657375423516321,,1,1,0,68,0,0.0,1,68,0,none,0,none,0,0,0,no_alert_unknown,no_alert_not_final_benign,-1,dns,app_proto+port
2025-07-19T23:03:06.800222+0700,103.195.142.74,118.98.44.50,35886,53,UDP,flow,dns,405716303433410,,1,1,0,75,0,0.0,1,75,0,none,0,none,0,0,0,no_alert_unknown,no_alert_not_final_benign,-1,dns,app_proto+port
2025-07-19T23:03:06.800245+0700,103.195.142.74,118.98.44.20,44327,53,UDP,flow,dns,47272680050423,,1,1,0,87,0,0.0,1,87,0,none,0,none,0,0,0,no_alert_unknown,no_alert_not_final_benign,-1,dns,app_proto+port
2025-07-19T23:03:06.800266+0700,103.195.142.74,202.134.0.155,49857,53,UDP,flow,dns,707211989962498,,1,1,0,81,0,0.0,1,81,0,none,0,none,0,0,0,no_alert_unknown,no_alert_not_final_benign,-1,dns,app_proto+port
2025-07-19T23:03:06.800309+0700,103.195.142.2,180.241.27.210,53,37729,UDP,flow,failed,597564497219423,,1,1,0,131,0,0.0,1,131,0,none,0,none,0,0,0,no_alert_unknown,no_alert_not_final_benign,-1,dns,port
2025-07-19T23:03:06.800332+0700,103.195.142.74,118.98.44.50,37878,53,UDP,flow,dns,53838644858792,,1,1,0,85,0,0.0,1,85,0,none,0,none,0,0,0,no_alert_unknown,no_alert_not_final_benign,-1,dns,app_proto+port
2025-07-19T23:03:06.800396+0700,103.195.142.3,172.217.32.158,53,43846,UDP,flow,failed,455842336821339,,1,1,0,163,0,0.0,1,163,0,none,0,none,0,0,0,no_alert_unknown,no_alert_not_final_benign,-1,dns,port
2025-07-19T23:03:06.800467+0700,103.195.142.195,87.98.154.136,53,34413,UDP,flow,failed,76259995635994,,1,1,0,1437,0,0.0,1,1437,0,none,0,none,0,0,0,no_alert_unknown,no_alert_not_final_benign,-1,dns,port
2025-07-19T23:03:06.800488+0700,103.195.142.46,87.98.154.119,53,2651,UDP,flow,failed,383501734203690,,1,1,0,1437,0,0.0,1,1437,0,none,0,none,0,0,0,no_alert_unknown,no_alert_not_final_benign,-1,dns,port
2025-07-19T23:03:06.800507+0700,103.195.142.195,87.98.154.224,53,4566,UDP,flow,failed,2156363465183678,,1,2,0,2874,0,9.0,2,2874,0,none,0,none,0,0,0,no_alert_unknown,no_alert_not_final_benign,-1,dns,port
2025-07-19T23:03:06.800534+0700,103.195.142.2,124.64.206.215,53,60387,UDP,flow,failed,610757473096146,,1,1,0,230,0,0.0,1,230,0,none,0,none,0,0,0,no_alert_unknown,no_alert_not_final_benign,-1,dns,port
2025-07-19T23:03:06.800554+0700,103.195.142.3,39.156.146.119,53,6959,UDP,flow,failed,818086636048966,,1,1,0,187,0,0.0,1,187,0,none,0,none,0,0,0,no_alert_unknown,no_alert_not_final_benign,-1,dns,port
2025-07-19T23:03:06.800659+0700,103.195.142.196,87.98.154.17,53,55006,UDP,flow,failed,307049444365004,,1,1,0,1437,0,0.0,1,1437,0,none,0,none,0,0,0,no_alert_unknown,no_alert_not_final_benign,-1,dns,port
2025-07-19T23:03:06.800704+0700,103.195.142.74,118.98.44.100,10556,53,UDP,flow,dns,170907577373439,,1,1,0,106,0,0.0,1,106,0,none,0,none,0,0,0,no_alert_unknown,no_alert_not_final_benign,-1,dns,app_proto+port
2025-07-19T23:03:06.800726+0700,103.195.142.46,87.98.154.39,53,32014,UDP,flow,failed,621935922598676,,1,1,0,1437,0,0.0,1,1437,0,none,0,none,0,0,0,no_alert_unknown,no_alert_not_final_benign,-1,dns,port
2025-07-19T23:03:06.800801+0700,103.195.142.196,87.98.154.119,53,8230,UDP,flow,failed,627688979518335,,1,1,0,1437,0,0.0,1,1437,0,none,0,none,0,0,0,no_alert_unknown,no_alert_not_final_benign,-1,dns,port
2025-07-19T23:03:06.800849+0700,103.195.142.3,172.253.237.25,53,54828,UDP,flow,failed,526986412774275,,1,1,0,244,0,0.0,1,244,0,none,0,none,0,0,0,no_alert_unknown,no_alert_not_final_benign,-1,dns,port
2025-07-19T23:03:06.800896+0700,103.195.142.46,87.98.154.119,53,62103,UDP,flow,failed,779157982237580,,1,1,0,1437,0,0.0,1,1437,0,none,0,none,0,0,0,no_alert_unknown,no_alert_not_final_benign,-1,dns,port
2025-07-19T23:03:06.800943+0700,103.195.142.109,87.98.154.119,53,41389,UDP,flow,failed,612647794136118,,1,1,0,1437,0,0.0,1,1437,0,none,0,none,0,0,0,no_alert_unknown,no_alert_not_final_benign,-1,dns,port
2025-07-19T23:03:06.801049+0700,103.195.142.83,87.98.154.119,53,33360,UDP,flow,failed,740432831468818,,1,1,0,1190,0,0.0,1,1190,0,none,0,none,0,0,0,no_alert_unknown,no_alert_not_final_benign,-1,dns,port
2025-07-19T23:03:06.801164+0700,103.195.142.74,202.134.0.155,61803,53,UDP,flow,dns,611583664805148,,1,1,0,232,0,0.0,1,232,0,none,0,none,0,0,0,no_alert_unknown,no_alert_not_final_benign,-1,dns,app_proto+port
2025-07-19T23:03:06.801209+0700,103.195.142.195,87.98.154.119,53,1349,UDP,flow,failed,536496192968025,,1,1,0,1437,0,0.0,1,1437,0,none,0,none,0,0,0,no_alert_unknown,no_alert_not_final_benign,-1,dns,port
2025-07-19T23:03:06.801257+0700,103.195.142.76,87.98.154.118,53,51429,UDP,flow,failed,539746171311450,,1,1,0,1469,0,0.0,1,1469,0,none,0,none,0,0,0,no_alert_unknown,no_alert_not_final_benign,-1,dns,port
2025-07-19T23:03:06.801298+0700,103.195.142.46,87.98.154.3,53,33648,UDP,flow,failed,486976209835391,,1,1,0,1437,0,0.0,1,1437,0,none,0,none,0,0,0,no_alert_unknown,no_alert_not_final_benign,-1,dns,port
2025-07-19T23:03:06.801367+0700,103.195.142.74,118.98.44.50,54264,53,UDP,flow,dns,80924309345699,,1,1,0,241,0,0.0,1,241,0,none,0,none,0,0,0,no_alert_unknown,no_alert_not_final_benign,-1,dns,app_proto+port
2025-07-19T23:03:06.801410+0700,103.195.142.2,172.70.116.71,53,59499,UDP,flow,failed,50670874351314,,1,1,0,134,0,0.0,1,134,0,none,0,none,0,0,0,no_alert_unknown,no_alert_not_final_benign,-1,dns,port
2025-07-19T23:03:06.801498+0700,103.195.142.74,202.134.0.155,13660,53,UDP,flow,dns,29488719025925,,1,1,0,84,0,0.0,1,84,0,none,0,none,0,0,0,no_alert_unknown,no_alert_not_final_benign,-1,dns,app_proto+port
2025-07-19T23:03:06.801696+0700,103.195.142.74,202.134.0.155,39629,53,UDP,flow,dns,47936811325306,,1,1,0,232,0,0.0,1,232,0,none,0,none,0,0,0,no_alert_unknown,no_alert_not_final_benign,-1,dns,app_proto+port
2025-07-19T23:03:06.801741+0700,103.195.142.109,87.98.154.119,53,36997,UDP,flow,failed,77501315766284,,1,1,0,1437,0,0.0,1,1437,0,none,0,none,0,0,0,no_alert_unknown,no_alert_not_final_benign,-1,dns,port
2025-07-19T23:03:06.801829+0700,103.195.142.83,87.98.154.30,53,46539,UDP,flow,failed,112751318882350,,1,1,0,1190,0,0.0,1,1190,0,none,0,none,0,0,0,no_alert_unknown,no_alert_not_final_benign,-1,dns,port
2025-07-19T23:03:06.801906+0700,103.195.142.74,118.98.44.100,50109,53,UDP,flow,dns,690385223768215,,1,1,0,68,0,0.0,1,68,0,none,0,none,0,0,0,no_alert_unknown,no_alert_not_final_benign,-1,dns,app_proto+port
2025-07-19T23:03:06.801926+0700,103.195.142.195,87.98.154.196,53,62296,UDP,flow,failed,2092248368109856,,1,3,0,4311,0,10.0,3,4311,0,none,0,none,0,0,0,no_alert_unknown,no_alert_not_final_benign,-1,dns,port
2025-07-19T23:03:06.801953+0700,103.195.142.83,87.98.154.118,53,36115,UDP,flow,failed,732516156266793,,1,1,0,1190,0,0.0,1,1190,0,none,0,none,0,0,0,no_alert_unknown,no_alert_not_final_benign,-1,dns,port
2025-07-19T23:03:06.801972+0700,103.195.142.74,202.134.0.155,58886,53,UDP,flow,dns,300752022362569,,1,1,0,87,0,0.0,1,87,0,none,0,none,0,0,0,no_alert_unknown,no_alert_not_final_benign,-1,dns,app_proto+port
2025-07-19T23:03:06.801994+0700,103.195.142.46,87.98.154.203,53,30398,UDP,flow,failed,709140014127573,,1,1,0,1437,0,0.0,1,1437,0,none,0,none,0,0,0,no_alert_unknown,no_alert_not_final_benign,-1,dns,port
2025-07-19T23:03:06.802109+0700,103.195.142.109,87.98.154.119,53,11627,UDP,flow,failed,500626195438400,,1,1,0,1437,0,0.0,1,1437,0,none,0,none,0,0,0,no_alert_unknown,no_alert_not_final_benign,-1,dns,port
2025-07-19T23:03:06.802213+0700,103.195.142.74,118.98.44.100,58155,53,UDP,flow,dns,530235296799572,,1,1,0,105,0,0.0,1,105,0,none,0,none,0,0,0,no_alert_unknown,no_alert_not_final_benign,-1,dns,app_proto+port
2025-07-19T23:03:06.802276+0700,103.195.142.2,180.241.27.97,53,37539,UDP,flow,failed,634716435536888,,1,1,0,138,0,0.0,1,138,0,none,0,none,0,0,0,no_alert_unknown,no_alert_not_final_benign,-1,dns,port
2025-07-19T23:03:06.802334+0700,103.195.142.109,87.98.154.119,53,63116,UDP,flow,failed,125393455307845,,1,1,0,1437,0,0.0,1,1437,0,none,0,none,0,0,0,no_alert_unknown,no_alert_not_final_benign,-1,dns,port
2025-07-19T23:03:06.802396+0700,103.195.142.74,118.98.44.20,53951,53,UDP,flow,dns,289769430539379,,1,1,0,87,0,0.0,1,87,0,none,0,none,0,0,0,no_alert_unknown,no_alert_not_final_benign,-1,dns,app_proto+port
2025-07-19T23:03:06.802465+0700,103.195.142.74,202.134.0.155,40455,53,UDP,flow,dns,259562987543737,,1,1,0,87,0,0.0,1,87,0,none,0,none,0,0,0,no_alert_unknown,no_alert_not_final_benign,-1,dns,app_proto+port
2025-07-19T23:03:06.802487+0700,103.195.142.76,87.98.154.86,53,60432,UDP,flow,failed,392310555041110,,1,1,0,1469,0,0.0,1,1469,0,none,0,none,0,0,0,no_alert_unknown,no_alert_not_final_benign,-1,dns,port
2025-07-19T23:03:06.802556+0700,103.195.142.195,87.98.154.119,53,2365,UDP,flow,failed,229070593547678,,1,1,0,1437,0,0.0,1,1437,0,none,0,none,0,0,0,no_alert_unknown,no_alert_not_final_benign,-1,dns,port
2025-07-19T23:03:06.802606+0700,103.195.142.2,162.158.185.208,53,9477,UDP,flow,failed,340334333746652,,1,1,0,137,0,0.0,1,137,0,none,0,none,0,0,0,no_alert_unknown,no_alert_not_final_benign,-1,dns,port
2025-07-19T23:03:06.802627+0700,103.195.142.76,87.98.154.238,53,35438,UDP,flow,failed,82882862669309,,1,1,0,1469,0,0.0,1,1469,0,none,0,none,0,0,0,no_alert_unknown,no_alert_not_final_benign,-1,dns,port
2025-07-19T23:03:06.802675+0700,103.195.142.195,87.98.154.112,53,30913,UDP,flow,failed,759931484724737,,1,1,0,1437,0,0.0,1,1437,0,none,0,none,0,0,0,no_alert_unknown,no_alert_not_final_benign,-1,dns,port
2025-07-19T23:03:06.802698+0700,103.195.142.74,118.98.44.50,6658,53,UDP,flow,dns,20921858416187,,1,1,0,241,0,0.0,1,241,0,none,0,none,0,0,0,no_alert_unknown,no_alert_not_final_benign,-1,dns,app_proto+port
2025-07-19T23:03:06.802733+0700,103.195.142.2,172.253.5.23,53,39301,UDP,flow,failed,496642518572616,,1,1,0,159,0,0.0,1,159,0,none,0,none,0,0,0,no_alert_unknown,no_alert_not_final_benign,-1,dns,port
2025-07-19T23:03:06.802828+0700,103.195.142.74,118.98.44.100,7255,53,UDP,flow,dns,809031780621974,,1,1,0,214,0,0.0,1,214,0,none,0,none,0,0,0,no_alert_unknown,no_alert_not_final_benign,-1,dns,app_proto+port
2025-07-19T23:03:06.802917+0700,103.195.142.109,87.98.154.119,53,25900,UDP,flow,failed,318370568560371,,1,1,0,1437,0,0.0,1,1437,0,none,0,none,0,0,0,no_alert_unknown,no_alert_not_final_benign,-1,dns,port
2025-07-19T23:03:06.802967+0700,103.195.142.74,118.98.44.100,13391,53,UDP,flow,dns,462060616834828,,1,1,0,232,0,0.0,1,232,0,none,0,none,0,0,0,no_alert_unknown,no_alert_not_final_benign,-1,dns,app_proto+port
2025-07-19T23:03:06.802990+0700,103.195.142.83,87.98.154.117,53,9025,UDP,flow,failed,431726540316506,,1,1,0,1190,0,0.0,1,1190,0,none,0,none,0,0,0,no_alert_unknown,no_alert_not_final_benign,-1,dns,port
2025-07-19T23:03:06.803010+0700,103.195.142.196,87.98.154.119,53,1761,UDP,flow,failed,334783033597888,,1,1,0,1437,0,0.0,1,1437,0,none,0,none,0,0,0,no_alert_unknown,no_alert_not_final_benign,-1,dns,port
2025-07-19T23:03:06.803031+0700,103.195.142.74,118.98.44.50,28632,53,UDP,flow,dns,555927085211623,,1,1,0,89,0,0.0,1,89,0,none,0,none,0,0,0,no_alert_unknown,no_alert_not_final_benign,-1,dns,app_proto+port
2025-07-19T23:03:06.803407+0700,103.195.142.74,118.98.44.100,20842,53,UDP,flow,dns,294685563969800,,1,1,0,232,0,0.0,1,232,0,none,0,none,0,0,0,no_alert_unknown,no_alert_not_final_benign,-1,dns,app_proto+port
2025-07-19T23:03:06.803435+0700,103.195.142.165,87.98.154.119,53,56063,UDP,flow,failed,740208338428255,,1,1,0,1437,0,0.0,1,1437,0,none,0,none,0,0,0,no_alert_unknown,no_alert_not_final_benign,-1,dns,port
2025-07-19T23:03:06.803455+0700,103.195.142.74,118.98.44.20,2880,53,UDP,flow,dns,587771260068199,,1,1,0,68,0,0.0,1,68,0,none,0,none,0,0,0,no_alert_unknown,no_alert_not_final_benign,-1,dns,app_proto+port
2025-07-19T23:03:06.803481+0700,103.195.142.76,87.98.154.98,53,11331,UDP,flow,failed,842383187796423,,1,1,0,1469,0,0.0,1,1469,0,none,0,none,0,0,0,no_alert_unknown,no_alert_not_final_benign,-1,dns,port
2025-07-19T23:03:06.803524+0700,103.195.142.74,118.98.44.100,8845,53,UDP,flow,dns,700044160623164,,1,1,0,94,0,0.0,1,94,0,none,0,none,0,0,0,no_alert_unknown,no_alert_not_final_benign,-1,dns,app_proto+port
2025-07-19T23:03:06.803544+0700,103.195.142.76,87.98.154.117,53,22555,UDP,flow,failed,586488332116795,,1,1,0,1469,0,0.0,1,1469,0,none,0,none,0,0,0,no_alert_unknown,no_alert_not_final_benign,-1,dns,port
2025-07-19T23:03:06.803562+0700,103.195.142.109,87.98.154.209,53,41581,UDP,flow,failed,212400440435741,,1,1,0,1437,0,0.0,1,1437,0,none,0,none,0,0,0,no_alert_unknown,no_alert_not_final_benign,-1,dns,port
2025-07-19T23:03:06.803581+0700,103.195.142.74,118.98.44.50,5820,53,UDP,flow,dns,835548119000485,,1,1,0,214,0,0.0,1,214,0,none,0,none,0,0,0,no_alert_unknown,no_alert_not_final_benign,-1,dns,app_proto+port
2025-07-19T23:03:06.803601+0700,103.195.142.74,118.98.44.100,56307,53,UDP,flow,dns,769414684960403,,1,1,0,85,0,0.0,1,85,0,none,0,none,0,0,0,no_alert_unknown,no_alert_not_final_benign,-1,dns,app_proto+port
2025-07-19T23:03:06.803621+0700,103.195.142.83,87.98.154.154,53,28758,UDP,flow,failed,639587835143832,,1,1,0,1190,0,0.0,1,1190,0,none,0,none,0,0,0,no_alert_unknown,no_alert_not_final_benign,-1,dns,port
2025-07-19T23:03:06.803646+0700,103.195.142.74,118.98.44.20,43521,53,UDP,flow,dns,335860585424611,,1,1,0,98,0,0.0,1,98,0,none,0,none,0,0,0,no_alert_unknown,no_alert_not_final_benign,-1,dns,app_proto+port
2025-07-19T23:03:06.803705+0700,103.195.142.74,118.98.44.20,60840,53,UDP,flow,dns,433836715304785,,1,1,0,74,0,0.0,1,74,0,none,0,none,0,0,0,no_alert_unknown,no_alert_not_final_benign,-1,dns,app_proto+port
2025-07-19T23:03:06.803758+0700,103.195.142.109,87.98.154.181,53,52398,UDP,flow,failed,69345595910134,,1,1,0,1437,0,0.0,1,1437,0,none,0,none,0,0,0,no_alert_unknown,no_alert_not_final_benign,-1,dns,port
2025-07-19T23:03:06.803799+0700,103.195.142.3,216.238.98.69,53,45767,UDP,flow,failed,309829163575306,,1,1,0,180,0,0.0,1,180,0,none,0,none,0,0,0,no_alert_unknown,no_alert_not_final_benign,-1,dns,port
2025-07-19T23:03:06.803841+0700,103.195.142.2,162.158.185.208,53,52131,UDP,flow,failed,321622620858425,,1,1,0,180,0,0.0,1,180,0,none,0,none,0,0,0,no_alert_unknown,no_alert_not_final_benign,-1,dns,port
2025-07-19T23:03:06.803860+0700,103.195.142.76,87.98.154.98,53,9899,UDP,flow,failed,739457994745925,,1,1,0,1469,0,0.0,1,1469,0,none,0,none,0,0,0,no_alert_unknown,no_alert_not_final_benign,-1,dns,port
2025-07-19T23:03:06.803900+0700,103.195.142.76,87.98.154.119,53,55149,UDP,flow,failed,319789602335119,,1,1,0,1469,0,0.0,1,1469,0,none,0,none,0,0,0,no_alert_unknown,no_alert_not_final_benign,-1,dns,port
2025-07-19T23:03:06.803989+0700,103.195.142.76,87.98.154.119,53,16023,UDP,flow,failed,352465977895501,,1,1,0,1469,0,0.0,1,1469,0,none,0,none,0,0,0,no_alert_unknown,no_alert_not_final_benign,-1,dns,port
2025-07-19T23:03:06.804078+0700,103.195.142.46,87.98.154.151,53,61968,UDP,flow,failed,431082837928704,,1,1,0,1437,0,0.0,1,1437,0,none,0,none,0,0,0,no_alert_unknown,no_alert_not_final_benign,-1,dns,port
2025-07-19T23:03:06.804163+0700,103.195.142.83,87.98.154.119,53,51239,UDP,flow,failed,58363757816602,,1,1,0,1190,0,0.0,1,1190,0,none,0,none,0,0,0,no_alert_unknown,no_alert_not_final_benign,-1,dns,port
2025-07-19T23:03:06.804202+0700,103.195.142.74,118.98.44.100,4268,53,UDP,flow,dns,1374042763389724,,1,2,0,204,0,6.0,2,204,0,none,0,none,0,0,0,no_alert_unknown,no_alert_not_final_benign,-1,dns,app_proto+port
2025-07-19T23:03:06.804299+0700,103.195.142.74,118.98.44.20,44932,53,UDP,flow,dns,363480247200860,,1,1,0,105,0,0.0,1,105,0,none,0,none,0,0,0,no_alert_unknown,no_alert_not_final_benign,-1,dns,app_proto+port
2025-07-19T23:03:06.804389+0700,103.195.142.76,87.98.154.119,53,24709,UDP,flow,failed,308888318405994,,1,1,0,1469,0,0.0,1,1469,0,none,0,none,0,0,0,no_alert_unknown,no_alert_not_final_benign,-1,dns,port
2025-07-19T23:03:06.804499+0700,103.195.142.74,118.98.44.50,29748,53,UDP,flow,dns,690001459703217,,1,1,0,88,0,0.0,1,88,0,none,0,none,0,0,0,no_alert_unknown,no_alert_not_final_benign,-1,dns,app_proto+port
2025-07-19T23:03:06.804565+0700,103.195.142.196,87.98.154.119,53,40993,UDP,flow,failed,351667169357243,,1,1,0,1437,0,0.0,1,1437,0,none,0,none,0,0,0,no_alert_unknown,no_alert_not_final_benign,-1,dns,port
2025-07-19T23:03:06.804617+0700,103.195.142.83,87.98.154.119,53,19569,UDP,flow,failed,688551766486503,,1,1,0,1190,0,0.0,1,1190,0,none,0,none,0,0,0,no_alert_unknown,no_alert_not_final_benign,-1,dns,port
2025-07-19T23:03:06.804636+0700,103.195.142.46,87.98.154.119,53,8330,UDP,flow,failed,615191784812093,,1,1,0,1437,0,0.0,1,1437,0,none,0,none,0,0,0,no_alert_unknown,no_alert_not_final_benign,-1,dns,port
2025-07-19T23:03:06.804664+0700,103.195.142.46,87.98.154.31,53,21686,UDP,flow,failed,233482747801228,,1,1,0,1437,0,0.0,1,1437,0,none,0,none,0,0,0,no_alert_unknown,no_alert_not_final_benign,-1,dns,port
2025-07-19T23:03:06.804803+0700,103.195.142.3,13.105.68.212,53,25708,UDP,flow,failed,375816207822801,,1,1,0,182,0,0.0,1,182,0,none,0,none,0,0,0,no_alert_unknown,no_alert_not_final_benign,-1,dns,port
2025-07-19T23:03:06.804823+0700,103.195.142.76,87.98.154.182,53,14241,UDP,flow,failed,585676826767399,,1,1,0,1469,0,0.0,1,1469,0,none,0,none,0,0,0,no_alert_unknown,no_alert_not_final_benign,-1,dns,port
2025-07-19T23:03:06.804874+0700,103.195.142.196,87.98.154.119,53,37559,UDP,flow,failed,358472416260186,,1,1,0,1437,0,0.0,1,1437,0,none,0,none,0,0,0,no_alert_unknown,no_alert_not_final_benign,-1,dns,port
2025-07-19T23:03:06.804936+0700,103.195.142.2,180.241.27.177,53,31663,UDP,flow,failed,598328129515726,,1,1,0,138,0,0.0,1,138,0,none,0,none,0,0,0,no_alert_unknown,no_alert_not_final_benign,-1,dns,port
2025-07-19T23:03:06.804964+0700,103.195.142.74,202.134.0.155,28148,53,UDP,flow,dns,178624554168539,,1,1,0,74,0,0.0,1,74,0,none,0,none,0,0,0,no_alert_unknown,no_alert_not_final_benign,-1,dns,app_proto+port
2025-07-19T23:03:06.804992+0700,103.195.142.74,118.98.44.20,16135,53,UDP,flow,dns,371070664143123,,1,1,0,81,0,0.0,1,81,0,none,0,none,0,0,0,no_alert_unknown,no_alert_not_final_benign,-1,dns,app_proto+port
2025-07-19T23:03:06.805086+0700,103.195.142.2,118.98.101.65,53,28079,UDP,flow,failed,531902834110836,,1,1,0,174,0,0.0,1,174,0,none,0,none,0,0,0,no_alert_unknown,no_alert_not_final_benign,-1,dns,port
2025-07-19T23:03:06.805146+0700,103.195.142.109,87.98.154.149,53,1542,UDP,flow,failed,42104707510644,,1,1,0,1437,0,0.0,1,1437,0,none,0,none,0,0,0,no_alert_unknown,no_alert_not_final_benign,-1,dns,port
2025-07-19T23:03:06.805196+0700,103.195.142.2,61.149.22.85,53,36250,UDP,flow,failed,536143504896382,,1,1,0,187,0,0.0,1,187,0,none,0,none,0,0,0,no_alert_unknown,no_alert_not_final_benign,-1,dns,port
2025-07-19T23:03:06.805269+0700,103.195.142.74,118.98.44.100,28796,53,UDP,flow,dns,377576316105092,,1,1,0,74,0,0.0,1,74,0,none,0,none,0,0,0,no_alert_unknown,no_alert_not_final_benign,-1,dns,app_proto+port
2025-07-19T23:03:06.805416+0700,103.195.142.196,87.98.154.119,53,5004,UDP,flow,failed,610392081068485,,1,1,0,1437,0,0.0,1,1437,0,none,0,none,0,0,0,no_alert_unknown,no_alert_not_final_benign,-1,dns,port
2025-07-19T23:03:06.805484+0700,103.195.142.109,87.98.154.37,53,57877,UDP,flow,failed,809367114641890,,1,1,0,1437,0,0.0,1,1437,0,none,0,none,0,0,0,no_alert_unknown,no_alert_not_final_benign,-1,dns,port
2025-07-19T23:03:06.805523+0700,103.195.142.2,172.253.4.18,53,64124,UDP,flow,failed,337222376911375,,1,1,0,212,0,0.0,1,212,0,none,0,none,0,0,0,no_alert_unknown,no_alert_not_final_benign,-1,dns,port
2025-07-19T23:03:06.805565+0700,103.195.142.2,61.149.22.85,53,65223,UDP,flow,failed,770459665527409,,1,1,0,191,0,0.0,1,191,0,none,0,none,0,0,0,no_alert_unknown,no_alert_not_final_benign,-1,dns,port
2025-07-19T23:03:06.805621+0700,103.195.142.74,202.134.0.155,30234,53,UDP,flow,dns,182475158745726,,1,1,0,80,0,0.0,1,80,0,none,0,none,0,0,0,no_alert_unknown,no_alert_not_final_benign,-1,dns,app_proto+port
2025-07-19T23:03:06.805659+0700,103.195.142.75,8.8.8.8,47429,53,UDP,flow,dns,1824830801277622,,1,2,0,474,0,4.0,2,474,0,none,0,none,0,0,0,no_alert_unknown,no_alert_not_final_benign,-1,dns,app_proto+port
2025-07-19T23:03:06.805689+0700,103.195.142.196,87.98.154.119,53,21843,UDP,flow,failed,175783476687694,,1,1,0,1437,0,0.0,1,1437,0,none,0,none,0,0,0,no_alert_unknown,no_alert_not_final_benign,-1,dns,port
2025-07-19T23:03:06.805878+0700,103.195.142.3,61.149.22.85,53,42368,UDP,flow,failed,350811677422801,,1,1,0,219,0,0.0,1,219,0,none,0,none,0,0,0,no_alert_unknown,no_alert_not_final_benign,-1,dns,port
2025-07-19T23:03:06.805923+0700,103.195.142.196,87.98.154.121,53,58802,UDP,flow,failed,459939551278292,,1,1,0,1437,0,0.0,1,1437,0,none,0,none,0,0,0,no_alert_unknown,no_alert_not_final_benign,-1,dns,port
2025-07-19T23:03:06.806111+0700,103.195.142.75,8.8.8.8,59243,53,UDP,flow,dns,13643351750171,,1,1,0,243,0,0.0,1,243,0,none,0,none,0,0,0,no_alert_unknown,no_alert_not_final_benign,-1,dns,app_proto+port
2025-07-19T23:03:06.806171+0700,103.195.142.74,118.98.44.20,61264,53,UDP,flow,dns,317825556117021,,1,1,0,77,0,0.0,1,77,0,none,0,none,0,0,0,no_alert_unknown,no_alert_not_final_benign,-1,dns,app_proto+port
2025-07-19T23:03:06.806278+0700,103.195.142.75,8.8.8.8,40601,53,UDP,flow,dns,372019835139765,,1,1,0,80,0,0.0,1,80,0,none,0,none,0,0,0,no_alert_unknown,no_alert_not_final_benign,-1,dns,app_proto+port
2025-07-19T23:03:06.806304+0700,103.195.142.74,118.98.44.100,1581,53,UDP,flow,dns,182616281937676,,1,1,0,243,0,0.0,1,243,0,none,0,none,0,0,0,no_alert_unknown,no_alert_not_final_benign,-1,dns,app_proto+port
2025-07-19T23:03:06.806324+0700,103.195.142.3,172.253.211.27,53,43434,UDP,flow,failed,233412320000180,,1,1,0,206,0,0.0,1,206,0,none,0,none,0,0,0,no_alert_unknown,no_alert_not_final_benign,-1,dns,port
2025-07-19T23:03:06.806343+0700,103.195.142.196,87.98.154.217,53,9894,UDP,flow,failed,651355814918358,,1,1,0,1437,0,0.0,1,1437,0,none,0,none,0,0,0,no_alert_unknown,no_alert_not_final_benign,-1,dns,port
2025-07-19T23:03:06.806364+0700,103.195.142.74,118.98.44.50,22420,53,UDP,flow,dns,11749283166452,,1,1,0,77,0,0.0,1,77,0,none,0,none,0,0,0,no_alert_unknown,no_alert_not_final_benign,-1,dns,app_proto+port
2025-07-19T23:03:06.806384+0700,103.195.142.3,124.64.206.215,53,61918,UDP,flow,failed,325504788429283,,1,1,0,187,0,0.0,1,187,0,none,0,none,0,0,0,no_alert_unknown,no_alert_not_final_benign,-1,dns,port
2025-07-19T23:03:06.806433+0700,103.195.142.46,87.98.154.95,53,50466,UDP,flow,failed,505953417722393,,1,1,0,1437,0,0.0,1,1437,0,none,0,none,0,0,0,no_alert_unknown,no_alert_not_final_benign,-1,dns,port
2025-07-19T23:03:06.806453+0700,103.195.142.195,87.98.154.119,53,44399,UDP,flow,failed,70469687540400,,1,1,0,1437,0,0.0,1,1437,0,none,0,none,0,0,0,no_alert_unknown,no_alert_not_final_benign,-1,dns,port
2025-07-19T23:03:06.806528+0700,103.195.142.109,87.98.154.117,53,27803,UDP,flow,failed,185670822230820,,1,1,0,1437,0,0.0,1,1437,0,none,0,none,0,0,0,no_alert_unknown,no_alert_not_final_benign,-1,dns,port
2025-07-19T23:03:06.806548+0700,103.195.142.165,87.98.154.81,53,29019,UDP,flow,failed,740694467246916,,1,1,0,1437,0,0.0,1,1437,0,none,0,none,0,0,0,no_alert_unknown,no_alert_not_final_benign,-1,dns,port
2025-07-19T23:03:06.806567+0700,103.195.142.74,118.98.44.20,9404,53,UDP,flow,dns,523446006348707,,1,1,0,232,0,0.0,1,232,0,none,0,none,0,0,0,no_alert_unknown,no_alert_not_final_benign,-1,dns,app_proto+port
2025-07-19T23:03:06.806587+0700,103.195.142.2,162.158.185.208,53,25413,UDP,flow,failed,507406472543162,,1,1,0,176,0,0.0,1,176,0,none,0,none,0,0,0,no_alert_unknown,no_alert_not_final_benign,-1,dns,port
2025-07-19T23:03:06.806606+0700,103.195.142.165,87.98.154.119,53,43974,UDP,flow,failed,363354893089724,,1,1,0,1437,0,0.0,1,1437,0,none,0,none,0,0,0,no_alert_unknown,no_alert_not_final_benign,-1,dns,port
2025-07-19T23:03:06.806629+0700,103.195.142.46,87.98.154.117,53,20985,UDP,flow,failed,155573575056392,,1,1,0,1437,0,0.0,1,1437,0,none,0,none,0,0,0,no_alert_unknown,no_alert_not_final_benign,-1,dns,port
2025-07-19T23:03:06.806672+0700,103.195.142.195,87.98.154.216,53,10994,UDP,flow,failed,431309891599424,,1,1,0,1437,0,0.0,1,1437,0,none,0,none,0,0,0,no_alert_unknown,no_alert_not_final_benign,-1,dns,port
2025-07-19T23:03:06.806706+0700,103.195.142.165,87.98.154.81,53,26755,UDP,flow,failed,41114979761304,,1,1,0,1437,0,0.0,1,1437,0,none,0,none,0,0,0,no_alert_unknown,no_alert_not_final_benign,-1,dns,port
2025-07-19T23:03:06.806782+0700,103.195.142.46,87.98.154.119,53,15174,UDP,flow,failed,560747450039458,,1,1,0,1437,0,0.0,1,1437,0,none,0,none,0,0,0,no_alert_unknown,no_alert_not_final_benign,-1,dns,port
2025-07-19T23:03:06.806849+0700,103.195.142.74,202.134.0.155,8684,53,UDP,flow,dns,596316843900231,,1,1,0,214,0,0.0,1,214,0,none,0,none,0,0,0,no_alert_unknown,no_alert_not_final_benign,-1,dns,app_proto+port
2025-07-19T23:03:06.806894+0700,103.195.142.74,202.134.0.155,61808,53,UDP,flow,dns,828732024126799,,1,1,0,211,0,0.0,1,211,0,none,0,none,0,0,0,no_alert_unknown,no_alert_not_final_benign,-1,dns,app_proto+port
2025-07-19T23:03:06.806979+0700,103.195.142.74,118.98.44.20,8501,53,UDP,flow,dns,512706892758510,,1,1,0,232,0,0.0,1,232,0,none,0,none,0,0,0,no_alert_unknown,no_alert_not_final_benign,-1,dns,app_proto+port
2025-07-19T23:03:06.807022+0700,103.195.142.76,87.98.154.126,53,11604,UDP,flow,failed,523802075299352,,1,1,0,1469,0,0.0,1,1469,0,none,0,none,0,0,0,no_alert_unknown,no_alert_not_final_benign,-1,dns,port
2025-07-19T23:03:06.807124+0700,103.195.142.196,87.98.154.21,53,25558,UDP,flow,failed,664447689391797,,1,1,0,1437,0,0.0,1,1437,0,none,0,none,0,0,0,no_alert_unknown,no_alert_not_final_benign,-1,dns,port
2025-07-19T23:03:06.807165+0700,103.195.142.74,118.98.44.50,50524,53,UDP,flow,dns,458083978215241,,1,1,0,85,0,0.0,1,85,0,none,0,none,0,0,0,no_alert_unknown,no_alert_not_final_benign,-1,dns,app_proto+port
2025-07-19T23:03:06.807229+0700,103.195.142.75,8.8.8.8,1165,53,UDP,flow,dns,88937857711979,,1,1,0,78,0,0.0,1,78,0,none,0,none,0,0,0,no_alert_unknown,no_alert_not_final_benign,-1,dns,app_proto+port
2025-07-19T23:03:06.807312+0700,103.195.142.76,87.98.154.62,53,17453,UDP,flow,failed,492400001646496,,1,1,0,1469,0,0.0,1,1469,0,none,0,none,0,0,0,no_alert_unknown,no_alert_not_final_benign,-1,dns,port
2025-07-19T23:03:06.807353+0700,103.195.142.74,118.98.44.20,46781,53,UDP,flow,dns,594492868296727,,1,1,0,223,0,0.0,1,223,0,none,0,none,0,0,0,no_alert_unknown,no_alert_not_final_benign,-1,dns,app_proto+port
2025-07-19T23:03:06.807390+0700,103.195.142.83,87.98.154.210,53,41650,UDP,flow,failed,34788582064174,,1,3,0,3570,0,10.0,3,3570,0,none,0,none,0,0,0,no_alert_unknown,no_alert_not_final_benign,-1,dns,port
2025-07-19T23:03:06.807433+0700,103.195.142.76,87.98.154.119,53,56300,UDP,flow,failed,440539552710853,,1,1,0,1469,0,0.0,1,1469,0,none,0,none,0,0,0,no_alert_unknown,no_alert_not_final_benign,-1,dns,port
2025-07-19T23:03:06.807479+0700,103.195.142.195,87.98.154.196,53,4653,UDP,flow,failed,1098211595747663,,1,1,0,1437,0,0.0,1,1437,0,none,0,none,0,0,0,no_alert_unknown,no_alert_not_final_benign,-1,dns,port
2025-07-19T23:03:06.807500+0700,103.195.142.109,87.98.154.119,53,21672,UDP,flow,failed,945823946998195,,1,1,0,1437,0,0.0,1,1437,0,none,0,none,0,0,0,no_alert_unknown,no_alert_not_final_benign,-1,dns,port
2025-07-19T23:03:06.807520+0700,103.195.142.195,87.98.154.117,53,14809,UDP,flow,failed,1010429380624834,,1,1,0,1437,0,0.0,1,1437,0,none,0,none,0,0,0,no_alert_unknown,no_alert_not_final_benign,-1,dns,port
2025-07-19T23:03:06.807590+0700,103.195.142.196,87.98.154.249,53,62930,UDP,flow,failed,1071411454575114,,1,1,0,1437,0,0.0,1,1437,0,none,0,none,0,0,0,no_alert_unknown,no_alert_not_final_benign,-1,dns,port
2025-07-19T23:03:06.807620+0700,103.195.142.75,8.8.8.8,55811,53,UDP,flow,dns,42436144628254,,1,1,0,82,0,0.0,1,82,0,none,0,none,0,0,0,no_alert_unknown,no_alert_not_final_benign,-1,dns,app_proto+port
2025-07-19T23:03:06.825418+0700,103.195.142.74,118.98.44.20,53511,53,UDP,dns,,730395258584698,wire/pcap,0,0,0,0,0,0.0,0,0,0,none,0,none,0,0,0,no_alert_unknown,no_alert_not_final_benign,-1,dns,port
2025-07-19T23:03:06.867237+0700,103.195.142.74,202.134.0.155,48420,53,UDP,dns,,628532101256682,wire/pcap,0,0,0,0,0,0.0,0,0,0,none,0,none,0,0,0,no_alert_unknown,no_alert_not_final_benign,-1,dns,port
2025-07-19T23:03:06.915895+0700,103.195.142.74,118.98.44.50,25376,53,UDP,dns,,837516747732923,wire/pcap,0,0,0,0,0,0.0,0,0,0,none,0,none,0,0,0,no_alert_unknown,no_alert_not_final_benign,-1,dns,port
2025-07-19T23:03:06.922133+0700,103.195.142.108,8.8.8.8,1900,53,UDP,dns,,1216074754602613,wire/pcap,0,0,0,0,0,0.0,0,0,0,none,0,none,0,0,0,no_alert_unknown,no_alert_not_final_benign,-1,dns,port
2025-07-19T23:03:06.928419+0700,103.195.142.74,118.98.44.50,48213,53,UDP,dns,,609833438300577,wire/pcap,0,0,0,0,0,0.0,0,0,0,none,0,none,0,0,0,no_alert_unknown,no_alert_not_final_benign,-1,dns,port
2025-07-19T23:03:06.946757+0700,103.195.142.74,202.134.0.155,20979,53,UDP,dns,,688592567387542,wire/pcap,0,0,0,0,0,0.0,0,0,0,none,0,none,0,0,0,no_alert_unknown,no_alert_not_final_benign,-1,dns,port
2025-07-19T23:03:06.946673+0700,103.195.142.74,118.98.44.20,13720,53,UDP,dns,,688233093191785,wire/pcap,0,0,0,0,0,0.0,0,0,0,none,0,none,0,0,0,no_alert_unknown,no_alert_not_final_benign,-1,dns,port
2025-07-19T23:03:06.946874+0700,103.195.142.75,8.8.8.8,6242,53,UDP,dns,,689095499090520,wire/pcap,0,0,0,0,0,0.0,0,0,0,none,0,none,0,0,0,no_alert_unknown,no_alert_not_final_benign,-1,dns,port
2025-07-19T23:03:06.948312+0700,103.195.142.75,34.8.196.142,35418,53,UDP,dns,,695271172569989,wire/pcap,0,0,0,0,0,0.0,0,0,0,none,0,none,0,0,0,no_alert_unknown,no_alert_not_final_benign,-1,dns,port
2025-07-19T23:03:06.959394+0700,103.195.142.75,8.8.8.8,31794,53,UDP,dns,,742869714064695,wire/pcap,0,0,0,0,0,0.0,0,0,0,none,0,none,0,0,0,no_alert_unknown,no_alert_not_final_benign,-1,dns,port
2025-07-19T23:03:06.974375+0700,103.195.142.74,34.8.38.57,1127,53,UDP,dns,,807210066389511,wire/pcap,0,0,0,0,0,0.0,0,0,0,none,0,none,0,0,0,no_alert_unknown,no_alert_not_final_benign,-1,dns,port
2025-07-19T23:03:06.994620+0700,103.195.142.75,208.74.124.194,39001,53,UDP,dns,,612688794867238,wire/pcap,0,0,0,0,0,0.0,0,0,0,none,0,none,0,0,0,no_alert_unknown,no_alert_not_final_benign,-1,dns,port
2025-07-19T23:03:06.996408+0700,103.195.142.74,118.98.44.50,49843,53,UDP,dns,,620366189697140,wire/pcap,0,0,0,0,0,0.0,0,0,0,none,0,none,0,0,0,no_alert_unknown,no_alert_not_final_benign,-1,dns,port
2025-07-19T23:03:07.000975+0700,103.195.142.74,118.98.44.20,21785,53,UDP,dns,,848614961033661,wire/pcap,0,0,0,0,0,0.0,0,0,0,none,0,none,0,0,0,no_alert_unknown,no_alert_not_final_benign,-1,dns,port
2025-07-19T23:03:07.004663+0700,103.195.142.75,50.28.102.86,8082,53,UDP,dns,,864455397550377,wire/pcap,0,0,0,0,0,0.0,0,0,0,none,0,none,0,0,0,no_alert_unknown,no_alert_not_final_benign,-1,dns,port
2025-07-19T23:03:07.015113+0700,103.195.142.75,8.8.8.8,13804,53,UDP,dns,,909337474754346,wire/pcap,0,0,0,0,0,0.0,0,0,0,none,0,none,0,0,0,no_alert_unknown,no_alert_not_final_benign,-1,dns,port
2025-07-19T23:03:07.019366+0700,103.195.142.74,50.28.32.153,42707,53,UDP,dns,,927603523489702,wire/pcap,0,0,0,0,0,0.0,0,0,0,none,0,none,0,0,0,no_alert_unknown,no_alert_not_final_benign,-1,dns,port
2025-07-19T23:03:07.052545+0700,103.195.142.74,118.98.44.50,48053,53,UDP,flow,dns,1194398850338015,,1,1,0,68,0,0.0,1,68,0,none,0,none,0,0,0,no_alert_unknown,no_alert_not_final_benign,-1,dns,app_proto+port
2025-07-19T23:03:07.052671+0700,103.195.142.75,50.28.102.86,27668,53,UDP,dns,,1070647902503386,wire/pcap,0,0,0,0,0,0.0,0,0,0,none,0,none,0,0,0,no_alert_unknown,no_alert_not_final_benign,-1,dns,port
2025-07-19T23:03:07.060678+0700,103.195.142.74,118.98.44.100,16758,53,UDP,dns,,1105038784880012,wire/pcap,0,0,0,0,0,0.0,0,0,0,none,0,none,0,0,0,no_alert_unknown,no_alert_not_final_benign,-1,dns,port
2025-07-19T23:03:07.074602+0700,103.195.142.75,8.8.8.8,7350,53,UDP,flow,dns,385365829667434,,1,1,0,92,0,0.0,1,92,0,none,0,none,0,0,0,no_alert_unknown,no_alert_not_final_benign,-1,dns,app_proto+port
2025-07-19T23:03:07.111796+0700,103.195.142.74,118.98.44.50,14804,53,UDP,dns,,1043112306828679,wire/pcap,0,0,0,0,0,0.0,0,0,0,none,0,none,0,0,0,no_alert_unknown,no_alert_not_final_benign,-1,dns,port
2025-07-19T23:03:07.132030+0700,103.195.142.74,118.98.44.20,52115,53,UDP,dns,,848540306364212,wire/pcap,0,0,0,0,0,0.0,0,0,0,none,0,none,0,0,0,no_alert_unknown,no_alert_not_final_benign,-1,dns,port
2025-07-19T23:03:07.153898+0700,103.195.142.74,118.98.44.20,37830,53,UDP,dns,,942465217800052,wire/pcap,0,0,0,0,0,0.0,0,0,0,none,0,none,0,0,0,no_alert_unknown,no_alert_not_final_benign,-1,dns,port
2025-07-19T23:03:07.154008+0700,103.195.142.74,202.134.0.155,25844,53,UDP,dns,,942935315790669,wire/pcap,0,0,0,0,0,0.0,0,0,0,none,0,none,0,0,0,no_alert_unknown,no_alert_not_final_benign,-1,dns,port
2025-07-19T23:03:07.172337+0700,103.195.142.74,118.98.44.20,64827,53,UDP,dns,,1021659198594429,wire/pcap,0,0,0,0,0,0.0,0,0,0,none,0,none,0,0,0,no_alert_unknown,no_alert_not_final_benign,-1,dns,port
2025-07-19T23:03:07.177110+0700,103.195.142.74,118.98.44.20,36950,53,UDP,dns,,1042157625117674,wire/pcap,0,0,0,0,0,0.0,0,0,0,none,0,none,0,0,0,no_alert_unknown,no_alert_not_final_benign,-1,dns,port
2025-07-19T23:03:07.214508+0700,103.195.142.74,202.134.0.155,53929,53,UDP,dns,,921308248604586,wire/pcap,0,0,0,0,0,0.0,0,0,0,none,0,none,0,0,0,no_alert_unknown,no_alert_not_final_benign,-1,dns,port
2025-07-19T23:03:07.237605+0700,103.195.142.74,118.98.44.100,58468,53,UDP,dns,,1020507984352011,wire/pcap,0,0,0,0,0,0.0,0,0,0,none,0,none,0,0,0,no_alert_unknown,no_alert_not_final_benign,-1,dns,port
2025-07-19T23:03:07.244286+0700,103.195.142.109,87.98.154.121,53,60474,UDP,flow,failed,328303264258512,,1,1,0,1437,0,0.0,1,1437,0,none,0,none,0,0,0,no_alert_unknown,no_alert_not_final_benign,-1,dns,port
2025-07-19T23:03:07.261962+0700,103.195.142.75,8.8.8.8,12348,53,UDP,dns,,1125119295287102,wire/pcap,0,0,0,0,0,0.0,0,0,0,none,0,none,0,0,0,no_alert_unknown,no_alert_not_final_benign,-1,dns,port
2025-07-19T23:03:07.264164+0700,103.195.142.74,118.98.44.50,23920,53,UDP,dns,,853104092315873,wire/pcap,0,0,0,0,0,0.0,0,0,0,none,0,none,0,0,0,no_alert_unknown,no_alert_not_final_benign,-1,dns,port
2025-07-19T23:03:07.269545+0700,103.195.142.75,8.8.8.8,40997,53,UDP,dns,,876212439157546,wire/pcap,0,0,0,0,0,0.0,0,0,0,none,0,none,0,0,0,no_alert_unknown,no_alert_not_final_benign,-1,dns,port
2025-07-19T23:03:07.280261+0700,103.195.142.74,118.98.44.100,45301,53,UDP,dns,,922236981670893,wire/pcap,0,0,0,0,0,0.0,0,0,0,none,0,none,0,0,0,no_alert_unknown,no_alert_not_final_benign,-1,dns,port
2025-07-19T23:03:07.300902+0700,103.195.142.74,118.98.44.50,33659,53,UDP,dns,,1010893135997984,wire/pcap,0,0,0,0,0,0.0,0,0,0,none,0,none,0,0,0,no_alert_unknown,no_alert_not_final_benign,-1,dns,port
2025-07-19T23:03:07.312411+0700,103.195.142.74,118.98.44.20,17843,53,UDP,dns,,1060322037184004,wire/pcap,0,0,0,0,0,0.0,0,0,0,none,0,none,0,0,0,no_alert_unknown,no_alert_not_final_benign,-1,dns,port
2025-07-19T23:03:07.316741+0700,103.195.142.75,8.8.8.8,44038,53,UDP,dns,,1078918414275635,wire/pcap,0,0,0,0,0,0.0,0,0,0,none,0,none,0,0,0,no_alert_unknown,no_alert_not_final_benign,-1,dns,port
2025-07-19T23:03:07.317458+0700,103.195.142.74,34.8.38.57,46278,53,UDP,dns,,1081998754674524,wire/pcap,0,0,0,0,0,0.0,0,0,0,none,0,none,0,0,0,no_alert_unknown,no_alert_not_final_benign,-1,dns,port
2025-07-19T23:03:07.338052+0700,103.195.142.74,118.98.44.50,45424,53,UDP,dns,,888972863897544,wire/pcap,0,0,0,0,0,0.0,0,0,0,none,0,none,0,0,0,no_alert_unknown,no_alert_not_final_benign,-1,dns,port
2025-07-19T23:03:07.343763+0700,103.195.142.75,34.8.196.142,58708,53,UDP,dns,,913504524395442,wire/pcap,0,0,0,0,0,0.0,0,0,0,none,0,none,0,0,0,no_alert_unknown,no_alert_not_final_benign,-1,dns,port
2025-07-19T23:03:07.349246+0700,103.195.142.74,118.98.44.20,48139,53,UDP,dns,,937050195543691,wire/pcap,0,0,0,0,0,0.0,0,0,0,none,0,none,0,0,0,no_alert_unknown,no_alert_not_final_benign,-1,dns,port
2025-07-19T23:03:07.370582+0700,103.195.142.74,118.98.44.100,49452,53,UDP,dns,,1028688615903696,wire/pcap,0,0,0,0,0,0.0,0,0,0,none,0,none,0,0,0,no_alert_unknown,no_alert_not_final_benign,-1,dns,port
2025-07-19T23:03:07.390103+0700,103.195.142.74,118.98.44.20,16392,53,UDP,dns,,1112532684557203,wire/pcap,0,0,0,0,0,0.0,0,0,0,none,0,none,0,0,0,no_alert_unknown,no_alert_not_final_benign,-1,dns,port
2025-07-19T23:03:07.390181+0700,103.195.142.74,118.98.44.100,9572,53,UDP,dns,,1112865744340144,wire/pcap,0,0,0,0,0,0.0,0,0,0,none,0,none,0,0,0,no_alert_unknown,no_alert_not_final_benign,-1,dns,port
2025-07-19T23:03:07.392272+0700,103.195.142.74,202.134.0.155,7956,53,UDP,dns,,1121845810485757,wire/pcap,0,0,0,0,0,0.0,0,0,0,none,0,none,0,0,0,no_alert_unknown,no_alert_not_final_benign,-1,dns,port
2025-07-19T23:03:07.400812+0700,103.195.142.74,118.98.44.100,44977,53,UDP,dns,,877051755121138,wire/pcap,0,0,0,0,0,0.0,0,0,0,none,0,none,0,0,0,no_alert_unknown,no_alert_not_final_benign,-1,dns,port
2025-07-19T23:03:07.400933+0700,103.195.142.74,202.134.0.155,57856,53,UDP,dns,,877571012343298,wire/pcap,0,0,0,0,0,0.0,0,0,0,none,0,none,0,0,0,no_alert_unknown,no_alert_not_final_benign,-1,dns,port
2025-07-19T23:03:07.421861+0700,103.195.142.74,118.98.44.50,56101,53,UDP,dns,,967455758322716,wire/pcap,0,0,0,0,0,0.0,0,0,0,none,0,none,0,0,0,no_alert_unknown,no_alert_not_final_benign,-1,dns,port
2025-07-19T23:03:07.442177+0700,103.195.142.75,8.8.8.8,27399,53,UDP,dns,,1054713209944808,wire/pcap,0,0,0,0,0,0.0,0,0,0,none,0,none,0,0,0,no_alert_unknown,no_alert_not_final_benign,-1,dns,port
2025-07-19T23:03:07.442261+0700,103.195.142.75,8.8.8.8,20935,53,UDP,dns,,1055075323790720,wire/pcap,0,0,0,0,0,0.0,0,0,0,none,0,none,0,0,0,no_alert_unknown,no_alert_not_final_benign,-1,dns,port
2025-07-19T23:03:07.465277+0700,103.195.142.75,8.8.8.8,35532,53,UDP,dns,,872450827265845,wire/pcap,0,0,0,0,0,0.0,0,0,0,none,0,none,0,0,0,no_alert_unknown,no_alert_not_final_benign,-1,dns,port
2025-07-19T23:03:07.487539+0700,103.195.142.74,202.134.0.155,50017,53,UDP,dns,,968066915805664,wire/pcap,0,0,0,0,0,0.0,0,0,0,none,0,none,0,0,0,no_alert_unknown,no_alert_not_final_benign,-1,dns,port
2025-07-19T23:03:07.492211+0700,103.195.142.74,118.98.44.100,31757,53,UDP,dns,,988131688035033,wire/pcap,0,0,0,0,0,0.0,0,0,0,none,0,none,0,0,0,no_alert_unknown,no_alert_not_final_benign,-1,dns,port
2025-07-19T23:03:07.504648+0700,103.195.142.75,45.79.197.241,14055,53,UDP,dns,,1041548440344182,wire/pcap,0,0,0,0,0,0.0,0,0,0,none,0,none,0,0,0,no_alert_unknown,no_alert_not_final_benign,-1,dns,port
2025-07-19T23:03:07.505188+0700,103.195.142.196,87.98.154.189,53,19313,UDP,flow,failed,914739559982652,,1,1,0,1437,0,0.0,1,1437,0,none,0,none,0,0,0,no_alert_unknown,no_alert_not_final_benign,-1,dns,port
2025-07-19T23:03:07.530789+0700,103.195.142.74,202.134.0.155,4273,53,UDP,dns,,872346695187694,wire/pcap,0,0,0,0,0,0.0,0,0,0,none,0,none,0,0,0,no_alert_unknown,no_alert_not_final_benign,-1,dns,port
2025-07-19T23:03:07.538648+0700,103.195.142.75,8.8.8.8,61629,53,UDP,dns,,906104694926124,wire/pcap,0,0,0,0,0,0.0,0,0,0,none,0,none,0,0,0,no_alert_unknown,no_alert_not_final_benign,-1,dns,port
2025-07-19T23:03:07.553587+0700,103.195.142.75,8.8.8.8,31488,53,UDP,dns,,970263315093873,wire/pcap,0,0,0,0,0,0.0,0,0,0,none,0,none,0,0,0,no_alert_unknown,no_alert_not_final_benign,-1,dns,port
2025-07-19T23:03:07.557680+0700,103.195.142.74,50.28.32.153,45677,53,UDP,dns,,987842758893334,wire/pcap,0,0,0,0,0,0.0,0,0,0,none,0,none,0,0,0,no_alert_unknown,no_alert_not_final_benign,-1,dns,port
2025-07-19T23:03:07.573737+0700,103.195.142.74,118.98.44.50,34650,53,UDP,flow,dns,827711358369574,,1,1,0,82,0,0.0,1,82,0,none,0,none,0,0,0,no_alert_unknown,no_alert_not_final_benign,-1,dns,app_proto+port
2025-07-19T23:03:07.594734+0700,103.195.142.75,8.8.8.8,65377,53,UDP,dns,,865516539997970,wire/pcap,0,0,0,0,0,0.0,0,0,0,none,0,none,0,0,0,no_alert_unknown,no_alert_not_final_benign,-1,dns,port
2025-07-19T23:03:07.595093+0700,103.195.142.75,8.8.8.8,42384,53,UDP,dns,,867056458792917,wire/pcap,0,0,0,0,0,0.0,0,0,0,none,0,none,0,0,0,no_alert_unknown,no_alert_not_final_benign,-1,dns,port
2025-07-19T23:03:07.622349+0700,103.195.142.74,202.134.0.155,12394,53,UDP,dns,,984122308050949,wire/pcap,0,0,0,0,0,0.0,0,0,0,none,0,none,0,0,0,no_alert_unknown,no_alert_not_final_benign,-1,dns,port
2025-07-19T23:03:07.622259+0700,103.195.142.74,118.98.44.50,29025,53,UDP,dns,,983735444310403,wire/pcap,0,0,0,0,0,0.0,0,0,0,none,0,none,0,0,0,no_alert_unknown,no_alert_not_final_benign,-1,dns,port
2025-07-19T23:03:07.658609+0700,103.195.142.74,202.134.0.155,14451,53,UDP,dns,,858382133881311,wire/pcap,0,0,0,0,0,0.0,0,0,0,none,0,none,0,0,0,no_alert_unknown,no_alert_not_final_benign,-1,dns,port
2025-07-19T23:03:07.683649+0700,103.195.142.74,202.134.0.155,58560,53,UDP,dns,,965926451389195,wire/pcap,0,0,0,0,0,0.0,0,0,0,none,0,none,0,0,0,no_alert_unknown,no_alert_not_final_benign,-1,dns,port
2025-07-19T23:03:07.718344+0700,103.195.142.74,118.98.44.20,43619,53,UDP,dns,,1114941646676751,wire/pcap,0,0,0,0,0,0.0,0,0,0,none,0,none,0,0,0,no_alert_unknown,no_alert_not_final_benign,-1,dns,port
2025-07-19T23:03:07.724360+0700,103.195.142.74,118.98.44.100,38791,53,UDP,dns,,859306738594494,wire/pcap,0,0,0,0,0,0.0,0,0,0,none,0,none,0,0,0,no_alert_unknown,no_alert_not_final_benign,-1,dns,port
2025-07-19T23:03:07.724787+0700,103.195.142.74,202.134.0.155,30993,53,UDP,dns,,861138078883993,wire/pcap,0,0,0,0,0,0.0,0,0,0,none,0,none,0,0,0,no_alert_unknown,no_alert_not_final_benign,-1,dns,port
2025-07-19T23:03:07.765561+0700,103.195.142.74,118.98.44.20,11092,53,UDP,dns,,1036262812362776,wire/pcap,0,0,0,0,0,0.0,0,0,0,none,0,none,0,0,0,no_alert_unknown,no_alert_not_final_benign,-1,dns,port
2025-07-19T23:03:07.769784+0700,103.195.142.83,87.98.154.119,53,40557,UDP,flow,failed,787011882176257,,1,1,0,1190,0,0.0,1,1190,0,none,0,none,0,0,0,no_alert_unknown,no_alert_not_final_benign,-1,dns,port
2025-07-19T23:03:07.779103+0700,103.195.142.74,118.98.44.20,20772,53,UDP,dns,,1094423563255534,wire/pcap,0,0,0,0,0,0.0,0,0,0,none,0,none,0,0,0,no_alert_unknown,no_alert_not_final_benign,-1,dns,port
2025-07-19T23:03:07.784812+0700,103.195.142.74,118.98.44.100,7796,53,UDP,flow,dns,157239257170529,,1,1,0,76,0,0.0,1,76,0,none,0,none,0,0,0,no_alert_unknown,no_alert_not_final_benign,-1,dns,app_proto+port
2025-07-19T23:03:07.784988+0700,103.195.142.74,50.28.32.153,61042,53,UDP,flow,dns,277975487971980,,1,1,0,85,0,0.0,1,85,0,none,0,none,0,0,0,no_alert_unknown,no_alert_not_final_benign,-1,dns,app_proto+port
2025-07-19T23:03:07.785013+0700,103.195.142.74,118.98.44.50,4989,53,UDP,flow,dns,328459469161159,,1,1,0,91,0,0.0,1,91,0,none,0,none,0,0,0,no_alert_unknown,no_alert_not_final_benign,-1,dns,app_proto+port
2025-07-19T23:03:07.785063+0700,103.195.142.46,87.98.154.231,53,41989,UDP,flow,failed,648046088389352,,1,1,0,1437,0,0.0,1,1437,0,none,0,none,0,0,0,no_alert_unknown,no_alert_not_final_benign,-1,dns,port
2025-07-19T23:03:07.785130+0700,103.195.142.74,118.98.44.50,59799,53,UDP,flow,dns,178909278798709,,1,1,0,211,0,0.0,1,211,0,none,0,none,0,0,0,no_alert_unknown,no_alert_not_final_benign,-1,dns,app_proto+port
2025-07-19T23:03:07.785305+0700,103.195.142.76,87.98.154.119,53,22940,UDP,flow,failed,91701020951541,,1,1,0,1469,0,0.0,1,1469,0,none,0,none,0,0,0,no_alert_unknown,no_alert_not_final_benign,-1,dns,port
2025-07-19T23:03:07.785499+0700,103.195.142.46,87.98.154.11,53,34714,UDP,flow,failed,923876869375095,,1,1,0,1437,0,0.0,1,1437,0,none,0,none,0,0,0,no_alert_unknown,no_alert_not_final_benign,-1,dns,port
2025-07-19T23:03:07.785530+0700,103.195.142.109,87.98.154.119,53,54847,UDP,flow,failed,889355258922149,,1,1,0,1437,0,0.0,1,1437,0,none,0,none,0,0,0,no_alert_unknown,no_alert_not_final_benign,-1,dns,port
2025-07-19T23:03:07.785552+0700,103.195.142.46,87.98.154.119,53,25830,UDP,flow,failed,937707941758148,,1,1,0,1437,0,0.0,1,1437,0,none,0,none,0,0,0,no_alert_unknown,no_alert_not_final_benign,-1,dns,port
2025-07-19T23:03:07.785589+0700,103.195.142.74,202.134.0.155,30601,53,UDP,flow,dns,652189754950886,,1,1,0,232,0,0.0,1,232,0,none,0,none,0,0,0,no_alert_unknown,no_alert_not_final_benign,-1,dns,app_proto+port
2025-07-19T23:03:07.785713+0700,103.195.142.74,202.134.0.155,59461,53,UDP,flow,dns,378627043722699,,1,1,0,84,0,0.0,1,84,0,none,0,none,0,0,0,no_alert_unknown,no_alert_not_final_benign,-1,dns,app_proto+port
2025-07-19T23:03:07.785757+0700,103.195.142.74,50.116.34.34,52433,53,UDP,flow,dns,793272679564766,,1,1,0,91,0,0.0,1,91,0,none,0,none,0,0,0,no_alert_unknown,no_alert_not_final_benign,-1,dns,app_proto+port
2025-07-19T23:03:07.785781+0700,103.195.142.46,87.98.154.211,53,4625,UDP,flow,failed,187595899176423,,1,3,0,4311,0,10.0,3,4311,0,none,0,none,0,0,0,no_alert_unknown,no_alert_not_final_benign,-1,dns,port
2025-07-19T23:03:07.785841+0700,103.195.142.76,87.98.154.118,53,1505,UDP,flow,failed,886885952620028,,1,1,0,1469,0,0.0,1,1469,0,none,0,none,0,0,0,no_alert_unknown,no_alert_not_final_benign,-1,dns,port
2025-07-19T23:03:07.785863+0700,103.195.142.83,87.98.154.119,53,39427,UDP,flow,failed,771366714770992,,1,1,0,1190,0,0.0,1,1190,0,none,0,none,0,0,0,no_alert_unknown,no_alert_not_final_benign,-1,dns,port
2025-07-19T23:03:07.785936+0700,103.195.142.196,87.98.154.119,53,53794,UDP,flow,failed,197583345125115,,1,1,0,1437,0,0.0,1,1437,0,none,0,none,0,0,0,no_alert_unknown,no_alert_not_final_benign,-1,dns,port
2025-07-19T23:03:07.785956+0700,103.195.142.75,8.8.8.8,47507,53,UDP,flow,dns,745551248262913,,1,1,0,214,0,0.0,1,214,0,none,0,none,0,0,0,no_alert_unknown,no_alert_not_final_benign,-1,dns,app_proto+port
2025-07-19T23:03:07.786035+0700,103.195.142.75,8.8.8.8,11444,53,UDP,flow,dns,813566042670895,,1,1,0,232,0,0.0,1,232,0,none,0,none,0,0,0,no_alert_unknown,no_alert_not_final_benign,-1,dns,app_proto+port
2025-07-19T23:03:07.786060+0700,103.195.142.109,87.98.154.119,53,45903,UDP,flow,failed,270622096197454,,1,1,0,1437,0,0.0,1,1437,0,none,0,none,0,0,0,no_alert_unknown,no_alert_not_final_benign,-1,dns,port
2025-07-19T23:03:07.786122+0700,103.195.142.74,118.98.44.100,52575,53,UDP,flow,dns,399765142013885,,1,1,0,74,0,0.0,1,74,0,none,0,none,0,0,0,no_alert_unknown,no_alert_not_final_benign,-1,dns,app_proto+port
2025-07-19T23:03:07.786178+0700,103.195.142.74,202.134.0.155,46169,53,UDP,flow,dns,940707660335080,,1,1,0,78,0,0.0,1,78,0,none,0,none,0,0,0,no_alert_unknown,no_alert_not_final_benign,-1,dns,app_proto+port
2025-07-19T23:03:07.786222+0700,103.195.142.195,87.98.154.168,53,9970,UDP,flow,failed,553112101161197,,1,1,0,1437,0,0.0,1,1437,0,none,0,none,0,0,0,no_alert_unknown,no_alert_not_final_benign,-1,dns,port
2025-07-19T23:03:07.786287+0700,103.195.142.75,69.16.230.48,48063,53,UDP,flow,dns,939807924521345,,1,1,0,85,0,0.0,1,85,0,none,0,none,0,0,0,no_alert_unknown,no_alert_not_final_benign,-1,dns,app_proto+port
2025-07-19T23:03:07.786351+0700,103.195.142.74,118.98.44.100,41964,53,UDP,flow,dns,94252630051270,,1,1,0,68,0,0.0,1,68,0,none,0,none,0,0,0,no_alert_unknown,no_alert_not_final_benign,-1,dns,app_proto+port
2025-07-19T23:03:07.786372+0700,103.195.142.196,87.98.154.161,53,49772,UDP,flow,failed,716982582479328,,1,1,0,1437,0,0.0,1,1437,0,none,0,none,0,0,0,no_alert_unknown,no_alert_not_final_benign,-1,dns,port
2025-07-19T23:03:07.786391+0700,103.195.142.83,87.98.154.119,53,12035,UDP,flow,failed,804206569621987,,1,1,0,1190,0,0.0,1,1190,0,none,0,none,0,0,0,no_alert_unknown,no_alert_not_final_benign,-1,dns,port
2025-07-19T23:03:07.786411+0700,103.195.142.109,87.98.154.237,53,21668,UDP,flow,failed,791003212974691,,1,1,0,1437,0,0.0,1,1437,0,none,0,none,0,0,0,no_alert_unknown,no_alert_not_final_benign,-1,dns,port
2025-07-19T23:03:07.786433+0700,103.195.142.76,87.98.154.234,53,57416,UDP,flow,failed,864488710769264,,1,1,0,1469,0,0.0,1,1469,0,none,0,none,0,0,0,no_alert_unknown,no_alert_not_final_benign,-1,dns,port
2025-07-19T23:03:07.786491+0700,103.195.142.2,124.64.206.215,53,46009,UDP,flow,failed,1028302481820324,,1,1,0,230,0,0.0,1,230,0,none,0,none,0,0,0,no_alert_unknown,no_alert_not_final_benign,-1,dns,port
2025-07-19T23:03:07.786516+0700,103.195.142.196,87.98.154.105,53,46339,UDP,flow,failed,897381332978375,,1,1,0,1437,0,0.0,1,1437,0,none,0,none,0,0,0,no_alert_unknown,no_alert_not_final_benign,-1,dns,port
2025-07-19T23:03:07.786560+0700,103.195.142.195,87.98.154.80,53,26272,UDP,flow,failed,568281287854936,,1,1,0,1437,0,0.0,1,1437,0,none,0,none,0,0,0,no_alert_unknown,no_alert_not_final_benign,-1,dns,port
2025-07-19T23:03:07.786696+0700,103.195.142.2,172.253.230.24,53,50638,UDP,flow,failed,374767356644496,,1,1,0,212,0,0.0,1,212,0,none,0,none,0,0,0,no_alert_unknown,no_alert_not_final_benign,-1,dns,port
2025-07-19T23:03:07.786758+0700,103.195.142.83,87.98.154.119,53,37334,UDP,flow,failed,1043925077560508,,1,1,0,1190,0,0.0,1,1190,0,none,0,none,0,0,0,no_alert_unknown,no_alert_not_final_benign,-1,dns,port
2025-07-19T23:03:07.786781+0700,103.195.142.165,87.98.154.119,53,57186,UDP,flow,failed,497849832738077,,1,1,0,1437,0,0.0,1,1437,0,none,0,none,0,0,0,no_alert_unknown,no_alert_not_final_benign,-1,dns,port
2025-07-19T23:03:07.786890+0700,103.195.142.46,87.98.154.119,53,48099,UDP,flow,failed,182580667649454,,1,1,0,1437,0,0.0,1,1437,0,none,0,none,0,0,0,no_alert_unknown,no_alert_not_final_benign,-1,dns,port
2025-07-19T23:03:07.786922+0700,103.195.142.109,87.98.154.65,53,36743,UDP,flow,failed,107783197658567,,1,1,0,1437,0,0.0,1,1437,0,none,0,none,0,0,0,no_alert_unknown,no_alert_not_final_benign,-1,dns,port
2025-07-19T23:03:07.786943+0700,103.195.142.196,87.98.154.119,53,58590,UDP,flow,failed,197379067317742,,1,1,0,1437,0,0.0,1,1437,0,none,0,none,0,0,0,no_alert_unknown,no_alert_not_final_benign,-1,dns,port
2025-07-19T23:03:07.786982+0700,103.195.142.3,180.241.110.111,53,15552,UDP,flow,failed,947486708764149,,1,1,0,181,0,0.0,1,181,0,none,0,none,0,0,0,no_alert_unknown,no_alert_not_final_benign,-1,dns,port
2025-07-19T23:03:07.787027+0700,103.195.142.76,87.98.154.119,53,24812,UDP,flow,failed,657675606593023,,1,1,0,1469,0,0.0,1,1469,0,none,0,none,0,0,0,no_alert_unknown,no_alert_not_final_benign,-1,dns,port
2025-07-19T23:03:07.787124+0700,103.195.142.74,118.98.44.100,9625,53,UDP,flow,dns,931184005713443,,1,1,0,243,0,0.0,1,243,0,none,0,none,0,0,0,no_alert_unknown,no_alert_not_final_benign,-1,dns,app_proto+port
2025-07-19T23:03:07.787167+0700,103.195.142.3,124.64.206.215,53,9946,UDP,flow,failed,776589080563259,,1,1,0,187,0,0.0,1,187,0,none,0,none,0,0,0,no_alert_unknown,no_alert_not_final_benign,-1,dns,port
2025-07-19T23:03:07.787188+0700,103.195.142.46,87.98.154.183,53,17981,UDP,flow,failed,517326467600071,,1,3,0,4311,0,10.0,3,4311,0,none,0,none,0,0,0,no_alert_unknown,no_alert_not_final_benign,-1,dns,port
2025-07-19T23:03:07.787225+0700,103.195.142.75,8.8.8.8,34851,53,UDP,flow,dns,1038354055794520,,1,1,0,74,0,0.0,1,74,0,none,0,none,0,0,0,no_alert_unknown,no_alert_not_final_benign,-1,dns,app_proto+port
2025-07-19T23:03:07.787435+0700,103.195.142.74,118.98.44.20,26581,53,UDP,flow,dns,1003838660317295,,1,1,0,88,0,0.0,1,88,0,none,0,none,0,0,0,no_alert_unknown,no_alert_not_final_benign,-1,dns,app_proto+port
2025-07-19T23:03:07.787456+0700,103.195.142.76,87.98.154.58,53,41117,UDP,flow,failed,475570621419694,,1,1,0,1469,0,0.0,1,1469,0,none,0,none,0,0,0,no_alert_unknown,no_alert_not_final_benign,-1,dns,port
2025-07-19T23:03:07.787476+0700,103.195.142.3,39.156.146.119,53,26378,UDP,flow,failed,845587099259137,,1,1,0,191,0,0.0,1,191,0,none,0,none,0,0,0,no_alert_unknown,no_alert_not_final_benign,-1,dns,port
2025-07-19T23:03:07.787559+0700,103.195.142.83,87.98.154.66,53,11315,UDP,flow,failed,397518116786585,,1,1,0,1190,0,0.0,1,1190,0,none,0,none,0,0,0,no_alert_unknown,no_alert_not_final_benign,-1,dns,port
2025-07-19T23:03:07.787604+0700,103.195.142.74,118.98.44.100,24051,53,UDP,flow,dns,129536790729215,,1,1,0,220,0,0.0,1,220,0,none,0,none,0,0,0,no_alert_unknown,no_alert_not_final_benign,-1,dns,app_proto+port
2025-07-19T23:03:07.787711+0700,103.195.142.109,87.98.154.119,53,21798,UDP,flow,failed,369112918102667,,1,1,0,1437,0,0.0,1,1437,0,none,0,none,0,0,0,no_alert_unknown,no_alert_not_final_benign,-1,dns,port
2025-07-19T23:03:07.787807+0700,103.195.142.195,87.98.154.240,53,4427,UDP,flow,failed,403323965903635,,1,1,0,1437,0,0.0,1,1437,0,none,0,none,0,0,0,no_alert_unknown,no_alert_not_final_benign,-1,dns,port
2025-07-19T23:03:07.787829+0700,103.195.142.74,118.98.44.50,18513,53,UDP,flow,dns,303817845871443,,1,1,0,81,0,0.0,1,81,0,none,0,none,0,0,0,no_alert_unknown,no_alert_not_final_benign,-1,dns,app_proto+port
2025-07-19T23:03:07.787850+0700,103.195.142.83,87.98.154.38,53,44066,UDP,flow,failed,686022950228943,,1,1,0,1190,0,0.0,1,1190,0,none,0,none,0,0,0,no_alert_unknown,no_alert_not_final_benign,-1,dns,port
2025-07-19T23:03:07.787869+0700,103.195.142.165,87.98.154.119,53,59189,UDP,flow,failed,402174356526075,,1,1,0,1437,0,0.0,1,1437,0,none,0,none,0,0,0,no_alert_unknown,no_alert_not_final_benign,-1,dns,port
2025-07-19T23:03:07.787895+0700,103.195.142.76,87.98.154.126,53,44598,UDP,flow,failed,858004211668000,,1,1,0,1469,0,0.0,1,1469,0,none,0,none,0,0,0,no_alert_unknown,no_alert_not_final_benign,-1,dns,port
2025-07-19T23:03:07.787913+0700,103.195.142.31,8.8.8.8,39243,53,UDP,flow,dns,643596308354115,,1,1,0,83,0,0.0,1,83,0,none,0,none,0,0,0,no_alert_unknown,no_alert_not_final_benign,-1,dns,app_proto+port
2025-07-19T23:03:07.787952+0700,103.195.142.2,112.215.37.220,53,63124,UDP,flow,failed,925309516944558,,1,1,0,127,0,0.0,1,127,0,none,0,none,0,0,0,no_alert_unknown,no_alert_not_final_benign,-1,dns,port
2025-07-19T23:03:07.787971+0700,103.195.142.74,118.98.44.50,62955,53,UDP,flow,dns,156629046170881,,1,1,0,80,0,0.0,1,80,0,none,0,none,0,0,0,no_alert_unknown,no_alert_not_final_benign,-1,dns,app_proto+port
2025-07-19T23:03:07.787991+0700,103.195.142.196,87.98.154.21,53,49725,UDP,flow,failed,752490687862044,,1,3,0,4311,0,9.0,3,4311,0,none,0,none,0,0,0,no_alert_unknown,no_alert_not_final_benign,-1,dns,port
2025-07-19T23:03:07.788032+0700,103.195.142.2,180.241.27.89,53,65378,UDP,flow,failed,818467933296151,,1,1,0,174,0,0.0,1,174,0,none,0,none,0,0,0,no_alert_unknown,no_alert_not_final_benign,-1,dns,port
2025-07-19T23:03:07.788081+0700,103.195.142.74,202.134.0.155,56671,53,UDP,flow,dns,575342474139235,,1,1,0,223,0,0.0,1,223,0,none,0,none,0,0,0,no_alert_unknown,no_alert_not_final_benign,-1,dns,app_proto+port
2025-07-19T23:03:07.788117+0700,103.195.142.196,87.98.154.105,53,18121,UDP,flow,failed,2146681244194405,,1,3,0,4311,0,10.0,3,4311,0,none,0,none,0,0,0,no_alert_unknown,no_alert_not_final_benign,-1,dns,port
2025-07-19T23:03:07.788159+0700,103.195.142.46,87.98.154.119,53,50210,UDP,flow,failed,612209102526158,,1,1,0,1437,0,0.0,1,1437,0,none,0,none,0,0,0,no_alert_unknown,no_alert_not_final_benign,-1,dns,port
2025-07-19T23:03:07.788197+0700,103.195.142.83,87.98.154.119,53,7732,UDP,flow,failed,293902574851839,,1,1,0,1190,0,0.0,1,1190,0,none,0,none,0,0,0,no_alert_unknown,no_alert_not_final_benign,-1,dns,port
2025-07-19T23:03:07.788244+0700,103.195.142.165,87.98.154.119,53,35695,UDP,flow,failed,1073063294768961,,1,1,0,1437,0,0.0,1,1437,0,none,0,none,0,0,0,no_alert_unknown,no_alert_not_final_benign,-1,dns,port
2025-07-19T23:03:07.788285+0700,103.195.142.74,202.134.0.155,48147,53,UDP,flow,dns,685684490147748,,1,1,0,241,0,0.0,1,241,0,none,0,none,0,0,0,no_alert_unknown,no_alert_not_final_benign,-1,dns,app_proto+port
2025-07-19T23:03:07.788357+0700,103.195.142.195,87.98.154.119,53,17332,UDP,flow,failed,241812185192401,,1,1,0,1437,0,0.0,1,1437,0,none,0,none,0,0,0,no_alert_unknown,no_alert_not_final_benign,-1,dns,port
2025-07-19T23:03:07.788460+0700,103.195.142.46,87.98.154.119,53,40123,UDP,flow,failed,166772796332134,,1,1,0,1437,0,0.0,1,1437,0,none,0,none,0,0,0,no_alert_unknown,no_alert_not_final_benign,-1,dns,port
2025-07-19T23:03:07.788510+0700,103.195.142.74,118.98.44.100,41761,53,UDP,flow,dns,365628581058877,,1,1,0,74,0,0.0,1,74,0,none,0,none,0,0,0,no_alert_unknown,no_alert_not_final_benign,-1,dns,app_proto+port
2025-07-19T23:03:07.788530+0700,103.195.142.75,8.8.8.8,41496,53,UDP,flow,dns,381211448547676,,1,1,0,96,0,0.0,1,96,0,none,0,none,0,0,0,no_alert_unknown,no_alert_not_final_benign,-1,dns,app_proto+port
2025-07-19T23:03:07.788550+0700,103.195.142.109,87.98.154.117,53,8516,UDP,flow,failed,503421080607111,,1,1,0,1437,0,0.0,1,1437,0,none,0,none,0,0,0,no_alert_unknown,no_alert_not_final_benign,-1,dns,port
2025-07-19T23:03:07.788569+0700,103.195.142.46,87.98.154.119,53,33644,UDP,flow,failed,452266434796033,,1,1,0,1437,0,0.0,1,1437,0,none,0,none,0,0,0,no_alert_unknown,no_alert_not_final_benign,-1,dns,port
2025-07-19T23:03:07.788588+0700,103.195.142.165,87.98.154.253,53,8657,UDP,flow,failed,717752745368113,,1,1,0,1437,0,0.0,1,1437,0,none,0,none,0,0,0,no_alert_unknown,no_alert_not_final_benign,-1,dns,port
2025-07-19T23:03:07.788652+0700,103.195.142.76,87.98.154.119,53,27229,UDP,flow,failed,490170132962005,,1,1,0,1469,0,0.0,1,1469,0,none,0,none,0,0,0,no_alert_unknown,no_alert_not_final_benign,-1,dns,port
2025-07-19T23:03:07.788671+0700,103.195.142.76,87.98.154.6,53,10422,UDP,flow,failed,661314564954867,,1,1,0,1469,0,0.0,1,1469,0,none,0,none,0,0,0,no_alert_unknown,no_alert_not_final_benign,-1,dns,port
2025-07-19T23:03:07.788690+0700,103.195.142.76,87.98.154.2,53,28762,UDP,flow,failed,1032180516559655,,1,1,0,1469,0,0.0,1,1469,0,none,0,none,0,0,0,no_alert_unknown,no_alert_not_final_benign,-1,dns,port
2025-07-19T23:03:07.788708+0700,103.195.142.165,87.98.154.119,53,24587,UDP,flow,failed,462120332204977,,1,1,0,1437,0,0.0,1,1437,0,none,0,none,0,0,0,no_alert_unknown,no_alert_not_final_benign,-1,dns,port
2025-07-19T23:03:07.788726+0700,103.195.142.74,202.134.0.155,10698,53,UDP,flow,dns,500646672374780,,1,1,0,232,0,0.0,1,232,0,none,0,none,0,0,0,no_alert_unknown,no_alert_not_final_benign,-1,dns,app_proto+port
2025-07-19T23:03:07.788747+0700,103.195.142.2,172.253.211.82,53,54795,UDP,flow,failed,513103873088531,,1,1,0,222,0,0.0,1,222,0,none,0,none,0,0,0,no_alert_unknown,no_alert_not_final_benign,-1,dns,port
2025-07-19T23:03:07.788875+0700,103.195.142.195,87.98.154.119,53,38247,UDP,flow,failed,647306158120308,,1,1,0,1437,0,0.0,1,1437,0,none,0,none,0,0,0,no_alert_unknown,no_alert_not_final_benign,-1,dns,port
2025-07-19T23:03:07.788896+0700,103.195.142.75,8.8.8.8,7567,53,UDP,flow,dns,596596632755631,,1,1,0,243,0,0.0,1,243,0,none,0,none,0,0,0,no_alert_unknown,no_alert_not_final_benign,-1,dns,app_proto+port
2025-07-19T23:03:07.788917+0700,103.195.142.195,87.98.154.24,53,28368,UDP,flow,failed,857712553860597,,1,1,0,1437,0,0.0,1,1437,0,none,0,none,0,0,0,no_alert_unknown,no_alert_not_final_benign,-1,dns,port
2025-07-19T23:03:07.788942+0700,103.195.142.75,8.8.8.8,37210,53,UDP,flow,dns,1892247182745080,,1,2,0,492,0,4.0,2,492,0,none,0,none,0,0,0,no_alert_unknown,no_alert_not_final_benign,-1,dns,app_proto+port
2025-07-19T23:03:07.788983+0700,103.195.142.2,221.204.45.160,53,38674,UDP,flow,failed,535799651016274,,1,1,0,137,0,0.0,1,137,0,none,0,none,0,0,0,no_alert_unknown,no_alert_not_final_benign,-1,dns,port
2025-07-19T23:03:07.789002+0700,103.195.142.83,87.98.154.119,53,30596,UDP,flow,failed,1056421135818517,,1,1,0,1190,0,0.0,1,1190,0,none,0,none,0,0,0,no_alert_unknown,no_alert_not_final_benign,-1,dns,port
2025-07-19T23:03:07.789021+0700,103.195.142.196,87.98.154.119,53,16861,UDP,flow,failed,602788874854186,,1,1,0,1437,0,0.0,1,1437,0,none,0,none,0,0,0,no_alert_unknown,no_alert_not_final_benign,-1,dns,port
2025-07-19T23:03:07.789060+0700,103.195.142.83,87.98.154.202,53,21154,UDP,flow,failed,822340820901849,,1,1,0,1190,0,0.0,1,1190,0,none,0,none,0,0,0,no_alert_unknown,no_alert_not_final_benign,-1,dns,port
2025-07-19T23:03:07.789083+0700,103.195.142.2,172.70.116.71,53,48645,UDP,flow,failed,370202901520414,,1,1,0,195,0,0.0,1,195,0,none,0,none,0,0,0,no_alert_unknown,no_alert_not_final_benign,-1,dns,port
2025-07-19T23:03:07.789115+0700,103.195.142.3,172.217.47.25,53,46243,UDP,flow,failed,488402281275456,,1,1,0,220,0,0.0,1,220,0,none,0,none,0,0,0,no_alert_unknown,no_alert_not_final_benign,-1,dns,port
2025-07-19T23:03:07.789155+0700,103.195.142.74,118.98.44.20,54053,53,UDP,flow,dns,811540482859168,,1,1,0,81,0,0.0,1,81,0,none,0,none,0,0,0,no_alert_unknown,no_alert_not_final_benign,-1,dns,app_proto+port
2025-07-19T23:03:07.789177+0700,103.195.142.109,87.98.154.209,53,28392,UDP,flow,failed,687549106987313,,1,2,0,2874,0,7.0,2,2874,0,none,0,none,0,0,0,no_alert_unknown,no_alert_not_final_benign,-1,dns,port
2025-07-19T23:03:07.789196+0700,103.195.142.83,87.98.154.119,53,32177,UDP,flow,failed,451326534328647,,1,1,0,1190,0,0.0,1,1190,0,none,0,none,0,0,0,no_alert_unknown,no_alert_not_final_benign,-1,dns,port
2025-07-19T23:03:07.789220+0700,103.195.142.75,8.8.8.8,34428,53,UDP,flow,dns,759311054250340,,1,1,0,211,0,0.0,1,211,0,none,0,none,0,0,0,no_alert_unknown,no_alert_not_final_benign,-1,dns,app_proto+port
2025-07-19T23:03:07.789240+0700,103.195.142.74,118.98.44.50,39371,53,UDP,flow,dns,797591134052745,,1,1,0,68,0,0.0,1,68,0,none,0,none,0,0,0,no_alert_unknown,no_alert_not_final_benign,-1,dns,app_proto+port
2025-07-19T23:03:07.789363+0700,103.195.142.83,87.98.154.119,53,38414,UDP,flow,failed,352539805131304,,1,1,0,1190,0,0.0,1,1190,0,none,0,none,0,0,0,no_alert_unknown,no_alert_not_final_benign,-1,dns,port
2025-07-19T23:03:07.789397+0700,103.195.142.75,8.8.8.8,29915,53,UDP,flow,dns,872347612062316,,1,1,0,93,0,0.0,1,93,0,none,0,none,0,0,0,no_alert_unknown,no_alert_not_final_benign,-1,dns,app_proto+port
2025-07-19T23:03:07.789418+0700,103.195.142.74,118.98.44.20,15450,53,UDP,flow,dns,657987166773983,,1,1,0,211,0,0.0,1,211,0,none,0,none,0,0,0,no_alert_unknown,no_alert_not_final_benign,-1,dns,app_proto+port
2025-07-19T23:03:07.789499+0700,103.195.142.74,118.98.44.100,28184,53,UDP,flow,dns,791969477403528,,1,1,0,88,0,0.0,1,88,0,none,0,none,0,0,0,no_alert_unknown,no_alert_not_final_benign,-1,dns,app_proto+port
2025-07-19T23:03:07.789539+0700,103.195.142.165,87.98.154.119,53,30449,UDP,flow,failed,813437610533800,,1,1,0,1437,0,0.0,1,1437,0,none,0,none,0,0,0,no_alert_unknown,no_alert_not_final_benign,-1,dns,port
2025-07-19T23:03:07.789563+0700,103.195.142.3,124.64.206.215,53,44828,UDP,flow,failed,542601919308784,,1,1,0,187,0,0.0,1,187,0,none,0,none,0,0,0,no_alert_unknown,no_alert_not_final_benign,-1,dns,port
2025-07-19T23:03:07.789582+0700,103.195.142.109,87.98.154.119,53,26037,UDP,flow,failed,531894813893639,,1,1,0,1437,0,0.0,1,1437,0,none,0,none,0,0,0,no_alert_unknown,no_alert_not_final_benign,-1,dns,port
2025-07-19T23:03:07.789601+0700,103.195.142.165,87.98.154.53,53,1210,UDP,flow,failed,353974957024296,,1,1,0,1437,0,0.0,1,1437,0,none,0,none,0,0,0,no_alert_unknown,no_alert_not_final_benign,-1,dns,port
2025-07-19T23:03:07.789619+0700,103.195.142.3,13.105.68.212,53,30292,UDP,flow,failed,837642493731952,,1,1,0,182,0,0.0,1,182,0,none,0,none,0,0,0,no_alert_unknown,no_alert_not_final_benign,-1,dns,port
2025-07-19T23:03:07.789637+0700,103.195.142.46,87.98.154.123,53,43006,UDP,flow,failed,580760191083738,,1,1,0,1437,0,0.0,1,1437,0,none,0,none,0,0,0,no_alert_unknown,no_alert_not_final_benign,-1,dns,port
2025-07-19T23:03:07.789656+0700,103.195.142.76,87.98.154.14,53,52935,UDP,flow,failed,312926891123935,,1,1,0,1469,0,0.0,1,1469,0,none,0,none,0,0,0,no_alert_unknown,no_alert_not_final_benign,-1,dns,port
2025-07-19T23:03:07.789721+0700,103.195.142.74,118.98.44.100,23735,53,UDP,flow,dns,294341985346905,,1,1,0,80,0,0.0,1,80,0,none,0,none,0,0,0,no_alert_unknown,no_alert_not_final_benign,-1,dns,app_proto+port
2025-07-19T23:03:07.789782+0700,103.195.142.165,87.98.154.119,53,35697,UDP,flow,failed,540929849861644,,1,1,0,1437,0,0.0,1,1437,0,none,0,none,0,0,0,no_alert_unknown,no_alert_not_final_benign,-1,dns,port
2025-07-19T23:03:07.789800+0700,103.195.142.195,87.98.154.252,53,59303,UDP,flow,failed,953346027857491,,1,1,0,1437,0,0.0,1,1437,0,none,0,none,0,0,0,no_alert_unknown,no_alert_not_final_benign,-1,dns,port
2025-07-19T23:03:07.789845+0700,103.195.142.83,87.98.154.126,53,41731,UDP,flow,failed,928596896097959,,1,1,0,1190,0,0.0,1,1190,0,none,0,none,0,0,0,no_alert_unknown,no_alert_not_final_benign,-1,dns,port
2025-07-19T23:03:07.789887+0700,103.195.142.3,180.241.27.220,53,4069,UDP,flow,failed,834981617706743,,1,1,0,181,0,0.0,1,181,0,none,0,none,0,0,0,no_alert_unknown,no_alert_not_final_benign,-1,dns,port
2025-07-19T23:03:07.789909+0700,103.195.142.3,172.253.237.17,53,42375,UDP,flow,failed,560571872945914,,1,1,0,165,0,0.0,1,165,0,none,0,none,0,0,0,no_alert_unknown,no_alert_not_final_benign,-1,dns,port
2025-07-19T23:03:07.789934+0700,103.195.142.2,108.136.38.226,53,34391,UDP,flow,failed,961131462371067,,1,1,0,181,0,0.0,1,181,0,none,0,none,0,0,0,no_alert_unknown,no_alert_not_final_benign,-1,dns,port
2025-07-19T23:03:07.789983+0700,103.195.142.165,87.98.154.109,53,17343,UDP,flow,failed,487678156777583,,1,1,0,1437,0,0.0,1,1437,0,none,0,none,0,0,0,no_alert_unknown,no_alert_not_final_benign,-1,dns,port
2025-07-19T23:03:07.790048+0700,103.195.142.109,87.98.154.119,53,64249,UDP,flow,failed,476217598912686,,1,1,0,1437,0,0.0,1,1437,0,none,0,none,0,0,0,no_alert_unknown,no_alert_not_final_benign,-1,dns,port
2025-07-19T23:03:07.790070+0700,103.195.142.74,118.98.44.20,19572,53,UDP,flow,dns,855055384029378,,1,2,0,204,0,6.0,2,204,0,none,0,none,0,0,0,no_alert_unknown,no_alert_not_final_benign,-1,dns,app_proto+port
2025-07-19T23:03:07.790105+0700,103.195.142.195,87.98.154.156,53,31314,UDP,flow,failed,1054271813036296,,1,1,0,1437,0,0.0,1,1437,0,none,0,none,0,0,0,no_alert_unknown,no_alert_not_final_benign,-1,dns,port
2025-07-19T23:03:07.790151+0700,103.195.142.75,8.8.8.8,17032,53,UDP,flow,dns,756891315186152,,1,1,0,74,0,0.0,1,74,0,none,0,none,0,0,0,no_alert_unknown,no_alert_not_final_benign,-1,dns,app_proto+port
2025-07-19T23:03:07.790170+0700,103.195.142.75,8.8.8.8,3214,53,UDP,flow,dns,287718641805858,,1,1,0,68,0,0.0,1,68,0,none,0,none,0,0,0,no_alert_unknown,no_alert_not_final_benign,-1,dns,app_proto+port
2025-07-19T23:03:07.790190+0700,103.195.142.74,118.98.44.50,1115,53,UDP,flow,dns,541647637424779,,1,1,0,241,0,0.0,1,241,0,none,0,none,0,0,0,no_alert_unknown,no_alert_not_final_benign,-1,dns,app_proto+port
2025-07-19T23:03:07.790209+0700,103.195.142.195,87.98.154.252,53,55050,UDP,flow,failed,704333420473008,,1,1,0,1437,0,0.0,1,1437,0,none,0,none,0,0,0,no_alert_unknown,no_alert_not_final_benign,-1,dns,port
2025-07-19T23:03:07.790227+0700,103.195.142.165,87.98.154.119,53,51943,UDP,flow,failed,816239464459166,,1,1,0,1437,0,0.0,1,1437,0,none,0,none,0,0,0,no_alert_unknown,no_alert_not_final_benign,-1,dns,port
2025-07-19T23:03:07.790246+0700,103.195.142.74,118.98.44.50,62361,53,UDP,flow,dns,330953966791589,,1,1,0,214,0,0.0,1,214,0,none,0,none,0,0,0,no_alert_unknown,no_alert_not_final_benign,-1,dns,app_proto+port
2025-07-19T23:03:07.790275+0700,103.195.142.195,87.98.154.117,53,6754,UDP,flow,failed,887683885083572,,1,1,0,1437,0,0.0,1,1437,0,none,0,none,0,0,0,no_alert_unknown,no_alert_not_final_benign,-1,dns,port
2025-07-19T23:03:07.790295+0700,103.195.142.165,87.98.154.119,53,57573,UDP,flow,failed,454436377635789,,1,1,0,1437,0,0.0,1,1437,0,none,0,none,0,0,0,no_alert_unknown,no_alert_not_final_benign,-1,dns,port
2025-07-19T23:03:07.790316+0700,103.195.142.2,180.241.110.213,53,15296,UDP,flow,failed,1118577301957790,,1,1,0,181,0,0.0,1,181,0,none,0,none,0,0,0,no_alert_unknown,no_alert_not_final_benign,-1,dns,port
2025-07-19T23:03:07.790358+0700,103.195.142.74,118.98.44.50,11700,53,UDP,flow,dns,999091998272821,,1,1,0,232,0,0.0,1,232,0,none,0,none,0,0,0,no_alert_unknown,no_alert_not_final_benign,-1,dns,app_proto+port
2025-07-19T23:03:07.790383+0700,103.195.142.196,87.98.154.133,53,42901,UDP,flow,failed,597681733479802,,1,1,0,1437,0,0.0,1,1437,0,none,0,none,0,0,0,no_alert_unknown,no_alert_not_final_benign,-1,dns,port
2025-07-19T23:03:07.790425+0700,103.195.142.196,87.98.154.119,53,33321,UDP,flow,failed,517201530105224,,1,1,0,1437,0,0.0,1,1437,0,none,0,none,0,0,0,no_alert_unknown,no_alert_not_final_benign,-1,dns,port
2025-07-19T23:03:07.790457+0700,103.195.142.76,87.98.154.119,53,4002,UDP,flow,failed,474751509835155,,1,1,0,1469,0,0.0,1,1469,0,none,0,none,0,0,0,no_alert_unknown,no_alert_not_final_benign,-1,dns,port
2025-07-19T23:03:07.790477+0700,103.195.142.195,87.98.154.119,53,39759,UDP,flow,failed,885017920515487,,1,1,0,1437,0,0.0,1,1437,0,none,0,none,0,0,0,no_alert_unknown,no_alert_not_final_benign,-1,dns,port
2025-07-19T23:03:07.790517+0700,103.195.142.74,118.98.44.100,41490,53,UDP,flow,dns,727915048775146,,1,1,0,232,0,0.0,1,232,0,none,0,none,0,0,0,no_alert_unknown,no_alert_not_final_benign,-1,dns,app_proto+port
2025-07-19T23:03:07.790539+0700,103.195.142.2,172.253.230.28,53,58005,UDP,flow,failed,629787858742850,,1,1,0,208,0,0.0,1,208,0,none,0,none,0,0,0,no_alert_unknown,no_alert_not_final_benign,-1,dns,port
2025-07-19T23:03:07.790561+0700,103.195.142.76,87.98.154.119,53,36262,UDP,flow,failed,928116573515331,,1,1,0,1469,0,0.0,1,1469,0,none,0,none,0,0,0,no_alert_unknown,no_alert_not_final_benign,-1,dns,port
2025-07-19T23:03:07.790583+0700,103.195.142.74,118.98.44.50,8078,53,UDP,flow,dns,598501359136402,,1,1,0,95,0,0.0,1,95,0,none,0,none,0,0,0,no_alert_unknown,no_alert_not_final_benign,-1,dns,app_proto+port
2025-07-19T23:03:07.790656+0700,103.195.142.75,50.116.34.34,56743,53,UDP,flow,dns,614731872710458,,1,1,0,85,0,0.0,1,85,0,none,0,none,0,0,0,no_alert_unknown,no_alert_not_final_benign,-1,dns,app_proto+port
2025-07-19T23:03:07.790697+0700,103.195.142.74,118.98.44.100,20440,53,UDP,flow,dns,366382034890650,,1,1,0,88,0,0.0,1,88,0,none,0,none,0,0,0,no_alert_unknown,no_alert_not_final_benign,-1,dns,app_proto+port
2025-07-19T23:03:07.790737+0700,103.195.142.83,87.98.154.119,53,21600,UDP,flow,failed,650991632625597,,1,1,0,1190,0,0.0,1,1190,0,none,0,none,0,0,0,no_alert_unknown,no_alert_not_final_benign,-1,dns,port
2025-07-19T23:03:07.790802+0700,103.195.142.74,118.98.44.50,22216,53,UDP,flow,dns,639273004085455,,1,1,0,92,0,0.0,1,92,0,none,0,none,0,0,0,no_alert_unknown,no_alert_not_final_benign,-1,dns,app_proto+port
2025-07-19T23:03:07.790842+0700,103.195.142.83,87.98.154.119,53,50396,UDP,flow,failed,810772173926759,,1,1,0,1190,0,0.0,1,1190,0,none,0,none,0,0,0,no_alert_unknown,no_alert_not_final_benign,-1,dns,port
2025-07-19T23:03:07.790886+0700,103.195.142.74,118.98.44.100,27697,53,UDP,flow,dns,1051586113286577,,1,1,0,79,0,0.0,1,79,0,none,0,none,0,0,0,no_alert_unknown,no_alert_not_final_benign,-1,dns,app_proto+port
2025-07-19T23:03:07.790906+0700,103.195.142.74,202.134.0.155,28513,53,UDP,flow,dns,650459546301009,,1,1,0,77,0,0.0,1,77,0,none,0,none,0,0,0,no_alert_unknown,no_alert_not_final_benign,-1,dns,app_proto+port
2025-07-19T23:03:07.790927+0700,103.195.142.2,61.149.20.104,53,22039,UDP,flow,failed,545726962381431,,1,1,0,187,0,0.0,1,187,0,none,0,none,0,0,0,no_alert_unknown,no_alert_not_final_benign,-1,dns,port
2025-07-19T23:03:07.790962+0700,103.195.142.74,202.134.0.155,10302,53,UDP,flow,dns,1094793696686766,,1,1,0,232,0,0.0,1,232,0,none,0,none,0,0,0,no_alert_unknown,no_alert_not_final_benign,-1,dns,app_proto+port
2025-07-19T23:03:07.791006+0700,103.195.142.83,87.98.154.94,53,4191,UDP,flow,failed,300638830768844,,1,1,0,1190,0,0.0,1,1190,0,none,0,none,0,0,0,no_alert_unknown,no_alert_not_final_benign,-1,dns,port
2025-07-19T23:03:07.791094+0700,103.195.142.165,87.98.154.25,53,1432,UDP,flow,failed,814606158508973,,1,1,0,1437,0,0.0,1,1437,0,none,0,none,0,0,0,no_alert_unknown,no_alert_not_final_benign,-1,dns,port
2025-07-19T23:03:07.791142+0700,103.195.142.109,87.98.154.119,53,12490,UDP,flow,failed,453146907816964,,1,1,0,1437,0,0.0,1,1437,0,none,0,none,0,0,0,no_alert_unknown,no_alert_not_final_benign,-1,dns,port
2025-07-19T23:03:07.791161+0700,103.195.142.75,8.8.8.8,4909,53,UDP,flow,dns,800049019925539,,1,1,0,81,0,0.0,1,81,0,none,0,none,0,0,0,no_alert_unknown,no_alert_not_final_benign,-1,dns,app_proto+port
2025-07-19T23:03:07.791182+0700,103.195.142.76,87.98.154.42,53,62887,UDP,flow,failed,1100118836294818,,1,1,0,1469,0,0.0,1,1469,0,none,0,none,0,0,0,no_alert_unknown,no_alert_not_final_benign,-1,dns,port
2025-07-19T23:03:07.791234+0700,103.195.142.195,87.98.154.224,53,1537,UDP,flow,failed,1095397289932041,,1,1,0,1437,0,0.0,1,1437,0,none,0,none,0,0,0,no_alert_unknown,no_alert_not_final_benign,-1,dns,port
2025-07-19T23:03:07.791254+0700,103.195.142.74,202.134.0.155,32522,53,UDP,flow,dns,1114326902289807,,1,1,0,83,0,0.0,1,83,0,none,0,none,0,0,0,no_alert_unknown,no_alert_not_final_benign,-1,dns,app_proto+port
2025-07-19T23:03:07.791275+0700,103.195.142.109,87.98.154.37,53,38981,UDP,flow,failed,441995075827118,,1,1,0,1437,0,0.0,1,1437,0,none,0,none,0,0,0,no_alert_unknown,no_alert_not_final_benign,-1,dns,port
2025-07-19T23:03:07.791293+0700,103.195.142.196,87.98.154.69,53,1800,UDP,flow,failed,743783051605478,,1,1,0,1437,0,0.0,1,1437,0,none,0,none,0,0,0,no_alert_unknown,no_alert_not_final_benign,-1,dns,port
2025-07-19T23:03:07.791313+0700,103.195.142.83,87.98.154.118,53,8351,UDP,flow,failed,450618211546629,,1,1,0,1190,0,0.0,1,1190,0,none,0,none,0,0,0,no_alert_unknown,no_alert_not_final_benign,-1,dns,port
2025-07-19T23:03:07.791332+0700,103.195.142.74,118.98.44.100,39880,53,UDP,flow,dns,663382659937811,,1,1,0,214,0,0.0,1,214,0,none,0,none,0,0,0,no_alert_unknown,no_alert_not_final_benign,-1,dns,app_proto+port
2025-07-19T23:03:07.791354+0700,103.195.142.83,87.98.154.10,53,17796,UDP,flow,failed,734296671303222,,1,1,0,1190,0,0.0,1,1190,0,none,0,none,0,0,0,no_alert_unknown,no_alert_not_final_benign,-1,dns,port
2025-07-19T23:03:07.791406+0700,103.195.142.196,87.98.154.119,53,32744,UDP,flow,failed,598571550422783,,1,1,0,1437,0,0.0,1,1437,0,none,0,none,0,0,0,no_alert_unknown,no_alert_not_final_benign,-1,dns,port
2025-07-19T23:03:07.791424+0700,103.195.142.74,118.98.44.20,28944,53,UDP,flow,dns,413164729120632,,1,1,0,241,0,0.0,1,241,0,none,0,none,0,0,0,no_alert_unknown,no_alert_not_final_benign,-1,dns,app_proto+port
2025-07-19T23:03:07.791488+0700,103.195.142.46,87.98.154.119,53,56470,UDP,flow,failed,612595612432863,,1,1,0,1437,0,0.0,1,1437,0,none,0,none,0,0,0,no_alert_unknown,no_alert_not_final_benign,-1,dns,port
2025-07-19T23:03:07.791507+0700,103.195.142.3,180.241.27.205,53,3201,UDP,flow,failed,782154088823307,,1,1,0,174,0,0.0,1,174,0,none,0,none,0,0,0,no_alert_unknown,no_alert_not_final_benign,-1,dns,port
2025-07-19T23:03:07.791597+0700,103.195.142.74,118.98.44.50,21876,53,UDP,flow,dns,487383658904225,,1,1,0,232,0,0.0,1,232,0,none,0,none,0,0,0,no_alert_unknown,no_alert_not_final_benign,-1,dns,app_proto+port
2025-07-19T23:03:07.791641+0700,103.195.142.2,74.125.181.147,53,51260,UDP,flow,failed,898329702415264,,1,1,0,154,0,0.0,1,154,0,none,0,none,0,0,0,no_alert_unknown,no_alert_not_final_benign,-1,dns,port
2025-07-19T23:03:07.791660+0700,103.195.142.74,118.98.44.20,29080,53,UDP,flow,dns,792385581005753,,1,1,0,102,0,0.0,1,102,0,none,0,none,0,0,0,no_alert_unknown,no_alert_not_final_benign,-1,dns,app_proto+port
2025-07-19T23:03:07.791767+0700,103.195.142.195,87.98.154.119,53,1571,UDP,flow,failed,387479803444806,,1,1,0,1437,0,0.0,1,1437,0,none,0,none,0,0,0,no_alert_unknown,no_alert_not_final_benign,-1,dns,port
2025-07-19T23:03:07.791787+0700,103.195.142.74,118.98.44.50,34193,53,UDP,flow,dns,498437723635274,,1,1,0,232,0,0.0,1,232,0,none,0,none,0,0,0,no_alert_unknown,no_alert_not_final_benign,-1,dns,app_proto+port
2025-07-19T23:03:07.791807+0700,103.195.142.196,87.98.154.119,53,14990,UDP,flow,failed,474652122922579,,1,1,0,1437,0,0.0,1,1437,0,none,0,none,0,0,0,no_alert_unknown,no_alert_not_final_benign,-1,dns,port
2025-07-19T23:03:07.791846+0700,103.195.142.196,87.98.154.119,53,38239,UDP,flow,failed,915450589986417,,1,1,0,1437,0,0.0,1,1437,0,none,0,none,0,0,0,no_alert_unknown,no_alert_not_final_benign,-1,dns,port
2025-07-19T23:03:07.791886+0700,103.195.142.74,118.98.44.20,22896,53,UDP,flow,dns,1026691765616296,,1,1,0,81,0,0.0,1,81,0,none,0,none,0,0,0,no_alert_unknown,no_alert_not_final_benign,-1,dns,app_proto+port
2025-07-19T23:03:07.791907+0700,103.195.142.83,87.98.154.238,53,23519,UDP,flow,failed,1972628766834353,,1,3,0,3570,0,10.0,3,3570,0,none,0,none,0,0,0,no_alert_unknown,no_alert_not_final_benign,-1,dns,port
2025-07-19T23:03:07.791930+0700,103.195.142.3,180.241.27.167,53,35715,UDP,flow,failed,784348830940870,,1,1,0,181,0,0.0,1,181,0,none,0,none,0,0,0,no_alert_unknown,no_alert_not_final_benign,-1,dns,port
2025-07-19T23:03:07.791949+0700,103.195.142.83,87.98.154.119,53,45000,UDP,flow,failed,610042918125269,,1,1,0,1190,0,0.0,1,1190,0,none,0,none,0,0,0,no_alert_unknown,no_alert_not_final_benign,-1,dns,port
2025-07-19T23:03:07.791967+0700,103.195.142.109,87.98.154.157,53,55907,UDP,flow,failed,215711472271078,,1,2,0,2874,0,3.0,2,2874,0,none,0,none,0,0,0,no_alert_unknown,no_alert_not_final_benign,-1,dns,port
2025-07-19T23:03:07.792023+0700,103.195.142.74,202.134.0.155,37998,53,UDP,flow,dns,825308131868637,,1,1,0,223,0,0.0,1,223,0,none,0,none,0,0,0,no_alert_unknown,no_alert_not_final_benign,-1,dns,app_proto+port
2025-07-19T23:03:07.792043+0700,103.195.142.74,202.134.0.155,26197,53,UDP,flow,dns,931494300991684,,1,1,0,223,0,0.0,1,223,0,none,0,none,0,0,0,no_alert_unknown,no_alert_not_final_benign,-1,dns,app_proto+port
2025-07-19T23:03:07.792062+0700,103.195.142.74,118.98.44.100,58108,53,UDP,flow,dns,785051502035200,,1,1,0,232,0,0.0,1,232,0,none,0,none,0,0,0,no_alert_unknown,no_alert_not_final_benign,-1,dns,app_proto+port
2025-07-19T23:03:07.792087+0700,103.195.142.76,87.98.154.70,53,41845,UDP,flow,failed,839288206049577,,1,1,0,1469,0,0.0,1,1469,0,none,0,none,0,0,0,no_alert_unknown,no_alert_not_final_benign,-1,dns,port
2025-07-19T23:03:07.792162+0700,103.195.142.46,87.98.154.119,53,21548,UDP,flow,failed,885604772331907,,1,1,0,1437,0,0.0,1,1437,0,none,0,none,0,0,0,no_alert_unknown,no_alert_not_final_benign,-1,dns,port
2025-07-19T23:03:07.792182+0700,103.195.142.76,87.98.154.186,53,48345,UDP,flow,failed,1064206453227929,,1,1,0,1469,0,0.0,1,1469,0,none,0,none,0,0,0,no_alert_unknown,no_alert_not_final_benign,-1,dns,port
2025-07-19T23:03:07.792251+0700,103.195.142.76,87.98.154.98,53,51389,UDP,flow,failed,834932052181472,,1,1,0,1469,0,0.0,1,1469,0,none,0,none,0,0,0,no_alert_unknown,no_alert_not_final_benign,-1,dns,port
2025-07-19T23:03:07.792295+0700,103.195.142.74,202.134.0.155,35708,53,UDP,flow,dns,544223848481326,,1,1,0,77,0,0.0,1,77,0,none,0,none,0,0,0,no_alert_unknown,no_alert_not_final_benign,-1,dns,app_proto+port
2025-07-19T23:03:07.792317+0700,103.195.142.195,87.98.154.119,53,32881,UDP,flow,failed,584746795057792,,1,1,0,1437,0,0.0,1,1437,0,none,0,none,0,0,0,no_alert_unknown,no_alert_not_final_benign,-1,dns,port
2025-07-19T23:03:07.792360+0700,103.195.142.2,60.29.229.59,53,16152,UDP,flow,failed,682918868009781,,1,1,0,230,0,0.0,1,230,0,none,0,none,0,0,0,no_alert_unknown,no_alert_not_final_benign,-1,dns,port
2025-07-19T23:03:07.792402+0700,103.195.142.83,87.98.154.174,53,62186,UDP,flow,failed,1043453067117564,,1,1,0,1190,0,0.0,1,1190,0,none,0,none,0,0,0,no_alert_unknown,no_alert_not_final_benign,-1,dns,port
2025-07-19T23:03:07.792421+0700,103.195.142.74,118.98.44.100,24847,53,UDP,flow,dns,325968175023138,,1,1,0,79,0,0.0,1,79,0,none,0,none,0,0,0,no_alert_unknown,no_alert_not_final_benign,-1,dns,app_proto+port
2025-07-19T23:03:07.792471+0700,103.195.142.74,202.134.0.155,38392,53,UDP,flow,dns,510097722295390,,1,1,0,85,0,0.0,1,85,0,none,0,none,0,0,0,no_alert_unknown,no_alert_not_final_benign,-1,dns,app_proto+port
2025-07-19T23:03:07.792490+0700,103.195.142.74,118.98.44.20,19132,53,UDP,flow,dns,787134222091364,,1,1,0,211,0,0.0,1,211,0,none,0,none,0,0,0,no_alert_unknown,no_alert_not_final_benign,-1,dns,app_proto+port
2025-07-19T23:03:07.792512+0700,103.195.142.74,118.98.44.100,24810,53,UDP,flow,dns,584974931641571,,1,1,0,223,0,0.0,1,223,0,none,0,none,0,0,0,no_alert_unknown,no_alert_not_final_benign,-1,dns,app_proto+port
2025-07-19T23:03:07.792564+0700,103.195.142.196,87.98.154.119,53,63878,UDP,flow,failed,667918713275701,,1,1,0,1437,0,0.0,1,1437,0,none,0,none,0,0,0,no_alert_unknown,no_alert_not_final_benign,-1,dns,port
2025-07-19T23:03:07.792584+0700,103.195.142.2,66.249.68.16,53,36874,UDP,flow,failed,648329692628515,,1,1,0,180,0,0.0,1,180,0,none,0,none,0,0,0,no_alert_unknown,no_alert_not_final_benign,-1,dns,port
2025-07-19T23:03:07.792604+0700,103.195.142.165,87.98.154.169,53,28989,UDP,flow,failed,479452540552740,,1,1,0,1437,0,0.0,1,1437,0,none,0,none,0,0,0,no_alert_unknown,no_alert_not_final_benign,-1,dns,port
2025-07-19T23:03:07.792623+0700,103.195.142.76,87.98.154.119,53,64086,UDP,flow,failed,344160490997332,,1,1,0,1469,0,0.0,1,1469,0,none,0,none,0,0,0,no_alert_unknown,no_alert_not_final_benign,-1,dns,port
2025-07-19T23:03:07.792664+0700,103.195.142.74,118.98.44.100,18343,53,UDP,flow,dns,711777268450948,,1,1,0,85,0,0.0,1,85,0,none,0,none,0,0,0,no_alert_unknown,no_alert_not_final_benign,-1,dns,app_proto+port
2025-07-19T23:03:07.792688+0700,103.195.142.46,87.98.154.119,53,26638,UDP,flow,failed,492576965576392,,1,1,0,1437,0,0.0,1,1437,0,none,0,none,0,0,0,no_alert_unknown,no_alert_not_final_benign,-1,dns,port
2025-07-19T23:03:07.792709+0700,103.195.142.74,118.98.44.100,41261,53,UDP,flow,dns,205826314847949,,1,2,0,292,0,27.0,2,292,0,none,0,none,0,0,0,no_alert_unknown,no_alert_not_final_benign,-1,dns,app_proto+port
2025-07-19T23:03:07.792802+0700,103.195.142.83,87.98.154.94,53,49718,UDP,flow,failed,821106563074089,,1,1,0,1190,0,0.0,1,1190,0,none,0,none,0,0,0,no_alert_unknown,no_alert_not_final_benign,-1,dns,port
2025-07-19T23:03:07.792820+0700,103.195.142.75,8.8.8.8,5091,53,UDP,flow,dns,887995818690680,,1,1,0,87,0,0.0,1,87,0,none,0,none,0,0,0,no_alert_unknown,no_alert_not_final_benign,-1,dns,app_proto+port
2025-07-19T23:03:07.792841+0700,103.195.142.109,87.98.154.118,53,39443,UDP,flow,failed,519802746292356,,1,1,0,1437,0,0.0,1,1437,0,none,0,none,0,0,0,no_alert_unknown,no_alert_not_final_benign,-1,dns,port
2025-07-19T23:03:07.792879+0700,103.195.142.74,118.98.44.50,4956,53,UDP,flow,dns,839841551403431,,1,1,0,211,0,0.0,1,211,0,none,0,none,0,0,0,no_alert_unknown,no_alert_not_final_benign,-1,dns,app_proto+port
2025-07-19T23:03:07.792904+0700,103.195.142.195,87.98.154.140,53,37190,UDP,flow,failed,431151337228715,,1,1,0,1437,0,0.0,1,1437,0,none,0,none,0,0,0,no_alert_unknown,no_alert_not_final_benign,-1,dns,port
2025-07-19T23:03:07.792945+0700,103.195.142.76,87.98.154.119,53,51482,UDP,flow,failed,919592999111328,,1,1,0,1469,0,0.0,1,1469,0,none,0,none,0,0,0,no_alert_unknown,no_alert_not_final_benign,-1,dns,port
2025-07-19T23:03:07.793008+0700,103.195.142.46,87.98.154.119,53,52924,UDP,flow,failed,749627803355829,,1,1,0,1437,0,0.0,1,1437,0,none,0,none,0,0,0,no_alert_unknown,no_alert_not_final_benign,-1,dns,port
2025-07-19T23:03:07.798622+0700,103.195.142.108,8.8.8.8,30716,53,UDP,dns,,896783511920036,wire/pcap,0,0,0,0,0,0.0,0,0,0,none,0,none,0,0,0,no_alert_unknown,no_alert_not_final_benign,-1,dns,port
2025-07-19T23:03:07.804794+0700,103.195.142.74,118.98.44.50,50452,53,UDP,dns,,923291203155277,wire/pcap,0,0,0,0,0,0.0,0,0,0,none,0,none,0,0,0,no_alert_unknown,no_alert_not_final_benign,-1,dns,port
2025-07-19T23:03:07.817718+0700,103.195.142.74,50.28.32.153,39166,53,UDP,dns,,978800174769038,wire/pcap,0,0,0,0,0,0.0,0,0,0,none,0,none,0,0,0,no_alert_unknown,no_alert_not_final_benign,-1,dns,port
2025-07-19T23:03:07.835473+0700,103.195.142.75,8.8.8.8,60656,53,UDP,dns,,1055057013333091,wire/pcap,0,0,0,0,0,0.0,0,0,0,none,0,none,0,0,0,no_alert_unknown,no_alert_not_final_benign,-1,dns,port
2025-07-19T23:03:07.835498+0700,103.195.142.74,118.98.44.20,62054,53,UDP,dns,,1055161968733680,wire/pcap,0,0,0,0,0,0.0,0,0,0,none,0,none,0,0,0,no_alert_unknown,no_alert_not_final_benign,-1,dns,port
2025-07-19T23:03:07.849885+0700,103.195.142.195,87.98.154.132,53,45390,UDP,flow,failed,881568681827748,,1,1,0,1437,0,0.0,1,1437,0,none,0,none,0,0,0,no_alert_unknown,no_alert_not_final_benign,-1,dns,port
2025-07-19T23:03:07.860984+0700,103.195.142.74,202.134.0.155,34653,53,UDP,dns,,883150446534954,wire/pcap,0,0,0,0,0,0.0,0,0,0,none,0,none,0,0,0,no_alert_unknown,no_alert_not_final_benign,-1,dns,port
2025-07-19T23:03:07.861137+0700,103.195.142.74,202.134.0.155,65320,53,UDP,dns,,883806307234524,wire/pcap,0,0,0,0,0,0.0,0,0,0,none,0,none,0,0,0,no_alert_unknown,no_alert_not_final_benign,-1,dns,port
2025-07-19T23:03:07.902188+0700,103.195.142.75,8.8.8.8,56522,53,UDP,dns,,1060120299080883,wire/pcap,0,0,0,0,0,0.0,0,0,0,none,0,none,0,0,0,no_alert_unknown,no_alert_not_final_benign,-1,dns,port
2025-07-19T23:03:07.913815+0700,103.195.142.74,118.98.44.50,38596,53,UDP,flow,dns,866128552284215,,1,1,0,76,0,0.0,1,76,0,none,0,none,0,0,0,no_alert_unknown,no_alert_not_final_benign,-1,dns,app_proto+port
2025-07-19T23:03:07.922180+0700,103.195.142.75,8.8.8.8,65324,53,UDP,dns,,864509290552809,wire/pcap,0,0,0,0,0,0.0,0,0,0,none,0,none,0,0,0,no_alert_unknown,no_alert_not_final_benign,-1,dns,port
2025-07-19T23:03:07.928015+0700,103.195.142.108,8.8.8.8,1900,53,UDP,dns,,1216074754602613,wire/pcap,0,0,0,0,0,0.0,0,0,0,none,0,none,0,0,0,no_alert_unknown,no_alert_not_final_benign,-1,dns,port
2025-07-19T23:03:07.950248+0700,103.195.142.74,202.134.0.155,16200,53,UDP,dns,,985060597206383,wire/pcap,0,0,0,0,0,0.0,0,0,0,none,0,none,0,0,0,no_alert_unknown,no_alert_not_final_benign,-1,dns,port
2025-07-19T23:03:07.952112+0700,103.195.142.74,202.134.0.155,56535,53,UDP,dns,,993068237228999,wire/pcap,0,0,0,0,0,0.0,0,0,0,none,0,none,0,0,0,no_alert_unknown,no_alert_not_final_benign,-1,dns,port
2025-07-19T23:03:07.956254+0700,103.195.142.74,202.134.0.155,5913,53,UDP,dns,,1010859037625332,wire/pcap,0,0,0,0,0,0.0,0,0,0,none,0,none,0,0,0,no_alert_unknown,no_alert_not_final_benign,-1,dns,port
2025-07-19T23:03:07.966530+0700,103.195.142.74,118.98.44.100,59516,53,UDP,dns,,1054991266998712,wire/pcap,0,0,0,0,0,0.0,0,0,0,none,0,none,0,0,0,no_alert_unknown,no_alert_not_final_benign,-1,dns,port
2025-07-19T23:03:07.992736+0700,103.195.142.74,118.98.44.50,11256,53,UDP,dns,,886073104964765,wire/pcap,0,0,0,0,0,0.0,0,0,0,none,0,none,0,0,0,no_alert_unknown,no_alert_not_final_benign,-1,dns,port
2025-07-19T23:03:08.008897+0700,103.195.142.74,118.98.44.100,20276,53,UDP,dns,,1164116288826264,wire/pcap,0,0,0,0,0,0.0,0,0,0,none,0,none,0,0,0,no_alert_unknown,no_alert_not_final_benign,-1,dns,port
2025-07-19T23:03:08.020215+0700,103.195.142.74,202.134.0.155,10338,53,UDP,dns,,1212726914819195,wire/pcap,0,0,0,0,0,0.0,0,0,0,none,0,none,0,0,0,no_alert_unknown,no_alert_not_final_benign,-1,dns,port
2025-07-19T23:03:08.029761+0700,103.195.142.75,8.8.8.8,46572,53,UDP,dns,,1253724740650983,wire/pcap,0,0,0,0,0,0.0,0,0,0,none,0,none,0,0,0,no_alert_unknown,no_alert_not_final_benign,-1,dns,port
2025-07-19T23:03:08.029921+0700,103.195.142.74,118.98.44.100,36269,53,UDP,dns,,1254410956458447,wire/pcap,0,0,0,0,0,0.0,0,0,0,none,0,none,0,0,0,no_alert_unknown,no_alert_not_final_benign,-1,dns,port
2025-07-19T23:03:08.043230+0700,103.195.142.75,8.8.8.8,38712,53,UDP,dns,,1311573164770749,wire/pcap,0,0,0,0,0,0.0,0,0,0,none,0,none,0,0,0,no_alert_unknown,no_alert_not_final_benign,-1,dns,port
2025-07-19T23:03:08.045925+0700,103.195.142.74,118.98.44.100,26540,53,UDP,dns,,1323148045823036,wire/pcap,0,0,0,0,0,0.0,0,0,0,none,0,none,0,0,0,no_alert_unknown,no_alert_not_final_benign,-1,dns,port
2025-07-19T23:03:08.057234+0700,103.195.142.74,118.98.44.20,34001,53,UDP,dns,,1371721077269318,wire/pcap,0,0,0,0,0,0.0,0,0,0,none,0,none,0,0,0,no_alert_unknown,no_alert_not_final_benign,-1,dns,port
2025-07-19T23:03:08.061510+0700,103.195.142.75,8.8.8.8,48672,53,UDP,dns,,1390086239713985,wire/pcap,0,0,0,0,0,0.0,0,0,0,none,0,none,0,0,0,no_alert_unknown,no_alert_not_final_benign,-1,dns,port
2025-07-19T23:03:08.074008+0700,103.195.142.75,50.28.102.86,11910,53,UDP,dns,,1162287015303895,wire/pcap,0,0,0,0,0,0.0,0,0,0,none,0,none,0,0,0,no_alert_unknown,no_alert_not_final_benign,-1,dns,port
2025-07-19T23:03:08.074567+0700,103.195.142.74,118.98.44.100,27962,53,UDP,dns,,1164691440886770,wire/pcap,0,0,0,0,0,0.0,0,0,0,none,0,none,0,0,0,no_alert_unknown,no_alert_not_final_benign,-1,dns,port
2025-07-19T23:03:08.081328+0700,103.195.142.74,202.134.0.155,53748,53,UDP,dns,,1193726379484530,wire/pcap,0,0,0,0,0,0.0,0,0,0,none,0,none,0,0,0,no_alert_unknown,no_alert_not_final_benign,-1,dns,port
2025-07-19T23:03:08.084270+0700,103.195.142.74,118.98.44.20,17736,53,UDP,dns,,1206364366653449,wire/pcap,0,0,0,0,0,0.0,0,0,0,none,0,none,0,0,0,no_alert_unknown,no_alert_not_final_benign,-1,dns,port
2025-07-19T23:03:08.116160+0700,103.195.142.74,118.98.44.100,65140,53,UDP,dns,,1343330169525073,wire/pcap,0,0,0,0,0,0.0,0,0,0,none,0,none,0,0,0,no_alert_unknown,no_alert_not_final_benign,-1,dns,port
2025-07-19T23:03:08.116540+0700,103.195.142.74,118.98.44.100,56956,53,UDP,dns,,1344963131908364,wire/pcap,0,0,0,0,0,0.0,0,0,0,none,0,none,0,0,0,no_alert_unknown,no_alert_not_final_benign,-1,dns,port
2025-07-19T23:03:08.129453+0700,103.195.142.2,115.112.18.246,53,59241,UDP,flow,failed,1626261502507856,,1,1,0,163,0,0.0,1,163,0,none,0,none,0,0,0,no_alert_unknown,no_alert_not_final_benign,-1,dns,port
2025-07-19T23:03:08.129806+0700,103.195.142.83,87.98.154.154,53,36762,UDP,flow,failed,626684909151317,,1,3,0,3570,0,9.0,3,3570,0,none,0,none,0,0,0,no_alert_unknown,no_alert_not_final_benign,-1,dns,port
2025-07-19T23:03:08.146581+0700,103.195.142.74,34.8.38.57,10481,53,UDP,dns,,1192512970065454,wire/pcap,0,0,0,0,0,0.0,0,0,0,none,0,none,0,0,0,no_alert_unknown,no_alert_not_final_benign,-1,dns,port
2025-07-19T23:03:08.171239+0700,103.195.142.74,202.134.0.155,42464,53,UDP,dns,,1298419422289286,wire/pcap,0,0,0,0,0,0.0,0,0,0,none,0,none,0,0,0,no_alert_unknown,no_alert_not_final_benign,-1,dns,port
2025-07-19T23:03:08.172873+0700,103.195.142.74,34.8.196.142,49848,53,UDP,dns,,1305438060983361,wire/pcap,0,0,0,0,0,0.0,0,0,0,none,0,none,0,0,0,no_alert_unknown,no_alert_not_final_benign,-1,dns,port
2025-07-19T23:03:08.198679+0700,103.195.142.74,118.98.44.50,58442,53,UDP,flow,dns,1029072305218880,,1,1,0,86,0,0.0,1,86,0,none,0,none,0,0,0,no_alert_unknown,no_alert_not_final_benign,-1,dns,app_proto+port
2025-07-19T23:03:08.199300+0700,103.195.142.75,8.8.8.8,20970,53,UDP,dns,,1137464833913883,wire/pcap,0,0,0,0,0,0.0,0,0,0,none,0,none,0,0,0,no_alert_unknown,no_alert_not_final_benign,-1,dns,port
2025-07-19T23:03:08.199426+0700,103.195.142.74,118.98.44.50,3060,53,UDP,dns,,1138003341033461,wire/pcap,0,0,0,0,0,0.0,0,0,0,none,0,none,0,0,0,no_alert_unknown,no_alert_not_final_benign,-1,dns,port
2025-07-19T23:03:08.215027+0700,103.195.142.74,50.28.32.153,18443,53,UDP,dns,,1205009603569401,wire/pcap,0,0,0,0,0,0.0,0,0,0,none,0,none,0,0,0,no_alert_unknown,no_alert_not_final_benign,-1,dns,port
2025-07-19T23:03:08.238448+0700,103.195.142.74,118.98.44.100,19445,53,UDP,dns,,1305604473474562,wire/pcap,0,0,0,0,0,0.0,0,0,0,none,0,none,0,0,0,no_alert_unknown,no_alert_not_final_benign,-1,dns,port
2025-07-19T23:03:08.244352+0700,103.195.142.74,118.98.44.100,30408,53,UDP,dns,,1330959187002344,wire/pcap,0,0,0,0,0,0.0,0,0,0,none,0,none,0,0,0,no_alert_unknown,no_alert_not_final_benign,-1,dns,port
2025-07-19T23:03:08.270788+0700,103.195.142.75,8.8.8.8,2894,53,UDP,dns,,1163026252901600,wire/pcap,0,0,0,0,0,0.0,0,0,0,none,0,none,0,0,0,no_alert_unknown,no_alert_not_final_benign,-1,dns,port
2025-07-19T23:03:08.288701+0700,103.195.142.74,118.98.44.100,11618,53,UDP,dns,,1239964085776090,wire/pcap,0,0,0,0,0,0.0,0,0,0,none,0,none,0,0,0,no_alert_unknown,no_alert_not_final_benign,-1,dns,port
2025-07-19T23:03:08.298910+0700,103.195.142.74,202.134.0.155,20891,53,UDP,dns,,1283809855037441,wire/pcap,0,0,0,0,0,0.0,0,0,0,none,0,none,0,0,0,no_alert_unknown,no_alert_not_final_benign,-1,dns,port
2025-07-19T23:03:08.301872+0700,103.195.142.74,202.134.0.155,53434,53,UDP,dns,,1296533545176993,wire/pcap,0,0,0,0,0,0.0,0,0,0,none,0,none,0,0,0,no_alert_unknown,no_alert_not_final_benign,-1,dns,port
2025-07-19T23:03:08.303852+0700,103.195.142.75,8.8.8.8,60165,53,UDP,dns,,1305038157199492,wire/pcap,0,0,0,0,0,0.0,0,0,0,none,0,none,0,0,0,no_alert_unknown,no_alert_not_final_benign,-1,dns,port
2025-07-19T23:03:08.308388+0700,103.195.142.74,202.134.0.155,36008,53,UDP,dns,,1324519871739794,wire/pcap,0,0,0,0,0,0.0,0,0,0,none,0,none,0,0,0,no_alert_unknown,no_alert_not_final_benign,-1,dns,port
2025-07-19T23:03:08.337015+0700,103.195.142.74,118.98.44.20,6487,53,UDP,dns,,1165995653019299,wire/pcap,0,0,0,0,0,0.0,0,0,0,none,0,none,0,0,0,no_alert_unknown,no_alert_not_final_benign,-1,dns,port
2025-07-19T23:03:08.364774+0700,103.195.142.74,202.134.0.155,2736,53,UDP,dns,,1285218193941157,wire/pcap,0,0,0,0,0,0.0,0,0,0,none,0,none,0,0,0,no_alert_unknown,no_alert_not_final_benign,-1,dns,port
2025-07-19T23:03:08.369444+0700,103.195.142.74,202.134.0.155,55805,53,UDP,dns,,1305275471432450,wire/pcap,0,0,0,0,0,0.0,0,0,0,none,0,none,0,0,0,no_alert_unknown,no_alert_not_final_benign,-1,dns,port
2025-07-19T23:03:08.393443+0700,103.195.142.75,8.8.8.8,46364,53,UDP,dns,,1126878575873282,wire/pcap,0,0,0,0,0,0.0,0,0,0,none,0,none,0,0,0,no_alert_unknown,no_alert_not_final_benign,-1,dns,port
2025-07-19T23:03:08.401601+0700,103.195.142.75,8.8.8.8,49077,53,UDP,dns,,1161916943482893,wire/pcap,0,0,0,0,0,0.0,0,0,0,none,0,none,0,0,0,no_alert_unknown,no_alert_not_final_benign,-1,dns,port
2025-07-19T23:03:08.419606+0700,103.195.142.83,87.98.154.119,53,36088,UDP,flow,failed,1626900539006958,,1,1,0,1190,0,0.0,1,1190,0,none,0,none,0,0,0,no_alert_unknown,no_alert_not_final_benign,-1,dns,port
2025-07-19T23:03:08.429021+0700,103.195.142.74,118.98.44.100,24142,53,UDP,dns,,1279681771879225,wire/pcap,0,0,0,0,0,0.0,0,0,0,none,0,none,0,0,0,no_alert_unknown,no_alert_not_final_benign,-1,dns,port
2025-07-19T23:03:08.431075+0700,103.195.142.75,8.8.8.8,64840,53,UDP,dns,,1288504419988168,wire/pcap,0,0,0,0,0,0.0,0,0,0,none,0,none,0,0,0,no_alert_unknown,no_alert_not_final_benign,-1,dns,port
2025-07-19T23:03:08.445479+0700,103.195.142.74,202.134.0.155,18161,53,UDP,dns,,1350368040015580,wire/pcap,0,0,0,0,0,0.0,0,0,0,none,0,none,0,0,0,no_alert_unknown,no_alert_not_final_benign,-1,dns,port
2025-07-19T23:03:08.472675+0700,103.195.142.74,118.98.44.20,25743,53,UDP,dns,,1185700027795796,wire/pcap,0,0,0,0,0,0.0,0,0,0,none,0,none,0,0,0,no_alert_unknown,no_alert_not_final_benign,-1,dns,port
2025-07-19T23:03:08.472764+0700,103.195.142.74,118.98.44.50,56978,53,UDP,dns,,1186084939433366,wire/pcap,0,0,0,0,0,0.0,0,0,0,none,0,none,0,0,0,no_alert_unknown,no_alert_not_final_benign,-1,dns,port
2025-07-19T23:03:08.484022+0700,103.195.142.74,118.98.44.20,4341,53,UDP,dns,,1234437922610799,wire/pcap,0,0,0,0,0,0.0,0,0,0,none,0,none,0,0,0,no_alert_unknown,no_alert_not_final_benign,-1,dns,port
2025-07-19T23:03:08.513483+0700,103.195.142.74,50.28.32.153,44373,53,UDP,dns,,1360968140888928,wire/pcap,0,0,0,0,0,0.0,0,0,0,none,0,none,0,0,0,no_alert_unknown,no_alert_not_final_benign,-1,dns,port
2025-07-19T23:03:08.520762+0700,103.195.142.74,118.98.44.100,22189,53,UDP,dns,,1392231725733571,wire/pcap,0,0,0,0,0,0.0,0,0,0,none,0,none,0,0,0,no_alert_unknown,no_alert_not_final_benign,-1,dns,port
2025-07-19T23:03:08.547993+0700,103.195.142.74,118.98.44.50,16559,53,UDP,dns,,1227715063729926,wire/pcap,0,0,0,0,0,0.0,0,0,0,none,0,none,0,0,0,no_alert_unknown,no_alert_not_final_benign,-1,dns,port
2025-07-19T23:03:08.561490+0700,103.195.142.74,50.28.32.153,12054,53,UDP,dns,,1285681299574219,wire/pcap,0,0,0,0,0,0.0,0,0,0,none,0,none,0,0,0,no_alert_unknown,no_alert_not_final_benign,-1,dns,port
2025-07-19T23:03:08.567919+0700,103.195.142.74,118.98.44.20,49717,53,UDP,dns,,1313296356015538,wire/pcap,0,0,0,0,0,0.0,0,0,0,none,0,none,0,0,0,no_alert_unknown,no_alert_not_final_benign,-1,dns,port
2025-07-19T23:03:08.568010+0700,103.195.142.74,202.134.0.155,49621,53,UDP,dns,,1313688508417387,wire/pcap,0,0,0,0,0,0.0,0,0,0,none,0,none,0,0,0,no_alert_unknown,no_alert_not_final_benign,-1,dns,port
2025-07-19T23:03:08.568091+0700,103.195.142.74,202.134.0.155,46122,53,UDP,dns,,1314034197198983,wire/pcap,0,0,0,0,0,0.0,0,0,0,none,0,none,0,0,0,no_alert_unknown,no_alert_not_final_benign,-1,dns,port
2025-07-19T23:03:08.568178+0700,103.195.142.74,202.134.0.155,13740,53,UDP,dns,,1314409832848622,wire/pcap,0,0,0,0,0,0.0,0,0,0,none,0,none,0,0,0,no_alert_unknown,no_alert_not_final_benign,-1,dns,port
2025-07-19T23:03:08.569335+0700,103.195.142.74,118.98.44.20,43287,53,UDP,dns,,1319376223309977,wire/pcap,0,0,0,0,0,0.0,0,0,0,none,0,none,0,0,0,no_alert_unknown,no_alert_not_final_benign,-1,dns,port
2025-07-19T23:03:08.590969+0700,103.195.142.74,118.98.44.100,27197,53,UDP,dns,,1130819614937664,wire/pcap,0,0,0,0,0,0.0,0,0,0,none,0,none,0,0,0,no_alert_unknown,no_alert_not_final_benign,-1,dns,port
2025-07-19T23:03:08.591037+0700,103.195.142.74,118.98.44.20,5755,53,UDP,dns,,1131112383498615,wire/pcap,0,0,0,0,0,0.0,0,0,0,none,0,none,0,0,0,no_alert_unknown,no_alert_not_final_benign,-1,dns,port
2025-07-19T23:03:08.593524+0700,103.195.142.74,118.98.44.100,55012,53,UDP,dns,,1141792094272652,wire/pcap,0,0,0,0,0,0.0,0,0,0,none,0,none,0,0,0,no_alert_unknown,no_alert_not_final_benign,-1,dns,port
2025-07-19T23:03:08.602877+0700,103.195.142.74,118.98.44.20,41608,53,UDP,dns,,1181964590677808,wire/pcap,0,0,0,0,0,0.0,0,0,0,none,0,none,0,0,0,no_alert_unknown,no_alert_not_final_benign,-1,dns,port
2025-07-19T23:03:08.605765+0700,103.195.142.74,118.98.44.20,47219,53,UDP,dns,,1194366239356494,wire/pcap,0,0,0,0,0,0.0,0,0,0,none,0,none,0,0,0,no_alert_unknown,no_alert_not_final_benign,-1,dns,port
2025-07-19T23:03:08.611777+0700,103.195.142.74,202.134.0.155,39293,53,UDP,dns,,1220188657483971,wire/pcap,0,0,0,0,0,0.0,0,0,0,none,0,none,0,0,0,no_alert_unknown,no_alert_not_final_benign,-1,dns,port
2025-07-19T23:03:08.611852+0700,103.195.142.74,118.98.44.50,2547,53,UDP,dns,,1220510389286259,wire/pcap,0,0,0,0,0,0.0,0,0,0,none,0,none,0,0,0,no_alert_unknown,no_alert_not_final_benign,-1,dns,port
2025-07-19T23:03:08.612037+0700,103.195.142.109,87.98.154.97,53,35399,UDP,flow,failed,967351525684595,,1,3,0,4311,0,9.0,3,4311,0,none,0,none,0,0,0,no_alert_unknown,no_alert_not_final_benign,-1,dns,port
2025-07-19T23:03:08.624038+0700,103.195.142.74,118.98.44.100,58322,53,UDP,dns,,1272850672405882,wire/pcap,0,0,0,0,0,0.0,0,0,0,none,0,none,0,0,0,no_alert_unknown,no_alert_not_final_benign,-1,dns,port
2025-07-19T23:03:08.632317+0700,103.195.142.75,8.8.8.8,48188,53,UDP,dns,,1308409155085266,wire/pcap,0,0,0,0,0,0.0,0,0,0,none,0,none,0,0,0,no_alert_unknown,no_alert_not_final_benign,-1,dns,port
2025-07-19T23:03:08.632398+0700,103.195.142.74,118.98.44.20,6681,53,UDP,dns,,1308757381738497,wire/pcap,0,0,0,0,0,0.0,0,0,0,none,0,none,0,0,0,no_alert_unknown,no_alert_not_final_benign,-1,dns,port
2025-07-19T23:03:08.642962+0700,103.195.142.74,118.98.44.50,6520,53,UDP,dns,,1354126848634065,wire/pcap,0,0,0,0,0,0.0,0,0,0,none,0,none,0,0,0,no_alert_unknown,no_alert_not_final_benign,-1,dns,port
2025-07-19T23:03:08.652543+0700,103.195.142.74,118.98.44.100,24729,53,UDP,dns,,1395279359242674,wire/pcap,0,0,0,0,0,0.0,0,0,0,none,0,none,0,0,0,no_alert_unknown,no_alert_not_final_benign,-1,dns,port
2025-07-19T23:03:08.689744+0700,103.195.142.74,118.98.44.100,47266,53,UDP,dns,,1273581689995424,wire/pcap,0,0,0,0,0,0.0,0,0,0,none,0,none,0,0,0,no_alert_unknown,no_alert_not_final_benign,-1,dns,port
2025-07-19T23:03:08.689837+0700,103.195.142.74,118.98.44.20,42320,53,UDP,dns,,1273980430439590,wire/pcap,0,0,0,0,0,0.0,0,0,0,none,0,none,0,0,0,no_alert_unknown,no_alert_not_final_benign,-1,dns,port
2025-07-19T23:03:08.690669+0700,103.195.142.75,8.8.8.8,21175,53,UDP,dns,,1277553904711231,wire/pcap,0,0,0,0,0,0.0,0,0,0,none,0,none,0,0,0,no_alert_unknown,no_alert_not_final_benign,-1,dns,port
2025-07-19T23:03:08.708711+0700,103.195.142.74,202.134.0.155,43143,53,UDP,dns,,1355044667738069,wire/pcap,0,0,0,0,0,0.0,0,0,0,none,0,none,0,0,0,no_alert_unknown,no_alert_not_final_benign,-1,dns,port
2025-07-19T23:03:08.727267+0700,103.195.142.74,202.134.0.155,45767,53,UDP,dns,,1153264961675220,wire/pcap,0,0,0,0,0,0.0,0,0,0,none,0,none,0,0,0,no_alert_unknown,no_alert_not_final_benign,-1,dns,port
2025-07-19T23:03:08.729673+0700,103.195.142.74,202.134.0.155,7032,53,UDP,dns,,1163599007557816,wire/pcap,0,0,0,0,0,0.0,0,0,0,none,0,none,0,0,0,no_alert_unknown,no_alert_not_final_benign,-1,dns,port
2025-07-19T23:03:08.736047+0700,103.195.142.46,87.98.154.119,53,58596,UDP,flow,failed,1136691982584605,,1,1,0,1437,0,0.0,1,1437,0,none,0,none,0,0,0,no_alert_unknown,no_alert_not_final_benign,-1,dns,port
2025-07-19T23:03:08.749798+0700,103.195.142.74,118.98.44.20,41732,53,UDP,dns,,1250034258303144,wire/pcap,0,0,0,0,0,0.0,0,0,0,none,0,none,0,0,0,no_alert_unknown,no_alert_not_final_benign,-1,dns,port
2025-07-19T23:03:08.752508+0700,103.195.142.74,118.98.44.100,12599,53,UDP,dns,,1261672906226539,wire/pcap,0,0,0,0,0,0.0,0,0,0,none,0,none,0,0,0,no_alert_unknown,no_alert_not_final_benign,-1,dns,port
2025-07-19T23:03:08.773964+0700,103.195.142.74,118.98.44.50,51741,53,UDP,dns,,1353828294141008,wire/pcap,0,0,0,0,0,0.0,0,0,0,none,0,none,0,0,0,no_alert_unknown,no_alert_not_final_benign,-1,dns,port
2025-07-19T23:03:08.775129+0700,103.195.142.109,87.98.154.173,53,50573,UDP,flow,failed,599010541554552,,1,1,0,1437,0,0.0,1,1437,0,none,0,none,0,0,0,no_alert_unknown,no_alert_not_final_benign,-1,dns,port
2025-07-19T23:03:08.775236+0700,103.195.142.2,180.241.233.182,53,10829,UDP,flow,failed,285320915504015,,1,1,0,181,0,0.0,1,181,0,none,0,none,0,0,0,no_alert_unknown,no_alert_not_final_benign,-1,dns,port
2025-07-19T23:03:08.775390+0700,103.195.142.74,118.98.44.20,56974,53,UDP,flow,dns,788000410422216,,1,1,0,223,0,0.0,1,223,0,none,0,none,0,0,0,no_alert_unknown,no_alert_not_final_benign,-1,dns,app_proto+port
2025-07-19T23:03:08.775467+0700,103.195.142.46,87.98.154.239,53,22425,UDP,flow,failed,116334119734307,,1,3,0,4311,0,9.0,3,4311,0,none,0,none,0,0,0,no_alert_unknown,no_alert_not_final_benign,-1,dns,port
2025-07-19T23:03:08.775487+0700,103.195.142.83,87.98.154.238,53,3058,UDP,flow,failed,1295914624863446,,1,1,0,1190,0,0.0,1,1190,0,none,0,none,0,0,0,no_alert_unknown,no_alert_not_final_benign,-1,dns,port
2025-07-19T23:03:08.775512+0700,103.195.142.74,202.134.0.155,45798,53,UDP,flow,dns,380718439451908,,1,1,0,85,0,0.0,1,85,0,none,0,none,0,0,0,no_alert_unknown,no_alert_not_final_benign,-1,dns,app_proto+port
2025-07-19T23:03:08.775556+0700,103.195.142.74,118.98.44.20,48125,53,UDP,flow,dns,999086934773217,,1,1,0,68,0,0.0,1,68,0,none,0,none,0,0,0,no_alert_unknown,no_alert_not_final_benign,-1,dns,app_proto+port
2025-07-19T23:03:08.775757+0700,103.195.142.195,87.98.154.119,53,54569,UDP,flow,failed,890596193652422,,1,1,0,1437,0,0.0,1,1437,0,none,0,none,0,0,0,no_alert_unknown,no_alert_not_final_benign,-1,dns,port
2025-07-19T23:03:08.775776+0700,103.195.142.165,87.98.154.169,53,36568,UDP,flow,failed,55077062692575,,1,3,0,4311,0,10.0,3,4311,0,none,0,none,0,0,0,no_alert_unknown,no_alert_not_final_benign,-1,dns,port
2025-07-19T23:03:08.775815+0700,103.195.142.74,202.134.0.155,45237,53,UDP,flow,dns,1096085845233396,,1,1,0,91,0,0.0,1,91,0,none,0,none,0,0,0,no_alert_unknown,no_alert_not_final_benign,-1,dns,app_proto+port
2025-07-19T23:03:08.775847+0700,103.195.142.74,118.98.44.100,52299,53,UDP,flow,dns,382672375172891,,1,1,0,68,0,0.0,1,68,0,none,0,none,0,0,0,no_alert_unknown,no_alert_not_final_benign,-1,dns,app_proto+port
2025-07-19T23:03:08.775869+0700,103.195.142.2,60.29.229.59,53,49407,UDP,flow,failed,761547186687808,,1,1,0,187,0,0.0,1,187,0,none,0,none,0,0,0,no_alert_unknown,no_alert_not_final_benign,-1,dns,port
2025-07-19T23:03:08.775942+0700,103.195.142.46,87.98.154.118,53,8422,UDP,flow,failed,822613731495879,,1,1,0,1437,0,0.0,1,1437,0,none,0,none,0,0,0,no_alert_unknown,no_alert_not_final_benign,-1,dns,port
2025-07-19T23:03:08.775960+0700,103.195.142.74,118.98.44.50,63870,53,UDP,flow,dns,471788428709877,,1,1,0,87,0,0.0,1,87,0,none,0,none,0,0,0,no_alert_unknown,no_alert_not_final_benign,-1,dns,app_proto+port
2025-07-19T23:03:08.775981+0700,103.195.142.74,216.38.8.121,2557,53,UDP,flow,dns,880133037936646,,1,1,0,85,0,0.0,1,85,0,none,0,none,0,0,0,no_alert_unknown,no_alert_not_final_benign,-1,dns,app_proto+port
2025-07-19T23:03:08.776053+0700,103.195.142.74,202.134.0.155,49130,53,UDP,flow,dns,441884174831858,,1,1,0,87,0,0.0,1,87,0,none,0,none,0,0,0,no_alert_unknown,no_alert_not_final_benign,-1,dns,app_proto+port
2025-07-19T23:03:08.776133+0700,103.195.142.195,87.98.154.119,53,2720,UDP,flow,failed,1159638785708431,,1,1,0,1437,0,0.0,1,1437,0,none,0,none,0,0,0,no_alert_unknown,no_alert_not_final_benign,-1,dns,port
2025-07-19T23:03:08.776153+0700,103.195.142.195,87.98.154.119,53,23732,UDP,flow,failed,581686451163560,,1,1,0,1437,0,0.0,1,1437,0,none,0,none,0,0,0,no_alert_unknown,no_alert_not_final_benign,-1,dns,port
2025-07-19T23:03:08.776171+0700,103.195.142.46,87.98.154.67,53,15060,UDP,flow,failed,678222082068904,,1,1,0,1437,0,0.0,1,1437,0,none,0,none,0,0,0,no_alert_unknown,no_alert_not_final_benign,-1,dns,port
2025-07-19T23:03:08.776224+0700,103.195.142.74,202.134.0.155,43512,53,UDP,flow,dns,305345499550214,,1,1,0,142,0,0.0,1,142,0,none,0,none,0,0,0,no_alert_unknown,no_alert_not_final_benign,-1,dns,app_proto+port
2025-07-19T23:03:08.776245+0700,103.195.142.165,87.98.154.253,53,9723,UDP,flow,failed,859161232986674,,1,1,0,1437,0,0.0,1,1437,0,none,0,none,0,0,0,no_alert_unknown,no_alert_not_final_benign,-1,dns,port
2025-07-19T23:03:08.776307+0700,103.195.142.195,87.98.154.252,53,32817,UDP,flow,failed,826304303845976,,1,1,0,1437,0,0.0,1,1437,0,none,0,none,0,0,0,no_alert_unknown,no_alert_not_final_benign,-1,dns,port
2025-07-19T23:03:08.776406+0700,103.195.142.74,118.98.44.50,19424,53,UDP,flow,dns,785970373907363,,1,1,0,223,0,0.0,1,223,0,none,0,none,0,0,0,no_alert_unknown,no_alert_not_final_benign,-1,dns,app_proto+port
2025-07-19T23:03:08.776426+0700,103.195.142.74,118.98.44.50,41759,53,UDP,flow,dns,804307208361091,,1,1,0,80,0,0.0,1,80,0,none,0,none,0,0,0,no_alert_unknown,no_alert_not_final_benign,-1,dns,app_proto+port
2025-07-19T23:03:08.776568+0700,103.195.142.2,39.156.146.119,53,54091,UDP,flow,failed,592526008702264,,1,1,0,230,0,0.0,1,230,0,none,0,none,0,0,0,no_alert_unknown,no_alert_not_final_benign,-1,dns,port
2025-07-19T23:03:08.776588+0700,103.195.142.74,118.98.44.100,65269,53,UDP,flow,dns,674910644393295,,1,1,0,81,0,0.0,1,81,0,none,0,none,0,0,0,no_alert_unknown,no_alert_not_final_benign,-1,dns,app_proto+port
2025-07-19T23:03:08.776643+0700,103.195.142.74,118.98.44.20,40229,53,UDP,flow,dns,1127248007189841,,1,1,0,232,0,0.0,1,232,0,none,0,none,0,0,0,no_alert_unknown,no_alert_not_final_benign,-1,dns,app_proto+port
2025-07-19T23:03:08.776803+0700,103.195.142.75,34.8.196.142,46175,53,UDP,flow,dns,867856615397022,,1,1,0,222,0,0.0,1,222,0,none,0,none,0,0,0,no_alert_unknown,no_alert_not_final_benign,-1,dns,app_proto+port
2025-07-19T23:03:08.776855+0700,103.195.142.75,8.8.8.8,48560,53,UDP,flow,dns,507579649611490,,1,1,0,243,0,0.0,1,243,0,none,0,none,0,0,0,no_alert_unknown,no_alert_not_final_benign,-1,dns,app_proto+port
2025-07-19T23:03:08.776940+0700,103.195.142.46,87.98.154.127,53,40756,UDP,flow,failed,878591401580369,,1,1,0,1437,0,0.0,1,1437,0,none,0,none,0,0,0,no_alert_unknown,no_alert_not_final_benign,-1,dns,port
2025-07-19T23:03:08.777011+0700,103.195.142.165,87.98.154.113,53,16071,UDP,flow,failed,631787556231194,,1,1,0,1437,0,0.0,1,1437,0,none,0,none,0,0,0,no_alert_unknown,no_alert_not_final_benign,-1,dns,port
2025-07-19T23:03:08.777187+0700,103.195.142.76,87.98.154.118,53,45536,UDP,flow,failed,1256933210904818,,1,1,0,1469,0,0.0,1,1469,0,none,0,none,0,0,0,no_alert_unknown,no_alert_not_final_benign,-1,dns,port
2025-07-19T23:03:08.777276+0700,103.195.142.74,118.98.44.50,41300,53,UDP,flow,dns,451125544671576,,1,1,0,87,0,0.0,1,87,0,none,0,none,0,0,0,no_alert_unknown,no_alert_not_final_benign,-1,dns,app_proto+port
2025-07-19T23:03:08.777329+0700,103.195.142.2,124.64.206.215,53,61937,UDP,flow,failed,851728125778289,,1,1,0,191,0,0.0,1,191,0,none,0,none,0,0,0,no_alert_unknown,no_alert_not_final_benign,-1,dns,port
2025-07-19T23:03:08.777387+0700,103.195.142.196,87.98.154.161,53,12135,UDP,flow,failed,758569144670602,,1,1,0,1437,0,0.0,1,1437,0,none,0,none,0,0,0,no_alert_unknown,no_alert_not_final_benign,-1,dns,port
2025-07-19T23:03:08.777448+0700,103.195.142.46,87.98.154.119,53,40092,UDP,flow,failed,657415224154515,,1,1,0,1437,0,0.0,1,1437,0,none,0,none,0,0,0,no_alert_unknown,no_alert_not_final_benign,-1,dns,port
2025-07-19T23:03:08.777468+0700,103.195.142.2,157.255.7.71,53,46723,UDP,flow,failed,353651622533550,,1,1,0,187,0,0.0,1,187,0,none,0,none,0,0,0,no_alert_unknown,no_alert_not_final_benign,-1,dns,port
2025-07-19T23:03:08.777509+0700,103.195.142.83,87.98.154.94,53,20821,UDP,flow,failed,315345940240886,,1,1,0,1190,0,0.0,1,1190,0,none,0,none,0,0,0,no_alert_unknown,no_alert_not_final_benign,-1,dns,port
2025-07-19T23:03:08.777533+0700,103.195.142.74,118.98.44.100,7856,53,UDP,flow,dns,699203046595123,,1,1,0,94,0,0.0,1,94,0,none,0,none,0,0,0,no_alert_unknown,no_alert_not_final_benign,-1,dns,app_proto+port
2025-07-19T23:03:08.777554+0700,103.195.142.83,87.98.154.10,53,5103,UDP,flow,failed,925160144231081,,1,1,0,1190,0,0.0,1,1190,0,none,0,none,0,0,0,no_alert_unknown,no_alert_not_final_benign,-1,dns,port
2025-07-19T23:03:08.777595+0700,103.195.142.2,157.255.7.71,53,49511,UDP,flow,failed,752982676396828,,1,1,0,230,0,0.0,1,230,0,none,0,none,0,0,0,no_alert_unknown,no_alert_not_final_benign,-1,dns,port
2025-07-19T23:03:08.777614+0700,103.195.142.75,8.8.8.8,34588,53,UDP,flow,dns,782132986108702,,1,1,0,223,0,0.0,1,223,0,none,0,none,0,0,0,no_alert_unknown,no_alert_not_final_benign,-1,dns,app_proto+port
2025-07-19T23:03:08.777636+0700,103.195.142.46,87.98.154.147,53,34019,UDP,flow,failed,1160940782082848,,1,1,0,1437,0,0.0,1,1437,0,none,0,none,0,0,0,no_alert_unknown,no_alert_not_final_benign,-1,dns,port
2025-07-19T23:03:08.777698+0700,103.195.142.75,8.8.8.8,33227,53,UDP,flow,dns,331062559497059,,1,1,0,88,0,0.0,1,88,0,none,0,none,0,0,0,no_alert_unknown,no_alert_not_final_benign,-1,dns,app_proto+port
2025-07-19T23:03:08.777721+0700,103.195.142.165,87.98.154.117,53,63193,UDP,flow,failed,1082750621441061,,1,1,0,1437,0,0.0,1,1437,0,none,0,none,0,0,0,no_alert_unknown,no_alert_not_final_benign,-1,dns,port
2025-07-19T23:03:08.777773+0700,103.195.142.74,118.98.44.100,52484,53,UDP,flow,dns,334357001264200,,1,1,0,68,0,0.0,1,68,0,none,0,none,0,0,0,no_alert_unknown,no_alert_not_final_benign,-1,dns,app_proto+port
2025-07-19T23:03:08.777825+0700,103.195.142.74,118.98.44.20,52904,53,UDP,flow,dns,676791374240843,,1,1,0,81,0,0.0,1,81,0,none,0,none,0,0,0,no_alert_unknown,no_alert_not_final_benign,-1,dns,app_proto+port
2025-07-19T23:03:08.777846+0700,103.195.142.74,202.134.0.155,59867,53,UDP,flow,dns,988188395625605,,1,1,0,76,0,0.0,1,76,0,none,0,none,0,0,0,no_alert_unknown,no_alert_not_final_benign,-1,dns,app_proto+port
2025-07-19T23:03:08.777866+0700,103.195.142.165,87.98.154.119,53,55536,UDP,flow,failed,360955212651654,,1,1,0,1437,0,0.0,1,1437,0,none,0,none,0,0,0,no_alert_unknown,no_alert_not_final_benign,-1,dns,port
2025-07-19T23:03:08.777885+0700,103.195.142.196,87.98.154.245,53,23762,UDP,flow,failed,316302903270570,,1,1,0,1437,0,0.0,1,1437,0,none,0,none,0,0,0,no_alert_unknown,no_alert_not_final_benign,-1,dns,port
2025-07-19T23:03:08.777931+0700,103.195.142.165,87.98.154.119,53,12606,UDP,flow,failed,1059106160565459,,1,1,0,1437,0,0.0,1,1437,0,none,0,none,0,0,0,no_alert_unknown,no_alert_not_final_benign,-1,dns,port
2025-07-19T23:03:08.777995+0700,103.195.142.74,118.98.44.50,42967,53,UDP,flow,dns,352901210561798,,1,1,0,196,0,0.0,1,196,0,none,0,none,0,0,0,no_alert_unknown,no_alert_not_final_benign,-1,dns,app_proto+port
2025-07-19T23:03:08.778020+0700,103.195.142.74,202.134.0.155,31847,53,UDP,flow,dns,763664433011990,,1,1,0,232,0,0.0,1,232,0,none,0,none,0,0,0,no_alert_unknown,no_alert_not_final_benign,-1,dns,app_proto+port
2025-07-19T23:03:08.778220+0700,103.195.142.2,180.241.27.83,53,48039,UDP,flow,failed,818132077174344,,1,1,0,181,0,0.0,1,181,0,none,0,none,0,0,0,no_alert_unknown,no_alert_not_final_benign,-1,dns,port
2025-07-19T23:03:08.778252+0700,103.195.142.83,87.98.154.119,53,34101,UDP,flow,failed,1178416418053736,,1,1,0,1190,0,0.0,1,1190,0,none,0,none,0,0,0,no_alert_unknown,no_alert_not_final_benign,-1,dns,port
2025-07-19T23:03:08.778367+0700,103.195.142.75,8.8.8.8,18494,53,UDP,flow,dns,809637613657869,,1,1,0,223,0,0.0,1,223,0,none,0,none,0,0,0,no_alert_unknown,no_alert_not_final_benign,-1,dns,app_proto+port
2025-07-19T23:03:08.778389+0700,103.195.142.165,87.98.154.229,53,20511,UDP,flow,failed,1723839929179947,,1,2,0,2874,0,3.0,2,2874,0,none,0,none,0,0,0,no_alert_unknown,no_alert_not_final_benign,-1,dns,port
2025-07-19T23:03:08.778408+0700,103.195.142.76,87.98.154.214,53,17690,UDP,flow,failed,739666459090761,,1,1,0,1469,0,0.0,1,1469,0,none,0,none,0,0,0,no_alert_unknown,no_alert_not_final_benign,-1,dns,port
2025-07-19T23:03:08.778458+0700,103.195.142.74,118.98.44.20,57597,53,UDP,flow,dns,430871265140711,,1,1,0,214,0,0.0,1,214,0,none,0,none,0,0,0,no_alert_unknown,no_alert_not_final_benign,-1,dns,app_proto+port
2025-07-19T23:03:08.778491+0700,103.195.142.83,87.98.154.182,53,20659,UDP,flow,failed,309123812941800,,1,3,0,3570,0,9.0,3,3570,0,none,0,none,0,0,0,no_alert_unknown,no_alert_not_final_benign,-1,dns,port
2025-07-19T23:03:08.778511+0700,103.195.142.2,157.255.7.71,53,27462,UDP,flow,failed,640429189619697,,1,1,0,191,0,0.0,1,191,0,none,0,none,0,0,0,no_alert_unknown,no_alert_not_final_benign,-1,dns,port
2025-07-19T23:03:08.778532+0700,103.195.142.74,118.98.44.100,1111,53,UDP,flow,dns,673335161053232,,1,1,0,81,0,0.0,1,81,0,none,0,none,0,0,0,no_alert_unknown,no_alert_not_final_benign,-1,dns,app_proto+port
2025-07-19T23:03:08.778576+0700,103.195.142.74,118.98.44.100,44428,53,UDP,flow,dns,1718917519696018,,1,2,0,204,0,6.0,2,204,0,none,0,none,0,0,0,no_alert_unknown,no_alert_not_final_benign,-1,dns,app_proto+port
2025-07-19T23:03:08.778681+0700,103.195.142.74,118.98.44.100,20530,53,UDP,flow,dns,557613680877857,,1,1,0,241,0,0.0,1,241,0,none,0,none,0,0,0,no_alert_unknown,no_alert_not_final_benign,-1,dns,app_proto+port
2025-07-19T23:03:08.778703+0700,103.195.142.74,118.98.44.50,17281,53,UDP,flow,dns,992243560145220,,1,1,0,243,0,0.0,1,243,0,none,0,none,0,0,0,no_alert_unknown,no_alert_not_final_benign,-1,dns,app_proto+port
2025-07-19T23:03:08.778677+0700,103.195.142.74,118.98.44.20,42246,53,UDP,dns,,1374067433025904,wire/pcap,0,0,0,0,0,0.0,0,0,0,none,0,none,0,0,0,no_alert_unknown,no_alert_not_final_benign,-1,dns,port
2025-07-19T23:03:08.778827+0700,103.195.142.2,172.70.116.71,53,52732,UDP,flow,failed,293252707836364,,1,1,0,141,0,0.0,1,141,0,none,0,none,0,0,0,no_alert_unknown,no_alert_not_final_benign,-1,dns,port
2025-07-19T23:03:08.778848+0700,103.195.142.76,87.98.154.154,53,12254,UDP,flow,failed,407067489853949,,1,1,0,1469,0,0.0,1,1469,0,none,0,none,0,0,0,no_alert_unknown,no_alert_not_final_benign,-1,dns,port
2025-07-19T23:03:08.778957+0700,103.195.142.83,87.98.154.119,53,54267,UDP,flow,failed,1203651003605577,,1,1,0,1190,0,0.0,1,1190,0,none,0,none,0,0,0,no_alert_unknown,no_alert_not_final_benign,-1,dns,port
2025-07-19T23:03:08.779093+0700,103.195.142.74,202.134.0.155,55008,53,UDP,flow,dns,352616940495489,,1,1,0,68,0,0.0,1,68,0,none,0,none,0,0,0,no_alert_unknown,no_alert_not_final_benign,-1,dns,app_proto+port
2025-07-19T23:03:08.779137+0700,103.195.142.74,202.134.0.155,31386,53,UDP,flow,dns,543781949465254,,1,1,0,214,0,0.0,1,214,0,none,0,none,0,0,0,no_alert_unknown,no_alert_not_final_benign,-1,dns,app_proto+port
2025-07-19T23:03:08.779200+0700,103.195.142.83,87.98.154.38,53,36458,UDP,flow,failed,1249861563835180,,1,1,0,1190,0,0.0,1,1190,0,none,0,none,0,0,0,no_alert_unknown,no_alert_not_final_benign,-1,dns,port
2025-07-19T23:03:08.779242+0700,103.195.142.109,87.98.154.201,53,54105,UDP,flow,failed,372164390740795,,1,1,0,1437,0,0.0,1,1437,0,none,0,none,0,0,0,no_alert_unknown,no_alert_not_final_benign,-1,dns,port
2025-07-19T23:03:08.779261+0700,103.195.142.3,216.238.98.69,53,56877,UDP,flow,failed,436697986884430,,1,1,0,180,0,0.0,1,180,0,none,0,none,0,0,0,no_alert_unknown,no_alert_not_final_benign,-1,dns,port
2025-07-19T23:03:08.779286+0700,103.195.142.109,87.98.154.119,53,11142,UDP,flow,failed,1205053176931194,,1,1,0,1437,0,0.0,1,1437,0,none,0,none,0,0,0,no_alert_unknown,no_alert_not_final_benign,-1,dns,port
2025-07-19T23:03:08.779304+0700,103.195.142.75,8.8.8.8,10178,53,UDP,flow,dns,528978696135620,,1,1,0,178,0,0.0,1,178,0,none,0,none,0,0,0,no_alert_unknown,no_alert_not_final_benign,-1,dns,app_proto+port
2025-07-19T23:03:08.779374+0700,103.195.142.74,118.98.44.100,3185,53,UDP,flow,dns,1383704047051760,,1,1,0,223,0,0.0,1,223,0,none,0,none,0,0,0,no_alert_unknown,no_alert_not_final_benign,-1,dns,app_proto+port
2025-07-19T23:03:08.779408+0700,103.195.142.75,8.8.8.8,16326,53,UDP,flow,dns,352090668655641,,1,1,0,93,0,0.0,1,93,0,none,0,none,0,0,0,no_alert_unknown,no_alert_not_final_benign,-1,dns,app_proto+port
2025-07-19T23:03:08.779428+0700,103.195.142.74,202.134.0.155,56298,53,UDP,flow,dns,1096475521311841,,1,1,0,214,0,0.0,1,214,0,none,0,none,0,0,0,no_alert_unknown,no_alert_not_final_benign,-1,dns,app_proto+port
2025-07-19T23:03:08.779447+0700,103.195.142.76,87.98.154.126,53,31802,UDP,flow,failed,725630847607951,,1,1,0,1469,0,0.0,1,1469,0,none,0,none,0,0,0,no_alert_unknown,no_alert_not_final_benign,-1,dns,port
2025-07-19T23:03:08.779466+0700,103.195.142.196,87.98.154.133,53,36672,UDP,flow,failed,1075841165747470,,1,1,0,1437,0,0.0,1,1437,0,none,0,none,0,0,0,no_alert_unknown,no_alert_not_final_benign,-1,dns,port
2025-07-19T23:03:08.779484+0700,103.195.142.196,87.98.154.119,53,34524,UDP,flow,failed,493537801332018,,1,1,0,1437,0,0.0,1,1437,0,none,0,none,0,0,0,no_alert_unknown,no_alert_not_final_benign,-1,dns,port
2025-07-19T23:03:08.779539+0700,103.195.142.196,87.98.154.119,53,9690,UDP,flow,failed,338978619123055,,1,1,0,1437,0,0.0,1,1437,0,none,0,none,0,0,0,no_alert_unknown,no_alert_not_final_benign,-1,dns,port
2025-07-19T23:03:08.779558+0700,103.195.142.83,87.98.154.98,53,44753,UDP,flow,failed,1272483264062868,,1,1,0,1190,0,0.0,1,1190,0,none,0,none,0,0,0,no_alert_unknown,no_alert_not_final_benign,-1,dns,port
2025-07-19T23:03:08.779598+0700,103.195.142.74,118.98.44.20,37335,53,UDP,flow,dns,709246020150768,,1,1,0,68,0,0.0,1,68,0,none,0,none,0,0,0,no_alert_unknown,no_alert_not_final_benign,-1,dns,app_proto+port
2025-07-19T23:03:08.779618+0700,103.195.142.109,87.98.154.9,53,26603,UDP,flow,failed,621082851141161,,1,1,0,1437,0,0.0,1,1437,0,none,0,none,0,0,0,no_alert_unknown,no_alert_not_final_benign,-1,dns,port
2025-07-19T23:03:08.779636+0700,103.195.142.74,118.98.44.50,7036,53,UDP,flow,dns,495471014110851,,1,1,0,211,0,0.0,1,211,0,none,0,none,0,0,0,no_alert_unknown,no_alert_not_final_benign,-1,dns,app_proto+port
2025-07-19T23:03:08.779743+0700,103.195.142.74,118.98.44.50,52254,53,UDP,flow,dns,763227770185581,,1,1,0,232,0,0.0,1,232,0,none,0,none,0,0,0,no_alert_unknown,no_alert_not_final_benign,-1,dns,app_proto+port
2025-07-19T23:03:08.779843+0700,103.195.142.46,87.98.154.127,53,10241,UDP,flow,failed,1045031530653584,,1,3,0,4311,0,9.0,3,4311,0,none,0,none,0,0,0,no_alert_unknown,no_alert_not_final_benign,-1,dns,port
2025-07-19T23:03:08.779868+0700,103.195.142.46,87.98.154.119,53,23342,UDP,flow,failed,565660885247900,,1,1,0,1437,0,0.0,1,1437,0,none,0,none,0,0,0,no_alert_unknown,no_alert_not_final_benign,-1,dns,port
2025-07-19T23:03:08.779887+0700,103.195.142.83,87.98.154.119,53,63492,UDP,flow,failed,1359368329619464,,1,1,0,1190,0,0.0,1,1190,0,none,0,none,0,0,0,no_alert_unknown,no_alert_not_final_benign,-1,dns,port
2025-07-19T23:03:08.779927+0700,103.195.142.74,202.134.0.155,4733,53,UDP,flow,dns,1160738345642178,,1,1,0,211,0,0.0,1,211,0,none,0,none,0,0,0,no_alert_unknown,no_alert_not_final_benign,-1,dns,app_proto+port
2025-07-19T23:03:08.779946+0700,103.195.142.46,87.98.154.39,53,56952,UDP,flow,failed,995122937129207,,1,1,0,1437,0,0.0,1,1437,0,none,0,none,0,0,0,no_alert_unknown,no_alert_not_final_benign,-1,dns,port
2025-07-19T23:03:08.779987+0700,103.195.142.75,8.8.8.8,9585,53,UDP,flow,dns,577300940974419,,1,1,0,87,0,0.0,1,87,0,none,0,none,0,0,0,no_alert_unknown,no_alert_not_final_benign,-1,dns,app_proto+port
2025-07-19T23:03:08.780035+0700,103.195.142.2,172.253.230.29,53,49754,UDP,flow,failed,813848694614381,,1,1,0,208,0,0.0,1,208,0,none,0,none,0,0,0,no_alert_unknown,no_alert_not_final_benign,-1,dns,port
2025-07-19T23:03:08.780056+0700,103.195.142.75,8.8.8.8,9044,53,UDP,flow,dns,670190899227100,,1,1,0,232,0,0.0,1,232,0,none,0,none,0,0,0,no_alert_unknown,no_alert_not_final_benign,-1,dns,app_proto+port
2025-07-19T23:03:08.780087+0700,103.195.142.2,61.149.22.85,53,41863,UDP,flow,failed,696025902934544,,1,1,0,148,0,0.0,1,148,0,none,0,none,0,0,0,no_alert_unknown,no_alert_not_final_benign,-1,dns,port
2025-07-19T23:03:08.780231+0700,103.195.142.76,87.98.154.119,53,21059,UDP,flow,failed,1210802064780210,,1,1,0,1469,0,0.0,1,1469,0,none,0,none,0,0,0,no_alert_unknown,no_alert_not_final_benign,-1,dns,port
2025-07-19T23:03:08.780339+0700,103.195.142.196,87.98.154.119,53,34253,UDP,flow,failed,855475941403687,,1,1,0,1437,0,0.0,1,1437,0,none,0,none,0,0,0,no_alert_unknown,no_alert_not_final_benign,-1,dns,port
2025-07-19T23:03:08.780394+0700,103.195.142.2,74.125.41.84,53,43026,UDP,flow,failed,1385734000405666,,1,1,0,142,0,0.0,1,142,0,none,0,none,0,0,0,no_alert_unknown,no_alert_not_final_benign,-1,dns,port
2025-07-19T23:03:08.780415+0700,103.195.142.76,87.98.154.119,53,30091,UDP,flow,failed,796368897961144,,1,1,0,1469,0,0.0,1,1469,0,none,0,none,0,0,0,no_alert_unknown,no_alert_not_final_benign,-1,dns,port
2025-07-19T23:03:08.780455+0700,103.195.142.195,87.98.154.252,53,14006,UDP,flow,failed,1361763417451868,,1,1,0,1437,0,0.0,1,1437,0,none,0,none,0,0,0,no_alert_unknown,no_alert_not_final_benign,-1,dns,port
2025-07-19T23:03:08.780520+0700,103.195.142.2,203.119.13.187,53,6960,UDP,flow,failed,1374865822379669,,1,1,0,195,0,0.0,1,195,0,none,0,none,0,0,0,no_alert_unknown,no_alert_not_final_benign,-1,dns,port
2025-07-19T23:03:08.780539+0700,103.195.142.109,87.98.154.119,53,47344,UDP,flow,failed,1371316855434920,,1,1,0,1437,0,0.0,1,1437,0,none,0,none,0,0,0,no_alert_unknown,no_alert_not_final_benign,-1,dns,port
2025-07-19T23:03:08.780574+0700,103.195.142.74,118.98.44.100,27700,53,UDP,flow,dns,842560651128494,,1,1,0,82,0,0.0,1,82,0,none,0,none,0,0,0,no_alert_unknown,no_alert_not_final_benign,-1,dns,app_proto+port
2025-07-19T23:03:08.780679+0700,103.195.142.46,87.98.154.119,53,7351,UDP,flow,failed,946486493245298,,1,1,0,1437,0,0.0,1,1437,0,none,0,none,0,0,0,no_alert_unknown,no_alert_not_final_benign,-1,dns,port
2025-07-19T23:03:08.780699+0700,103.195.142.74,118.98.44.50,2977,53,UDP,flow,dns,672025565851519,,1,1,0,81,0,0.0,1,81,0,none,0,none,0,0,0,no_alert_unknown,no_alert_not_final_benign,-1,dns,app_proto+port
2025-07-19T23:03:08.780724+0700,103.195.142.195,87.98.154.104,53,25041,UDP,flow,failed,1351122267140255,,1,1,0,1437,0,0.0,1,1437,0,none,0,none,0,0,0,no_alert_unknown,no_alert_not_final_benign,-1,dns,port
2025-07-19T23:03:08.780743+0700,103.195.142.75,8.8.8.8,3025,53,UDP,flow,dns,1068259386912966,,1,1,0,76,0,0.0,1,76,0,none,0,none,0,0,0,no_alert_unknown,no_alert_not_final_benign,-1,dns,app_proto+port
2025-07-19T23:03:08.780786+0700,103.195.142.165,87.98.154.119,53,37200,UDP,flow,failed,801405786911009,,1,1,0,1437,0,0.0,1,1437,0,none,0,none,0,0,0,no_alert_unknown,no_alert_not_final_benign,-1,dns,port
2025-07-19T23:03:08.780845+0700,103.195.142.109,87.98.154.209,53,10212,UDP,flow,failed,1024007584149862,,1,1,0,1437,0,0.0,1,1437,0,none,0,none,0,0,0,no_alert_unknown,no_alert_not_final_benign,-1,dns,port
2025-07-19T23:03:08.780907+0700,103.195.142.165,87.98.154.113,53,37585,UDP,flow,failed,625883953361384,,1,3,0,4311,0,9.0,3,4311,0,none,0,none,0,0,0,no_alert_unknown,no_alert_not_final_benign,-1,dns,port
2025-07-19T23:03:08.780957+0700,103.195.142.74,202.134.0.155,20899,53,UDP,flow,dns,1385188288754181,,1,1,0,75,0,0.0,1,75,0,none,0,none,0,0,0,no_alert_unknown,no_alert_not_final_benign,-1,dns,app_proto+port
2025-07-19T23:03:08.780990+0700,103.195.142.83,87.98.154.38,53,38605,UDP,flow,failed,658581727212064,,1,1,0,1190,0,0.0,1,1190,0,none,0,none,0,0,0,no_alert_unknown,no_alert_not_final_benign,-1,dns,port
2025-07-19T23:03:08.781019+0700,103.195.142.74,118.98.44.100,10857,53,UDP,flow,dns,1357358699573828,,1,1,0,196,0,0.0,1,196,0,none,0,none,0,0,0,no_alert_unknown,no_alert_not_final_benign,-1,dns,app_proto+port
2025-07-19T23:03:08.781095+0700,103.195.142.46,87.98.154.119,53,24419,UDP,flow,failed,711144065004258,,1,1,0,1437,0,0.0,1,1437,0,none,0,none,0,0,0,no_alert_unknown,no_alert_not_final_benign,-1,dns,port
2025-07-19T23:03:08.781201+0700,103.195.142.46,87.98.154.211,53,23876,UDP,flow,failed,1135847147631438,,1,1,0,1437,0,0.0,1,1437,0,none,0,none,0,0,0,no_alert_unknown,no_alert_not_final_benign,-1,dns,port
2025-07-19T23:03:08.781249+0700,103.195.142.74,118.98.44.20,27911,53,UDP,flow,dns,793222674445324,,1,1,0,76,0,0.0,1,76,0,none,0,none,0,0,0,no_alert_unknown,no_alert_not_final_benign,-1,dns,app_proto+port
2025-07-19T23:03:08.781269+0700,103.195.142.83,87.98.154.119,53,43504,UDP,flow,failed,1152765856904281,,1,1,0,1190,0,0.0,1,1190,0,none,0,none,0,0,0,no_alert_unknown,no_alert_not_final_benign,-1,dns,port
2025-07-19T23:03:08.781296+0700,103.195.142.2,124.64.206.215,53,23077,UDP,flow,failed,577083829974109,,1,1,0,230,0,0.0,1,230,0,none,0,none,0,0,0,no_alert_unknown,no_alert_not_final_benign,-1,dns,port
2025-07-19T23:03:08.781316+0700,103.195.142.74,118.98.44.100,23247,53,UDP,flow,dns,620597886383323,,1,1,0,211,0,0.0,1,211,0,none,0,none,0,0,0,no_alert_unknown,no_alert_not_final_benign,-1,dns,app_proto+port
2025-07-19T23:03:08.781336+0700,103.195.142.83,87.98.154.38,53,59665,UDP,flow,failed,704295775499543,,1,1,0,1190,0,0.0,1,1190,0,none,0,none,0,0,0,no_alert_unknown,no_alert_not_final_benign,-1,dns,port
2025-07-19T23:03:08.781373+0700,103.195.142.109,87.98.154.119,53,58452,UDP,flow,failed,605422056175143,,1,1,0,1437,0,0.0,1,1437,0,none,0,none,0,0,0,no_alert_unknown,no_alert_not_final_benign,-1,dns,port
2025-07-19T23:03:08.781391+0700,103.195.142.46,87.98.154.119,53,2711,UDP,flow,failed,705811701823024,,1,1,0,1437,0,0.0,1,1437,0,none,0,none,0,0,0,no_alert_unknown,no_alert_not_final_benign,-1,dns,port
2025-07-19T23:03:08.781409+0700,103.195.142.3,39.156.146.119,53,63204,UDP,flow,failed,880997129844539,,1,1,0,148,0,0.0,1,148,0,none,0,none,0,0,0,no_alert_unknown,no_alert_not_final_benign,-1,dns,port
2025-07-19T23:03:08.781471+0700,103.195.142.74,118.98.44.50,31859,53,UDP,flow,dns,708670767888388,,1,1,0,96,0,0.0,1,96,0,none,0,none,0,0,0,no_alert_unknown,no_alert_not_final_benign,-1,dns,app_proto+port
2025-07-19T23:03:08.781516+0700,103.195.142.76,87.98.154.119,53,18037,UDP,flow,failed,892756414101515,,1,1,0,1469,0,0.0,1,1469,0,none,0,none,0,0,0,no_alert_unknown,no_alert_not_final_benign,-1,dns,port
2025-07-19T23:03:08.781535+0700,103.195.142.3,203.119.13.190,53,46497,UDP,flow,failed,1205248704575582,,1,1,0,184,0,0.0,1,184,0,none,0,none,0,0,0,no_alert_unknown,no_alert_not_final_benign,-1,dns,port
2025-07-19T23:03:08.781553+0700,103.195.142.165,87.98.154.53,53,36528,UDP,flow,failed,810265838286952,,1,1,0,1437,0,0.0,1,1437,0,none,0,none,0,0,0,no_alert_unknown,no_alert_not_final_benign,-1,dns,port
2025-07-19T23:03:08.781572+0700,103.195.142.74,118.98.44.50,62808,53,UDP,flow,dns,1170954657921222,,1,1,0,214,0,0.0,1,214,0,none,0,none,0,0,0,no_alert_unknown,no_alert_not_final_benign,-1,dns,app_proto+port
2025-07-19T23:03:08.781597+0700,103.195.142.109,87.98.154.125,53,19765,UDP,flow,failed,686626919807313,,1,3,0,4311,0,9.0,3,4311,0,none,0,none,0,0,0,no_alert_unknown,no_alert_not_final_benign,-1,dns,port
2025-07-19T23:03:08.781616+0700,103.195.142.196,87.98.154.119,53,55992,UDP,flow,failed,1009463566465373,,1,1,0,1437,0,0.0,1,1437,0,none,0,none,0,0,0,no_alert_unknown,no_alert_not_final_benign,-1,dns,port
2025-07-19T23:03:08.781655+0700,103.195.142.195,87.98.154.118,53,63155,UDP,flow,failed,887226094385652,,1,1,0,1437,0,0.0,1,1437,0,none,0,none,0,0,0,no_alert_unknown,no_alert_not_final_benign,-1,dns,port
2025-07-19T23:03:08.781673+0700,103.195.142.165,87.98.154.253,53,44270,UDP,flow,failed,626210102835730,,1,1,0,1437,0,0.0,1,1437,0,none,0,none,0,0,0,no_alert_unknown,no_alert_not_final_benign,-1,dns,port
2025-07-19T23:03:08.781692+0700,103.195.142.74,118.98.44.20,14913,53,UDP,flow,dns,884477488921139,,1,1,0,214,0,0.0,1,214,0,none,0,none,0,0,0,no_alert_unknown,no_alert_not_final_benign,-1,dns,app_proto+port
2025-07-19T23:03:08.781760+0700,103.195.142.46,87.98.154.155,53,25221,UDP,flow,failed,701061722340193,,1,3,0,4311,0,10.0,3,4311,0,none,0,none,0,0,0,no_alert_unknown,no_alert_not_final_benign,-1,dns,port
2025-07-19T23:03:08.781779+0700,103.195.142.83,87.98.154.66,53,43204,UDP,flow,failed,1018196710914974,,1,1,0,1190,0,0.0,1,1190,0,none,0,none,0,0,0,no_alert_unknown,no_alert_not_final_benign,-1,dns,port
2025-07-19T23:03:08.781797+0700,103.195.142.74,118.98.44.50,6522,53,UDP,flow,dns,816053649734572,,1,1,0,77,0,0.0,1,77,0,none,0,none,0,0,0,no_alert_unknown,no_alert_not_final_benign,-1,dns,app_proto+port
2025-07-19T23:03:08.781836+0700,103.195.142.83,87.98.154.10,53,12081,UDP,flow,failed,999716724472918,,1,1,0,1190,0,0.0,1,1190,0,none,0,none,0,0,0,no_alert_unknown,no_alert_not_final_benign,-1,dns,port
2025-07-19T23:03:08.781875+0700,103.195.142.196,87.98.154.241,53,33445,UDP,flow,failed,1310823187610957,,1,1,0,1437,0,0.0,1,1437,0,none,0,none,0,0,0,no_alert_unknown,no_alert_not_final_benign,-1,dns,port
2025-07-19T23:03:08.781898+0700,103.195.142.31,8.8.8.8,31088,53,UDP,flow,dns,1132383146868059,,1,1,0,91,0,0.0,1,91,0,none,0,none,0,0,0,no_alert_unknown,no_alert_not_final_benign,-1,dns,app_proto+port
2025-07-19T23:03:08.781919+0700,103.195.142.46,87.98.154.239,53,24485,UDP,flow,failed,1242206304533884,,1,1,0,1437,0,0.0,1,1437,0,none,0,none,0,0,0,no_alert_unknown,no_alert_not_final_benign,-1,dns,port
2025-07-19T23:03:08.782002+0700,103.195.142.74,118.98.44.20,52315,53,UDP,flow,dns,584098888941037,,1,1,0,97,0,0.0,1,97,0,none,0,none,0,0,0,no_alert_unknown,no_alert_not_final_benign,-1,dns,app_proto+port
2025-07-19T23:03:08.782070+0700,103.195.142.75,8.8.8.8,50382,53,UDP,flow,dns,689994763140988,,1,1,0,87,0,0.0,1,87,0,none,0,none,0,0,0,no_alert_unknown,no_alert_not_final_benign,-1,dns,app_proto+port
2025-07-19T23:03:08.782125+0700,103.195.142.75,8.8.8.8,61737,53,UDP,flow,dns,1240997793693707,,1,1,0,196,0,0.0,1,196,0,none,0,none,0,0,0,no_alert_unknown,no_alert_not_final_benign,-1,dns,app_proto+port
2025-07-19T23:03:08.782145+0700,103.195.142.46,87.98.154.183,53,21928,UDP,flow,failed,709718542123020,,1,1,0,1437,0,0.0,1,1437,0,none,0,none,0,0,0,no_alert_unknown,no_alert_not_final_benign,-1,dns,port
2025-07-19T23:03:08.782086+0700,103.195.142.74,202.134.0.155,12930,53,UDP,dns,,1388710760075741,wire/pcap,0,0,0,0,0,0.0,0,0,0,none,0,none,0,0,0,no_alert_unknown,no_alert_not_final_benign,-1,dns,port
2025-07-19T23:03:08.782216+0700,103.195.142.76,87.98.154.98,53,54360,UDP,flow,failed,1356977604591918,,1,1,0,1469,0,0.0,1,1469,0,none,0,none,0,0,0,no_alert_unknown,no_alert_not_final_benign,-1,dns,port
2025-07-19T23:03:08.782236+0700,103.195.142.74,118.98.44.50,55014,53,UDP,flow,dns,1037859211379242,,1,1,0,74,0,0.0,1,74,0,none,0,none,0,0,0,no_alert_unknown,no_alert_not_final_benign,-1,dns,app_proto+port
2025-07-19T23:03:08.782286+0700,103.195.142.74,118.98.44.50,46127,53,UDP,flow,dns,838716747022967,,1,1,0,78,0,0.0,1,78,0,none,0,none,0,0,0,no_alert_unknown,no_alert_not_final_benign,-1,dns,app_proto+port
2025-07-19T23:03:08.782392+0700,103.195.142.196,87.98.154.118,53,8601,UDP,flow,failed,1294829815399254,,1,1,0,1437,0,0.0,1,1437,0,none,0,none,0,0,0,no_alert_unknown,no_alert_not_final_benign,-1,dns,port
2025-07-19T23:03:08.782421+0700,103.195.142.2,180.241.110.88,53,32716,UDP,flow,failed,1045779958072159,,1,1,0,138,0,0.0,1,138,0,none,0,none,0,0,0,no_alert_unknown,no_alert_not_final_benign,-1,dns,port
2025-07-19T23:03:08.782440+0700,103.195.142.165,87.98.154.57,53,49676,UDP,flow,failed,1281940531774364,,1,1,0,1437,0,0.0,1,1437,0,none,0,none,0,0,0,no_alert_unknown,no_alert_not_final_benign,-1,dns,port
2025-07-19T23:03:08.782459+0700,103.195.142.74,118.98.44.50,6184,53,UDP,flow,dns,1039970256880545,,1,1,0,110,0,0.0,1,110,0,none,0,none,0,0,0,no_alert_unknown,no_alert_not_final_benign,-1,dns,app_proto+port
2025-07-19T23:03:08.782478+0700,103.195.142.165,87.98.154.225,53,7891,UDP,flow,failed,878994443797480,,1,1,0,1437,0,0.0,1,1437,0,none,0,none,0,0,0,no_alert_unknown,no_alert_not_final_benign,-1,dns,port
2025-07-19T23:03:08.782497+0700,103.195.142.46,87.98.154.175,53,47795,UDP,flow,failed,960652375688226,,1,1,0,1437,0,0.0,1,1437,0,none,0,none,0,0,0,no_alert_unknown,no_alert_not_final_benign,-1,dns,port
2025-07-19T23:03:08.782515+0700,103.195.142.76,87.98.154.119,53,57261,UDP,flow,failed,612360424129662,,1,1,0,1469,0,0.0,1,1469,0,none,0,none,0,0,0,no_alert_unknown,no_alert_not_final_benign,-1,dns,port
2025-07-19T23:03:08.782533+0700,103.195.142.83,87.98.154.119,53,11431,UDP,flow,failed,1102313826813079,,1,1,0,1190,0,0.0,1,1190,0,none,0,none,0,0,0,no_alert_unknown,no_alert_not_final_benign,-1,dns,port
2025-07-19T23:03:08.782607+0700,103.195.142.195,87.98.154.119,53,37762,UDP,flow,failed,1124826876020037,,1,1,0,1437,0,0.0,1,1437,0,none,0,none,0,0,0,no_alert_unknown,no_alert_not_final_benign,-1,dns,port
2025-07-19T23:03:08.782628+0700,103.195.142.195,87.98.154.119,53,18921,UDP,flow,failed,1211367892125058,,1,1,0,1437,0,0.0,1,1437,0,none,0,none,0,0,0,no_alert_unknown,no_alert_not_final_benign,-1,dns,port
2025-07-19T23:03:08.782653+0700,103.195.142.74,118.98.44.100,62935,53,UDP,flow,dns,989573252973965,,1,1,0,232,0,0.0,1,232,0,none,0,none,0,0,0,no_alert_unknown,no_alert_not_final_benign,-1,dns,app_proto+port
2025-07-19T23:03:08.782673+0700,103.195.142.74,118.98.44.100,64696,53,UDP,flow,dns,1053527252010389,,1,1,0,79,0,0.0,1,79,0,none,0,none,0,0,0,no_alert_unknown,no_alert_not_final_benign,-1,dns,app_proto+port
2025-07-19T23:03:08.782710+0700,103.195.142.165,87.98.154.119,53,23726,UDP,flow,failed,1321590749660793,,1,1,0,1437,0,0.0,1,1437,0,none,0,none,0,0,0,no_alert_unknown,no_alert_not_final_benign,-1,dns,port
2025-07-19T23:03:08.782746+0700,103.195.142.74,118.98.44.20,36499,53,UDP,flow,dns,627630420592315,,1,1,0,211,0,0.0,1,211,0,none,0,none,0,0,0,no_alert_unknown,no_alert_not_final_benign,-1,dns,app_proto+port
2025-07-19T23:03:08.782768+0700,103.195.142.74,118.98.44.100,8949,53,UDP,flow,dns,1385092767352510,,1,1,0,68,0,0.0,1,68,0,none,0,none,0,0,0,no_alert_unknown,no_alert_not_final_benign,-1,dns,app_proto+port
2025-07-19T23:03:08.782787+0700,103.195.142.109,87.98.154.197,53,17785,UDP,flow,failed,669425742710609,,1,1,0,1437,0,0.0,1,1437,0,none,0,none,0,0,0,no_alert_unknown,no_alert_not_final_benign,-1,dns,port
2025-07-19T23:03:08.782828+0700,103.195.142.74,202.134.0.155,17284,53,UDP,flow,dns,1143752471414656,,1,1,0,196,0,0.0,1,196,0,none,0,none,0,0,0,no_alert_unknown,no_alert_not_final_benign,-1,dns,app_proto+port
2025-07-19T23:03:08.782847+0700,103.195.142.195,87.98.154.212,53,51356,UDP,flow,failed,647583221090299,,1,1,0,1437,0,0.0,1,1437,0,none,0,none,0,0,0,no_alert_unknown,no_alert_not_final_benign,-1,dns,port
2025-07-19T23:03:08.782871+0700,103.195.142.76,87.98.154.126,53,11446,UDP,flow,failed,736845355747539,,1,1,0,1469,0,0.0,1,1469,0,none,0,none,0,0,0,no_alert_unknown,no_alert_not_final_benign,-1,dns,port
2025-07-19T23:03:08.782890+0700,103.195.142.74,118.98.44.50,34443,53,UDP,flow,dns,1148315237353833,,1,1,0,68,0,0.0,1,68,0,none,0,none,0,0,0,no_alert_unknown,no_alert_not_final_benign,-1,dns,app_proto+port
2025-07-19T23:03:08.782909+0700,103.195.142.109,87.98.154.119,53,52419,UDP,flow,failed,573058864122281,,1,1,0,1437,0,0.0,1,1437,0,none,0,none,0,0,0,no_alert_unknown,no_alert_not_final_benign,-1,dns,port
2025-07-19T23:03:08.782927+0700,103.195.142.109,87.98.154.119,53,18220,UDP,flow,failed,1135346583669238,,1,1,0,1437,0,0.0,1,1437,0,none,0,none,0,0,0,no_alert_unknown,no_alert_not_final_benign,-1,dns,port
2025-07-19T23:03:08.782946+0700,103.195.142.3,172.253.1.24,53,37106,UDP,flow,failed,906138701728352,,1,1,0,154,0,0.0,1,154,0,none,0,none,0,0,0,no_alert_unknown,no_alert_not_final_benign,-1,dns,port
2025-07-19T23:03:08.783005+0700,103.195.142.3,61.149.20.104,53,15671,UDP,flow,failed,731185930046114,,1,1,0,219,0,0.0,1,219,0,none,0,none,0,0,0,no_alert_unknown,no_alert_not_final_benign,-1,dns,port
2025-07-19T23:03:08.783034+0700,103.195.142.74,118.98.44.50,6558,53,UDP,flow,dns,575132358937255,,1,1,0,74,0,0.0,1,74,0,none,0,none,0,0,0,no_alert_unknown,no_alert_not_final_benign,-1,dns,app_proto+port
2025-07-19T23:03:08.783088+0700,103.195.142.74,118.98.44.50,24035,53,UDP,flow,dns,763559716588296,,1,1,0,223,0,0.0,1,223,0,none,0,none,0,0,0,no_alert_unknown,no_alert_not_final_benign,-1,dns,app_proto+port
2025-07-19T23:03:08.783142+0700,103.195.142.76,87.98.154.119,53,60644,UDP,flow,failed,1113428150455073,,1,1,0,1469,0,0.0,1,1469,0,none,0,none,0,0,0,no_alert_unknown,no_alert_not_final_benign,-1,dns,port
2025-07-19T23:03:08.783163+0700,103.195.142.165,87.98.154.85,53,33578,UDP,flow,failed,956706362559366,,1,1,0,1437,0,0.0,1,1437,0,none,0,none,0,0,0,no_alert_unknown,no_alert_not_final_benign,-1,dns,port
2025-07-19T23:03:08.783182+0700,103.195.142.46,87.98.154.255,53,37946,UDP,flow,failed,596820138134474,,1,1,0,1437,0,0.0,1,1437,0,none,0,none,0,0,0,no_alert_unknown,no_alert_not_final_benign,-1,dns,port
2025-07-19T23:03:08.783208+0700,103.195.142.75,8.8.8.8,52253,53,UDP,flow,dns,1272857195711614,,1,1,0,84,0,0.0,1,84,0,none,0,none,0,0,0,no_alert_unknown,no_alert_not_final_benign,-1,dns,app_proto+port
2025-07-19T23:03:08.783228+0700,103.195.142.76,87.98.154.118,53,61570,UDP,flow,failed,979073994067090,,1,1,0,1469,0,0.0,1,1469,0,none,0,none,0,0,0,no_alert_unknown,no_alert_not_final_benign,-1,dns,port
2025-07-19T23:03:08.783250+0700,103.195.142.74,118.98.44.20,55796,53,UDP,flow,dns,697146293750973,,1,1,0,78,0,0.0,1,78,0,none,0,none,0,0,0,no_alert_unknown,no_alert_not_final_benign,-1,dns,app_proto+port
2025-07-19T23:03:08.783270+0700,103.195.142.196,87.98.154.119,53,49331,UDP,flow,failed,769313219677386,,1,1,0,1437,0,0.0,1,1437,0,none,0,none,0,0,0,no_alert_unknown,no_alert_not_final_benign,-1,dns,port
2025-07-19T23:03:08.783383+0700,103.195.142.74,118.98.44.20,32192,53,UDP,flow,dns,1242900869287478,,1,1,0,214,0,0.0,1,214,0,none,0,none,0,0,0,no_alert_unknown,no_alert_not_final_benign,-1,dns,app_proto+port
2025-07-19T23:03:08.783423+0700,103.195.142.109,87.98.154.119,53,53409,UDP,flow,failed,1118258418617996,,1,1,0,1437,0,0.0,1,1437,0,none,0,none,0,0,0,no_alert_unknown,no_alert_not_final_benign,-1,dns,port
2025-07-19T23:03:08.783441+0700,103.195.142.74,118.98.44.50,9289,53,UDP,flow,dns,1356324346924788,,1,1,0,211,0,0.0,1,211,0,none,0,none,0,0,0,no_alert_unknown,no_alert_not_final_benign,-1,dns,app_proto+port
2025-07-19T23:03:08.783503+0700,103.195.142.109,87.98.154.117,53,4939,UDP,flow,failed,1356908728946641,,1,1,0,1437,0,0.0,1,1437,0,none,0,none,0,0,0,no_alert_unknown,no_alert_not_final_benign,-1,dns,port
2025-07-19T23:03:08.783521+0700,103.195.142.74,118.98.44.20,44961,53,UDP,flow,dns,1014153954529450,,1,1,0,211,0,0.0,1,211,0,none,0,none,0,0,0,no_alert_unknown,no_alert_not_final_benign,-1,dns,app_proto+port
2025-07-19T23:03:08.783542+0700,103.195.142.74,202.134.0.155,21205,53,UDP,flow,dns,583577380589747,,1,1,0,223,0,0.0,1,223,0,none,0,none,0,0,0,no_alert_unknown,no_alert_not_final_benign,-1,dns,app_proto+port
2025-07-19T23:03:08.783561+0700,103.195.142.74,118.98.44.20,52651,53,UDP,flow,dns,893252854878458,,1,1,0,243,0,0.0,1,243,0,none,0,none,0,0,0,no_alert_unknown,no_alert_not_final_benign,-1,dns,app_proto+port
2025-07-19T23:03:08.783580+0700,103.195.142.74,202.134.0.155,43503,53,UDP,flow,dns,1377405479358745,,1,1,0,211,0,0.0,1,211,0,none,0,none,0,0,0,no_alert_unknown,no_alert_not_final_benign,-1,dns,app_proto+port
2025-07-19T23:03:08.783648+0700,103.195.142.195,87.98.154.84,53,52869,UDP,flow,failed,1048213391937992,,1,3,0,4311,0,9.0,3,4311,0,none,0,none,0,0,0,no_alert_unknown,no_alert_not_final_benign,-1,dns,port
2025-07-19T23:03:08.783705+0700,103.195.142.165,87.98.154.197,53,4223,UDP,flow,failed,911786714272322,,1,1,0,1437,0,0.0,1,1437,0,none,0,none,0,0,0,no_alert_unknown,no_alert_not_final_benign,-1,dns,port
2025-07-19T23:03:08.783742+0700,103.195.142.165,87.98.154.101,53,58080,UDP,flow,failed,1479968175821393,,1,1,0,1437,0,0.0,1,1437,0,none,0,none,0,0,0,no_alert_unknown,no_alert_not_final_benign,-1,dns,port
2025-07-19T23:03:08.783760+0700,103.195.142.46,87.98.154.11,53,4935,UDP,flow,failed,1569457747530398,,1,1,0,1437,0,0.0,1,1437,0,none,0,none,0,0,0,no_alert_unknown,no_alert_not_final_benign,-1,dns,port
2025-07-19T23:03:08.783905+0700,103.195.142.196,87.98.154.161,53,25054,UDP,flow,failed,621359540212442,,1,1,0,1437,0,0.0,1,1437,0,none,0,none,0,0,0,no_alert_unknown,no_alert_not_final_benign,-1,dns,port
2025-07-19T23:03:08.783925+0700,103.195.142.75,8.8.8.8,52661,53,UDP,flow,dns,886387469325023,,1,1,0,131,0,0.0,1,131,0,none,0,none,0,0,0,no_alert_unknown,no_alert_not_final_benign,-1,dns,app_proto+port
2025-07-19T23:03:08.783991+0700,103.195.142.2,203.119.13.188,53,21718,UDP,flow,failed,1178571832890242,,1,1,0,195,0,0.0,1,195,0,none,0,none,0,0,0,no_alert_unknown,no_alert_not_final_benign,-1,dns,port
2025-07-19T23:03:08.784010+0700,103.195.142.165,87.98.154.119,53,45024,UDP,flow,failed,976593064891393,,1,1,0,1437,0,0.0,1,1437,0,none,0,none,0,0,0,no_alert_unknown,no_alert_not_final_benign,-1,dns,port
2025-07-19T23:03:08.803117+0700,103.195.142.74,8.8.8.8,13688,53,UDP,dns,,1197565009320362,wire/pcap,0,0,0,0,0,0.0,0,0,0,none,0,none,0,0,0,no_alert_unknown,no_alert_not_final_benign,-1,dns,port
2025-07-19T23:03:08.803224+0700,103.195.142.74,118.98.44.20,44462,53,UDP,dns,,1198022220537054,wire/pcap,0,0,0,0,0,0.0,0,0,0,none,0,none,0,0,0,no_alert_unknown,no_alert_not_final_benign,-1,dns,port
2025-07-19T23:03:08.826797+0700,103.195.142.75,8.8.8.8,62648,53,UDP,dns,,1299268333796649,wire/pcap,0,0,0,0,0,0.0,0,0,0,none,0,none,0,0,0,no_alert_unknown,no_alert_not_final_benign,-1,dns,port
2025-07-19T23:03:08.863054+0700,103.195.142.74,118.98.44.100,37989,53,UDP,dns,,1173515246147626,wire/pcap,0,0,0,0,0,0.0,0,0,0,none,0,none,0,0,0,no_alert_unknown,no_alert_not_final_benign,-1,dns,port
2025-07-19T23:03:08.863117+0700,103.195.142.74,118.98.44.50,47909,53,UDP,dns,,1173788029993389,wire/pcap,0,0,0,0,0,0.0,0,0,0,none,0,none,0,0,0,no_alert_unknown,no_alert_not_final_benign,-1,dns,port
2025-07-19T23:03:08.907510+0700,103.195.142.74,202.134.0.155,33516,53,UDP,dns,,1364453952655460,wire/pcap,0,0,0,0,0,0.0,0,0,0,none,0,none,0,0,0,no_alert_unknown,no_alert_not_final_benign,-1,dns,port
2025-07-19T23:03:08.920162+0700,103.195.142.74,118.98.44.100,22014,53,UDP,dns,,1137318200749479,wire/pcap,0,0,0,0,0,0.0,0,0,0,none,0,none,0,0,0,no_alert_unknown,no_alert_not_final_benign,-1,dns,port
2025-07-19T23:03:08.924890+0700,103.195.142.108,8.8.8.8,1900,53,UDP,dns,,1216074754602613,wire/pcap,0,0,0,0,0,0.0,0,0,0,none,0,none,0,0,0,no_alert_unknown,no_alert_not_final_benign,-1,dns,port
2025-07-19T23:03:08.935425+0700,103.195.142.74,118.98.44.20,9535,53,UDP,dns,,1202872396100713,wire/pcap,0,0,0,0,0,0.0,0,0,0,none,0,none,0,0,0,no_alert_unknown,no_alert_not_final_benign,-1,dns,port
2025-07-19T23:03:08.935491+0700,103.195.142.75,8.8.8.8,12915,53,UDP,dns,,1203156601018261,wire/pcap,0,0,0,0,0,0.0,0,0,0,none,0,none,0,0,0,no_alert_unknown,no_alert_not_final_benign,-1,dns,port
2025-07-19T23:03:08.935831+0700,103.195.142.75,8.8.8.8,65060,53,UDP,dns,,1204616191541465,wire/pcap,0,0,0,0,0,0.0,0,0,0,none,0,none,0,0,0,no_alert_unknown,no_alert_not_final_benign,-1,dns,port
2025-07-19T23:03:08.955014+0700,103.195.142.75,8.8.8.8,1301,53,UDP,dns,,1287008257786816,wire/pcap,0,0,0,0,0,0.0,0,0,0,none,0,none,0,0,0,no_alert_unknown,no_alert_not_final_benign,-1,dns,port
2025-07-19T23:03:08.969960+0700,103.195.142.74,34.8.38.57,31646,53,UDP,flow,dns,1517928940957643,,1,1,0,222,0,0.0,1,222,0,none,0,none,0,0,0,no_alert_unknown,no_alert_not_final_benign,-1,dns,app_proto+port
2025-07-19T23:03:08.970114+0700,103.195.142.74,118.98.44.50,2208,53,UDP,dns,,1351862376442795,wire/pcap,0,0,0,0,0,0.0,0,0,0,none,0,none,0,0,0,no_alert_unknown,no_alert_not_final_benign,-1,dns,port
2025-07-19T23:03:08.982503+0700,103.195.142.74,202.134.0.155,41021,53,UDP,dns,,1405071051112895,wire/pcap,0,0,0,0,0,0.0,0,0,0,none,0,none,0,0,0,no_alert_unknown,no_alert_not_final_benign,-1,dns,port
2025-07-19T23:03:08.992252+0700,103.195.142.75,8.8.8.8,55360,53,UDP,dns,,1165469271536119,wire/pcap,0,0,0,0,0,0.0,0,0,0,none,0,none,0,0,0,no_alert_unknown,no_alert_not_final_benign,-1,dns,port
2025-07-19T23:03:08.993332+0700,103.195.142.74,202.134.0.155,49695,53,UDP,dns,,1170107826416319,wire/pcap,0,0,0,0,0,0.0,0,0,0,none,0,none,0,0,0,no_alert_unknown,no_alert_not_final_benign,-1,dns,port
2025-07-19T23:03:09.001012+0700,103.195.142.74,118.98.44.50,20124,53,UDP,dns,,1411724331767973,wire/pcap,0,0,0,0,0,0.0,0,0,0,none,0,none,0,0,0,no_alert_unknown,no_alert_not_final_benign,-1,dns,port
2025-07-19T23:03:09.007247+0700,103.195.142.74,118.98.44.100,48822,53,UDP,dns,,1438501366906239,wire/pcap,0,0,0,0,0,0.0,0,0,0,none,0,none,0,0,0,no_alert_unknown,no_alert_not_final_benign,-1,dns,port
2025-07-19T23:03:09.007464+0700,103.195.142.74,202.134.0.155,47381,53,UDP,dns,,1439436360729714,wire/pcap,0,0,0,0,0,0.0,0,0,0,none,0,none,0,0,0,no_alert_unknown,no_alert_not_final_benign,-1,dns,port
2025-07-19T23:03:09.009373+0700,103.195.142.196,87.98.154.119,53,32706,UDP,flow,failed,1911274381514575,,1,1,0,1437,0,0.0,1,1437,0,none,0,none,0,0,0,no_alert_unknown,no_alert_not_final_benign,-1,dns,port
2025-07-19T23:03:09.013750+0700,103.195.142.74,118.98.44.100,3648,53,UDP,dns,,1466433712851323,wire/pcap,0,0,0,0,0,0.0,0,0,0,none,0,none,0,0,0,no_alert_unknown,no_alert_not_final_benign,-1,dns,port
2025-07-19T23:03:09.029700+0700,103.195.142.195,87.98.154.168,53,42877,UDP,flow,failed,1534567933067023,,1,1,0,1437,0,0.0,1,1437,0,none,0,none,0,0,0,no_alert_unknown,no_alert_not_final_benign,-1,dns,port
2025-07-19T23:03:09.034196+0700,103.195.142.74,50.28.104.44,7163,53,UDP,dns,,1554245771011493,wire/pcap,0,0,0,0,0,0.0,0,0,0,none,0,none,0,0,0,no_alert_unknown,no_alert_not_final_benign,-1,dns,port
2025-07-19T23:03:09.040314+0700,103.195.142.74,118.98.44.50,41386,53,UDP,dns,,1580526232812647,wire/pcap,0,0,0,0,0,0.0,0,0,0,none,0,none,0,0,0,no_alert_unknown,no_alert_not_final_benign,-1,dns,port
2025-07-19T23:03:09.044646+0700,103.195.142.74,118.98.44.20,57272,53,UDP,dns,,1599131733305167,wire/pcap,0,0,0,0,0,0.0,0,0,0,none,0,none,0,0,0,no_alert_unknown,no_alert_not_final_benign,-1,dns,port
2025-07-19T23:03:09.053622+0700,103.195.142.74,118.98.44.100,64986,53,UDP,dns,,1637680768654226,wire/pcap,0,0,0,0,0,0.0,0,0,0,none,0,none,0,0,0,no_alert_unknown,no_alert_not_final_benign,-1,dns,port
2025-07-19T23:03:09.056238+0700,103.195.142.74,118.98.44.50,27276,53,UDP,dns,,1648916843428861,wire/pcap,0,0,0,0,0,0.0,0,0,0,none,0,none,0,0,0,no_alert_unknown,no_alert_not_final_benign,-1,dns,port
2025-07-19T23:03:09.057174+0700,103.195.142.74,118.98.44.100,6389,53,UDP,dns,,1652936721906504,wire/pcap,0,0,0,0,0,0.0,0,0,0,none,0,none,0,0,0,no_alert_unknown,no_alert_not_final_benign,-1,dns,port
2025-07-19T23:03:09.081784+0700,103.195.142.74,202.134.0.155,9033,53,UDP,dns,,1477159513476495,wire/pcap,0,0,0,0,0,0.0,0,0,0,none,0,none,0,0,0,no_alert_unknown,no_alert_not_final_benign,-1,dns,port
2025-07-19T23:03:09.108071+0700,103.195.142.74,118.98.44.100,52375,53,UDP,dns,,1590063901325685,wire/pcap,0,0,0,0,0,0.0,0,0,0,none,0,none,0,0,0,no_alert_unknown,no_alert_not_final_benign,-1,dns,port
2025-07-19T23:03:09.111684+0700,103.195.142.75,8.8.8.8,50476,53,UDP,dns,,1605580985822182,wire/pcap,0,0,0,0,0,0.0,0,0,0,none,0,none,0,0,0,no_alert_unknown,no_alert_not_final_benign,-1,dns,port
2025-07-19T23:03:09.114834+0700,103.195.142.3,172.217.43.145,53,49668,UDP,flow,failed,1772697364067580,,1,1,0,204,0,0.0,1,204,0,none,0,none,0,0,0,no_alert_unknown,no_alert_not_final_benign,-1,dns,port
2025-07-19T23:03:09.156609+0700,103.195.142.74,118.98.44.20,17690,53,UDP,dns,,1517057790170336,wire/pcap,0,0,0,0,0,0.0,0,0,0,none,0,none,0,0,0,no_alert_unknown,no_alert_not_final_benign,-1,dns,port
2025-07-19T23:03:09.166595+0700,103.195.142.74,118.98.44.20,2696,53,UDP,dns,,1559945939349609,wire/pcap,0,0,0,0,0,0.0,0,0,0,none,0,none,0,0,0,no_alert_unknown,no_alert_not_final_benign,-1,dns,port
2025-07-19T23:03:09.190702+0700,103.195.142.74,202.134.0.155,63757,53,UDP,dns,,1663487567342619,wire/pcap,0,0,0,0,0,0.0,0,0,0,none,0,none,0,0,0,no_alert_unknown,no_alert_not_final_benign,-1,dns,port
2025-07-19T23:03:09.190776+0700,103.195.142.74,118.98.44.20,52990,53,UDP,dns,,1663801889466985,wire/pcap,0,0,0,0,0,0.0,0,0,0,none,0,none,0,0,0,no_alert_unknown,no_alert_not_final_benign,-1,dns,port
2025-07-19T23:03:09.190758+0700,103.195.142.74,118.98.44.20,42686,53,UDP,dns,,1663725939188714,wire/pcap,0,0,0,0,0,0.0,0,0,0,none,0,none,0,0,0,no_alert_unknown,no_alert_not_final_benign,-1,dns,port
2025-07-19T23:03:09.213617+0700,103.195.142.74,118.98.44.100,37185,53,UDP,dns,,1480430267150944,wire/pcap,0,0,0,0,0,0.0,0,0,0,none,0,none,0,0,0,no_alert_unknown,no_alert_not_final_benign,-1,dns,port
2025-07-19T23:03:09.238566+0700,103.195.142.74,118.98.44.50,54742,53,UDP,dns,,1587586622571529,wire/pcap,0,0,0,0,0,0.0,0,0,0,none,0,none,0,0,0,no_alert_unknown,no_alert_not_final_benign,-1,dns,port
2025-07-19T23:03:09.240144+0700,103.195.142.75,216.38.8.120,9043,53,UDP,dns,,1594364288948789,wire/pcap,0,0,0,0,0,0.0,0,0,0,none,0,none,0,0,0,no_alert_unknown,no_alert_not_final_benign,-1,dns,port
2025-07-19T23:03:09.266269+0700,103.195.142.196,87.98.154.117,53,40494,UDP,flow,failed,1930194298240413,,1,1,0,1437,0,0.0,1,1437,0,none,0,none,0,0,0,no_alert_unknown,no_alert_not_final_benign,-1,dns,port
2025-07-19T23:03:09.281724+0700,103.195.142.75,8.8.8.8,27281,53,UDP,dns,,1491472204245836,wire/pcap,0,0,0,0,0,0.0,0,0,0,none,0,none,0,0,0,no_alert_unknown,no_alert_not_final_benign,-1,dns,port
2025-07-19T23:03:09.290355+0700,103.195.142.74,202.134.0.155,55644,53,UDP,dns,,1528541564144752,wire/pcap,0,0,0,0,0,0.0,0,0,0,none,0,none,0,0,0,no_alert_unknown,no_alert_not_final_benign,-1,dns,port
2025-07-19T23:03:09.308414+0700,103.195.142.74,118.98.44.20,24076,53,UDP,dns,,1606105218089139,wire/pcap,0,0,0,0,0,0.0,0,0,0,none,0,none,0,0,0,no_alert_unknown,no_alert_not_final_benign,-1,dns,port
2025-07-19T23:03:09.308500+0700,103.195.142.75,8.8.8.8,19158,53,UDP,dns,,1606472901098690,wire/pcap,0,0,0,0,0,0.0,0,0,0,none,0,none,0,0,0,no_alert_unknown,no_alert_not_final_benign,-1,dns,port
2025-07-19T23:03:09.311839+0700,103.195.142.74,202.134.0.155,12905,53,UDP,dns,,1620817356761134,wire/pcap,0,0,0,0,0,0.0,0,0,0,none,0,none,0,0,0,no_alert_unknown,no_alert_not_final_benign,-1,dns,port
2025-07-19T23:03:09.342814+0700,103.195.142.74,118.98.44.50,11701,53,UDP,dns,,1472377481309175,wire/pcap,0,0,0,0,0,0.0,0,0,0,none,0,none,0,0,0,no_alert_unknown,no_alert_not_final_benign,-1,dns,port
2025-07-19T23:03:09.343125+0700,103.195.142.75,8.8.8.8,29655,53,UDP,dns,,1473710886639450,wire/pcap,0,0,0,0,0,0.0,0,0,0,none,0,none,0,0,0,no_alert_unknown,no_alert_not_final_benign,-1,dns,port
2025-07-19T23:03:09.348440+0700,103.195.142.74,202.134.0.155,48108,53,UDP,dns,,1496538947044244,wire/pcap,0,0,0,0,0,0.0,0,0,0,none,0,none,0,0,0,no_alert_unknown,no_alert_not_final_benign,-1,dns,port
2025-07-19T23:03:09.370580+0700,103.195.142.74,118.98.44.20,44653,53,UDP,dns,,1591631041152639,wire/pcap,0,0,0,0,0,0.0,0,0,0,none,0,none,0,0,0,no_alert_unknown,no_alert_not_final_benign,-1,dns,port
2025-07-19T23:03:09.393472+0700,103.195.142.74,118.98.44.20,11313,53,UDP,dns,,1408474593696746,wire/pcap,0,0,0,0,0,0.0,0,0,0,none,0,none,0,0,0,no_alert_unknown,no_alert_not_final_benign,-1,dns,port
2025-07-19T23:03:09.399430+0700,103.195.142.74,118.98.44.100,31255,53,UDP,dns,,1434064140710658,wire/pcap,0,0,0,0,0,0.0,0,0,0,none,0,none,0,0,0,no_alert_unknown,no_alert_not_final_benign,-1,dns,port
2025-07-19T23:03:09.400890+0700,103.195.142.74,118.98.44.50,23980,53,UDP,dns,,1440336195613114,wire/pcap,0,0,0,0,0,0.0,0,0,0,none,0,none,0,0,0,no_alert_unknown,no_alert_not_final_benign,-1,dns,port
2025-07-19T23:03:09.416399+0700,103.195.142.75,8.8.8.8,29220,53,UDP,dns,,1506945959922215,wire/pcap,0,0,0,0,0,0.0,0,0,0,none,0,none,0,0,0,no_alert_unknown,no_alert_not_final_benign,-1,dns,port
2025-07-19T23:03:09.419604+0700,103.195.142.74,118.98.44.100,2655,53,UDP,dns,,1520711647864014,wire/pcap,0,0,0,0,0,0.0,0,0,0,none,0,none,0,0,0,no_alert_unknown,no_alert_not_final_benign,-1,dns,port
2025-07-19T23:03:09.436217+0700,103.195.142.74,118.98.44.50,4417,53,UDP,dns,,1592066924334186,wire/pcap,0,0,0,0,0,0.0,0,0,0,none,0,none,0,0,0,no_alert_unknown,no_alert_not_final_benign,-1,dns,port
2025-07-19T23:03:09.436151+0700,103.195.142.74,118.98.44.100,21725,53,UDP,dns,,1591781859693723,wire/pcap,0,0,0,0,0,0.0,0,0,0,none,0,none,0,0,0,no_alert_unknown,no_alert_not_final_benign,-1,dns,port
2025-07-19T23:03:09.442487+0700,103.195.142.75,8.8.8.8,6286,53,UDP,dns,,1618993422491921,wire/pcap,0,0,0,0,0,0.0,0,0,0,none,0,none,0,0,0,no_alert_unknown,no_alert_not_final_benign,-1,dns,port
2025-07-19T23:03:09.443527+0700,103.195.142.75,8.8.8.8,62681,53,UDP,dns,,1623462321472037,wire/pcap,0,0,0,0,0,0.0,0,0,0,none,0,none,0,0,0,no_alert_unknown,no_alert_not_final_benign,-1,dns,port
2025-07-19T23:03:09.444379+0700,103.195.142.74,34.8.38.57,57646,53,UDP,dns,,1627119808806494,wire/pcap,0,0,0,0,0,0.0,0,0,0,none,0,none,0,0,0,no_alert_unknown,no_alert_not_final_benign,-1,dns,port
2025-07-19T23:03:09.471147+0700,103.195.142.74,34.8.196.142,58007,53,UDP,dns,,1460614607809825,wire/pcap,0,0,0,0,0,0.0,0,0,0,none,0,none,0,0,0,no_alert_unknown,no_alert_not_final_benign,-1,dns,port
2025-07-19T23:03:09.478718+0700,103.195.142.74,118.98.44.20,63355,53,UDP,dns,,1493130730919924,wire/pcap,0,0,0,0,0,0.0,0,0,0,none,0,none,0,0,0,no_alert_unknown,no_alert_not_final_benign,-1,dns,port
2025-07-19T23:03:09.478876+0700,103.195.142.74,118.98.44.20,29202,53,UDP,dns,,1493810775968234,wire/pcap,0,0,0,0,0,0.0,0,0,0,none,0,none,0,0,0,no_alert_unknown,no_alert_not_final_benign,-1,dns,port
2025-07-19T23:03:09.488470+0700,103.195.142.74,118.98.44.50,34548,53,UDP,dns,,1535012723200528,wire/pcap,0,0,0,0,0,0.0,0,0,0,none,0,none,0,0,0,no_alert_unknown,no_alert_not_final_benign,-1,dns,port
2025-07-19T23:03:09.497445+0700,103.195.142.75,8.8.8.8,52136,53,UDP,dns,,1573563995298091,wire/pcap,0,0,0,0,0,0.0,0,0,0,none,0,none,0,0,0,no_alert_unknown,no_alert_not_final_benign,-1,dns,port
2025-07-19T23:03:09.500588+0700,103.195.142.74,118.98.44.50,12635,53,UDP,dns,,1587060014648010,wire/pcap,0,0,0,0,0,0.0,0,0,0,none,0,none,0,0,0,no_alert_unknown,no_alert_not_final_benign,-1,dns,port
2025-07-19T23:03:09.501571+0700,103.195.142.75,8.8.8.8,57625,53,UDP,dns,,1591283350110478,wire/pcap,0,0,0,0,0,0.0,0,0,0,none,0,none,0,0,0,no_alert_unknown,no_alert_not_final_benign,-1,dns,port
2025-07-19T23:03:09.501836+0700,103.195.142.75,8.8.8.8,65240,53,UDP,dns,,1592419959757077,wire/pcap,0,0,0,0,0,0.0,0,0,0,none,0,none,0,0,0,no_alert_unknown,no_alert_not_final_benign,-1,dns,port
2025-07-19T23:03:09.502310+0700,103.195.142.74,202.134.0.155,37045,53,UDP,dns,,1594458240247294,wire/pcap,0,0,0,0,0,0.0,0,0,0,none,0,none,0,0,0,no_alert_unknown,no_alert_not_final_benign,-1,dns,port
2025-07-19T23:03:09.502633+0700,103.195.142.74,202.134.0.155,11298,53,UDP,dns,,1595845934928322,wire/pcap,0,0,0,0,0,0.0,0,0,0,none,0,none,0,0,0,no_alert_unknown,no_alert_not_final_benign,-1,dns,port
2025-07-19T23:03:09.502784+0700,103.195.142.74,202.134.0.155,17852,53,UDP,dns,,1596492757501464,wire/pcap,0,0,0,0,0,0.0,0,0,0,none,0,none,0,0,0,no_alert_unknown,no_alert_not_final_benign,-1,dns,port
2025-07-19T23:03:09.502880+0700,103.195.142.74,118.98.44.50,55705,53,UDP,dns,,1596906494039414,wire/pcap,0,0,0,0,0,0.0,0,0,0,none,0,none,0,0,0,no_alert_unknown,no_alert_not_final_benign,-1,dns,port
2025-07-19T23:03:09.503009+0700,103.195.142.74,118.98.44.100,61602,53,UDP,dns,,1597457588204862,wire/pcap,0,0,0,0,0,0.0,0,0,0,none,0,none,0,0,0,no_alert_unknown,no_alert_not_final_benign,-1,dns,port
2025-07-19T23:03:09.503126+0700,103.195.142.75,8.8.8.8,35238,53,UDP,dns,,1597961829895727,wire/pcap,0,0,0,0,0,0.0,0,0,0,none,0,none,0,0,0,no_alert_unknown,no_alert_not_final_benign,-1,dns,port
2025-07-19T23:03:09.503208+0700,103.195.142.74,202.134.0.155,11623,53,UDP,dns,,1598313785910187,wire/pcap,0,0,0,0,0,0.0,0,0,0,none,0,none,0,0,0,no_alert_unknown,no_alert_not_final_benign,-1,dns,port
2025-07-19T23:03:09.512612+0700,103.195.142.74,118.98.44.100,53100,53,UDP,dns,,1638703434033054,wire/pcap,0,0,0,0,0,0.0,0,0,0,none,0,none,0,0,0,no_alert_unknown,no_alert_not_final_benign,-1,dns,port
2025-07-19T23:03:09.515374+0700,103.195.142.74,118.98.44.50,19723,53,UDP,dns,,1650566790467499,wire/pcap,0,0,0,0,0,0.0,0,0,0,none,0,none,0,0,0,no_alert_unknown,no_alert_not_final_benign,-1,dns,port
2025-07-19T23:03:09.558670+0700,103.195.142.75,8.8.8.8,37241,53,UDP,dns,,1555048140615172,wire/pcap,0,0,0,0,0,0.0,0,0,0,none,0,none,0,0,0,no_alert_unknown,no_alert_not_final_benign,-1,dns,port
2025-07-19T23:03:09.558800+0700,103.195.142.74,118.98.44.20,1997,53,UDP,dns,,1555603280298810,wire/pcap,0,0,0,0,0,0.0,0,0,0,none,0,none,0,0,0,no_alert_unknown,no_alert_not_final_benign,-1,dns,port
2025-07-19T23:03:09.572077+0700,103.195.142.74,118.98.44.50,61117,53,UDP,dns,,1612629368257325,wire/pcap,0,0,0,0,0,0.0,0,0,0,none,0,none,0,0,0,no_alert_unknown,no_alert_not_final_benign,-1,dns,port
2025-07-19T23:03:09.582677+0700,103.195.142.74,202.134.0.155,54523,53,UDP,dns,,1658153819883200,wire/pcap,0,0,0,0,0,0.0,0,0,0,none,0,none,0,0,0,no_alert_unknown,no_alert_not_final_benign,-1,dns,port
2025-07-19T23:03:09.582746+0700,103.195.142.74,50.28.32.153,45752,53,UDP,dns,,1658453295928393,wire/pcap,0,0,0,0,0,0.0,0,0,0,none,0,none,0,0,0,no_alert_unknown,no_alert_not_final_benign,-1,dns,port
2025-07-19T23:03:09.586378+0700,103.195.142.74,118.98.44.20,61985,53,UDP,dns,,1674053309067030,wire/pcap,0,0,0,0,0,0.0,0,0,0,none,0,none,0,0,0,no_alert_unknown,no_alert_not_final_benign,-1,dns,port
2025-07-19T23:03:09.586486+0700,103.195.142.74,118.98.44.100,62051,53,UDP,dns,,1674515384859763,wire/pcap,0,0,0,0,0,0.0,0,0,0,none,0,none,0,0,0,no_alert_unknown,no_alert_not_final_benign,-1,dns,port
2025-07-19T23:03:09.588849+0700,103.195.142.109,87.98.154.153,53,27075,UDP,flow,failed,1501654875376926,,1,1,0,1437,0,0.0,1,1437,0,none,0,none,0,0,0,no_alert_unknown,no_alert_not_final_benign,-1,dns,port
2025-07-19T23:03:09.605520+0700,103.195.142.74,118.98.44.100,30579,53,UDP,dns,,1474790266478712,wire/pcap,0,0,0,0,0,0.0,0,0,0,none,0,none,0,0,0,no_alert_unknown,no_alert_not_final_benign,-1,dns,port
2025-07-19T23:03:09.613000+0700,103.195.142.75,50.28.102.86,11185,53,UDP,dns,,1506915628007446,wire/pcap,0,0,0,0,0,0.0,0,0,0,none,0,none,0,0,0,no_alert_unknown,no_alert_not_final_benign,-1,dns,port
2025-07-19T23:03:09.631503+0700,103.195.142.74,118.98.44.20,42038,53,UDP,dns,,1586388557308455,wire/pcap,0,0,0,0,0,0.0,0,0,0,none,0,none,0,0,0,no_alert_unknown,no_alert_not_final_benign,-1,dns,port
2025-07-19T23:03:09.642777+0700,103.195.142.74,202.134.0.155,21848,53,UDP,dns,,1634809459672966,wire/pcap,0,0,0,0,0,0.0,0,0,0,none,0,none,0,0,0,no_alert_unknown,no_alert_not_final_benign,-1,dns,port
2025-07-19T23:03:09.643115+0700,103.195.142.74,202.134.0.155,27998,53,UDP,dns,,1636261060977833,wire/pcap,0,0,0,0,0,0.0,0,0,0,none,0,none,0,0,0,no_alert_unknown,no_alert_not_final_benign,-1,dns,port
2025-07-19T23:03:09.655208+0700,103.195.142.74,202.134.0.155,44064,53,UDP,dns,,1688198821901475,wire/pcap,0,0,0,0,0,0.0,0,0,0,none,0,none,0,0,0,no_alert_unknown,no_alert_not_final_benign,-1,dns,port
2025-07-19T23:03:09.665108+0700,103.195.142.74,118.98.44.100,43804,53,UDP,dns,,1449244991045447,wire/pcap,0,0,0,0,0,0.0,0,0,0,none,0,none,0,0,0,no_alert_unknown,no_alert_not_final_benign,-1,dns,port
2025-07-19T23:03:09.694589+0700,103.195.142.74,202.134.0.155,9771,53,UDP,dns,,1575866402492395,wire/pcap,0,0,0,0,0,0.0,0,0,0,none,0,none,0,0,0,no_alert_unknown,no_alert_not_final_benign,-1,dns,port
2025-07-19T23:03:09.706566+0700,103.195.142.74,202.134.0.155,58731,53,UDP,dns,,1627303926828104,wire/pcap,0,0,0,0,0,0.0,0,0,0,none,0,none,0,0,0,no_alert_unknown,no_alert_not_final_benign,-1,dns,port
2025-07-19T23:03:09.717725+0700,103.195.142.196,87.98.154.119,53,44297,UDP,flow,failed,1616858893877877,,1,1,0,1437,0,0.0,1,1437,0,none,0,none,0,0,0,no_alert_unknown,no_alert_not_final_benign,-1,dns,port
2025-07-19T23:03:09.729369+0700,103.195.142.74,118.98.44.50,53968,53,UDP,dns,,1443767826755986,wire/pcap,0,0,0,0,0,0.0,0,0,0,none,0,none,0,0,0,no_alert_unknown,no_alert_not_final_benign,-1,dns,port
2025-07-19T23:03:09.765399+0700,103.195.142.74,118.98.44.20,26425,53,UDP,flow,dns,749026236634165,,1,1,0,214,0,0.0,1,214,0,none,0,none,0,0,0,no_alert_unknown,no_alert_not_final_benign,-1,dns,app_proto+port
2025-07-19T23:03:09.765468+0700,103.195.142.76,87.98.154.119,53,10338,UDP,flow,failed,1560279928869949,,1,1,0,1469,0,0.0,1,1469,0,none,0,none,0,0,0,no_alert_unknown,no_alert_not_final_benign,-1,dns,port
2025-07-19T23:03:09.765514+0700,103.195.142.109,87.98.154.119,53,62034,UDP,flow,failed,1297584169620647,,1,1,0,1437,0,0.0,1,1437,0,none,0,none,0,0,0,no_alert_unknown,no_alert_not_final_benign,-1,dns,port
2025-07-19T23:03:09.765549+0700,103.195.142.196,87.98.154.119,53,47911,UDP,flow,failed,622737570206914,,1,1,0,1437,0,0.0,1,1437,0,none,0,none,0,0,0,no_alert_unknown,no_alert_not_final_benign,-1,dns,port
2025-07-19T23:03:09.765597+0700,103.195.142.76,87.98.154.119,53,57174,UDP,flow,failed,1213933743707505,,1,1,0,1469,0,0.0,1,1469,0,none,0,none,0,0,0,no_alert_unknown,no_alert_not_final_benign,-1,dns,port
2025-07-19T23:03:09.765617+0700,103.195.142.74,118.98.44.50,38802,53,UDP,flow,dns,1067414073251222,,1,1,0,76,0,0.0,1,76,0,none,0,none,0,0,0,no_alert_unknown,no_alert_not_final_benign,-1,dns,app_proto+port
2025-07-19T23:03:09.765668+0700,103.195.142.74,118.98.44.100,30929,53,UDP,flow,dns,1189562462311901,,1,1,0,211,0,0.0,1,211,0,none,0,none,0,0,0,no_alert_unknown,no_alert_not_final_benign,-1,dns,app_proto+port
2025-07-19T23:03:09.765773+0700,103.195.142.3,60.29.229.59,53,36287,UDP,flow,failed,1109707354871301,,1,1,0,148,0,0.0,1,148,0,none,0,none,0,0,0,no_alert_unknown,no_alert_not_final_benign,-1,dns,port
2025-07-19T23:03:09.765810+0700,103.195.142.196,87.98.154.77,53,34345,UDP,flow,failed,1417200648459795,,1,1,0,1437,0,0.0,1,1437,0,none,0,none,0,0,0,no_alert_unknown,no_alert_not_final_benign,-1,dns,port
2025-07-19T23:03:09.765844+0700,103.195.142.74,50.28.32.153,20988,53,UDP,flow,dns,1148431230178894,,1,1,0,85,0,0.0,1,85,0,none,0,none,0,0,0,no_alert_unknown,no_alert_not_final_benign,-1,dns,app_proto+port
2025-07-19T23:03:09.765865+0700,103.195.142.74,202.134.0.155,51141,53,UDP,flow,dns,1679844314257014,,1,1,0,211,0,0.0,1,211,0,none,0,none,0,0,0,no_alert_unknown,no_alert_not_final_benign,-1,dns,app_proto+port
2025-07-19T23:03:09.765888+0700,103.195.142.165,87.98.154.119,53,11304,UDP,flow,failed,1518355754391170,,1,1,0,1437,0,0.0,1,1437,0,none,0,none,0,0,0,no_alert_unknown,no_alert_not_final_benign,-1,dns,port
2025-07-19T23:03:09.765933+0700,103.195.142.109,87.98.154.181,53,27182,UDP,flow,failed,877864435586889,,1,2,0,2874,0,7.0,2,2874,0,none,0,none,0,0,0,no_alert_unknown,no_alert_not_final_benign,-1,dns,port
2025-07-19T23:03:09.765952+0700,103.195.142.109,87.98.154.209,53,63341,UDP,flow,failed,1404362143635295,,1,1,0,1437,0,0.0,1,1437,0,none,0,none,0,0,0,no_alert_unknown,no_alert_not_final_benign,-1,dns,port
2025-07-19T23:03:09.766021+0700,103.195.142.195,87.98.154.119,53,16244,UDP,flow,failed,1311046014998548,,1,1,0,1437,0,0.0,1,1437,0,none,0,none,0,0,0,no_alert_unknown,no_alert_not_final_benign,-1,dns,port
2025-07-19T23:03:09.766039+0700,103.195.142.74,118.98.44.20,27568,53,UDP,flow,dns,571366772774942,,1,1,0,78,0,0.0,1,78,0,none,0,none,0,0,0,no_alert_unknown,no_alert_not_final_benign,-1,dns,app_proto+port
2025-07-19T23:03:09.766063+0700,103.195.142.75,8.8.8.8,26750,53,UDP,flow,dns,1673029374908449,,1,1,0,232,0,0.0,1,232,0,none,0,none,0,0,0,no_alert_unknown,no_alert_not_final_benign,-1,dns,app_proto+port
2025-07-19T23:03:09.766086+0700,103.195.142.196,87.98.154.117,53,51014,UDP,flow,failed,957449595918405,,1,1,0,1437,0,0.0,1,1437,0,none,0,none,0,0,0,no_alert_unknown,no_alert_not_final_benign,-1,dns,port
2025-07-19T23:03:09.766246+0700,103.195.142.74,118.98.44.100,56783,53,UDP,flow,dns,1588638396848458,,1,1,0,92,0,0.0,1,92,0,none,0,none,0,0,0,no_alert_unknown,no_alert_not_final_benign,-1,dns,app_proto+port
2025-07-19T23:03:09.766295+0700,103.195.142.74,202.134.0.155,53275,53,UDP,flow,dns,717625898703340,,1,1,0,108,0,0.0,1,108,0,none,0,none,0,0,0,no_alert_unknown,no_alert_not_final_benign,-1,dns,app_proto+port
2025-07-19T23:03:09.766320+0700,103.195.142.109,87.98.154.145,53,64255,UDP,flow,failed,864506399234759,,1,1,0,1437,0,0.0,1,1437,0,none,0,none,0,0,0,no_alert_unknown,no_alert_not_final_benign,-1,dns,port
2025-07-19T23:03:09.766359+0700,103.195.142.74,118.98.44.50,33332,53,UDP,flow,dns,1110501435841225,,1,2,0,204,0,8.0,2,204,0,none,0,none,0,0,0,no_alert_unknown,no_alert_not_final_benign,-1,dns,app_proto+port
2025-07-19T23:03:09.766383+0700,103.195.142.75,8.8.8.8,14208,53,UDP,flow,dns,752685663918801,,1,1,0,95,0,0.0,1,95,0,none,0,none,0,0,0,no_alert_unknown,no_alert_not_final_benign,-1,dns,app_proto+port
2025-07-19T23:03:09.766455+0700,103.195.142.195,87.98.154.140,53,58133,UDP,flow,failed,1475788666641280,,1,1,0,1437,0,0.0,1,1437,0,none,0,none,0,0,0,no_alert_unknown,no_alert_not_final_benign,-1,dns,port
2025-07-19T23:03:09.766489+0700,103.195.142.196,87.98.154.161,53,51959,UDP,flow,failed,1359788652043165,,1,1,0,1437,0,0.0,1,1437,0,none,0,none,0,0,0,no_alert_unknown,no_alert_not_final_benign,-1,dns,port
2025-07-19T23:03:09.766508+0700,103.195.142.76,87.98.154.119,53,29123,UDP,flow,failed,1232778873609144,,1,1,0,1469,0,0.0,1,1469,0,none,0,none,0,0,0,no_alert_unknown,no_alert_not_final_benign,-1,dns,port
2025-07-19T23:03:09.766534+0700,103.195.142.109,87.98.154.125,53,37218,UDP,flow,failed,705903671516130,,1,1,0,1437,0,0.0,1,1437,0,none,0,none,0,0,0,no_alert_unknown,no_alert_not_final_benign,-1,dns,port
2025-07-19T23:03:09.766600+0700,103.195.142.75,8.8.8.8,55890,53,UDP,flow,dns,762002977594436,,1,1,0,83,0,0.0,1,83,0,none,0,none,0,0,0,no_alert_unknown,no_alert_not_final_benign,-1,dns,app_proto+port
2025-07-19T23:03:09.766660+0700,103.195.142.74,118.98.44.20,29831,53,UDP,flow,dns,1211707053644908,,1,1,0,196,0,0.0,1,196,0,none,0,none,0,0,0,no_alert_unknown,no_alert_not_final_benign,-1,dns,app_proto+port
2025-07-19T23:03:09.766697+0700,103.195.142.74,118.98.44.100,30016,53,UDP,flow,dns,1378259925343343,,1,1,0,68,0,0.0,1,68,0,none,0,none,0,0,0,no_alert_unknown,no_alert_not_final_benign,-1,dns,app_proto+port
2025-07-19T23:03:09.766776+0700,103.195.142.83,87.98.154.119,53,47571,UDP,flow,failed,1174996492557425,,1,1,0,1190,0,0.0,1,1190,0,none,0,none,0,0,0,no_alert_unknown,no_alert_not_final_benign,-1,dns,port
2025-07-19T23:03:09.766830+0700,103.195.142.74,118.98.44.100,28167,53,UDP,flow,dns,885302959873275,,1,1,0,87,0,0.0,1,87,0,none,0,none,0,0,0,no_alert_unknown,no_alert_not_final_benign,-1,dns,app_proto+port
2025-07-19T23:03:09.766863+0700,103.195.142.74,118.98.44.50,59871,53,UDP,flow,dns,1581832324193535,,1,1,0,88,0,0.0,1,88,0,none,0,none,0,0,0,no_alert_unknown,no_alert_not_final_benign,-1,dns,app_proto+port
2025-07-19T23:03:09.766909+0700,103.195.142.74,202.134.0.155,53777,53,UDP,flow,dns,1436118194003438,,1,1,0,71,0,0.0,1,71,0,none,0,none,0,0,0,no_alert_unknown,no_alert_not_final_benign,-1,dns,app_proto+port
2025-07-19T23:03:09.766947+0700,103.195.142.195,87.98.154.119,53,20186,UDP,flow,failed,661455867026936,,1,1,0,1437,0,0.0,1,1437,0,none,0,none,0,0,0,no_alert_unknown,no_alert_not_final_benign,-1,dns,port
2025-07-19T23:03:09.766992+0700,103.195.142.74,118.98.44.100,24359,53,UDP,flow,dns,1527922563030604,,1,1,0,79,0,0.0,1,79,0,none,0,none,0,0,0,no_alert_unknown,no_alert_not_final_benign,-1,dns,app_proto+port
2025-07-19T23:03:09.767033+0700,103.195.142.74,202.134.0.155,16916,53,UDP,flow,dns,1168160501407357,,1,1,0,68,0,0.0,1,68,0,none,0,none,0,0,0,no_alert_unknown,no_alert_not_final_benign,-1,dns,app_proto+port
2025-07-19T23:03:09.767058+0700,103.195.142.46,87.98.154.119,53,49325,UDP,flow,failed,1048961478696588,,1,1,0,1437,0,0.0,1,1437,0,none,0,none,0,0,0,no_alert_unknown,no_alert_not_final_benign,-1,dns,port
2025-07-19T23:03:09.767077+0700,103.195.142.76,87.98.154.119,53,25403,UDP,flow,failed,615283283467943,,1,1,0,1469,0,0.0,1,1469,0,none,0,none,0,0,0,no_alert_unknown,no_alert_not_final_benign,-1,dns,port
2025-07-19T23:03:09.767096+0700,103.195.142.165,87.98.154.119,53,55919,UDP,flow,failed,1442098748530376,,1,1,0,1437,0,0.0,1,1437,0,none,0,none,0,0,0,no_alert_unknown,no_alert_not_final_benign,-1,dns,port
2025-07-19T23:03:09.767130+0700,103.195.142.165,87.98.154.161,53,24621,UDP,flow,failed,794637141942131,,1,1,0,1437,0,0.0,1,1437,0,none,0,none,0,0,0,no_alert_unknown,no_alert_not_final_benign,-1,dns,port
2025-07-19T23:03:09.767191+0700,103.195.142.83,87.98.154.154,53,61030,UDP,flow,failed,1444534745505765,,1,1,0,1190,0,0.0,1,1190,0,none,0,none,0,0,0,no_alert_unknown,no_alert_not_final_benign,-1,dns,port
2025-07-19T23:03:09.767273+0700,103.195.142.2,13.105.68.212,53,57939,UDP,flow,failed,1347126277840882,,1,1,0,182,0,0.0,1,182,0,none,0,none,0,0,0,no_alert_unknown,no_alert_not_final_benign,-1,dns,port
2025-07-19T23:03:09.767293+0700,103.195.142.196,87.98.154.189,53,50199,UDP,flow,failed,639273395626036,,1,1,0,1437,0,0.0,1,1437,0,none,0,none,0,0,0,no_alert_unknown,no_alert_not_final_benign,-1,dns,port
2025-07-19T23:03:09.767326+0700,103.195.142.76,87.98.154.118,53,12484,UDP,flow,failed,1585986275975245,,1,1,0,1469,0,0.0,1,1469,0,none,0,none,0,0,0,no_alert_unknown,no_alert_not_final_benign,-1,dns,port
2025-07-19T23:03:09.767382+0700,103.195.142.165,87.98.154.119,53,18984,UDP,flow,failed,1521384773722233,,1,1,0,1437,0,0.0,1,1437,0,none,0,none,0,0,0,no_alert_unknown,no_alert_not_final_benign,-1,dns,port
2025-07-19T23:03:09.767717+0700,103.195.142.76,87.98.154.154,53,17226,UDP,flow,failed,638556243697958,,1,1,0,1469,0,0.0,1,1469,0,none,0,none,0,0,0,no_alert_unknown,no_alert_not_final_benign,-1,dns,port
2025-07-19T23:03:09.767814+0700,103.195.142.83,87.98.154.119,53,11783,UDP,flow,failed,1533247670133205,,1,1,0,1190,0,0.0,1,1190,0,none,0,none,0,0,0,no_alert_unknown,no_alert_not_final_benign,-1,dns,port
2025-07-19T23:03:09.767841+0700,103.195.142.3,60.29.229.59,53,4587,UDP,flow,failed,1602982763438686,,1,1,0,148,0,0.0,1,148,0,none,0,none,0,0,0,no_alert_unknown,no_alert_not_final_benign,-1,dns,port
2025-07-19T23:03:09.767877+0700,103.195.142.109,87.98.154.119,53,4404,UDP,flow,failed,1547940365607540,,1,1,0,1437,0,0.0,1,1437,0,none,0,none,0,0,0,no_alert_unknown,no_alert_not_final_benign,-1,dns,port
2025-07-19T23:03:09.767898+0700,103.195.142.46,87.98.154.67,53,28001,UDP,flow,failed,789066266583726,,1,1,0,1437,0,0.0,1,1437,0,none,0,none,0,0,0,no_alert_unknown,no_alert_not_final_benign,-1,dns,port
2025-07-19T23:03:09.767954+0700,103.195.142.74,118.98.44.100,20687,53,UDP,flow,dns,1561074530657062,,1,1,0,243,0,0.0,1,243,0,none,0,none,0,0,0,no_alert_unknown,no_alert_not_final_benign,-1,dns,app_proto+port
2025-07-19T23:03:09.767978+0700,103.195.142.108,8.8.8.8,14082,53,UDP,flow,dns,945796709622676,,1,1,0,68,0,0.0,1,68,0,none,0,none,0,0,0,no_alert_unknown,no_alert_not_final_benign,-1,dns,app_proto+port
2025-07-19T23:03:09.768007+0700,103.195.142.109,87.98.154.117,53,41507,UDP,flow,failed,873162395034572,,1,1,0,1437,0,0.0,1,1437,0,none,0,none,0,0,0,no_alert_unknown,no_alert_not_final_benign,-1,dns,port
2025-07-19T23:03:09.768076+0700,103.195.142.196,87.98.154.213,53,37597,UDP,flow,failed,1648712167990319,,1,1,0,1437,0,0.0,1,1437,0,none,0,none,0,0,0,no_alert_unknown,no_alert_not_final_benign,-1,dns,port
2025-07-19T23:03:09.768111+0700,103.195.142.74,202.134.0.155,58257,53,UDP,flow,dns,1543578283615313,,1,1,0,232,0,0.0,1,232,0,none,0,none,0,0,0,no_alert_unknown,no_alert_not_final_benign,-1,dns,app_proto+port
2025-07-19T23:03:09.768147+0700,103.195.142.74,118.98.44.20,15910,53,UDP,flow,dns,1259811310675260,,1,1,0,74,0,0.0,1,74,0,none,0,none,0,0,0,no_alert_unknown,no_alert_not_final_benign,-1,dns,app_proto+port
2025-07-19T23:03:09.768222+0700,103.195.142.74,118.98.44.100,55078,53,UDP,flow,dns,1463374059677042,,1,1,0,73,0,0.0,1,73,0,none,0,none,0,0,0,no_alert_unknown,no_alert_not_final_benign,-1,dns,app_proto+port
2025-07-19T23:03:09.768291+0700,103.195.142.75,8.8.8.8,31557,53,UDP,flow,dns,1642483865822586,,1,1,0,81,0,0.0,1,81,0,none,0,none,0,0,0,no_alert_unknown,no_alert_not_final_benign,-1,dns,app_proto+port
2025-07-19T23:03:09.768381+0700,103.195.142.165,87.98.154.1,53,11350,UDP,flow,failed,1674172950783422,,1,1,0,1437,0,0.0,1,1437,0,none,0,none,0,0,0,no_alert_unknown,no_alert_not_final_benign,-1,dns,port
2025-07-19T23:03:09.768484+0700,103.195.142.74,118.98.44.100,1039,53,UDP,flow,dns,677277845824960,,1,1,0,84,0,0.0,1,84,0,none,0,none,0,0,0,no_alert_unknown,no_alert_not_final_benign,-1,dns,app_proto+port
2025-07-19T23:03:09.768511+0700,103.195.142.76,87.98.154.117,53,35031,UDP,flow,failed,914092139488727,,1,1,0,1469,0,0.0,1,1469,0,none,0,none,0,0,0,no_alert_unknown,no_alert_not_final_benign,-1,dns,port
2025-07-19T23:03:09.768533+0700,103.195.142.75,8.8.8.8,3554,53,UDP,flow,dns,955485891274202,,1,1,0,85,0,0.0,1,85,0,none,0,none,0,0,0,no_alert_unknown,no_alert_not_final_benign,-1,dns,app_proto+port
2025-07-19T23:03:09.768554+0700,103.195.142.196,87.98.154.77,53,2054,UDP,flow,failed,187868098602514,,1,3,0,4311,0,10.0,3,4311,0,none,0,none,0,0,0,no_alert_unknown,no_alert_not_final_benign,-1,dns,port
2025-07-19T23:03:09.768574+0700,103.195.142.83,87.98.154.119,53,48030,UDP,flow,failed,1562628654310941,,1,1,0,1190,0,0.0,1,1190,0,none,0,none,0,0,0,no_alert_unknown,no_alert_not_final_benign,-1,dns,port
2025-07-19T23:03:09.768606+0700,103.195.142.165,87.98.154.119,53,40654,UDP,flow,failed,1414208327263802,,1,1,0,1437,0,0.0,1,1437,0,none,0,none,0,0,0,no_alert_unknown,no_alert_not_final_benign,-1,dns,port
2025-07-19T23:03:09.768669+0700,103.195.142.165,87.98.154.119,53,31265,UDP,flow,failed,1581676096661079,,1,1,0,1437,0,0.0,1,1437,0,none,0,none,0,0,0,no_alert_unknown,no_alert_not_final_benign,-1,dns,port
2025-07-19T23:03:09.768704+0700,103.195.142.109,87.98.154.237,53,3952,UDP,flow,failed,980440236893788,,1,1,0,1437,0,0.0,1,1437,0,none,0,none,0,0,0,no_alert_unknown,no_alert_not_final_benign,-1,dns,port
2025-07-19T23:03:09.768864+0700,103.195.142.74,118.98.44.100,19842,53,UDP,flow,dns,730221528754076,,1,1,0,132,0,0.0,1,132,0,none,0,none,0,0,0,no_alert_unknown,no_alert_not_final_benign,-1,dns,app_proto+port
2025-07-19T23:03:09.768891+0700,103.195.142.75,8.8.8.8,29624,53,UDP,flow,dns,619430962538411,,1,1,0,88,0,0.0,1,88,0,none,0,none,0,0,0,no_alert_unknown,no_alert_not_final_benign,-1,dns,app_proto+port
2025-07-19T23:03:09.768947+0700,103.195.142.74,202.134.0.155,17367,53,UDP,flow,dns,1217964608989162,,1,1,0,78,0,0.0,1,78,0,none,0,none,0,0,0,no_alert_unknown,no_alert_not_final_benign,-1,dns,app_proto+port
2025-07-19T23:03:09.768990+0700,103.195.142.195,87.98.154.56,53,52829,UDP,flow,failed,1376923664721914,,1,1,0,1437,0,0.0,1,1437,0,none,0,none,0,0,0,no_alert_unknown,no_alert_not_final_benign,-1,dns,port
2025-07-19T23:03:09.769012+0700,103.195.142.3,172.253.0.18,53,54151,UDP,flow,failed,879562444843080,,1,1,0,200,0,0.0,1,200,0,none,0,none,0,0,0,no_alert_unknown,no_alert_not_final_benign,-1,dns,port
2025-07-19T23:03:09.769143+0700,103.195.142.74,118.98.44.50,23073,53,UDP,flow,dns,745636479314314,,1,1,0,68,0,0.0,1,68,0,none,0,none,0,0,0,no_alert_unknown,no_alert_not_final_benign,-1,dns,app_proto+port
2025-07-19T23:03:09.769188+0700,103.195.142.46,87.98.154.119,53,21046,UDP,flow,failed,1458890468370835,,1,1,0,1437,0,0.0,1,1437,0,none,0,none,0,0,0,no_alert_unknown,no_alert_not_final_benign,-1,dns,port
2025-07-19T23:03:09.769211+0700,103.195.142.195,87.98.154.76,53,35640,UDP,flow,failed,1612126175373734,,1,1,0,1437,0,0.0,1,1437,0,none,0,none,0,0,0,no_alert_unknown,no_alert_not_final_benign,-1,dns,port
2025-07-19T23:03:09.769286+0700,103.195.142.83,87.98.154.119,53,52840,UDP,flow,failed,749345821305325,,1,1,0,1190,0,0.0,1,1190,0,none,0,none,0,0,0,no_alert_unknown,no_alert_not_final_benign,-1,dns,port
2025-07-19T23:03:09.769306+0700,103.195.142.3,61.149.20.104,53,23458,UDP,flow,failed,627830385682991,,1,1,0,191,0,0.0,1,191,0,none,0,none,0,0,0,no_alert_unknown,no_alert_not_final_benign,-1,dns,port
2025-07-19T23:03:09.769355+0700,103.195.142.74,118.98.44.50,2661,53,UDP,flow,dns,762219883080443,,1,1,0,211,0,0.0,1,211,0,none,0,none,0,0,0,no_alert_unknown,no_alert_not_final_benign,-1,dns,app_proto+port
2025-07-19T23:03:09.769376+0700,103.195.142.76,87.98.154.158,53,2919,UDP,flow,failed,890796972321646,,1,3,0,4407,0,10.0,3,4407,0,none,0,none,0,0,0,no_alert_unknown,no_alert_not_final_benign,-1,dns,port
2025-07-19T23:03:09.769399+0700,103.195.142.74,118.98.44.100,58141,53,UDP,flow,dns,1453153739287436,,1,1,0,82,0,0.0,1,82,0,none,0,none,0,0,0,no_alert_unknown,no_alert_not_final_benign,-1,dns,app_proto+port
2025-07-19T23:03:09.769420+0700,103.195.142.74,118.98.44.100,14986,53,UDP,flow,dns,990116881050569,,1,1,0,84,0,0.0,1,84,0,none,0,none,0,0,0,no_alert_unknown,no_alert_not_final_benign,-1,dns,app_proto+port
2025-07-19T23:03:09.769460+0700,103.195.142.196,87.98.154.118,53,4807,UDP,flow,failed,956152689929164,,1,1,0,1437,0,0.0,1,1437,0,none,0,none,0,0,0,no_alert_unknown,no_alert_not_final_benign,-1,dns,port
2025-07-19T23:03:09.769488+0700,103.195.142.3,180.241.110.201,53,6340,UDP,flow,failed,933384485415895,,1,1,0,138,0,0.0,1,138,0,none,0,none,0,0,0,no_alert_unknown,no_alert_not_final_benign,-1,dns,port
2025-07-19T23:03:09.769538+0700,103.195.142.109,87.98.154.117,53,57915,UDP,flow,failed,1573133074967564,,1,1,0,1437,0,0.0,1,1437,0,none,0,none,0,0,0,no_alert_unknown,no_alert_not_final_benign,-1,dns,port
2025-07-19T23:03:09.769571+0700,103.195.142.195,87.98.154.119,53,36617,UDP,flow,failed,602800272125075,,1,1,0,1437,0,0.0,1,1437,0,none,0,none,0,0,0,no_alert_unknown,no_alert_not_final_benign,-1,dns,port
2025-07-19T23:03:09.769593+0700,103.195.142.76,87.98.154.242,53,18159,UDP,flow,failed,1535513893940407,,1,1,0,1469,0,0.0,1,1469,0,none,0,none,0,0,0,no_alert_unknown,no_alert_not_final_benign,-1,dns,port
2025-07-19T23:03:09.769686+0700,103.195.142.109,87.98.154.93,53,44678,UDP,flow,failed,563074497326311,,1,1,0,1437,0,0.0,1,1437,0,none,0,none,0,0,0,no_alert_unknown,no_alert_not_final_benign,-1,dns,port
2025-07-19T23:03:09.769722+0700,103.195.142.83,87.98.154.118,53,37281,UDP,flow,failed,1278683370827031,,1,1,0,1190,0,0.0,1,1190,0,none,0,none,0,0,0,no_alert_unknown,no_alert_not_final_benign,-1,dns,port
2025-07-19T23:03:09.769742+0700,103.195.142.74,202.134.0.155,43352,53,UDP,flow,dns,633624421805337,,1,1,0,214,0,0.0,1,214,0,none,0,none,0,0,0,no_alert_unknown,no_alert_not_final_benign,-1,dns,app_proto+port
2025-07-19T23:03:09.769814+0700,103.195.142.74,118.98.44.100,46894,53,UDP,flow,dns,1467078962785602,,1,1,0,79,0,0.0,1,79,0,none,0,none,0,0,0,no_alert_unknown,no_alert_not_final_benign,-1,dns,app_proto+port
2025-07-19T23:03:09.769911+0700,103.195.142.195,87.98.154.160,53,23549,UDP,flow,failed,612818793213327,,1,1,0,1437,0,0.0,1,1437,0,none,0,none,0,0,0,no_alert_unknown,no_alert_not_final_benign,-1,dns,port
2025-07-19T23:03:09.769996+0700,103.195.142.195,87.98.154.168,53,16071,UDP,flow,failed,933105913441846,,1,2,0,2874,0,7.0,2,2874,0,none,0,none,0,0,0,no_alert_unknown,no_alert_not_final_benign,-1,dns,port
2025-07-19T23:03:09.770025+0700,103.195.142.3,115.112.18.246,53,54390,UDP,flow,failed,1600627302477406,,1,1,0,187,0,0.0,1,187,0,none,0,none,0,0,0,no_alert_unknown,no_alert_not_final_benign,-1,dns,port
2025-07-19T23:03:09.770078+0700,103.195.142.76,87.98.154.178,53,19367,UDP,flow,failed,1596547541380751,,1,1,0,1469,0,0.0,1,1469,0,none,0,none,0,0,0,no_alert_unknown,no_alert_not_final_benign,-1,dns,port
2025-07-19T23:03:09.770130+0700,103.195.142.195,87.98.154.119,53,30302,UDP,flow,failed,571315536015032,,1,1,0,1437,0,0.0,1,1437,0,none,0,none,0,0,0,no_alert_unknown,no_alert_not_final_benign,-1,dns,port
2025-07-19T23:03:09.770152+0700,103.195.142.74,118.98.44.50,7283,53,UDP,flow,dns,1114678714117847,,1,1,0,232,0,0.0,1,232,0,none,0,none,0,0,0,no_alert_unknown,no_alert_not_final_benign,-1,dns,app_proto+port
2025-07-19T23:03:09.770195+0700,103.195.142.109,87.98.154.209,53,48504,UDP,flow,failed,1279363372035853,,1,1,0,1437,0,0.0,1,1437,0,none,0,none,0,0,0,no_alert_unknown,no_alert_not_final_benign,-1,dns,port
2025-07-19T23:03:09.770221+0700,103.195.142.165,87.98.154.119,53,54296,UDP,flow,failed,1130717986500433,,1,1,0,1437,0,0.0,1,1437,0,none,0,none,0,0,0,no_alert_unknown,no_alert_not_final_benign,-1,dns,port
2025-07-19T23:03:09.770240+0700,103.195.142.74,118.98.44.100,44120,53,UDP,flow,dns,1659484218273642,,1,1,0,104,0,0.0,1,104,0,none,0,none,0,0,0,no_alert_unknown,no_alert_not_final_benign,-1,dns,app_proto+port
2025-07-19T23:03:09.770286+0700,103.195.142.195,87.98.154.112,53,25077,UDP,flow,failed,763363857149884,,1,3,0,4311,0,9.0,3,4311,0,none,0,none,0,0,0,no_alert_unknown,no_alert_not_final_benign,-1,dns,port
2025-07-19T23:03:09.770307+0700,103.195.142.165,87.98.154.119,53,4755,UDP,flow,failed,971204802195491,,1,1,0,1437,0,0.0,1,1437,0,none,0,none,0,0,0,no_alert_unknown,no_alert_not_final_benign,-1,dns,port
2025-07-19T23:03:09.770369+0700,103.195.142.109,87.98.154.9,53,28903,UDP,flow,failed,656288513077458,,1,1,0,1437,0,0.0,1,1437,0,none,0,none,0,0,0,no_alert_unknown,no_alert_not_final_benign,-1,dns,port
2025-07-19T23:03:09.770420+0700,103.195.142.75,8.8.8.8,39232,53,UDP,flow,dns,1265809942065401,,1,1,0,68,0,0.0,1,68,0,none,0,none,0,0,0,no_alert_unknown,no_alert_not_final_benign,-1,dns,app_proto+port
2025-07-19T23:03:09.770462+0700,103.195.142.74,118.98.44.100,51943,53,UDP,flow,dns,1451539682963794,,1,1,0,232,0,0.0,1,232,0,none,0,none,0,0,0,no_alert_unknown,no_alert_not_final_benign,-1,dns,app_proto+port
2025-07-19T23:03:09.770492+0700,103.195.142.75,8.8.8.8,47132,53,UDP,flow,dns,942209455174056,,1,1,0,82,0,0.0,1,82,0,none,0,none,0,0,0,no_alert_unknown,no_alert_not_final_benign,-1,dns,app_proto+port
2025-07-19T23:03:09.770576+0700,103.195.142.74,202.134.0.155,8381,53,UDP,flow,dns,731747362025930,,1,1,0,214,0,0.0,1,214,0,none,0,none,0,0,0,no_alert_unknown,no_alert_not_final_benign,-1,dns,app_proto+port
2025-07-19T23:03:09.770599+0700,103.195.142.165,87.98.154.117,53,19911,UDP,flow,failed,1162821063881290,,1,1,0,1437,0,0.0,1,1437,0,none,0,none,0,0,0,no_alert_unknown,no_alert_not_final_benign,-1,dns,port
2025-07-19T23:03:09.770648+0700,103.195.142.75,8.8.8.8,3360,53,UDP,flow,dns,706603199902383,,1,1,0,81,0,0.0,1,81,0,none,0,none,0,0,0,no_alert_unknown,no_alert_not_final_benign,-1,dns,app_proto+port
2025-07-19T23:03:09.770670+0700,103.195.142.196,87.98.154.119,53,60445,UDP,flow,failed,630953276420788,,1,1,0,1437,0,0.0,1,1437,0,none,0,none,0,0,0,no_alert_unknown,no_alert_not_final_benign,-1,dns,port
2025-07-19T23:03:09.770692+0700,103.195.142.196,87.98.154.41,53,63806,UDP,flow,failed,902096980947700,,1,1,0,1437,0,0.0,1,1437,0,none,0,none,0,0,0,no_alert_unknown,no_alert_not_final_benign,-1,dns,port
2025-07-19T23:03:09.770741+0700,103.195.142.74,118.98.44.100,26796,53,UDP,flow,dns,1356651477938938,,1,1,0,232,0,0.0,1,232,0,none,0,none,0,0,0,no_alert_unknown,no_alert_not_final_benign,-1,dns,app_proto+port
2025-07-19T23:03:09.770833+0700,103.195.142.74,118.98.44.100,41198,53,UDP,flow,dns,613281113715735,,1,1,0,232,0,0.0,1,232,0,none,0,none,0,0,0,no_alert_unknown,no_alert_not_final_benign,-1,dns,app_proto+port
2025-07-19T23:03:09.770854+0700,103.195.142.109,87.98.154.119,53,41032,UDP,flow,failed,1575172305531949,,1,1,0,1437,0,0.0,1,1437,0,none,0,none,0,0,0,no_alert_unknown,no_alert_not_final_benign,-1,dns,port
2025-07-19T23:03:09.770873+0700,103.195.142.165,87.98.154.213,53,57147,UDP,flow,failed,580642931815568,,1,1,0,1437,0,0.0,1,1437,0,none,0,none,0,0,0,no_alert_unknown,no_alert_not_final_benign,-1,dns,port
2025-07-19T23:03:09.770891+0700,103.195.142.76,87.98.154.119,53,62865,UDP,flow,failed,1174690109011124,,1,1,0,1469,0,0.0,1,1469,0,none,0,none,0,0,0,no_alert_unknown,no_alert_not_final_benign,-1,dns,port
2025-07-19T23:03:09.770915+0700,103.195.142.83,87.98.154.98,53,14817,UDP,flow,failed,1059872441644279,,1,3,0,3570,0,10.0,3,3570,0,none,0,none,0,0,0,no_alert_unknown,no_alert_not_final_benign,-1,dns,port
2025-07-19T23:03:09.770978+0700,103.195.142.31,8.8.8.8,36315,53,UDP,flow,dns,1325205166306773,,1,1,0,75,0,0.0,1,75,0,none,0,none,0,0,0,no_alert_unknown,no_alert_not_final_benign,-1,dns,app_proto+port
2025-07-19T23:03:09.770999+0700,103.195.142.74,202.134.0.155,63827,53,UDP,flow,dns,1489718865114586,,1,1,0,232,0,0.0,1,232,0,none,0,none,0,0,0,no_alert_unknown,no_alert_not_final_benign,-1,dns,app_proto+port
2025-07-19T23:03:09.771040+0700,103.195.142.74,202.134.0.155,15405,53,UDP,flow,dns,1262113824061012,,1,1,0,232,0,0.0,1,232,0,none,0,none,0,0,0,no_alert_unknown,no_alert_not_final_benign,-1,dns,app_proto+port
2025-07-19T23:03:09.770949+0700,103.195.142.74,118.98.44.100,62503,53,UDP,dns,,1622354163960163,wire/pcap,0,0,0,0,0,0.0,0,0,0,none,0,none,0,0,0,no_alert_unknown,no_alert_not_final_benign,-1,dns,port
2025-07-19T23:03:09.771114+0700,103.195.142.31,8.8.8.8,64583,53,UDP,flow,dns,1667040707425941,,1,1,0,85,0,0.0,1,85,0,none,0,none,0,0,0,no_alert_unknown,no_alert_not_final_benign,-1,dns,app_proto+port
2025-07-19T23:03:09.771080+0700,103.195.142.75,8.8.8.8,22432,53,UDP,dns,,1622913877644435,wire/pcap,0,0,0,0,0,0.0,0,0,0,none,0,none,0,0,0,no_alert_unknown,no_alert_not_final_benign,-1,dns,port
2025-07-19T23:03:09.771225+0700,103.195.142.46,87.98.154.119,53,11135,UDP,flow,failed,1525447868757730,,1,1,0,1437,0,0.0,1,1437,0,none,0,none,0,0,0,no_alert_unknown,no_alert_not_final_benign,-1,dns,port
2025-07-19T23:03:09.771261+0700,103.195.142.83,87.98.154.238,53,26633,UDP,flow,failed,1219666210993911,,1,1,0,1190,0,0.0,1,1190,0,none,0,none,0,0,0,no_alert_unknown,no_alert_not_final_benign,-1,dns,port
2025-07-19T23:03:09.771417+0700,103.195.142.75,8.8.8.8,57458,53,UDP,flow,dns,1414286750070572,,1,1,0,93,0,0.0,1,93,0,none,0,none,0,0,0,no_alert_unknown,no_alert_not_final_benign,-1,dns,app_proto+port
2025-07-19T23:03:09.771444+0700,103.195.142.165,87.98.154.57,53,5658,UDP,flow,failed,1014801709742076,,1,3,0,4311,0,10.0,3,4311,0,none,0,none,0,0,0,no_alert_unknown,no_alert_not_final_benign,-1,dns,port
2025-07-19T23:03:09.771557+0700,103.195.142.76,87.98.154.119,53,2634,UDP,flow,failed,1462233759889754,,1,1,0,1469,0,0.0,1,1469,0,none,0,none,0,0,0,no_alert_unknown,no_alert_not_final_benign,-1,dns,port
2025-07-19T23:03:09.771576+0700,103.195.142.83,87.98.154.119,53,7322,UDP,flow,failed,1640860644555120,,1,1,0,1190,0,0.0,1,1190,0,none,0,none,0,0,0,no_alert_unknown,no_alert_not_final_benign,-1,dns,port
2025-07-19T23:03:09.771594+0700,103.195.142.165,87.98.154.119,53,30408,UDP,flow,failed,1374633147840919,,1,1,0,1437,0,0.0,1,1437,0,none,0,none,0,0,0,no_alert_unknown,no_alert_not_final_benign,-1,dns,port
2025-07-19T23:03:09.771613+0700,103.195.142.76,87.98.154.214,53,29027,UDP,flow,failed,745817770113529,,1,3,0,4407,0,9.0,3,4407,0,none,0,none,0,0,0,no_alert_unknown,no_alert_not_final_benign,-1,dns,port
2025-07-19T23:03:09.771631+0700,103.195.142.75,8.8.8.8,63663,53,UDP,flow,dns,1359260467542847,,1,1,0,89,0,0.0,1,89,0,none,0,none,0,0,0,no_alert_unknown,no_alert_not_final_benign,-1,dns,app_proto+port
2025-07-19T23:03:09.771678+0700,103.195.142.165,87.98.154.117,53,20159,UDP,flow,failed,1420945638243148,,1,1,0,1437,0,0.0,1,1437,0,none,0,none,0,0,0,no_alert_unknown,no_alert_not_final_benign,-1,dns,port
2025-07-19T23:03:09.771699+0700,103.195.142.109,87.98.154.117,53,42380,UDP,flow,failed,947492078631773,,1,1,0,1437,0,0.0,1,1437,0,none,0,none,0,0,0,no_alert_unknown,no_alert_not_final_benign,-1,dns,port
2025-07-19T23:03:09.771763+0700,103.195.142.83,87.98.154.118,53,25979,UDP,flow,failed,1136440450104280,,1,1,0,1190,0,0.0,1,1190,0,none,0,none,0,0,0,no_alert_unknown,no_alert_not_final_benign,-1,dns,port
2025-07-19T23:03:09.771861+0700,103.195.142.76,87.98.154.150,53,16377,UDP,flow,failed,1469401422904371,,1,1,0,1469,0,0.0,1,1469,0,none,0,none,0,0,0,no_alert_unknown,no_alert_not_final_benign,-1,dns,port
2025-07-19T23:03:09.771880+0700,103.195.142.83,87.98.154.119,53,41722,UDP,flow,failed,1651333272124483,,1,1,0,1190,0,0.0,1,1190,0,none,0,none,0,0,0,no_alert_unknown,no_alert_not_final_benign,-1,dns,port
2025-07-19T23:03:09.772048+0700,103.195.142.76,87.98.154.119,53,9026,UDP,flow,failed,992125014982072,,1,1,0,1469,0,0.0,1,1469,0,none,0,none,0,0,0,no_alert_unknown,no_alert_not_final_benign,-1,dns,port
2025-07-19T23:03:09.772069+0700,103.195.142.83,87.98.154.170,53,53006,UDP,flow,failed,1184169709485505,,1,1,0,1190,0,0.0,1,1190,0,none,0,none,0,0,0,no_alert_unknown,no_alert_not_final_benign,-1,dns,port
2025-07-19T23:03:09.772171+0700,103.195.142.74,202.134.0.155,2893,53,UDP,flow,dns,998506826186385,,1,1,0,74,0,0.0,1,74,0,none,0,none,0,0,0,no_alert_unknown,no_alert_not_final_benign,-1,dns,app_proto+port
2025-07-19T23:03:09.772192+0700,103.195.142.3,61.149.20.104,53,28015,UDP,flow,failed,986368635125423,,1,1,0,148,0,0.0,1,148,0,none,0,none,0,0,0,no_alert_unknown,no_alert_not_final_benign,-1,dns,port
2025-07-19T23:03:09.772264+0700,103.195.142.74,118.98.44.20,38295,53,UDP,flow,dns,897895730265910,,1,1,0,86,0,0.0,1,86,0,none,0,none,0,0,0,no_alert_unknown,no_alert_not_final_benign,-1,dns,app_proto+port
2025-07-19T23:03:09.772286+0700,103.195.142.46,87.98.154.119,53,29031,UDP,flow,failed,1225113161252703,,1,1,0,1437,0,0.0,1,1437,0,none,0,none,0,0,0,no_alert_unknown,no_alert_not_final_benign,-1,dns,port
2025-07-19T23:03:09.772309+0700,103.195.142.74,34.8.38.57,52087,53,UDP,flow,dns,1156646734282626,,1,1,0,234,0,0.0,1,234,0,none,0,none,0,0,0,no_alert_unknown,no_alert_not_final_benign,-1,dns,app_proto+port
2025-07-19T23:03:09.772382+0700,103.195.142.196,87.98.154.119,53,4047,UDP,flow,failed,1654368253394926,,1,1,0,1437,0,0.0,1,1437,0,none,0,none,0,0,0,no_alert_unknown,no_alert_not_final_benign,-1,dns,port
2025-07-19T23:03:09.772402+0700,103.195.142.83,87.98.154.210,53,11069,UDP,flow,failed,1528634790985725,,1,1,0,1190,0,0.0,1,1190,0,none,0,none,0,0,0,no_alert_unknown,no_alert_not_final_benign,-1,dns,port
2025-07-19T23:03:09.772543+0700,103.195.142.46,87.98.154.119,53,2190,UDP,flow,failed,1387832469504090,,1,1,0,1437,0,0.0,1,1437,0,none,0,none,0,0,0,no_alert_unknown,no_alert_not_final_benign,-1,dns,port
2025-07-19T23:03:09.772624+0700,103.195.142.74,118.98.44.50,57506,53,UDP,flow,dns,1133212224733533,,1,1,0,73,0,0.0,1,73,0,none,0,none,0,0,0,no_alert_unknown,no_alert_not_final_benign,-1,dns,app_proto+port
2025-07-19T23:03:09.772646+0700,103.195.142.83,87.98.154.238,53,11671,UDP,flow,failed,1002428381610371,,1,1,0,1190,0,0.0,1,1190,0,none,0,none,0,0,0,no_alert_unknown,no_alert_not_final_benign,-1,dns,port
2025-07-19T23:03:09.772694+0700,103.195.142.2,112.215.37.220,53,63130,UDP,flow,failed,924281348702668,,1,1,0,135,0,0.0,1,135,0,none,0,none,0,0,0,no_alert_unknown,no_alert_not_final_benign,-1,dns,port
2025-07-19T23:03:09.772793+0700,103.195.142.196,87.98.154.119,53,26255,UDP,flow,failed,1419139775218479,,1,1,0,1437,0,0.0,1,1437,0,none,0,none,0,0,0,no_alert_unknown,no_alert_not_final_benign,-1,dns,port
2025-07-19T23:03:09.772811+0700,103.195.142.75,8.8.8.8,6191,53,UDP,flow,dns,1643308431393590,,1,1,0,81,0,0.0,1,81,0,none,0,none,0,0,0,no_alert_unknown,no_alert_not_final_benign,-1,dns,app_proto+port
2025-07-19T23:03:09.772831+0700,103.195.142.74,202.134.0.155,4811,53,UDP,flow,dns,1504631005594501,,1,1,0,92,0,0.0,1,92,0,none,0,none,0,0,0,no_alert_unknown,no_alert_not_final_benign,-1,dns,app_proto+port
2025-07-19T23:03:09.772851+0700,103.195.142.109,87.98.154.118,53,44703,UDP,flow,failed,1438393705972653,,1,1,0,1437,0,0.0,1,1437,0,none,0,none,0,0,0,no_alert_unknown,no_alert_not_final_benign,-1,dns,port
2025-07-19T23:03:09.772869+0700,103.195.142.46,87.98.154.119,53,20739,UDP,flow,failed,1016978134811567,,1,1,0,1437,0,0.0,1,1437,0,none,0,none,0,0,0,no_alert_unknown,no_alert_not_final_benign,-1,dns,port
2025-07-19T23:03:09.772898+0700,103.195.142.76,87.98.154.119,53,43539,UDP,flow,failed,1439433506833339,,1,1,0,1469,0,0.0,1,1469,0,none,0,none,0,0,0,no_alert_unknown,no_alert_not_final_benign,-1,dns,port
2025-07-19T23:03:09.772970+0700,103.195.142.74,202.134.0.155,27708,53,UDP,flow,dns,1534384573072320,,1,1,0,87,0,0.0,1,87,0,none,0,none,0,0,0,no_alert_unknown,no_alert_not_final_benign,-1,dns,app_proto+port
2025-07-19T23:03:09.772994+0700,103.195.142.76,87.98.154.119,53,15779,UDP,flow,failed,1539941390631920,,1,1,0,1469,0,0.0,1,1469,0,none,0,none,0,0,0,no_alert_unknown,no_alert_not_final_benign,-1,dns,port
2025-07-19T23:03:09.773013+0700,103.195.142.195,87.98.154.196,53,64211,UDP,flow,failed,1134004836189293,,1,1,0,1437,0,0.0,1,1437,0,none,0,none,0,0,0,no_alert_unknown,no_alert_not_final_benign,-1,dns,port
2025-07-19T23:03:09.773031+0700,103.195.142.75,8.8.8.8,21863,53,UDP,flow,dns,882104080942305,,1,1,0,86,0,0.0,1,86,0,none,0,none,0,0,0,no_alert_unknown,no_alert_not_final_benign,-1,dns,app_proto+port
2025-07-19T23:03:09.773050+0700,103.195.142.74,118.98.44.20,25943,53,UDP,flow,dns,1014032548316386,,1,1,0,88,0,0.0,1,88,0,none,0,none,0,0,0,no_alert_unknown,no_alert_not_final_benign,-1,dns,app_proto+port
2025-07-19T23:03:09.773137+0700,103.195.142.165,87.98.154.169,53,39831,UDP,flow,failed,1601169678222749,,1,1,0,1437,0,0.0,1,1437,0,none,0,none,0,0,0,no_alert_unknown,no_alert_not_final_benign,-1,dns,port
2025-07-19T23:03:09.773156+0700,103.195.142.2,112.215.37.220,53,63123,UDP,flow,failed,1091152831465078,,1,1,0,136,0,0.0,1,136,0,none,0,none,0,0,0,no_alert_unknown,no_alert_not_final_benign,-1,dns,port
2025-07-19T23:03:09.773211+0700,103.195.142.76,87.98.154.42,53,18777,UDP,flow,failed,1319022361659223,,1,1,0,1469,0,0.0,1,1469,0,none,0,none,0,0,0,no_alert_unknown,no_alert_not_final_benign,-1,dns,port
2025-07-19T23:03:09.773247+0700,103.195.142.165,87.98.154.141,53,53524,UDP,flow,failed,1149259903485813,,1,2,0,2874,0,7.0,2,2874,0,none,0,none,0,0,0,no_alert_unknown,no_alert_not_final_benign,-1,dns,port
2025-07-19T23:03:09.773308+0700,103.195.142.196,87.98.154.119,53,40240,UDP,flow,failed,918678530050083,,1,1,0,1437,0,0.0,1,1437,0,none,0,none,0,0,0,no_alert_unknown,no_alert_not_final_benign,-1,dns,port
2025-07-19T23:03:09.773327+0700,103.195.142.109,87.98.154.209,53,1527,UDP,flow,failed,1464179619547172,,1,1,0,1437,0,0.0,1,1437,0,none,0,none,0,0,0,no_alert_unknown,no_alert_not_final_benign,-1,dns,port
2025-07-19T23:03:09.773373+0700,103.195.142.165,87.98.154.105,53,51237,UDP,flow,failed,1278756931979517,,1,1,0,1437,0,0.0,1,1437,0,none,0,none,0,0,0,no_alert_unknown,no_alert_not_final_benign,-1,dns,port
2025-07-19T23:03:09.773409+0700,103.195.142.83,87.98.154.119,53,40678,UDP,flow,failed,1343949786138963,,1,1,0,1190,0,0.0,1,1190,0,none,0,none,0,0,0,no_alert_unknown,no_alert_not_final_benign,-1,dns,port
2025-07-19T23:03:09.773493+0700,103.195.142.165,87.98.154.119,53,37409,UDP,flow,failed,1199226864814632,,1,1,0,1437,0,0.0,1,1437,0,none,0,none,0,0,0,no_alert_unknown,no_alert_not_final_benign,-1,dns,port
2025-07-19T23:03:09.773502+0700,103.195.142.196,87.98.154.221,53,53149,UDP,flow,failed,1134267477215984,,1,1,0,1437,0,0.0,1,1437,0,none,0,none,0,0,0,no_alert_unknown,no_alert_not_final_benign,-1,dns,port
2025-07-19T23:03:09.773524+0700,103.195.142.74,118.98.44.20,31463,53,UDP,flow,dns,953175090350981,,1,1,0,97,0,0.0,1,97,0,none,0,none,0,0,0,no_alert_unknown,no_alert_not_final_benign,-1,dns,app_proto+port
2025-07-19T23:03:09.773561+0700,103.195.142.74,202.134.0.155,58102,53,UDP,flow,dns,1645290855025650,,1,1,0,88,0,0.0,1,88,0,none,0,none,0,0,0,no_alert_unknown,no_alert_not_final_benign,-1,dns,app_proto+port
2025-07-19T23:03:09.773572+0700,103.195.142.74,118.98.44.100,30660,53,UDP,flow,dns,1407601458433029,,1,1,0,87,0,0.0,1,87,0,none,0,none,0,0,0,no_alert_unknown,no_alert_not_final_benign,-1,dns,app_proto+port
2025-07-19T23:03:09.773583+0700,103.195.142.3,51.143.93.208,53,55630,UDP,flow,failed,1180381895412784,,1,1,0,180,0,0.0,1,180,0,none,0,none,0,0,0,no_alert_unknown,no_alert_not_final_benign,-1,dns,port
2025-07-19T23:03:09.773605+0700,103.195.142.46,87.98.154.99,53,8170,UDP,flow,failed,1340364740185282,,1,3,0,4311,0,9.0,3,4311,0,none,0,none,0,0,0,no_alert_unknown,no_alert_not_final_benign,-1,dns,port
2025-07-19T23:03:09.773625+0700,103.195.142.109,87.98.154.118,53,54243,UDP,flow,failed,1165440537480537,,1,1,0,1437,0,0.0,1,1437,0,none,0,none,0,0,0,no_alert_unknown,no_alert_not_final_benign,-1,dns,port
2025-07-19T23:03:09.773638+0700,103.195.142.165,87.98.154.119,53,42213,UDP,flow,failed,1046286861684212,,1,1,0,1437,0,0.0,1,1437,0,none,0,none,0,0,0,no_alert_unknown,no_alert_not_final_benign,-1,dns,port
2025-07-19T23:03:09.773648+0700,103.195.142.46,87.98.154.67,53,32794,UDP,flow,failed,851155606130195,,1,1,0,1437,0,0.0,1,1437,0,none,0,none,0,0,0,no_alert_unknown,no_alert_not_final_benign,-1,dns,port
2025-07-19T23:03:09.773684+0700,103.195.142.76,87.98.154.206,53,17244,UDP,flow,failed,1399421978824399,,1,1,0,1469,0,0.0,1,1469,0,none,0,none,0,0,0,no_alert_unknown,no_alert_not_final_benign,-1,dns,port
2025-07-19T23:03:09.773694+0700,103.195.142.2,115.112.18.246,53,53062,UDP,flow,failed,1654139251871475,,1,1,0,182,0,0.0,1,182,0,none,0,none,0,0,0,no_alert_unknown,no_alert_not_final_benign,-1,dns,port
2025-07-19T23:03:09.773719+0700,103.195.142.74,118.98.44.100,24593,53,UDP,flow,dns,1355794211819402,,1,1,0,196,0,0.0,1,196,0,none,0,none,0,0,0,no_alert_unknown,no_alert_not_final_benign,-1,dns,app_proto+port
2025-07-19T23:03:09.773730+0700,103.195.142.165,87.98.154.119,53,34988,UDP,flow,failed,1587474950869067,,1,1,0,1437,0,0.0,1,1437,0,none,0,none,0,0,0,no_alert_unknown,no_alert_not_final_benign,-1,dns,port
2025-07-19T23:03:09.773740+0700,103.195.142.74,118.98.44.20,48769,53,UDP,flow,dns,1652956601405560,,1,1,0,104,0,0.0,1,104,0,none,0,none,0,0,0,no_alert_unknown,no_alert_not_final_benign,-1,dns,app_proto+port
2025-07-19T23:03:09.773750+0700,103.195.142.196,87.98.154.119,53,47114,UDP,flow,failed,1460662802010274,,1,1,0,1437,0,0.0,1,1437,0,none,0,none,0,0,0,no_alert_unknown,no_alert_not_final_benign,-1,dns,port
2025-07-19T23:03:09.773772+0700,103.195.142.75,8.8.8.8,37413,53,UDP,flow,dns,914962447946083,,1,1,0,214,0,0.0,1,214,0,none,0,none,0,0,0,no_alert_unknown,no_alert_not_final_benign,-1,dns,app_proto+port
2025-07-19T23:03:09.773786+0700,103.195.142.74,118.98.44.20,13825,53,UDP,flow,dns,1610203029852523,,1,1,0,211,0,0.0,1,211,0,none,0,none,0,0,0,no_alert_unknown,no_alert_not_final_benign,-1,dns,app_proto+port
2025-07-19T23:03:09.773818+0700,103.195.142.74,202.134.0.155,41944,53,UDP,flow,dns,1409859237597624,,1,1,0,81,0,0.0,1,81,0,none,0,none,0,0,0,no_alert_unknown,no_alert_not_final_benign,-1,dns,app_proto+port
2025-07-19T23:03:09.773829+0700,103.195.142.83,87.98.154.182,53,1301,UDP,flow,failed,1533874185130430,,1,1,0,1190,0,0.0,1,1190,0,none,0,none,0,0,0,no_alert_unknown,no_alert_not_final_benign,-1,dns,port
2025-07-19T23:03:09.773840+0700,103.195.142.3,203.119.13.189,53,41058,UDP,flow,failed,1575904561353257,,1,1,0,141,0,0.0,1,141,0,none,0,none,0,0,0,no_alert_unknown,no_alert_not_final_benign,-1,dns,port
2025-07-19T23:03:09.773878+0700,103.195.142.74,118.98.44.100,63244,53,UDP,flow,dns,1530701420712907,,1,1,0,77,0,0.0,1,77,0,none,0,none,0,0,0,no_alert_unknown,no_alert_not_final_benign,-1,dns,app_proto+port
2025-07-19T23:03:09.773903+0700,103.195.142.195,87.98.154.0,53,6633,UDP,flow,failed,1521179535889438,,1,1,0,1437,0,0.0,1,1437,0,none,0,none,0,0,0,no_alert_unknown,no_alert_not_final_benign,-1,dns,port
2025-07-19T23:03:09.773935+0700,103.195.142.75,8.8.8.8,26173,53,UDP,flow,dns,1528896196334808,,1,1,0,214,0,0.0,1,214,0,none,0,none,0,0,0,no_alert_unknown,no_alert_not_final_benign,-1,dns,app_proto+port
2025-07-19T23:03:09.773963+0700,103.195.142.109,87.98.154.97,53,18530,UDP,flow,failed,1077720887350584,,1,1,0,1437,0,0.0,1,1437,0,none,0,none,0,0,0,no_alert_unknown,no_alert_not_final_benign,-1,dns,port
2025-07-19T23:03:09.774014+0700,103.195.142.74,202.134.0.155,62562,53,UDP,flow,dns,1450047013148110,,1,1,0,83,0,0.0,1,83,0,none,0,none,0,0,0,no_alert_unknown,no_alert_not_final_benign,-1,dns,app_proto+port
2025-07-19T23:03:09.774026+0700,103.195.142.165,87.98.154.197,53,6602,UDP,flow,failed,1314311000249904,,1,1,0,1437,0,0.0,1,1437,0,none,0,none,0,0,0,no_alert_unknown,no_alert_not_final_benign,-1,dns,port
2025-07-19T23:03:09.774103+0700,103.195.142.74,202.134.0.155,27335,53,UDP,flow,dns,1672763166644045,,1,1,0,223,0,0.0,1,223,0,none,0,none,0,0,0,no_alert_unknown,no_alert_not_final_benign,-1,dns,app_proto+port
2025-07-19T23:03:09.774116+0700,103.195.142.3,108.136.122.46,53,32925,UDP,flow,failed,922434587350896,,1,1,0,178,0,0.0,1,178,0,none,0,none,0,0,0,no_alert_unknown,no_alert_not_final_benign,-1,dns,port
2025-07-19T23:03:09.774127+0700,103.195.142.83,87.98.154.210,53,44898,UDP,flow,failed,1251016193169325,,1,1,0,1190,0,0.0,1,1190,0,none,0,none,0,0,0,no_alert_unknown,no_alert_not_final_benign,-1,dns,port
2025-07-19T23:03:09.793525+0700,103.195.142.75,8.8.8.8,52816,53,UDP,dns,,1437842122416913,wire/pcap,0,0,0,0,0,0.0,0,0,0,none,0,none,0,0,0,no_alert_unknown,no_alert_not_final_benign,-1,dns,port
2025-07-19T23:03:09.794026+0700,103.195.142.74,202.134.0.155,22481,53,UDP,dns,,1439993867760546,wire/pcap,0,0,0,0,0,0.0,0,0,0,none,0,none,0,0,0,no_alert_unknown,no_alert_not_final_benign,-1,dns,port
2025-07-19T23:03:09.797112+0700,103.195.142.74,118.98.44.100,17869,53,UDP,dns,,1453247039474550,wire/pcap,0,0,0,0,0,0.0,0,0,0,none,0,none,0,0,0,no_alert_unknown,no_alert_not_final_benign,-1,dns,port
2025-07-19T23:03:09.797398+0700,103.195.142.75,8.8.8.8,8210,53,UDP,dns,,1454473754503786,wire/pcap,0,0,0,0,0,0.0,0,0,0,none,0,none,0,0,0,no_alert_unknown,no_alert_not_final_benign,-1,dns,port
2025-07-19T23:03:09.802183+0700,103.195.142.74,118.98.44.100,37484,53,UDP,dns,,1475026504526175,wire/pcap,0,0,0,0,0,0.0,0,0,0,none,0,none,0,0,0,no_alert_unknown,no_alert_not_final_benign,-1,dns,port
2025-07-19T23:03:09.815949+0700,103.195.142.74,202.134.0.155,3826,53,UDP,dns,,1534150944894845,wire/pcap,0,0,0,0,0,0.0,0,0,0,none,0,none,0,0,0,no_alert_unknown,no_alert_not_final_benign,-1,dns,port
2025-07-19T23:03:09.835491+0700,103.195.142.74,118.98.44.100,5729,53,UDP,dns,,1618083370338143,wire/pcap,0,0,0,0,0,0.0,0,0,0,none,0,none,0,0,0,no_alert_unknown,no_alert_not_final_benign,-1,dns,port
2025-07-19T23:03:09.839752+0700,103.195.142.75,8.8.8.8,8297,53,UDP,dns,,1636382740818823,wire/pcap,0,0,0,0,0,0.0,0,0,0,none,0,none,0,0,0,no_alert_unknown,no_alert_not_final_benign,-1,dns,port
2025-07-19T23:03:09.865745+0700,103.195.142.74,118.98.44.50,6739,53,UDP,dns,,1466550183687737,wire/pcap,0,0,0,0,0,0.0,0,0,0,none,0,none,0,0,0,no_alert_unknown,no_alert_not_final_benign,-1,dns,port
2025-07-19T23:03:09.882769+0700,103.195.142.74,118.98.44.20,15023,53,UDP,dns,,1539668163247863,wire/pcap,0,0,0,0,0,0.0,0,0,0,none,0,none,0,0,0,no_alert_unknown,no_alert_not_final_benign,-1,dns,port
2025-07-19T23:03:09.890618+0700,103.195.142.74,118.98.44.50,14078,53,UDP,dns,,1573377960722755,wire/pcap,0,0,0,0,0,0.0,0,0,0,none,0,none,0,0,0,no_alert_unknown,no_alert_not_final_benign,-1,dns,port
2025-07-19T23:03:09.928722+0700,103.195.142.108,8.8.8.8,1900,53,UDP,dns,,1216074754602613,wire/pcap,0,0,0,0,0,0.0,0,0,0,none,0,none,0,0,0,no_alert_unknown,no_alert_not_final_benign,-1,dns,port
2025-07-19T23:03:09.935893+0700,103.195.142.75,216.38.8.120,7594,53,UDP,dns,,1486358329312435,wire/pcap,0,0,0,0,0,0.0,0,0,0,none,0,none,0,0,0,no_alert_unknown,no_alert_not_final_benign,-1,dns,port
2025-07-19T23:03:09.943980+0700,103.195.142.74,50.28.32.153,50395,53,UDP,dns,,1521092127372129,wire/pcap,0,0,0,0,0,0.0,0,0,0,none,0,none,0,0,0,no_alert_unknown,no_alert_not_final_benign,-1,dns,port
2025-07-19T23:03:09.949597+0700,103.195.142.74,118.98.44.20,15536,53,UDP,dns,,1545215617147765,wire/pcap,0,0,0,0,0,0.0,0,0,0,none,0,none,0,0,0,no_alert_unknown,no_alert_not_final_benign,-1,dns,port
2025-07-19T23:03:09.979261+0700,103.195.142.74,202.134.0.155,43030,53,UDP,dns,,1672622354234742,wire/pcap,0,0,0,0,0,0.0,0,0,0,none,0,none,0,0,0,no_alert_unknown,no_alert_not_final_benign,-1,dns,port
2025-07-19T23:03:09.979362+0700,103.195.142.74,202.134.0.155,54350,53,UDP,dns,,1673057140314748,wire/pcap,0,0,0,0,0,0.0,0,0,0,none,0,none,0,0,0,no_alert_unknown,no_alert_not_final_benign,-1,dns,port
2025-07-19T23:03:09.983855+0700,103.195.142.75,216.38.8.120,59955,53,UDP,dns,,1410877753877510,wire/pcap,0,0,0,0,0,0.0,0,0,0,none,0,none,0,0,0,no_alert_unknown,no_alert_not_final_benign,-1,dns,port
2025-07-19T23:03:09.997105+0700,103.195.142.74,118.98.44.50,54669,53,UDP,dns,,1467786448405885,wire/pcap,0,0,0,0,0,0.0,0,0,0,none,0,none,0,0,0,no_alert_unknown,no_alert_not_final_benign,-1,dns,port
2025-07-19T23:03:09.997197+0700,103.195.142.75,8.8.8.8,64505,53,UDP,dns,,1468180026646229,wire/pcap,0,0,0,0,0,0.0,0,0,0,none,0,none,0,0,0,no_alert_unknown,no_alert_not_final_benign,-1,dns,port
2025-07-19T23:03:10.005122+0700,103.195.142.75,8.8.8.8,2623,53,UDP,dns,,1710849543635879,wire/pcap,0,0,0,0,0,0.0,0,0,0,none,0,none,0,0,0,no_alert_unknown,no_alert_not_final_benign,-1,dns,port
2025-07-19T23:03:10.013476+0700,103.195.142.74,202.134.0.155,48809,53,UDP,dns,,1746730055217824,wire/pcap,0,0,0,0,0,0.0,0,0,0,none,0,none,0,0,0,no_alert_unknown,no_alert_not_final_benign,-1,dns,port
2025-07-19T23:03:10.019836+0700,103.195.142.74,118.98.44.100,59623,53,UDP,dns,,1774048901454481,wire/pcap,0,0,0,0,0,0.0,0,0,0,none,0,none,0,0,0,no_alert_unknown,no_alert_not_final_benign,-1,dns,port
2025-07-19T23:03:10.024368+0700,103.195.142.75,208.74.124.194,27092,53,UDP,dns,,1793510015242324,wire/pcap,0,0,0,0,0,0.0,0,0,0,none,0,none,0,0,0,no_alert_unknown,no_alert_not_final_benign,-1,dns,port
2025-07-19T23:03:10.058639+0700,103.195.142.74,118.98.44.20,62332,53,UDP,dns,,1940703632210728,wire/pcap,0,0,0,0,0,0.0,0,0,0,none,0,none,0,0,0,no_alert_unknown,no_alert_not_final_benign,-1,dns,port
2025-07-19T23:03:10.074782+0700,103.195.142.74,118.98.44.20,57755,53,UDP,dns,,1728563441528333,wire/pcap,0,0,0,0,0,0.0,0,0,0,none,0,none,0,0,0,no_alert_unknown,no_alert_not_final_benign,-1,dns,port
2025-07-19T23:03:10.074832+0700,103.195.142.74,118.98.44.20,2615,53,UDP,dns,,1728777265092010,wire/pcap,0,0,0,0,0,0.0,0,0,0,none,0,none,0,0,0,no_alert_unknown,no_alert_not_final_benign,-1,dns,port
2025-07-19T23:03:10.099044+0700,103.195.142.75,8.8.8.8,52024,53,UDP,dns,,1832768565171257,wire/pcap,0,0,0,0,0,0.0,0,0,0,none,0,none,0,0,0,no_alert_unknown,no_alert_not_final_benign,-1,dns,port
2025-07-19T23:03:10.108243+0700,103.195.142.74,118.98.44.50,61123,53,UDP,dns,,1872279258249867,wire/pcap,0,0,0,0,0,0.0,0,0,0,none,0,none,0,0,0,no_alert_unknown,no_alert_not_final_benign,-1,dns,port
2025-07-19T23:03:10.108367+0700,103.195.142.83,87.98.154.238,53,48687,UDP,flow,failed,1499777712503435,,1,1,0,1190,0,0.0,1,1190,0,none,0,none,0,0,0,no_alert_unknown,no_alert_not_final_benign,-1,dns,port
2025-07-19T23:03:10.124899+0700,103.195.142.74,202.134.0.155,57231,53,UDP,dns,,1943815763007340,wire/pcap,0,0,0,0,0,0.0,0,0,0,none,0,none,0,0,0,no_alert_unknown,no_alert_not_final_benign,-1,dns,port
2025-07-19T23:03:10.125249+0700,103.195.142.74,118.98.44.100,40457,53,UDP,dns,,1945318516203831,wire/pcap,0,0,0,0,0,0.0,0,0,0,none,0,none,0,0,0,no_alert_unknown,no_alert_not_final_benign,-1,dns,port
2025-07-19T23:03:10.125663+0700,103.195.142.74,118.98.44.100,51596,53,UDP,dns,,1947095241917828,wire/pcap,0,0,0,0,0,0.0,0,0,0,none,0,none,0,0,0,no_alert_unknown,no_alert_not_final_benign,-1,dns,port
2025-07-19T23:03:10.125951+0700,103.195.142.74,118.98.44.20,45474,53,UDP,dns,,1948333087099980,wire/pcap,0,0,0,0,0,0.0,0,0,0,none,0,none,0,0,0,no_alert_unknown,no_alert_not_final_benign,-1,dns,port
2025-07-19T23:03:10.138970+0700,103.195.142.74,118.98.44.100,54577,53,UDP,dns,,1722775321982749,wire/pcap,0,0,0,0,0,0.0,0,0,0,none,0,none,0,0,0,no_alert_unknown,no_alert_not_final_benign,-1,dns,port
2025-07-19T23:03:10.157729+0700,103.195.142.83,87.98.154.86,53,47133,UDP,flow,failed,1869343734866520,,1,1,0,1190,0,0.0,1,1190,0,none,0,none,0,0,0,no_alert_unknown,no_alert_not_final_benign,-1,dns,port
2025-07-19T23:03:10.178033+0700,103.195.142.74,118.98.44.50,48298,53,UDP,dns,,1890546866976314,wire/pcap,0,0,0,0,0,0.0,0,0,0,none,0,none,0,0,0,no_alert_unknown,no_alert_not_final_benign,-1,dns,port
2025-07-19T23:03:10.178162+0700,103.195.142.74,202.134.0.155,10692,53,UDP,dns,,1891099946623106,wire/pcap,0,0,0,0,0,0.0,0,0,0,none,0,none,0,0,0,no_alert_unknown,no_alert_not_final_benign,-1,dns,port
2025-07-19T23:03:10.193317+0700,103.195.142.75,8.8.8.8,13201,53,UDP,dns,,1956193792630481,wire/pcap,0,0,0,0,0,0.0,0,0,0,none,0,none,0,0,0,no_alert_unknown,no_alert_not_final_benign,-1,dns,port
2025-07-19T23:03:10.204510+0700,103.195.142.75,8.8.8.8,8919,53,UDP,dns,,1722792784319986,wire/pcap,0,0,0,0,0,0.0,0,0,0,none,0,none,0,0,0,no_alert_unknown,no_alert_not_final_benign,-1,dns,port
2025-07-19T23:03:10.207431+0700,103.195.142.74,185.67.45.231,62186,53,UDP,dns,,1735335430985725,wire/pcap,0,0,0,0,0,0.0,0,0,0,none,0,none,0,0,0,no_alert_unknown,no_alert_not_final_benign,-1,dns,port
2025-07-19T23:03:10.211377+0700,103.195.142.74,118.98.44.20,50723,53,UDP,dns,,1752285713344838,wire/pcap,0,0,0,0,0,0.0,0,0,0,none,0,none,0,0,0,no_alert_unknown,no_alert_not_final_benign,-1,dns,port
2025-07-19T23:03:10.227474+0700,103.195.142.75,8.8.8.8,34091,53,UDP,dns,,1821419838197844,wire/pcap,0,0,0,0,0,0.0,0,0,0,none,0,none,0,0,0,no_alert_unknown,no_alert_not_final_benign,-1,dns,port
2025-07-19T23:03:10.227611+0700,103.195.142.74,202.134.0.155,21462,53,UDP,dns,,1822010231186827,wire/pcap,0,0,0,0,0,0.0,0,0,0,none,0,none,0,0,0,no_alert_unknown,no_alert_not_final_benign,-1,dns,port
2025-07-19T23:03:10.227620+0700,103.195.142.74,202.134.0.155,32216,53,UDP,dns,,1822045439865337,wire/pcap,0,0,0,0,0,0.0,0,0,0,none,0,none,0,0,0,no_alert_unknown,no_alert_not_final_benign,-1,dns,port
2025-07-19T23:03:10.235489+0700,103.195.142.74,118.98.44.20,57989,53,UDP,dns,,1855842864995247,wire/pcap,0,0,0,0,0,0.0,0,0,0,none,0,none,0,0,0,no_alert_unknown,no_alert_not_final_benign,-1,dns,port
2025-07-19T23:03:10.246510+0700,103.195.142.74,118.98.44.50,35661,53,UDP,dns,,1903179584133196,wire/pcap,0,0,0,0,0,0.0,0,0,0,none,0,none,0,0,0,no_alert_unknown,no_alert_not_final_benign,-1,dns,port
2025-07-19T23:03:10.275049+0700,103.195.142.74,118.98.44.100,12663,53,UDP,dns,,1744278404249705,wire/pcap,0,0,0,0,0,0.0,0,0,0,none,0,none,0,0,0,no_alert_unknown,no_alert_not_final_benign,-1,dns,port
2025-07-19T23:03:10.275132+0700,103.195.142.74,202.134.0.155,22288,53,UDP,dns,,1744633546366258,wire/pcap,0,0,0,0,0,0.0,0,0,0,none,0,none,0,0,0,no_alert_unknown,no_alert_not_final_benign,-1,dns,port
2025-07-19T23:03:10.286204+0700,103.195.142.74,118.98.44.20,6774,53,UDP,dns,,1792186792542734,wire/pcap,0,0,0,0,0,0.0,0,0,0,none,0,none,0,0,0,no_alert_unknown,no_alert_not_final_benign,-1,dns,port
2025-07-19T23:03:10.287509+0700,103.195.142.74,202.134.0.155,64530,53,UDP,dns,,1797792562232612,wire/pcap,0,0,0,0,0,0.0,0,0,0,none,0,none,0,0,0,no_alert_unknown,no_alert_not_final_benign,-1,dns,port
2025-07-19T23:03:10.310214+0700,103.195.142.74,118.98.44.50,45934,53,UDP,dns,,1895310244224980,wire/pcap,0,0,0,0,0,0.0,0,0,0,none,0,none,0,0,0,no_alert_unknown,no_alert_not_final_benign,-1,dns,port
2025-07-19T23:03:10.324537+0700,103.195.142.74,118.98.44.100,41439,53,UDP,dns,,1956826666572893,wire/pcap,0,0,0,0,0,0.0,0,0,0,none,0,none,0,0,0,no_alert_unknown,no_alert_not_final_benign,-1,dns,port
2025-07-19T23:03:10.350140+0700,103.195.142.74,118.98.44.20,52976,53,UDP,dns,,1785317174964933,wire/pcap,0,0,0,0,0,0.0,0,0,0,none,0,none,0,0,0,no_alert_unknown,no_alert_not_final_benign,-1,dns,port
2025-07-19T23:03:10.353360+0700,103.195.142.74,118.98.44.20,39399,53,UDP,dns,,1799146916216121,wire/pcap,0,0,0,0,0,0.0,0,0,0,none,0,none,0,0,0,no_alert_unknown,no_alert_not_final_benign,-1,dns,port
2025-07-19T23:03:10.366744+0700,103.195.142.75,8.8.8.8,61693,53,UDP,dns,,1856630486376929,wire/pcap,0,0,0,0,0,0.0,0,0,0,none,0,none,0,0,0,no_alert_unknown,no_alert_not_final_benign,-1,dns,port
2025-07-19T23:03:10.373263+0700,103.195.142.74,118.98.44.20,51669,53,UDP,dns,,1884627970706708,wire/pcap,0,0,0,0,0,0.0,0,0,0,none,0,none,0,0,0,no_alert_unknown,no_alert_not_final_benign,-1,dns,port
2025-07-19T23:03:10.373308+0700,103.195.142.74,118.98.44.100,9125,53,UDP,dns,,1884824898357239,wire/pcap,0,0,0,0,0,0.0,0,0,0,none,0,none,0,0,0,no_alert_unknown,no_alert_not_final_benign,-1,dns,port
2025-07-19T23:03:10.377685+0700,103.195.142.74,118.98.44.20,49306,53,UDP,dns,,1903620910799894,wire/pcap,0,0,0,0,0,0.0,0,0,0,none,0,none,0,0,0,no_alert_unknown,no_alert_not_final_benign,-1,dns,port
2025-07-19T23:03:10.386728+0700,103.195.142.75,8.8.8.8,39364,53,UDP,dns,,1942460568825011,wire/pcap,0,0,0,0,0,0.0,0,0,0,none,0,none,0,0,0,no_alert_unknown,no_alert_not_final_benign,-1,dns,port
2025-07-19T23:03:10.393543+0700,103.195.142.74,202.134.0.155,6296,53,UDP,dns,,1690257455500485,wire/pcap,0,0,0,0,0,0.0,0,0,0,none,0,none,0,0,0,no_alert_unknown,no_alert_not_final_benign,-1,dns,port
2025-07-19T23:03:10.393617+0700,103.195.142.74,118.98.44.20,63596,53,UDP,dns,,1690575560802504,wire/pcap,0,0,0,0,0,0.0,0,0,0,none,0,none,0,0,0,no_alert_unknown,no_alert_not_final_benign,-1,dns,port
2025-07-19T23:03:10.405801+0700,103.195.142.74,118.98.44.100,28650,53,UDP,dns,,1742906060202378,wire/pcap,0,0,0,0,0,0.0,0,0,0,none,0,none,0,0,0,no_alert_unknown,no_alert_not_final_benign,-1,dns,port
2025-07-19T23:03:10.413189+0700,103.195.142.74,118.98.44.100,38006,53,UDP,dns,,1774633884833782,wire/pcap,0,0,0,0,0,0.0,0,0,0,none,0,none,0,0,0,no_alert_unknown,no_alert_not_final_benign,-1,dns,port
2025-07-19T23:03:10.427501+0700,103.195.142.75,8.8.8.8,60777,53,UDP,dns,,1836107098136206,wire/pcap,0,0,0,0,0,0.0,0,0,0,none,0,none,0,0,0,no_alert_unknown,no_alert_not_final_benign,-1,dns,port
2025-07-19T23:03:10.427831+0700,103.195.142.74,118.98.44.100,22830,53,UDP,dns,,1837522150488203,wire/pcap,0,0,0,0,0,0.0,0,0,0,none,0,none,0,0,0,no_alert_unknown,no_alert_not_final_benign,-1,dns,port
2025-07-19T23:03:10.437584+0700,103.195.142.196,87.98.154.49,53,24441,UDP,flow,failed,1763803645400485,,1,1,0,1437,0,0.0,1,1437,0,none,0,none,0,0,0,no_alert_unknown,no_alert_not_final_benign,-1,dns,port
2025-07-19T23:03:10.444866+0700,103.195.142.74,118.98.44.20,27953,53,UDP,dns,,1910687012887198,wire/pcap,0,0,0,0,0,0.0,0,0,0,none,0,none,0,0,0,no_alert_unknown,no_alert_not_final_benign,-1,dns,port
2025-07-19T23:03:10.450105+0700,103.195.142.74,202.134.0.155,50705,53,UDP,dns,,1933187194119677,wire/pcap,0,0,0,0,0,0.0,0,0,0,none,0,none,0,0,0,no_alert_unknown,no_alert_not_final_benign,-1,dns,port
2025-07-19T23:03:10.450313+0700,103.195.142.74,202.134.0.155,3634,53,UDP,dns,,1934082137033325,wire/pcap,0,0,0,0,0,0.0,0,0,0,none,0,none,0,0,0,no_alert_unknown,no_alert_not_final_benign,-1,dns,port
2025-07-19T23:03:10.451870+0700,103.195.142.74,118.98.44.50,53697,53,UDP,dns,,1940768308715680,wire/pcap,0,0,0,0,0,0.0,0,0,0,none,0,none,0,0,0,no_alert_unknown,no_alert_not_final_benign,-1,dns,port
2025-07-19T23:03:10.468672+0700,103.195.142.74,202.134.0.155,55982,53,UDP,dns,,1731460085816539,wire/pcap,0,0,0,0,0,0.0,0,0,0,none,0,none,0,0,0,no_alert_unknown,no_alert_not_final_benign,-1,dns,port
2025-07-19T23:03:10.473828+0700,103.195.142.74,118.98.44.20,11590,53,UDP,dns,,1753602848156729,wire/pcap,0,0,0,0,0,0.0,0,0,0,none,0,none,0,0,0,no_alert_unknown,no_alert_not_final_benign,-1,dns,port
2025-07-19T23:03:10.488750+0700,103.195.142.238,8.8.8.8,5678,53,UDP,dns,,1817690871866653,wire/pcap,0,0,0,0,0,0.0,0,0,0,none,0,none,0,0,0,no_alert_unknown,no_alert_not_final_benign,-1,dns,port
2025-07-19T23:03:10.495040+0700,103.195.142.74,118.98.44.20,44218,53,UDP,dns,,1844705991693446,wire/pcap,0,0,0,0,0,0.0,0,0,0,none,0,none,0,0,0,no_alert_unknown,no_alert_not_final_benign,-1,dns,port
2025-07-19T23:03:10.517926+0700,103.195.142.75,8.8.8.8,55654,53,UDP,dns,,1943001420431128,wire/pcap,0,0,0,0,0,0.0,0,0,0,none,0,none,0,0,0,no_alert_unknown,no_alert_not_final_benign,-1,dns,port
2025-07-19T23:03:10.524745+0700,103.195.142.74,202.134.0.155,41208,53,UDP,dns,,1690813765362454,wire/pcap,0,0,0,0,0,0.0,0,0,0,none,0,none,0,0,0,no_alert_unknown,no_alert_not_final_benign,-1,dns,port
2025-07-19T23:03:10.530421+0700,103.195.142.46,87.98.154.119,53,22692,UDP,flow,failed,1767663109886568,,1,1,0,1437,0,0.0,1,1437,0,none,0,none,0,0,0,no_alert_unknown,no_alert_not_final_benign,-1,dns,port
2025-07-19T23:03:10.561349+0700,103.195.142.75,8.8.8.8,55308,53,UDP,flow,dns,1898974997829416,,1,1,0,68,0,0.0,1,68,0,none,0,none,0,0,0,no_alert_unknown,no_alert_not_final_benign,-1,dns,app_proto+port
2025-07-19T23:03:10.573606+0700,103.195.142.74,118.98.44.20,32136,53,UDP,dns,,1900671159220352,wire/pcap,0,0,0,0,0,0.0,0,0,0,none,0,none,0,0,0,no_alert_unknown,no_alert_not_final_benign,-1,dns,port
2025-07-19T23:03:10.606758+0700,103.195.142.74,118.98.44.50,46928,53,UDP,dns,,1761582162365190,wire/pcap,0,0,0,0,0,0.0,0,0,0,none,0,none,0,0,0,no_alert_unknown,no_alert_not_final_benign,-1,dns,port
2025-07-19T23:03:10.606792+0700,103.195.142.75,8.8.8.8,49057,53,UDP,dns,,1761730991565857,wire/pcap,0,0,0,0,0,0.0,0,0,0,none,0,none,0,0,0,no_alert_unknown,no_alert_not_final_benign,-1,dns,port
2025-07-19T23:03:10.656332+0700,103.195.142.74,118.98.44.100,10849,53,UDP,dns,,1693027288352943,wire/pcap,0,0,0,0,0,0.0,0,0,0,none,0,none,0,0,0,no_alert_unknown,no_alert_not_final_benign,-1,dns,port
2025-07-19T23:03:10.688297+0700,103.195.142.75,8.8.8.8,26218,53,UDP,dns,,1830315246758829,wire/pcap,0,0,0,0,0,0.0,0,0,0,none,0,none,0,0,0,no_alert_unknown,no_alert_not_final_benign,-1,dns,port
2025-07-19T23:03:10.697613+0700,103.195.142.75,8.8.8.8,58704,53,UDP,dns,,1870328549387057,wire/pcap,0,0,0,0,0,0.0,0,0,0,none,0,none,0,0,0,no_alert_unknown,no_alert_not_final_benign,-1,dns,port
2025-07-19T23:03:10.756085+0700,103.195.142.75,8.8.8.8,35256,53,UDP,dns,,1839986006299030,wire/pcap,0,0,0,0,0,0.0,0,0,0,none,0,none,0,0,0,no_alert_unknown,no_alert_not_final_benign,-1,dns,port
2025-07-19T23:03:10.756225+0700,103.195.142.74,202.134.0.155,9608,53,UDP,dns,,1840589035287801,wire/pcap,0,0,0,0,0,0.0,0,0,0,none,0,none,0,0,0,no_alert_unknown,no_alert_not_final_benign,-1,dns,port
2025-07-19T23:03:10.756604+0700,103.195.142.46,87.98.154.119,53,42073,UDP,flow,failed,1152272609531825,,1,1,0,1437,0,0.0,1,1437,0,none,0,none,0,0,0,no_alert_unknown,no_alert_not_final_benign,-1,dns,port
2025-07-19T23:03:10.756666+0700,103.195.142.76,87.98.154.130,53,23266,UDP,flow,failed,1210193682257970,,1,3,0,4407,0,10.0,3,4407,0,none,0,none,0,0,0,no_alert_unknown,no_alert_not_final_benign,-1,dns,port
2025-07-19T23:03:10.756689+0700,103.195.142.74,118.98.44.20,4115,53,UDP,flow,dns,1261572796864563,,1,1,0,243,0,0.0,1,243,0,none,0,none,0,0,0,no_alert_unknown,no_alert_not_final_benign,-1,dns,app_proto+port
2025-07-19T23:03:10.756711+0700,103.195.142.109,87.98.154.181,53,26741,UDP,flow,failed,1439964501334110,,1,1,0,1437,0,0.0,1,1437,0,none,0,none,0,0,0,no_alert_unknown,no_alert_not_final_benign,-1,dns,port
2025-07-19T23:03:10.756731+0700,103.195.142.75,8.8.8.8,57441,53,UDP,flow,dns,887604975720562,,1,1,0,78,0,0.0,1,78,0,none,0,none,0,0,0,no_alert_unknown,no_alert_not_final_benign,-1,dns,app_proto+port
2025-07-19T23:03:10.756752+0700,103.195.142.165,87.98.154.169,53,5479,UDP,flow,failed,1434886401972449,,1,1,0,1437,0,0.0,1,1437,0,none,0,none,0,0,0,no_alert_unknown,no_alert_not_final_benign,-1,dns,port
2025-07-19T23:03:10.756816+0700,103.195.142.75,8.8.8.8,19958,53,UDP,flow,dns,50090063124783,,1,2,0,163,0,20.0,2,163,0,none,0,none,0,0,0,no_alert_unknown,no_alert_not_final_benign,-1,dns,app_proto+port
2025-07-19T23:03:10.756838+0700,103.195.142.75,8.8.8.8,62511,53,UDP,flow,dns,1102469277047103,,1,1,0,84,0,0.0,1,84,0,none,0,none,0,0,0,no_alert_unknown,no_alert_not_final_benign,-1,dns,app_proto+port
2025-07-19T23:03:10.756859+0700,103.195.142.74,118.98.44.20,65236,53,UDP,flow,dns,1890727004101019,,1,1,0,68,0,0.0,1,68,0,none,0,none,0,0,0,no_alert_unknown,no_alert_not_final_benign,-1,dns,app_proto+port
2025-07-19T23:03:10.756879+0700,103.195.142.76,87.98.154.70,53,42308,UDP,flow,failed,1116454436690482,,1,1,0,1469,0,0.0,1,1469,0,none,0,none,0,0,0,no_alert_unknown,no_alert_not_final_benign,-1,dns,port
2025-07-19T23:03:10.756898+0700,103.195.142.195,87.98.154.119,53,14094,UDP,flow,failed,1764701468645942,,1,1,0,1437,0,0.0,1,1437,0,none,0,none,0,0,0,no_alert_unknown,no_alert_not_final_benign,-1,dns,port
2025-07-19T23:03:10.756985+0700,103.195.142.75,8.8.8.8,63307,53,UDP,flow,dns,946437234383501,,1,1,0,91,0,0.0,1,91,0,none,0,none,0,0,0,no_alert_unknown,no_alert_not_final_benign,-1,dns,app_proto+port
2025-07-19T23:03:10.757017+0700,103.195.142.74,202.134.0.155,9575,53,UDP,flow,dns,1579371929754333,,1,1,0,214,0,0.0,1,214,0,none,0,none,0,0,0,no_alert_unknown,no_alert_not_final_benign,-1,dns,app_proto+port
2025-07-19T23:03:10.757041+0700,103.195.142.195,87.98.154.140,53,7121,UDP,flow,failed,1748994823248661,,1,1,0,1437,0,0.0,1,1437,0,none,0,none,0,0,0,no_alert_unknown,no_alert_not_final_benign,-1,dns,port
2025-07-19T23:03:10.757060+0700,103.195.142.74,118.98.44.50,1108,53,UDP,flow,dns,1449149351353172,,1,1,0,83,0,0.0,1,83,0,none,0,none,0,0,0,no_alert_unknown,no_alert_not_final_benign,-1,dns,app_proto+port
2025-07-19T23:03:10.757082+0700,103.195.142.2,13.66.202.158,53,56615,UDP,flow,failed,1282534730324875,,1,1,0,169,0,0.0,1,169,0,none,0,none,0,0,0,no_alert_unknown,no_alert_not_final_benign,-1,dns,port
2025-07-19T23:03:10.757119+0700,103.195.142.76,87.98.154.119,53,57655,UDP,flow,failed,1312628235262899,,1,1,0,1469,0,0.0,1,1469,0,none,0,none,0,0,0,no_alert_unknown,no_alert_not_final_benign,-1,dns,port
2025-07-19T23:03:10.757178+0700,103.195.142.74,118.98.44.20,58620,53,UDP,flow,dns,1086787586448349,,1,1,0,196,0,0.0,1,196,0,none,0,none,0,0,0,no_alert_unknown,no_alert_not_final_benign,-1,dns,app_proto+port
2025-07-19T23:03:10.757252+0700,103.195.142.75,8.8.8.8,38444,53,UDP,flow,dns,1127983651576920,,1,1,0,211,0,0.0,1,211,0,none,0,none,0,0,0,no_alert_unknown,no_alert_not_final_benign,-1,dns,app_proto+port
2025-07-19T23:03:10.757345+0700,103.195.142.195,87.98.154.28,53,25789,UDP,flow,failed,1148559654477128,,1,3,0,4311,0,10.0,3,4311,0,none,0,none,0,0,0,no_alert_unknown,no_alert_not_final_benign,-1,dns,port
2025-07-19T23:03:10.757387+0700,103.195.142.195,87.98.154.119,53,26121,UDP,flow,failed,921500683951541,,1,1,0,1437,0,0.0,1,1437,0,none,0,none,0,0,0,no_alert_unknown,no_alert_not_final_benign,-1,dns,port
2025-07-19T23:03:10.757430+0700,103.195.142.3,60.29.229.59,53,23706,UDP,flow,failed,933181972438657,,1,1,0,191,0,0.0,1,191,0,none,0,none,0,0,0,no_alert_unknown,no_alert_not_final_benign,-1,dns,port
2025-07-19T23:03:10.757522+0700,103.195.142.74,118.98.44.50,14651,53,UDP,flow,dns,1152757376638749,,1,2,0,204,0,7.0,2,204,0,none,0,none,0,0,0,no_alert_unknown,no_alert_not_final_benign,-1,dns,app_proto+port
2025-07-19T23:03:10.757544+0700,103.195.142.75,8.8.8.8,33886,53,UDP,flow,dns,1784175882952521,,1,1,0,79,0,0.0,1,79,0,none,0,none,0,0,0,no_alert_unknown,no_alert_not_final_benign,-1,dns,app_proto+port
2025-07-19T23:03:10.757563+0700,103.195.142.74,202.134.0.155,60347,53,UDP,flow,dns,1143045191589738,,1,1,0,214,0,0.0,1,214,0,none,0,none,0,0,0,no_alert_unknown,no_alert_not_final_benign,-1,dns,app_proto+port
2025-07-19T23:03:10.757617+0700,103.195.142.74,118.98.44.100,19036,53,UDP,flow,dns,1003881155878820,,1,1,0,223,0,0.0,1,223,0,none,0,none,0,0,0,no_alert_unknown,no_alert_not_final_benign,-1,dns,app_proto+port
2025-07-19T23:03:10.757638+0700,103.195.142.76,87.98.154.70,53,33677,UDP,flow,failed,1083107599146925,,1,1,0,1469,0,0.0,1,1469,0,none,0,none,0,0,0,no_alert_unknown,no_alert_not_final_benign,-1,dns,port
2025-07-19T23:03:10.757680+0700,103.195.142.74,202.134.0.155,58882,53,UDP,flow,dns,1612208965509118,,1,1,0,82,0,0.0,1,82,0,none,0,none,0,0,0,no_alert_unknown,no_alert_not_final_benign,-1,dns,app_proto+port
2025-07-19T23:03:10.757700+0700,103.195.142.3,74.114.28.24,53,38414,UDP,flow,failed,1779225801482254,,1,1,0,202,0,0.0,1,202,0,none,0,none,0,0,0,no_alert_unknown,no_alert_not_final_benign,-1,dns,port
2025-07-19T23:03:10.757741+0700,103.195.142.74,118.98.44.100,22010,53,UDP,flow,dns,1468239403442230,,1,1,0,85,0,0.0,1,85,0,none,0,none,0,0,0,no_alert_unknown,no_alert_not_final_benign,-1,dns,app_proto+port
2025-07-19T23:03:10.757820+0700,103.195.142.165,87.98.154.85,53,47668,UDP,flow,failed,1711962450714828,,1,1,0,1437,0,0.0,1,1437,0,none,0,none,0,0,0,no_alert_unknown,no_alert_not_final_benign,-1,dns,port
2025-07-19T23:03:10.757870+0700,103.195.142.83,87.98.154.42,53,57967,UDP,flow,failed,1463306245726608,,1,1,0,1190,0,0.0,1,1190,0,none,0,none,0,0,0,no_alert_unknown,no_alert_not_final_benign,-1,dns,port
2025-07-19T23:03:10.758026+0700,103.195.142.75,8.8.8.8,36926,53,UDP,flow,dns,1333243256463957,,1,1,0,223,0,0.0,1,223,0,none,0,none,0,0,0,no_alert_unknown,no_alert_not_final_benign,-1,dns,app_proto+port
2025-07-19T23:03:10.758075+0700,103.195.142.46,87.98.154.119,53,59814,UDP,flow,failed,1732167369319016,,1,1,0,1437,0,0.0,1,1437,0,none,0,none,0,0,0,no_alert_unknown,no_alert_not_final_benign,-1,dns,port
2025-07-19T23:03:10.758126+0700,103.195.142.3,172.217.47.29,53,42920,UDP,flow,failed,1520316688261761,,1,1,0,167,0,0.0,1,167,0,none,0,none,0,0,0,no_alert_unknown,no_alert_not_final_benign,-1,dns,port
2025-07-19T23:03:10.758169+0700,103.195.142.83,87.98.154.126,53,44648,UDP,flow,failed,750061424042670,,1,3,0,3570,0,10.0,3,3570,0,none,0,none,0,0,0,no_alert_unknown,no_alert_not_final_benign,-1,dns,port
2025-07-19T23:03:10.758219+0700,103.195.142.3,190.92.194.19,53,36540,UDP,flow,failed,1576416040870619,,1,1,0,174,0,0.0,1,174,0,none,0,none,0,0,0,no_alert_unknown,no_alert_not_final_benign,-1,dns,port
2025-07-19T23:03:10.758242+0700,103.195.142.76,87.98.154.14,53,17030,UDP,flow,failed,1348753793639146,,1,1,0,1469,0,0.0,1,1469,0,none,0,none,0,0,0,no_alert_unknown,no_alert_not_final_benign,-1,dns,port
2025-07-19T23:03:10.758285+0700,103.195.142.76,87.98.154.119,53,11316,UDP,flow,failed,1325747692921604,,1,1,0,1469,0,0.0,1,1469,0,none,0,none,0,0,0,no_alert_unknown,no_alert_not_final_benign,-1,dns,port
2025-07-19T23:03:10.758322+0700,103.195.142.76,87.98.154.186,53,51728,UDP,flow,failed,1072266235044626,,1,3,0,4407,0,9.0,3,4407,0,none,0,none,0,0,0,no_alert_unknown,no_alert_not_final_benign,-1,dns,port
2025-07-19T23:03:10.758371+0700,103.195.142.76,87.98.154.119,53,4876,UDP,flow,failed,1459428379878468,,1,1,0,1469,0,0.0,1,1469,0,none,0,none,0,0,0,no_alert_unknown,no_alert_not_final_benign,-1,dns,port
2025-07-19T23:03:10.758413+0700,103.195.142.74,118.98.44.20,30588,53,UDP,flow,dns,1084330456867992,,1,1,0,77,0,0.0,1,77,0,none,0,none,0,0,0,no_alert_unknown,no_alert_not_final_benign,-1,dns,app_proto+port
2025-07-19T23:03:10.758433+0700,103.195.142.76,87.98.154.119,53,17528,UDP,flow,failed,1685700205962420,,1,1,0,1469,0,0.0,1,1469,0,none,0,none,0,0,0,no_alert_unknown,no_alert_not_final_benign,-1,dns,port
2025-07-19T23:03:10.758521+0700,103.195.142.83,87.98.154.70,53,21303,UDP,flow,failed,1130310054798689,,1,1,0,1190,0,0.0,1,1190,0,none,0,none,0,0,0,no_alert_unknown,no_alert_not_final_benign,-1,dns,port
2025-07-19T23:03:10.758561+0700,103.195.142.3,64.233.173.208,53,49440,UDP,flow,failed,1347959655327087,,1,1,0,163,0,0.0,1,163,0,none,0,none,0,0,0,no_alert_unknown,no_alert_not_final_benign,-1,dns,port
2025-07-19T23:03:10.758580+0700,103.195.142.46,87.98.154.119,53,5996,UDP,flow,failed,1165156713260414,,1,1,0,1437,0,0.0,1,1437,0,none,0,none,0,0,0,no_alert_unknown,no_alert_not_final_benign,-1,dns,port
2025-07-19T23:03:10.758598+0700,103.195.142.74,185.67.45.231,58905,53,UDP,flow,dns,1529036100167047,,1,1,0,85,0,0.0,1,85,0,none,0,none,0,0,0,no_alert_unknown,no_alert_not_final_benign,-1,dns,app_proto+port
2025-07-19T23:03:10.758694+0700,103.195.142.165,87.98.154.141,53,37421,UDP,flow,failed,1928553844663720,,1,1,0,1437,0,0.0,1,1437,0,none,0,none,0,0,0,no_alert_unknown,no_alert_not_final_benign,-1,dns,port
2025-07-19T23:03:10.758720+0700,103.195.142.74,202.134.0.155,61832,53,UDP,flow,dns,1230476391245228,,1,1,0,232,0,0.0,1,232,0,none,0,none,0,0,0,no_alert_unknown,no_alert_not_final_benign,-1,dns,app_proto+port
2025-07-19T23:03:10.758802+0700,103.195.142.76,87.98.154.242,53,17288,UDP,flow,failed,447377356187121,,1,3,0,4407,0,10.0,3,4407,0,none,0,none,0,0,0,no_alert_unknown,no_alert_not_final_benign,-1,dns,port
2025-07-19T23:03:10.758842+0700,103.195.142.31,8.8.8.8,28039,53,UDP,flow,dns,1370425231304215,,1,1,0,75,0,0.0,1,75,0,none,0,none,0,0,0,no_alert_unknown,no_alert_not_final_benign,-1,dns,app_proto+port
2025-07-19T23:03:10.758865+0700,103.195.142.165,87.98.154.225,53,51164,UDP,flow,failed,1005518005429784,,1,1,0,1437,0,0.0,1,1437,0,none,0,none,0,0,0,no_alert_unknown,no_alert_not_final_benign,-1,dns,port
2025-07-19T23:03:10.758883+0700,103.195.142.75,8.8.8.8,17658,53,UDP,flow,dns,1863021745628749,,1,1,0,196,0,0.0,1,196,0,none,0,none,0,0,0,no_alert_unknown,no_alert_not_final_benign,-1,dns,app_proto+port
2025-07-19T23:03:10.758925+0700,103.195.142.74,34.8.38.57,40728,53,UDP,flow,dns,1036049452656404,,1,1,0,222,0,0.0,1,222,0,none,0,none,0,0,0,no_alert_unknown,no_alert_not_final_benign,-1,dns,app_proto+port
2025-07-19T23:03:10.758973+0700,103.195.142.196,87.98.154.77,53,6963,UDP,flow,failed,1139563702085532,,1,1,0,1437,0,0.0,1,1437,0,none,0,none,0,0,0,no_alert_unknown,no_alert_not_final_benign,-1,dns,port
2025-07-19T23:03:10.758992+0700,103.195.142.196,87.98.154.117,53,2435,UDP,flow,failed,1315726396843942,,1,1,0,1437,0,0.0,1,1437,0,none,0,none,0,0,0,no_alert_unknown,no_alert_not_final_benign,-1,dns,port
2025-07-19T23:03:10.759011+0700,103.195.142.196,87.98.154.118,53,40425,UDP,flow,failed,1592000074508250,,1,1,0,1437,0,0.0,1,1437,0,none,0,none,0,0,0,no_alert_unknown,no_alert_not_final_benign,-1,dns,port
2025-07-19T23:03:10.759048+0700,103.195.142.46,87.98.154.119,53,61715,UDP,flow,failed,1924076946679816,,1,1,0,1437,0,0.0,1,1437,0,none,0,none,0,0,0,no_alert_unknown,no_alert_not_final_benign,-1,dns,port
2025-07-19T23:03:10.759067+0700,103.195.142.76,87.98.154.214,53,13959,UDP,flow,failed,1778184808785947,,1,1,0,1469,0,0.0,1,1469,0,none,0,none,0,0,0,no_alert_unknown,no_alert_not_final_benign,-1,dns,port
2025-07-19T23:03:10.759126+0700,103.195.142.75,8.8.8.8,60536,53,UDP,flow,dns,1961657611479236,,1,1,0,79,0,0.0,1,79,0,none,0,none,0,0,0,no_alert_unknown,no_alert_not_final_benign,-1,dns,app_proto+port
2025-07-19T23:03:10.759146+0700,103.195.142.76,87.98.154.102,53,6065,UDP,flow,failed,1577251021613341,,1,1,0,1469,0,0.0,1,1469,0,none,0,none,0,0,0,no_alert_unknown,no_alert_not_final_benign,-1,dns,port
2025-07-19T23:03:10.759251+0700,103.195.142.109,87.98.154.119,53,12550,UDP,flow,failed,1947320027015611,,1,1,0,1437,0,0.0,1,1437,0,none,0,none,0,0,0,no_alert_unknown,no_alert_not_final_benign,-1,dns,port
2025-07-19T23:03:10.759270+0700,103.195.142.3,172.217.43.155,53,38841,UDP,flow,failed,1369908483353035,,1,1,0,163,0,0.0,1,163,0,none,0,none,0,0,0,no_alert_unknown,no_alert_not_final_benign,-1,dns,port
2025-07-19T23:03:10.759294+0700,103.195.142.74,118.98.44.20,51628,53,UDP,flow,dns,1003354117663188,,1,1,0,241,0,0.0,1,241,0,none,0,none,0,0,0,no_alert_unknown,no_alert_not_final_benign,-1,dns,app_proto+port
2025-07-19T23:03:10.759314+0700,103.195.142.196,87.98.154.249,53,42150,UDP,flow,failed,759573004577236,,1,3,0,4311,0,10.0,3,4311,0,none,0,none,0,0,0,no_alert_unknown,no_alert_not_final_benign,-1,dns,port
2025-07-19T23:03:10.759354+0700,103.195.142.74,118.98.44.100,19217,53,UDP,flow,dns,1653019029760497,,1,1,0,68,0,0.0,1,68,0,none,0,none,0,0,0,no_alert_unknown,no_alert_not_final_benign,-1,dns,app_proto+port
2025-07-19T23:03:10.759374+0700,103.195.142.76,87.98.154.242,53,11718,UDP,flow,failed,1747619294767649,,1,1,0,1469,0,0.0,1,1469,0,none,0,none,0,0,0,no_alert_unknown,no_alert_not_final_benign,-1,dns,port
2025-07-19T23:03:10.759393+0700,103.195.142.74,202.134.0.155,22633,53,UDP,flow,dns,1086613682547252,,1,1,0,82,0,0.0,1,82,0,none,0,none,0,0,0,no_alert_unknown,no_alert_not_final_benign,-1,dns,app_proto+port
2025-07-19T23:03:10.759412+0700,103.195.142.75,8.8.8.8,65359,53,UDP,flow,dns,845593184856635,,1,1,0,79,0,0.0,1,79,0,none,0,none,0,0,0,no_alert_unknown,no_alert_not_final_benign,-1,dns,app_proto+port
2025-07-19T23:03:10.759458+0700,103.195.142.195,87.98.154.119,53,37489,UDP,flow,failed,1558591304133316,,1,1,0,1437,0,0.0,1,1437,0,none,0,none,0,0,0,no_alert_unknown,no_alert_not_final_benign,-1,dns,port
2025-07-19T23:03:10.759476+0700,103.195.142.74,118.98.44.20,40456,53,UDP,flow,dns,1726640352750285,,1,1,0,68,0,0.0,1,68,0,none,0,none,0,0,0,no_alert_unknown,no_alert_not_final_benign,-1,dns,app_proto+port
2025-07-19T23:03:10.759507+0700,103.195.142.165,87.98.154.21,53,8719,UDP,flow,failed,1956006782724896,,1,1,0,1437,0,0.0,1,1437,0,none,0,none,0,0,0,no_alert_unknown,no_alert_not_final_benign,-1,dns,port
2025-07-19T23:03:10.759527+0700,103.195.142.74,118.98.44.20,48167,53,UDP,flow,dns,1122184924457829,,1,1,0,81,0,0.0,1,81,0,none,0,none,0,0,0,no_alert_unknown,no_alert_not_final_benign,-1,dns,app_proto+port
2025-07-19T23:03:10.759649+0700,103.195.142.165,87.98.154.133,53,6475,UDP,flow,failed,1033098867993657,,1,1,0,1437,0,0.0,1,1437,0,none,0,none,0,0,0,no_alert_unknown,no_alert_not_final_benign,-1,dns,port
2025-07-19T23:03:10.759703+0700,103.195.142.74,202.134.0.155,34540,53,UDP,flow,dns,1173053520964679,,1,1,0,87,0,0.0,1,87,0,none,0,none,0,0,0,no_alert_unknown,no_alert_not_final_benign,-1,dns,app_proto+port
2025-07-19T23:03:10.759784+0700,103.195.142.74,118.98.44.50,14733,53,UDP,flow,dns,1772160200436842,,1,1,0,79,0,0.0,1,79,0,none,0,none,0,0,0,no_alert_unknown,no_alert_not_final_benign,-1,dns,app_proto+port
2025-07-19T23:03:10.759805+0700,103.195.142.165,87.98.154.119,53,17053,UDP,flow,failed,863784772791473,,1,1,0,1437,0,0.0,1,1437,0,none,0,none,0,0,0,no_alert_unknown,no_alert_not_final_benign,-1,dns,port
2025-07-19T23:03:10.759845+0700,103.195.142.46,87.98.154.71,53,44147,UDP,flow,failed,1537628295294172,,1,1,0,1437,0,0.0,1,1437,0,none,0,none,0,0,0,no_alert_unknown,no_alert_not_final_benign,-1,dns,port
2025-07-19T23:03:10.759884+0700,103.195.142.83,87.98.154.182,53,6582,UDP,flow,failed,1828580515409277,,1,1,0,1190,0,0.0,1,1190,0,none,0,none,0,0,0,no_alert_unknown,no_alert_not_final_benign,-1,dns,port
2025-07-19T23:03:10.759903+0700,103.195.142.46,87.98.154.119,53,8436,UDP,flow,failed,1779256503856561,,1,1,0,1437,0,0.0,1,1437,0,none,0,none,0,0,0,no_alert_unknown,no_alert_not_final_benign,-1,dns,port
2025-07-19T23:03:10.759928+0700,103.195.142.75,8.8.8.8,21939,53,UDP,flow,dns,1675153210764745,,1,1,0,243,0,0.0,1,243,0,none,0,none,0,0,0,no_alert_unknown,no_alert_not_final_benign,-1,dns,app_proto+port
2025-07-19T23:03:10.759989+0700,103.195.142.196,87.98.154.119,53,20311,UDP,flow,failed,933002288590350,,1,1,0,1437,0,0.0,1,1437,0,none,0,none,0,0,0,no_alert_unknown,no_alert_not_final_benign,-1,dns,port
2025-07-19T23:03:10.760028+0700,103.195.142.46,87.98.154.239,53,40420,UDP,flow,failed,1141735769337456,,1,1,0,1437,0,0.0,1,1437,0,none,0,none,0,0,0,no_alert_unknown,no_alert_not_final_benign,-1,dns,port
2025-07-19T23:03:10.760047+0700,103.195.142.165,87.98.154.141,53,50648,UDP,flow,failed,1650078342475394,,1,1,0,1437,0,0.0,1,1437,0,none,0,none,0,0,0,no_alert_unknown,no_alert_not_final_benign,-1,dns,port
2025-07-19T23:03:10.760065+0700,103.195.142.74,118.98.44.100,36654,53,UDP,flow,dns,1600735604862674,,1,1,0,81,0,0.0,1,81,0,none,0,none,0,0,0,no_alert_unknown,no_alert_not_final_benign,-1,dns,app_proto+port
2025-07-19T23:03:10.760123+0700,103.195.142.76,87.98.154.122,53,58848,UDP,flow,failed,1792152274759479,,1,1,0,1469,0,0.0,1,1469,0,none,0,none,0,0,0,no_alert_unknown,no_alert_not_final_benign,-1,dns,port
2025-07-19T23:03:10.760142+0700,103.195.142.75,8.8.8.8,2379,53,UDP,flow,dns,1944219556802426,,1,1,0,68,0,0.0,1,68,0,none,0,none,0,0,0,no_alert_unknown,no_alert_not_final_benign,-1,dns,app_proto+port
2025-07-19T23:03:10.760288+0700,103.195.142.74,202.134.0.155,37624,53,UDP,flow,dns,893773250457828,,1,1,0,232,0,0.0,1,232,0,none,0,none,0,0,0,no_alert_unknown,no_alert_not_final_benign,-1,dns,app_proto+port
2025-07-19T23:03:10.760562+0700,103.195.142.74,118.98.44.20,62323,53,UDP,flow,dns,1015728224498091,,1,1,0,232,0,0.0,1,232,0,none,0,none,0,0,0,no_alert_unknown,no_alert_not_final_benign,-1,dns,app_proto+port
2025-07-19T23:03:10.760597+0700,103.195.142.75,8.8.8.8,61255,53,UDP,flow,dns,1923881705304499,,1,1,0,223,0,0.0,1,223,0,none,0,none,0,0,0,no_alert_unknown,no_alert_not_final_benign,-1,dns,app_proto+port
2025-07-19T23:03:10.760616+0700,103.195.142.195,87.98.154.119,53,44130,UDP,flow,failed,1299501820899782,,1,1,0,1437,0,0.0,1,1437,0,none,0,none,0,0,0,no_alert_unknown,no_alert_not_final_benign,-1,dns,port
2025-07-19T23:03:10.760633+0700,103.195.142.74,118.98.44.50,35054,53,UDP,flow,dns,1531994321940998,,1,1,0,115,0,0.0,1,115,0,none,0,none,0,0,0,no_alert_unknown,no_alert_not_final_benign,-1,dns,app_proto+port
2025-07-19T23:03:10.760651+0700,103.195.142.165,87.98.154.225,53,17737,UDP,flow,failed,1683906956259930,,1,1,0,1437,0,0.0,1,1437,0,none,0,none,0,0,0,no_alert_unknown,no_alert_not_final_benign,-1,dns,port
2025-07-19T23:03:10.760686+0700,103.195.142.2,103.105.76.77,53,25837,UDP,flow,failed,1773370696823446,,1,1,0,138,0,0.0,1,138,0,none,0,none,0,0,0,no_alert_unknown,no_alert_not_final_benign,-1,dns,port
2025-07-19T23:03:10.760703+0700,103.195.142.83,87.98.154.117,53,28811,UDP,flow,failed,868283306374307,,1,1,0,1190,0,0.0,1,1190,0,none,0,none,0,0,0,no_alert_unknown,no_alert_not_final_benign,-1,dns,port
2025-07-19T23:03:10.760727+0700,103.195.142.76,87.98.154.14,53,29725,UDP,flow,failed,1455169211757739,,1,1,0,1469,0,0.0,1,1469,0,none,0,none,0,0,0,no_alert_unknown,no_alert_not_final_benign,-1,dns,port
2025-07-19T23:03:10.760746+0700,103.195.142.46,87.98.154.99,53,16694,UDP,flow,failed,1240203209569670,,1,1,0,1437,0,0.0,1,1437,0,none,0,none,0,0,0,no_alert_unknown,no_alert_not_final_benign,-1,dns,port
2025-07-19T23:03:10.760779+0700,103.195.142.76,87.98.154.119,53,54435,UDP,flow,failed,1653054678660492,,1,1,0,1469,0,0.0,1,1469,0,none,0,none,0,0,0,no_alert_unknown,no_alert_not_final_benign,-1,dns,port
2025-07-19T23:03:10.760799+0700,103.195.142.83,87.98.154.119,53,40238,UDP,flow,failed,857607898691044,,1,1,0,1190,0,0.0,1,1190,0,none,0,none,0,0,0,no_alert_unknown,no_alert_not_final_benign,-1,dns,port
2025-07-19T23:03:10.760862+0700,103.195.142.195,87.98.154.119,53,16040,UDP,flow,failed,1657272714360359,,1,1,0,1437,0,0.0,1,1437,0,none,0,none,0,0,0,no_alert_unknown,no_alert_not_final_benign,-1,dns,port
2025-07-19T23:03:10.760878+0700,103.195.142.109,87.98.154.117,53,21539,UDP,flow,failed,1263007966524999,,1,1,0,1437,0,0.0,1,1437,0,none,0,none,0,0,0,no_alert_unknown,no_alert_not_final_benign,-1,dns,port
2025-07-19T23:03:10.760895+0700,103.195.142.83,87.98.154.119,53,20412,UDP,flow,failed,1746121404741200,,1,1,0,1190,0,0.0,1,1190,0,none,0,none,0,0,0,no_alert_unknown,no_alert_not_final_benign,-1,dns,port
2025-07-19T23:03:10.760912+0700,103.195.142.74,118.98.44.100,53047,53,UDP,flow,dns,1941390974088838,,1,1,0,241,0,0.0,1,241,0,none,0,none,0,0,0,no_alert_unknown,no_alert_not_final_benign,-1,dns,app_proto+port
2025-07-19T23:03:10.760959+0700,103.195.142.195,87.98.154.119,53,31748,UDP,flow,failed,1191218979370787,,1,1,0,1437,0,0.0,1,1437,0,none,0,none,0,0,0,no_alert_unknown,no_alert_not_final_benign,-1,dns,port
2025-07-19T23:03:10.760993+0700,103.195.142.76,87.98.154.214,53,37720,UDP,flow,failed,1883596425230126,,1,1,0,1469,0,0.0,1,1469,0,none,0,none,0,0,0,no_alert_unknown,no_alert_not_final_benign,-1,dns,port
2025-07-19T23:03:10.761040+0700,103.195.142.196,87.98.154.21,53,28089,UDP,flow,failed,1827489623865241,,1,1,0,1437,0,0.0,1,1437,0,none,0,none,0,0,0,no_alert_unknown,no_alert_not_final_benign,-1,dns,port
2025-07-19T23:03:10.761057+0700,103.195.142.74,118.98.44.20,37669,53,UDP,flow,dns,1015456417478687,,1,1,0,93,0,0.0,1,93,0,none,0,none,0,0,0,no_alert_unknown,no_alert_not_final_benign,-1,dns,app_proto+port
2025-07-19T23:03:10.761076+0700,103.195.142.46,87.98.154.39,53,34535,UDP,flow,failed,1155510293002320,,1,1,0,1437,0,0.0,1,1437,0,none,0,none,0,0,0,no_alert_unknown,no_alert_not_final_benign,-1,dns,port
2025-07-19T23:03:10.761169+0700,103.195.142.196,87.98.154.119,53,31683,UDP,flow,failed,1572783680026835,,1,1,0,1437,0,0.0,1,1437,0,none,0,none,0,0,0,no_alert_unknown,no_alert_not_final_benign,-1,dns,port
2025-07-19T23:03:10.761205+0700,103.195.142.75,8.8.8.8,11680,53,UDP,flow,dns,732614201342178,,1,2,0,156,0,25.0,2,156,0,none,0,none,0,0,0,no_alert_unknown,no_alert_not_final_benign,-1,dns,app_proto+port
2025-07-19T23:03:10.761237+0700,103.195.142.165,87.98.154.118,53,7177,UDP,flow,failed,1108646289176858,,1,1,0,1437,0,0.0,1,1437,0,none,0,none,0,0,0,no_alert_unknown,no_alert_not_final_benign,-1,dns,port
2025-07-19T23:03:10.761265+0700,103.195.142.196,87.98.154.119,53,51319,UDP,flow,failed,1818059677006148,,1,1,0,1437,0,0.0,1,1437,0,none,0,none,0,0,0,no_alert_unknown,no_alert_not_final_benign,-1,dns,port
2025-07-19T23:03:10.761303+0700,103.195.142.74,118.98.44.50,22975,53,UDP,flow,dns,1118702087076297,,1,1,0,178,0,0.0,1,178,0,none,0,none,0,0,0,no_alert_unknown,no_alert_not_final_benign,-1,dns,app_proto+port
2025-07-19T23:03:10.761341+0700,103.195.142.74,118.98.44.50,45242,53,UDP,flow,dns,1570486661446103,,1,1,0,232,0,0.0,1,232,0,none,0,none,0,0,0,no_alert_unknown,no_alert_not_final_benign,-1,dns,app_proto+port
2025-07-19T23:03:10.761360+0700,103.195.142.75,8.8.8.8,23940,53,UDP,flow,dns,1836486766328304,,1,1,0,75,0,0.0,1,75,0,none,0,none,0,0,0,no_alert_unknown,no_alert_not_final_benign,-1,dns,app_proto+port
2025-07-19T23:03:10.761434+0700,103.195.142.74,118.98.44.50,21968,53,UDP,flow,dns,1725591227497168,,1,1,0,68,0,0.0,1,68,0,none,0,none,0,0,0,no_alert_unknown,no_alert_not_final_benign,-1,dns,app_proto+port
2025-07-19T23:03:10.761452+0700,103.195.142.196,87.98.154.119,53,5527,UDP,flow,failed,1522785983167223,,1,1,0,1437,0,0.0,1,1437,0,none,0,none,0,0,0,no_alert_unknown,no_alert_not_final_benign,-1,dns,port
2025-07-19T23:03:10.761473+0700,103.195.142.46,87.98.154.119,53,52573,UDP,flow,failed,1850624461208334,,1,1,0,1437,0,0.0,1,1437,0,none,0,none,0,0,0,no_alert_unknown,no_alert_not_final_benign,-1,dns,port
2025-07-19T23:03:10.761572+0700,103.195.142.195,87.98.154.119,53,60885,UDP,flow,failed,1828597939927934,,1,1,0,1437,0,0.0,1,1437,0,none,0,none,0,0,0,no_alert_unknown,no_alert_not_final_benign,-1,dns,port
2025-07-19T23:03:10.761630+0700,103.195.142.3,172.217.44.210,53,36875,UDP,flow,failed,1957709603830853,,1,1,0,163,0,0.0,1,163,0,none,0,none,0,0,0,no_alert_unknown,no_alert_not_final_benign,-1,dns,port
2025-07-19T23:03:10.761649+0700,103.195.142.46,87.98.154.187,53,58865,UDP,flow,failed,6067121847398,,1,2,0,2874,0,4.0,2,2874,0,none,0,none,0,0,0,no_alert_unknown,no_alert_not_final_benign,-1,dns,port
2025-07-19T23:03:10.761698+0700,103.195.142.165,87.98.154.229,53,24861,UDP,flow,failed,1783575572610251,,1,1,0,1437,0,0.0,1,1437,0,none,0,none,0,0,0,no_alert_unknown,no_alert_not_final_benign,-1,dns,port
2025-07-19T23:03:10.761791+0700,103.195.142.74,118.98.44.20,20018,53,UDP,flow,dns,1305807912205640,,1,1,0,214,0,0.0,1,214,0,none,0,none,0,0,0,no_alert_unknown,no_alert_not_final_benign,-1,dns,app_proto+port
2025-07-19T23:03:10.761810+0700,103.195.142.74,118.98.44.20,23987,53,UDP,flow,dns,1838662620249468,,1,1,0,243,0,0.0,1,243,0,none,0,none,0,0,0,no_alert_unknown,no_alert_not_final_benign,-1,dns,app_proto+port
2025-07-19T23:03:10.761911+0700,103.195.142.74,202.134.0.155,47275,53,UDP,flow,dns,1037838248541860,,1,1,0,243,0,0.0,1,243,0,none,0,none,0,0,0,no_alert_unknown,no_alert_not_final_benign,-1,dns,app_proto+port
2025-07-19T23:03:10.761947+0700,103.195.142.74,118.98.44.50,27420,53,UDP,flow,dns,1398963318062778,,1,1,0,88,0,0.0,1,88,0,none,0,none,0,0,0,no_alert_unknown,no_alert_not_final_benign,-1,dns,app_proto+port
2025-07-19T23:03:10.761965+0700,103.195.142.74,118.98.44.50,44351,53,UDP,flow,dns,1170916357996301,,1,1,0,70,0,0.0,1,70,0,none,0,none,0,0,0,no_alert_unknown,no_alert_not_final_benign,-1,dns,app_proto+port
2025-07-19T23:03:10.761982+0700,103.195.142.196,87.98.154.119,53,32822,UDP,flow,failed,1325588162707264,,1,1,0,1437,0,0.0,1,1437,0,none,0,none,0,0,0,no_alert_unknown,no_alert_not_final_benign,-1,dns,port
2025-07-19T23:03:10.761999+0700,103.195.142.196,87.98.154.119,53,51613,UDP,flow,failed,1965622328852323,,1,1,0,1437,0,0.0,1,1437,0,none,0,none,0,0,0,no_alert_unknown,no_alert_not_final_benign,-1,dns,port
2025-07-19T23:03:10.762016+0700,103.195.142.74,202.134.0.155,46747,53,UDP,flow,dns,1444605624745842,,1,1,0,89,0,0.0,1,89,0,none,0,none,0,0,0,no_alert_unknown,no_alert_not_final_benign,-1,dns,app_proto+port
2025-07-19T23:03:10.762040+0700,103.195.142.109,87.98.154.119,53,1630,UDP,flow,failed,1153856816578427,,1,1,0,1437,0,0.0,1,1437,0,none,0,none,0,0,0,no_alert_unknown,no_alert_not_final_benign,-1,dns,port
2025-07-19T23:03:10.762067+0700,103.195.142.74,118.98.44.100,45544,53,UDP,flow,dns,1772890055344003,,1,1,0,82,0,0.0,1,82,0,none,0,none,0,0,0,no_alert_unknown,no_alert_not_final_benign,-1,dns,app_proto+port
2025-07-19T23:03:10.762142+0700,103.195.142.76,87.98.154.242,53,30231,UDP,flow,failed,1720571973304229,,1,1,0,1469,0,0.0,1,1469,0,none,0,none,0,0,0,no_alert_unknown,no_alert_not_final_benign,-1,dns,port
2025-07-19T23:03:10.762193+0700,103.195.142.196,87.98.154.133,53,44693,UDP,flow,failed,905908225474506,,1,1,0,1437,0,0.0,1,1437,0,none,0,none,0,0,0,no_alert_unknown,no_alert_not_final_benign,-1,dns,port
2025-07-19T23:03:10.762211+0700,103.195.142.75,8.8.8.8,55182,53,UDP,flow,dns,1910384345055179,,1,1,0,93,0,0.0,1,93,0,none,0,none,0,0,0,no_alert_unknown,no_alert_not_final_benign,-1,dns,app_proto+port
2025-07-19T23:03:10.762229+0700,103.195.142.195,87.98.154.224,53,40428,UDP,flow,failed,1558763616042959,,1,1,0,1437,0,0.0,1,1437,0,none,0,none,0,0,0,no_alert_unknown,no_alert_not_final_benign,-1,dns,port
2025-07-19T23:03:10.762281+0700,103.195.142.109,87.98.154.237,53,12386,UDP,flow,failed,1433610452893690,,1,1,0,1437,0,0.0,1,1437,0,none,0,none,0,0,0,no_alert_unknown,no_alert_not_final_benign,-1,dns,port
2025-07-19T23:03:10.762298+0700,103.195.142.75,8.8.8.8,12006,53,UDP,flow,dns,1396378918420474,,1,1,0,214,0,0.0,1,214,0,none,0,none,0,0,0,no_alert_unknown,no_alert_not_final_benign,-1,dns,app_proto+port
2025-07-19T23:03:10.762320+0700,103.195.142.74,185.67.45.232,46329,53,UDP,flow,dns,1777103823011860,,1,1,0,74,0,0.0,1,74,0,none,0,none,0,0,0,no_alert_unknown,no_alert_not_final_benign,-1,dns,app_proto+port
2025-07-19T23:03:10.762338+0700,103.195.142.83,87.98.154.14,53,53122,UDP,flow,failed,1762509998817443,,1,1,0,1190,0,0.0,1,1190,0,none,0,none,0,0,0,no_alert_unknown,no_alert_not_final_benign,-1,dns,port
2025-07-19T23:03:10.762355+0700,103.195.142.76,87.98.154.130,53,44875,UDP,flow,failed,1465583695986980,,1,1,0,1469,0,0.0,1,1469,0,none,0,none,0,0,0,no_alert_unknown,no_alert_not_final_benign,-1,dns,port
2025-07-19T23:03:10.762393+0700,103.195.142.196,87.98.154.21,53,45557,UDP,flow,failed,1840611318661581,,1,1,0,1437,0,0.0,1,1437,0,none,0,none,0,0,0,no_alert_unknown,no_alert_not_final_benign,-1,dns,port
2025-07-19T23:03:10.762410+0700,103.195.142.74,202.134.0.155,1943,53,UDP,flow,dns,1496276020265519,,1,1,0,223,0,0.0,1,223,0,none,0,none,0,0,0,no_alert_unknown,no_alert_not_final_benign,-1,dns,app_proto+port
2025-07-19T23:03:10.762471+0700,103.195.142.74,118.98.44.100,15582,53,UDP,flow,dns,1946912141378439,,1,1,0,223,0,0.0,1,223,0,none,0,none,0,0,0,no_alert_unknown,no_alert_not_final_benign,-1,dns,app_proto+port
2025-07-19T23:03:10.762509+0700,103.195.142.75,8.8.8.8,37488,53,UDP,flow,dns,148045180339183,,1,2,0,176,0,5.0,2,176,0,none,0,none,0,0,0,no_alert_unknown,no_alert_not_final_benign,-1,dns,app_proto+port
2025-07-19T23:03:10.762526+0700,103.195.142.76,87.98.154.14,53,10963,UDP,flow,failed,1661450360357994,,1,1,0,1469,0,0.0,1,1469,0,none,0,none,0,0,0,no_alert_unknown,no_alert_not_final_benign,-1,dns,port
2025-07-19T23:03:10.762564+0700,103.195.142.46,87.98.154.211,53,44336,UDP,flow,failed,1863793716069566,,1,1,0,1437,0,0.0,1,1437,0,none,0,none,0,0,0,no_alert_unknown,no_alert_not_final_benign,-1,dns,port
2025-07-19T23:03:10.762590+0700,103.195.142.74,118.98.44.100,20190,53,UDP,flow,dns,1744432991667462,,1,1,0,74,0,0.0,1,74,0,none,0,none,0,0,0,no_alert_unknown,no_alert_not_final_benign,-1,dns,app_proto+port
2025-07-19T23:03:10.762622+0700,103.195.142.109,87.98.154.61,53,40391,UDP,flow,failed,1597626262127909,,1,1,0,1437,0,0.0,1,1437,0,none,0,none,0,0,0,no_alert_unknown,no_alert_not_final_benign,-1,dns,port
2025-07-19T23:03:10.762639+0700,103.195.142.75,216.38.8.121,62761,53,UDP,flow,dns,1832903969310173,,1,1,0,85,0,0.0,1,85,0,none,0,none,0,0,0,no_alert_unknown,no_alert_not_final_benign,-1,dns,app_proto+port
2025-07-19T23:03:10.762658+0700,103.195.142.74,118.98.44.100,63682,53,UDP,flow,dns,1917688052549167,,1,1,0,79,0,0.0,1,79,0,none,0,none,0,0,0,no_alert_unknown,no_alert_not_final_benign,-1,dns,app_proto+port
2025-07-19T23:03:10.762695+0700,103.195.142.74,118.98.44.50,50991,53,UDP,flow,dns,1379223591945844,,1,1,0,109,0,0.0,1,109,0,none,0,none,0,0,0,no_alert_unknown,no_alert_not_final_benign,-1,dns,app_proto+port
2025-07-19T23:03:10.762734+0700,103.195.142.196,87.98.154.77,53,53506,UDP,flow,failed,1685202790745837,,1,1,0,1437,0,0.0,1,1437,0,none,0,none,0,0,0,no_alert_unknown,no_alert_not_final_benign,-1,dns,port
2025-07-19T23:03:10.762781+0700,103.195.142.74,118.98.44.20,15206,53,UDP,flow,dns,1863549134866273,,1,1,0,232,0,0.0,1,232,0,none,0,none,0,0,0,no_alert_unknown,no_alert_not_final_benign,-1,dns,app_proto+port
2025-07-19T23:03:10.762802+0700,103.195.142.74,118.98.44.20,32466,53,UDP,flow,dns,1350804498319217,,1,1,0,68,0,0.0,1,68,0,none,0,none,0,0,0,no_alert_unknown,no_alert_not_final_benign,-1,dns,app_proto+port
2025-07-19T23:03:10.762821+0700,103.195.142.83,87.98.154.119,53,39837,UDP,flow,failed,1147986735630389,,1,1,0,1190,0,0.0,1,1190,0,none,0,none,0,0,0,no_alert_unknown,no_alert_not_final_benign,-1,dns,port
2025-07-19T23:03:10.762838+0700,103.195.142.196,87.98.154.137,53,57942,UDP,flow,failed,1887917828442252,,1,1,0,1437,0,0.0,1,1437,0,none,0,none,0,0,0,no_alert_unknown,no_alert_not_final_benign,-1,dns,port
2025-07-19T23:03:10.762877+0700,103.195.142.109,87.98.154.13,53,60640,UDP,flow,failed,1507903997970813,,1,1,0,1437,0,0.0,1,1437,0,none,0,none,0,0,0,no_alert_unknown,no_alert_not_final_benign,-1,dns,port
2025-07-19T23:03:10.762894+0700,103.195.142.74,118.98.44.20,51230,53,UDP,flow,dns,1756407190423956,,1,1,0,223,0,0.0,1,223,0,none,0,none,0,0,0,no_alert_unknown,no_alert_not_final_benign,-1,dns,app_proto+port
2025-07-19T23:03:10.762912+0700,103.195.142.196,87.98.154.193,53,10592,UDP,flow,failed,1155324180138457,,1,1,0,1437,0,0.0,1,1437,0,none,0,none,0,0,0,no_alert_unknown,no_alert_not_final_benign,-1,dns,port
2025-07-19T23:03:10.762990+0700,103.195.142.109,101.132.150.56,53,37931,UDP,flow,failed,1863573582809692,,1,1,0,468,0,0.0,1,468,0,none,0,none,0,0,0,no_alert_unknown,no_alert_not_final_benign,-1,dns,port
2025-07-19T23:03:10.763036+0700,103.195.142.195,87.98.154.168,53,10789,UDP,flow,failed,1445766558485103,,1,1,0,1437,0,0.0,1,1437,0,none,0,none,0,0,0,no_alert_unknown,no_alert_not_final_benign,-1,dns,port
2025-07-19T23:03:10.763064+0700,103.195.142.76,87.98.154.119,53,60712,UDP,flow,failed,1765720588585693,,1,1,0,1469,0,0.0,1,1469,0,none,0,none,0,0,0,no_alert_unknown,no_alert_not_final_benign,-1,dns,port
2025-07-19T23:03:10.763162+0700,103.195.142.83,87.98.154.114,53,56303,UDP,flow,failed,1592502729739275,,1,1,0,1190,0,0.0,1,1190,0,none,0,none,0,0,0,no_alert_unknown,no_alert_not_final_benign,-1,dns,port
2025-07-19T23:03:10.763230+0700,103.195.142.109,87.98.154.119,53,4217,UDP,flow,failed,1636068437363802,,1,1,0,1437,0,0.0,1,1437,0,none,0,none,0,0,0,no_alert_unknown,no_alert_not_final_benign,-1,dns,port
2025-07-19T23:03:10.763260+0700,103.195.142.46,87.98.154.211,53,3873,UDP,flow,failed,1651449261165730,,1,1,0,1437,0,0.0,1,1437,0,none,0,none,0,0,0,no_alert_unknown,no_alert_not_final_benign,-1,dns,port
2025-07-19T23:03:10.763333+0700,103.195.142.76,87.98.154.119,53,46136,UDP,flow,failed,1698223520779643,,1,1,0,1469,0,0.0,1,1469,0,none,0,none,0,0,0,no_alert_unknown,no_alert_not_final_benign,-1,dns,port
2025-07-19T23:03:10.763398+0700,103.195.142.46,87.98.154.119,53,1392,UDP,flow,failed,1833730134085096,,1,1,0,1437,0,0.0,1,1437,0,none,0,none,0,0,0,no_alert_unknown,no_alert_not_final_benign,-1,dns,port
2025-07-19T23:03:10.763427+0700,103.195.142.74,202.134.0.155,8891,53,UDP,flow,dns,1662954332458546,,1,1,0,214,0,0.0,1,214,0,none,0,none,0,0,0,no_alert_unknown,no_alert_not_final_benign,-1,dns,app_proto+port
2025-07-19T23:03:10.763449+0700,103.195.142.165,87.98.154.85,53,11900,UDP,flow,failed,986514572021396,,1,3,0,4311,0,9.0,3,4311,0,none,0,none,0,0,0,no_alert_unknown,no_alert_not_final_benign,-1,dns,port
2025-07-19T23:03:10.763468+0700,103.195.142.195,87.98.154.112,53,26365,UDP,flow,failed,1754937636589376,,1,1,0,1437,0,0.0,1,1437,0,none,0,none,0,0,0,no_alert_unknown,no_alert_not_final_benign,-1,dns,port
2025-07-19T23:03:10.763491+0700,103.195.142.74,118.98.44.20,18012,53,UDP,flow,dns,1744194788233036,,1,1,0,88,0,0.0,1,88,0,none,0,none,0,0,0,no_alert_unknown,no_alert_not_final_benign,-1,dns,app_proto+port
2025-07-19T23:03:10.763521+0700,103.195.142.74,202.134.0.155,57214,53,UDP,flow,dns,1967567696793489,,1,1,0,83,0,0.0,1,83,0,none,0,none,0,0,0,no_alert_unknown,no_alert_not_final_benign,-1,dns,app_proto+port
2025-07-19T23:03:10.763539+0700,103.195.142.74,118.98.44.50,16771,53,UDP,flow,dns,1595490687029142,,1,1,0,214,0,0.0,1,214,0,none,0,none,0,0,0,no_alert_unknown,no_alert_not_final_benign,-1,dns,app_proto+port
2025-07-19T23:03:10.763558+0700,103.195.142.83,87.98.154.10,53,8361,UDP,flow,failed,1481835335094191,,1,1,0,1190,0,0.0,1,1190,0,none,0,none,0,0,0,no_alert_unknown,no_alert_not_final_benign,-1,dns,port
2025-07-19T23:03:10.763641+0700,103.195.142.83,87.98.154.146,53,23063,UDP,flow,failed,1264085992509662,,1,1,0,1190,0,0.0,1,1190,0,none,0,none,0,0,0,no_alert_unknown,no_alert_not_final_benign,-1,dns,port
2025-07-19T23:03:10.763658+0700,103.195.142.74,118.98.44.100,56577,53,UDP,flow,dns,1324357278601505,,1,1,0,196,0,0.0,1,196,0,none,0,none,0,0,0,no_alert_unknown,no_alert_not_final_benign,-1,dns,app_proto+port
2025-07-19T23:03:10.763692+0700,103.195.142.109,87.98.154.89,53,17530,UDP,flow,failed,1465279067689265,,1,1,0,1437,0,0.0,1,1437,0,none,0,none,0,0,0,no_alert_unknown,no_alert_not_final_benign,-1,dns,port
2025-07-19T23:03:10.763724+0700,103.195.142.75,8.8.8.8,3526,53,UDP,flow,dns,1537647706411428,,1,1,0,211,0,0.0,1,211,0,none,0,none,0,0,0,no_alert_unknown,no_alert_not_final_benign,-1,dns,app_proto+port
2025-07-19T23:03:10.763755+0700,103.195.142.109,87.98.154.69,53,34801,UDP,flow,failed,1046396663271875,,1,3,0,4311,0,10.0,3,4311,0,none,0,none,0,0,0,no_alert_unknown,no_alert_not_final_benign,-1,dns,port
2025-07-19T23:03:10.763812+0700,103.195.142.74,118.98.44.20,60389,53,UDP,flow,dns,1619066071782226,,1,1,0,88,0,0.0,1,88,0,none,0,none,0,0,0,no_alert_unknown,no_alert_not_final_benign,-1,dns,app_proto+port
2025-07-19T23:03:10.763849+0700,103.195.142.165,87.98.154.119,53,14479,UDP,flow,failed,1688337587540840,,1,1,0,1437,0,0.0,1,1437,0,none,0,none,0,0,0,no_alert_unknown,no_alert_not_final_benign,-1,dns,port
2025-07-19T23:03:10.763968+0700,103.195.142.109,87.98.154.119,53,58453,UDP,flow,failed,1588691315037313,,1,1,0,1437,0,0.0,1,1437,0,none,0,none,0,0,0,no_alert_unknown,no_alert_not_final_benign,-1,dns,port
2025-07-19T23:03:10.764008+0700,103.195.142.74,118.98.44.50,24362,53,UDP,flow,dns,1639000451159219,,1,1,0,102,0,0.0,1,102,0,none,0,none,0,0,0,no_alert_unknown,no_alert_not_final_benign,-1,dns,app_proto+port
2025-07-19T23:03:10.764026+0700,103.195.142.75,8.8.8.8,44647,53,UDP,flow,dns,145597960459473,,1,2,0,492,0,4.0,2,492,0,none,0,none,0,0,0,no_alert_unknown,no_alert_not_final_benign,-1,dns,app_proto+port
2025-07-19T23:03:10.764044+0700,103.195.142.196,87.98.154.13,53,9919,UDP,flow,failed,1146046274508014,,1,1,0,1437,0,0.0,1,1437,0,none,0,none,0,0,0,no_alert_unknown,no_alert_not_final_benign,-1,dns,port
2025-07-19T23:03:10.764066+0700,103.195.142.109,87.98.154.119,53,56785,UDP,flow,failed,1133223718917384,,1,1,0,1437,0,0.0,1,1437,0,none,0,none,0,0,0,no_alert_unknown,no_alert_not_final_benign,-1,dns,port
2025-07-19T23:03:10.764117+0700,103.195.142.109,87.98.154.119,53,40160,UDP,flow,failed,1810663301158395,,1,1,0,1437,0,0.0,1,1437,0,none,0,none,0,0,0,no_alert_unknown,no_alert_not_final_benign,-1,dns,port
2025-07-19T23:03:10.764153+0700,103.195.142.196,87.98.154.21,53,29273,UDP,flow,failed,1894108807730688,,1,1,0,1437,0,0.0,1,1437,0,none,0,none,0,0,0,no_alert_unknown,no_alert_not_final_benign,-1,dns,port
2025-07-19T23:03:10.764189+0700,103.195.142.195,87.98.154.119,53,32762,UDP,flow,failed,1718106576360963,,1,1,0,1437,0,0.0,1,1437,0,none,0,none,0,0,0,no_alert_unknown,no_alert_not_final_benign,-1,dns,port
2025-07-19T23:03:10.764228+0700,103.195.142.74,118.98.44.50,16638,53,UDP,flow,dns,1469012330714963,,1,1,0,232,0,0.0,1,232,0,none,0,none,0,0,0,no_alert_unknown,no_alert_not_final_benign,-1,dns,app_proto+port
2025-07-19T23:03:10.764310+0700,103.195.142.46,87.98.154.91,53,39821,UDP,flow,failed,1799239473797116,,1,1,0,1437,0,0.0,1,1437,0,none,0,none,0,0,0,no_alert_unknown,no_alert_not_final_benign,-1,dns,port
2025-07-19T23:03:10.764340+0700,103.195.142.75,8.8.8.8,7020,53,UDP,flow,dns,1160970888517683,,1,1,0,232,0,0.0,1,232,0,none,0,none,0,0,0,no_alert_unknown,no_alert_not_final_benign,-1,dns,app_proto+port
2025-07-19T23:03:10.764360+0700,103.195.142.74,118.98.44.100,14995,53,UDP,flow,dns,1632503426029732,,1,1,0,223,0,0.0,1,223,0,none,0,none,0,0,0,no_alert_unknown,no_alert_not_final_benign,-1,dns,app_proto+port
2025-07-19T23:03:10.764550+0700,103.195.142.74,118.98.44.100,41280,53,UDP,flow,dns,2162267631294975,,1,1,0,99,0,0.0,1,99,0,none,0,none,0,0,0,no_alert_unknown,no_alert_not_final_benign,-1,dns,app_proto+port
2025-07-19T23:03:10.764605+0700,103.195.142.196,87.98.154.105,53,48300,UDP,flow,failed,1556499895392802,,1,1,0,1437,0,0.0,1,1437,0,none,0,none,0,0,0,no_alert_unknown,no_alert_not_final_benign,-1,dns,port
2025-07-19T23:03:10.764642+0700,103.195.142.46,87.98.154.119,53,44573,UDP,flow,failed,2147555170753101,,1,1,0,1437,0,0.0,1,1437,0,none,0,none,0,0,0,no_alert_unknown,no_alert_not_final_benign,-1,dns,port
2025-07-19T23:03:10.764688+0700,103.195.142.75,8.8.8.8,46927,53,UDP,flow,dns,1809188689975963,,1,1,0,70,0,0.0,1,70,0,none,0,none,0,0,0,no_alert_unknown,no_alert_not_final_benign,-1,dns,app_proto+port
2025-07-19T23:03:10.767239+0700,103.195.142.74,118.98.44.20,17710,53,UDP,dns,,1887892161059525,wire/pcap,0,0,0,0,0,0.0,0,0,0,none,0,none,0,0,0,no_alert_unknown,no_alert_not_final_benign,-1,dns,port
2025-07-19T23:03:10.786083+0700,103.195.142.74,69.16.230.48,48102,53,UDP,dns,,1968829929019562,wire/pcap,0,0,0,0,0,0.0,0,0,0,none,0,none,0,0,0,no_alert_unknown,no_alert_not_final_benign,-1,dns,port
2025-07-19T23:03:10.791890+0700,103.195.142.74,118.98.44.20,29978,53,UDP,dns,,1712294700039472,wire/pcap,0,0,0,0,0,0.0,0,0,0,none,0,none,0,0,0,no_alert_unknown,no_alert_not_final_benign,-1,dns,port
2025-07-19T23:03:10.803096+0700,103.195.142.74,118.98.44.50,6725,53,UDP,dns,,1760424293237066,wire/pcap,0,0,0,0,0,0.0,0,0,0,none,0,none,0,0,0,no_alert_unknown,no_alert_not_final_benign,-1,dns,port
2025-07-19T23:03:10.804709+0700,103.195.142.75,8.8.8.8,10259,53,UDP,dns,,1767349496953356,wire/pcap,0,0,0,0,0,0.0,0,0,0,none,0,none,0,0,0,no_alert_unknown,no_alert_not_final_benign,-1,dns,port
2025-07-19T23:03:10.812869+0700,103.195.142.75,216.38.8.120,14964,53,UDP,dns,,1802396078889099,wire/pcap,0,0,0,0,0,0.0,0,0,0,none,0,none,0,0,0,no_alert_unknown,no_alert_not_final_benign,-1,dns,port
2025-07-19T23:03:10.812945+0700,103.195.142.74,202.134.0.155,64256,53,UDP,dns,,1802726177614269,wire/pcap,0,0,0,0,0,0.0,0,0,0,none,0,none,0,0,0,no_alert_unknown,no_alert_not_final_benign,-1,dns,port
2025-07-19T23:03:10.831272+0700,103.195.142.74,202.134.0.155,57199,53,UDP,dns,,1881437511337576,wire/pcap,0,0,0,0,0,0.0,0,0,0,none,0,none,0,0,0,no_alert_unknown,no_alert_not_final_benign,-1,dns,port
2025-07-19T23:03:10.835126+0700,103.195.142.74,202.134.0.155,24610,53,UDP,dns,,1897989985248599,wire/pcap,0,0,0,0,0,0.0,0,0,0,none,0,none,0,0,0,no_alert_unknown,no_alert_not_final_benign,-1,dns,port
2025-07-19T23:03:10.891466+0700,103.195.142.74,118.98.44.50,44569,53,UDP,flow,dns,1861960962800109,,1,1,0,85,0,0.0,1,85,0,none,0,none,0,0,0,no_alert_unknown,no_alert_not_final_benign,-1,dns,app_proto+port
2025-07-19T23:03:10.896618+0700,103.195.142.74,118.98.44.50,44632,53,UDP,dns,,1880624111464733,wire/pcap,0,0,0,0,0,0.0,0,0,0,none,0,none,0,0,0,no_alert_unknown,no_alert_not_final_benign,-1,dns,port
2025-07-19T23:03:10.917098+0700,103.195.142.75,8.8.8.8,18050,53,UDP,dns,,1968584667303453,wire/pcap,0,0,0,0,0,0.0,0,0,0,none,0,none,0,0,0,no_alert_unknown,no_alert_not_final_benign,-1,dns,port
2025-07-19T23:03:10.917236+0700,103.195.142.75,8.8.8.8,50035,53,UDP,dns,,1969174862827371,wire/pcap,0,0,0,0,0,0.0,0,0,0,none,0,none,0,0,0,no_alert_unknown,no_alert_not_final_benign,-1,dns,port
2025-07-19T23:03:10.927500+0700,103.195.142.108,8.8.8.8,1900,53,UDP,dns,,1216074754602613,wire/pcap,0,0,0,0,0,0.0,0,0,0,none,0,none,0,0,0,no_alert_unknown,no_alert_not_final_benign,-1,dns,port
2025-07-19T23:03:10.944569+0700,103.195.142.74,118.98.44.20,6912,53,UDP,dns,,1805094977898680,wire/pcap,0,0,0,0,0,0.0,0,0,0,none,0,none,0,0,0,no_alert_unknown,no_alert_not_final_benign,-1,dns,port
2025-07-19T23:03:10.947719+0700,103.195.142.74,118.98.44.20,19699,53,UDP,dns,,1818626346338248,wire/pcap,0,0,0,0,0,0.0,0,0,0,none,0,none,0,0,0,no_alert_unknown,no_alert_not_final_benign,-1,dns,port
2025-07-19T23:03:10.949587+0700,103.195.142.74,118.98.44.20,49630,53,UDP,dns,,1826649357620716,wire/pcap,0,0,0,0,0,0.0,0,0,0,none,0,none,0,0,0,no_alert_unknown,no_alert_not_final_benign,-1,dns,port
2025-07-19T23:03:10.958723+0700,103.195.142.74,202.134.0.155,24201,53,UDP,dns,,1865886745573969,wire/pcap,0,0,0,0,0,0.0,0,0,0,none,0,none,0,0,0,no_alert_unknown,no_alert_not_final_benign,-1,dns,port
2025-07-19T23:03:10.959549+0700,103.195.142.75,8.8.8.8,24721,53,UDP,dns,,1869433071936547,wire/pcap,0,0,0,0,0,0.0,0,0,0,none,0,none,0,0,0,no_alert_unknown,no_alert_not_final_benign,-1,dns,port
2025-07-19T23:03:10.969218+0700,103.195.142.74,202.134.0.155,23175,53,UDP,dns,,1910961833237141,wire/pcap,0,0,0,0,0,0.0,0,0,0,none,0,none,0,0,0,no_alert_unknown,no_alert_not_final_benign,-1,dns,port
2025-07-19T23:03:10.977288+0700,103.195.142.74,118.98.44.20,14986,53,UDP,dns,,1945622241715127,wire/pcap,0,0,0,0,0,0.0,0,0,0,none,0,none,0,0,0,no_alert_unknown,no_alert_not_final_benign,-1,dns,port
2025-07-19T23:03:10.999548+0700,103.195.142.74,118.98.44.20,45161,53,UDP,dns,,1759752271907266,wire/pcap,0,0,0,0,0,0.0,0,0,0,none,0,none,0,0,0,no_alert_unknown,no_alert_not_final_benign,-1,dns,port
2025-07-19T23:03:11.000814+0700,103.195.142.74,202.134.0.155,5647,53,UDP,dns,,1973821459780492,wire/pcap,0,0,0,0,0,0.0,0,0,0,none,0,none,0,0,0,no_alert_unknown,no_alert_not_final_benign,-1,dns,port
2025-07-19T23:03:11.001226+0700,103.195.142.74,118.98.44.20,56002,53,UDP,dns,,1975594667046920,wire/pcap,0,0,0,0,0,0.0,0,0,0,none,0,none,0,0,0,no_alert_unknown,no_alert_not_final_benign,-1,dns,port
2025-07-19T23:03:11.005149+0700,103.195.142.75,216.38.8.120,29483,53,UDP,dns,,1992441542468769,wire/pcap,0,0,0,0,0,0.0,0,0,0,none,0,none,0,0,0,no_alert_unknown,no_alert_not_final_benign,-1,dns,port
2025-07-19T23:03:11.049429+0700,103.195.142.75,8.8.8.8,31627,53,UDP,dns,,2182622464566509,wire/pcap,0,0,0,0,0,0.0,0,0,0,none,0,none,0,0,0,no_alert_unknown,no_alert_not_final_benign,-1,dns,port
2025-07-19T23:03:11.058747+0700,103.195.142.74,118.98.44.50,60281,53,UDP,dns,,2222645257632798,wire/pcap,0,0,0,0,0,0.0,0,0,0,none,0,none,0,0,0,no_alert_unknown,no_alert_not_final_benign,-1,dns,port
2025-07-19T23:03:11.065544+0700,103.195.142.74,118.98.44.50,24654,53,UDP,dns,,1970363181429545,wire/pcap,0,0,0,0,0,0.0,0,0,0,none,0,none,0,0,0,no_alert_unknown,no_alert_not_final_benign,-1,dns,port
2025-07-19T23:03:11.065596+0700,103.195.142.74,118.98.44.20,10192,53,UDP,dns,,1970584724435588,wire/pcap,0,0,0,0,0,0.0,0,0,0,none,0,none,0,0,0,no_alert_unknown,no_alert_not_final_benign,-1,dns,port
2025-07-19T23:03:11.065667+0700,103.195.142.74,202.134.0.155,14032,53,UDP,dns,,1970890311060117,wire/pcap,0,0,0,0,0,0.0,0,0,0,none,0,none,0,0,0,no_alert_unknown,no_alert_not_final_benign,-1,dns,port
2025-07-19T23:03:11.077978+0700,103.195.142.74,118.98.44.20,46585,53,UDP,dns,,2023766387084463,wire/pcap,0,0,0,0,0,0.0,0,0,0,none,0,none,0,0,0,no_alert_unknown,no_alert_not_final_benign,-1,dns,port
2025-07-19T23:03:11.078061+0700,103.195.142.74,118.98.44.100,26810,53,UDP,dns,,2024122223230919,wire/pcap,0,0,0,0,0,0.0,0,0,0,none,0,none,0,0,0,no_alert_unknown,no_alert_not_final_benign,-1,dns,port
2025-07-19T23:03:11.078169+0700,103.195.142.74,118.98.44.20,2113,53,UDP,dns,,2024584030229004,wire/pcap,0,0,0,0,0,0.0,0,0,0,none,0,none,0,0,0,no_alert_unknown,no_alert_not_final_benign,-1,dns,port
2025-07-19T23:03:11.078299+0700,103.195.142.74,118.98.44.100,26821,53,UDP,dns,,2025145247997103,wire/pcap,0,0,0,0,0,0.0,0,0,0,none,0,none,0,0,0,no_alert_unknown,no_alert_not_final_benign,-1,dns,port
2025-07-19T23:03:11.088697+0700,103.195.142.74,202.134.0.155,52928,53,UDP,dns,,2069803244318562,wire/pcap,0,0,0,0,0,0.0,0,0,0,none,0,none,0,0,0,no_alert_unknown,no_alert_not_final_benign,-1,dns,port
2025-07-19T23:03:11.092155+0700,103.195.142.74,202.134.0.155,2268,53,UDP,dns,,2084655302598974,wire/pcap,0,0,0,0,0,0.0,0,0,0,none,0,none,0,0,0,no_alert_unknown,no_alert_not_final_benign,-1,dns,port
2025-07-19T23:03:11.095615+0700,103.195.142.74,69.16.230.48,16669,53,UDP,dns,,2099516099065276,wire/pcap,0,0,0,0,0,0.0,0,0,0,none,0,none,0,0,0,no_alert_unknown,no_alert_not_final_benign,-1,dns,port
2025-07-19T23:03:11.116562+0700,103.195.142.74,118.98.44.50,57926,53,UDP,dns,,2189482977243429,wire/pcap,0,0,0,0,0,0.0,0,0,0,none,0,none,0,0,0,no_alert_unknown,no_alert_not_final_benign,-1,dns,port
2025-07-19T23:03:11.180541+0700,103.195.142.74,202.134.0.155,51820,53,UDP,dns,,2182796287684321,wire/pcap,0,0,0,0,0,0.0,0,0,0,none,0,none,0,0,0,no_alert_unknown,no_alert_not_final_benign,-1,dns,port
2025-07-19T23:03:11.201892+0700,103.195.142.74,118.98.44.20,64155,53,UDP,dns,,1993021438585372,wire/pcap,0,0,0,0,0,0.0,0,0,0,none,0,none,0,0,0,no_alert_unknown,no_alert_not_final_benign,-1,dns,port
2025-07-19T23:03:11.201993+0700,103.195.142.74,118.98.44.50,53195,53,UDP,dns,,1993453715726944,wire/pcap,0,0,0,0,0,0.0,0,0,0,none,0,none,0,0,0,no_alert_unknown,no_alert_not_final_benign,-1,dns,port
2025-07-19T23:03:11.205671+0700,103.195.142.74,118.98.44.20,45763,53,UDP,dns,,2009252737800627,wire/pcap,0,0,0,0,0,0.0,0,0,0,none,0,none,0,0,0,no_alert_unknown,no_alert_not_final_benign,-1,dns,port
2025-07-19T23:03:11.212299+0700,103.195.142.74,202.134.0.155,35955,53,UDP,dns,,2037717842360136,wire/pcap,0,0,0,0,0,0.0,0,0,0,none,0,none,0,0,0,no_alert_unknown,no_alert_not_final_benign,-1,dns,port
2025-07-19T23:03:11.233553+0700,103.195.142.74,118.98.44.20,41917,53,UDP,dns,,2129005506517277,wire/pcap,0,0,0,0,0,0.0,0,0,0,none,0,none,0,0,0,no_alert_unknown,no_alert_not_final_benign,-1,dns,port
2025-07-19T23:03:11.251945+0700,103.195.142.74,118.98.44.100,8779,53,UDP,dns,,2207997974497287,wire/pcap,0,0,0,0,0,0.0,0,0,0,none,0,none,0,0,0,no_alert_unknown,no_alert_not_final_benign,-1,dns,port
2025-07-19T23:03:11.251980+0700,103.195.142.75,118.98.44.100,44724,53,UDP,dns,,2208148935349730,wire/pcap,0,0,0,0,0,0.0,0,0,0,none,0,none,0,0,0,no_alert_unknown,no_alert_not_final_benign,-1,dns,port
2025-07-19T23:03:11.261301+0700,103.195.142.75,8.8.8.8,57659,53,UDP,dns,,2248179339744064,wire/pcap,0,0,0,0,0,0.0,0,0,0,none,0,none,0,0,0,no_alert_unknown,no_alert_not_final_benign,-1,dns,port
2025-07-19T23:03:11.271331+0700,103.195.142.74,202.134.0.155,21620,53,UDP,dns,,2009786186865113,wire/pcap,0,0,0,0,0,0.0,0,0,0,none,0,none,0,0,0,no_alert_unknown,no_alert_not_final_benign,-1,dns,port
2025-07-19T23:03:11.271401+0700,103.195.142.74,202.134.0.155,52867,53,UDP,dns,,2010084551057866,wire/pcap,0,0,0,0,0,0.0,0,0,0,none,0,none,0,0,0,no_alert_unknown,no_alert_not_final_benign,-1,dns,port
2025-07-19T23:03:11.277592+0700,103.195.142.74,202.134.0.155,19403,53,UDP,dns,,2036676626488312,wire/pcap,0,0,0,0,0,0.0,0,0,0,none,0,none,0,0,0,no_alert_unknown,no_alert_not_final_benign,-1,dns,port
2025-07-19T23:03:11.282107+0700,103.195.142.74,118.98.44.100,11457,53,UDP,dns,,2056069092195766,wire/pcap,0,0,0,0,0,0.0,0,0,0,none,0,none,0,0,0,no_alert_unknown,no_alert_not_final_benign,-1,dns,port
2025-07-19T23:03:11.293807+0700,103.195.142.74,118.98.44.20,34620,53,UDP,dns,,2106318105276384,wire/pcap,0,0,0,0,0,0.0,0,0,0,none,0,none,0,0,0,no_alert_unknown,no_alert_not_final_benign,-1,dns,port
2025-07-19T23:03:11.293970+0700,103.195.142.75,8.8.8.8,24727,53,UDP,dns,,2107019380026161,wire/pcap,0,0,0,0,0,0.0,0,0,0,none,0,none,0,0,0,no_alert_unknown,no_alert_not_final_benign,-1,dns,port
2025-07-19T23:03:11.314500+0700,103.195.142.74,118.98.44.50,64913,53,UDP,dns,,2195194166186085,wire/pcap,0,0,0,0,0,0.0,0,0,0,none,0,none,0,0,0,no_alert_unknown,no_alert_not_final_benign,-1,dns,port
2025-07-19T23:03:11.314654+0700,103.195.142.74,118.98.44.100,36113,53,UDP,dns,,2195857577909834,wire/pcap,0,0,0,0,0,0.0,0,0,0,none,0,none,0,0,0,no_alert_unknown,no_alert_not_final_benign,-1,dns,port
2025-07-19T23:03:11.321147+0700,103.195.142.74,118.98.44.100,37000,53,UDP,dns,,2223741708404923,wire/pcap,0,0,0,0,0,0.0,0,0,0,none,0,none,0,0,0,no_alert_unknown,no_alert_not_final_benign,-1,dns,port
2025-07-19T23:03:11.326753+0700,103.195.142.74,118.98.44.50,40382,53,UDP,dns,,2247819129641045,wire/pcap,0,0,0,0,0,0.0,0,0,0,none,0,none,0,0,0,no_alert_unknown,no_alert_not_final_benign,-1,dns,port
2025-07-19T23:03:11.329344+0700,103.195.142.75,8.8.8.8,56379,53,UDP,dns,,1977475197285346,wire/pcap,0,0,0,0,0,0.0,0,0,0,none,0,none,0,0,0,no_alert_unknown,no_alert_not_final_benign,-1,dns,port
2025-07-19T23:03:11.358879+0700,103.195.142.195,87.98.154.119,53,50808,UDP,flow,failed,2097946639543595,,1,1,0,1437,0,0.0,1,1437,0,none,0,none,0,0,0,no_alert_unknown,no_alert_not_final_benign,-1,dns,port
2025-07-19T23:03:11.367853+0700,103.195.142.74,118.98.44.100,9368,53,UDP,dns,,2142866625383128,wire/pcap,0,0,0,0,0,0.0,0,0,0,none,0,none,0,0,0,no_alert_unknown,no_alert_not_final_benign,-1,dns,port
2025-07-19T23:03:11.370686+0700,103.195.142.74,118.98.44.50,38522,53,UDP,dns,,2155037390871070,wire/pcap,0,0,0,0,0,0.0,0,0,0,none,0,none,0,0,0,no_alert_unknown,no_alert_not_final_benign,-1,dns,port
2025-07-19T23:03:11.373712+0700,103.195.142.74,118.98.44.20,57546,53,UDP,dns,,2168031782929382,wire/pcap,0,0,0,0,0,0.0,0,0,0,none,0,none,0,0,0,no_alert_unknown,no_alert_not_final_benign,-1,dns,port
2025-07-19T23:03:11.379369+0700,103.195.142.74,118.98.44.100,26769,53,UDP,dns,,2192327588143758,wire/pcap,0,0,0,0,0,0.0,0,0,0,none,0,none,0,0,0,no_alert_unknown,no_alert_not_final_benign,-1,dns,port
2025-07-19T23:03:11.397254+0700,103.195.142.75,8.8.8.8,43005,53,UDP,dns,,1987669099124300,wire/pcap,0,0,0,0,0,0.0,0,0,0,none,0,none,0,0,0,no_alert_unknown,no_alert_not_final_benign,-1,dns,port
2025-07-19T23:03:11.397369+0700,103.195.142.74,202.134.0.155,33258,53,UDP,dns,,1988163050796705,wire/pcap,0,0,0,0,0,0.0,0,0,0,none,0,none,0,0,0,no_alert_unknown,no_alert_not_final_benign,-1,dns,port
2025-07-19T23:03:11.400914+0700,103.195.142.74,202.134.0.155,54781,53,UDP,dns,,2003387623366399,wire/pcap,0,0,0,0,0,0.0,0,0,0,none,0,none,0,0,0,no_alert_unknown,no_alert_not_final_benign,-1,dns,port
2025-07-19T23:03:11.402002+0700,103.195.142.74,202.134.0.155,17407,53,UDP,dns,,2008064285700901,wire/pcap,0,0,0,0,0,0.0,0,0,0,none,0,none,0,0,0,no_alert_unknown,no_alert_not_final_benign,-1,dns,port
2025-07-19T23:03:11.413472+0700,103.195.142.74,118.98.44.100,40129,53,UDP,dns,,2057326340577771,wire/pcap,0,0,0,0,0,0.0,0,0,0,none,0,none,0,0,0,no_alert_unknown,no_alert_not_final_benign,-1,dns,port
2025-07-19T23:03:11.415427+0700,103.195.142.75,8.8.8.8,22126,53,UDP,dns,,2065723392544962,wire/pcap,0,0,0,0,0,0.0,0,0,0,none,0,none,0,0,0,no_alert_unknown,no_alert_not_final_benign,-1,dns,port
2025-07-19T23:03:11.424453+0700,103.195.142.75,8.8.8.8,49528,53,UDP,dns,,2104490892428486,wire/pcap,0,0,0,0,0,0.0,0,0,0,none,0,none,0,0,0,no_alert_unknown,no_alert_not_final_benign,-1,dns,port
2025-07-19T23:03:11.427963+0700,103.195.142.75,8.8.8.8,26496,53,UDP,dns,,2119563069945425,wire/pcap,0,0,0,0,0,0.0,0,0,0,none,0,none,0,0,0,no_alert_unknown,no_alert_not_final_benign,-1,dns,port
2025-07-19T23:03:11.431547+0700,103.195.142.74,118.98.44.100,55767,53,UDP,dns,,2134957836702913,wire/pcap,0,0,0,0,0,0.0,0,0,0,none,0,none,0,0,0,no_alert_unknown,no_alert_not_final_benign,-1,dns,port
2025-07-19T23:03:11.431608+0700,103.195.142.74,118.98.44.100,4882,53,UDP,dns,,2135220484017521,wire/pcap,0,0,0,0,0,0.0,0,0,0,none,0,none,0,0,0,no_alert_unknown,no_alert_not_final_benign,-1,dns,port
2025-07-19T23:03:11.431906+0700,103.195.142.74,118.98.44.20,61505,53,UDP,dns,,2136497655160228,wire/pcap,0,0,0,0,0,0.0,0,0,0,none,0,none,0,0,0,no_alert_unknown,no_alert_not_final_benign,-1,dns,port
2025-07-19T23:03:11.445507+0700,103.195.142.74,118.98.44.20,35370,53,UDP,dns,,2194914539984525,wire/pcap,0,0,0,0,0,0.0,0,0,0,none,0,none,0,0,0,no_alert_unknown,no_alert_not_final_benign,-1,dns,port
2025-07-19T23:03:11.481841+0700,103.195.142.74,69.16.230.48,45740,53,UDP,dns,,2069493193675739,wire/pcap,0,0,0,0,0,0.0,0,0,0,none,0,none,0,0,0,no_alert_unknown,no_alert_not_final_benign,-1,dns,port
2025-07-19T23:03:11.485208+0700,103.195.142.74,118.98.44.20,14366,53,UDP,dns,,2083954054549467,wire/pcap,0,0,0,0,0,0.0,0,0,0,none,0,none,0,0,0,no_alert_unknown,no_alert_not_final_benign,-1,dns,port
2025-07-19T23:03:11.529817+0700,103.195.142.74,69.16.230.48,30048,53,UDP,dns,,1994072095220470,wire/pcap,0,0,0,0,0,0.0,0,0,0,none,0,none,0,0,0,no_alert_unknown,no_alert_not_final_benign,-1,dns,port
2025-07-19T23:03:11.583435+0700,103.195.142.74,118.98.44.20,60263,53,UDP,dns,,2224360302064402,wire/pcap,0,0,0,0,0,0.0,0,0,0,none,0,none,0,0,0,no_alert_unknown,no_alert_not_final_benign,-1,dns,port
2025-07-19T23:03:11.605850+0700,103.195.142.74,202.134.0.155,45861,53,UDP,dns,,2039159225359539,wire/pcap,0,0,0,0,0,0.0,0,0,0,none,0,none,0,0,0,no_alert_unknown,no_alert_not_final_benign,-1,dns,port
2025-07-19T23:03:11.605946+0700,103.195.142.74,202.134.0.155,39314,53,UDP,dns,,2039572432396188,wire/pcap,0,0,0,0,0,0.0,0,0,0,none,0,none,0,0,0,no_alert_unknown,no_alert_not_final_benign,-1,dns,port
2025-07-19T23:03:11.608168+0700,103.195.142.75,8.8.8.8,56560,53,UDP,dns,,2049115547195735,wire/pcap,0,0,0,0,0,0.0,0,0,0,none,0,none,0,0,0,no_alert_unknown,no_alert_not_final_benign,-1,dns,port
2025-07-19T23:03:11.626249+0700,103.195.142.75,8.8.8.8,25570,53,UDP,dns,,2126771618182000,wire/pcap,0,0,0,0,0,0.0,0,0,0,none,0,none,0,0,0,no_alert_unknown,no_alert_not_final_benign,-1,dns,port
2025-07-19T23:03:11.637771+0700,103.195.142.74,202.134.0.155,35749,53,UDP,dns,,2176256826799724,wire/pcap,0,0,0,0,0,0.0,0,0,0,none,0,none,0,0,0,no_alert_unknown,no_alert_not_final_benign,-1,dns,port
2025-07-19T23:03:11.637844+0700,103.195.142.74,202.134.0.155,59668,53,UDP,dns,,2176569424499337,wire/pcap,0,0,0,0,0,0.0,0,0,0,none,0,none,0,0,0,no_alert_unknown,no_alert_not_final_benign,-1,dns,port
2025-07-19T23:03:11.651617+0700,103.195.142.74,202.134.0.155,51467,53,UDP,dns,,2235724036086584,wire/pcap,0,0,0,0,0,0.0,0,0,0,none,0,none,0,0,0,no_alert_unknown,no_alert_not_final_benign,-1,dns,port
2025-07-19T23:03:11.668674+0700,103.195.142.75,8.8.8.8,62061,53,UDP,dns,,2027508966605013,wire/pcap,0,0,0,0,0,0.0,0,0,0,none,0,none,0,0,0,no_alert_unknown,no_alert_not_final_benign,-1,dns,port
2025-07-19T23:03:11.669507+0700,103.195.142.74,118.98.44.50,24205,53,UDP,dns,,2031087630568953,wire/pcap,0,0,0,0,0,0.0,0,0,0,none,0,none,0,0,0,no_alert_unknown,no_alert_not_final_benign,-1,dns,port
2025-07-19T23:03:11.682555+0700,103.195.142.74,202.134.0.155,28141,53,UDP,dns,,2087130012889481,wire/pcap,0,0,0,0,0,0.0,0,0,0,none,0,none,0,0,0,no_alert_unknown,no_alert_not_final_benign,-1,dns,port
2025-07-19T23:03:11.682619+0700,103.195.142.74,118.98.44.50,63892,53,UDP,dns,,2087404976355266,wire/pcap,0,0,0,0,0,0.0,0,0,0,none,0,none,0,0,0,no_alert_unknown,no_alert_not_final_benign,-1,dns,port
2025-07-19T23:03:11.687277+0700,103.195.142.74,118.98.44.50,20739,53,UDP,dns,,2107409111656289,wire/pcap,0,0,0,0,0,0.0,0,0,0,none,0,none,0,0,0,no_alert_unknown,no_alert_not_final_benign,-1,dns,port
2025-07-19T23:03:11.701032+0700,103.195.142.75,8.8.8.8,2533,53,UDP,dns,,2166488061325973,wire/pcap,0,0,0,0,0,0.0,0,0,0,none,0,none,0,0,0,no_alert_unknown,no_alert_not_final_benign,-1,dns,port
2025-07-19T23:03:11.726789+0700,103.195.142.75,8.8.8.8,48089,53,UDP,dns,,1995636524699552,wire/pcap,0,0,0,0,0,0.0,0,0,0,none,0,none,0,0,0,no_alert_unknown,no_alert_not_final_benign,-1,dns,port
2025-07-19T23:03:11.748282+0700,103.195.142.74,118.98.44.20,13440,53,UDP,flow,dns,1656150692764526,,1,1,0,71,0,0.0,1,71,0,none,0,none,0,0,0,no_alert_unknown,no_alert_not_final_benign,-1,dns,app_proto+port
2025-07-19T23:03:11.748310+0700,103.195.142.74,118.98.44.50,7035,53,UDP,dns,,2088067590460577,wire/pcap,0,0,0,0,0,0.0,0,0,0,none,0,none,0,0,0,no_alert_unknown,no_alert_not_final_benign,-1,dns,port
2025-07-19T23:03:11.748381+0700,103.195.142.109,87.98.154.153,53,63326,UDP,flow,failed,1931761573993448,,1,1,0,1437,0,0.0,1,1437,0,none,0,none,0,0,0,no_alert_unknown,no_alert_not_final_benign,-1,dns,port
2025-07-19T23:03:11.748536+0700,103.195.142.76,87.98.154.119,53,37226,UDP,flow,failed,2172359873764452,,1,1,0,1469,0,0.0,1,1469,0,none,0,none,0,0,0,no_alert_unknown,no_alert_not_final_benign,-1,dns,port
2025-07-19T23:03:11.748688+0700,103.195.142.74,118.98.44.20,29314,53,UDP,flow,dns,1723844767358182,,1,1,0,130,0,0.0,1,130,0,none,0,none,0,0,0,no_alert_unknown,no_alert_not_final_benign,-1,dns,app_proto+port
2025-07-19T23:03:11.748711+0700,103.195.142.196,87.98.154.119,53,15524,UDP,flow,failed,1715374355160371,,1,1,0,1437,0,0.0,1,1437,0,none,0,none,0,0,0,no_alert_unknown,no_alert_not_final_benign,-1,dns,port
2025-07-19T23:03:11.748782+0700,103.195.142.2,115.112.18.246,53,56294,UDP,flow,failed,1623393689705796,,1,1,0,203,0,0.0,1,203,0,none,0,none,0,0,0,no_alert_unknown,no_alert_not_final_benign,-1,dns,port
2025-07-19T23:03:11.748839+0700,103.195.142.195,87.98.154.119,53,46645,UDP,flow,failed,1637260728573375,,1,1,0,1437,0,0.0,1,1437,0,none,0,none,0,0,0,no_alert_unknown,no_alert_not_final_benign,-1,dns,port
2025-07-19T23:03:11.748857+0700,103.195.142.196,87.98.154.105,53,33707,UDP,flow,failed,1188810967522814,,1,1,0,1437,0,0.0,1,1437,0,none,0,none,0,0,0,no_alert_unknown,no_alert_not_final_benign,-1,dns,port
2025-07-19T23:03:11.748904+0700,103.195.142.74,118.98.44.100,62521,53,UDP,flow,dns,1782078220377631,,1,1,0,130,0,0.0,1,130,0,none,0,none,0,0,0,no_alert_unknown,no_alert_not_final_benign,-1,dns,app_proto+port
2025-07-19T23:03:11.748965+0700,103.195.142.74,118.98.44.100,16974,53,UDP,flow,dns,1552806970891895,,1,1,0,82,0,0.0,1,82,0,none,0,none,0,0,0,no_alert_unknown,no_alert_not_final_benign,-1,dns,app_proto+port
2025-07-19T23:03:11.748986+0700,103.195.142.196,87.98.154.119,53,4209,UDP,flow,failed,1245844316462715,,1,1,0,1437,0,0.0,1,1437,0,none,0,none,0,0,0,no_alert_unknown,no_alert_not_final_benign,-1,dns,port
2025-07-19T23:03:11.749005+0700,103.195.142.74,118.98.44.20,20135,53,UDP,flow,dns,1457901537632124,,1,1,0,88,0,0.0,1,88,0,none,0,none,0,0,0,no_alert_unknown,no_alert_not_final_benign,-1,dns,app_proto+port
2025-07-19T23:03:11.749025+0700,103.195.142.196,87.98.154.119,53,29903,UDP,flow,failed,1587524129234847,,1,1,0,1437,0,0.0,1,1437,0,none,0,none,0,0,0,no_alert_unknown,no_alert_not_final_benign,-1,dns,port
2025-07-19T23:03:11.749109+0700,103.195.142.74,202.134.0.155,33028,53,UDP,flow,dns,2103041352704094,,1,1,0,243,0,0.0,1,243,0,none,0,none,0,0,0,no_alert_unknown,no_alert_not_final_benign,-1,dns,app_proto+port
2025-07-19T23:03:11.749160+0700,103.195.142.165,87.98.154.119,53,11109,UDP,flow,failed,1932021526208795,,1,1,0,1437,0,0.0,1,1437,0,none,0,none,0,0,0,no_alert_unknown,no_alert_not_final_benign,-1,dns,port
2025-07-19T23:03:11.749202+0700,103.195.142.74,202.134.0.155,61388,53,UDP,flow,dns,1962316483109193,,1,1,0,79,0,0.0,1,79,0,none,0,none,0,0,0,no_alert_unknown,no_alert_not_final_benign,-1,dns,app_proto+port
2025-07-19T23:03:11.749228+0700,103.195.142.74,118.98.44.50,45732,53,UDP,flow,dns,1696196240843112,,1,1,0,76,0,0.0,1,76,0,none,0,none,0,0,0,no_alert_unknown,no_alert_not_final_benign,-1,dns,app_proto+port
2025-07-19T23:03:11.749248+0700,103.195.142.75,185.67.45.231,31918,53,UDP,flow,dns,1483093772378477,,1,1,0,74,0,0.0,1,74,0,none,0,none,0,0,0,no_alert_unknown,no_alert_not_final_benign,-1,dns,app_proto+port
2025-07-19T23:03:11.749268+0700,103.195.142.76,87.98.154.119,53,39904,UDP,flow,failed,2112175824281966,,1,1,0,1469,0,0.0,1,1469,0,none,0,none,0,0,0,no_alert_unknown,no_alert_not_final_benign,-1,dns,port
2025-07-19T23:03:11.749287+0700,103.195.142.76,87.98.154.214,53,31170,UDP,flow,failed,2023163445879167,,1,1,0,1469,0,0.0,1,1469,0,none,0,none,0,0,0,no_alert_unknown,no_alert_not_final_benign,-1,dns,port
2025-07-19T23:03:11.749306+0700,103.195.142.109,87.98.154.119,53,15675,UDP,flow,failed,1632981388796290,,1,1,0,1437,0,0.0,1,1437,0,none,0,none,0,0,0,no_alert_unknown,no_alert_not_final_benign,-1,dns,port
2025-07-19T23:03:11.749325+0700,103.195.142.74,118.98.44.100,6220,53,UDP,flow,dns,1585027050611090,,1,2,0,204,0,9.0,2,204,0,none,0,none,0,0,0,no_alert_unknown,no_alert_not_final_benign,-1,dns,app_proto+port
2025-07-19T23:03:11.749346+0700,103.195.142.75,8.8.8.8,30721,53,UDP,flow,dns,1143325025870452,,1,1,0,243,0,0.0,1,243,0,none,0,none,0,0,0,no_alert_unknown,no_alert_not_final_benign,-1,dns,app_proto+port
2025-07-19T23:03:11.749463+0700,103.195.142.74,118.98.44.100,22684,53,UDP,flow,dns,1462967075578793,,1,1,0,73,0,0.0,1,73,0,none,0,none,0,0,0,no_alert_unknown,no_alert_not_final_benign,-1,dns,app_proto+port
2025-07-19T23:03:11.749574+0700,103.195.142.195,87.98.154.140,53,39182,UDP,flow,failed,1969215079949362,,1,1,0,1437,0,0.0,1,1437,0,none,0,none,0,0,0,no_alert_unknown,no_alert_not_final_benign,-1,dns,port
2025-07-19T23:03:11.749613+0700,103.195.142.196,87.98.154.49,53,62505,UDP,flow,failed,1788480962995469,,1,1,0,1437,0,0.0,1,1437,0,none,0,none,0,0,0,no_alert_unknown,no_alert_not_final_benign,-1,dns,port
2025-07-19T23:03:11.749649+0700,103.195.142.109,87.98.154.117,53,56469,UDP,flow,failed,2184113467794715,,1,1,0,1437,0,0.0,1,1437,0,none,0,none,0,0,0,no_alert_unknown,no_alert_not_final_benign,-1,dns,port
2025-07-19T23:03:11.749674+0700,103.195.142.75,118.98.44.20,4305,53,UDP,flow,dns,1514331086104016,,1,1,0,232,0,0.0,1,232,0,none,0,none,0,0,0,no_alert_unknown,no_alert_not_final_benign,-1,dns,app_proto+port
2025-07-19T23:03:11.749694+0700,103.195.142.31,1.1.1.1,35780,53,UDP,flow,dns,469906559182324,,1,2,0,192,0,5.0,2,192,0,none,0,none,0,0,0,no_alert_unknown,no_alert_not_final_benign,-1,dns,app_proto+port
2025-07-19T23:03:11.749752+0700,103.195.142.75,8.8.8.8,63021,53,UDP,flow,dns,1828361985369622,,1,1,0,81,0,0.0,1,81,0,none,0,none,0,0,0,no_alert_unknown,no_alert_not_final_benign,-1,dns,app_proto+port
2025-07-19T23:03:11.749793+0700,103.195.142.75,8.8.8.8,21552,53,UDP,flow,dns,9465700525632,,1,2,0,474,0,4.0,2,474,0,none,0,none,0,0,0,no_alert_unknown,no_alert_not_final_benign,-1,dns,app_proto+port
2025-07-19T23:03:11.749903+0700,103.195.142.74,118.98.44.100,44869,53,UDP,flow,dns,1852672079013500,,1,1,0,76,0,0.0,1,76,0,none,0,none,0,0,0,no_alert_unknown,no_alert_not_final_benign,-1,dns,app_proto+port
2025-07-19T23:03:11.749967+0700,103.195.142.83,87.98.154.118,53,28952,UDP,flow,failed,1746246503605938,,1,1,0,1190,0,0.0,1,1190,0,none,0,none,0,0,0,no_alert_unknown,no_alert_not_final_benign,-1,dns,port
2025-07-19T23:03:11.750041+0700,103.195.142.109,87.98.154.119,53,7457,UDP,flow,failed,1744071853057740,,1,1,0,1437,0,0.0,1,1437,0,none,0,none,0,0,0,no_alert_unknown,no_alert_not_final_benign,-1,dns,port
2025-07-19T23:03:11.750061+0700,103.195.142.196,87.98.154.119,53,55570,UDP,flow,failed,2094754777245438,,1,1,0,1437,0,0.0,1,1437,0,none,0,none,0,0,0,no_alert_unknown,no_alert_not_final_benign,-1,dns,port
2025-07-19T23:03:11.750125+0700,103.195.142.46,87.98.154.119,53,20241,UDP,flow,failed,1654354852489032,,1,1,0,1437,0,0.0,1,1437,0,none,0,none,0,0,0,no_alert_unknown,no_alert_not_final_benign,-1,dns,port
2025-07-19T23:03:11.750188+0700,103.195.142.195,87.98.154.44,53,35761,UDP,flow,failed,1752837084456841,,1,1,0,1437,0,0.0,1,1437,0,none,0,none,0,0,0,no_alert_unknown,no_alert_not_final_benign,-1,dns,port
2025-07-19T23:03:11.750230+0700,103.195.142.196,87.98.154.119,53,31189,UDP,flow,failed,1434639238801343,,1,1,0,1437,0,0.0,1,1437,0,none,0,none,0,0,0,no_alert_unknown,no_alert_not_final_benign,-1,dns,port
2025-07-19T23:03:11.750248+0700,103.195.142.109,87.98.154.119,53,13930,UDP,flow,failed,2140722954282996,,1,1,0,1437,0,0.0,1,1437,0,none,0,none,0,0,0,no_alert_unknown,no_alert_not_final_benign,-1,dns,port
2025-07-19T23:03:11.750267+0700,103.195.142.165,87.98.154.129,53,25708,UDP,flow,failed,1248294242658335,,1,1,0,1437,0,0.0,1,1437,0,none,0,none,0,0,0,no_alert_unknown,no_alert_not_final_benign,-1,dns,port
2025-07-19T23:03:11.750285+0700,103.195.142.83,87.98.154.117,53,10835,UDP,flow,failed,1879403896547386,,1,1,0,1190,0,0.0,1,1190,0,none,0,none,0,0,0,no_alert_unknown,no_alert_not_final_benign,-1,dns,port
2025-07-19T23:03:11.750341+0700,103.195.142.196,87.98.154.119,53,14040,UDP,flow,failed,1130501063485577,,1,2,0,2874,0,8.0,2,2874,0,none,0,none,0,0,0,no_alert_unknown,no_alert_not_final_benign,-1,dns,port
2025-07-19T23:03:11.750420+0700,103.195.142.75,34.8.196.142,48833,53,UDP,flow,dns,1269025106209111,,1,1,0,234,0,0.0,1,234,0,none,0,none,0,0,0,no_alert_unknown,no_alert_not_final_benign,-1,dns,app_proto+port
2025-07-19T23:03:11.750440+0700,103.195.142.196,87.98.154.118,53,57702,UDP,flow,failed,2023795981461913,,1,1,0,1437,0,0.0,1,1437,0,none,0,none,0,0,0,no_alert_unknown,no_alert_not_final_benign,-1,dns,port
2025-07-19T23:03:11.750458+0700,103.195.142.195,87.98.154.119,53,46825,UDP,flow,failed,1497533027559882,,1,1,0,1437,0,0.0,1,1437,0,none,0,none,0,0,0,no_alert_unknown,no_alert_not_final_benign,-1,dns,port
2025-07-19T23:03:11.750520+0700,103.195.142.196,87.98.154.193,53,20568,UDP,flow,failed,1379501655173612,,1,3,0,4311,0,10.0,3,4311,0,none,0,none,0,0,0,no_alert_unknown,no_alert_not_final_benign,-1,dns,port
2025-07-19T23:03:11.750538+0700,103.195.142.109,87.98.154.181,53,18427,UDP,flow,failed,1543427483412980,,1,1,0,1437,0,0.0,1,1437,0,none,0,none,0,0,0,no_alert_unknown,no_alert_not_final_benign,-1,dns,port
2025-07-19T23:03:11.750562+0700,103.195.142.74,202.134.0.155,35423,53,UDP,flow,dns,1730757826357877,,1,1,0,241,0,0.0,1,241,0,none,0,none,0,0,0,no_alert_unknown,no_alert_not_final_benign,-1,dns,app_proto+port
2025-07-19T23:03:11.750625+0700,103.195.142.74,118.98.44.100,51449,53,UDP,flow,dns,1705558995610308,,1,1,0,77,0,0.0,1,77,0,none,0,none,0,0,0,no_alert_unknown,no_alert_not_final_benign,-1,dns,app_proto+port
2025-07-19T23:03:11.750669+0700,103.195.142.83,87.98.154.119,53,61574,UDP,flow,failed,1786137799666384,,1,1,0,1190,0,0.0,1,1190,0,none,0,none,0,0,0,no_alert_unknown,no_alert_not_final_benign,-1,dns,port
2025-07-19T23:03:11.750711+0700,103.195.142.76,87.98.154.70,53,14577,UDP,flow,failed,1572912516016866,,1,1,0,1469,0,0.0,1,1469,0,none,0,none,0,0,0,no_alert_unknown,no_alert_not_final_benign,-1,dns,port
2025-07-19T23:03:11.750731+0700,103.195.142.2,74.125.42.156,53,50142,UDP,flow,failed,2098402793532166,,1,1,0,317,0,0.0,1,317,0,none,0,none,0,0,0,no_alert_unknown,no_alert_not_final_benign,-1,dns,port
2025-07-19T23:03:11.750774+0700,103.195.142.195,87.98.154.119,53,10280,UDP,flow,failed,1126432843803499,,1,1,0,1437,0,0.0,1,1437,0,none,0,none,0,0,0,no_alert_unknown,no_alert_not_final_benign,-1,dns,port
2025-07-19T23:03:11.750807+0700,103.195.142.3,172.70.116.71,53,15448,UDP,flow,failed,1430718407814039,,1,1,0,188,0,0.0,1,188,0,none,0,none,0,0,0,no_alert_unknown,no_alert_not_final_benign,-1,dns,port
2025-07-19T23:03:11.750853+0700,103.195.142.165,87.98.154.85,53,6947,UDP,flow,failed,2011482261531606,,1,1,0,1437,0,0.0,1,1437,0,none,0,none,0,0,0,no_alert_unknown,no_alert_not_final_benign,-1,dns,port
2025-07-19T23:03:11.750890+0700,103.195.142.75,8.8.8.8,62759,53,UDP,flow,dns,1939508300262436,,1,1,0,211,0,0.0,1,211,0,none,0,none,0,0,0,no_alert_unknown,no_alert_not_final_benign,-1,dns,app_proto+port
2025-07-19T23:03:11.750910+0700,103.195.142.74,118.98.44.100,59733,53,UDP,flow,dns,1762189861760044,,1,1,0,223,0,0.0,1,223,0,none,0,none,0,0,0,no_alert_unknown,no_alert_not_final_benign,-1,dns,app_proto+port
2025-07-19T23:03:11.750951+0700,103.195.142.75,8.8.8.8,36362,53,UDP,flow,dns,1690711749668013,,1,1,0,77,0,0.0,1,77,0,none,0,none,0,0,0,no_alert_unknown,no_alert_not_final_benign,-1,dns,app_proto+port
2025-07-19T23:03:11.750971+0700,103.195.142.76,87.98.154.158,53,56813,UDP,flow,failed,1146412017102005,,1,1,0,1469,0,0.0,1,1469,0,none,0,none,0,0,0,no_alert_unknown,no_alert_not_final_benign,-1,dns,port
2025-07-19T23:03:11.750989+0700,103.195.142.74,118.98.44.100,58222,53,UDP,flow,dns,1461464185613587,,1,1,0,211,0,0.0,1,211,0,none,0,none,0,0,0,no_alert_unknown,no_alert_not_final_benign,-1,dns,app_proto+port
2025-07-19T23:03:11.751034+0700,103.195.142.195,87.98.154.196,53,33650,UDP,flow,failed,1300957940067787,,1,1,0,1437,0,0.0,1,1437,0,none,0,none,0,0,0,no_alert_unknown,no_alert_not_final_benign,-1,dns,port
2025-07-19T23:03:11.751072+0700,103.195.142.196,87.98.154.249,53,32203,UDP,flow,failed,2169138602028579,,1,1,0,1437,0,0.0,1,1437,0,none,0,none,0,0,0,no_alert_unknown,no_alert_not_final_benign,-1,dns,port
2025-07-19T23:03:11.751115+0700,103.195.142.76,87.98.154.119,53,54486,UDP,flow,failed,1564276597173799,,1,1,0,1469,0,0.0,1,1469,0,none,0,none,0,0,0,no_alert_unknown,no_alert_not_final_benign,-1,dns,port
2025-07-19T23:03:11.751192+0700,103.195.142.109,87.98.154.119,53,11691,UDP,flow,failed,2148229505986366,,1,1,0,1437,0,0.0,1,1437,0,none,0,none,0,0,0,no_alert_unknown,no_alert_not_final_benign,-1,dns,port
2025-07-19T23:03:11.751210+0700,103.195.142.109,87.98.154.119,53,49415,UDP,flow,failed,1653714912259905,,1,1,0,1437,0,0.0,1,1437,0,none,0,none,0,0,0,no_alert_unknown,no_alert_not_final_benign,-1,dns,port
2025-07-19T23:03:11.751354+0700,103.195.142.195,87.98.154.119,53,16754,UDP,flow,failed,1467188496805904,,1,1,0,1437,0,0.0,1,1437,0,none,0,none,0,0,0,no_alert_unknown,no_alert_not_final_benign,-1,dns,port
2025-07-19T23:03:11.751385+0700,103.195.142.46,87.98.154.155,53,10123,UDP,flow,failed,2195601959989315,,1,1,0,1437,0,0.0,1,1437,0,none,0,none,0,0,0,no_alert_unknown,no_alert_not_final_benign,-1,dns,port
2025-07-19T23:03:11.751405+0700,103.195.142.74,118.98.44.20,14860,53,UDP,flow,dns,1675509843407122,,1,1,0,211,0,0.0,1,211,0,none,0,none,0,0,0,no_alert_unknown,no_alert_not_final_benign,-1,dns,app_proto+port
2025-07-19T23:03:11.751449+0700,103.195.142.165,87.98.154.117,53,15313,UDP,flow,failed,1786557565808998,,1,1,0,1437,0,0.0,1,1437,0,none,0,none,0,0,0,no_alert_unknown,no_alert_not_final_benign,-1,dns,port
2025-07-19T23:03:11.751469+0700,103.195.142.196,87.98.154.221,53,8147,UDP,flow,failed,1093056171127264,,1,3,0,4311,0,10.0,3,4311,0,none,0,none,0,0,0,no_alert_unknown,no_alert_not_final_benign,-1,dns,port
2025-07-19T23:03:11.751488+0700,103.195.142.2,203.119.13.190,53,24008,UDP,flow,failed,2030071368430173,,1,1,0,176,0,0.0,1,176,0,none,0,none,0,0,0,no_alert_unknown,no_alert_not_final_benign,-1,dns,port
2025-07-19T23:03:11.751525+0700,103.195.142.83,87.98.154.119,53,22859,UDP,flow,failed,1850682851373670,,1,1,0,1190,0,0.0,1,1190,0,none,0,none,0,0,0,no_alert_unknown,no_alert_not_final_benign,-1,dns,port
2025-07-19T23:03:11.751659+0700,103.195.142.195,87.98.154.119,53,57563,UDP,flow,failed,2124784817124191,,1,1,0,1437,0,0.0,1,1437,0,none,0,none,0,0,0,no_alert_unknown,no_alert_not_final_benign,-1,dns,port
2025-07-19T23:03:11.751701+0700,103.195.142.46,87.98.154.117,53,49320,UDP,flow,failed,1994156181926865,,1,1,0,1437,0,0.0,1,1437,0,none,0,none,0,0,0,no_alert_unknown,no_alert_not_final_benign,-1,dns,port
2025-07-19T23:03:11.751724+0700,103.195.142.109,87.98.154.119,53,36859,UDP,flow,failed,1479183766434801,,1,1,0,1437,0,0.0,1,1437,0,none,0,none,0,0,0,no_alert_unknown,no_alert_not_final_benign,-1,dns,port
2025-07-19T23:03:11.751742+0700,103.195.142.74,34.8.196.142,41795,53,UDP,flow,dns,1630525317821486,,1,1,0,222,0,0.0,1,222,0,none,0,none,0,0,0,no_alert_unknown,no_alert_not_final_benign,-1,dns,app_proto+port
2025-07-19T23:03:11.751802+0700,103.195.142.75,8.8.8.8,44728,53,UDP,flow,dns,1858921552917619,,1,1,0,68,0,0.0,1,68,0,none,0,none,0,0,0,no_alert_unknown,no_alert_not_final_benign,-1,dns,app_proto+port
2025-07-19T23:03:11.751821+0700,103.195.142.74,202.134.0.155,48749,53,UDP,flow,dns,1457440375747723,,1,1,0,80,0,0.0,1,80,0,none,0,none,0,0,0,no_alert_unknown,no_alert_not_final_benign,-1,dns,app_proto+port
2025-07-19T23:03:11.751841+0700,103.195.142.74,118.98.44.50,64435,53,UDP,flow,dns,1279313265996963,,1,1,0,76,0,0.0,1,76,0,none,0,none,0,0,0,no_alert_unknown,no_alert_not_final_benign,-1,dns,app_proto+port
2025-07-19T23:03:11.751861+0700,103.195.142.31,8.8.8.8,26379,53,UDP,flow,dns,1602584427476313,,1,1,0,85,0,0.0,1,85,0,none,0,none,0,0,0,no_alert_unknown,no_alert_not_final_benign,-1,dns,app_proto+port
2025-07-19T23:03:11.751885+0700,103.195.142.83,87.98.154.119,53,14612,UDP,flow,failed,1485271918359924,,1,1,0,1190,0,0.0,1,1190,0,none,0,none,0,0,0,no_alert_unknown,no_alert_not_final_benign,-1,dns,port
2025-07-19T23:03:11.751904+0700,103.195.142.83,87.98.154.117,53,8345,UDP,flow,failed,1175482254013828,,1,1,0,1190,0,0.0,1,1190,0,none,0,none,0,0,0,no_alert_unknown,no_alert_not_final_benign,-1,dns,port
2025-07-19T23:03:11.751943+0700,103.195.142.74,118.98.44.100,16177,53,UDP,flow,dns,1260456400696921,,1,1,0,80,0,0.0,1,80,0,none,0,none,0,0,0,no_alert_unknown,no_alert_not_final_benign,-1,dns,app_proto+port
2025-07-19T23:03:11.751962+0700,103.195.142.109,87.98.154.119,53,23006,UDP,flow,failed,1806711496947416,,1,1,0,1437,0,0.0,1,1437,0,none,0,none,0,0,0,no_alert_unknown,no_alert_not_final_benign,-1,dns,port
2025-07-19T23:03:11.751981+0700,103.195.142.196,87.98.154.117,53,29350,UDP,flow,failed,1532157544937252,,1,1,0,1437,0,0.0,1,1437,0,none,0,none,0,0,0,no_alert_unknown,no_alert_not_final_benign,-1,dns,port
2025-07-19T23:03:11.751999+0700,103.195.142.74,202.134.0.155,19551,53,UDP,flow,dns,1684671728170866,,1,1,0,223,0,0.0,1,223,0,none,0,none,0,0,0,no_alert_unknown,no_alert_not_final_benign,-1,dns,app_proto+port
2025-07-19T23:03:11.752019+0700,103.195.142.76,87.98.154.186,53,54690,UDP,flow,failed,2156963022485371,,1,1,0,1469,0,0.0,1,1469,0,none,0,none,0,0,0,no_alert_unknown,no_alert_not_final_benign,-1,dns,port
2025-07-19T23:03:11.752043+0700,103.195.142.196,87.98.154.119,53,8416,UDP,flow,failed,1816831241074563,,1,1,0,1437,0,0.0,1,1437,0,none,0,none,0,0,0,no_alert_unknown,no_alert_not_final_benign,-1,dns,port
2025-07-19T23:03:11.752082+0700,103.195.142.74,202.134.0.155,26586,53,UDP,flow,dns,1162231887935423,,1,1,0,84,0,0.0,1,84,0,none,0,none,0,0,0,no_alert_unknown,no_alert_not_final_benign,-1,dns,app_proto+port
2025-07-19T23:03:11.752153+0700,103.195.142.74,118.98.44.20,1107,53,UDP,flow,dns,2246848223492043,,1,1,0,211,0,0.0,1,211,0,none,0,none,0,0,0,no_alert_unknown,no_alert_not_final_benign,-1,dns,app_proto+port
2025-07-19T23:03:11.752173+0700,103.195.142.74,118.98.44.20,6143,53,UDP,flow,dns,2062230531913686,,1,1,0,87,0,0.0,1,87,0,none,0,none,0,0,0,no_alert_unknown,no_alert_not_final_benign,-1,dns,app_proto+port
2025-07-19T23:03:11.752220+0700,103.195.142.76,87.98.154.119,53,61340,UDP,flow,failed,1411703529191567,,1,1,0,1469,0,0.0,1,1469,0,none,0,none,0,0,0,no_alert_unknown,no_alert_not_final_benign,-1,dns,port
2025-07-19T23:03:11.752242+0700,103.195.142.165,87.98.154.119,53,57318,UDP,flow,failed,1749809802754256,,1,1,0,1437,0,0.0,1,1437,0,none,0,none,0,0,0,no_alert_unknown,no_alert_not_final_benign,-1,dns,port
2025-07-19T23:03:11.752261+0700,103.195.142.74,216.38.8.121,24647,53,UDP,flow,dns,1774841529809107,,1,1,0,85,0,0.0,1,85,0,none,0,none,0,0,0,no_alert_unknown,no_alert_not_final_benign,-1,dns,app_proto+port
2025-07-19T23:03:11.752336+0700,103.195.142.74,8.8.8.8,24607,53,UDP,flow,dns,1360314886174960,,1,1,0,81,0,0.0,1,81,0,none,0,none,0,0,0,no_alert_unknown,no_alert_not_final_benign,-1,dns,app_proto+port
2025-07-19T23:03:11.752418+0700,103.195.142.165,87.98.154.141,53,18508,UDP,flow,failed,2158070639802673,,1,1,0,1437,0,0.0,1,1437,0,none,0,none,0,0,0,no_alert_unknown,no_alert_not_final_benign,-1,dns,port
2025-07-19T23:03:11.752474+0700,103.195.142.46,87.98.154.119,53,60514,UDP,flow,failed,2241151387941486,,1,1,0,1437,0,0.0,1,1437,0,none,0,none,0,0,0,no_alert_unknown,no_alert_not_final_benign,-1,dns,port
2025-07-19T23:03:11.752493+0700,103.195.142.74,118.98.44.100,54008,53,UDP,flow,dns,1137808438770356,,1,1,0,77,0,0.0,1,77,0,none,0,none,0,0,0,no_alert_unknown,no_alert_not_final_benign,-1,dns,app_proto+port
2025-07-19T23:03:11.752513+0700,103.195.142.74,118.98.44.50,21072,53,UDP,flow,dns,1435595070749410,,1,1,0,71,0,0.0,1,71,0,none,0,none,0,0,0,no_alert_unknown,no_alert_not_final_benign,-1,dns,app_proto+port
2025-07-19T23:03:11.752571+0700,103.195.142.196,87.98.154.119,53,58930,UDP,flow,failed,2023697913068371,,1,1,0,1437,0,0.0,1,1437,0,none,0,none,0,0,0,no_alert_unknown,no_alert_not_final_benign,-1,dns,port
2025-07-19T23:03:11.752618+0700,103.195.142.165,87.98.154.119,53,64382,UDP,flow,failed,1955300052941786,,1,1,0,1437,0,0.0,1,1437,0,none,0,none,0,0,0,no_alert_unknown,no_alert_not_final_benign,-1,dns,port
2025-07-19T23:03:11.752661+0700,103.195.142.74,118.98.44.100,6904,53,UDP,flow,dns,1540142741896233,,1,1,0,78,0,0.0,1,78,0,none,0,none,0,0,0,no_alert_unknown,no_alert_not_final_benign,-1,dns,app_proto+port
2025-07-19T23:03:11.752710+0700,103.195.142.74,118.98.44.20,20486,53,UDP,flow,dns,1896062427577503,,1,1,0,196,0,0.0,1,196,0,none,0,none,0,0,0,no_alert_unknown,no_alert_not_final_benign,-1,dns,app_proto+port
2025-07-19T23:03:11.752730+0700,103.195.142.195,87.98.154.100,53,53689,UDP,flow,failed,1656406035184876,,1,1,0,1437,0,0.0,1,1437,0,none,0,none,0,0,0,no_alert_unknown,no_alert_not_final_benign,-1,dns,port
2025-07-19T23:03:11.752748+0700,103.195.142.195,87.98.154.84,53,32214,UDP,flow,failed,2165112108858680,,1,1,0,1437,0,0.0,1,1437,0,none,0,none,0,0,0,no_alert_unknown,no_alert_not_final_benign,-1,dns,port
2025-07-19T23:03:11.752767+0700,103.195.142.46,87.98.154.43,53,30154,UDP,flow,failed,1888713380183388,,1,1,0,1437,0,0.0,1,1437,0,none,0,none,0,0,0,no_alert_unknown,no_alert_not_final_benign,-1,dns,port
2025-07-19T23:03:11.752785+0700,103.195.142.76,87.98.154.42,53,55512,UDP,flow,failed,1139748552883556,,1,1,0,1469,0,0.0,1,1469,0,none,0,none,0,0,0,no_alert_unknown,no_alert_not_final_benign,-1,dns,port
2025-07-19T23:03:11.752803+0700,103.195.142.46,87.98.154.119,53,33657,UDP,flow,failed,1276459855232377,,1,1,0,1437,0,0.0,1,1437,0,none,0,none,0,0,0,no_alert_unknown,no_alert_not_final_benign,-1,dns,port
2025-07-19T23:03:11.752822+0700,103.195.142.74,118.98.44.100,9341,53,UDP,flow,dns,1478390255893893,,1,1,0,89,0,0.0,1,89,0,none,0,none,0,0,0,no_alert_unknown,no_alert_not_final_benign,-1,dns,app_proto+port
2025-07-19T23:03:11.752841+0700,103.195.142.74,118.98.44.50,57054,53,UDP,flow,dns,1305398638722469,,1,1,0,68,0,0.0,1,68,0,none,0,none,0,0,0,no_alert_unknown,no_alert_not_final_benign,-1,dns,app_proto+port
2025-07-19T23:03:11.752865+0700,103.195.142.195,87.98.154.117,53,33080,UDP,flow,failed,1299122401623501,,1,1,0,1437,0,0.0,1,1437,0,none,0,none,0,0,0,no_alert_unknown,no_alert_not_final_benign,-1,dns,port
2025-07-19T23:03:11.752884+0700,103.195.142.165,87.98.154.169,53,45805,UDP,flow,failed,1235200270908885,,1,1,0,1437,0,0.0,1,1437,0,none,0,none,0,0,0,no_alert_unknown,no_alert_not_final_benign,-1,dns,port
2025-07-19T23:03:11.752921+0700,103.195.142.74,118.98.44.20,7307,53,UDP,flow,dns,1587647498010146,,1,1,0,232,0,0.0,1,232,0,none,0,none,0,0,0,no_alert_unknown,no_alert_not_final_benign,-1,dns,app_proto+port
2025-07-19T23:03:11.752940+0700,103.195.142.46,87.98.154.119,53,48075,UDP,flow,failed,1864886087237208,,1,1,0,1437,0,0.0,1,1437,0,none,0,none,0,0,0,no_alert_unknown,no_alert_not_final_benign,-1,dns,port
2025-07-19T23:03:11.752959+0700,103.195.142.74,118.98.44.100,33587,53,UDP,flow,dns,2155697789714032,,1,1,0,78,0,0.0,1,78,0,none,0,none,0,0,0,no_alert_unknown,no_alert_not_final_benign,-1,dns,app_proto+port
2025-07-19T23:03:11.753001+0700,103.195.142.109,87.98.154.119,53,25098,UDP,flow,failed,1623655005601429,,1,1,0,1437,0,0.0,1,1437,0,none,0,none,0,0,0,no_alert_unknown,no_alert_not_final_benign,-1,dns,port
2025-07-19T23:03:11.753043+0700,103.195.142.76,87.98.154.118,53,43803,UDP,flow,failed,2007424311279340,,1,1,0,1469,0,0.0,1,1469,0,none,0,none,0,0,0,no_alert_unknown,no_alert_not_final_benign,-1,dns,port
2025-07-19T23:03:11.753080+0700,103.195.142.74,202.134.0.155,1810,53,UDP,flow,dns,1194405407145892,,1,1,0,80,0,0.0,1,80,0,none,0,none,0,0,0,no_alert_unknown,no_alert_not_final_benign,-1,dns,app_proto+port
2025-07-19T23:03:11.753114+0700,103.195.142.165,87.98.154.29,53,14124,UDP,flow,failed,1332501999042520,,1,3,0,4311,0,10.0,3,4311,0,none,0,none,0,0,0,no_alert_unknown,no_alert_not_final_benign,-1,dns,port
2025-07-19T23:03:11.753133+0700,103.195.142.46,87.98.154.155,53,17874,UDP,flow,failed,2139988374372315,,1,1,0,1437,0,0.0,1,1437,0,none,0,none,0,0,0,no_alert_unknown,no_alert_not_final_benign,-1,dns,port
2025-07-19T23:03:11.753180+0700,103.195.142.74,118.98.44.100,37574,53,UDP,flow,dns,1654341726617701,,1,1,0,223,0,0.0,1,223,0,none,0,none,0,0,0,no_alert_unknown,no_alert_not_final_benign,-1,dns,app_proto+port
2025-07-19T23:03:11.753200+0700,103.195.142.74,118.98.44.50,49613,53,UDP,flow,dns,1306898816024699,,1,1,0,74,0,0.0,1,74,0,none,0,none,0,0,0,no_alert_unknown,no_alert_not_final_benign,-1,dns,app_proto+port
2025-07-19T23:03:11.753242+0700,103.195.142.2,108.136.122.114,53,11126,UDP,flow,failed,1144901573722255,,1,1,0,174,0,0.0,1,174,0,none,0,none,0,0,0,no_alert_unknown,no_alert_not_final_benign,-1,dns,port
2025-07-19T23:03:11.753280+0700,103.195.142.196,87.98.154.9,53,18595,UDP,flow,failed,1621030883999921,,1,1,0,1437,0,0.0,1,1437,0,none,0,none,0,0,0,no_alert_unknown,no_alert_not_final_benign,-1,dns,port
2025-07-19T23:03:11.753336+0700,103.195.142.109,87.98.154.97,53,45246,UDP,flow,failed,1738341746589971,,1,1,0,1437,0,0.0,1,1437,0,none,0,none,0,0,0,no_alert_unknown,no_alert_not_final_benign,-1,dns,port
2025-07-19T23:03:11.753500+0700,103.195.142.165,87.98.154.119,53,34721,UDP,flow,failed,1428238573879854,,1,1,0,1437,0,0.0,1,1437,0,none,0,none,0,0,0,no_alert_unknown,no_alert_not_final_benign,-1,dns,port
2025-07-19T23:03:11.753519+0700,103.195.142.109,87.98.154.119,53,63157,UDP,flow,failed,1543891610944106,,1,1,0,1437,0,0.0,1,1437,0,none,0,none,0,0,0,no_alert_unknown,no_alert_not_final_benign,-1,dns,port
2025-07-19T23:03:11.753538+0700,103.195.142.74,118.98.44.100,6454,53,UDP,flow,dns,1952534165373555,,1,1,0,92,0,0.0,1,92,0,none,0,none,0,0,0,no_alert_unknown,no_alert_not_final_benign,-1,dns,app_proto+port
2025-07-19T23:03:11.753557+0700,103.195.142.3,80.12.242.67,53,6576,UDP,flow,failed,2088636078277458,,1,1,0,243,0,0.0,1,243,0,none,0,none,0,0,0,no_alert_unknown,no_alert_not_final_benign,-1,dns,port
2025-07-19T23:03:11.753577+0700,103.195.142.109,87.98.154.101,53,7318,UDP,flow,failed,717530012763019,,1,2,0,2874,0,3.0,2,2874,0,none,0,none,0,0,0,no_alert_unknown,no_alert_not_final_benign,-1,dns,port
2025-07-19T23:03:11.753602+0700,103.195.142.3,108.136.122.27,53,38136,UDP,flow,failed,2107775525634990,,1,1,0,131,0,0.0,1,131,0,none,0,none,0,0,0,no_alert_unknown,no_alert_not_final_benign,-1,dns,port
2025-07-19T23:03:11.753648+0700,103.195.142.46,87.98.154.117,53,16714,UDP,flow,failed,1303087836414914,,1,1,0,1437,0,0.0,1,1437,0,none,0,none,0,0,0,no_alert_unknown,no_alert_not_final_benign,-1,dns,port
2025-07-19T23:03:11.753668+0700,103.195.142.75,8.8.8.8,34022,53,UDP,flow,dns,1908124395881423,,1,1,0,80,0,0.0,1,80,0,none,0,none,0,0,0,no_alert_unknown,no_alert_not_final_benign,-1,dns,app_proto+port
2025-07-19T23:03:11.753708+0700,103.195.142.31,8.8.8.8,18885,53,UDP,flow,dns,1500390839993435,,1,1,0,81,0,0.0,1,81,0,none,0,none,0,0,0,no_alert_unknown,no_alert_not_final_benign,-1,dns,app_proto+port
2025-07-19T23:03:11.753757+0700,103.195.142.75,8.8.8.8,9660,53,UDP,flow,dns,1785532232353129,,1,1,0,79,0,0.0,1,79,0,none,0,none,0,0,0,no_alert_unknown,no_alert_not_final_benign,-1,dns,app_proto+port
2025-07-19T23:03:11.753776+0700,103.195.142.165,87.98.154.197,53,56385,UDP,flow,failed,1686822835635566,,1,1,0,1437,0,0.0,1,1437,0,none,0,none,0,0,0,no_alert_unknown,no_alert_not_final_benign,-1,dns,port
2025-07-19T23:03:11.753794+0700,103.195.142.75,8.8.8.8,40131,53,UDP,flow,dns,1541278427694451,,1,1,0,78,0,0.0,1,78,0,none,0,none,0,0,0,no_alert_unknown,no_alert_not_final_benign,-1,dns,app_proto+port
2025-07-19T23:03:11.753814+0700,103.195.142.74,118.98.44.50,43681,53,UDP,flow,dns,1160168389789085,,1,1,0,85,0,0.0,1,85,0,none,0,none,0,0,0,no_alert_unknown,no_alert_not_final_benign,-1,dns,app_proto+port
2025-07-19T23:03:11.753834+0700,103.195.142.74,118.98.44.50,47688,53,UDP,flow,dns,1904814074676670,,1,1,0,223,0,0.0,1,223,0,none,0,none,0,0,0,no_alert_unknown,no_alert_not_final_benign,-1,dns,app_proto+port
2025-07-19T23:03:11.753904+0700,103.195.142.195,87.98.154.168,53,36783,UDP,flow,failed,1331029029930477,,1,1,0,1437,0,0.0,1,1437,0,none,0,none,0,0,0,no_alert_unknown,no_alert_not_final_benign,-1,dns,port
2025-07-19T23:03:11.753948+0700,103.195.142.74,202.134.0.155,37663,53,UDP,flow,dns,1500248831411732,,1,1,0,92,0,0.0,1,92,0,none,0,none,0,0,0,no_alert_unknown,no_alert_not_final_benign,-1,dns,app_proto+port
2025-07-19T23:03:11.754049+0700,103.195.142.195,87.98.154.118,53,41853,UDP,flow,failed,1515294554048278,,1,1,0,1437,0,0.0,1,1437,0,none,0,none,0,0,0,no_alert_unknown,no_alert_not_final_benign,-1,dns,port
2025-07-19T23:03:11.754081+0700,103.195.142.74,202.134.0.155,60086,53,UDP,flow,dns,2159704443438874,,1,1,0,74,0,0.0,1,74,0,none,0,none,0,0,0,no_alert_unknown,no_alert_not_final_benign,-1,dns,app_proto+port
2025-07-19T23:03:11.754163+0700,103.195.142.83,87.98.154.119,53,9872,UDP,flow,failed,1225235631032172,,1,1,0,1190,0,0.0,1,1190,0,none,0,none,0,0,0,no_alert_unknown,no_alert_not_final_benign,-1,dns,port
2025-07-19T23:03:11.754182+0700,103.195.142.3,74.125.41.92,53,51340,UDP,flow,failed,1355815364577140,,1,1,0,189,0,0.0,1,189,0,none,0,none,0,0,0,no_alert_unknown,no_alert_not_final_benign,-1,dns,port
2025-07-19T23:03:11.754200+0700,103.195.142.74,202.134.0.155,18838,53,UDP,flow,dns,1757263298021335,,1,1,0,91,0,0.0,1,91,0,none,0,none,0,0,0,no_alert_unknown,no_alert_not_final_benign,-1,dns,app_proto+port
2025-07-19T23:03:11.754220+0700,103.195.142.74,118.98.44.100,4025,53,UDP,flow,dns,1686290546542918,,1,1,0,232,0,0.0,1,232,0,none,0,none,0,0,0,no_alert_unknown,no_alert_not_final_benign,-1,dns,app_proto+port
2025-07-19T23:03:11.754239+0700,103.195.142.74,118.98.44.50,50337,53,UDP,flow,dns,2091484738275945,,1,1,0,214,0,0.0,1,214,0,none,0,none,0,0,0,no_alert_unknown,no_alert_not_final_benign,-1,dns,app_proto+port
2025-07-19T23:03:11.754259+0700,103.195.142.195,87.98.154.28,53,40751,UDP,flow,failed,1662596728277709,,1,1,0,1437,0,0.0,1,1437,0,none,0,none,0,0,0,no_alert_unknown,no_alert_not_final_benign,-1,dns,port
2025-07-19T23:03:11.754282+0700,103.195.142.195,87.98.154.196,53,36420,UDP,flow,failed,1722990005177108,,1,1,0,1437,0,0.0,1,1437,0,none,0,none,0,0,0,no_alert_unknown,no_alert_not_final_benign,-1,dns,port
2025-07-19T23:03:11.754301+0700,103.195.142.165,87.98.154.119,53,35728,UDP,flow,failed,2221946367691635,,1,1,0,1437,0,0.0,1,1437,0,none,0,none,0,0,0,no_alert_unknown,no_alert_not_final_benign,-1,dns,port
2025-07-19T23:03:11.754322+0700,103.195.142.74,118.98.44.50,20517,53,UDP,flow,dns,2201468370340762,,1,1,0,109,0,0.0,1,109,0,none,0,none,0,0,0,no_alert_unknown,no_alert_not_final_benign,-1,dns,app_proto+port
2025-07-19T23:03:11.754343+0700,103.195.142.2,172.70.116.71,53,46999,UDP,flow,failed,1802475063987164,,1,1,0,173,0,0.0,1,173,0,none,0,none,0,0,0,no_alert_unknown,no_alert_not_final_benign,-1,dns,port
2025-07-19T23:03:11.754396+0700,103.195.142.196,87.98.154.119,53,13637,UDP,flow,failed,1661740653923535,,1,1,0,1437,0,0.0,1,1437,0,none,0,none,0,0,0,no_alert_unknown,no_alert_not_final_benign,-1,dns,port
2025-07-19T23:03:11.754420+0700,103.195.142.74,118.98.44.20,33437,53,UDP,flow,dns,1694434249461033,,1,1,0,88,0,0.0,1,88,0,none,0,none,0,0,0,no_alert_unknown,no_alert_not_final_benign,-1,dns,app_proto+port
2025-07-19T23:03:11.754440+0700,103.195.142.74,118.98.44.50,36954,53,UDP,flow,dns,1768966393154962,,1,1,0,68,0,0.0,1,68,0,none,0,none,0,0,0,no_alert_unknown,no_alert_not_final_benign,-1,dns,app_proto+port
2025-07-19T23:03:11.754460+0700,103.195.142.196,87.98.154.119,53,51641,UDP,flow,failed,1538210193198494,,1,1,0,1437,0,0.0,1,1437,0,none,0,none,0,0,0,no_alert_unknown,no_alert_not_final_benign,-1,dns,port
2025-07-19T23:03:11.754478+0700,103.195.142.109,87.98.154.118,53,6481,UDP,flow,failed,2040865381141941,,1,1,0,1437,0,0.0,1,1437,0,none,0,none,0,0,0,no_alert_unknown,no_alert_not_final_benign,-1,dns,port
2025-07-19T23:03:11.754497+0700,103.195.142.75,8.8.8.8,33791,53,UDP,flow,dns,1495925996572128,,1,1,0,243,0,0.0,1,243,0,none,0,none,0,0,0,no_alert_unknown,no_alert_not_final_benign,-1,dns,app_proto+port
2025-07-19T23:03:11.754517+0700,103.195.142.74,118.98.44.20,4691,53,UDP,flow,dns,1884904462601723,,1,1,0,74,0,0.0,1,74,0,none,0,none,0,0,0,no_alert_unknown,no_alert_not_final_benign,-1,dns,app_proto+port
2025-07-19T23:03:11.754558+0700,103.195.142.196,87.98.154.77,53,33969,UDP,flow,failed,1840681999453779,,1,1,0,1437,0,0.0,1,1437,0,none,0,none,0,0,0,no_alert_unknown,no_alert_not_final_benign,-1,dns,port
2025-07-19T23:03:11.754581+0700,103.195.142.76,87.98.154.119,53,47857,UDP,flow,failed,1463289615535705,,1,1,0,1469,0,0.0,1,1469,0,none,0,none,0,0,0,no_alert_unknown,no_alert_not_final_benign,-1,dns,port
2025-07-19T23:03:11.754707+0700,103.195.142.46,87.98.154.183,53,59609,UDP,flow,failed,1874717879423051,,1,1,0,1437,0,0.0,1,1437,0,none,0,none,0,0,0,no_alert_unknown,no_alert_not_final_benign,-1,dns,port
2025-07-19T23:03:11.754731+0700,103.195.142.2,103.105.76.77,53,61941,UDP,flow,failed,1891168802230453,,1,1,0,181,0,0.0,1,181,0,none,0,none,0,0,0,no_alert_unknown,no_alert_not_final_benign,-1,dns,port
2025-07-19T23:03:11.754749+0700,103.195.142.74,118.98.44.20,17693,53,UDP,flow,dns,1816247429026015,,1,1,0,78,0,0.0,1,78,0,none,0,none,0,0,0,no_alert_unknown,no_alert_not_final_benign,-1,dns,app_proto+port
2025-07-19T23:03:11.754769+0700,103.195.142.46,87.98.154.15,53,29148,UDP,flow,failed,1951990448378093,,1,1,0,1437,0,0.0,1,1437,0,none,0,none,0,0,0,no_alert_unknown,no_alert_not_final_benign,-1,dns,port
2025-07-19T23:03:11.754837+0700,103.195.142.74,118.98.44.20,61854,53,UDP,flow,dns,1743462004216184,,1,1,0,70,0,0.0,1,70,0,none,0,none,0,0,0,no_alert_unknown,no_alert_not_final_benign,-1,dns,app_proto+port
2025-07-19T23:03:11.754874+0700,103.195.142.46,87.98.154.183,53,40351,UDP,flow,failed,1532655712915929,,1,1,0,1437,0,0.0,1,1437,0,none,0,none,0,0,0,no_alert_unknown,no_alert_not_final_benign,-1,dns,port
2025-07-19T23:03:11.754893+0700,103.195.142.83,87.98.154.126,53,11565,UDP,flow,failed,2069517337088514,,1,1,0,1190,0,0.0,1,1190,0,none,0,none,0,0,0,no_alert_unknown,no_alert_not_final_benign,-1,dns,port
2025-07-19T23:03:11.754956+0700,103.195.142.75,8.8.8.8,4965,53,UDP,flow,dns,1561419857056344,,1,1,0,232,0,0.0,1,232,0,none,0,none,0,0,0,no_alert_unknown,no_alert_not_final_benign,-1,dns,app_proto+port
2025-07-19T23:03:11.754975+0700,103.195.142.165,87.98.154.119,53,37169,UDP,flow,failed,1567206766662341,,1,1,0,1437,0,0.0,1,1437,0,none,0,none,0,0,0,no_alert_unknown,no_alert_not_final_benign,-1,dns,port
2025-07-19T23:03:11.754994+0700,103.195.142.195,87.98.154.119,53,2340,UDP,flow,failed,2150333761377015,,1,1,0,1437,0,0.0,1,1437,0,none,0,none,0,0,0,no_alert_unknown,no_alert_not_final_benign,-1,dns,port
2025-07-19T23:03:11.755018+0700,103.195.142.195,87.98.154.119,53,26944,UDP,flow,failed,1632555439084354,,1,1,0,1437,0,0.0,1,1437,0,none,0,none,0,0,0,no_alert_unknown,no_alert_not_final_benign,-1,dns,port
2025-07-19T23:03:11.755057+0700,103.195.142.74,202.134.0.155,49572,53,UDP,flow,dns,1956456111395663,,1,1,0,211,0,0.0,1,211,0,none,0,none,0,0,0,no_alert_unknown,no_alert_not_final_benign,-1,dns,app_proto+port
2025-07-19T23:03:11.755128+0700,103.195.142.195,87.98.154.56,53,3359,UDP,flow,failed,2047867170182103,,1,1,0,1437,0,0.0,1,1437,0,none,0,none,0,0,0,no_alert_unknown,no_alert_not_final_benign,-1,dns,port
2025-07-19T23:03:11.755148+0700,103.195.142.76,87.98.154.119,53,27505,UDP,flow,failed,2094446121243685,,1,1,0,1469,0,0.0,1,1469,0,none,0,none,0,0,0,no_alert_unknown,no_alert_not_final_benign,-1,dns,port
2025-07-19T23:03:11.755195+0700,103.195.142.165,87.98.154.119,53,1792,UDP,flow,failed,1705701904864313,,1,1,0,1437,0,0.0,1,1437,0,none,0,none,0,0,0,no_alert_unknown,no_alert_not_final_benign,-1,dns,port
2025-07-19T23:03:11.755264+0700,103.195.142.74,118.98.44.100,57835,53,UDP,flow,dns,1830492717896826,,1,1,0,68,0,0.0,1,68,0,none,0,none,0,0,0,no_alert_unknown,no_alert_not_final_benign,-1,dns,app_proto+port
2025-07-19T23:03:11.755285+0700,103.195.142.195,87.98.154.118,53,41632,UDP,flow,failed,1884643192525990,,1,1,0,1437,0,0.0,1,1437,0,none,0,none,0,0,0,no_alert_unknown,no_alert_not_final_benign,-1,dns,port
2025-07-19T23:03:11.755307+0700,103.195.142.74,202.134.0.155,5537,53,UDP,flow,dns,1893774775670001,,1,1,0,95,0,0.0,1,95,0,none,0,none,0,0,0,no_alert_unknown,no_alert_not_final_benign,-1,dns,app_proto+port
2025-07-19T23:03:11.755328+0700,103.195.142.74,118.98.44.50,8747,53,UDP,flow,dns,1585818301879657,,1,1,0,232,0,0.0,1,232,0,none,0,none,0,0,0,no_alert_unknown,no_alert_not_final_benign,-1,dns,app_proto+port
2025-07-19T23:03:11.755375+0700,103.195.142.74,202.134.0.155,8074,53,UDP,flow,dns,1814941349762644,,1,1,0,78,0,0.0,1,78,0,none,0,none,0,0,0,no_alert_unknown,no_alert_not_final_benign,-1,dns,app_proto+port
2025-07-19T23:03:11.755403+0700,103.195.142.74,202.134.0.155,27224,53,UDP,flow,dns,1674099787617886,,1,1,0,130,0,0.0,1,130,0,none,0,none,0,0,0,no_alert_unknown,no_alert_not_final_benign,-1,dns,app_proto+port
2025-07-19T23:03:11.755436+0700,103.195.142.76,87.98.154.14,53,9138,UDP,flow,failed,1818732638492278,,1,1,0,1469,0,0.0,1,1469,0,none,0,none,0,0,0,no_alert_unknown,no_alert_not_final_benign,-1,dns,port
2025-07-19T23:03:11.755559+0700,103.195.142.74,202.134.0.155,6962,53,UDP,flow,dns,1472228855305916,,1,1,0,232,0,0.0,1,232,0,none,0,none,0,0,0,no_alert_unknown,no_alert_not_final_benign,-1,dns,app_proto+port
2025-07-19T23:03:11.755604+0700,103.195.142.74,118.98.44.20,64260,53,UDP,flow,dns,1580909246470103,,1,1,0,223,0,0.0,1,223,0,none,0,none,0,0,0,no_alert_unknown,no_alert_not_final_benign,-1,dns,app_proto+port
2025-07-19T23:03:11.755711+0700,103.195.142.74,118.98.44.50,14408,53,UDP,flow,dns,1553132829858017,,1,1,0,82,0,0.0,1,82,0,none,0,none,0,0,0,no_alert_unknown,no_alert_not_final_benign,-1,dns,app_proto+port
2025-07-19T23:03:11.755777+0700,103.195.142.196,87.98.154.118,53,19905,UDP,flow,failed,1904076521593112,,1,1,0,1437,0,0.0,1,1437,0,none,0,none,0,0,0,no_alert_unknown,no_alert_not_final_benign,-1,dns,port
2025-07-19T23:03:11.755797+0700,103.195.142.196,87.98.154.49,53,3125,UDP,flow,failed,1975325670824305,,1,1,0,1437,0,0.0,1,1437,0,none,0,none,0,0,0,no_alert_unknown,no_alert_not_final_benign,-1,dns,port
2025-07-19T23:03:11.755864+0700,103.195.142.165,87.98.154.29,53,51608,UDP,flow,failed,1591744101276387,,1,1,0,1437,0,0.0,1,1437,0,none,0,none,0,0,0,no_alert_unknown,no_alert_not_final_benign,-1,dns,port
2025-07-19T23:03:11.757178+0700,103.195.142.74,118.98.44.100,4611,53,UDP,dns,,2126157412748912,wire/pcap,0,0,0,0,0,0.0,0,0,0,none,0,none,0,0,0,no_alert_unknown,no_alert_not_final_benign,-1,dns,port
2025-07-19T23:03:11.764116+0700,103.195.142.74,202.134.0.155,35172,53,UDP,dns,,2155957293298004,wire/pcap,0,0,0,0,0,0.0,0,0,0,none,0,none,0,0,0,no_alert_unknown,no_alert_not_final_benign,-1,dns,port
2025-07-19T23:03:11.764441+0700,103.195.142.75,8.8.8.8,53863,53,UDP,dns,,2157350665828599,wire/pcap,0,0,0,0,0,0.0,0,0,0,none,0,none,0,0,0,no_alert_unknown,no_alert_not_final_benign,-1,dns,port
2025-07-19T23:03:11.781626+0700,103.185.193.21,1.1.1.1,39535,53,UDP,dns,,2231160445366325,wire/pcap,0,0,0,0,0,0.0,0,0,0,none,0,none,0,0,0,no_alert_unknown,no_alert_not_final_benign,-1,dns,port
2025-07-19T23:03:11.781967+0700,103.195.142.74,118.98.44.100,65208,53,UDP,dns,,2232624654184764,wire/pcap,0,0,0,0,0,0.0,0,0,0,none,0,none,0,0,0,no_alert_unknown,no_alert_not_final_benign,-1,dns,port
2025-07-19T23:03:11.783276+0700,103.195.142.74,118.98.44.20,28258,53,UDP,dns,,2238247050522352,wire/pcap,0,0,0,0,0,0.0,0,0,0,none,0,none,0,0,0,no_alert_unknown,no_alert_not_final_benign,-1,dns,port
2025-07-19T23:03:11.793796+0700,103.195.142.75,8.8.8.8,56912,53,UDP,dns,,2001956580532429,wire/pcap,0,0,0,0,0,0.0,0,0,0,none,0,none,0,0,0,no_alert_unknown,no_alert_not_final_benign,-1,dns,port
2025-07-19T23:03:11.810773+0700,103.195.142.74,118.98.44.20,33041,53,UDP,dns,,2074869829372705,wire/pcap,0,0,0,0,0,0.0,0,0,0,none,0,none,0,0,0,no_alert_unknown,no_alert_not_final_benign,-1,dns,port
2025-07-19T23:03:11.810891+0700,103.195.142.74,118.98.44.50,48958,53,UDP,dns,,2075375953301376,wire/pcap,0,0,0,0,0,0.0,0,0,0,none,0,none,0,0,0,no_alert_unknown,no_alert_not_final_benign,-1,dns,port
2025-07-19T23:03:11.817278+0700,103.195.142.74,118.98.44.20,13200,53,UDP,dns,,2102809514309886,wire/pcap,0,0,0,0,0,0.0,0,0,0,none,0,none,0,0,0,no_alert_unknown,no_alert_not_final_benign,-1,dns,port
2025-07-19T23:03:11.826150+0700,103.195.142.108,8.8.8.8,31875,53,UDP,dns,,2140914704084308,wire/pcap,0,0,0,0,0,0.0,0,0,0,none,0,none,0,0,0,no_alert_unknown,no_alert_not_final_benign,-1,dns,port
2025-07-19T23:03:11.828329+0700,103.195.142.74,118.98.44.50,12481,53,UDP,dns,,2150273572879998,wire/pcap,0,0,0,0,0,0.0,0,0,0,none,0,none,0,0,0,no_alert_unknown,no_alert_not_final_benign,-1,dns,port
2025-07-19T23:03:11.828979+0700,103.195.142.74,202.134.0.155,28988,53,UDP,dns,,2153063345867708,wire/pcap,0,0,0,0,0,0.0,0,0,0,none,0,none,0,0,0,no_alert_unknown,no_alert_not_final_benign,-1,dns,port
2025-07-19T23:03:11.874468+0700,103.195.142.74,202.134.0.155,19615,53,UDP,dns,,2066965170748001,wire/pcap,0,0,0,0,0,0.0,0,0,0,none,0,none,0,0,0,no_alert_unknown,no_alert_not_final_benign,-1,dns,port
2025-07-19T23:03:11.877139+0700,103.195.142.74,118.98.44.50,43262,53,UDP,dns,,2078433532809675,wire/pcap,0,0,0,0,0,0.0,0,0,0,none,0,none,0,0,0,no_alert_unknown,no_alert_not_final_benign,-1,dns,port
2025-07-19T23:03:11.889031+0700,103.195.142.195,87.98.154.220,53,34322,UDP,flow,failed,125520965384439,,1,1,0,1437,0,0.0,1,1437,0,none,0,none,0,0,0,no_alert_unknown,no_alert_not_final_benign,-1,dns,port
2025-07-19T23:03:11.897437+0700,103.195.142.74,118.98.44.50,5723,53,UDP,dns,,2165613489961034,wire/pcap,0,0,0,0,0,0.0,0,0,0,none,0,none,0,0,0,no_alert_unknown,no_alert_not_final_benign,-1,dns,port
2025-07-19T23:03:11.924611+0700,103.195.142.75,8.8.8.8,13794,53,UDP,dns,,2000850988623487,wire/pcap,0,0,0,0,0,0.0,0,0,0,none,0,none,0,0,0,no_alert_unknown,no_alert_not_final_benign,-1,dns,port
2025-07-19T23:03:11.926924+0700,103.195.142.108,8.8.8.8,1900,53,UDP,dns,,1216074754602613,wire/pcap,0,0,0,0,0,0.0,0,0,0,none,0,none,0,0,0,no_alert_unknown,no_alert_not_final_benign,-1,dns,port
2025-07-19T23:03:11.945206+0700,103.185.193.21,1.1.1.1,49268,53,UDP,dns,,2089305990770188,wire/pcap,0,0,0,0,0,0.0,0,0,0,none,0,none,0,0,0,no_alert_unknown,no_alert_not_final_benign,-1,dns,port
2025-07-19T23:03:11.960969+0700,103.195.142.74,202.134.0.155,58970,53,UDP,dns,,2157008882239417,wire/pcap,0,0,0,0,0,0.0,0,0,0,none,0,none,0,0,0,no_alert_unknown,no_alert_not_final_benign,-1,dns,port
2025-07-19T23:03:11.964251+0700,103.195.142.74,118.98.44.100,63980,53,UDP,dns,,2171102424495679,wire/pcap,0,0,0,0,0,0.0,0,0,0,none,0,none,0,0,0,no_alert_unknown,no_alert_not_final_benign,-1,dns,port
2025-07-19T23:03:11.966901+0700,103.195.142.74,118.98.44.100,18526,53,UDP,dns,,2182483703473871,wire/pcap,0,0,0,0,0,0.0,0,0,0,none,0,none,0,0,0,no_alert_unknown,no_alert_not_final_benign,-1,dns,port
2025-07-19T23:03:11.992692+0700,103.195.142.74,202.134.0.155,56993,53,UDP,dns,,2011781875400799,wire/pcap,0,0,0,0,0,0.0,0,0,0,none,0,none,0,0,0,no_alert_unknown,no_alert_not_final_benign,-1,dns,port
2025-07-19T23:03:12.007988+0700,103.195.142.74,118.98.44.50,36035,53,UDP,dns,,34312240797874,wire/pcap,0,0,0,0,0,0.0,0,0,0,none,0,none,0,0,0,no_alert_unknown,no_alert_not_final_benign,-1,dns,port
2025-07-19T23:03:12.011547+0700,103.195.142.75,8.8.8.8,54278,53,UDP,dns,,49597291556289,wire/pcap,0,0,0,0,0,0.0,0,0,0,none,0,none,0,0,0,no_alert_unknown,no_alert_not_final_benign,-1,dns,port
2025-07-19T23:03:12.021292+0700,103.195.142.74,202.134.0.155,57934,53,UDP,dns,,91452650012948,wire/pcap,0,0,0,0,0,0.0,0,0,0,none,0,none,0,0,0,no_alert_unknown,no_alert_not_final_benign,-1,dns,port
2025-07-19T23:03:12.024326+0700,103.195.142.74,118.98.44.20,9514,53,UDP,dns,,104481719977027,wire/pcap,0,0,0,0,0,0.0,0,0,0,none,0,none,0,0,0,no_alert_unknown,no_alert_not_final_benign,-1,dns,port
2025-07-19T23:03:12.024428+0700,103.195.142.74,118.98.44.100,27633,53,UDP,dns,,104921154368501,wire/pcap,0,0,0,0,0,0.0,0,0,0,none,0,none,0,0,0,no_alert_unknown,no_alert_not_final_benign,-1,dns,port
2025-07-19T23:03:12.028768+0700,103.195.142.46,87.98.154.99,53,29606,UDP,flow,failed,132149087401276,,1,1,0,1437,0,0.0,1,1437,0,none,0,none,0,0,0,no_alert_unknown,no_alert_not_final_benign,-1,dns,port
2025-07-19T23:03:12.055716+0700,103.195.142.74,118.98.44.100,54204,53,UDP,dns,,239302137889676,wire/pcap,0,0,0,0,0,0.0,0,0,0,none,0,none,0,0,0,no_alert_unknown,no_alert_not_final_benign,-1,dns,port
2025-07-19T23:03:12.061582+0700,103.195.142.75,8.8.8.8,34472,53,UDP,dns,,264494589569507,wire/pcap,0,0,0,0,0,0.0,0,0,0,none,0,none,0,0,0,no_alert_unknown,no_alert_not_final_benign,-1,dns,port
2025-07-19T23:03:12.086753+0700,103.195.142.75,8.8.8.8,30386,53,UDP,dns,,91127788330884,wire/pcap,0,0,0,0,0,0.0,0,0,0,none,0,none,0,0,0,no_alert_unknown,no_alert_not_final_benign,-1,dns,port
2025-07-19T23:03:12.088815+0700,103.195.142.74,118.98.44.50,56063,53,UDP,dns,,99983378294528,wire/pcap,0,0,0,0,0,0.0,0,0,0,none,0,none,0,0,0,no_alert_unknown,no_alert_not_final_benign,-1,dns,port
2025-07-19T23:03:12.125405+0700,103.195.142.74,118.98.44.100,24874,53,UDP,dns,,257139092646817,wire/pcap,0,0,0,0,0,0.0,0,0,0,none,0,none,0,0,0,no_alert_unknown,no_alert_not_final_benign,-1,dns,port
2025-07-19T23:03:12.131949+0700,103.195.142.74,202.134.0.155,18562,53,UDP,flow,dns,141456398658164,,1,1,0,102,0,0.0,1,102,0,none,0,none,0,0,0,no_alert_unknown,no_alert_not_final_benign,-1,dns,app_proto+port
2025-07-19T23:03:12.150065+0700,103.195.142.2,172.70.116.71,53,20565,UDP,flow,failed,423361778193610,,1,1,0,148,0,0.0,1,148,0,none,0,none,0,0,0,no_alert_unknown,no_alert_not_final_benign,-1,dns,port
2025-07-19T23:03:12.152187+0700,103.195.142.74,118.98.44.20,21140,53,UDP,dns,,90690471379580,wire/pcap,0,0,0,0,0,0.0,0,0,0,none,0,none,0,0,0,no_alert_unknown,no_alert_not_final_benign,-1,dns,port
2025-07-19T23:03:12.189069+0700,103.195.142.75,8.8.8.8,36719,53,UDP,dns,,249098421870643,wire/pcap,0,0,0,0,0,0.0,0,0,0,none,0,none,0,0,0,no_alert_unknown,no_alert_not_final_benign,-1,dns,port
2025-07-19T23:03:12.206056+0700,103.195.142.74,118.98.44.20,39216,53,UDP,dns,,40579413249101,wire/pcap,0,0,0,0,0,0.0,0,0,0,none,0,none,0,0,0,no_alert_unknown,no_alert_not_final_benign,-1,dns,port
2025-07-19T23:03:12.219946+0700,103.195.142.75,8.8.8.8,17334,53,UDP,dns,,100237304966205,wire/pcap,0,0,0,0,0,0.0,0,0,0,none,0,none,0,0,0,no_alert_unknown,no_alert_not_final_benign,-1,dns,port
2025-07-19T23:03:12.238338+0700,103.195.142.196,87.98.154.119,53,31612,UDP,flow,failed,10054136925315,,1,1,0,1437,0,0.0,1,1437,0,none,0,none,0,0,0,no_alert_unknown,no_alert_not_final_benign,-1,dns,port
2025-07-19T23:03:12.249913+0700,103.195.142.74,118.98.44.50,10514,53,UDP,dns,,228944312751396,wire/pcap,0,0,0,0,0,0.0,0,0,0,none,0,none,0,0,0,no_alert_unknown,no_alert_not_final_benign,-1,dns,port
2025-07-19T23:03:12.257092+0700,103.195.142.74,118.98.44.100,49179,53,UDP,dns,,259777841680098,wire/pcap,0,0,0,0,0,0.0,0,0,0,none,0,none,0,0,0,no_alert_unknown,no_alert_not_final_benign,-1,dns,port
2025-07-19T23:03:12.284237+0700,103.195.142.74,118.98.44.100,17071,53,UDP,dns,,94892232686518,wire/pcap,0,0,0,0,0,0.0,0,0,0,none,0,none,0,0,0,no_alert_unknown,no_alert_not_final_benign,-1,dns,port
2025-07-19T23:03:12.287220+0700,103.195.142.74,202.134.0.155,24546,53,UDP,dns,,107701332494877,wire/pcap,0,0,0,0,0,0.0,0,0,0,none,0,none,0,0,0,no_alert_unknown,no_alert_not_final_benign,-1,dns,port
2025-07-19T23:03:12.297732+0700,103.195.142.74,118.98.44.20,33707,53,UDP,dns,,152852540590932,wire/pcap,0,0,0,0,0,0.0,0,0,0,none,0,none,0,0,0,no_alert_unknown,no_alert_not_final_benign,-1,dns,port
2025-07-19T23:03:12.310805+0700,103.195.142.75,8.8.8.8,2196,53,UDP,dns,,208999138153872,wire/pcap,0,0,0,0,0,0.0,0,0,0,none,0,none,0,0,0,no_alert_unknown,no_alert_not_final_benign,-1,dns,port
2025-07-19T23:03:12.321822+0700,103.195.142.75,8.8.8.8,11809,53,UDP,dns,,256315206795823,wire/pcap,0,0,0,0,0,0.0,0,0,0,none,0,none,0,0,0,no_alert_unknown,no_alert_not_final_benign,-1,dns,port
2025-07-19T23:03:12.321855+0700,103.195.142.74,118.98.44.50,61698,53,UDP,dns,,256457365270399,wire/pcap,0,0,0,0,0,0.0,0,0,0,none,0,none,0,0,0,no_alert_unknown,no_alert_not_final_benign,-1,dns,port
2025-07-19T23:03:12.347090+0700,103.195.142.74,118.98.44.20,39894,53,UDP,dns,,83368376131751,wire/pcap,0,0,0,0,0,0.0,0,0,0,none,0,none,0,0,0,no_alert_unknown,no_alert_not_final_benign,-1,dns,port
2025-07-19T23:03:12.411032+0700,103.195.142.74,202.134.0.155,24743,53,UDP,dns,,76519356224727,wire/pcap,0,0,0,0,0,0.0,0,0,0,none,0,none,0,0,0,no_alert_unknown,no_alert_not_final_benign,-1,dns,port
2025-07-19T23:03:12.422252+0700,103.195.142.196,87.98.154.221,53,33489,UDP,flow,failed,2120511373734231,,1,1,0,1437,0,0.0,1,1437,0,none,0,none,0,0,0,no_alert_unknown,no_alert_not_final_benign,-1,dns,port
2025-07-19T23:03:12.437293+0700,103.195.142.74,118.98.44.100,2792,53,UDP,dns,,189309526290102,wire/pcap,0,0,0,0,0,0.0,0,0,0,none,0,none,0,0,0,no_alert_unknown,no_alert_not_final_benign,-1,dns,port
2025-07-19T23:03:12.446424+0700,103.195.142.74,118.98.44.20,6129,53,UDP,dns,,228527298033260,wire/pcap,0,0,0,0,0,0.0,0,0,0,none,0,none,0,0,0,no_alert_unknown,no_alert_not_final_benign,-1,dns,port
2025-07-19T23:03:12.446523+0700,103.195.142.74,202.134.0.155,42113,53,UDP,dns,,228955135368856,wire/pcap,0,0,0,0,0,0.0,0,0,0,none,0,none,0,0,0,no_alert_unknown,no_alert_not_final_benign,-1,dns,port
2025-07-19T23:03:12.464264+0700,103.195.142.74,118.98.44.50,61726,53,UDP,dns,,23674484306032,wire/pcap,0,0,0,0,0,0.0,0,0,0,none,0,none,0,0,0,no_alert_unknown,no_alert_not_final_benign,-1,dns,port
2025-07-19T23:03:12.496112+0700,103.195.142.74,118.98.44.20,33950,53,UDP,dns,,160462140146619,wire/pcap,0,0,0,0,0,0.0,0,0,0,none,0,none,0,0,0,no_alert_unknown,no_alert_not_final_benign,-1,dns,port
2025-07-19T23:03:12.517361+0700,103.195.142.74,118.98.44.20,41286,53,UDP,dns,,251725236601755,wire/pcap,0,0,0,0,0,0.0,0,0,0,none,0,none,0,0,0,no_alert_unknown,no_alert_not_final_benign,-1,dns,port
2025-07-19T23:03:12.525421+0700,103.195.142.75,8.8.8.8,52353,53,UDP,dns,,4867362046431,wire/pcap,0,0,0,0,0,0.0,0,0,0,none,0,none,0,0,0,no_alert_unknown,no_alert_not_final_benign,-1,dns,port
2025-07-19T23:03:12.545642+0700,103.195.142.74,118.98.44.50,29542,53,UDP,dns,,91718669281196,wire/pcap,0,0,0,0,0,0.0,0,0,0,none,0,none,0,0,0,no_alert_unknown,no_alert_not_final_benign,-1,dns,port
2025-07-19T23:03:12.550362+0700,103.195.142.75,8.8.8.8,44772,53,UDP,dns,,111987017583248,wire/pcap,0,0,0,0,0,0.0,0,0,0,none,0,none,0,0,0,no_alert_unknown,no_alert_not_final_benign,-1,dns,port
2025-07-19T23:03:12.551126+0700,103.195.142.74,69.16.230.48,26741,53,UDP,dns,,115270754730129,wire/pcap,0,0,0,0,0,0.0,0,0,0,none,0,none,0,0,0,no_alert_unknown,no_alert_not_final_benign,-1,dns,port
2025-07-19T23:03:12.565735+0700,103.195.142.75,216.38.8.120,59376,53,UDP,dns,,178013572599760,wire/pcap,0,0,0,0,0,0.0,0,0,0,none,0,none,0,0,0,no_alert_unknown,no_alert_not_final_benign,-1,dns,port
2025-07-19T23:03:12.578591+0700,103.195.142.74,202.134.0.155,47021,53,UDP,dns,,233231735275373,wire/pcap,0,0,0,0,0,0.0,0,0,0,none,0,none,0,0,0,no_alert_unknown,no_alert_not_final_benign,-1,dns,port
2025-07-19T23:03:12.582074+0700,103.195.142.74,69.39.238.36,40516,53,UDP,dns,,248190318851655,wire/pcap,0,0,0,0,0,0.0,0,0,0,none,0,none,0,0,0,no_alert_unknown,no_alert_not_final_benign,-1,dns,port
2025-07-19T23:03:12.603351+0700,103.195.142.74,118.98.44.50,7263,53,UDP,dns,,58101770623569,wire/pcap,0,0,0,0,0,0.0,0,0,0,none,0,none,0,0,0,no_alert_unknown,no_alert_not_final_benign,-1,dns,port
2025-07-19T23:03:12.608723+0700,103.195.142.74,118.98.44.100,12872,53,UDP,dns,,81174235920421,wire/pcap,0,0,0,0,0,0.0,0,0,0,none,0,none,0,0,0,no_alert_unknown,no_alert_not_final_benign,-1,dns,port
2025-07-19T23:03:12.627814+0700,103.195.142.74,118.98.44.20,62730,53,UDP,dns,,163166940014042,wire/pcap,0,0,0,0,0,0.0,0,0,0,none,0,none,0,0,0,no_alert_unknown,no_alert_not_final_benign,-1,dns,port
2025-07-19T23:03:12.627860+0700,103.195.142.74,118.98.44.50,36359,53,UDP,dns,,163364630159572,wire/pcap,0,0,0,0,0,0.0,0,0,0,none,0,none,0,0,0,no_alert_unknown,no_alert_not_final_benign,-1,dns,port
2025-07-19T23:03:12.651808+0700,103.195.142.74,118.98.44.50,14891,53,UDP,dns,,266221583377901,wire/pcap,0,0,0,0,0,0.0,0,0,0,none,0,none,0,0,0,no_alert_unknown,no_alert_not_final_benign,-1,dns,port
2025-07-19T23:03:12.652152+0700,103.195.142.74,118.98.44.20,2701,53,UDP,dns,,267700677942423,wire/pcap,0,0,0,0,0,0.0,0,0,0,none,0,none,0,0,0,no_alert_unknown,no_alert_not_final_benign,-1,dns,port
2025-07-19T23:03:12.652187+0700,103.195.142.74,118.98.44.50,38802,53,UDP,dns,,267850076525974,wire/pcap,0,0,0,0,0,0.0,0,0,0,none,0,none,0,0,0,no_alert_unknown,no_alert_not_final_benign,-1,dns,port
2025-07-19T23:03:12.663553+0700,103.195.142.75,8.8.8.8,57129,53,UDP,dns,,35189646454217,wire/pcap,0,0,0,0,0,0.0,0,0,0,none,0,none,0,0,0,no_alert_unknown,no_alert_not_final_benign,-1,dns,port
2025-07-19T23:03:12.663774+0700,103.195.142.75,8.8.8.8,12089,53,UDP,dns,,36138842525858,wire/pcap,0,0,0,0,0,0.0,0,0,0,none,0,none,0,0,0,no_alert_unknown,no_alert_not_final_benign,-1,dns,port
2025-07-19T23:03:12.708492+0700,103.195.142.74,118.98.44.50,29787,53,UDP,dns,,228202274112510,wire/pcap,0,0,0,0,0,0.0,0,0,0,none,0,none,0,0,0,no_alert_unknown,no_alert_not_final_benign,-1,dns,port
2025-07-19T23:03:12.708626+0700,103.195.142.74,118.98.44.50,20182,53,UDP,dns,,228775942793340,wire/pcap,0,0,0,0,0,0.0,0,0,0,none,0,none,0,0,0,no_alert_unknown,no_alert_not_final_benign,-1,dns,port
2025-07-19T23:03:12.740158+0700,103.195.142.75,8.8.8.8,1092,53,UDP,flow,dns,1562521224665986,,1,1,0,232,0,0.0,1,232,0,none,0,none,0,0,0,no_alert_unknown,no_alert_not_final_benign,-1,dns,app_proto+port
2025-07-19T23:03:12.740186+0700,103.195.142.74,118.98.44.50,9253,53,UDP,flow,dns,1598648044084132,,1,1,0,223,0,0.0,1,223,0,none,0,none,0,0,0,no_alert_unknown,no_alert_not_final_benign,-1,dns,app_proto+port
2025-07-19T23:03:12.740208+0700,103.195.142.75,8.8.8.8,6767,53,UDP,flow,dns,1748930181585856,,1,1,0,223,0,0.0,1,223,0,none,0,none,0,0,0,no_alert_unknown,no_alert_not_final_benign,-1,dns,app_proto+port
2025-07-19T23:03:12.740293+0700,103.195.142.196,87.98.154.133,53,58657,UDP,flow,failed,1585383924423812,,1,1,0,1437,0,0.0,1,1437,0,none,0,none,0,0,0,no_alert_unknown,no_alert_not_final_benign,-1,dns,port
2025-07-19T23:03:12.740335+0700,103.195.142.75,8.8.8.8,30991,53,UDP,flow,dns,1758279198498023,,1,1,0,211,0,0.0,1,211,0,none,0,none,0,0,0,no_alert_unknown,no_alert_not_final_benign,-1,dns,app_proto+port
2025-07-19T23:03:12.740400+0700,103.195.142.74,118.98.44.100,18290,53,UDP,flow,dns,1467753314967032,,1,1,0,72,0,0.0,1,72,0,none,0,none,0,0,0,no_alert_unknown,no_alert_not_final_benign,-1,dns,app_proto+port
2025-07-19T23:03:12.740468+0700,103.195.142.75,8.8.8.8,5060,53,UDP,flow,dns,1957460410228340,,1,1,0,241,0,0.0,1,241,0,none,0,none,0,0,0,no_alert_unknown,no_alert_not_final_benign,-1,dns,app_proto+port
2025-07-19T23:03:12.740510+0700,103.195.142.75,8.8.8.8,6916,53,UDP,flow,dns,1838445219208897,,1,1,0,82,0,0.0,1,82,0,none,0,none,0,0,0,no_alert_unknown,no_alert_not_final_benign,-1,dns,app_proto+port
2025-07-19T23:03:12.740551+0700,103.195.142.74,118.98.44.100,20443,53,UDP,flow,dns,2136114040594166,,1,1,0,223,0,0.0,1,223,0,none,0,none,0,0,0,no_alert_unknown,no_alert_not_final_benign,-1,dns,app_proto+port
2025-07-19T23:03:12.740571+0700,103.195.142.109,87.98.154.69,53,63745,UDP,flow,failed,172996634074896,,1,1,0,1437,0,0.0,1,1437,0,none,0,none,0,0,0,no_alert_unknown,no_alert_not_final_benign,-1,dns,port
2025-07-19T23:03:12.740624+0700,103.195.142.46,87.98.154.119,53,25450,UDP,flow,failed,1537616518242275,,1,1,0,1437,0,0.0,1,1437,0,none,0,none,0,0,0,no_alert_unknown,no_alert_not_final_benign,-1,dns,port
2025-07-19T23:03:12.740642+0700,103.195.142.2,74.114.28.24,53,49813,UDP,flow,failed,231598795972606,,1,1,0,151,0,0.0,1,151,0,none,0,none,0,0,0,no_alert_unknown,no_alert_not_final_benign,-1,dns,port
2025-07-19T23:03:12.740661+0700,103.195.142.165,87.98.154.73,53,11981,UDP,flow,failed,1780700538658823,,1,1,0,1437,0,0.0,1,1437,0,none,0,none,0,0,0,no_alert_unknown,no_alert_not_final_benign,-1,dns,port
2025-07-19T23:03:12.740724+0700,103.195.142.83,87.98.154.119,53,22759,UDP,flow,failed,1704206692245586,,1,1,0,1190,0,0.0,1,1190,0,none,0,none,0,0,0,no_alert_unknown,no_alert_not_final_benign,-1,dns,port
2025-07-19T23:03:12.740779+0700,103.195.142.165,87.98.154.49,53,46248,UDP,flow,failed,1618018575507781,,1,1,0,1437,0,0.0,1,1437,0,none,0,none,0,0,0,no_alert_unknown,no_alert_not_final_benign,-1,dns,port
2025-07-19T23:03:12.740819+0700,103.195.142.74,118.98.44.50,10045,53,UDP,flow,dns,1546904746778965,,1,1,0,211,0,0.0,1,211,0,none,0,none,0,0,0,no_alert_unknown,no_alert_not_final_benign,-1,dns,app_proto+port
2025-07-19T23:03:12.740841+0700,103.195.142.83,87.98.154.210,53,45790,UDP,flow,failed,1691721436488037,,1,1,0,1190,0,0.0,1,1190,0,none,0,none,0,0,0,no_alert_unknown,no_alert_not_final_benign,-1,dns,port
2025-07-19T23:03:12.740860+0700,103.195.142.74,118.98.44.20,22952,53,UDP,flow,dns,1439957973852519,,1,1,0,214,0,0.0,1,214,0,none,0,none,0,0,0,no_alert_unknown,no_alert_not_final_benign,-1,dns,app_proto+port
2025-07-19T23:03:12.740880+0700,103.195.142.46,87.98.154.119,53,16448,UDP,flow,failed,1409755464589677,,1,1,0,1437,0,0.0,1,1437,0,none,0,none,0,0,0,no_alert_unknown,no_alert_not_final_benign,-1,dns,port
2025-07-19T23:03:12.740966+0700,103.195.142.74,118.98.44.50,38600,53,UDP,flow,dns,1440680163992013,,1,1,0,232,0,0.0,1,232,0,none,0,none,0,0,0,no_alert_unknown,no_alert_not_final_benign,-1,dns,app_proto+port
2025-07-19T23:03:12.740987+0700,103.195.142.75,50.116.34.34,47501,53,UDP,flow,dns,1600032413049401,,1,1,0,85,0,0.0,1,85,0,none,0,none,0,0,0,no_alert_unknown,no_alert_not_final_benign,-1,dns,app_proto+port
2025-07-19T23:03:12.741079+0700,103.195.142.74,202.134.0.155,63210,53,UDP,flow,dns,1743734215533158,,1,1,0,232,0,0.0,1,232,0,none,0,none,0,0,0,no_alert_unknown,no_alert_not_final_benign,-1,dns,app_proto+port
2025-07-19T23:03:12.741147+0700,103.195.142.83,87.98.154.182,53,8296,UDP,flow,failed,1436118683214666,,1,1,0,1190,0,0.0,1,1190,0,none,0,none,0,0,0,no_alert_unknown,no_alert_not_final_benign,-1,dns,port
2025-07-19T23:03:12.741187+0700,103.195.142.83,87.98.154.119,53,54491,UDP,flow,failed,1459306663568262,,1,1,0,1190,0,0.0,1,1190,0,none,0,none,0,0,0,no_alert_unknown,no_alert_not_final_benign,-1,dns,port
2025-07-19T23:03:12.741213+0700,103.195.142.76,87.98.154.119,53,31862,UDP,flow,failed,1800785478804361,,1,1,0,1469,0,0.0,1,1469,0,none,0,none,0,0,0,no_alert_unknown,no_alert_not_final_benign,-1,dns,port
2025-07-19T23:03:12.741255+0700,103.195.142.74,202.134.0.155,32268,53,UDP,flow,dns,157477816034249,,1,1,0,232,0,0.0,1,232,0,none,0,none,0,0,0,no_alert_unknown,no_alert_not_final_benign,-1,dns,app_proto+port
2025-07-19T23:03:12.741275+0700,103.195.142.74,118.98.44.20,56551,53,UDP,flow,dns,1743234181555151,,1,1,0,211,0,0.0,1,211,0,none,0,none,0,0,0,no_alert_unknown,no_alert_not_final_benign,-1,dns,app_proto+port
2025-07-19T23:03:12.741295+0700,103.195.142.109,87.98.154.118,53,4061,UDP,flow,failed,2200829955924963,,1,1,0,1437,0,0.0,1,1437,0,none,0,none,0,0,0,no_alert_unknown,no_alert_not_final_benign,-1,dns,port
2025-07-19T23:03:12.741322+0700,103.195.142.109,87.98.154.97,53,35938,UDP,flow,failed,2059575343244420,,1,1,0,1437,0,0.0,1,1437,0,none,0,none,0,0,0,no_alert_unknown,no_alert_not_final_benign,-1,dns,port
2025-07-19T23:03:12.741344+0700,103.195.142.195,87.98.154.119,53,11915,UDP,flow,failed,1409648028869772,,1,1,0,1437,0,0.0,1,1437,0,none,0,none,0,0,0,no_alert_unknown,no_alert_not_final_benign,-1,dns,port
2025-07-19T23:03:12.741362+0700,103.195.142.196,101.132.150.56,53,41414,UDP,flow,failed,1864594518238355,,1,1,0,468,0,0.0,1,468,0,none,0,none,0,0,0,no_alert_unknown,no_alert_not_final_benign,-1,dns,port
2025-07-19T23:03:12.741423+0700,103.195.142.195,87.98.154.48,53,18443,UDP,flow,failed,1416138623870268,,1,1,0,1437,0,0.0,1,1437,0,none,0,none,0,0,0,no_alert_unknown,no_alert_not_final_benign,-1,dns,port
2025-07-19T23:03:12.741467+0700,103.195.142.75,8.8.8.8,3937,53,UDP,flow,dns,2223784175199552,,1,1,0,78,0,0.0,1,78,0,none,0,none,0,0,0,no_alert_unknown,no_alert_not_final_benign,-1,dns,app_proto+port
2025-07-19T23:03:12.741488+0700,103.195.142.165,87.98.154.119,53,5207,UDP,flow,failed,1585380395247040,,1,1,0,1437,0,0.0,1,1437,0,none,0,none,0,0,0,no_alert_unknown,no_alert_not_final_benign,-1,dns,port
2025-07-19T23:03:12.741528+0700,103.195.142.196,87.98.154.165,53,26573,UDP,flow,failed,1449612303460175,,1,3,0,4311,0,10.0,3,4311,0,none,0,none,0,0,0,no_alert_unknown,no_alert_not_final_benign,-1,dns,port
2025-07-19T23:03:12.741546+0700,103.195.142.46,87.98.154.127,53,26783,UDP,flow,failed,2248455024273233,,1,1,0,1437,0,0.0,1,1437,0,none,0,none,0,0,0,no_alert_unknown,no_alert_not_final_benign,-1,dns,port
2025-07-19T23:03:12.741564+0700,103.195.142.74,118.98.44.50,57004,53,UDP,flow,dns,68737699800919,,1,1,0,90,0,0.0,1,90,0,none,0,none,0,0,0,no_alert_unknown,no_alert_not_final_benign,-1,dns,app_proto+port
2025-07-19T23:03:12.741590+0700,103.195.142.109,87.98.154.119,53,8381,UDP,flow,failed,1669223838312323,,1,1,0,1437,0,0.0,1,1437,0,none,0,none,0,0,0,no_alert_unknown,no_alert_not_final_benign,-1,dns,port
2025-07-19T23:03:12.741609+0700,103.195.142.74,202.134.0.155,43793,53,UDP,flow,dns,1835925484201874,,1,1,0,75,0,0.0,1,75,0,none,0,none,0,0,0,no_alert_unknown,no_alert_not_final_benign,-1,dns,app_proto+port
2025-07-19T23:03:12.741631+0700,103.195.142.46,87.98.154.118,53,16911,UDP,flow,failed,1918754699405372,,1,1,0,1437,0,0.0,1,1437,0,none,0,none,0,0,0,no_alert_unknown,no_alert_not_final_benign,-1,dns,port
2025-07-19T23:03:12.741650+0700,103.195.142.46,87.98.154.119,53,16194,UDP,flow,failed,1820370542192827,,1,1,0,1437,0,0.0,1,1437,0,none,0,none,0,0,0,no_alert_unknown,no_alert_not_final_benign,-1,dns,port
2025-07-19T23:03:12.741690+0700,103.195.142.46,87.98.154.211,53,3178,UDP,flow,failed,1552858076277012,,1,1,0,1437,0,0.0,1,1437,0,none,0,none,0,0,0,no_alert_unknown,no_alert_not_final_benign,-1,dns,port
2025-07-19T23:03:12.741735+0700,103.195.142.83,87.98.154.210,53,49063,UDP,flow,failed,1605605218511166,,1,1,0,1190,0,0.0,1,1190,0,none,0,none,0,0,0,no_alert_unknown,no_alert_not_final_benign,-1,dns,port
2025-07-19T23:03:12.741776+0700,103.195.142.46,87.98.154.119,53,62406,UDP,flow,failed,1822753955768648,,1,1,0,1437,0,0.0,1,1437,0,none,0,none,0,0,0,no_alert_unknown,no_alert_not_final_benign,-1,dns,port
2025-07-19T23:03:12.741815+0700,103.195.142.74,118.98.44.50,29600,53,UDP,flow,dns,1583363314215359,,1,2,0,312,0,16.0,2,312,0,none,0,none,0,0,0,no_alert_unknown,no_alert_not_final_benign,-1,dns,app_proto+port
2025-07-19T23:03:12.741835+0700,103.195.142.83,87.98.154.242,53,8112,UDP,flow,failed,1827078451423680,,1,3,0,3570,0,10.0,3,3570,0,none,0,none,0,0,0,no_alert_unknown,no_alert_not_final_benign,-1,dns,port
2025-07-19T23:03:12.741858+0700,103.195.142.3,203.119.13.185,53,58132,UDP,flow,failed,2121901874997808,,1,1,0,133,0,0.0,1,133,0,none,0,none,0,0,0,no_alert_unknown,no_alert_not_final_benign,-1,dns,port
2025-07-19T23:03:12.741877+0700,103.195.142.195,87.98.154.200,53,11332,UDP,flow,failed,2153500439800496,,1,3,0,4311,0,9.0,3,4311,0,none,0,none,0,0,0,no_alert_unknown,no_alert_not_final_benign,-1,dns,port
2025-07-19T23:03:12.741916+0700,103.195.142.74,208.91.112.55,9350,53,UDP,flow,dns,1749364401564450,,1,1,0,99,0,0.0,1,99,0,none,0,none,0,0,0,no_alert_unknown,no_alert_not_final_benign,-1,dns,app_proto+port
2025-07-19T23:03:12.741955+0700,103.195.142.196,87.98.154.119,53,25271,UDP,flow,failed,228703756479365,,1,1,0,1437,0,0.0,1,1437,0,none,0,none,0,0,0,no_alert_unknown,no_alert_not_final_benign,-1,dns,port
2025-07-19T23:03:12.741973+0700,103.195.142.74,118.98.44.50,17556,53,UDP,flow,dns,1531641060453292,,1,1,0,115,0,0.0,1,115,0,none,0,none,0,0,0,no_alert_unknown,no_alert_not_final_benign,-1,dns,app_proto+port
2025-07-19T23:03:12.741993+0700,103.195.142.3,108.136.122.1,53,5620,UDP,flow,failed,2108819231009721,,1,1,0,131,0,0.0,1,131,0,none,0,none,0,0,0,no_alert_unknown,no_alert_not_final_benign,-1,dns,port
2025-07-19T23:03:12.742016+0700,103.195.142.195,87.98.154.119,53,8082,UDP,flow,failed,2005589036166253,,1,1,0,1437,0,0.0,1,1437,0,none,0,none,0,0,0,no_alert_unknown,no_alert_not_final_benign,-1,dns,port
2025-07-19T23:03:12.742045+0700,103.195.142.74,118.98.44.100,58035,53,UDP,flow,dns,1898555485318328,,1,1,0,84,0,0.0,1,84,0,none,0,none,0,0,0,no_alert_unknown,no_alert_not_final_benign,-1,dns,app_proto+port
2025-07-19T23:03:12.742137+0700,103.195.142.74,118.98.44.20,42456,53,UDP,flow,dns,1484409754217923,,1,1,0,84,0,0.0,1,84,0,none,0,none,0,0,0,no_alert_unknown,no_alert_not_final_benign,-1,dns,app_proto+port
2025-07-19T23:03:12.742199+0700,103.195.142.74,118.98.44.50,18312,53,UDP,flow,dns,1484189334433323,,1,1,0,68,0,0.0,1,68,0,none,0,none,0,0,0,no_alert_unknown,no_alert_not_final_benign,-1,dns,app_proto+port
2025-07-19T23:03:12.742245+0700,103.195.142.195,87.98.154.4,53,60246,UDP,flow,failed,1386845464948327,,1,2,0,2874,0,3.0,2,2874,0,none,0,none,0,0,0,no_alert_unknown,no_alert_not_final_benign,-1,dns,port
2025-07-19T23:03:12.742269+0700,103.195.142.195,87.98.154.172,53,12556,UDP,flow,failed,87513815838319,,1,1,0,1437,0,0.0,1,1437,0,none,0,none,0,0,0,no_alert_unknown,no_alert_not_final_benign,-1,dns,port
2025-07-19T23:03:12.742358+0700,103.195.142.74,118.98.44.50,20398,53,UDP,flow,dns,1897918662372993,,1,1,0,84,0,0.0,1,84,0,none,0,none,0,0,0,no_alert_unknown,no_alert_not_final_benign,-1,dns,app_proto+port
2025-07-19T23:03:12.742382+0700,103.195.142.109,87.98.154.41,53,57657,UDP,flow,failed,1337850445885097,,1,3,0,4311,0,10.0,3,4311,0,none,0,none,0,0,0,no_alert_unknown,no_alert_not_final_benign,-1,dns,port
2025-07-19T23:03:12.742406+0700,103.195.142.74,118.98.44.50,9187,53,UDP,flow,dns,1905173485121241,,1,1,0,68,0,0.0,1,68,0,none,0,none,0,0,0,no_alert_unknown,no_alert_not_final_benign,-1,dns,app_proto+port
2025-07-19T23:03:12.742431+0700,103.195.142.74,202.134.0.155,42143,53,UDP,flow,dns,1534072106643183,,1,1,0,214,0,0.0,1,214,0,none,0,none,0,0,0,no_alert_unknown,no_alert_not_final_benign,-1,dns,app_proto+port
2025-07-19T23:03:12.742452+0700,103.195.142.196,87.98.154.49,53,37784,UDP,flow,failed,1577714794163975,,1,1,0,1437,0,0.0,1,1437,0,none,0,none,0,0,0,no_alert_unknown,no_alert_not_final_benign,-1,dns,port
2025-07-19T23:03:12.742547+0700,103.195.142.2,203.119.13.184,53,48626,UDP,flow,failed,256712366616389,,1,1,0,154,0,0.0,1,154,0,none,0,none,0,0,0,no_alert_unknown,no_alert_not_final_benign,-1,dns,port
2025-07-19T23:03:12.742567+0700,103.195.142.165,87.98.154.119,53,20549,UDP,flow,failed,2127419487022917,,1,1,0,1437,0,0.0,1,1437,0,none,0,none,0,0,0,no_alert_unknown,no_alert_not_final_benign,-1,dns,port
2025-07-19T23:03:12.742637+0700,103.195.142.46,87.98.154.35,53,3240,UDP,flow,failed,2074165617094509,,1,1,0,1437,0,0.0,1,1437,0,none,0,none,0,0,0,no_alert_unknown,no_alert_not_final_benign,-1,dns,port
2025-07-19T23:03:12.742680+0700,103.195.142.46,101.132.150.56,53,60654,UDP,flow,failed,1845433035714417,,1,4,0,2317,0,0.0,4,2317,0,none,0,none,0,0,0,no_alert_unknown,no_alert_not_final_benign,-1,dns,port
2025-07-19T23:03:12.742705+0700,103.195.142.83,87.98.154.62,53,37556,UDP,flow,failed,1955266257285019,,1,1,0,1190,0,0.0,1,1190,0,none,0,none,0,0,0,no_alert_unknown,no_alert_not_final_benign,-1,dns,port
2025-07-19T23:03:12.742778+0700,103.195.142.74,118.98.44.20,3801,53,UDP,flow,dns,1818380220428232,,1,1,0,70,0,0.0,1,70,0,none,0,none,0,0,0,no_alert_unknown,no_alert_not_final_benign,-1,dns,app_proto+port
2025-07-19T23:03:12.742829+0700,103.195.142.109,87.98.154.41,53,16804,UDP,flow,failed,1676258798858230,,1,1,0,1437,0,0.0,1,1437,0,none,0,none,0,0,0,no_alert_unknown,no_alert_not_final_benign,-1,dns,port
2025-07-19T23:03:12.742861+0700,103.195.142.83,87.98.154.119,53,53034,UDP,flow,failed,1955748604014609,,1,1,0,1190,0,0.0,1,1190,0,none,0,none,0,0,0,no_alert_unknown,no_alert_not_final_benign,-1,dns,port
2025-07-19T23:03:12.742937+0700,103.195.142.76,87.98.154.42,53,35717,UDP,flow,failed,1592699989389409,,1,1,0,1469,0,0.0,1,1469,0,none,0,none,0,0,0,no_alert_unknown,no_alert_not_final_benign,-1,dns,port
2025-07-19T23:03:12.742977+0700,103.195.142.74,202.134.0.155,19468,53,UDP,flow,dns,1884257160523878,,1,1,0,111,0,0.0,1,111,0,none,0,none,0,0,0,no_alert_unknown,no_alert_not_final_benign,-1,dns,app_proto+port
2025-07-19T23:03:12.742998+0700,103.195.142.46,87.98.154.119,53,15575,UDP,flow,failed,19038456246421,,1,1,0,1437,0,0.0,1,1437,0,none,0,none,0,0,0,no_alert_unknown,no_alert_not_final_benign,-1,dns,port
2025-07-19T23:03:12.743029+0700,103.195.142.83,87.98.154.98,53,60640,UDP,flow,failed,72052894593193,,1,1,0,1190,0,0.0,1,1190,0,none,0,none,0,0,0,no_alert_unknown,no_alert_not_final_benign,-1,dns,port
2025-07-19T23:03:12.743137+0700,103.195.142.74,118.98.44.100,7786,53,UDP,flow,dns,1742874540175623,,1,1,0,88,0,0.0,1,88,0,none,0,none,0,0,0,no_alert_unknown,no_alert_not_final_benign,-1,dns,app_proto+port
2025-07-19T23:03:12.743198+0700,103.195.142.74,118.98.44.50,62958,53,UDP,flow,dns,1750842315632963,,1,1,0,211,0,0.0,1,211,0,none,0,none,0,0,0,no_alert_unknown,no_alert_not_final_benign,-1,dns,app_proto+port
2025-07-19T23:03:12.743286+0700,103.195.142.74,118.98.44.100,48303,53,UDP,flow,dns,1448088478347673,,1,1,0,232,0,0.0,1,232,0,none,0,none,0,0,0,no_alert_unknown,no_alert_not_final_benign,-1,dns,app_proto+port
2025-07-19T23:03:12.743306+0700,103.195.142.74,202.134.0.155,51101,53,UDP,flow,dns,1862667828523544,,1,1,0,81,0,0.0,1,81,0,none,0,none,0,0,0,no_alert_unknown,no_alert_not_final_benign,-1,dns,app_proto+port
2025-07-19T23:03:12.743330+0700,103.195.142.165,87.98.154.119,53,4479,UDP,flow,failed,1612601732690485,,1,1,0,1437,0,0.0,1,1437,0,none,0,none,0,0,0,no_alert_unknown,no_alert_not_final_benign,-1,dns,port
2025-07-19T23:03:12.743377+0700,103.195.142.83,87.98.154.70,53,24588,UDP,flow,failed,1370019917853465,,1,3,0,3570,0,10.0,3,3570,0,none,0,none,0,0,0,no_alert_unknown,no_alert_not_final_benign,-1,dns,port
2025-07-19T23:03:12.743437+0700,103.195.142.74,202.134.0.155,37859,53,UDP,flow,dns,1528491342689087,,1,1,0,88,0,0.0,1,88,0,none,0,none,0,0,0,no_alert_unknown,no_alert_not_final_benign,-1,dns,app_proto+port
2025-07-19T23:03:12.743456+0700,103.195.142.195,87.98.154.56,53,41723,UDP,flow,failed,1094949376357217,,1,3,0,4311,0,10.0,3,4311,0,none,0,none,0,0,0,no_alert_unknown,no_alert_not_final_benign,-1,dns,port
2025-07-19T23:03:12.743484+0700,103.195.142.83,87.98.154.119,53,39523,UDP,flow,failed,2137485756199857,,1,1,0,1190,0,0.0,1,1190,0,none,0,none,0,0,0,no_alert_unknown,no_alert_not_final_benign,-1,dns,port
2025-07-19T23:03:12.743572+0700,103.195.142.76,87.98.154.119,53,5960,UDP,flow,failed,1821006357329050,,1,1,0,1469,0,0.0,1,1469,0,none,0,none,0,0,0,no_alert_unknown,no_alert_not_final_benign,-1,dns,port
2025-07-19T23:03:12.743641+0700,103.195.142.76,87.98.154.119,53,61569,UDP,flow,failed,1739219443709404,,1,1,0,1469,0,0.0,1,1469,0,none,0,none,0,0,0,no_alert_unknown,no_alert_not_final_benign,-1,dns,port
2025-07-19T23:03:12.743660+0700,103.195.142.2,115.112.18.246,53,61676,UDP,flow,failed,1655198513559199,,1,1,0,160,0,0.0,1,160,0,none,0,none,0,0,0,no_alert_unknown,no_alert_not_final_benign,-1,dns,port
2025-07-19T23:03:12.743679+0700,103.195.142.75,8.8.8.8,25838,53,UDP,flow,dns,1458363499673320,,1,1,0,80,0,0.0,1,80,0,none,0,none,0,0,0,no_alert_unknown,no_alert_not_final_benign,-1,dns,app_proto+port
2025-07-19T23:03:12.743747+0700,103.195.142.83,87.98.154.142,53,20993,UDP,flow,failed,1499101106927357,,1,1,0,1190,0,0.0,1,1190,0,none,0,none,0,0,0,no_alert_unknown,no_alert_not_final_benign,-1,dns,port
2025-07-19T23:03:12.743765+0700,103.195.142.109,87.98.154.57,53,29260,UDP,flow,failed,1945211528345351,,1,1,0,1437,0,0.0,1,1437,0,none,0,none,0,0,0,no_alert_unknown,no_alert_not_final_benign,-1,dns,port
2025-07-19T23:03:12.743784+0700,103.195.142.76,87.98.154.158,53,15707,UDP,flow,failed,258467965761322,,1,1,0,1469,0,0.0,1,1469,0,none,0,none,0,0,0,no_alert_unknown,no_alert_not_final_benign,-1,dns,port
2025-07-19T23:03:12.743803+0700,103.195.142.76,87.98.154.118,53,12167,UDP,flow,failed,1875134163318609,,1,1,0,1469,0,0.0,1,1469,0,none,0,none,0,0,0,no_alert_unknown,no_alert_not_final_benign,-1,dns,port
2025-07-19T23:03:12.743908+0700,103.195.142.74,118.98.44.100,26504,53,UDP,flow,dns,1839443894532010,,1,1,0,68,0,0.0,1,68,0,none,0,none,0,0,0,no_alert_unknown,no_alert_not_final_benign,-1,dns,app_proto+port
2025-07-19T23:03:12.743929+0700,103.195.142.74,202.134.0.155,25144,53,UDP,flow,dns,277343271647177,,1,1,0,232,0,0.0,1,232,0,none,0,none,0,0,0,no_alert_unknown,no_alert_not_final_benign,-1,dns,app_proto+port
2025-07-19T23:03:12.744021+0700,103.195.142.83,87.98.154.119,53,51202,UDP,flow,failed,2080160749123601,,1,1,0,1190,0,0.0,1,1190,0,none,0,none,0,0,0,no_alert_unknown,no_alert_not_final_benign,-1,dns,port
2025-07-19T23:03:12.744040+0700,103.195.142.74,118.98.44.100,25642,53,UDP,flow,dns,1841344156334241,,1,1,0,232,0,0.0,1,232,0,none,0,none,0,0,0,no_alert_unknown,no_alert_not_final_benign,-1,dns,app_proto+port
2025-07-19T23:03:12.744063+0700,103.195.142.165,87.98.154.141,53,62194,UDP,flow,failed,1870777698154831,,1,1,0,1437,0,0.0,1,1437,0,none,0,none,0,0,0,no_alert_unknown,no_alert_not_final_benign,-1,dns,port
2025-07-19T23:03:12.744108+0700,103.195.142.83,87.98.154.14,53,50182,UDP,flow,failed,1969256860350833,,1,3,0,3570,0,9.0,3,3570,0,none,0,none,0,0,0,no_alert_unknown,no_alert_not_final_benign,-1,dns,port
2025-07-19T23:03:12.744250+0700,103.195.142.195,87.98.154.119,53,50080,UDP,flow,failed,225890885827091,,1,1,0,1437,0,0.0,1,1437,0,none,0,none,0,0,0,no_alert_unknown,no_alert_not_final_benign,-1,dns,port
2025-07-19T23:03:12.744434+0700,103.195.142.75,8.8.8.8,43715,53,UDP,flow,dns,2197739883854541,,1,1,0,68,0,0.0,1,68,0,none,0,none,0,0,0,no_alert_unknown,no_alert_not_final_benign,-1,dns,app_proto+port
2025-07-19T23:03:12.744544+0700,103.195.142.74,118.98.44.100,57844,53,UDP,flow,dns,1415943521303347,,1,1,0,196,0,0.0,1,196,0,none,0,none,0,0,0,no_alert_unknown,no_alert_not_final_benign,-1,dns,app_proto+port
2025-07-19T23:03:12.744607+0700,103.195.142.46,87.98.154.119,53,53718,UDP,flow,failed,2182700448676710,,1,1,0,1437,0,0.0,1,1437,0,none,0,none,0,0,0,no_alert_unknown,no_alert_not_final_benign,-1,dns,port
2025-07-19T23:03:12.744658+0700,103.195.142.83,87.98.154.70,53,32183,UDP,flow,failed,256378057915244,,1,1,0,1190,0,0.0,1,1190,0,none,0,none,0,0,0,no_alert_unknown,no_alert_not_final_benign,-1,dns,port
2025-07-19T23:03:12.744811+0700,103.195.142.74,118.98.44.50,57679,53,UDP,flow,dns,1775143644494942,,1,1,0,68,0,0.0,1,68,0,none,0,none,0,0,0,no_alert_unknown,no_alert_not_final_benign,-1,dns,app_proto+port
2025-07-19T23:03:12.744833+0700,103.195.142.165,87.98.154.117,53,34195,UDP,flow,failed,220972191382627,,1,1,0,1437,0,0.0,1,1437,0,none,0,none,0,0,0,no_alert_unknown,no_alert_not_final_benign,-1,dns,port
2025-07-19T23:03:12.744913+0700,103.195.142.46,87.98.154.183,53,24052,UDP,flow,failed,2084428497812613,,1,1,0,1437,0,0.0,1,1437,0,none,0,none,0,0,0,no_alert_unknown,no_alert_not_final_benign,-1,dns,port
2025-07-19T23:03:12.745219+0700,103.195.142.74,202.134.0.155,41668,53,UDP,flow,dns,34667886214526,,1,1,0,74,0,0.0,1,74,0,none,0,none,0,0,0,no_alert_unknown,no_alert_not_final_benign,-1,dns,app_proto+port
2025-07-19T23:03:12.745262+0700,103.195.142.83,87.98.154.117,53,12375,UDP,flow,failed,2184910271282609,,1,1,0,1190,0,0.0,1,1190,0,none,0,none,0,0,0,no_alert_unknown,no_alert_not_final_benign,-1,dns,port
2025-07-19T23:03:12.745317+0700,103.195.142.196,87.98.154.165,53,63894,UDP,flow,failed,1503555548609980,,1,1,0,1437,0,0.0,1,1437,0,none,0,none,0,0,0,no_alert_unknown,no_alert_not_final_benign,-1,dns,port
2025-07-19T23:03:12.745351+0700,103.195.142.74,202.134.0.155,60917,53,UDP,flow,dns,1511779536731601,,1,1,0,78,0,0.0,1,78,0,none,0,none,0,0,0,no_alert_unknown,no_alert_not_final_benign,-1,dns,app_proto+port
2025-07-19T23:03:12.745388+0700,103.195.142.74,118.98.44.50,6511,53,UDP,flow,dns,1756956324003286,,1,2,0,204,0,7.0,2,204,0,none,0,none,0,0,0,no_alert_unknown,no_alert_not_final_benign,-1,dns,app_proto+port
2025-07-19T23:03:12.745456+0700,103.195.142.3,203.119.13.185,53,51122,UDP,flow,failed,1619304199224934,,1,1,0,141,0,0.0,1,141,0,none,0,none,0,0,0,no_alert_unknown,no_alert_not_final_benign,-1,dns,port
2025-07-19T23:03:12.745601+0700,103.195.142.74,118.98.44.20,5917,53,UDP,flow,dns,2064843428331357,,1,1,0,78,0,0.0,1,78,0,none,0,none,0,0,0,no_alert_unknown,no_alert_not_final_benign,-1,dns,app_proto+port
2025-07-19T23:03:12.745676+0700,103.195.142.109,87.98.154.181,53,31585,UDP,flow,failed,1769827881582440,,1,1,0,1437,0,0.0,1,1437,0,none,0,none,0,0,0,no_alert_unknown,no_alert_not_final_benign,-1,dns,port
2025-07-19T23:03:12.745757+0700,103.195.142.46,87.98.154.115,53,44128,UDP,flow,failed,1969502254595959,,1,1,0,1437,0,0.0,1,1437,0,none,0,none,0,0,0,no_alert_unknown,no_alert_not_final_benign,-1,dns,port
2025-07-19T23:03:12.745878+0700,103.195.142.46,87.98.154.19,53,49181,UDP,flow,failed,1688625976442824,,1,2,0,2874,0,3.0,2,2874,0,none,0,none,0,0,0,no_alert_unknown,no_alert_not_final_benign,-1,dns,port
2025-07-19T23:03:12.746046+0700,103.195.142.74,118.98.44.20,60500,53,UDP,flow,dns,1898503346323441,,1,1,0,214,0,0.0,1,214,0,none,0,none,0,0,0,no_alert_unknown,no_alert_not_final_benign,-1,dns,app_proto+port
2025-07-19T23:03:12.746091+0700,103.195.142.165,87.98.154.113,53,45455,UDP,flow,failed,32359058178080,,1,1,0,1437,0,0.0,1,1437,0,none,0,none,0,0,0,no_alert_unknown,no_alert_not_final_benign,-1,dns,port
2025-07-19T23:03:12.746213+0700,103.195.142.75,8.8.8.8,56521,53,UDP,flow,dns,267961304875046,,1,1,0,214,0,0.0,1,214,0,none,0,none,0,0,0,no_alert_unknown,no_alert_not_final_benign,-1,dns,app_proto+port
2025-07-19T23:03:12.746269+0700,103.195.142.3,172.217.43.151,53,34898,UDP,flow,failed,1893663212241014,,1,1,0,152,0,0.0,1,152,0,none,0,none,0,0,0,no_alert_unknown,no_alert_not_final_benign,-1,dns,port
2025-07-19T23:03:12.746361+0700,103.195.142.165,87.98.154.201,53,61860,UDP,flow,failed,2057674695049420,,1,1,0,1437,0,0.0,1,1437,0,none,0,none,0,0,0,no_alert_unknown,no_alert_not_final_benign,-1,dns,port
2025-07-19T23:03:12.746505+0700,103.195.142.165,87.98.154.113,53,41920,UDP,flow,failed,1923078568673580,,1,1,0,1437,0,0.0,1,1437,0,none,0,none,0,0,0,no_alert_unknown,no_alert_not_final_benign,-1,dns,port
2025-07-19T23:03:12.746571+0700,103.195.142.74,118.98.44.50,65357,53,UDP,flow,dns,1672349915414863,,1,1,0,232,0,0.0,1,232,0,none,0,none,0,0,0,no_alert_unknown,no_alert_not_final_benign,-1,dns,app_proto+port
2025-07-19T23:03:12.746748+0700,103.195.142.74,202.134.0.155,37478,53,UDP,flow,dns,1730336663536020,,1,1,0,75,0,0.0,1,75,0,none,0,none,0,0,0,no_alert_unknown,no_alert_not_final_benign,-1,dns,app_proto+port
2025-07-19T23:03:12.746834+0700,103.195.142.195,87.98.154.112,53,3676,UDP,flow,failed,1831539927024051,,1,1,0,1437,0,0.0,1,1437,0,none,0,none,0,0,0,no_alert_unknown,no_alert_not_final_benign,-1,dns,port
2025-07-19T23:03:12.746930+0700,103.195.142.165,87.98.154.119,53,18190,UDP,flow,failed,2024448640483906,,1,1,0,1437,0,0.0,1,1437,0,none,0,none,0,0,0,no_alert_unknown,no_alert_not_final_benign,-1,dns,port
2025-07-19T23:03:12.746982+0700,103.195.142.109,87.98.154.241,53,53299,UDP,flow,failed,1772800539099766,,1,3,0,4311,0,9.0,3,4311,0,none,0,none,0,0,0,no_alert_unknown,no_alert_not_final_benign,-1,dns,port
2025-07-19T23:03:12.747120+0700,103.195.142.74,118.98.44.20,18607,53,UDP,flow,dns,1443899691762545,,1,1,0,92,0,0.0,1,92,0,none,0,none,0,0,0,no_alert_unknown,no_alert_not_final_benign,-1,dns,app_proto+port
2025-07-19T23:03:12.747147+0700,103.195.142.109,87.98.154.29,53,3902,UDP,flow,failed,2184516320232337,,1,1,0,1437,0,0.0,1,1437,0,none,0,none,0,0,0,no_alert_unknown,no_alert_not_final_benign,-1,dns,port
2025-07-19T23:03:12.747236+0700,103.195.142.74,202.134.0.155,12488,53,UDP,flow,dns,2026705750459306,,1,1,0,86,0,0.0,1,86,0,none,0,none,0,0,0,no_alert_unknown,no_alert_not_final_benign,-1,dns,app_proto+port
2025-07-19T23:03:12.747301+0700,103.195.142.195,87.98.154.168,53,38174,UDP,flow,failed,1771080104477809,,1,1,0,1437,0,0.0,1,1437,0,none,0,none,0,0,0,no_alert_unknown,no_alert_not_final_benign,-1,dns,port
2025-07-19T23:03:12.747349+0700,103.195.142.74,202.134.0.155,38877,53,UDP,flow,dns,1579335997654135,,1,1,0,223,0,0.0,1,223,0,none,0,none,0,0,0,no_alert_unknown,no_alert_not_final_benign,-1,dns,app_proto+port
2025-07-19T23:03:12.747376+0700,103.195.142.195,87.98.154.244,53,60789,UDP,flow,failed,256669108208789,,1,1,0,1437,0,0.0,1,1437,0,none,0,none,0,0,0,no_alert_unknown,no_alert_not_final_benign,-1,dns,port
2025-07-19T23:03:12.747441+0700,103.195.142.83,87.98.154.90,53,20125,UDP,flow,failed,1648986511180979,,1,1,0,1190,0,0.0,1,1190,0,none,0,none,0,0,0,no_alert_unknown,no_alert_not_final_benign,-1,dns,port
2025-07-19T23:03:12.747534+0700,103.195.142.195,87.98.154.119,53,50312,UDP,flow,failed,1807931135034732,,1,1,0,1437,0,0.0,1,1437,0,none,0,none,0,0,0,no_alert_unknown,no_alert_not_final_benign,-1,dns,port
2025-07-19T23:03:12.747555+0700,103.195.142.31,8.8.8.8,31305,53,UDP,flow,dns,1602355149473177,,1,1,0,85,0,0.0,1,85,0,none,0,none,0,0,0,no_alert_unknown,no_alert_not_final_benign,-1,dns,app_proto+port
2025-07-19T23:03:12.747608+0700,103.195.142.74,118.98.44.20,32985,53,UDP,flow,dns,155303027082657,,1,1,0,78,0,0.0,1,78,0,none,0,none,0,0,0,no_alert_unknown,no_alert_not_final_benign,-1,dns,app_proto+port
2025-07-19T23:03:12.747655+0700,103.195.142.196,87.98.154.119,53,51320,UDP,flow,failed,1590560405915303,,1,1,0,1437,0,0.0,1,1437,0,none,0,none,0,0,0,no_alert_unknown,no_alert_not_final_benign,-1,dns,port
2025-07-19T23:03:12.747675+0700,103.195.142.74,118.98.44.100,3560,53,UDP,flow,dns,1812633081874094,,1,1,0,211,0,0.0,1,211,0,none,0,none,0,0,0,no_alert_unknown,no_alert_not_final_benign,-1,dns,app_proto+port
2025-07-19T23:03:12.747697+0700,103.195.142.74,118.98.44.100,40048,53,UDP,flow,dns,40741027841811,,1,1,0,211,0,0.0,1,211,0,none,0,none,0,0,0,no_alert_unknown,no_alert_not_final_benign,-1,dns,app_proto+port
2025-07-19T23:03:12.747732+0700,103.195.142.74,118.98.44.20,25453,53,UDP,flow,dns,1808007653754711,,1,1,0,70,0,0.0,1,70,0,none,0,none,0,0,0,no_alert_unknown,no_alert_not_final_benign,-1,dns,app_proto+port
2025-07-19T23:03:12.747777+0700,103.195.142.46,87.98.154.239,53,57211,UDP,flow,failed,1826931680020371,,1,1,0,1437,0,0.0,1,1437,0,none,0,none,0,0,0,no_alert_unknown,no_alert_not_final_benign,-1,dns,port
2025-07-19T23:03:12.747799+0700,103.195.142.74,118.98.44.20,3900,53,UDP,flow,dns,1460489564587941,,1,1,0,94,0,0.0,1,94,0,none,0,none,0,0,0,no_alert_unknown,no_alert_not_final_benign,-1,dns,app_proto+port
2025-07-19T23:03:12.747872+0700,103.195.142.74,118.98.44.50,41804,53,UDP,flow,dns,1467685133813897,,1,1,0,79,0,0.0,1,79,0,none,0,none,0,0,0,no_alert_unknown,no_alert_not_final_benign,-1,dns,app_proto+port
2025-07-19T23:03:12.747918+0700,103.195.142.74,118.98.44.20,59381,53,UDP,flow,dns,1579605305133259,,1,1,0,88,0,0.0,1,88,0,none,0,none,0,0,0,no_alert_unknown,no_alert_not_final_benign,-1,dns,app_proto+port
2025-07-19T23:03:12.747939+0700,103.195.142.165,87.98.154.119,53,38493,UDP,flow,failed,65789945841950,,1,1,0,1437,0,0.0,1,1437,0,none,0,none,0,0,0,no_alert_unknown,no_alert_not_final_benign,-1,dns,port
2025-07-19T23:03:12.747989+0700,103.195.142.74,118.98.44.100,59419,53,UDP,flow,dns,2147676195064206,,1,1,0,81,0,0.0,1,81,0,none,0,none,0,0,0,no_alert_unknown,no_alert_not_final_benign,-1,dns,app_proto+port
2025-07-19T23:03:12.748018+0700,103.195.142.109,87.98.154.185,53,22388,UDP,flow,failed,57331243026873,,1,1,0,1437,0,0.0,1,1437,0,none,0,none,0,0,0,no_alert_unknown,no_alert_not_final_benign,-1,dns,port
2025-07-19T23:03:12.748063+0700,103.195.142.3,108.136.122.27,53,59319,UDP,flow,failed,2108851437505016,,1,1,0,174,0,0.0,1,174,0,none,0,none,0,0,0,no_alert_unknown,no_alert_not_final_benign,-1,dns,port
2025-07-19T23:03:12.748151+0700,103.195.142.74,118.98.44.20,45103,53,UDP,flow,dns,1499882611346040,,1,1,0,88,0,0.0,1,88,0,none,0,none,0,0,0,no_alert_unknown,no_alert_not_final_benign,-1,dns,app_proto+port
2025-07-19T23:03:12.748206+0700,103.195.142.46,87.98.154.119,53,45124,UDP,flow,failed,24257398180535,,1,1,0,1437,0,0.0,1,1437,0,none,0,none,0,0,0,no_alert_unknown,no_alert_not_final_benign,-1,dns,port
2025-07-19T23:03:12.748228+0700,103.195.142.109,87.98.154.69,53,35075,UDP,flow,failed,158590022781641,,1,1,0,1437,0,0.0,1,1437,0,none,0,none,0,0,0,no_alert_unknown,no_alert_not_final_benign,-1,dns,port
2025-07-19T23:03:12.748271+0700,103.195.142.83,87.98.154.126,53,12156,UDP,flow,failed,2043231411833592,,1,1,0,1190,0,0.0,1,1190,0,none,0,none,0,0,0,no_alert_unknown,no_alert_not_final_benign,-1,dns,port
2025-07-19T23:03:12.748290+0700,103.195.142.74,118.98.44.20,61616,53,UDP,flow,dns,1994401105316654,,1,1,0,211,0,0.0,1,211,0,none,0,none,0,0,0,no_alert_unknown,no_alert_not_final_benign,-1,dns,app_proto+port
2025-07-19T23:03:12.748334+0700,103.195.142.76,87.98.154.46,53,11515,UDP,flow,failed,2200859650952074,,1,1,0,1469,0,0.0,1,1469,0,none,0,none,0,0,0,no_alert_unknown,no_alert_not_final_benign,-1,dns,port
2025-07-19T23:03:12.748364+0700,103.195.142.31,8.8.8.8,40027,53,UDP,flow,dns,129114257755024,,1,1,0,91,0,0.0,1,91,0,none,0,none,0,0,0,no_alert_unknown,no_alert_not_final_benign,-1,dns,app_proto+port
2025-07-19T23:03:12.748386+0700,103.195.142.74,118.98.44.50,2782,53,UDP,flow,dns,1863340954618853,,1,1,0,74,0,0.0,1,74,0,none,0,none,0,0,0,no_alert_unknown,no_alert_not_final_benign,-1,dns,app_proto+port
2025-07-19T23:03:12.748409+0700,103.195.142.74,118.98.44.100,17490,53,UDP,flow,dns,1800960041618415,,1,1,0,214,0,0.0,1,214,0,none,0,none,0,0,0,no_alert_unknown,no_alert_not_final_benign,-1,dns,app_proto+port
2025-07-19T23:03:12.748475+0700,103.195.142.74,118.98.44.50,8165,53,UDP,flow,dns,1699603704056866,,1,1,0,68,0,0.0,1,68,0,none,0,none,0,0,0,no_alert_unknown,no_alert_not_final_benign,-1,dns,app_proto+port
2025-07-19T23:03:12.748496+0700,103.195.142.83,87.98.154.154,53,16372,UDP,flow,failed,1966626869414990,,1,1,0,1190,0,0.0,1,1190,0,none,0,none,0,0,0,no_alert_unknown,no_alert_not_final_benign,-1,dns,port
2025-07-19T23:03:12.748580+0700,103.195.142.3,172.70.116.71,53,50316,UDP,flow,failed,268316936965320,,1,1,0,193,0,0.0,1,193,0,none,0,none,0,0,0,no_alert_unknown,no_alert_not_final_benign,-1,dns,port
2025-07-19T23:03:12.748615+0700,103.195.142.75,8.8.8.8,35576,53,UDP,flow,dns,2083921569647908,,1,1,0,92,0,0.0,1,92,0,none,0,none,0,0,0,no_alert_unknown,no_alert_not_final_benign,-1,dns,app_proto+port
2025-07-19T23:03:12.748649+0700,103.195.142.31,8.8.8.8,5626,53,UDP,flow,dns,1940151377726767,,1,1,0,82,0,0.0,1,82,0,none,0,none,0,0,0,no_alert_unknown,no_alert_not_final_benign,-1,dns,app_proto+port
2025-07-19T23:03:12.748714+0700,103.195.142.109,87.98.154.119,53,41330,UDP,flow,failed,2242986641329630,,1,1,0,1437,0,0.0,1,1437,0,none,0,none,0,0,0,no_alert_unknown,no_alert_not_final_benign,-1,dns,port
2025-07-19T23:03:12.748736+0700,103.195.142.76,87.98.154.117,53,17536,UDP,flow,failed,1902787672608294,,1,1,0,1469,0,0.0,1,1469,0,none,0,none,0,0,0,no_alert_unknown,no_alert_not_final_benign,-1,dns,port
2025-07-19T23:03:12.748777+0700,103.195.142.196,87.98.154.119,53,31971,UDP,flow,failed,1520943345897187,,1,1,0,1437,0,0.0,1,1437,0,none,0,none,0,0,0,no_alert_unknown,no_alert_not_final_benign,-1,dns,port
2025-07-19T23:03:12.748867+0700,103.195.142.74,118.98.44.20,42710,53,UDP,flow,dns,1594846913761152,,1,1,0,92,0,0.0,1,92,0,none,0,none,0,0,0,no_alert_unknown,no_alert_not_final_benign,-1,dns,app_proto+port
2025-07-19T23:03:12.748924+0700,103.195.142.74,118.98.44.20,35992,53,UDP,flow,dns,1430503102812046,,1,1,0,102,0,0.0,1,102,0,none,0,none,0,0,0,no_alert_unknown,no_alert_not_final_benign,-1,dns,app_proto+port
2025-07-19T23:03:12.748957+0700,103.195.142.76,87.98.154.119,53,11862,UDP,flow,failed,131547885211543,,1,1,0,1469,0,0.0,1,1469,0,none,0,none,0,0,0,no_alert_unknown,no_alert_not_final_benign,-1,dns,port
2025-07-19T23:03:12.748994+0700,103.195.142.46,87.98.154.71,53,29463,UDP,flow,failed,133291480059871,,1,1,0,1437,0,0.0,1,1437,0,none,0,none,0,0,0,no_alert_unknown,no_alert_not_final_benign,-1,dns,port
2025-07-19T23:03:12.749105+0700,103.195.142.74,202.134.0.155,19105,53,UDP,flow,dns,1910059361243306,,1,1,0,68,0,0.0,1,68,0,none,0,none,0,0,0,no_alert_unknown,no_alert_not_final_benign,-1,dns,app_proto+port
2025-07-19T23:03:12.749150+0700,103.195.142.195,87.98.154.20,53,51800,UDP,flow,failed,1819885520818400,,1,1,0,1437,0,0.0,1,1437,0,none,0,none,0,0,0,no_alert_unknown,no_alert_not_final_benign,-1,dns,port
2025-07-19T23:03:12.749176+0700,103.195.142.74,118.98.44.50,49854,53,UDP,flow,dns,2142858644099374,,1,1,0,68,0,0.0,1,68,0,none,0,none,0,0,0,no_alert_unknown,no_alert_not_final_benign,-1,dns,app_proto+port
2025-07-19T23:03:12.749198+0700,103.195.142.74,118.98.44.20,47454,53,UDP,flow,dns,2200731493536186,,1,1,0,243,0,0.0,1,243,0,none,0,none,0,0,0,no_alert_unknown,no_alert_not_final_benign,-1,dns,app_proto+port
2025-07-19T23:03:12.749236+0700,103.195.142.74,202.134.0.155,14406,53,UDP,flow,dns,274881404080587,,1,1,0,77,0,0.0,1,77,0,none,0,none,0,0,0,no_alert_unknown,no_alert_not_final_benign,-1,dns,app_proto+port
2025-07-19T23:03:12.749281+0700,103.195.142.46,87.98.154.99,53,14820,UDP,flow,failed,2136578251625016,,1,1,0,1437,0,0.0,1,1437,0,none,0,none,0,0,0,no_alert_unknown,no_alert_not_final_benign,-1,dns,port
2025-07-19T23:03:12.749356+0700,103.195.142.3,103.105.76.77,53,50666,UDP,flow,failed,1885482572649082,,1,1,0,181,0,0.0,1,181,0,none,0,none,0,0,0,no_alert_unknown,no_alert_not_final_benign,-1,dns,port
2025-07-19T23:03:12.749377+0700,103.195.142.195,87.98.154.228,53,30036,UDP,flow,failed,1824208080671359,,1,3,0,4311,0,9.0,3,4311,0,none,0,none,0,0,0,no_alert_unknown,no_alert_not_final_benign,-1,dns,port
2025-07-19T23:03:12.749424+0700,103.195.142.74,118.98.44.100,33555,53,UDP,flow,dns,2017374429844274,,1,1,0,211,0,0.0,1,211,0,none,0,none,0,0,0,no_alert_unknown,no_alert_not_final_benign,-1,dns,app_proto+port
2025-07-19T23:03:12.749446+0700,103.195.142.74,202.134.0.155,54912,53,UDP,flow,dns,1863839487693705,,1,1,0,81,0,0.0,1,81,0,none,0,none,0,0,0,no_alert_unknown,no_alert_not_final_benign,-1,dns,app_proto+port
2025-07-19T23:03:12.749466+0700,103.195.142.196,87.98.154.119,53,9607,UDP,flow,failed,2163167202710445,,1,1,0,1437,0,0.0,1,1437,0,none,0,none,0,0,0,no_alert_unknown,no_alert_not_final_benign,-1,dns,port
2025-07-19T23:03:12.749490+0700,103.195.142.74,118.98.44.50,3359,53,UDP,flow,dns,1731133620360156,,1,1,0,223,0,0.0,1,223,0,none,0,none,0,0,0,no_alert_unknown,no_alert_not_final_benign,-1,dns,app_proto+port
2025-07-19T23:03:12.749541+0700,103.195.142.74,118.98.44.50,64775,53,UDP,flow,dns,2188749002839063,,1,1,0,74,0,0.0,1,74,0,none,0,none,0,0,0,no_alert_unknown,no_alert_not_final_benign,-1,dns,app_proto+port
2025-07-19T23:03:12.749630+0700,103.195.142.46,87.98.154.119,53,18854,UDP,flow,failed,2163019004712304,,1,1,0,1437,0,0.0,1,1437,0,none,0,none,0,0,0,no_alert_unknown,no_alert_not_final_benign,-1,dns,port
2025-07-19T23:03:12.749661+0700,103.195.142.109,87.98.154.125,53,25281,UDP,flow,failed,1723033519068663,,1,1,0,1437,0,0.0,1,1437,0,none,0,none,0,0,0,no_alert_unknown,no_alert_not_final_benign,-1,dns,port
2025-07-19T23:03:12.749701+0700,103.195.142.74,202.134.0.155,55593,53,UDP,flow,dns,2147257456924160,,1,1,0,81,0,0.0,1,81,0,none,0,none,0,0,0,no_alert_unknown,no_alert_not_final_benign,-1,dns,app_proto+port
2025-07-19T23:03:12.749794+0700,103.195.142.74,118.98.44.50,31187,53,UDP,flow,dns,1743101690844944,,1,1,0,214,0,0.0,1,214,0,none,0,none,0,0,0,no_alert_unknown,no_alert_not_final_benign,-1,dns,app_proto+port
2025-07-19T23:03:12.749839+0700,103.195.142.3,172.70.116.71,53,28852,UDP,flow,failed,316371680696210,,1,1,0,183,0,0.0,1,183,0,none,0,none,0,0,0,no_alert_unknown,no_alert_not_final_benign,-1,dns,port
2025-07-19T23:03:12.749847+0700,103.195.142.74,118.98.44.100,8576,53,UDP,flow,dns,1906093568759717,,1,1,0,85,0,0.0,1,85,0,none,0,none,0,0,0,no_alert_unknown,no_alert_not_final_benign,-1,dns,app_proto+port
2025-07-19T23:03:12.749866+0700,103.195.142.109,87.98.154.1,53,46210,UDP,flow,failed,126573195171839,,1,1,0,1437,0,0.0,1,1437,0,none,0,none,0,0,0,no_alert_unknown,no_alert_not_final_benign,-1,dns,port
2025-07-19T23:03:12.749885+0700,103.195.142.195,87.98.154.0,53,58111,UDP,flow,failed,1495182019139596,,1,3,0,4311,0,10.0,3,4311,0,none,0,none,0,0,0,no_alert_unknown,no_alert_not_final_benign,-1,dns,port
2025-07-19T23:03:12.792538+0700,103.195.142.75,8.8.8.8,45419,53,UDP,flow,dns,238365963507510,,1,1,0,140,0,0.0,1,140,0,none,0,none,0,0,0,no_alert_unknown,no_alert_not_final_benign,-1,dns,app_proto+port
2025-07-19T23:03:12.805119+0700,103.195.142.74,118.98.44.50,63880,53,UDP,dns,,80264209844025,wire/pcap,0,0,0,0,0,0.0,0,0,0,none,0,none,0,0,0,no_alert_unknown,no_alert_not_final_benign,-1,dns,port
2025-07-19T23:03:12.805226+0700,103.195.142.74,118.98.44.20,43993,53,UDP,dns,,80719764764956,wire/pcap,0,0,0,0,0,0.0,0,0,0,none,0,none,0,0,0,no_alert_unknown,no_alert_not_final_benign,-1,dns,port
2025-07-19T23:03:12.805975+0700,103.195.142.74,118.98.44.20,23297,53,UDP,dns,,83938792963316,wire/pcap,0,0,0,0,0,0.0,0,0,0,none,0,none,0,0,0,no_alert_unknown,no_alert_not_final_benign,-1,dns,port
2025-07-19T23:03:12.821611+0700,103.195.142.74,118.98.44.100,15367,53,UDP,dns,,151094296418690,wire/pcap,0,0,0,0,0,0.0,0,0,0,none,0,none,0,0,0,no_alert_unknown,no_alert_not_final_benign,-1,dns,port
2025-07-19T23:03:12.825429+0700,103.195.142.74,202.134.0.155,54711,53,UDP,dns,,167492638387739,wire/pcap,0,0,0,0,0,0.0,0,0,0,none,0,none,0,0,0,no_alert_unknown,no_alert_not_final_benign,-1,dns,port
2025-07-19T23:03:12.842201+0700,103.195.142.75,8.8.8.8,45524,53,UDP,dns,,239529257328640,wire/pcap,0,0,0,0,0,0.0,0,0,0,none,0,none,0,0,0,no_alert_unknown,no_alert_not_final_benign,-1,dns,port
2025-07-19T23:03:12.894803+0700,103.195.142.74,202.134.0.155,61168,53,UDP,dns,,183975324320080,wire/pcap,0,0,0,0,0,0.0,0,0,0,none,0,none,0,0,0,no_alert_unknown,no_alert_not_final_benign,-1,dns,port
2025-07-19T23:03:12.894906+0700,103.195.142.74,202.134.0.155,13761,53,UDP,dns,,184417476371793,wire/pcap,0,0,0,0,0,0.0,0,0,0,none,0,none,0,0,0,no_alert_unknown,no_alert_not_final_benign,-1,dns,port
2025-07-19T23:03:12.928116+0700,103.195.142.108,8.8.8.8,1900,53,UDP,dns,,1216074754602613,wire/pcap,0,0,0,0,0,0.0,0,0,0,none,0,none,0,0,0,no_alert_unknown,no_alert_not_final_benign,-1,dns,port
2025-07-19T23:03:12.935033+0700,103.195.142.75,8.8.8.8,51273,53,UDP,dns,,75290402343327,wire/pcap,0,0,0,0,0,0.0,0,0,0,none,0,none,0,0,0,no_alert_unknown,no_alert_not_final_benign,-1,dns,port
2025-07-19T23:03:12.947263+0700,103.195.142.74,118.98.44.100,16022,53,UDP,dns,,127817220656801,wire/pcap,0,0,0,0,0,0.0,0,0,0,none,0,none,0,0,0,no_alert_unknown,no_alert_not_final_benign,-1,dns,port
2025-07-19T23:03:12.947618+0700,103.195.142.75,118.98.44.20,17880,53,UDP,dns,,129338709266449,wire/pcap,0,0,0,0,0,0.0,0,0,0,none,0,none,0,0,0,no_alert_unknown,no_alert_not_final_benign,-1,dns,port
2025-07-19T23:03:12.951974+0700,103.195.142.74,118.98.44.100,30860,53,UDP,dns,,148049895715871,wire/pcap,0,0,0,0,0,0.0,0,0,0,none,0,none,0,0,0,no_alert_unknown,no_alert_not_final_benign,-1,dns,port
2025-07-19T23:03:12.997386+0700,103.195.142.46,87.98.154.31,53,56997,UDP,flow,failed,61231599021263,,1,1,0,1437,0,0.0,1,1437,0,none,0,none,0,0,0,no_alert_unknown,no_alert_not_final_benign,-1,dns,port
2025-07-19T23:03:12.998309+0700,103.195.142.31,8.8.8.8,24966,53,UDP,dns,,65581248233760,wire/pcap,0,0,0,0,0,0.0,0,0,0,none,0,none,0,0,0,no_alert_unknown,no_alert_not_final_benign,-1,dns,port
2025-07-19T23:03:12.998545+0700,103.195.142.31,9.9.9.9,24966,53,UDP,dns,,66597085322938,wire/pcap,0,0,0,0,0,0.0,0,0,0,none,0,none,0,0,0,no_alert_unknown,no_alert_not_final_benign,-1,dns,port
2025-07-19T23:03:13.014079+0700,103.195.142.74,118.98.44.20,45943,53,UDP,dns,,341944877960839,wire/pcap,0,0,0,0,0,0.0,0,0,0,none,0,none,0,0,0,no_alert_unknown,no_alert_not_final_benign,-1,dns,port
2025-07-19T23:03:13.020036+0700,103.195.142.74,202.134.0.155,15990,53,UDP,flow,dns,657308140962485,,1,1,0,211,0,0.0,1,211,0,none,0,none,0,0,0,no_alert_unknown,no_alert_not_final_benign,-1,dns,app_proto+port
2025-07-19T23:03:13.024892+0700,103.195.142.74,118.98.44.100,38930,53,UDP,flow,dns,633626303916378,,1,1,0,104,0,0.0,1,104,0,none,0,none,0,0,0,no_alert_unknown,no_alert_not_final_benign,-1,dns,app_proto+port
2025-07-19T23:03:13.025991+0700,103.195.142.75,8.8.8.8,64325,53,UDP,dns,,393107650050313,wire/pcap,0,0,0,0,0,0.0,0,0,0,none,0,none,0,0,0,no_alert_unknown,no_alert_not_final_benign,-1,dns,port
2025-07-19T23:03:13.031951+0700,103.195.142.74,202.134.0.155,51436,53,UDP,dns,,418706296847551,wire/pcap,0,0,0,0,0,0.0,0,0,0,none,0,none,0,0,0,no_alert_unknown,no_alert_not_final_benign,-1,dns,port
2025-07-19T23:03:13.032086+0700,103.195.142.74,202.134.0.155,33629,53,UDP,flow,dns,196928407387327,,1,1,0,232,0,0.0,1,232,0,none,0,none,0,0,0,no_alert_unknown,no_alert_not_final_benign,-1,dns,app_proto+port
2025-07-19T23:03:13.063265+0700,103.195.142.74,202.134.0.155,57414,53,UDP,dns,,553200233803330,wire/pcap,0,0,0,0,0,0.0,0,0,0,none,0,none,0,0,0,no_alert_unknown,no_alert_not_final_benign,-1,dns,port
2025-07-19T23:03:13.063382+0700,103.195.142.75,8.8.8.8,22379,53,UDP,dns,,553700825409628,wire/pcap,0,0,0,0,0,0.0,0,0,0,none,0,none,0,0,0,no_alert_unknown,no_alert_not_final_benign,-1,dns,port
2025-07-19T23:03:13.063415+0700,103.195.142.74,118.98.44.20,6117,53,UDP,dns,,553843252083760,wire/pcap,0,0,0,0,0,0.0,0,0,0,none,0,none,0,0,0,no_alert_unknown,no_alert_not_final_benign,-1,dns,port
2025-07-19T23:03:13.076869+0700,103.195.142.46,87.98.154.71,53,15141,UDP,flow,failed,336565128397376,,1,1,0,1437,0,0.0,1,1437,0,none,0,none,0,0,0,no_alert_unknown,no_alert_not_final_benign,-1,dns,port
2025-07-19T23:03:13.082497+0700,103.195.142.2,52.183.15.50,53,60915,UDP,flow,failed,476435716333510,,1,1,0,180,0,0.0,1,180,0,none,0,none,0,0,0,no_alert_unknown,no_alert_not_final_benign,-1,dns,port
2025-07-19T23:03:13.083810+0700,103.195.142.75,8.8.8.8,59465,53,UDP,dns,,359965403151089,wire/pcap,0,0,0,0,0,0.0,0,0,0,none,0,none,0,0,0,no_alert_unknown,no_alert_not_final_benign,-1,dns,port
2025-07-19T23:03:13.086407+0700,103.195.142.74,118.98.44.20,63414,53,UDP,dns,,371117948068985,wire/pcap,0,0,0,0,0,0.0,0,0,0,none,0,none,0,0,0,no_alert_unknown,no_alert_not_final_benign,-1,dns,port
2025-07-19T23:03:13.088590+0700,103.195.142.75,45.79.197.241,62844,53,UDP,dns,,380492785359480,wire/pcap,0,0,0,0,0,0.0,0,0,0,none,0,none,0,0,0,no_alert_unknown,no_alert_not_final_benign,-1,dns,port
2025-07-19T23:03:13.115746+0700,103.195.142.74,118.98.44.100,33332,53,UDP,dns,,497127686799894,wire/pcap,0,0,0,0,0,0.0,0,0,0,none,0,none,0,0,0,no_alert_unknown,no_alert_not_final_benign,-1,dns,port
2025-07-19T23:03:13.123820+0700,103.195.142.74,118.98.44.100,32221,53,UDP,dns,,531804896154603,wire/pcap,0,0,0,0,0,0.0,0,0,0,none,0,none,0,0,0,no_alert_unknown,no_alert_not_final_benign,-1,dns,port
2025-07-19T23:03:13.149873+0700,103.195.142.75,8.8.8.8,21794,53,UDP,dns,,362228645758279,wire/pcap,0,0,0,0,0,0.0,0,0,0,none,0,none,0,0,0,no_alert_unknown,no_alert_not_final_benign,-1,dns,port
2025-07-19T23:03:13.174393+0700,103.195.142.165,87.98.154.118,53,45667,UDP,flow,failed,770429769763110,,1,1,0,1437,0,0.0,1,1437,0,none,0,none,0,0,0,no_alert_unknown,no_alert_not_final_benign,-1,dns,port
2025-07-19T23:03:13.186484+0700,103.195.142.74,118.98.44.100,40055,53,UDP,dns,,519469875098509,wire/pcap,0,0,0,0,0,0.0,0,0,0,none,0,none,0,0,0,no_alert_unknown,no_alert_not_final_benign,-1,dns,port
2025-07-19T23:03:13.192491+0700,103.195.142.74,118.98.44.50,33965,53,UDP,dns,,545270500942291,wire/pcap,0,0,0,0,0,0.0,0,0,0,none,0,none,0,0,0,no_alert_unknown,no_alert_not_final_benign,-1,dns,port
2025-07-19T23:03:13.192595+0700,103.195.142.74,118.98.44.50,46632,53,UDP,dns,,545717933180787,wire/pcap,0,0,0,0,0,0.0,0,0,0,none,0,none,0,0,0,no_alert_unknown,no_alert_not_final_benign,-1,dns,port
2025-07-19T23:03:13.211832+0700,103.195.142.74,118.98.44.50,38792,53,UDP,dns,,346864191895814,wire/pcap,0,0,0,0,0,0.0,0,0,0,none,0,none,0,0,0,no_alert_unknown,no_alert_not_final_benign,-1,dns,port
2025-07-19T23:03:13.212452+0700,103.195.142.75,8.8.8.8,31454,53,UDP,dns,,349527713831000,wire/pcap,0,0,0,0,0,0.0,0,0,0,none,0,none,0,0,0,no_alert_unknown,no_alert_not_final_benign,-1,dns,port
2025-07-19T23:03:13.219995+0700,103.195.142.75,8.8.8.8,44023,53,UDP,dns,,381921647640526,wire/pcap,0,0,0,0,0,0.0,0,0,0,none,0,none,0,0,0,no_alert_unknown,no_alert_not_final_benign,-1,dns,port
2025-07-19T23:03:13.224628+0700,103.195.142.74,118.98.44.20,26254,53,UDP,dns,,401821376907359,wire/pcap,0,0,0,0,0,0.0,0,0,0,none,0,none,0,0,0,no_alert_unknown,no_alert_not_final_benign,-1,dns,port
2025-07-19T23:03:13.244081+0700,103.195.142.74,118.98.44.50,41718,53,UDP,dns,,485372845650291,wire/pcap,0,0,0,0,0,0.0,0,0,0,none,0,none,0,0,0,no_alert_unknown,no_alert_not_final_benign,-1,dns,port
2025-07-19T23:03:13.254778+0700,103.195.142.74,202.134.0.155,1533,53,UDP,flow,dns,597368801629190,,1,1,0,214,0,0.0,1,214,0,none,0,none,0,0,0,no_alert_unknown,no_alert_not_final_benign,-1,dns,app_proto+port
2025-07-19T23:03:13.292908+0700,103.195.142.74,118.98.44.50,29554,53,UDP,dns,,413606471469555,wire/pcap,0,0,0,0,0,0.0,0,0,0,none,0,none,0,0,0,no_alert_unknown,no_alert_not_final_benign,-1,dns,port
2025-07-19T23:03:13.338569+0700,103.195.142.74,118.98.44.100,10482,53,UDP,dns,,328242906198581,wire/pcap,0,0,0,0,0,0.0,0,0,0,none,0,none,0,0,0,no_alert_unknown,no_alert_not_final_benign,-1,dns,port
2025-07-19T23:03:13.339063+0700,103.195.142.74,202.134.0.155,35027,53,UDP,dns,,330365992525480,wire/pcap,0,0,0,0,0,0.0,0,0,0,none,0,none,0,0,0,no_alert_unknown,no_alert_not_final_benign,-1,dns,port
2025-07-19T23:03:13.339201+0700,103.195.142.74,118.98.44.20,51611,53,UDP,dns,,330960228134217,wire/pcap,0,0,0,0,0,0.0,0,0,0,none,0,none,0,0,0,no_alert_unknown,no_alert_not_final_benign,-1,dns,port
2025-07-19T23:03:13.384247+0700,103.195.142.74,118.98.44.100,46054,53,UDP,dns,,524429909809696,wire/pcap,0,0,0,0,0,0.0,0,0,0,none,0,none,0,0,0,no_alert_unknown,no_alert_not_final_benign,-1,dns,port
2025-07-19T23:03:13.386471+0700,103.195.142.75,8.8.8.8,28444,53,UDP,dns,,533984529134633,wire/pcap,0,0,0,0,0,0.0,0,0,0,none,0,none,0,0,0,no_alert_unknown,no_alert_not_final_benign,-1,dns,port
2025-07-19T23:03:13.390979+0700,103.195.142.74,118.98.44.20,14922,53,UDP,dns,,553345082247334,wire/pcap,0,0,0,0,0,0.0,0,0,0,none,0,none,0,0,0,no_alert_unknown,no_alert_not_final_benign,-1,dns,port
2025-07-19T23:03:13.405230+0700,103.195.142.74,118.98.44.50,55823,53,UDP,dns,,333076897345759,wire/pcap,0,0,0,0,0,0.0,0,0,0,none,0,none,0,0,0,no_alert_unknown,no_alert_not_final_benign,-1,dns,port
2025-07-19T23:03:13.419493+0700,103.195.142.75,8.8.8.8,42252,53,UDP,dns,,394337820397271,wire/pcap,0,0,0,0,0,0.0,0,0,0,none,0,none,0,0,0,no_alert_unknown,no_alert_not_final_benign,-1,dns,port
2025-07-19T23:03:13.439364+0700,103.195.142.74,118.98.44.20,28790,53,UDP,dns,,479679429469273,wire/pcap,0,0,0,0,0,0.0,0,0,0,none,0,none,0,0,0,no_alert_unknown,no_alert_not_final_benign,-1,dns,port
2025-07-19T23:03:13.439384+0700,103.195.142.74,118.98.44.20,33670,53,UDP,dns,,479765514605001,wire/pcap,0,0,0,0,0,0.0,0,0,0,none,0,none,0,0,0,no_alert_unknown,no_alert_not_final_benign,-1,dns,port
2025-07-19T23:03:13.439490+0700,103.195.142.74,118.98.44.50,62537,53,UDP,dns,,480224252999490,wire/pcap,0,0,0,0,0,0.0,0,0,0,none,0,none,0,0,0,no_alert_unknown,no_alert_not_final_benign,-1,dns,port
2025-07-19T23:03:13.466987+0700,103.195.142.74,118.98.44.100,19837,53,UDP,dns,,316844544132456,wire/pcap,0,0,0,0,0,0.0,0,0,0,none,0,none,0,0,0,no_alert_unknown,no_alert_not_final_benign,-1,dns,port
2025-07-19T23:03:13.486662+0700,103.195.142.46,87.98.154.119,53,8820,UDP,flow,failed,112611627799555,,1,1,0,1437,0,0.0,1,1437,0,none,0,none,0,0,0,no_alert_unknown,no_alert_not_final_benign,-1,dns,port
2025-07-19T23:03:13.490411+0700,103.195.142.74,202.134.0.155,42508,53,UDP,dns,,417450309170797,wire/pcap,0,0,0,0,0,0.0,0,0,0,none,0,none,0,0,0,no_alert_unknown,no_alert_not_final_benign,-1,dns,port
2025-07-19T23:03:13.490583+0700,103.195.142.74,118.98.44.50,54420,53,UDP,dns,,418190923625021,wire/pcap,0,0,0,0,0,0.0,0,0,0,none,0,none,0,0,0,no_alert_unknown,no_alert_not_final_benign,-1,dns,port
2025-07-19T23:03:13.490935+0700,103.195.142.74,118.98.44.20,56080,53,UDP,dns,,419703402905134,wire/pcap,0,0,0,0,0,0.0,0,0,0,none,0,none,0,0,0,no_alert_unknown,no_alert_not_final_benign,-1,dns,port
2025-07-19T23:03:13.497562+0700,103.195.142.74,118.98.44.20,55478,53,UDP,dns,,448163528783088,wire/pcap,0,0,0,0,0,0.0,0,0,0,none,0,none,0,0,0,no_alert_unknown,no_alert_not_final_benign,-1,dns,port
2025-07-19T23:03:13.497641+0700,103.195.142.74,118.98.44.50,53428,53,UDP,dns,,448506001672090,wire/pcap,0,0,0,0,0,0.0,0,0,0,none,0,none,0,0,0,no_alert_unknown,no_alert_not_final_benign,-1,dns,port
2025-07-19T23:03:13.498850+0700,103.195.142.75,8.8.8.8,41080,53,UDP,dns,,453697016441896,wire/pcap,0,0,0,0,0,0.0,0,0,0,none,0,none,0,0,0,no_alert_unknown,no_alert_not_final_benign,-1,dns,port
2025-07-19T23:03:13.547852+0700,103.195.142.74,118.98.44.50,60515,53,UDP,dns,,382684251845952,wire/pcap,0,0,0,0,0,0.0,0,0,0,none,0,none,0,0,0,no_alert_unknown,no_alert_not_final_benign,-1,dns,port
2025-07-19T23:03:13.552033+0700,103.195.142.74,118.98.44.100,27468,53,UDP,dns,,400640654937498,wire/pcap,0,0,0,0,0,0.0,0,0,0,none,0,none,0,0,0,no_alert_unknown,no_alert_not_final_benign,-1,dns,port
2025-07-19T23:03:13.603073+0700,103.195.142.74,118.98.44.20,17698,53,UDP,dns,,338383089341608,wire/pcap,0,0,0,0,0,0.0,0,0,0,none,0,none,0,0,0,no_alert_unknown,no_alert_not_final_benign,-1,dns,port
2025-07-19T23:03:13.604775+0700,103.195.142.74,118.98.44.50,9881,53,UDP,dns,,345692776294097,wire/pcap,0,0,0,0,0,0.0,0,0,0,none,0,none,0,0,0,no_alert_unknown,no_alert_not_final_benign,-1,dns,port
2025-07-19T23:03:13.627204+0700,103.195.142.74,202.134.0.155,20471,53,UDP,dns,,442024183035018,wire/pcap,0,0,0,0,0,0.0,0,0,0,none,0,none,0,0,0,no_alert_unknown,no_alert_not_final_benign,-1,dns,port
2025-07-19T23:03:13.641866+0700,103.195.142.74,118.98.44.50,44844,53,UDP,dns,,504997917830010,wire/pcap,0,0,0,0,0,0.0,0,0,0,none,0,none,0,0,0,no_alert_unknown,no_alert_not_final_benign,-1,dns,port
2025-07-19T23:03:13.658974+0700,103.195.142.75,8.8.8.8,14349,53,UDP,dns,,296998231167368,wire/pcap,0,0,0,0,0,0.0,0,0,0,none,0,none,0,0,0,no_alert_unknown,no_alert_not_final_benign,-1,dns,port
2025-07-19T23:03:13.678648+0700,103.195.142.75,8.8.8.8,45394,53,UDP,dns,,381496199068213,wire/pcap,0,0,0,0,0,0.0,0,0,0,none,0,none,0,0,0,no_alert_unknown,no_alert_not_final_benign,-1,dns,port
2025-07-19T23:03:13.711298+0700,103.195.142.75,8.8.8.8,26714,53,UDP,dns,,521728078662843,wire/pcap,0,0,0,0,0,0.0,0,0,0,none,0,none,0,0,0,no_alert_unknown,no_alert_not_final_benign,-1,dns,port
2025-07-19T23:03:13.711379+0700,103.195.142.74,118.98.44.20,29155,53,UDP,dns,,522077187639646,wire/pcap,0,0,0,0,0,0.0,0,0,0,none,0,none,0,0,0,no_alert_unknown,no_alert_not_final_benign,-1,dns,port
2025-07-19T23:03:13.733087+0700,103.195.142.74,118.98.44.50,39858,53,UDP,flow,dns,2075342021793842,,1,1,0,80,0,0.0,1,80,0,none,0,none,0,0,0,no_alert_unknown,no_alert_not_final_benign,-1,dns,app_proto+port
2025-07-19T23:03:13.733231+0700,103.195.142.46,87.98.154.63,53,15174,UDP,flow,failed,1882828944906500,,1,1,0,1437,0,0.0,1,1437,0,none,0,none,0,0,0,no_alert_unknown,no_alert_not_final_benign,-1,dns,port
2025-07-19T23:03:13.733277+0700,103.195.142.75,8.8.8.8,57095,53,UDP,flow,dns,273098173520347,,1,1,0,81,0,0.0,1,81,0,none,0,none,0,0,0,no_alert_unknown,no_alert_not_final_benign,-1,dns,app_proto+port
2025-07-19T23:03:13.733280+0700,103.195.142.74,118.98.44.20,28903,53,UDP,dns,,334666875394728,wire/pcap,0,0,0,0,0,0.0,0,0,0,none,0,none,0,0,0,no_alert_unknown,no_alert_not_final_benign,-1,dns,port
2025-07-19T23:03:13.733433+0700,103.195.142.109,87.98.154.119,53,27902,UDP,flow,failed,170372375911121,,1,1,0,1437,0,0.0,1,1437,0,none,0,none,0,0,0,no_alert_unknown,no_alert_not_final_benign,-1,dns,port
2025-07-19T23:03:13.733498+0700,103.195.142.46,87.98.154.127,53,40990,UDP,flow,failed,2055143985847006,,1,1,0,1437,0,0.0,1,1437,0,none,0,none,0,0,0,no_alert_unknown,no_alert_not_final_benign,-1,dns,port
2025-07-19T23:03:13.733578+0700,103.185.193.21,1.1.1.1,44636,53,UDP,flow,dns,329406405679897,,1,2,0,316,0,0.0,2,316,0,none,0,none,0,0,0,no_alert_unknown,no_alert_not_final_benign,-1,dns,app_proto+port
2025-07-19T23:03:13.733682+0700,103.195.142.196,87.98.154.221,53,28907,UDP,flow,failed,274044296103,,1,1,0,1437,0,0.0,1,1437,0,none,0,none,0,0,0,no_alert_unknown,no_alert_not_final_benign,-1,dns,port
2025-07-19T23:03:13.733734+0700,103.195.142.74,118.98.44.20,39082,53,UDP,flow,dns,2051662864587903,,1,1,0,78,0,0.0,1,78,0,none,0,none,0,0,0,no_alert_unknown,no_alert_not_final_benign,-1,dns,app_proto+port
2025-07-19T23:03:13.733753+0700,103.195.142.74,118.98.44.50,39609,53,UDP,flow,dns,1855059771071636,,1,1,0,82,0,0.0,1,82,0,none,0,none,0,0,0,no_alert_unknown,no_alert_not_final_benign,-1,dns,app_proto+port
2025-07-19T23:03:13.733773+0700,103.195.142.74,118.98.44.20,26614,53,UDP,flow,dns,2000620895870247,,1,1,0,88,0,0.0,1,88,0,none,0,none,0,0,0,no_alert_unknown,no_alert_not_final_benign,-1,dns,app_proto+port
2025-07-19T23:03:13.733798+0700,103.195.142.76,87.98.154.74,53,48192,UDP,flow,failed,1797141931040067,,1,3,0,4407,0,9.0,3,4407,0,none,0,none,0,0,0,no_alert_unknown,no_alert_not_final_benign,-1,dns,port
2025-07-19T23:03:13.733817+0700,103.195.142.74,118.98.44.100,53577,53,UDP,flow,dns,259826171583825,,1,1,0,196,0,0.0,1,196,0,none,0,none,0,0,0,no_alert_unknown,no_alert_not_final_benign,-1,dns,app_proto+port
2025-07-19T23:03:13.733859+0700,103.195.142.46,87.98.154.119,53,35006,UDP,flow,failed,2138750085701014,,1,1,0,1437,0,0.0,1,1437,0,none,0,none,0,0,0,no_alert_unknown,no_alert_not_final_benign,-1,dns,port
2025-07-19T23:03:13.733877+0700,103.195.142.74,202.134.0.155,38693,53,UDP,flow,dns,198594576326245,,1,1,0,75,0,0.0,1,75,0,none,0,none,0,0,0,no_alert_unknown,no_alert_not_final_benign,-1,dns,app_proto+port
2025-07-19T23:03:13.733897+0700,103.195.142.195,87.98.154.119,53,61819,UDP,flow,failed,208677419425420,,1,1,0,1437,0,0.0,1,1437,0,none,0,none,0,0,0,no_alert_unknown,no_alert_not_final_benign,-1,dns,port
2025-07-19T23:03:13.733918+0700,103.195.142.76,87.98.154.119,53,56445,UDP,flow,failed,207255483129507,,1,1,0,1469,0,0.0,1,1469,0,none,0,none,0,0,0,no_alert_unknown,no_alert_not_final_benign,-1,dns,port
2025-07-19T23:03:13.733966+0700,103.195.142.74,118.98.44.20,50520,53,UDP,flow,dns,1720962298224379,,1,1,0,91,0,0.0,1,91,0,none,0,none,0,0,0,no_alert_unknown,no_alert_not_final_benign,-1,dns,app_proto+port
2025-07-19T23:03:13.733992+0700,103.195.142.76,87.98.154.119,53,24526,UDP,flow,failed,490816015310659,,1,1,0,1469,0,0.0,1,1469,0,none,0,none,0,0,0,no_alert_unknown,no_alert_not_final_benign,-1,dns,port
2025-07-19T23:03:13.734013+0700,103.195.142.76,87.98.154.119,53,64144,UDP,flow,failed,1871215599099758,,1,1,0,1469,0,0.0,1,1469,0,none,0,none,0,0,0,no_alert_unknown,no_alert_not_final_benign,-1,dns,port
2025-07-19T23:03:13.734032+0700,103.195.142.83,101.132.150.56,53,36807,UDP,flow,failed,1751786890600392,,1,1,0,482,0,0.0,1,482,0,none,0,none,0,0,0,no_alert_unknown,no_alert_not_final_benign,-1,dns,port
2025-07-19T23:03:13.734153+0700,103.195.142.83,87.98.154.119,53,37768,UDP,flow,failed,540648896798858,,1,1,0,1190,0,0.0,1,1190,0,none,0,none,0,0,0,no_alert_unknown,no_alert_not_final_benign,-1,dns,port
2025-07-19T23:03:13.734190+0700,103.195.142.109,87.98.154.5,53,44456,UDP,flow,failed,2152442147315974,,1,1,0,1437,0,0.0,1,1437,0,none,0,none,0,0,0,no_alert_unknown,no_alert_not_final_benign,-1,dns,port
2025-07-19T23:03:13.734259+0700,103.195.142.3,123.108.240.165,53,49670,UDP,flow,failed,79195504058749,,1,1,0,161,0,0.0,1,161,0,none,0,none,0,0,0,no_alert_unknown,no_alert_not_final_benign,-1,dns,port
2025-07-19T23:03:13.734304+0700,103.195.142.195,87.98.154.172,53,57279,UDP,flow,failed,1992134486860195,,1,2,0,2874,0,10.0,2,2874,0,none,0,none,0,0,0,no_alert_unknown,no_alert_not_final_benign,-1,dns,port
2025-07-19T23:03:13.734399+0700,103.195.142.2,74.114.28.20,53,60721,UDP,flow,failed,2086222620140080,,1,1,0,154,0,0.0,1,154,0,none,0,none,0,0,0,no_alert_unknown,no_alert_not_final_benign,-1,dns,port
2025-07-19T23:03:13.734418+0700,103.195.142.75,8.8.8.8,5030,53,UDP,flow,dns,371690350125617,,1,1,0,184,0,0.0,1,184,0,none,0,none,0,0,0,no_alert_unknown,no_alert_not_final_benign,-1,dns,app_proto+port
2025-07-19T23:03:13.734461+0700,103.195.142.76,87.98.154.66,53,42463,UDP,flow,failed,202772745495204,,1,1,0,1469,0,0.0,1,1469,0,none,0,none,0,0,0,no_alert_unknown,no_alert_not_final_benign,-1,dns,port
2025-07-19T23:03:13.734479+0700,103.195.142.165,87.98.154.117,53,42148,UDP,flow,failed,539236323566318,,1,1,0,1437,0,0.0,1,1437,0,none,0,none,0,0,0,no_alert_unknown,no_alert_not_final_benign,-1,dns,port
2025-07-19T23:03:13.734497+0700,103.195.142.76,87.98.154.119,53,36439,UDP,flow,failed,1963043673023236,,1,1,0,1469,0,0.0,1,1469,0,none,0,none,0,0,0,no_alert_unknown,no_alert_not_final_benign,-1,dns,port
2025-07-19T23:03:13.734522+0700,103.195.142.76,87.98.154.130,53,40391,UDP,flow,failed,76134459319084,,1,1,0,1469,0,0.0,1,1469,0,none,0,none,0,0,0,no_alert_unknown,no_alert_not_final_benign,-1,dns,port
2025-07-19T23:03:13.734563+0700,103.195.142.74,118.98.44.20,64367,53,UDP,flow,dns,43423981314903,,1,1,0,85,0,0.0,1,85,0,none,0,none,0,0,0,no_alert_unknown,no_alert_not_final_benign,-1,dns,app_proto+port
2025-07-19T23:03:13.734606+0700,103.195.142.74,118.98.44.20,19215,53,UDP,flow,dns,51581056721782,,1,1,0,68,0,0.0,1,68,0,none,0,none,0,0,0,no_alert_unknown,no_alert_not_final_benign,-1,dns,app_proto+port
2025-07-19T23:03:13.734626+0700,103.195.142.195,87.98.154.228,53,19109,UDP,flow,failed,1904573301597068,,1,1,0,1437,0,0.0,1,1437,0,none,0,none,0,0,0,no_alert_unknown,no_alert_not_final_benign,-1,dns,port
2025-07-19T23:03:13.734644+0700,103.195.142.83,87.98.154.126,53,62592,UDP,flow,failed,1692958118519719,,1,1,0,1190,0,0.0,1,1190,0,none,0,none,0,0,0,no_alert_unknown,no_alert_not_final_benign,-1,dns,port
2025-07-19T23:03:13.734686+0700,103.195.142.109,87.98.154.97,53,48834,UDP,flow,failed,461798943237102,,1,1,0,1437,0,0.0,1,1437,0,none,0,none,0,0,0,no_alert_unknown,no_alert_not_final_benign,-1,dns,port
2025-07-19T23:03:13.734720+0700,103.195.142.196,87.98.154.117,53,55667,UDP,flow,failed,2214791486120949,,1,1,0,1437,0,0.0,1,1437,0,none,0,none,0,0,0,no_alert_unknown,no_alert_not_final_benign,-1,dns,port
2025-07-19T23:03:13.734761+0700,103.195.142.83,87.98.154.154,53,26618,UDP,flow,failed,1734496996303866,,1,1,0,1190,0,0.0,1,1190,0,none,0,none,0,0,0,no_alert_unknown,no_alert_not_final_benign,-1,dns,port
2025-07-19T23:03:13.734810+0700,103.195.142.74,118.98.44.20,6661,53,UDP,flow,dns,473533027132462,,1,1,0,83,0,0.0,1,83,0,none,0,none,0,0,0,no_alert_unknown,no_alert_not_final_benign,-1,dns,app_proto+port
2025-07-19T23:03:13.734830+0700,103.195.142.75,8.8.8.8,43645,53,UDP,flow,dns,277595526210627,,1,1,0,138,0,0.0,1,138,0,none,0,none,0,0,0,no_alert_unknown,no_alert_not_final_benign,-1,dns,app_proto+port
2025-07-19T23:03:13.734850+0700,103.195.142.74,118.98.44.20,27859,53,UDP,flow,dns,2219699733800019,,1,1,0,92,0,0.0,1,92,0,none,0,none,0,0,0,no_alert_unknown,no_alert_not_final_benign,-1,dns,app_proto+port
2025-07-19T23:03:13.734935+0700,103.195.142.74,118.98.44.20,41845,53,UDP,flow,dns,1784744105485454,,1,1,0,87,0,0.0,1,87,0,none,0,none,0,0,0,no_alert_unknown,no_alert_not_final_benign,-1,dns,app_proto+port
2025-07-19T23:03:13.734968+0700,103.195.142.195,87.98.154.84,53,55725,UDP,flow,failed,2208301578331348,,1,1,0,1437,0,0.0,1,1437,0,none,0,none,0,0,0,no_alert_unknown,no_alert_not_final_benign,-1,dns,port
2025-07-19T23:03:13.734989+0700,103.195.142.195,87.98.154.119,53,60894,UDP,flow,failed,1706357616878815,,1,1,0,1437,0,0.0,1,1437,0,none,0,none,0,0,0,no_alert_unknown,no_alert_not_final_benign,-1,dns,port
2025-07-19T23:03:13.735034+0700,103.195.142.108,8.8.8.8,21899,53,UDP,flow,dns,2161020241585391,,1,1,0,68,0,0.0,1,68,0,none,0,none,0,0,0,no_alert_unknown,no_alert_not_final_benign,-1,dns,app_proto+port
2025-07-19T23:03:13.735077+0700,103.195.142.74,202.134.0.155,21383,53,UDP,flow,dns,229162828244270,,1,1,0,88,0,0.0,1,88,0,none,0,none,0,0,0,no_alert_unknown,no_alert_not_final_benign,-1,dns,app_proto+port
2025-07-19T23:03:13.735140+0700,103.195.142.109,87.98.154.119,53,47704,UDP,flow,failed,2175314537817562,,1,1,0,1437,0,0.0,1,1437,0,none,0,none,0,0,0,no_alert_unknown,no_alert_not_final_benign,-1,dns,port
2025-07-19T23:03:13.735159+0700,103.195.142.75,8.8.8.8,37838,53,UDP,flow,dns,280764672321010,,1,1,0,76,0,0.0,1,76,0,none,0,none,0,0,0,no_alert_unknown,no_alert_not_final_benign,-1,dns,app_proto+port
2025-07-19T23:03:13.735190+0700,103.195.142.195,87.98.154.112,53,30256,UDP,flow,failed,120544077882895,,1,1,0,1437,0,0.0,1,1437,0,none,0,none,0,0,0,no_alert_unknown,no_alert_not_final_benign,-1,dns,port
2025-07-19T23:03:13.735268+0700,103.195.142.195,87.98.154.200,53,56542,UDP,flow,failed,2150406896232052,,1,1,0,1437,0,0.0,1,1437,0,none,0,none,0,0,0,no_alert_unknown,no_alert_not_final_benign,-1,dns,port
2025-07-19T23:03:13.735286+0700,103.195.142.195,87.98.154.118,53,11232,UDP,flow,failed,2186262750242458,,1,1,0,1437,0,0.0,1,1437,0,none,0,none,0,0,0,no_alert_unknown,no_alert_not_final_benign,-1,dns,port
2025-07-19T23:03:13.735325+0700,103.195.142.196,87.98.154.119,53,53619,UDP,flow,failed,277035020330708,,1,1,0,1437,0,0.0,1,1437,0,none,0,none,0,0,0,no_alert_unknown,no_alert_not_final_benign,-1,dns,port
2025-07-19T23:03:13.735375+0700,103.195.142.165,87.98.154.118,53,6115,UDP,flow,failed,2021203313305324,,1,1,0,1437,0,0.0,1,1437,0,none,0,none,0,0,0,no_alert_unknown,no_alert_not_final_benign,-1,dns,port
2025-07-19T23:03:13.735419+0700,103.195.142.3,172.217.44.218,53,59635,UDP,flow,failed,307784354834281,,1,1,0,222,0,0.0,1,222,0,none,0,none,0,0,0,no_alert_unknown,no_alert_not_final_benign,-1,dns,port
2025-07-19T23:03:13.735439+0700,103.195.142.75,8.8.8.8,6837,53,UDP,flow,dns,1909817579677662,,1,1,0,93,0,0.0,1,93,0,none,0,none,0,0,0,no_alert_unknown,no_alert_not_final_benign,-1,dns,app_proto+port
2025-07-19T23:03:13.735520+0700,103.195.142.74,202.134.0.155,59574,53,UDP,flow,dns,305135314217024,,1,1,0,79,0,0.0,1,79,0,none,0,none,0,0,0,no_alert_unknown,no_alert_not_final_benign,-1,dns,app_proto+port
2025-07-19T23:03:13.735544+0700,103.195.142.76,87.98.154.119,53,5055,UDP,flow,failed,16106811238508,,1,1,0,1469,0,0.0,1,1469,0,none,0,none,0,0,0,no_alert_unknown,no_alert_not_final_benign,-1,dns,port
2025-07-19T23:03:13.735602+0700,103.195.142.83,87.98.154.126,53,16611,UDP,flow,failed,173610491652271,,1,1,0,1190,0,0.0,1,1190,0,none,0,none,0,0,0,no_alert_unknown,no_alert_not_final_benign,-1,dns,port
2025-07-19T23:03:13.735631+0700,103.195.142.74,118.98.44.100,57143,53,UDP,flow,dns,2030211764136114,,1,1,0,68,0,0.0,1,68,0,none,0,none,0,0,0,no_alert_unknown,no_alert_not_final_benign,-1,dns,app_proto+port
2025-07-19T23:03:13.735663+0700,103.195.142.195,87.98.154.56,53,7205,UDP,flow,failed,519814871853466,,1,1,0,1437,0,0.0,1,1437,0,none,0,none,0,0,0,no_alert_unknown,no_alert_not_final_benign,-1,dns,port
2025-07-19T23:03:13.735694+0700,103.195.142.74,118.98.44.100,16145,53,UDP,flow,dns,205599504607645,,1,1,0,223,0,0.0,1,223,0,none,0,none,0,0,0,no_alert_unknown,no_alert_not_final_benign,-1,dns,app_proto+port
2025-07-19T23:03:13.735718+0700,103.195.142.74,118.98.44.100,10867,53,UDP,flow,dns,92120522107311,,1,1,0,214,0,0.0,1,214,0,none,0,none,0,0,0,no_alert_unknown,no_alert_not_final_benign,-1,dns,app_proto+port
2025-07-19T23:03:13.735763+0700,103.195.142.46,87.98.154.43,53,31344,UDP,flow,failed,1564808703322546,,1,3,0,4311,0,10.0,3,4311,0,none,0,none,0,0,0,no_alert_unknown,no_alert_not_final_benign,-1,dns,port
2025-07-19T23:03:13.735822+0700,103.195.142.76,87.98.154.119,53,18514,UDP,flow,failed,1754179873483274,,1,1,0,1469,0,0.0,1,1469,0,none,0,none,0,0,0,no_alert_unknown,no_alert_not_final_benign,-1,dns,port
2025-07-19T23:03:13.735879+0700,103.195.142.76,87.98.154.119,53,62989,UDP,flow,failed,459834589981248,,1,1,0,1469,0,0.0,1,1469,0,none,0,none,0,0,0,no_alert_unknown,no_alert_not_final_benign,-1,dns,port
2025-07-19T23:03:13.735902+0700,103.195.142.74,118.98.44.50,43986,53,UDP,flow,dns,507234573036103,,1,1,0,130,0,0.0,1,130,0,none,0,none,0,0,0,no_alert_unknown,no_alert_not_final_benign,-1,dns,app_proto+port
2025-07-19T23:03:13.735953+0700,103.195.142.74,118.98.44.50,37650,53,UDP,flow,dns,474367767685791,,1,1,0,232,0,0.0,1,232,0,none,0,none,0,0,0,no_alert_unknown,no_alert_not_final_benign,-1,dns,app_proto+port
2025-07-19T23:03:13.736015+0700,103.195.142.196,87.98.154.119,53,48026,UDP,flow,failed,479244722514735,,1,1,0,1437,0,0.0,1,1437,0,none,0,none,0,0,0,no_alert_unknown,no_alert_not_final_benign,-1,dns,port
2025-07-19T23:03:13.736133+0700,103.195.142.75,69.39.238.37,52796,53,UDP,flow,dns,92454486027156,,1,1,0,141,0,0.0,1,141,0,none,0,none,0,0,0,no_alert_unknown,no_alert_not_final_benign,-1,dns,app_proto+port
2025-07-19T23:03:13.736236+0700,103.195.142.83,87.98.154.206,53,39887,UDP,flow,failed,423141190085717,,1,1,0,1190,0,0.0,1,1190,0,none,0,none,0,0,0,no_alert_unknown,no_alert_not_final_benign,-1,dns,port
2025-07-19T23:03:13.736271+0700,103.195.142.109,87.98.154.233,53,60040,UDP,flow,failed,77431766199387,,1,1,0,1437,0,0.0,1,1437,0,none,0,none,0,0,0,no_alert_unknown,no_alert_not_final_benign,-1,dns,port
2025-07-19T23:03:13.736376+0700,103.195.142.74,118.98.44.100,12207,53,UDP,flow,dns,1695286151359663,,1,1,0,214,0,0.0,1,214,0,none,0,none,0,0,0,no_alert_unknown,no_alert_not_final_benign,-1,dns,app_proto+port
2025-07-19T23:03:13.736432+0700,103.195.142.75,8.8.8.8,36815,53,UDP,flow,dns,186061438332151,,1,1,0,211,0,0.0,1,211,0,none,0,none,0,0,0,no_alert_unknown,no_alert_not_final_benign,-1,dns,app_proto+port
2025-07-19T23:03:13.736473+0700,103.195.142.74,208.91.112.55,14464,53,UDP,flow,dns,1914841560591795,,1,1,0,99,0,0.0,1,99,0,none,0,none,0,0,0,no_alert_unknown,no_alert_not_final_benign,-1,dns,app_proto+port
2025-07-19T23:03:13.736562+0700,103.195.142.75,8.8.8.8,57943,53,UDP,flow,dns,1367689344069190,,1,2,0,450,0,4.0,2,450,0,none,0,none,0,0,0,no_alert_unknown,no_alert_not_final_benign,-1,dns,app_proto+port
2025-07-19T23:03:13.736609+0700,103.195.142.74,118.98.44.50,58526,53,UDP,flow,dns,474124776123996,,1,1,0,88,0,0.0,1,88,0,none,0,none,0,0,0,no_alert_unknown,no_alert_not_final_benign,-1,dns,app_proto+port
2025-07-19T23:03:13.736629+0700,103.195.142.74,118.98.44.50,39936,53,UDP,flow,dns,120069915029142,,1,1,0,130,0,0.0,1,130,0,none,0,none,0,0,0,no_alert_unknown,no_alert_not_final_benign,-1,dns,app_proto+port
2025-07-19T23:03:13.736649+0700,103.195.142.2,172.253.236.221,53,58693,UDP,flow,failed,399459888737977,,1,1,0,159,0,0.0,1,159,0,none,0,none,0,0,0,no_alert_unknown,no_alert_not_final_benign,-1,dns,port
2025-07-19T23:03:13.736709+0700,103.195.142.195,87.98.154.119,53,40113,UDP,flow,failed,1826675259158338,,1,1,0,1437,0,0.0,1,1437,0,none,0,none,0,0,0,no_alert_unknown,no_alert_not_final_benign,-1,dns,port
2025-07-19T23:03:13.736730+0700,103.195.142.196,87.98.154.117,53,36621,UDP,flow,failed,62246242365258,,1,1,0,1437,0,0.0,1,1437,0,none,0,none,0,0,0,no_alert_unknown,no_alert_not_final_benign,-1,dns,port
2025-07-19T23:03:13.736750+0700,103.195.142.76,87.98.154.118,53,3051,UDP,flow,failed,2161597399904111,,1,1,0,1469,0,0.0,1,1469,0,none,0,none,0,0,0,no_alert_unknown,no_alert_not_final_benign,-1,dns,port
2025-07-19T23:03:13.736771+0700,103.195.142.196,87.98.154.109,53,10312,UDP,flow,failed,2089244446109594,,1,1,0,1437,0,0.0,1,1437,0,none,0,none,0,0,0,no_alert_unknown,no_alert_not_final_benign,-1,dns,port
2025-07-19T23:03:13.736814+0700,103.195.142.2,203.119.13.185,53,19799,UDP,flow,failed,1703657996496858,,1,1,0,197,0,0.0,1,197,0,none,0,none,0,0,0,no_alert_unknown,no_alert_not_final_benign,-1,dns,port
2025-07-19T23:03:13.736855+0700,103.195.142.74,118.98.44.50,11521,53,UDP,flow,dns,2026458834874347,,1,1,0,77,0,0.0,1,77,0,none,0,none,0,0,0,no_alert_unknown,no_alert_not_final_benign,-1,dns,app_proto+port
2025-07-19T23:03:13.736876+0700,103.195.142.75,185.67.45.231,30470,53,UDP,flow,dns,2069928044212233,,1,1,0,85,0,0.0,1,85,0,none,0,none,0,0,0,no_alert_unknown,no_alert_not_final_benign,-1,dns,app_proto+port
2025-07-19T23:03:13.737001+0700,103.195.142.196,87.98.154.73,53,27767,UDP,flow,failed,282400038793390,,1,1,0,1437,0,0.0,1,1437,0,none,0,none,0,0,0,no_alert_unknown,no_alert_not_final_benign,-1,dns,port
2025-07-19T23:03:13.737019+0700,103.195.142.74,202.134.0.155,31852,53,UDP,flow,dns,2205963428966669,,1,1,0,223,0,0.0,1,223,0,none,0,none,0,0,0,no_alert_unknown,no_alert_not_final_benign,-1,dns,app_proto+port
2025-07-19T23:03:13.737039+0700,103.195.142.165,87.98.154.113,53,21855,UDP,flow,failed,1752698364506397,,1,1,0,1437,0,0.0,1,1437,0,none,0,none,0,0,0,no_alert_unknown,no_alert_not_final_benign,-1,dns,port
2025-07-19T23:03:13.737058+0700,103.195.142.165,87.98.154.193,53,26031,UDP,flow,failed,309534042173745,,1,1,0,1437,0,0.0,1,1437,0,none,0,none,0,0,0,no_alert_unknown,no_alert_not_final_benign,-1,dns,port
2025-07-19T23:03:13.737076+0700,103.195.142.74,118.98.44.20,41230,53,UDP,flow,dns,456160859861301,,1,1,0,109,0,0.0,1,109,0,none,0,none,0,0,0,no_alert_unknown,no_alert_not_final_benign,-1,dns,app_proto+port
2025-07-19T23:03:13.737096+0700,103.195.142.76,87.98.154.246,53,17209,UDP,flow,failed,474717869322593,,1,1,0,1469,0,0.0,1,1469,0,none,0,none,0,0,0,no_alert_unknown,no_alert_not_final_benign,-1,dns,port
2025-07-19T23:03:13.737147+0700,103.195.142.74,118.98.44.50,8938,53,UDP,flow,dns,2155388777214310,,1,1,0,91,0,0.0,1,91,0,none,0,none,0,0,0,no_alert_unknown,no_alert_not_final_benign,-1,dns,app_proto+port
2025-07-19T23:03:13.737211+0700,103.195.142.74,118.98.44.20,24089,53,UDP,flow,dns,1996506673459691,,1,1,0,68,0,0.0,1,68,0,none,0,none,0,0,0,no_alert_unknown,no_alert_not_final_benign,-1,dns,app_proto+port
2025-07-19T23:03:13.737231+0700,103.195.142.165,87.98.154.119,53,1827,UDP,flow,failed,454281392960015,,1,1,0,1437,0,0.0,1,1437,0,none,0,none,0,0,0,no_alert_unknown,no_alert_not_final_benign,-1,dns,port
2025-07-19T23:03:13.737285+0700,103.195.142.74,118.98.44.50,48377,53,UDP,flow,dns,1906452305687114,,1,1,0,80,0,0.0,1,80,0,none,0,none,0,0,0,no_alert_unknown,no_alert_not_final_benign,-1,dns,app_proto+port
2025-07-19T23:03:13.737306+0700,103.195.142.165,87.98.154.169,53,11443,UDP,flow,failed,1703082834932353,,1,1,0,1437,0,0.0,1,1437,0,none,0,none,0,0,0,no_alert_unknown,no_alert_not_final_benign,-1,dns,port
2025-07-19T23:03:13.737324+0700,103.195.142.165,87.98.154.249,53,16229,UDP,flow,failed,2125697816539802,,1,1,0,1437,0,0.0,1,1437,0,none,0,none,0,0,0,no_alert_unknown,no_alert_not_final_benign,-1,dns,port
2025-07-19T23:03:13.737344+0700,103.195.142.74,202.134.0.155,9332,53,UDP,flow,dns,1884235121570458,,1,1,0,223,0,0.0,1,223,0,none,0,none,0,0,0,no_alert_unknown,no_alert_not_final_benign,-1,dns,app_proto+port
2025-07-19T23:03:13.737396+0700,103.195.142.2,74.114.31.157,53,57725,UDP,flow,failed,152393779524325,,1,1,0,196,0,0.0,1,196,0,none,0,none,0,0,0,no_alert_unknown,no_alert_not_final_benign,-1,dns,port
2025-07-19T23:03:13.737418+0700,103.195.142.74,118.98.44.50,16258,53,UDP,flow,dns,271898315076327,,1,1,0,81,0,0.0,1,81,0,none,0,none,0,0,0,no_alert_unknown,no_alert_not_final_benign,-1,dns,app_proto+port
2025-07-19T23:03:13.737440+0700,103.195.142.165,87.98.154.118,53,52693,UDP,flow,failed,201772639335171,,1,1,0,1437,0,0.0,1,1437,0,none,0,none,0,0,0,no_alert_unknown,no_alert_not_final_benign,-1,dns,port
2025-07-19T23:03:13.737459+0700,103.195.142.83,87.98.154.119,53,6635,UDP,flow,failed,118610461602563,,1,1,0,1190,0,0.0,1,1190,0,none,0,none,0,0,0,no_alert_unknown,no_alert_not_final_benign,-1,dns,port
2025-07-19T23:03:13.737503+0700,103.195.142.46,87.98.154.71,53,16193,UDP,flow,failed,507653493502830,,1,1,0,1437,0,0.0,1,1437,0,none,0,none,0,0,0,no_alert_unknown,no_alert_not_final_benign,-1,dns,port
2025-07-19T23:03:13.737545+0700,103.195.142.46,87.98.154.119,53,2682,UDP,flow,failed,1947153195545527,,1,1,0,1437,0,0.0,1,1437,0,none,0,none,0,0,0,no_alert_unknown,no_alert_not_final_benign,-1,dns,port
2025-07-19T23:03:13.737615+0700,103.195.142.74,118.98.44.20,24061,53,UDP,flow,dns,2204630161503253,,1,1,0,138,0,0.0,1,138,0,none,0,none,0,0,0,no_alert_unknown,no_alert_not_final_benign,-1,dns,app_proto+port
2025-07-19T23:03:13.737653+0700,103.195.142.195,87.98.154.84,53,39381,UDP,flow,failed,476676529599553,,1,1,0,1437,0,0.0,1,1437,0,none,0,none,0,0,0,no_alert_unknown,no_alert_not_final_benign,-1,dns,port
2025-07-19T23:03:13.737671+0700,103.195.142.74,8.148.43.230,49311,53,UDP,flow,dns,36803370300522,,1,1,0,98,0,0.0,1,98,0,none,0,none,0,0,0,no_alert_unknown,no_alert_not_final_benign,-1,dns,app_proto+port
2025-07-19T23:03:13.737695+0700,103.195.142.74,118.98.44.100,63605,53,UDP,flow,dns,2065914448327809,,1,1,0,78,0,0.0,1,78,0,none,0,none,0,0,0,no_alert_unknown,no_alert_not_final_benign,-1,dns,app_proto+port
2025-07-19T23:03:13.737723+0700,103.195.142.195,87.98.154.140,53,29352,UDP,flow,failed,2017422466823301,,1,1,0,1437,0,0.0,1,1437,0,none,0,none,0,0,0,no_alert_unknown,no_alert_not_final_benign,-1,dns,port
2025-07-19T23:03:13.737757+0700,103.195.142.165,87.98.154.119,53,53162,UDP,flow,failed,151317871080651,,1,1,0,1437,0,0.0,1,1437,0,none,0,none,0,0,0,no_alert_unknown,no_alert_not_final_benign,-1,dns,port
2025-07-19T23:03:13.737814+0700,103.195.142.3,172.253.236.208,53,53190,UDP,flow,failed,72585455154631,,1,1,0,230,0,0.0,1,230,0,none,0,none,0,0,0,no_alert_unknown,no_alert_not_final_benign,-1,dns,port
2025-07-19T23:03:13.737837+0700,103.195.142.83,87.98.154.98,53,35406,UDP,flow,failed,125862496581078,,1,1,0,1190,0,0.0,1,1190,0,none,0,none,0,0,0,no_alert_unknown,no_alert_not_final_benign,-1,dns,port
2025-07-19T23:03:13.737857+0700,103.195.142.74,118.98.44.20,58315,53,UDP,flow,dns,172832933950937,,1,1,0,107,0,0.0,1,107,0,none,0,none,0,0,0,no_alert_unknown,no_alert_not_final_benign,-1,dns,app_proto+port
2025-07-19T23:03:13.737913+0700,103.195.142.74,118.98.44.100,42845,53,UDP,flow,dns,142516664612334,,1,1,0,140,0,0.0,1,140,0,none,0,none,0,0,0,no_alert_unknown,no_alert_not_final_benign,-1,dns,app_proto+port
2025-07-19T23:03:13.737934+0700,103.195.142.74,118.98.44.50,65153,53,UDP,flow,dns,2178454614390279,,1,2,0,204,0,7.0,2,204,0,none,0,none,0,0,0,no_alert_unknown,no_alert_not_final_benign,-1,dns,app_proto+port
2025-07-19T23:03:13.737964+0700,103.195.142.46,87.98.154.243,53,35516,UDP,flow,failed,2205997453031029,,1,3,0,4311,0,9.0,3,4311,0,none,0,none,0,0,0,no_alert_unknown,no_alert_not_final_benign,-1,dns,port
2025-07-19T23:03:13.738004+0700,103.195.142.74,202.134.0.155,39055,53,UDP,flow,dns,40271419946709,,1,1,0,120,0,0.0,1,120,0,none,0,none,0,0,0,no_alert_unknown,no_alert_not_final_benign,-1,dns,app_proto+port
2025-07-19T23:03:13.738023+0700,103.195.142.109,87.98.154.119,53,43524,UDP,flow,failed,2137456726914785,,1,1,0,1437,0,0.0,1,1437,0,none,0,none,0,0,0,no_alert_unknown,no_alert_not_final_benign,-1,dns,port
2025-07-19T23:03:13.738073+0700,103.195.142.2,66.185.122.246,53,52084,UDP,flow,failed,552445700028167,,1,1,0,177,0,0.0,1,177,0,none,0,none,0,0,0,no_alert_unknown,no_alert_not_final_benign,-1,dns,port
2025-07-19T23:03:13.738166+0700,103.195.142.2,13.250.186.193,53,30983,UDP,flow,failed,64119896684327,,1,1,0,196,0,0.0,1,196,0,none,0,none,0,0,0,no_alert_unknown,no_alert_not_final_benign,-1,dns,port
2025-07-19T23:03:13.738225+0700,103.195.142.109,87.98.154.33,53,14795,UDP,flow,failed,1721594525988713,,1,1,0,1437,0,0.0,1,1437,0,none,0,none,0,0,0,no_alert_unknown,no_alert_not_final_benign,-1,dns,port
2025-07-19T23:03:13.738258+0700,103.195.142.74,118.98.44.100,44218,53,UDP,flow,dns,460371420460929,,1,1,0,117,0,0.0,1,117,0,none,0,none,0,0,0,no_alert_unknown,no_alert_not_final_benign,-1,dns,app_proto+port
2025-07-19T23:03:13.738279+0700,103.195.142.109,87.98.154.13,53,42588,UDP,flow,failed,301180481714053,,1,1,0,1437,0,0.0,1,1437,0,none,0,none,0,0,0,no_alert_unknown,no_alert_not_final_benign,-1,dns,port
2025-07-19T23:03:13.738327+0700,103.195.142.75,8.8.8.8,4453,53,UDP,flow,dns,213957358729133,,1,1,0,140,0,0.0,1,140,0,none,0,none,0,0,0,no_alert_unknown,no_alert_not_final_benign,-1,dns,app_proto+port
2025-07-19T23:03:13.738435+0700,103.195.142.76,87.98.154.119,53,47695,UDP,flow,failed,51599933192273,,1,1,0,1469,0,0.0,1,1469,0,none,0,none,0,0,0,no_alert_unknown,no_alert_not_final_benign,-1,dns,port
2025-07-19T23:03:13.738454+0700,103.195.142.74,118.98.44.20,54495,53,UDP,flow,dns,2067374294382712,,1,1,0,74,0,0.0,1,74,0,none,0,none,0,0,0,no_alert_unknown,no_alert_not_final_benign,-1,dns,app_proto+port
2025-07-19T23:03:13.738485+0700,103.195.142.76,87.98.154.119,53,10475,UDP,flow,failed,551987746257034,,1,1,0,1469,0,0.0,1,1469,0,none,0,none,0,0,0,no_alert_unknown,no_alert_not_final_benign,-1,dns,port
2025-07-19T23:03:13.738620+0700,103.195.142.74,118.98.44.20,34699,53,UDP,flow,dns,94685271439672,,1,1,0,223,0,0.0,1,223,0,none,0,none,0,0,0,no_alert_unknown,no_alert_not_final_benign,-1,dns,app_proto+port
2025-07-19T23:03:13.738659+0700,103.195.142.74,202.134.0.155,62215,53,UDP,flow,dns,2198460824369492,,1,1,0,106,0,0.0,1,106,0,none,0,none,0,0,0,no_alert_unknown,no_alert_not_final_benign,-1,dns,app_proto+port
2025-07-19T23:03:13.738678+0700,103.195.142.76,87.98.154.119,53,43339,UDP,flow,failed,2089672672295317,,1,1,0,1469,0,0.0,1,1469,0,none,0,none,0,0,0,no_alert_unknown,no_alert_not_final_benign,-1,dns,port
2025-07-19T23:03:13.738714+0700,103.195.142.74,118.98.44.20,36209,53,UDP,flow,dns,2115216694327765,,1,1,0,91,0,0.0,1,91,0,none,0,none,0,0,0,no_alert_unknown,no_alert_not_final_benign,-1,dns,app_proto+port
2025-07-19T23:03:13.738743+0700,103.195.142.75,8.8.8.8,31192,53,UDP,flow,dns,1729630587402736,,1,1,0,83,0,0.0,1,83,0,none,0,none,0,0,0,no_alert_unknown,no_alert_not_final_benign,-1,dns,app_proto+port
2025-07-19T23:03:13.738779+0700,103.195.142.195,87.98.154.119,53,26065,UDP,flow,failed,260555720112712,,1,1,0,1437,0,0.0,1,1437,0,none,0,none,0,0,0,no_alert_unknown,no_alert_not_final_benign,-1,dns,port
2025-07-19T23:03:13.738796+0700,103.195.142.74,202.134.0.155,45774,53,UDP,flow,dns,12317770594903,,1,1,0,68,0,0.0,1,68,0,none,0,none,0,0,0,no_alert_unknown,no_alert_not_final_benign,-1,dns,app_proto+port
2025-07-19T23:03:13.738814+0700,103.195.142.195,87.98.154.119,53,29374,UDP,flow,failed,272220498836098,,1,1,0,1437,0,0.0,1,1437,0,none,0,none,0,0,0,no_alert_unknown,no_alert_not_final_benign,-1,dns,port
2025-07-19T23:03:13.738831+0700,103.195.142.75,8.8.8.8,60138,53,UDP,flow,dns,1856231159118487,,1,1,0,82,0,0.0,1,82,0,none,0,none,0,0,0,no_alert_unknown,no_alert_not_final_benign,-1,dns,app_proto+port
2025-07-19T23:03:13.738849+0700,103.195.142.74,202.134.0.155,29832,53,UDP,flow,dns,1694214586579631,,1,1,0,68,0,0.0,1,68,0,none,0,none,0,0,0,no_alert_unknown,no_alert_not_final_benign,-1,dns,app_proto+port
2025-07-19T23:03:13.738869+0700,103.195.142.195,87.98.154.116,53,61273,UDP,flow,failed,314111831522056,,1,1,0,1437,0,0.0,1,1437,0,none,0,none,0,0,0,no_alert_unknown,no_alert_not_final_benign,-1,dns,port
2025-07-19T23:03:13.738906+0700,103.195.142.74,118.98.44.50,21813,53,UDP,flow,dns,238332857891597,,1,1,0,93,0,0.0,1,93,0,none,0,none,0,0,0,no_alert_unknown,no_alert_not_final_benign,-1,dns,app_proto+port
2025-07-19T23:03:13.738947+0700,103.195.142.74,202.134.0.155,15920,53,UDP,flow,dns,173262363966277,,1,1,0,94,0,0.0,1,94,0,none,0,none,0,0,0,no_alert_unknown,no_alert_not_final_benign,-1,dns,app_proto+port
2025-07-19T23:03:13.738976+0700,103.195.142.109,87.98.154.213,53,11249,UDP,flow,failed,2247007398935481,,1,3,0,4311,0,9.0,3,4311,0,none,0,none,0,0,0,no_alert_unknown,no_alert_not_final_benign,-1,dns,port
2025-07-19T23:03:13.739028+0700,103.195.142.74,118.98.44.100,53447,53,UDP,flow,dns,136250094795858,,1,1,0,211,0,0.0,1,211,0,none,0,none,0,0,0,no_alert_unknown,no_alert_not_final_benign,-1,dns,app_proto+port
2025-07-19T23:03:13.739121+0700,103.195.142.83,87.98.154.42,53,24734,UDP,flow,failed,1409663247006820,,1,3,0,3570,0,9.0,3,3570,0,none,0,none,0,0,0,no_alert_unknown,no_alert_not_final_benign,-1,dns,port
2025-07-19T23:03:13.739168+0700,103.195.142.109,87.98.154.13,53,60953,UDP,flow,failed,1623295420546419,,1,3,0,4311,0,10.0,3,4311,0,none,0,none,0,0,0,no_alert_unknown,no_alert_not_final_benign,-1,dns,port
2025-07-19T23:03:13.739185+0700,103.195.142.74,118.98.44.100,63186,53,UDP,flow,dns,37261535690219,,1,1,0,120,0,0.0,1,120,0,none,0,none,0,0,0,no_alert_unknown,no_alert_not_final_benign,-1,dns,app_proto+port
2025-07-19T23:03:13.739216+0700,103.195.142.195,87.98.154.119,53,44656,UDP,flow,failed,237325750124012,,1,1,0,1437,0,0.0,1,1437,0,none,0,none,0,0,0,no_alert_unknown,no_alert_not_final_benign,-1,dns,port
2025-07-19T23:03:13.739283+0700,103.195.142.195,87.98.154.119,53,14745,UDP,flow,failed,544013111344726,,1,1,0,1437,0,0.0,1,1437,0,none,0,none,0,0,0,no_alert_unknown,no_alert_not_final_benign,-1,dns,port
2025-07-19T23:03:13.739319+0700,103.195.142.2,203.119.13.184,53,44148,UDP,flow,failed,2204261124751073,,1,1,0,133,0,0.0,1,133,0,none,0,none,0,0,0,no_alert_unknown,no_alert_not_final_benign,-1,dns,port
2025-07-19T23:03:13.739356+0700,103.195.142.109,87.98.154.241,53,2803,UDP,flow,failed,1883192239734498,,1,1,0,1437,0,0.0,1,1437,0,none,0,none,0,0,0,no_alert_unknown,no_alert_not_final_benign,-1,dns,port
2025-07-19T23:03:13.739412+0700,103.195.142.83,87.98.154.214,53,56281,UDP,flow,failed,97120877559590,,1,1,0,1190,0,0.0,1,1190,0,none,0,none,0,0,0,no_alert_unknown,no_alert_not_final_benign,-1,dns,port
2025-07-19T23:03:13.739505+0700,103.195.142.76,87.98.154.10,53,63402,UDP,flow,failed,524543136972698,,1,1,0,1469,0,0.0,1,1469,0,none,0,none,0,0,0,no_alert_unknown,no_alert_not_final_benign,-1,dns,port
2025-07-19T23:03:13.739556+0700,103.195.142.76,87.98.154.119,53,55487,UDP,flow,failed,1996655003123806,,1,1,0,1469,0,0.0,1,1469,0,none,0,none,0,0,0,no_alert_unknown,no_alert_not_final_benign,-1,dns,port
2025-07-19T23:03:13.739586+0700,103.195.142.74,118.98.44.20,10923,53,UDP,flow,dns,173579501387928,,1,1,0,232,0,0.0,1,232,0,none,0,none,0,0,0,no_alert_unknown,no_alert_not_final_benign,-1,dns,app_proto+port
2025-07-19T23:03:13.739627+0700,103.195.142.3,172.217.43.148,53,59144,UDP,flow,failed,2093934262567279,,1,1,0,156,0,0.0,1,156,0,none,0,none,0,0,0,no_alert_unknown,no_alert_not_final_benign,-1,dns,port
2025-07-19T23:03:13.739645+0700,103.195.142.195,87.98.154.119,53,34654,UDP,flow,failed,1837982298751359,,1,1,0,1437,0,0.0,1,1437,0,none,0,none,0,0,0,no_alert_unknown,no_alert_not_final_benign,-1,dns,port
2025-07-19T23:03:13.739662+0700,103.195.142.83,87.98.154.119,53,26312,UDP,flow,failed,1895733995913927,,1,1,0,1190,0,0.0,1,1190,0,none,0,none,0,0,0,no_alert_unknown,no_alert_not_final_benign,-1,dns,port
2025-07-19T23:03:13.739679+0700,103.195.142.109,87.98.154.119,53,36722,UDP,flow,failed,2066334138450678,,1,1,0,1437,0,0.0,1,1437,0,none,0,none,0,0,0,no_alert_unknown,no_alert_not_final_benign,-1,dns,port
2025-07-19T23:03:13.739723+0700,103.195.142.165,87.98.154.119,53,12503,UDP,flow,failed,1876695201563411,,1,1,0,1437,0,0.0,1,1437,0,none,0,none,0,0,0,no_alert_unknown,no_alert_not_final_benign,-1,dns,port
2025-07-19T23:03:13.739741+0700,103.195.142.2,18.140.177.102,53,8261,UDP,flow,failed,18228493501213,,1,1,0,153,0,0.0,1,153,0,none,0,none,0,0,0,no_alert_unknown,no_alert_not_final_benign,-1,dns,port
2025-07-19T23:03:13.739785+0700,103.195.142.165,87.98.154.119,53,30337,UDP,flow,failed,2138437636014956,,1,1,0,1437,0,0.0,1,1437,0,none,0,none,0,0,0,no_alert_unknown,no_alert_not_final_benign,-1,dns,port
2025-07-19T23:03:13.739805+0700,103.195.142.46,87.98.154.119,53,3558,UDP,flow,failed,162872413340553,,1,1,0,1437,0,0.0,1,1437,0,none,0,none,0,0,0,no_alert_unknown,no_alert_not_final_benign,-1,dns,port
2025-07-19T23:03:13.739823+0700,103.195.142.165,87.98.154.117,53,17751,UDP,flow,failed,2206654546592746,,1,1,0,1437,0,0.0,1,1437,0,none,0,none,0,0,0,no_alert_unknown,no_alert_not_final_benign,-1,dns,port
2025-07-19T23:03:13.739873+0700,103.195.142.76,87.98.154.119,53,56106,UDP,flow,failed,2021763654173804,,1,1,0,1469,0,0.0,1,1469,0,none,0,none,0,0,0,no_alert_unknown,no_alert_not_final_benign,-1,dns,port
2025-07-19T23:03:13.739891+0700,103.195.142.74,202.134.0.155,51787,53,UDP,flow,dns,2099769131680948,,1,1,0,68,0,0.0,1,68,0,none,0,none,0,0,0,no_alert_unknown,no_alert_not_final_benign,-1,dns,app_proto+port
2025-07-19T23:03:13.739911+0700,103.195.142.74,118.98.44.100,36648,53,UDP,flow,dns,492074451748106,,1,1,0,214,0,0.0,1,214,0,none,0,none,0,0,0,no_alert_unknown,no_alert_not_final_benign,-1,dns,app_proto+port
2025-07-19T23:03:13.740047+0700,103.195.142.3,172.217.32.146,53,62343,UDP,flow,failed,2245896859698856,,1,1,0,163,0,0.0,1,163,0,none,0,none,0,0,0,no_alert_unknown,no_alert_not_final_benign,-1,dns,port
2025-07-19T23:03:13.740089+0700,103.195.142.165,87.98.154.119,53,50827,UDP,flow,failed,442301731063492,,1,1,0,1437,0,0.0,1,1437,0,none,0,none,0,0,0,no_alert_unknown,no_alert_not_final_benign,-1,dns,port
2025-07-19T23:03:13.740122+0700,103.195.142.83,87.98.154.119,53,48296,UDP,flow,failed,1999921899587304,,1,1,0,1190,0,0.0,1,1190,0,none,0,none,0,0,0,no_alert_unknown,no_alert_not_final_benign,-1,dns,port
2025-07-19T23:03:13.740140+0700,103.195.142.76,87.98.154.158,53,12258,UDP,flow,failed,2113665734559480,,1,1,0,1469,0,0.0,1,1469,0,none,0,none,0,0,0,no_alert_unknown,no_alert_not_final_benign,-1,dns,port
2025-07-19T23:03:13.740156+0700,103.195.142.75,8.8.8.8,56704,53,UDP,flow,dns,2211667344312199,,1,1,0,91,0,0.0,1,91,0,none,0,none,0,0,0,no_alert_unknown,no_alert_not_final_benign,-1,dns,app_proto+port
2025-07-19T23:03:13.740194+0700,103.195.142.74,118.98.44.20,19444,53,UDP,flow,dns,394344185218988,,1,1,0,223,0,0.0,1,223,0,none,0,none,0,0,0,no_alert_unknown,no_alert_not_final_benign,-1,dns,app_proto+port
2025-07-19T23:03:13.740256+0700,103.195.142.74,118.98.44.20,37336,53,UDP,flow,dns,370200790517867,,1,1,0,94,0,0.0,1,94,0,none,0,none,0,0,0,no_alert_unknown,no_alert_not_final_benign,-1,dns,app_proto+port
2025-07-19T23:03:13.740276+0700,103.195.142.83,87.98.154.119,53,26637,UDP,flow,failed,2225099381164139,,1,1,0,1190,0,0.0,1,1190,0,none,0,none,0,0,0,no_alert_unknown,no_alert_not_final_benign,-1,dns,port
2025-07-19T23:03:13.740295+0700,103.195.142.46,87.98.154.43,53,56424,UDP,flow,failed,428280090413191,,1,1,0,1437,0,0.0,1,1437,0,none,0,none,0,0,0,no_alert_unknown,no_alert_not_final_benign,-1,dns,port
2025-07-19T23:03:13.740360+0700,103.195.142.76,87.98.154.119,53,17445,UDP,flow,failed,276491602053416,,1,1,0,1469,0,0.0,1,1469,0,none,0,none,0,0,0,no_alert_unknown,no_alert_not_final_benign,-1,dns,port
2025-07-19T23:03:13.740406+0700,103.195.142.195,87.98.154.84,53,10058,UDP,flow,failed,2036066853341675,,1,1,0,1437,0,0.0,1,1437,0,none,0,none,0,0,0,no_alert_unknown,no_alert_not_final_benign,-1,dns,port
2025-07-19T23:03:13.740425+0700,103.195.142.74,118.98.44.100,3079,53,UDP,flow,dns,415709662956036,,1,1,0,211,0,0.0,1,211,0,none,0,none,0,0,0,no_alert_unknown,no_alert_not_final_benign,-1,dns,app_proto+port
2025-07-19T23:03:13.740459+0700,103.195.142.83,87.98.154.119,53,59363,UDP,flow,failed,36359442811403,,1,1,0,1190,0,0.0,1,1190,0,none,0,none,0,0,0,no_alert_unknown,no_alert_not_final_benign,-1,dns,port
2025-07-19T23:03:13.740523+0700,103.195.142.75,8.8.8.8,16929,53,UDP,flow,dns,1404962411465315,,1,2,0,456,0,4.0,2,456,0,none,0,none,0,0,0,no_alert_unknown,no_alert_not_final_benign,-1,dns,app_proto+port
2025-07-19T23:03:13.740548+0700,103.195.142.195,87.98.154.56,53,19010,UDP,flow,failed,198633727347390,,1,1,0,1437,0,0.0,1,1437,0,none,0,none,0,0,0,no_alert_unknown,no_alert_not_final_benign,-1,dns,port
2025-07-19T23:03:13.740609+0700,103.195.142.74,118.98.44.50,8382,53,UDP,flow,dns,104114429184839,,1,1,0,74,0,0.0,1,74,0,none,0,none,0,0,0,no_alert_unknown,no_alert_not_final_benign,-1,dns,app_proto+port
2025-07-19T23:03:13.740654+0700,103.195.142.76,87.98.154.214,53,10045,UDP,flow,failed,252869197253659,,1,1,0,1469,0,0.0,1,1469,0,none,0,none,0,0,0,no_alert_unknown,no_alert_not_final_benign,-1,dns,port
2025-07-19T23:03:13.740672+0700,103.195.142.74,202.134.0.155,51311,53,UDP,flow,dns,1946491404700701,,1,1,0,90,0,0.0,1,90,0,none,0,none,0,0,0,no_alert_unknown,no_alert_not_final_benign,-1,dns,app_proto+port
2025-07-19T23:03:13.740707+0700,103.195.142.74,118.98.44.50,4832,53,UDP,flow,dns,1865857145588834,,1,1,0,88,0,0.0,1,88,0,none,0,none,0,0,0,no_alert_unknown,no_alert_not_final_benign,-1,dns,app_proto+port
2025-07-19T23:03:13.740743+0700,103.195.142.74,118.98.44.50,45235,53,UDP,flow,dns,2023420855733406,,1,1,0,243,0,0.0,1,243,0,none,0,none,0,0,0,no_alert_unknown,no_alert_not_final_benign,-1,dns,app_proto+port
2025-07-19T23:03:13.740826+0700,103.195.142.196,87.98.154.119,53,17105,UDP,flow,failed,481254047435955,,1,1,0,1437,0,0.0,1,1437,0,none,0,none,0,0,0,no_alert_unknown,no_alert_not_final_benign,-1,dns,port
2025-07-19T23:03:13.740845+0700,103.195.142.75,8.8.8.8,17093,53,UDP,flow,dns,391928592223415,,1,1,0,68,0,0.0,1,68,0,none,0,none,0,0,0,no_alert_unknown,no_alert_not_final_benign,-1,dns,app_proto+port
2025-07-19T23:03:13.741052+0700,103.195.142.3,200.24.128.98,53,54296,UDP,flow,failed,459188077285073,,1,1,0,155,0,0.0,1,155,0,none,0,none,0,0,0,no_alert_unknown,no_alert_not_final_benign,-1,dns,port
2025-07-19T23:03:13.741071+0700,103.195.142.109,87.98.154.119,53,22863,UDP,flow,failed,240175984365398,,1,1,0,1437,0,0.0,1,1437,0,none,0,none,0,0,0,no_alert_unknown,no_alert_not_final_benign,-1,dns,port
2025-07-19T23:03:13.741088+0700,103.195.142.74,118.98.44.100,37555,53,UDP,flow,dns,181508228009882,,1,1,0,232,0,0.0,1,232,0,none,0,none,0,0,0,no_alert_unknown,no_alert_not_final_benign,-1,dns,app_proto+port
2025-07-19T23:03:13.741159+0700,103.195.142.196,87.98.154.193,53,2884,UDP,flow,failed,135627653992413,,1,1,0,1437,0,0.0,1,1437,0,none,0,none,0,0,0,no_alert_unknown,no_alert_not_final_benign,-1,dns,port
2025-07-19T23:03:13.741219+0700,103.195.142.83,87.98.154.119,53,37862,UDP,flow,failed,2038819171487937,,1,1,0,1190,0,0.0,1,1190,0,none,0,none,0,0,0,no_alert_unknown,no_alert_not_final_benign,-1,dns,port
2025-07-19T23:03:13.741235+0700,103.195.142.75,8.8.8.8,21734,53,UDP,flow,dns,260274951508183,,1,1,0,68,0,0.0,1,68,0,none,0,none,0,0,0,no_alert_unknown,no_alert_not_final_benign,-1,dns,app_proto+port
2025-07-19T23:03:13.741254+0700,103.195.142.109,87.98.154.119,53,37637,UDP,flow,failed,90917636821247,,1,1,0,1437,0,0.0,1,1437,0,none,0,none,0,0,0,no_alert_unknown,no_alert_not_final_benign,-1,dns,port
2025-07-19T23:03:13.741272+0700,103.195.142.74,202.134.0.155,22572,53,UDP,flow,dns,117136606318875,,1,1,0,72,0,0.0,1,72,0,none,0,none,0,0,0,no_alert_unknown,no_alert_not_final_benign,-1,dns,app_proto+port
2025-07-19T23:03:13.741291+0700,103.195.142.109,87.98.154.153,53,5796,UDP,flow,failed,1988802326319387,,1,1,0,1437,0,0.0,1,1437,0,none,0,none,0,0,0,no_alert_unknown,no_alert_not_final_benign,-1,dns,port
2025-07-19T23:03:13.741310+0700,103.195.142.195,87.98.154.119,53,42809,UDP,flow,failed,2006340211134761,,1,1,0,1437,0,0.0,1,1437,0,none,0,none,0,0,0,no_alert_unknown,no_alert_not_final_benign,-1,dns,port
2025-07-19T23:03:13.741372+0700,103.195.142.74,118.98.44.50,39821,53,UDP,flow,dns,2090838697530060,,1,1,0,68,0,0.0,1,68,0,none,0,none,0,0,0,no_alert_unknown,no_alert_not_final_benign,-1,dns,app_proto+port
2025-07-19T23:03:13.741404+0700,103.195.142.165,87.98.154.57,53,6940,UDP,flow,failed,70367031349977,,1,1,0,1437,0,0.0,1,1437,0,none,0,none,0,0,0,no_alert_unknown,no_alert_not_final_benign,-1,dns,port
2025-07-19T23:03:13.741442+0700,103.195.142.109,87.98.154.185,53,37024,UDP,flow,failed,2178877289943956,,1,3,0,4311,0,10.0,3,4311,0,none,0,none,0,0,0,no_alert_unknown,no_alert_not_final_benign,-1,dns,port
2025-07-19T23:03:13.741476+0700,103.195.142.2,172.253.211.27,53,33045,UDP,flow,failed,327986512417759,,1,1,0,223,0,0.0,1,223,0,none,0,none,0,0,0,no_alert_unknown,no_alert_not_final_benign,-1,dns,port
2025-07-19T23:03:13.741493+0700,103.195.142.74,118.98.44.50,45309,53,UDP,flow,dns,2249407607755891,,1,1,0,214,0,0.0,1,214,0,none,0,none,0,0,0,no_alert_unknown,no_alert_not_final_benign,-1,dns,app_proto+port
2025-07-19T23:03:13.741528+0700,103.195.142.74,202.134.0.155,36986,53,UDP,flow,dns,538409699792066,,1,1,0,130,0,0.0,1,130,0,none,0,none,0,0,0,no_alert_unknown,no_alert_not_final_benign,-1,dns,app_proto+port
2025-07-19T23:03:13.741570+0700,103.195.142.76,87.98.154.186,53,64221,UDP,flow,failed,1795134807495952,,1,1,0,1469,0,0.0,1,1469,0,none,0,none,0,0,0,no_alert_unknown,no_alert_not_final_benign,-1,dns,port
2025-07-19T23:03:13.741586+0700,103.195.142.109,87.98.154.205,53,24863,UDP,flow,failed,354160485618967,,1,1,0,1437,0,0.0,1,1437,0,none,0,none,0,0,0,no_alert_unknown,no_alert_not_final_benign,-1,dns,port
2025-07-19T23:03:13.744315+0700,103.195.142.74,118.98.44.100,12896,53,UDP,dns,,382062479637971,wire/pcap,0,0,0,0,0,0.0,0,0,0,none,0,none,0,0,0,no_alert_unknown,no_alert_not_final_benign,-1,dns,port
2025-07-19T23:03:13.753682+0700,103.195.142.74,118.98.44.50,9885,53,UDP,dns,,422292567144472,wire/pcap,0,0,0,0,0,0.0,0,0,0,none,0,none,0,0,0,no_alert_unknown,no_alert_not_final_benign,-1,dns,port
2025-07-19T23:03:13.767711+0700,103.195.142.74,118.98.44.20,41195,53,UDP,dns,,482545853208546,wire/pcap,0,0,0,0,0,0.0,0,0,0,none,0,none,0,0,0,no_alert_unknown,no_alert_not_final_benign,-1,dns,port
2025-07-19T23:03:13.770896+0700,103.195.142.74,118.98.44.50,32322,53,UDP,dns,,496225480024359,wire/pcap,0,0,0,0,0,0.0,0,0,0,none,0,none,0,0,0,no_alert_unknown,no_alert_not_final_benign,-1,dns,port
2025-07-19T23:03:13.771357+0700,103.195.142.74,118.98.44.50,21881,53,UDP,dns,,498205817279262,wire/pcap,0,0,0,0,0,0.0,0,0,0,none,0,none,0,0,0,no_alert_unknown,no_alert_not_final_benign,-1,dns,port
2025-07-19T23:03:13.805511+0700,103.195.142.74,118.98.44.50,4304,53,UDP,dns,,363421037087840,wire/pcap,0,0,0,0,0,0.0,0,0,0,none,0,none,0,0,0,no_alert_unknown,no_alert_not_final_benign,-1,dns,port
2025-07-19T23:03:13.834593+0700,103.195.142.74,202.134.0.155,13689,53,UDP,dns,,488328894847184,wire/pcap,0,0,0,0,0,0.0,0,0,0,none,0,none,0,0,0,no_alert_unknown,no_alert_not_final_benign,-1,dns,port
2025-07-19T23:03:13.857231+0700,103.195.142.75,8.8.8.8,17813,53,UDP,dns,,304082778552614,wire/pcap,0,0,0,0,0,0.0,0,0,0,none,0,none,0,0,0,no_alert_unknown,no_alert_not_final_benign,-1,dns,port
2025-07-19T23:03:13.874615+0700,103.195.142.74,118.98.44.50,2228,53,UDP,dns,,378744806847410,wire/pcap,0,0,0,0,0,0.0,0,0,0,none,0,none,0,0,0,no_alert_unknown,no_alert_not_final_benign,-1,dns,port
2025-07-19T23:03:13.874673+0700,103.195.142.74,118.98.44.20,33896,53,UDP,dns,,378992439931406,wire/pcap,0,0,0,0,0,0.0,0,0,0,none,0,none,0,0,0,no_alert_unknown,no_alert_not_final_benign,-1,dns,port
2025-07-19T23:03:13.875527+0700,103.195.142.74,118.98.44.50,11459,53,UDP,dns,,382662598581898,wire/pcap,0,0,0,0,0,0.0,0,0,0,none,0,none,0,0,0,no_alert_unknown,no_alert_not_final_benign,-1,dns,port
2025-07-19T23:03:13.890511+0700,103.195.142.74,202.134.0.155,48328,53,UDP,dns,,447016966333247,wire/pcap,0,0,0,0,0,0.0,0,0,0,none,0,none,0,0,0,no_alert_unknown,no_alert_not_final_benign,-1,dns,port
2025-07-19T23:03:13.902254+0700,103.195.142.196,87.98.154.129,53,14494,UDP,flow,failed,220283669173920,,1,1,0,1437,0,0.0,1,1437,0,none,0,none,0,0,0,no_alert_unknown,no_alert_not_final_benign,-1,dns,port
2025-07-19T23:03:13.924788+0700,103.195.142.108,8.8.8.8,1900,53,UDP,dns,,1216074754602613,wire/pcap,0,0,0,0,0,0.0,0,0,0,none,0,none,0,0,0,no_alert_unknown,no_alert_not_final_benign,-1,dns,port
2025-07-19T23:03:13.940419+0700,103.195.142.74,118.98.44.100,30857,53,UDP,dns,,379897355027086,wire/pcap,0,0,0,0,0,0.0,0,0,0,none,0,none,0,0,0,no_alert_unknown,no_alert_not_final_benign,-1,dns,port
2025-07-19T23:03:13.957693+0700,103.195.142.75,8.8.8.8,50574,53,UDP,dns,,454085525938334,wire/pcap,0,0,0,0,0,0.0,0,0,0,none,0,none,0,0,0,no_alert_unknown,no_alert_not_final_benign,-1,dns,port
2025-07-19T23:03:13.965404+0700,103.195.142.74,202.134.0.155,5963,53,UDP,dns,,487207384960584,wire/pcap,0,0,0,0,0,0.0,0,0,0,none,0,none,0,0,0,no_alert_unknown,no_alert_not_final_benign,-1,dns,port
2025-07-19T23:03:14.013482+0700,103.195.142.74,118.98.44.50,9143,53,UDP,flow,dns,987377664717410,,1,1,0,241,0,0.0,1,241,0,none,0,none,0,0,0,no_alert_unknown,no_alert_not_final_benign,-1,dns,app_proto+port
2025-07-19T23:03:14.025610+0700,103.195.142.74,118.98.44.100,60032,53,UDP,dns,,672945201641708,wire/pcap,0,0,0,0,0,0.0,0,0,0,none,0,none,0,0,0,no_alert_unknown,no_alert_not_final_benign,-1,dns,port
2025-07-19T23:03:14.025608+0700,103.195.142.75,8.8.8.8,45448,53,UDP,dns,,672937850252400,wire/pcap,0,0,0,0,0,0.0,0,0,0,none,0,none,0,0,0,no_alert_unknown,no_alert_not_final_benign,-1,dns,port
2025-07-19T23:03:14.036691+0700,103.195.142.74,202.134.0.155,23089,53,UDP,dns,,720540088235881,wire/pcap,0,0,0,0,0,0.0,0,0,0,none,0,none,0,0,0,no_alert_unknown,no_alert_not_final_benign,-1,dns,port
2025-07-19T23:03:14.039364+0700,103.195.142.74,118.98.44.50,23407,53,UDP,dns,,732019946673777,wire/pcap,0,0,0,0,0,0.0,0,0,0,none,0,none,0,0,0,no_alert_unknown,no_alert_not_final_benign,-1,dns,port
2025-07-19T23:03:14.039393+0700,103.195.142.75,8.8.8.8,61649,53,UDP,dns,,732143204984176,wire/pcap,0,0,0,0,0,0.0,0,0,0,none,0,none,0,0,0,no_alert_unknown,no_alert_not_final_benign,-1,dns,port
2025-07-19T23:03:14.049946+0700,103.195.142.74,118.98.44.50,2261,53,UDP,dns,,777469257602832,wire/pcap,0,0,0,0,0,0.0,0,0,0,none,0,none,0,0,0,no_alert_unknown,no_alert_not_final_benign,-1,dns,port
2025-07-19T23:03:14.078231+0700,103.195.142.74,118.98.44.50,17748,53,UDP,dns,,617475608102750,wire/pcap,0,0,0,0,0,0.0,0,0,0,none,0,none,0,0,0,no_alert_unknown,no_alert_not_final_benign,-1,dns,port
2025-07-19T23:03:14.084743+0700,103.195.142.74,50.28.104.44,17624,53,UDP,dns,,645444569953454,wire/pcap,0,0,0,0,0,0.0,0,0,0,none,0,none,0,0,0,no_alert_unknown,no_alert_not_final_benign,-1,dns,port
2025-07-19T23:03:14.090687+0700,103.195.142.74,118.98.44.100,11966,53,UDP,dns,,670975028347338,wire/pcap,0,0,0,0,0,0.0,0,0,0,none,0,none,0,0,0,no_alert_unknown,no_alert_not_final_benign,-1,dns,port
2025-07-19T23:03:14.129397+0700,103.195.142.74,118.98.44.20,43323,53,UDP,dns,,837233648642205,wire/pcap,0,0,0,0,0,0.0,0,0,0,none,0,none,0,0,0,no_alert_unknown,no_alert_not_final_benign,-1,dns,port
2025-07-19T23:03:14.129481+0700,103.195.142.74,118.98.44.50,46507,53,UDP,dns,,837594370460272,wire/pcap,0,0,0,0,0,0.0,0,0,0,none,0,none,0,0,0,no_alert_unknown,no_alert_not_final_benign,-1,dns,port
2025-07-19T23:03:14.151130+0700,103.195.142.75,8.8.8.8,16051,53,UDP,dns,,649102088387739,wire/pcap,0,0,0,0,0,0.0,0,0,0,none,0,none,0,0,0,no_alert_unknown,no_alert_not_final_benign,-1,dns,port
2025-07-19T23:03:14.179870+0700,103.195.142.74,118.98.44.50,49298,53,UDP,dns,,772538342494240,wire/pcap,0,0,0,0,0,0.0,0,0,0,none,0,none,0,0,0,no_alert_unknown,no_alert_not_final_benign,-1,dns,port
2025-07-19T23:03:14.193220+0700,103.195.142.74,118.98.44.50,55130,53,UDP,dns,,829875381148882,wire/pcap,0,0,0,0,0,0.0,0,0,0,none,0,none,0,0,0,no_alert_unknown,no_alert_not_final_benign,-1,dns,port
2025-07-19T23:03:14.199706+0700,103.195.142.74,118.98.44.100,55919,53,UDP,dns,,576256612484861,wire/pcap,0,0,0,0,0,0.0,0,0,0,none,0,none,0,0,0,no_alert_unknown,no_alert_not_final_benign,-1,dns,port
2025-07-19T23:03:14.201287+0700,103.195.142.74,202.134.0.155,55157,53,UDP,dns,,583046514206428,wire/pcap,0,0,0,0,0,0.0,0,0,0,none,0,none,0,0,0,no_alert_unknown,no_alert_not_final_benign,-1,dns,port
2025-07-19T23:03:14.216221+0700,103.195.142.74,118.98.44.50,31082,53,UDP,dns,,647191223315418,wire/pcap,0,0,0,0,0,0.0,0,0,0,none,0,none,0,0,0,no_alert_unknown,no_alert_not_final_benign,-1,dns,port
2025-07-19T23:03:14.223765+0700,103.195.142.74,118.98.44.100,52787,53,UDP,dns,,679591761278909,wire/pcap,0,0,0,0,0,0.0,0,0,0,none,0,none,0,0,0,no_alert_unknown,no_alert_not_final_benign,-1,dns,port
2025-07-19T23:03:14.227810+0700,103.195.142.75,8.8.8.8,13917,53,UDP,dns,,696961904707577,wire/pcap,0,0,0,0,0,0.0,0,0,0,none,0,none,0,0,0,no_alert_unknown,no_alert_not_final_benign,-1,dns,port
2025-07-19T23:03:14.238339+0700,103.195.142.75,8.8.8.8,59830,53,UDP,dns,,742187468808751,wire/pcap,0,0,0,0,0,0.0,0,0,0,none,0,none,0,0,0,no_alert_unknown,no_alert_not_final_benign,-1,dns,port
2025-07-19T23:03:14.248473+0700,103.195.142.74,202.134.0.155,27462,53,UDP,dns,,785710827121670,wire/pcap,0,0,0,0,0,0.0,0,0,0,none,0,none,0,0,0,no_alert_unknown,no_alert_not_final_benign,-1,dns,port
2025-07-19T23:03:14.249744+0700,103.195.142.74,34.8.38.57,2203,53,UDP,dns,,791167384296737,wire/pcap,0,0,0,0,0,0.0,0,0,0,none,0,none,0,0,0,no_alert_unknown,no_alert_not_final_benign,-1,dns,port
2025-07-19T23:03:14.250714+0700,103.195.142.74,118.98.44.50,34603,53,UDP,dns,,795335954958374,wire/pcap,0,0,0,0,0,0.0,0,0,0,none,0,none,0,0,0,no_alert_unknown,no_alert_not_final_benign,-1,dns,port
2025-07-19T23:03:14.253392+0700,103.195.142.74,118.98.44.20,58157,53,UDP,dns,,806837402984755,wire/pcap,0,0,0,0,0,0.0,0,0,0,none,0,none,0,0,0,no_alert_unknown,no_alert_not_final_benign,-1,dns,port
2025-07-19T23:03:14.263226+0700,103.195.142.74,50.28.104.44,44281,53,UDP,dns,,567600718653337,wire/pcap,0,0,0,0,0,0.0,0,0,0,none,0,none,0,0,0,no_alert_unknown,no_alert_not_final_benign,-1,dns,port
2025-07-19T23:03:14.274188+0700,103.195.142.74,202.134.0.155,42907,53,UDP,dns,,614682062025646,wire/pcap,0,0,0,0,0,0.0,0,0,0,none,0,none,0,0,0,no_alert_unknown,no_alert_not_final_benign,-1,dns,port
2025-07-19T23:03:14.275680+0700,103.195.142.75,34.8.196.142,38045,53,UDP,dns,,621089931412502,wire/pcap,0,0,0,0,0,0.0,0,0,0,none,0,none,0,0,0,no_alert_unknown,no_alert_not_final_benign,-1,dns,port
2025-07-19T23:03:14.283832+0700,103.195.142.74,50.28.104.44,20044,53,UDP,dns,,656101656059684,wire/pcap,0,0,0,0,0,0.0,0,0,0,none,0,none,0,0,0,no_alert_unknown,no_alert_not_final_benign,-1,dns,port
2025-07-19T23:03:14.294863+0700,103.195.142.74,118.98.44.100,5613,53,UDP,dns,,703477134993410,wire/pcap,0,0,0,0,0,0.0,0,0,0,none,0,none,0,0,0,no_alert_unknown,no_alert_not_final_benign,-1,dns,port
2025-07-19T23:03:14.295011+0700,103.195.142.74,118.98.44.50,33246,53,UDP,dns,,2014380390894002,wire/pcap,0,0,0,0,0,0.0,0,0,0,none,0,none,0,0,0,no_alert_unknown,no_alert_not_final_benign,-1,dns,port
2025-07-19T23:03:14.302279+0700,103.195.142.74,118.98.44.100,57818,53,UDP,dns,,735328673631085,wire/pcap,0,0,0,0,0,0.0,0,0,0,none,0,none,0,0,0,no_alert_unknown,no_alert_not_final_benign,-1,dns,port
2025-07-19T23:03:14.314512+0700,103.195.142.74,118.98.44.50,45555,53,UDP,dns,,787870801609405,wire/pcap,0,0,0,0,0,0.0,0,0,0,none,0,none,0,0,0,no_alert_unknown,no_alert_not_final_benign,-1,dns,port
2025-07-19T23:03:14.332966+0700,103.195.142.74,202.134.0.155,44515,53,UDP,dns,,585654723482305,wire/pcap,0,0,0,0,0,0.0,0,0,0,none,0,none,0,0,0,no_alert_unknown,no_alert_not_final_benign,-1,dns,port
2025-07-19T23:03:14.344353+0700,103.195.142.74,118.98.44.50,9271,53,UDP,dns,,634560347620548,wire/pcap,0,0,0,0,0,0.0,0,0,0,none,0,none,0,0,0,no_alert_unknown,no_alert_not_final_benign,-1,dns,port
2025-07-19T23:03:14.344650+0700,103.195.142.75,8.8.8.8,15129,53,UDP,dns,,635837230026673,wire/pcap,0,0,0,0,0,0.0,0,0,0,none,0,none,0,0,0,no_alert_unknown,no_alert_not_final_benign,-1,dns,port
2025-07-19T23:03:14.365746+0700,103.195.142.74,202.134.0.155,65138,53,UDP,dns,,726445542436916,wire/pcap,0,0,0,0,0,0.0,0,0,0,none,0,none,0,0,0,no_alert_unknown,no_alert_not_final_benign,-1,dns,port
2025-07-19T23:03:14.380519+0700,103.195.142.74,118.98.44.20,23068,53,UDP,dns,,789895508995389,wire/pcap,0,0,0,0,0,0.0,0,0,0,none,0,none,0,0,0,no_alert_unknown,no_alert_not_final_benign,-1,dns,port
2025-07-19T23:03:14.382835+0700,103.195.142.74,118.98.44.100,41346,53,UDP,dns,,799842215393126,wire/pcap,0,0,0,0,0,0.0,0,0,0,none,0,none,0,0,0,no_alert_unknown,no_alert_not_final_benign,-1,dns,port
2025-07-19T23:03:14.391930+0700,103.195.142.74,118.98.44.50,53800,53,UDP,dns,,838903700974533,wire/pcap,0,0,0,0,0,0.0,0,0,0,none,0,none,0,0,0,no_alert_unknown,no_alert_not_final_benign,-1,dns,port
2025-07-19T23:03:14.397149+0700,103.195.142.75,8.8.8.8,3380,53,UDP,dns,,579844923400312,wire/pcap,0,0,0,0,0,0.0,0,0,0,none,0,none,0,0,0,no_alert_unknown,no_alert_not_final_benign,-1,dns,port
2025-07-19T23:03:14.406129+0700,103.195.142.75,8.8.8.8,42137,53,UDP,dns,,618411505360118,wire/pcap,0,0,0,0,0,0.0,0,0,0,none,0,none,0,0,0,no_alert_unknown,no_alert_not_final_benign,-1,dns,port
2025-07-19T23:03:14.421821+0700,103.195.142.74,202.134.0.155,53961,53,UDP,dns,,685810719244296,wire/pcap,0,0,0,0,0,0.0,0,0,0,none,0,none,0,0,0,no_alert_unknown,no_alert_not_final_benign,-1,dns,port
2025-07-19T23:03:14.421981+0700,103.195.142.74,118.98.44.20,56161,53,UDP,dns,,686497281882024,wire/pcap,0,0,0,0,0,0.0,0,0,0,none,0,none,0,0,0,no_alert_unknown,no_alert_not_final_benign,-1,dns,port
2025-07-19T23:03:14.443590+0700,103.195.142.74,118.98.44.100,43377,53,UDP,dns,,779304994592519,wire/pcap,0,0,0,0,0,0.0,0,0,0,none,0,none,0,0,0,no_alert_unknown,no_alert_not_final_benign,-1,dns,port
2025-07-19T23:03:14.443658+0700,103.195.142.75,8.8.8.8,27601,53,UDP,dns,,779596885063738,wire/pcap,0,0,0,0,0,0.0,0,0,0,none,0,none,0,0,0,no_alert_unknown,no_alert_not_final_benign,-1,dns,port
2025-07-19T23:03:14.481425+0700,103.185.193.21,1.1.1.1,44444,53,UDP,dns,,660331560035898,wire/pcap,0,0,0,0,0,0.0,0,0,0,none,0,none,0,0,0,no_alert_unknown,no_alert_not_final_benign,-1,dns,port
2025-07-19T23:03:14.482015+0700,103.195.142.74,202.134.0.155,43259,53,UDP,dns,,662864771612734,wire/pcap,0,0,0,0,0,0.0,0,0,0,none,0,none,0,0,0,no_alert_unknown,no_alert_not_final_benign,-1,dns,port
2025-07-19T23:03:14.482108+0700,103.195.142.74,118.98.44.100,18048,53,UDP,dns,,663266443739680,wire/pcap,0,0,0,0,0,0.0,0,0,0,none,0,none,0,0,0,no_alert_unknown,no_alert_not_final_benign,-1,dns,port
2025-07-19T23:03:14.504437+0700,103.195.142.74,202.134.0.155,53333,53,UDP,dns,,759165716567020,wire/pcap,0,0,0,0,0,0.0,0,0,0,none,0,none,0,0,0,no_alert_unknown,no_alert_not_final_benign,-1,dns,port
2025-07-19T23:03:14.510815+0700,103.195.142.74,118.98.44.100,49433,53,UDP,dns,,786560543193696,wire/pcap,0,0,0,0,0,0.0,0,0,0,none,0,none,0,0,0,no_alert_unknown,no_alert_not_final_benign,-1,dns,port
2025-07-19T23:03:14.511973+0700,103.195.142.74,118.98.44.20,47303,53,UDP,dns,,791533003953422,wire/pcap,0,0,0,0,0,0.0,0,0,0,none,0,none,0,0,0,no_alert_unknown,no_alert_not_final_benign,-1,dns,port
2025-07-19T23:03:14.514969+0700,103.195.142.76,87.98.154.119,53,24032,UDP,flow,failed,1028979045465313,,1,1,0,1469,0,0.0,1,1469,0,none,0,none,0,0,0,no_alert_unknown,no_alert_not_final_benign,-1,dns,port
2025-07-19T23:03:14.547351+0700,103.195.142.74,118.98.44.100,25042,53,UDP,dns,,662007191122229,wire/pcap,0,0,0,0,0,0.0,0,0,0,none,0,none,0,0,0,no_alert_unknown,no_alert_not_final_benign,-1,dns,port
2025-07-19T23:03:14.547503+0700,103.195.142.75,8.8.8.8,13475,53,UDP,dns,,662661768947958,wire/pcap,0,0,0,0,0,0.0,0,0,0,none,0,none,0,0,0,no_alert_unknown,no_alert_not_final_benign,-1,dns,port
2025-07-19T23:03:14.570832+0700,103.195.142.74,118.98.44.100,46909,53,UDP,dns,,762857933820128,wire/pcap,0,0,0,0,0,0.0,0,0,0,none,0,none,0,0,0,no_alert_unknown,no_alert_not_final_benign,-1,dns,port
2025-07-19T23:03:14.574309+0700,103.195.142.74,118.98.44.20,58452,53,UDP,dns,,777789168451916,wire/pcap,0,0,0,0,0,0.0,0,0,0,none,0,none,0,0,0,no_alert_unknown,no_alert_not_final_benign,-1,dns,port
2025-07-19T23:03:14.583306+0700,103.195.142.75,8.8.8.8,31918,53,UDP,flow,dns,1095889533375032,,1,2,0,176,0,6.0,2,176,0,none,0,none,0,0,0,no_alert_unknown,no_alert_not_final_benign,-1,dns,app_proto+port
2025-07-19T23:03:14.601067+0700,103.195.142.74,202.134.0.155,30909,53,UDP,dns,,611238289445857,wire/pcap,0,0,0,0,0,0.0,0,0,0,none,0,none,0,0,0,no_alert_unknown,no_alert_not_final_benign,-1,dns,port
2025-07-19T23:03:14.607760+0700,103.195.142.74,118.98.44.50,8644,53,UDP,dns,,639985310162234,wire/pcap,0,0,0,0,0,0.0,0,0,0,none,0,none,0,0,0,no_alert_unknown,no_alert_not_final_benign,-1,dns,port
2025-07-19T23:03:14.609587+0700,103.195.142.74,118.98.44.50,34416,53,UDP,dns,,647834903238961,wire/pcap,0,0,0,0,0,0.0,0,0,0,none,0,none,0,0,0,no_alert_unknown,no_alert_not_final_benign,-1,dns,port
2025-07-19T23:03:14.619982+0700,103.195.142.74,118.98.44.20,21840,53,UDP,dns,,692480396440464,wire/pcap,0,0,0,0,0,0.0,0,0,0,none,0,none,0,0,0,no_alert_unknown,no_alert_not_final_benign,-1,dns,port
2025-07-19T23:03:14.620428+0700,103.195.142.74,118.98.44.100,2852,53,UDP,dns,,694394441227877,wire/pcap,0,0,0,0,0,0.0,0,0,0,none,0,none,0,0,0,no_alert_unknown,no_alert_not_final_benign,-1,dns,port
2025-07-19T23:03:14.621964+0700,103.195.142.74,118.98.44.20,14610,53,UDP,dns,,700991551727788,wire/pcap,0,0,0,0,0,0.0,0,0,0,none,0,none,0,0,0,no_alert_unknown,no_alert_not_final_benign,-1,dns,port
2025-07-19T23:03:14.626557+0700,103.195.142.74,118.98.44.50,62446,53,UDP,dns,,720720847614235,wire/pcap,0,0,0,0,0,0.0,0,0,0,none,0,none,0,0,0,no_alert_unknown,no_alert_not_final_benign,-1,dns,port
2025-07-19T23:03:14.669600+0700,103.195.142.75,8.8.8.8,18094,53,UDP,dns,,624111120601077,wire/pcap,0,0,0,0,0,0.0,0,0,0,none,0,none,0,0,0,no_alert_unknown,no_alert_not_final_benign,-1,dns,port
2025-07-19T23:03:14.694860+0700,103.195.142.75,8.8.8.8,50407,53,UDP,dns,,732601388124205,wire/pcap,0,0,0,0,0,0.0,0,0,0,none,0,none,0,0,0,no_alert_unknown,no_alert_not_final_benign,-1,dns,port
2025-07-19T23:03:14.695793+0700,103.195.142.74,118.98.44.100,23037,53,UDP,dns,,736612348292408,wire/pcap,0,0,0,0,0,0.0,0,0,0,none,0,none,0,0,0,no_alert_unknown,no_alert_not_final_benign,-1,dns,port
2025-07-19T23:03:14.702368+0700,103.195.142.74,118.98.44.20,22091,53,UDP,dns,,764851323535109,wire/pcap,0,0,0,0,0,0.0,0,0,0,none,0,none,0,0,0,no_alert_unknown,no_alert_not_final_benign,-1,dns,port
2025-07-19T23:03:14.705317+0700,103.195.142.75,216.38.8.120,27362,53,UDP,dns,,777513936542477,wire/pcap,0,0,0,0,0,0.0,0,0,0,none,0,none,0,0,0,no_alert_unknown,no_alert_not_final_benign,-1,dns,port
2025-07-19T23:03:14.725996+0700,103.195.142.76,87.98.154.74,53,30843,UDP,flow,failed,1906181567829421,,1,1,0,1469,0,0.0,1,1469,0,none,0,none,0,0,0,no_alert_unknown,no_alert_not_final_benign,-1,dns,port
2025-07-19T23:03:14.726023+0700,103.195.142.74,118.98.44.50,18635,53,UDP,flow,dns,125398610171331,,1,1,0,88,0,0.0,1,88,0,none,0,none,0,0,0,no_alert_unknown,no_alert_not_final_benign,-1,dns,app_proto+port
2025-07-19T23:03:14.726188+0700,103.195.142.75,8.8.8.8,13082,53,UDP,flow,dns,484382916761164,,1,1,0,88,0,0.0,1,88,0,none,0,none,0,0,0,no_alert_unknown,no_alert_not_final_benign,-1,dns,app_proto+port
2025-07-19T23:03:14.726230+0700,103.195.142.109,87.98.154.119,53,22177,UDP,flow,failed,2011379690002009,,1,1,0,1437,0,0.0,1,1437,0,none,0,none,0,0,0,no_alert_unknown,no_alert_not_final_benign,-1,dns,port
2025-07-19T23:03:14.726277+0700,103.195.142.74,118.98.44.50,23076,53,UDP,flow,dns,1115091667670711,,1,2,0,204,0,7.0,2,204,0,none,0,none,0,0,0,no_alert_unknown,no_alert_not_final_benign,-1,dns,app_proto+port
2025-07-19T23:03:14.726318+0700,103.195.142.2,172.217.44.221,53,43075,UDP,flow,failed,66265625483044,,1,1,0,172,0,0.0,1,172,0,none,0,none,0,0,0,no_alert_unknown,no_alert_not_final_benign,-1,dns,port
2025-07-19T23:03:14.726337+0700,103.195.142.46,87.98.154.243,53,16634,UDP,flow,failed,1982402360071988,,1,1,0,1437,0,0.0,1,1437,0,none,0,none,0,0,0,no_alert_unknown,no_alert_not_final_benign,-1,dns,port
2025-07-19T23:03:14.726356+0700,103.195.142.75,8.8.8.8,41073,53,UDP,flow,dns,276496077576006,,1,1,0,80,0,0.0,1,80,0,none,0,none,0,0,0,no_alert_unknown,no_alert_not_final_benign,-1,dns,app_proto+port
2025-07-19T23:03:14.726414+0700,103.195.142.74,118.98.44.100,37246,53,UDP,flow,dns,611369687603130,,1,1,0,93,0,0.0,1,93,0,none,0,none,0,0,0,no_alert_unknown,no_alert_not_final_benign,-1,dns,app_proto+port
2025-07-19T23:03:14.726436+0700,103.195.142.74,118.98.44.50,35871,53,UDP,flow,dns,2033572020377544,,1,1,0,97,0,0.0,1,97,0,none,0,none,0,0,0,no_alert_unknown,no_alert_not_final_benign,-1,dns,app_proto+port
2025-07-19T23:03:14.726539+0700,103.195.142.196,87.98.154.119,53,32984,UDP,flow,failed,310746787764529,,1,1,0,1437,0,0.0,1,1437,0,none,0,none,0,0,0,no_alert_unknown,no_alert_not_final_benign,-1,dns,port
2025-07-19T23:03:14.726586+0700,103.195.142.195,87.98.154.119,53,62477,UDP,flow,failed,2023090168879502,,1,1,0,1437,0,0.0,1,1437,0,none,0,none,0,0,0,no_alert_unknown,no_alert_not_final_benign,-1,dns,port
2025-07-19T23:03:14.726605+0700,103.195.142.46,87.98.154.119,53,41101,UDP,flow,failed,442183415585225,,1,1,0,1437,0,0.0,1,1437,0,none,0,none,0,0,0,no_alert_unknown,no_alert_not_final_benign,-1,dns,port
2025-07-19T23:03:14.726652+0700,103.195.142.75,8.8.8.8,3006,53,UDP,flow,dns,158525550516682,,1,1,0,88,0,0.0,1,88,0,none,0,none,0,0,0,no_alert_unknown,no_alert_not_final_benign,-1,dns,app_proto+port
2025-07-19T23:03:14.726675+0700,103.195.142.46,87.98.154.127,53,4317,UDP,flow,failed,192789261605357,,1,1,0,1437,0,0.0,1,1437,0,none,0,none,0,0,0,no_alert_unknown,no_alert_not_final_benign,-1,dns,port
2025-07-19T23:03:14.726715+0700,103.195.142.83,87.98.154.119,53,37491,UDP,flow,failed,20661712935822,,1,1,0,1190,0,0.0,1,1190,0,none,0,none,0,0,0,no_alert_unknown,no_alert_not_final_benign,-1,dns,port
2025-07-19T23:03:14.726760+0700,103.195.142.165,87.98.154.119,53,58453,UDP,flow,failed,750597945777140,,1,1,0,1437,0,0.0,1,1437,0,none,0,none,0,0,0,no_alert_unknown,no_alert_not_final_benign,-1,dns,port
2025-07-19T23:03:14.726780+0700,103.195.142.83,87.98.154.98,53,12077,UDP,flow,failed,2243739380964356,,1,1,0,1190,0,0.0,1,1190,0,none,0,none,0,0,0,no_alert_unknown,no_alert_not_final_benign,-1,dns,port
2025-07-19T23:03:14.726798+0700,103.195.142.195,87.98.154.119,53,33157,UDP,flow,failed,668217553214519,,1,1,0,1437,0,0.0,1,1437,0,none,0,none,0,0,0,no_alert_unknown,no_alert_not_final_benign,-1,dns,port
2025-07-19T23:03:14.726817+0700,103.195.142.74,118.98.44.50,24826,53,UDP,flow,dns,269365373262918,,1,1,0,211,0,0.0,1,211,0,none,0,none,0,0,0,no_alert_unknown,no_alert_not_final_benign,-1,dns,app_proto+port
2025-07-19T23:03:14.726858+0700,103.195.142.109,87.98.154.69,53,56095,UDP,flow,failed,439839998893177,,1,1,0,1437,0,0.0,1,1437,0,none,0,none,0,0,0,no_alert_unknown,no_alert_not_final_benign,-1,dns,port
2025-07-19T23:03:14.726886+0700,103.195.142.76,87.98.154.130,53,54813,UDP,flow,failed,503147456519492,,1,1,0,1469,0,0.0,1,1469,0,none,0,none,0,0,0,no_alert_unknown,no_alert_not_final_benign,-1,dns,port
2025-07-19T23:03:14.726947+0700,103.195.142.165,87.98.154.201,53,58584,UDP,flow,failed,2020560078462343,,1,3,0,4311,0,9.0,3,4311,0,none,0,none,0,0,0,no_alert_unknown,no_alert_not_final_benign,-1,dns,port
2025-07-19T23:03:14.726970+0700,103.195.142.76,87.98.154.119,53,15955,UDP,flow,failed,357335294369214,,1,1,0,1469,0,0.0,1,1469,0,none,0,none,0,0,0,no_alert_unknown,no_alert_not_final_benign,-1,dns,port
2025-07-19T23:03:14.726974+0700,103.195.142.74,202.134.0.155,47942,53,UDP,dns,,589056175846645,wire/pcap,0,0,0,0,0,0.0,0,0,0,none,0,none,0,0,0,no_alert_unknown,no_alert_not_final_benign,-1,dns,port
2025-07-19T23:03:14.727033+0700,103.195.142.83,87.98.154.117,53,16297,UDP,flow,failed,542958646025739,,1,1,0,1190,0,0.0,1,1190,0,none,0,none,0,0,0,no_alert_unknown,no_alert_not_final_benign,-1,dns,port
2025-07-19T23:03:14.727082+0700,103.195.142.2,192.178.115.216,53,56887,UDP,flow,failed,813191973854786,,1,1,0,159,0,0.0,1,159,0,none,0,none,0,0,0,no_alert_unknown,no_alert_not_final_benign,-1,dns,port
2025-07-19T23:03:14.727130+0700,103.195.142.74,118.98.44.100,54748,53,UDP,flow,dns,423254806453846,,1,1,0,96,0,0.0,1,96,0,none,0,none,0,0,0,no_alert_unknown,no_alert_not_final_benign,-1,dns,app_proto+port
2025-07-19T23:03:14.727153+0700,103.195.142.165,87.98.154.119,53,3164,UDP,flow,failed,431791395462746,,1,1,0,1437,0,0.0,1,1437,0,none,0,none,0,0,0,no_alert_unknown,no_alert_not_final_benign,-1,dns,port
2025-07-19T23:03:14.727174+0700,103.195.142.74,118.98.44.20,50501,53,UDP,flow,dns,749809366359793,,1,1,0,196,0,0.0,1,196,0,none,0,none,0,0,0,no_alert_unknown,no_alert_not_final_benign,-1,dns,app_proto+port
2025-07-19T23:03:14.727218+0700,103.195.142.74,118.98.44.50,54897,53,UDP,flow,dns,548760460091132,,1,1,0,81,0,0.0,1,81,0,none,0,none,0,0,0,no_alert_unknown,no_alert_not_final_benign,-1,dns,app_proto+port
2025-07-19T23:03:14.727381+0700,103.195.142.74,118.98.44.50,13631,53,UDP,flow,dns,126054319546204,,1,1,0,85,0,0.0,1,85,0,none,0,none,0,0,0,no_alert_unknown,no_alert_not_final_benign,-1,dns,app_proto+port
2025-07-19T23:03:14.727426+0700,103.195.142.74,118.98.44.100,52872,53,UDP,flow,dns,561535864168338,,1,1,0,83,0,0.0,1,83,0,none,0,none,0,0,0,no_alert_unknown,no_alert_not_final_benign,-1,dns,app_proto+port
2025-07-19T23:03:14.727601+0700,103.195.142.196,87.98.154.101,53,57317,UDP,flow,failed,254373777727625,,1,1,0,1437,0,0.0,1,1437,0,none,0,none,0,0,0,no_alert_unknown,no_alert_not_final_benign,-1,dns,port
2025-07-19T23:03:14.727700+0700,103.195.142.83,87.98.154.119,53,38594,UDP,flow,failed,2119399423304027,,1,1,0,1190,0,0.0,1,1190,0,none,0,none,0,0,0,no_alert_unknown,no_alert_not_final_benign,-1,dns,port
2025-07-19T23:03:14.727751+0700,103.195.142.196,87.98.154.119,53,20724,UDP,flow,failed,300739436962158,,1,1,0,1437,0,0.0,1,1437,0,none,0,none,0,0,0,no_alert_unknown,no_alert_not_final_benign,-1,dns,port
2025-07-19T23:03:14.727771+0700,103.195.142.74,202.134.0.155,16384,53,UDP,flow,dns,198593274405363,,1,1,0,243,0,0.0,1,243,0,none,0,none,0,0,0,no_alert_unknown,no_alert_not_final_benign,-1,dns,app_proto+port
2025-07-19T23:03:14.727791+0700,103.195.142.74,118.98.44.20,20331,53,UDP,dns,,592564544287134,wire/pcap,0,0,0,0,0,0.0,0,0,0,none,0,none,0,0,0,no_alert_unknown,no_alert_not_final_benign,-1,dns,port
2025-07-19T23:03:14.727902+0700,103.195.142.76,87.98.154.186,53,28014,UDP,flow,failed,2148698894983726,,1,1,0,1469,0,0.0,1,1469,0,none,0,none,0,0,0,no_alert_unknown,no_alert_not_final_benign,-1,dns,port
2025-07-19T23:03:14.727960+0700,103.195.142.83,87.98.154.42,53,40710,UDP,flow,failed,585407318286910,,1,1,0,1190,0,0.0,1,1190,0,none,0,none,0,0,0,no_alert_unknown,no_alert_not_final_benign,-1,dns,port
2025-07-19T23:03:14.727980+0700,103.195.142.195,87.98.154.119,53,59670,UDP,flow,failed,765005468623519,,1,1,0,1437,0,0.0,1,1437,0,none,0,none,0,0,0,no_alert_unknown,no_alert_not_final_benign,-1,dns,port
2025-07-19T23:03:14.728018+0700,103.195.142.74,202.134.0.155,29409,53,UDP,flow,dns,92329873007295,,1,1,0,68,0,0.0,1,68,0,none,0,none,0,0,0,no_alert_unknown,no_alert_not_final_benign,-1,dns,app_proto+port
2025-07-19T23:03:14.728083+0700,103.195.142.195,87.98.154.119,53,42084,UDP,flow,failed,734540949513026,,1,1,0,1437,0,0.0,1,1437,0,none,0,none,0,0,0,no_alert_unknown,no_alert_not_final_benign,-1,dns,port
2025-07-19T23:03:14.728137+0700,103.195.142.2,108.136.122.1,53,14214,UDP,flow,failed,2106799824593784,,1,1,0,174,0,0.0,1,174,0,none,0,none,0,0,0,no_alert_unknown,no_alert_not_final_benign,-1,dns,port
2025-07-19T23:03:14.728163+0700,103.195.142.165,87.98.154.229,53,28046,UDP,flow,failed,814910743274393,,1,1,0,1437,0,0.0,1,1437,0,none,0,none,0,0,0,no_alert_unknown,no_alert_not_final_benign,-1,dns,port
2025-07-19T23:03:14.728182+0700,103.195.142.83,87.98.154.70,53,52552,UDP,flow,failed,638995660891042,,1,1,0,1190,0,0.0,1,1190,0,none,0,none,0,0,0,no_alert_unknown,no_alert_not_final_benign,-1,dns,port
2025-07-19T23:03:14.728214+0700,103.195.142.165,87.98.154.57,53,57977,UDP,flow,failed,2216271662048181,,1,1,0,1437,0,0.0,1,1437,0,none,0,none,0,0,0,no_alert_unknown,no_alert_not_final_benign,-1,dns,port
2025-07-19T23:03:14.728251+0700,103.195.142.196,87.98.154.119,53,34318,UDP,flow,failed,419074480301031,,1,1,0,1437,0,0.0,1,1437,0,none,0,none,0,0,0,no_alert_unknown,no_alert_not_final_benign,-1,dns,port
2025-07-19T23:03:14.728294+0700,103.195.142.74,118.98.44.50,39071,53,UDP,flow,dns,2139433956631554,,1,1,0,223,0,0.0,1,223,0,none,0,none,0,0,0,no_alert_unknown,no_alert_not_final_benign,-1,dns,app_proto+port
2025-07-19T23:03:14.728319+0700,103.195.142.2,66.185.122.246,53,60851,UDP,flow,failed,287315257549917,,1,1,0,127,0,0.0,1,127,0,none,0,none,0,0,0,no_alert_unknown,no_alert_not_final_benign,-1,dns,port
2025-07-19T23:03:14.728338+0700,103.195.142.74,118.98.44.20,64614,53,UDP,flow,dns,2017799538959464,,1,1,0,68,0,0.0,1,68,0,none,0,none,0,0,0,no_alert_unknown,no_alert_not_final_benign,-1,dns,app_proto+port
2025-07-19T23:03:14.728358+0700,103.195.142.165,87.98.154.145,53,48844,UDP,flow,failed,204594976679016,,1,2,0,2874,0,10.0,2,2874,0,none,0,none,0,0,0,no_alert_unknown,no_alert_not_final_benign,-1,dns,port
2025-07-19T23:03:14.728407+0700,103.195.142.109,87.98.154.213,53,44878,UDP,flow,failed,2149857384359276,,1,1,0,1437,0,0.0,1,1437,0,none,0,none,0,0,0,no_alert_unknown,no_alert_not_final_benign,-1,dns,port
2025-07-19T23:03:14.728471+0700,103.195.142.74,118.98.44.20,7227,53,UDP,flow,dns,212702455227922,,1,1,0,211,0,0.0,1,211,0,none,0,none,0,0,0,no_alert_unknown,no_alert_not_final_benign,-1,dns,app_proto+port
2025-07-19T23:03:14.728519+0700,103.195.142.195,87.98.154.118,53,22638,UDP,flow,failed,315452147394090,,1,1,0,1437,0,0.0,1,1437,0,none,0,none,0,0,0,no_alert_unknown,no_alert_not_final_benign,-1,dns,port
2025-07-19T23:03:14.728568+0700,103.195.142.165,87.98.154.173,53,25965,UDP,flow,failed,1272771798686,,1,1,0,1437,0,0.0,1,1437,0,none,0,none,0,0,0,no_alert_unknown,no_alert_not_final_benign,-1,dns,port
2025-07-19T23:03:14.728588+0700,103.195.142.74,118.98.44.20,27437,53,UDP,flow,dns,663154848327333,,1,1,0,79,0,0.0,1,79,0,none,0,none,0,0,0,no_alert_unknown,no_alert_not_final_benign,-1,dns,app_proto+port
2025-07-19T23:03:14.728666+0700,103.195.142.3,74.114.28.18,53,58941,UDP,flow,failed,2208533404149562,,1,1,0,156,0,0.0,1,156,0,none,0,none,0,0,0,no_alert_unknown,no_alert_not_final_benign,-1,dns,port
2025-07-19T23:03:14.728690+0700,103.195.142.195,87.98.154.119,53,16620,UDP,flow,failed,426841394276165,,1,1,0,1437,0,0.0,1,1437,0,none,0,none,0,0,0,no_alert_unknown,no_alert_not_final_benign,-1,dns,port
2025-07-19T23:03:14.728709+0700,103.195.142.196,87.98.154.165,53,16908,UDP,flow,failed,386266885416832,,1,1,0,1437,0,0.0,1,1437,0,none,0,none,0,0,0,no_alert_unknown,no_alert_not_final_benign,-1,dns,port
2025-07-19T23:03:14.728780+0700,103.195.142.195,87.98.154.119,53,31172,UDP,flow,failed,534989427206084,,1,1,0,1437,0,0.0,1,1437,0,none,0,none,0,0,0,no_alert_unknown,no_alert_not_final_benign,-1,dns,port
2025-07-19T23:03:14.728799+0700,103.195.142.76,87.98.154.62,53,14653,UDP,flow,failed,292111147034770,,1,1,0,1469,0,0.0,1,1469,0,none,0,none,0,0,0,no_alert_unknown,no_alert_not_final_benign,-1,dns,port
2025-07-19T23:03:14.728835+0700,103.195.142.74,202.134.0.155,64380,53,UDP,flow,dns,662313624168629,,1,1,0,92,0,0.0,1,92,0,none,0,none,0,0,0,no_alert_unknown,no_alert_not_final_benign,-1,dns,app_proto+port
2025-07-19T23:03:14.728898+0700,103.195.142.83,87.98.154.119,53,17411,UDP,flow,failed,2148355637995753,,1,1,0,1190,0,0.0,1,1190,0,none,0,none,0,0,0,no_alert_unknown,no_alert_not_final_benign,-1,dns,port
2025-07-19T23:03:14.728997+0700,103.195.142.74,118.98.44.100,12499,53,UDP,flow,dns,186162439940442,,1,1,0,68,0,0.0,1,68,0,none,0,none,0,0,0,no_alert_unknown,no_alert_not_final_benign,-1,dns,app_proto+port
2025-07-19T23:03:14.729018+0700,103.195.142.46,87.98.154.99,53,64210,UDP,flow,failed,29745646430608,,1,1,0,1437,0,0.0,1,1437,0,none,0,none,0,0,0,no_alert_unknown,no_alert_not_final_benign,-1,dns,port
2025-07-19T23:03:14.729056+0700,103.195.142.74,118.98.44.100,50968,53,UDP,flow,dns,557351219456471,,1,1,0,83,0,0.0,1,83,0,none,0,none,0,0,0,no_alert_unknown,no_alert_not_final_benign,-1,dns,app_proto+port
2025-07-19T23:03:14.729106+0700,103.195.142.165,87.98.154.57,53,15196,UDP,flow,failed,141720676821517,,1,1,0,1437,0,0.0,1,1437,0,none,0,none,0,0,0,no_alert_unknown,no_alert_not_final_benign,-1,dns,port
2025-07-19T23:03:14.729130+0700,103.195.142.74,118.98.44.50,11376,53,UDP,flow,dns,277071154604586,,1,1,0,196,0,0.0,1,196,0,none,0,none,0,0,0,no_alert_unknown,no_alert_not_final_benign,-1,dns,app_proto+port
2025-07-19T23:03:14.729208+0700,103.195.142.76,87.98.154.119,53,47645,UDP,flow,failed,2199315843213929,,1,1,0,1469,0,0.0,1,1469,0,none,0,none,0,0,0,no_alert_unknown,no_alert_not_final_benign,-1,dns,port
2025-07-19T23:03:14.729227+0700,103.195.142.75,8.8.8.8,14843,53,UDP,flow,dns,1980682274302586,,1,1,0,89,0,0.0,1,89,0,none,0,none,0,0,0,no_alert_unknown,no_alert_not_final_benign,-1,dns,app_proto+port
2025-07-19T23:03:14.729247+0700,103.195.142.3,123.108.240.181,53,65416,UDP,flow,failed,20626867382948,,1,1,0,204,0,0.0,1,204,0,none,0,none,0,0,0,no_alert_unknown,no_alert_not_final_benign,-1,dns,port
2025-07-19T23:03:14.729266+0700,103.195.142.74,202.134.0.155,13819,53,UDP,flow,dns,38892392114859,,1,1,0,77,0,0.0,1,77,0,none,0,none,0,0,0,no_alert_unknown,no_alert_not_final_benign,-1,dns,app_proto+port
2025-07-19T23:03:14.729335+0700,103.195.142.109,87.98.154.119,53,20817,UDP,flow,failed,205868808498088,,1,1,0,1437,0,0.0,1,1437,0,none,0,none,0,0,0,no_alert_unknown,no_alert_not_final_benign,-1,dns,port
2025-07-19T23:03:14.729398+0700,103.195.142.83,87.98.154.119,53,32001,UDP,flow,failed,392784753224721,,1,1,0,1190,0,0.0,1,1190,0,none,0,none,0,0,0,no_alert_unknown,no_alert_not_final_benign,-1,dns,port
2025-07-19T23:03:14.729428+0700,103.195.142.196,87.98.154.117,53,39760,UDP,flow,failed,403871278591027,,1,1,0,1437,0,0.0,1,1437,0,none,0,none,0,0,0,no_alert_unknown,no_alert_not_final_benign,-1,dns,port
2025-07-19T23:03:14.729448+0700,103.195.142.165,87.98.154.119,53,17180,UDP,flow,failed,79207629024318,,1,1,0,1437,0,0.0,1,1437,0,none,0,none,0,0,0,no_alert_unknown,no_alert_not_final_benign,-1,dns,port
2025-07-19T23:03:14.729470+0700,103.195.142.195,87.98.154.119,53,38471,UDP,flow,failed,584403988999467,,1,1,0,1437,0,0.0,1,1437,0,none,0,none,0,0,0,no_alert_unknown,no_alert_not_final_benign,-1,dns,port
2025-07-19T23:03:14.729506+0700,103.195.142.165,87.98.154.1,53,44838,UDP,flow,failed,1688582704950603,,1,3,0,4311,0,10.0,3,4311,0,none,0,none,0,0,0,no_alert_unknown,no_alert_not_final_benign,-1,dns,port
2025-07-19T23:03:14.729574+0700,103.195.142.46,87.98.154.235,53,24528,UDP,flow,failed,464624098962777,,1,1,0,1437,0,0.0,1,1437,0,none,0,none,0,0,0,no_alert_unknown,no_alert_not_final_benign,-1,dns,port
2025-07-19T23:03:14.729619+0700,103.195.142.74,118.98.44.20,6005,53,UDP,flow,dns,2156381214567819,,1,1,0,223,0,0.0,1,223,0,none,0,none,0,0,0,no_alert_unknown,no_alert_not_final_benign,-1,dns,app_proto+port
2025-07-19T23:03:14.729668+0700,103.195.142.76,87.98.154.119,53,3610,UDP,flow,failed,84677997194790,,1,1,0,1469,0,0.0,1,1469,0,none,0,none,0,0,0,no_alert_unknown,no_alert_not_final_benign,-1,dns,port
2025-07-19T23:03:14.729686+0700,103.195.142.3,172.70.116.71,53,38744,UDP,flow,failed,655801689927234,,1,1,0,143,0,0.0,1,143,0,none,0,none,0,0,0,no_alert_unknown,no_alert_not_final_benign,-1,dns,port
2025-07-19T23:03:14.729704+0700,103.195.142.109,87.98.154.119,53,50333,UDP,flow,failed,638523756932741,,1,1,0,1437,0,0.0,1,1437,0,none,0,none,0,0,0,no_alert_unknown,no_alert_not_final_benign,-1,dns,port
2025-07-19T23:03:14.729745+0700,103.195.142.75,8.8.8.8,13798,53,UDP,flow,dns,413394714062659,,1,1,0,223,0,0.0,1,223,0,none,0,none,0,0,0,no_alert_unknown,no_alert_not_final_benign,-1,dns,app_proto+port
2025-07-19T23:03:14.729765+0700,103.195.142.74,202.134.0.155,36621,53,UDP,flow,dns,59840910159723,,1,1,0,196,0,0.0,1,196,0,none,0,none,0,0,0,no_alert_unknown,no_alert_not_final_benign,-1,dns,app_proto+port
2025-07-19T23:03:14.729790+0700,103.195.142.75,8.8.8.8,5743,53,UDP,flow,dns,189094258700251,,1,1,0,140,0,0.0,1,140,0,none,0,none,0,0,0,no_alert_unknown,no_alert_not_final_benign,-1,dns,app_proto+port
2025-07-19T23:03:14.729811+0700,103.195.142.196,87.98.154.119,53,34453,UDP,flow,failed,113355249184763,,1,1,0,1437,0,0.0,1,1437,0,none,0,none,0,0,0,no_alert_unknown,no_alert_not_final_benign,-1,dns,port
2025-07-19T23:03:14.729846+0700,103.195.142.75,69.39.238.37,9559,53,UDP,flow,dns,726695526952985,,1,1,0,85,0,0.0,1,85,0,none,0,none,0,0,0,no_alert_unknown,no_alert_not_final_benign,-1,dns,app_proto+port
2025-07-19T23:03:14.729866+0700,103.195.142.195,87.98.154.119,53,56271,UDP,flow,failed,345002641158191,,1,1,0,1437,0,0.0,1,1437,0,none,0,none,0,0,0,no_alert_unknown,no_alert_not_final_benign,-1,dns,port
2025-07-19T23:03:14.729885+0700,103.195.142.74,118.98.44.100,57598,53,UDP,flow,dns,735534124724374,,1,1,0,77,0,0.0,1,77,0,none,0,none,0,0,0,no_alert_unknown,no_alert_not_final_benign,-1,dns,app_proto+port
2025-07-19T23:03:14.729980+0700,103.195.142.76,87.98.154.94,53,55022,UDP,flow,failed,2243862678827220,,1,1,0,1469,0,0.0,1,1469,0,none,0,none,0,0,0,no_alert_unknown,no_alert_not_final_benign,-1,dns,port
2025-07-19T23:03:14.730081+0700,103.195.142.74,118.98.44.50,34410,53,UDP,flow,dns,632589054472501,,1,1,0,79,0,0.0,1,79,0,none,0,none,0,0,0,no_alert_unknown,no_alert_not_final_benign,-1,dns,app_proto+port
2025-07-19T23:03:14.730143+0700,103.195.142.109,87.98.154.119,53,47555,UDP,flow,failed,649877343662521,,1,1,0,1437,0,0.0,1,1437,0,none,0,none,0,0,0,no_alert_unknown,no_alert_not_final_benign,-1,dns,port
2025-07-19T23:03:14.730163+0700,103.195.142.75,8.8.8.8,11495,53,UDP,flow,dns,642150424015363,,1,1,0,121,0,0.0,1,121,0,none,0,none,0,0,0,no_alert_unknown,no_alert_not_final_benign,-1,dns,app_proto+port
2025-07-19T23:03:14.730270+0700,103.195.142.83,87.98.154.6,53,64120,UDP,flow,failed,95202856497728,,1,1,0,1190,0,0.0,1,1190,0,none,0,none,0,0,0,no_alert_unknown,no_alert_not_final_benign,-1,dns,port
2025-07-19T23:03:14.730311+0700,103.195.142.2,172.70.116.71,53,18562,UDP,flow,failed,361969433670348,,1,1,0,201,0,0.0,1,201,0,none,0,none,0,0,0,no_alert_unknown,no_alert_not_final_benign,-1,dns,port
2025-07-19T23:03:14.730351+0700,103.195.142.74,202.134.0.155,15873,53,UDP,flow,dns,56115937112812,,1,1,0,107,0,0.0,1,107,0,none,0,none,0,0,0,no_alert_unknown,no_alert_not_final_benign,-1,dns,app_proto+port
2025-07-19T23:03:14.730398+0700,103.195.142.83,87.98.154.154,53,20187,UDP,flow,failed,165232928322442,,1,1,0,1190,0,0.0,1,1190,0,none,0,none,0,0,0,no_alert_unknown,no_alert_not_final_benign,-1,dns,port
2025-07-19T23:03:14.730417+0700,103.195.142.75,8.8.8.8,11056,53,UDP,flow,dns,207365812810735,,1,1,0,211,0,0.0,1,211,0,none,0,none,0,0,0,no_alert_unknown,no_alert_not_final_benign,-1,dns,app_proto+port
2025-07-19T23:03:14.730462+0700,103.195.142.74,202.134.0.155,52094,53,UDP,flow,dns,441577510368260,,1,1,0,84,0,0.0,1,84,0,none,0,none,0,0,0,no_alert_unknown,no_alert_not_final_benign,-1,dns,app_proto+port
2025-07-19T23:03:14.730499+0700,103.195.142.74,118.98.44.50,24378,53,UDP,flow,dns,822622683165708,,1,1,0,214,0,0.0,1,214,0,none,0,none,0,0,0,no_alert_unknown,no_alert_not_final_benign,-1,dns,app_proto+port
2025-07-19T23:03:14.730520+0700,103.195.142.74,118.98.44.20,24371,53,UDP,flow,dns,707233913336975,,1,1,0,68,0,0.0,1,68,0,none,0,none,0,0,0,no_alert_unknown,no_alert_not_final_benign,-1,dns,app_proto+port
2025-07-19T23:03:14.730541+0700,103.195.142.75,8.8.8.8,8328,53,UDP,flow,dns,259208282207393,,1,1,0,72,0,0.0,1,72,0,none,0,none,0,0,0,no_alert_unknown,no_alert_not_final_benign,-1,dns,app_proto+port
2025-07-19T23:03:14.730602+0700,103.195.142.76,87.98.154.74,53,47885,UDP,flow,failed,802767429596449,,1,1,0,1469,0,0.0,1,1469,0,none,0,none,0,0,0,no_alert_unknown,no_alert_not_final_benign,-1,dns,port
2025-07-19T23:03:14.730670+0700,103.195.142.46,87.98.154.155,53,22504,UDP,flow,failed,43696763270730,,1,1,0,1437,0,0.0,1,1437,0,none,0,none,0,0,0,no_alert_unknown,no_alert_not_final_benign,-1,dns,port
2025-07-19T23:03:14.730701+0700,103.195.142.74,202.134.0.155,29906,53,UDP,flow,dns,780387153049244,,1,1,0,223,0,0.0,1,223,0,none,0,none,0,0,0,no_alert_unknown,no_alert_not_final_benign,-1,dns,app_proto+port
2025-07-19T23:03:14.730722+0700,103.195.142.196,87.98.154.193,53,56514,UDP,flow,failed,541353671489236,,1,1,0,1437,0,0.0,1,1437,0,none,0,none,0,0,0,no_alert_unknown,no_alert_not_final_benign,-1,dns,port
2025-07-19T23:03:14.730743+0700,103.195.142.165,87.98.154.245,53,17329,UDP,flow,failed,37573099484996,,1,1,0,1437,0,0.0,1,1437,0,none,0,none,0,0,0,no_alert_unknown,no_alert_not_final_benign,-1,dns,port
2025-07-19T23:03:14.730764+0700,103.195.142.165,87.98.154.89,53,5949,UDP,flow,failed,802595997186022,,1,1,0,1437,0,0.0,1,1437,0,none,0,none,0,0,0,no_alert_unknown,no_alert_not_final_benign,-1,dns,port
2025-07-19T23:03:14.730807+0700,103.195.142.74,202.134.0.155,56331,53,UDP,flow,dns,1096143338567759,,1,2,0,204,0,6.0,2,204,0,none,0,none,0,0,0,no_alert_unknown,no_alert_not_final_benign,-1,dns,app_proto+port
2025-07-19T23:03:14.730872+0700,103.195.142.195,87.98.154.119,53,17908,UDP,flow,failed,282916376770995,,1,1,0,1437,0,0.0,1,1437,0,none,0,none,0,0,0,no_alert_unknown,no_alert_not_final_benign,-1,dns,port
2025-07-19T23:03:14.730891+0700,103.195.142.76,87.98.154.119,53,48273,UDP,flow,failed,365045297740213,,1,1,0,1469,0,0.0,1,1469,0,none,0,none,0,0,0,no_alert_unknown,no_alert_not_final_benign,-1,dns,port
2025-07-19T23:03:14.730911+0700,103.195.142.83,87.98.154.119,53,3168,UDP,flow,failed,2004678836910555,,1,1,0,1190,0,0.0,1,1190,0,none,0,none,0,0,0,no_alert_unknown,no_alert_not_final_benign,-1,dns,port
2025-07-19T23:03:14.730954+0700,103.195.142.2,18.140.177.114,53,26106,UDP,flow,failed,14233417513505,,1,1,0,153,0,0.0,1,153,0,none,0,none,0,0,0,no_alert_unknown,no_alert_not_final_benign,-1,dns,port
2025-07-19T23:03:14.731032+0700,103.195.142.2,203.119.13.189,53,38835,UDP,flow,failed,1992750584527528,,1,1,0,176,0,0.0,1,176,0,none,0,none,0,0,0,no_alert_unknown,no_alert_not_final_benign,-1,dns,port
2025-07-19T23:03:14.731067+0700,103.195.142.83,87.98.154.119,53,30389,UDP,flow,failed,336833055718061,,1,1,0,1190,0,0.0,1,1190,0,none,0,none,0,0,0,no_alert_unknown,no_alert_not_final_benign,-1,dns,port
2025-07-19T23:03:14.731108+0700,103.195.142.46,87.98.154.7,53,41141,UDP,flow,failed,146577212078894,,1,1,0,1437,0,0.0,1,1437,0,none,0,none,0,0,0,no_alert_unknown,no_alert_not_final_benign,-1,dns,port
2025-07-19T23:03:14.731226+0700,103.195.142.75,8.8.8.8,63383,53,UDP,flow,dns,603899244018682,,1,1,0,82,0,0.0,1,82,0,none,0,none,0,0,0,no_alert_unknown,no_alert_not_final_benign,-1,dns,app_proto+port
2025-07-19T23:03:14.731261+0700,103.195.142.109,87.98.154.13,53,63450,UDP,flow,failed,628057112018045,,1,1,0,1437,0,0.0,1,1437,0,none,0,none,0,0,0,no_alert_unknown,no_alert_not_final_benign,-1,dns,port
2025-07-19T23:03:14.731282+0700,103.195.142.83,87.98.154.34,53,8100,UDP,flow,failed,2167857174641829,,1,1,0,1190,0,0.0,1,1190,0,none,0,none,0,0,0,no_alert_unknown,no_alert_not_final_benign,-1,dns,port
2025-07-19T23:03:14.731324+0700,103.195.142.83,87.98.154.119,53,13988,UDP,flow,failed,411214659353919,,1,1,0,1190,0,0.0,1,1190,0,none,0,none,0,0,0,no_alert_unknown,no_alert_not_final_benign,-1,dns,port
2025-07-19T23:03:14.731354+0700,103.195.142.109,87.98.154.119,53,10921,UDP,flow,failed,369378929245550,,1,1,0,1437,0,0.0,1,1437,0,none,0,none,0,0,0,no_alert_unknown,no_alert_not_final_benign,-1,dns,port
2025-07-19T23:03:14.731444+0700,103.195.142.165,87.98.154.113,53,32731,UDP,flow,failed,2183094621339097,,1,1,0,1437,0,0.0,1,1437,0,none,0,none,0,0,0,no_alert_unknown,no_alert_not_final_benign,-1,dns,port
2025-07-19T23:03:14.731483+0700,103.195.142.46,87.98.154.119,53,29491,UDP,flow,failed,129468023864882,,1,1,0,1437,0,0.0,1,1437,0,none,0,none,0,0,0,no_alert_unknown,no_alert_not_final_benign,-1,dns,port
2025-07-19T23:03:14.731576+0700,103.195.142.196,87.98.154.249,53,30446,UDP,flow,failed,2192783242919539,,1,1,0,1437,0,0.0,1,1437,0,none,0,none,0,0,0,no_alert_unknown,no_alert_not_final_benign,-1,dns,port
2025-07-19T23:03:14.731630+0700,103.195.142.76,87.98.154.119,53,33781,UDP,flow,failed,526878120771225,,1,1,0,1469,0,0.0,1,1469,0,none,0,none,0,0,0,no_alert_unknown,no_alert_not_final_benign,-1,dns,port
2025-07-19T23:03:14.731792+0700,103.195.142.83,87.98.154.242,53,13441,UDP,flow,failed,716483300851392,,1,1,0,1190,0,0.0,1,1190,0,none,0,none,0,0,0,no_alert_unknown,no_alert_not_final_benign,-1,dns,port
2025-07-19T23:03:14.731813+0700,103.195.142.109,87.98.154.177,53,16716,UDP,flow,failed,449522152406737,,1,1,0,1437,0,0.0,1,1437,0,none,0,none,0,0,0,no_alert_unknown,no_alert_not_final_benign,-1,dns,port
2025-07-19T23:03:14.731833+0700,103.195.142.76,87.98.154.118,53,18444,UDP,flow,failed,2245594440564500,,1,1,0,1469,0,0.0,1,1469,0,none,0,none,0,0,0,no_alert_unknown,no_alert_not_final_benign,-1,dns,port
2025-07-19T23:03:14.731867+0700,103.195.142.74,118.98.44.20,19277,53,UDP,flow,dns,282334342643637,,1,1,0,223,0,0.0,1,223,0,none,0,none,0,0,0,no_alert_unknown,no_alert_not_final_benign,-1,dns,app_proto+port
2025-07-19T23:03:14.731898+0700,103.195.142.74,118.98.44.20,62471,53,UDP,flow,dns,21410124365765,,1,1,0,77,0,0.0,1,77,0,none,0,none,0,0,0,no_alert_unknown,no_alert_not_final_benign,-1,dns,app_proto+port
2025-07-19T23:03:14.731927+0700,103.195.142.74,118.98.44.50,61209,53,UDP,flow,dns,415269089476599,,1,1,0,214,0,0.0,1,214,0,none,0,none,0,0,0,no_alert_unknown,no_alert_not_final_benign,-1,dns,app_proto+port
2025-07-19T23:03:14.731970+0700,103.195.142.76,87.98.154.102,53,39049,UDP,flow,failed,820860073705493,,1,1,0,1469,0,0.0,1,1469,0,none,0,none,0,0,0,no_alert_unknown,no_alert_not_final_benign,-1,dns,port
2025-07-19T23:03:14.731990+0700,103.195.142.165,87.98.154.165,53,1224,UDP,flow,failed,418233787514917,,1,1,0,1437,0,0.0,1,1437,0,none,0,none,0,0,0,no_alert_unknown,no_alert_not_final_benign,-1,dns,port
2025-07-19T23:03:14.732024+0700,103.195.142.83,87.98.154.119,53,62421,UDP,flow,failed,499361285963829,,1,1,0,1190,0,0.0,1,1190,0,none,0,none,0,0,0,no_alert_unknown,no_alert_not_final_benign,-1,dns,port
2025-07-19T23:03:14.732107+0700,103.195.142.74,118.98.44.100,50449,53,UDP,flow,dns,611597984956707,,1,1,0,77,0,0.0,1,77,0,none,0,none,0,0,0,no_alert_unknown,no_alert_not_final_benign,-1,dns,app_proto+port
2025-07-19T23:03:14.732159+0700,103.195.142.74,118.98.44.50,62512,53,UDP,flow,dns,2183567004631491,,1,1,0,214,0,0.0,1,214,0,none,0,none,0,0,0,no_alert_unknown,no_alert_not_final_benign,-1,dns,app_proto+port
2025-07-19T23:03:14.732221+0700,103.195.142.76,87.98.154.119,53,25480,UDP,flow,failed,580240115335803,,1,1,0,1469,0,0.0,1,1469,0,none,0,none,0,0,0,no_alert_unknown,no_alert_not_final_benign,-1,dns,port
2025-07-19T23:03:14.732273+0700,103.195.142.195,87.98.154.119,53,15228,UDP,flow,failed,754060575015660,,1,1,0,1437,0,0.0,1,1437,0,none,0,none,0,0,0,no_alert_unknown,no_alert_not_final_benign,-1,dns,port
2025-07-19T23:03:14.732360+0700,103.195.142.74,118.98.44.50,7341,53,UDP,flow,dns,141935802745714,,1,1,0,78,0,0.0,1,78,0,none,0,none,0,0,0,no_alert_unknown,no_alert_not_final_benign,-1,dns,app_proto+port
2025-07-19T23:03:14.732483+0700,103.195.142.75,8.8.8.8,2965,53,UDP,flow,dns,501462828811353,,1,1,0,77,0,0.0,1,77,0,none,0,none,0,0,0,no_alert_unknown,no_alert_not_final_benign,-1,dns,app_proto+port
2025-07-19T23:03:14.732512+0700,103.195.142.3,200.24.128.98,53,36605,UDP,flow,failed,442888607925443,,1,1,0,163,0,0.0,1,163,0,none,0,none,0,0,0,no_alert_unknown,no_alert_not_final_benign,-1,dns,port
2025-07-19T23:03:14.732544+0700,103.195.142.196,87.98.154.119,53,4341,UDP,flow,failed,2174743617635596,,1,1,0,1437,0,0.0,1,1437,0,none,0,none,0,0,0,no_alert_unknown,no_alert_not_final_benign,-1,dns,port
2025-07-19T23:03:14.732588+0700,103.195.142.83,87.98.154.182,53,25397,UDP,flow,failed,2202828602049907,,1,1,0,1190,0,0.0,1,1190,0,none,0,none,0,0,0,no_alert_unknown,no_alert_not_final_benign,-1,dns,port
2025-07-19T23:03:14.732686+0700,103.195.142.83,87.98.154.186,53,14851,UDP,flow,failed,154262745417295,,1,1,0,1190,0,0.0,1,1190,0,none,0,none,0,0,0,no_alert_unknown,no_alert_not_final_benign,-1,dns,port
2025-07-19T23:03:14.732759+0700,103.195.142.46,87.98.154.119,53,8282,UDP,flow,failed,364647170213609,,1,1,0,1437,0,0.0,1,1437,0,none,0,none,0,0,0,no_alert_unknown,no_alert_not_final_benign,-1,dns,port
2025-07-19T23:03:14.732801+0700,103.195.142.196,87.98.154.137,53,25797,UDP,flow,failed,1790510813382435,,1,3,0,4311,0,9.0,3,4311,0,none,0,none,0,0,0,no_alert_unknown,no_alert_not_final_benign,-1,dns,port
2025-07-19T23:03:14.732822+0700,103.195.142.196,87.98.154.118,53,46453,UDP,flow,failed,97385002272624,,1,1,0,1437,0,0.0,1,1437,0,none,0,none,0,0,0,no_alert_unknown,no_alert_not_final_benign,-1,dns,port
2025-07-19T23:03:14.732867+0700,103.195.142.74,118.98.44.20,10909,53,UDP,flow,dns,2044300676532136,,1,1,0,80,0,0.0,1,80,0,none,0,none,0,0,0,no_alert_unknown,no_alert_not_final_benign,-1,dns,app_proto+port
2025-07-19T23:03:14.732887+0700,103.195.142.74,118.98.44.100,16554,53,UDP,flow,dns,567503195965366,,1,1,0,211,0,0.0,1,211,0,none,0,none,0,0,0,no_alert_unknown,no_alert_not_final_benign,-1,dns,app_proto+port
2025-07-19T23:03:14.732948+0700,103.195.142.3,123.108.240.165,53,59889,UDP,flow,failed,71242757605647,,1,1,0,132,0,0.0,1,132,0,none,0,none,0,0,0,no_alert_unknown,no_alert_not_final_benign,-1,dns,port
2025-07-19T23:03:14.732966+0700,103.195.142.74,118.98.44.100,25976,53,UDP,flow,dns,501380376922456,,1,1,0,85,0,0.0,1,85,0,none,0,none,0,0,0,no_alert_unknown,no_alert_not_final_benign,-1,dns,app_proto+port
2025-07-19T23:03:14.732986+0700,103.195.142.74,118.98.44.100,41946,53,UDP,flow,dns,2090374042519958,,1,1,0,178,0,0.0,1,178,0,none,0,none,0,0,0,no_alert_unknown,no_alert_not_final_benign,-1,dns,app_proto+port
2025-07-19T23:03:14.733006+0700,103.195.142.196,87.98.154.81,53,28619,UDP,flow,failed,2249066885843358,,1,3,0,4311,0,10.0,3,4311,0,none,0,none,0,0,0,no_alert_unknown,no_alert_not_final_benign,-1,dns,port
2025-07-19T23:03:14.733087+0700,103.195.142.196,87.98.154.119,53,27238,UDP,flow,failed,495605617494849,,1,1,0,1437,0,0.0,1,1437,0,none,0,none,0,0,0,no_alert_unknown,no_alert_not_final_benign,-1,dns,port
2025-07-19T23:03:14.733193+0700,103.195.142.74,118.98.44.100,8781,53,UDP,flow,dns,2144218294291437,,1,1,0,232,0,0.0,1,232,0,none,0,none,0,0,0,no_alert_unknown,no_alert_not_final_benign,-1,dns,app_proto+port
2025-07-19T23:03:14.733216+0700,103.195.142.75,8.8.8.8,55991,53,UDP,flow,dns,105196252990485,,1,1,0,92,0,0.0,1,92,0,none,0,none,0,0,0,no_alert_unknown,no_alert_not_final_benign,-1,dns,app_proto+port
2025-07-19T23:03:14.733305+0700,103.195.142.165,87.98.154.85,53,30843,UDP,flow,failed,2048468706561124,,1,1,0,1437,0,0.0,1,1437,0,none,0,none,0,0,0,no_alert_unknown,no_alert_not_final_benign,-1,dns,port
2025-07-19T23:03:14.733323+0700,103.195.142.74,202.134.0.155,22489,53,UDP,flow,dns,575804731657339,,1,1,0,109,0,0.0,1,109,0,none,0,none,0,0,0,no_alert_unknown,no_alert_not_final_benign,-1,dns,app_proto+port
2025-07-19T23:03:14.733344+0700,103.195.142.75,8.8.8.8,53464,53,UDP,flow,dns,365810022583479,,1,1,0,241,0,0.0,1,241,0,none,0,none,0,0,0,no_alert_unknown,no_alert_not_final_benign,-1,dns,app_proto+port
2025-07-19T23:03:14.733363+0700,103.195.142.83,87.98.154.119,53,2845,UDP,flow,failed,207849503296763,,1,1,0,1190,0,0.0,1,1190,0,none,0,none,0,0,0,no_alert_unknown,no_alert_not_final_benign,-1,dns,port
2025-07-19T23:03:14.733382+0700,103.195.142.165,87.98.154.117,53,47654,UDP,flow,failed,2014278196825347,,1,1,0,1437,0,0.0,1,1437,0,none,0,none,0,0,0,no_alert_unknown,no_alert_not_final_benign,-1,dns,port
2025-07-19T23:03:14.733410+0700,103.195.142.76,87.98.154.242,53,61397,UDP,flow,failed,2024892945960323,,1,1,0,1469,0,0.0,1,1469,0,none,0,none,0,0,0,no_alert_unknown,no_alert_not_final_benign,-1,dns,port
2025-07-19T23:03:14.733470+0700,103.195.142.109,87.98.154.125,53,2988,UDP,flow,failed,168223810424262,,1,1,0,1437,0,0.0,1,1437,0,none,0,none,0,0,0,no_alert_unknown,no_alert_not_final_benign,-1,dns,port
2025-07-19T23:03:14.733489+0700,103.195.142.74,118.98.44.20,55232,53,UDP,flow,dns,2220361476902364,,1,1,0,74,0,0.0,1,74,0,none,0,none,0,0,0,no_alert_unknown,no_alert_not_final_benign,-1,dns,app_proto+port
2025-07-19T23:03:14.733509+0700,103.195.142.3,172.71.93.147,53,44155,UDP,flow,failed,622868705742349,,1,1,0,175,0,0.0,1,175,0,none,0,none,0,0,0,no_alert_unknown,no_alert_not_final_benign,-1,dns,port
2025-07-19T23:03:14.733528+0700,103.195.142.76,87.98.154.119,53,46019,UDP,flow,failed,566607352466994,,1,1,0,1469,0,0.0,1,1469,0,none,0,none,0,0,0,no_alert_unknown,no_alert_not_final_benign,-1,dns,port
2025-07-19T23:03:14.733546+0700,103.195.142.109,87.98.154.69,53,11785,UDP,flow,failed,2027101933243986,,1,1,0,1437,0,0.0,1,1437,0,none,0,none,0,0,0,no_alert_unknown,no_alert_not_final_benign,-1,dns,port
2025-07-19T23:03:14.733592+0700,103.195.142.74,202.134.0.155,17208,53,UDP,flow,dns,572596555452117,,1,1,0,87,0,0.0,1,87,0,none,0,none,0,0,0,no_alert_unknown,no_alert_not_final_benign,-1,dns,app_proto+port
2025-07-19T23:03:14.733628+0700,103.195.142.74,118.98.44.100,56244,53,UDP,flow,dns,2208870312546097,,1,1,0,243,0,0.0,1,243,0,none,0,none,0,0,0,no_alert_unknown,no_alert_not_final_benign,-1,dns,app_proto+port
2025-07-19T23:03:14.733648+0700,103.195.142.74,118.98.44.20,6121,53,UDP,flow,dns,1019178843344780,,1,1,0,223,0,0.0,1,223,0,none,0,none,0,0,0,no_alert_unknown,no_alert_not_final_benign,-1,dns,app_proto+port
2025-07-19T23:03:14.733781+0700,103.195.142.83,87.98.154.119,53,10619,UDP,flow,failed,742169683070880,,1,1,0,1190,0,0.0,1,1190,0,none,0,none,0,0,0,no_alert_unknown,no_alert_not_final_benign,-1,dns,port
2025-07-19T23:03:14.733800+0700,103.195.142.75,8.8.8.8,33514,53,UDP,flow,dns,469263768981473,,1,1,0,92,0,0.0,1,92,0,none,0,none,0,0,0,no_alert_unknown,no_alert_not_final_benign,-1,dns,app_proto+port
2025-07-19T23:03:14.740372+0700,103.195.142.74,202.134.0.155,39350,53,UDP,dns,,646602901341610,wire/pcap,0,0,0,0,0,0.0,0,0,0,none,0,none,0,0,0,no_alert_unknown,no_alert_not_final_benign,-1,dns,port
2025-07-19T23:03:14.760204+0700,103.195.142.74,118.98.44.100,38495,53,UDP,dns,,731780279713973,wire/pcap,0,0,0,0,0,0.0,0,0,0,none,0,none,0,0,0,no_alert_unknown,no_alert_not_final_benign,-1,dns,port
2025-07-19T23:03:14.766122+0700,103.195.142.74,118.98.44.100,34042,53,UDP,dns,,757197845976419,wire/pcap,0,0,0,0,0,0.0,0,0,0,none,0,none,0,0,0,no_alert_unknown,no_alert_not_final_benign,-1,dns,port
2025-07-19T23:03:14.798328+0700,103.195.142.75,8.8.8.8,14651,53,UDP,dns,,614044439637453,wire/pcap,0,0,0,0,0,0.0,0,0,0,none,0,none,0,0,0,no_alert_unknown,no_alert_not_final_benign,-1,dns,port
2025-07-19T23:03:14.798370+0700,103.195.142.74,202.134.0.155,43635,53,UDP,dns,,614224553137631,wire/pcap,0,0,0,0,0,0.0,0,0,0,none,0,none,0,0,0,no_alert_unknown,no_alert_not_final_benign,-1,dns,port
2025-07-19T23:03:14.804996+0700,103.195.142.74,118.98.44.50,7665,53,UDP,dns,,642683066680847,wire/pcap,0,0,0,0,0,0.0,0,0,0,none,0,none,0,0,0,no_alert_unknown,no_alert_not_final_benign,-1,dns,port
2025-07-19T23:03:14.824873+0700,103.195.142.74,202.134.0.155,42368,53,UDP,dns,,728053081831424,wire/pcap,0,0,0,0,0,0.0,0,0,0,none,0,none,0,0,0,no_alert_unknown,no_alert_not_final_benign,-1,dns,port
2025-07-19T23:03:14.825019+0700,103.195.142.74,118.98.44.20,55026,53,UDP,dns,,728683583447784,wire/pcap,0,0,0,0,0,0.0,0,0,0,none,0,none,0,0,0,no_alert_unknown,no_alert_not_final_benign,-1,dns,port
2025-07-19T23:03:14.825094+0700,103.195.142.74,118.98.44.50,60636,53,UDP,dns,,729002867492782,wire/pcap,0,0,0,0,0,0.0,0,0,0,none,0,none,0,0,0,no_alert_unknown,no_alert_not_final_benign,-1,dns,port
2025-07-19T23:03:14.864230+0700,103.195.142.75,8.8.8.8,50081,53,UDP,dns,,615615709886637,wire/pcap,0,0,0,0,0,0.0,0,0,0,none,0,none,0,0,0,no_alert_unknown,no_alert_not_final_benign,-1,dns,port
2025-07-19T23:03:14.885781+0700,103.195.142.74,118.98.44.50,31590,53,UDP,dns,,708179937531006,wire/pcap,0,0,0,0,0,0.0,0,0,0,none,0,none,0,0,0,no_alert_unknown,no_alert_not_final_benign,-1,dns,port
2025-07-19T23:03:14.911006+0700,103.195.142.74,118.98.44.20,42869,53,UDP,dns,,816518103658290,wire/pcap,0,0,0,0,0,0.0,0,0,0,none,0,none,0,0,0,no_alert_unknown,no_alert_not_final_benign,-1,dns,port
2025-07-19T23:03:14.923714+0700,103.195.142.108,8.8.8.8,1900,53,UDP,dns,,1216074754602613,wire/pcap,0,0,0,0,0,0.0,0,0,0,none,0,none,0,0,0,no_alert_unknown,no_alert_not_final_benign,-1,dns,port
2025-07-19T23:03:14.936435+0700,103.195.142.74,118.98.44.100,40764,53,UDP,dns,,644259142731991,wire/pcap,0,0,0,0,0,0.0,0,0,0,none,0,none,0,0,0,no_alert_unknown,no_alert_not_final_benign,-1,dns,port
2025-07-19T23:03:14.944911+0700,103.195.142.74,118.98.44.20,44004,53,UDP,dns,,680662222290449,wire/pcap,0,0,0,0,0,0.0,0,0,0,none,0,none,0,0,0,no_alert_unknown,no_alert_not_final_benign,-1,dns,port
2025-07-19T23:03:14.945243+0700,103.195.142.74,118.98.44.20,10472,53,UDP,dns,,682088991028943,wire/pcap,0,0,0,0,0,0.0,0,0,0,none,0,none,0,0,0,no_alert_unknown,no_alert_not_final_benign,-1,dns,port
2025-07-19T23:03:14.967037+0700,103.195.142.109,87.98.154.118,53,52535,UDP,flow,failed,597388845646766,,1,1,0,1437,0,0.0,1,1437,0,none,0,none,0,0,0,no_alert_unknown,no_alert_not_final_benign,-1,dns,port
2025-07-19T23:03:14.979484+0700,103.195.142.75,8.8.8.8,56545,53,UDP,dns,,829153615412584,wire/pcap,0,0,0,0,0,0.0,0,0,0,none,0,none,0,0,0,no_alert_unknown,no_alert_not_final_benign,-1,dns,port
2025-07-19T23:03:15.050455+0700,103.195.142.74,118.98.44.20,12776,53,UDP,dns,,1061129931988176,wire/pcap,0,0,0,0,0,0.0,0,0,0,none,0,none,0,0,0,no_alert_unknown,no_alert_not_final_benign,-1,dns,port
2025-07-19T23:03:15.050649+0700,103.195.142.75,8.8.8.8,8791,53,UDP,dns,,1061961555763451,wire/pcap,0,0,0,0,0,0.0,0,0,0,none,0,none,0,0,0,no_alert_unknown,no_alert_not_final_benign,-1,dns,port
2025-07-19T23:03:15.056631+0700,103.195.142.74,118.98.44.100,24131,53,UDP,dns,,1087656909692078,wire/pcap,0,0,0,0,0,0.0,0,0,0,none,0,none,0,0,0,no_alert_unknown,no_alert_not_final_benign,-1,dns,port
2025-07-19T23:03:15.078541+0700,103.195.142.74,118.98.44.50,63649,53,UDP,dns,,900284446508681,wire/pcap,0,0,0,0,0,0.0,0,0,0,none,0,none,0,0,0,no_alert_unknown,no_alert_not_final_benign,-1,dns,port
2025-07-19T23:03:15.099719+0700,103.195.142.74,202.134.0.155,57055,53,UDP,dns,,991241805782927,wire/pcap,0,0,0,0,0,0.0,0,0,0,none,0,none,0,0,0,no_alert_unknown,no_alert_not_final_benign,-1,dns,port
2025-07-19T23:03:15.104662+0700,103.195.142.74,118.98.44.100,38820,53,UDP,dns,,1012473823630631,wire/pcap,0,0,0,0,0,0.0,0,0,0,none,0,none,0,0,0,no_alert_unknown,no_alert_not_final_benign,-1,dns,port
2025-07-19T23:03:15.129791+0700,103.195.142.74,202.134.0.155,20194,53,UDP,dns,,1120398564186664,wire/pcap,0,0,0,0,0,0.0,0,0,0,none,0,none,0,0,0,no_alert_unknown,no_alert_not_final_benign,-1,dns,port
2025-07-19T23:03:15.154870+0700,103.195.142.74,118.98.44.20,3950,53,UDP,dns,,946637337400300,wire/pcap,0,0,0,0,0,0.0,0,0,0,none,0,none,0,0,0,no_alert_unknown,no_alert_not_final_benign,-1,dns,port
2025-07-19T23:03:15.163894+0700,103.195.142.74,202.134.0.155,21025,53,UDP,flow,dns,853197193399995,,1,1,0,77,0,0.0,1,77,0,none,0,none,0,0,0,no_alert_unknown,no_alert_not_final_benign,-1,dns,app_proto+port
2025-07-19T23:03:15.164778+0700,103.195.142.74,118.98.44.20,24860,53,UDP,dns,,989192336332219,wire/pcap,0,0,0,0,0,0.0,0,0,0,none,0,none,0,0,0,no_alert_unknown,no_alert_not_final_benign,-1,dns,port
2025-07-19T23:03:15.167195+0700,103.195.142.74,118.98.44.20,49369,53,UDP,dns,,999572798540278,wire/pcap,0,0,0,0,0,0.0,0,0,0,none,0,none,0,0,0,no_alert_unknown,no_alert_not_final_benign,-1,dns,port
2025-07-19T23:03:15.170752+0700,103.195.142.74,118.98.44.50,3682,53,UDP,dns,,1014852134931702,wire/pcap,0,0,0,0,0,0.0,0,0,0,none,0,none,0,0,0,no_alert_unknown,no_alert_not_final_benign,-1,dns,port
2025-07-19T23:03:15.176889+0700,103.195.142.74,202.134.0.155,54039,53,UDP,dns,,1041208761476387,wire/pcap,0,0,0,0,0,0.0,0,0,0,none,0,none,0,0,0,no_alert_unknown,no_alert_not_final_benign,-1,dns,port
2025-07-19T23:03:15.188051+0700,103.195.142.74,118.98.44.100,50800,53,UDP,dns,,1089151775653936,wire/pcap,0,0,0,0,0,0.0,0,0,0,none,0,none,0,0,0,no_alert_unknown,no_alert_not_final_benign,-1,dns,port
2025-07-19T23:03:15.190083+0700,103.195.142.74,118.98.44.50,24900,53,UDP,dns,,1097876103228396,wire/pcap,0,0,0,0,0,0.0,0,0,0,none,0,none,0,0,0,no_alert_unknown,no_alert_not_final_benign,-1,dns,port
2025-07-19T23:03:15.206037+0700,103.195.142.74,118.98.44.50,29907,53,UDP,dns,,884924160274013,wire/pcap,0,0,0,0,0,0.0,0,0,0,none,0,none,0,0,0,no_alert_unknown,no_alert_not_final_benign,-1,dns,port
2025-07-19T23:03:15.212486+0700,103.195.142.74,118.98.44.50,31073,53,UDP,dns,,912620893233611,wire/pcap,0,0,0,0,0,0.0,0,0,0,none,0,none,0,0,0,no_alert_unknown,no_alert_not_final_benign,-1,dns,port
2025-07-19T23:03:15.212613+0700,103.195.142.75,8.8.8.8,47864,53,UDP,dns,,913167943300943,wire/pcap,0,0,0,0,0,0.0,0,0,0,none,0,none,0,0,0,no_alert_unknown,no_alert_not_final_benign,-1,dns,port
2025-07-19T23:03:15.212683+0700,103.195.142.75,8.8.8.8,20577,53,UDP,dns,,913468721760204,wire/pcap,0,0,0,0,0,0.0,0,0,0,none,0,none,0,0,0,no_alert_unknown,no_alert_not_final_benign,-1,dns,port
2025-07-19T23:03:15.213492+0700,103.195.142.74,118.98.44.100,31373,53,UDP,dns,,916945410946080,wire/pcap,0,0,0,0,0,0.0,0,0,0,none,0,none,0,0,0,no_alert_unknown,no_alert_not_final_benign,-1,dns,port
2025-07-19T23:03:15.226258+0700,103.195.142.75,8.8.8.8,62959,53,UDP,dns,,971772120422514,wire/pcap,0,0,0,0,0,0.0,0,0,0,none,0,none,0,0,0,no_alert_unknown,no_alert_not_final_benign,-1,dns,port
2025-07-19T23:03:15.230015+0700,103.195.142.74,118.98.44.20,5754,53,UDP,dns,,987910741351461,wire/pcap,0,0,0,0,0,0.0,0,0,0,none,0,none,0,0,0,no_alert_unknown,no_alert_not_final_benign,-1,dns,port
2025-07-19T23:03:15.250565+0700,103.195.142.75,8.8.8.8,54367,53,UDP,dns,,1076170974012099,wire/pcap,0,0,0,0,0,0.0,0,0,0,none,0,none,0,0,0,no_alert_unknown,no_alert_not_final_benign,-1,dns,port
2025-07-19T23:03:15.252424+0700,103.195.142.74,202.134.0.155,47071,53,UDP,dns,,1084155813359251,wire/pcap,0,0,0,0,0,0.0,0,0,0,none,0,none,0,0,0,no_alert_unknown,no_alert_not_final_benign,-1,dns,port
2025-07-19T23:03:15.274997+0700,103.195.142.74,118.98.44.100,47075,53,UDP,dns,,899628363348928,wire/pcap,0,0,0,0,0,0.0,0,0,0,none,0,none,0,0,0,no_alert_unknown,no_alert_not_final_benign,-1,dns,port
2025-07-19T23:03:15.275092+0700,103.195.142.74,118.98.44.20,40283,53,UDP,dns,,900038714884030,wire/pcap,0,0,0,0,0,0.0,0,0,0,none,0,none,0,0,0,no_alert_unknown,no_alert_not_final_benign,-1,dns,port
2025-07-19T23:03:15.301378+0700,103.195.142.74,118.98.44.50,30403,53,UDP,dns,,1012935019868148,wire/pcap,0,0,0,0,0,0.0,0,0,0,none,0,none,0,0,0,no_alert_unknown,no_alert_not_final_benign,-1,dns,port
2025-07-19T23:03:15.301366+0700,103.195.142.74,118.98.44.20,23635,53,UDP,dns,,1012883391725310,wire/pcap,0,0,0,0,0,0.0,0,0,0,none,0,none,0,0,0,no_alert_unknown,no_alert_not_final_benign,-1,dns,port
2025-07-19T23:03:15.325085+0700,103.195.142.74,118.98.44.20,21286,53,UDP,dns,,1114754928246900,wire/pcap,0,0,0,0,0,0.0,0,0,0,none,0,none,0,0,0,no_alert_unknown,no_alert_not_final_benign,-1,dns,port
2025-07-19T23:03:15.347707+0700,103.185.193.21,1.1.1.1,59970,53,UDP,dns,,930441795257656,wire/pcap,0,0,0,0,0,0.0,0,0,0,none,0,none,0,0,0,no_alert_unknown,no_alert_not_final_benign,-1,dns,port
2025-07-19T23:03:15.348240+0700,103.195.142.75,8.8.8.8,42130,53,UDP,dns,,932731384279134,wire/pcap,0,0,0,0,0,0.0,0,0,0,none,0,none,0,0,0,no_alert_unknown,no_alert_not_final_benign,-1,dns,port
2025-07-19T23:03:15.348446+0700,103.195.142.74,202.134.0.155,35687,53,UDP,dns,,933614797324053,wire/pcap,0,0,0,0,0,0.0,0,0,0,none,0,none,0,0,0,no_alert_unknown,no_alert_not_final_benign,-1,dns,port
2025-07-19T23:03:15.349024+0700,103.195.142.74,118.98.44.100,41290,53,UDP,dns,,936099153970198,wire/pcap,0,0,0,0,0,0.0,0,0,0,none,0,none,0,0,0,no_alert_unknown,no_alert_not_final_benign,-1,dns,port
2025-07-19T23:03:15.355442+0700,103.195.142.74,118.98.44.100,28306,53,UDP,dns,,963663518166132,wire/pcap,0,0,0,0,0,0.0,0,0,0,none,0,none,0,0,0,no_alert_unknown,no_alert_not_final_benign,-1,dns,port
2025-07-19T23:03:15.372370+0700,103.195.142.74,118.98.44.100,36701,53,UDP,dns,,1036370795918962,wire/pcap,0,0,0,0,0,0.0,0,0,0,none,0,none,0,0,0,no_alert_unknown,no_alert_not_final_benign,-1,dns,port
2025-07-19T23:03:15.372689+0700,103.195.142.74,202.134.0.155,3513,53,UDP,dns,,1037738633564491,wire/pcap,0,0,0,0,0,0.0,0,0,0,none,0,none,0,0,0,no_alert_unknown,no_alert_not_final_benign,-1,dns,port
2025-07-19T23:03:15.375433+0700,103.195.142.74,118.98.44.50,31683,53,UDP,dns,,1049524134009850,wire/pcap,0,0,0,0,0,0.0,0,0,0,none,0,none,0,0,0,no_alert_unknown,no_alert_not_final_benign,-1,dns,port
2025-07-19T23:03:15.381585+0700,103.195.142.74,202.134.0.155,18323,53,UDP,dns,,1075948681257977,wire/pcap,0,0,0,0,0,0.0,0,0,0,none,0,none,0,0,0,no_alert_unknown,no_alert_not_final_benign,-1,dns,port
2025-07-19T23:03:15.404130+0700,103.195.142.74,118.98.44.20,48480,53,UDP,dns,,891302914298568,wire/pcap,0,0,0,0,0,0.0,0,0,0,none,0,none,0,0,0,no_alert_unknown,no_alert_not_final_benign,-1,dns,port
2025-07-19T23:03:15.426933+0700,103.195.142.74,118.98.44.50,26693,53,UDP,dns,,989239434583224,wire/pcap,0,0,0,0,0,0.0,0,0,0,none,0,none,0,0,0,no_alert_unknown,no_alert_not_final_benign,-1,dns,port
2025-07-19T23:03:15.463527+0700,103.195.142.75,8.8.8.8,49127,53,UDP,dns,,864933868586328,wire/pcap,0,0,0,0,0,0.0,0,0,0,none,0,none,0,0,0,no_alert_unknown,no_alert_not_final_benign,-1,dns,port
2025-07-19T23:03:15.473400+0700,103.195.142.74,118.98.44.20,8223,53,UDP,dns,,907340623415190,wire/pcap,0,0,0,0,0,0.0,0,0,0,none,0,none,0,0,0,no_alert_unknown,no_alert_not_final_benign,-1,dns,port
2025-07-19T23:03:15.479580+0700,103.195.142.74,118.98.44.50,57769,53,UDP,dns,,933881998064718,wire/pcap,0,0,0,0,0,0.0,0,0,0,none,0,none,0,0,0,no_alert_unknown,no_alert_not_final_benign,-1,dns,port
2025-07-19T23:03:15.489737+0700,103.195.142.74,118.98.44.100,44478,53,UDP,dns,,977508372526552,wire/pcap,0,0,0,0,0,0.0,0,0,0,none,0,none,0,0,0,no_alert_unknown,no_alert_not_final_benign,-1,dns,port
2025-07-19T23:03:15.497920+0700,103.195.142.74,118.98.44.20,13857,53,UDP,dns,,1012653736981787,wire/pcap,0,0,0,0,0,0.0,0,0,0,none,0,none,0,0,0,no_alert_unknown,no_alert_not_final_benign,-1,dns,port
2025-07-19T23:03:15.519198+0700,103.195.142.74,118.98.44.100,50633,53,UDP,dns,,1104041029162421,wire/pcap,0,0,0,0,0,0.0,0,0,0,none,0,none,0,0,0,no_alert_unknown,no_alert_not_final_benign,-1,dns,port
2025-07-19T23:03:15.521870+0700,103.195.142.74,118.98.44.100,14650,53,UDP,dns,,1115517469745275,wire/pcap,0,0,0,0,0,0.0,0,0,0,none,0,none,0,0,0,no_alert_unknown,no_alert_not_final_benign,-1,dns,port
2025-07-19T23:03:15.531287+0700,103.195.142.74,202.134.0.155,14647,53,UDP,dns,,874489305068183,wire/pcap,0,0,0,0,0,0.0,0,0,0,none,0,none,0,0,0,no_alert_unknown,no_alert_not_final_benign,-1,dns,port
2025-07-19T23:03:15.531393+0700,103.195.142.74,202.134.0.155,33052,53,UDP,dns,,874942565774505,wire/pcap,0,0,0,0,0,0.0,0,0,0,none,0,none,0,0,0,no_alert_unknown,no_alert_not_final_benign,-1,dns,port
2025-07-19T23:03:15.547824+0700,103.195.142.74,202.134.0.155,51775,53,UDP,dns,,945515402274348,wire/pcap,0,0,0,0,0,0.0,0,0,0,none,0,none,0,0,0,no_alert_unknown,no_alert_not_final_benign,-1,dns,port
2025-07-19T23:03:15.547909+0700,103.195.142.74,118.98.44.100,5917,53,UDP,dns,,945877351649943,wire/pcap,0,0,0,0,0,0.0,0,0,0,none,0,none,0,0,0,no_alert_unknown,no_alert_not_final_benign,-1,dns,port
2025-07-19T23:03:15.566074+0700,103.195.142.74,118.98.44.100,38022,53,UDP,dns,,1023894862916048,wire/pcap,0,0,0,0,0,0.0,0,0,0,none,0,none,0,0,0,no_alert_unknown,no_alert_not_final_benign,-1,dns,port
2025-07-19T23:03:15.566195+0700,103.195.142.74,118.98.44.50,45259,53,UDP,dns,,1024417586144037,wire/pcap,0,0,0,0,0,0.0,0,0,0,none,0,none,0,0,0,no_alert_unknown,no_alert_not_final_benign,-1,dns,port
2025-07-19T23:03:15.570581+0700,103.195.142.75,8.8.8.8,41783,53,UDP,dns,,1043252799441268,wire/pcap,0,0,0,0,0,0.0,0,0,0,none,0,none,0,0,0,no_alert_unknown,no_alert_not_final_benign,-1,dns,port
2025-07-19T23:03:15.577398+0700,103.195.142.74,118.98.44.20,23587,53,UDP,dns,,1072531198353427,wire/pcap,0,0,0,0,0,0.0,0,0,0,none,0,none,0,0,0,no_alert_unknown,no_alert_not_final_benign,-1,dns,port
2025-07-19T23:03:15.585359+0700,103.195.142.74,118.98.44.100,10582,53,UDP,dns,,1106724916969066,wire/pcap,0,0,0,0,0,0.0,0,0,0,none,0,none,0,0,0,no_alert_unknown,no_alert_not_final_benign,-1,dns,port
2025-07-19T23:03:15.585750+0700,103.195.142.75,8.8.8.8,4886,53,UDP,dns,,1108403509914952,wire/pcap,0,0,0,0,0,0.0,0,0,0,none,0,none,0,0,0,no_alert_unknown,no_alert_not_final_benign,-1,dns,port
2025-07-19T23:03:15.586540+0700,103.195.142.75,45.79.197.241,26959,53,UDP,dns,,1111799234504615,wire/pcap,0,0,0,0,0,0.0,0,0,0,none,0,none,0,0,0,no_alert_unknown,no_alert_not_final_benign,-1,dns,port
2025-07-19T23:03:15.590871+0700,103.195.142.74,118.98.44.20,58726,53,UDP,dns,,848924377167973,wire/pcap,0,0,0,0,0,0.0,0,0,0,none,0,none,0,0,0,no_alert_unknown,no_alert_not_final_benign,-1,dns,port
2025-07-19T23:03:15.603310+0700,103.195.142.75,8.8.8.8,8296,53,UDP,dns,,902348660798278,wire/pcap,0,0,0,0,0,0.0,0,0,0,none,0,none,0,0,0,no_alert_unknown,no_alert_not_final_benign,-1,dns,port
2025-07-19T23:03:15.617312+0700,103.195.142.74,118.98.44.100,15845,53,UDP,dns,,962485120914573,wire/pcap,0,0,0,0,0,0.0,0,0,0,none,0,none,0,0,0,no_alert_unknown,no_alert_not_final_benign,-1,dns,port
2025-07-19T23:03:15.624526+0700,103.195.142.74,118.98.44.50,60392,53,UDP,dns,,993469385636256,wire/pcap,0,0,0,0,0,0.0,0,0,0,none,0,none,0,0,0,no_alert_unknown,no_alert_not_final_benign,-1,dns,port
2025-07-19T23:03:15.624975+0700,103.195.142.74,118.98.44.100,57880,53,UDP,dns,,995398629222077,wire/pcap,0,0,0,0,0,0.0,0,0,0,none,0,none,0,0,0,no_alert_unknown,no_alert_not_final_benign,-1,dns,port
2025-07-19T23:03:15.662404+0700,103.195.142.74,118.98.44.20,54965,53,UDP,dns,,874680405523682,wire/pcap,0,0,0,0,0,0.0,0,0,0,none,0,none,0,0,0,no_alert_unknown,no_alert_not_final_benign,-1,dns,port
2025-07-19T23:03:15.662449+0700,103.195.142.74,118.98.44.50,11651,53,UDP,dns,,874872885890625,wire/pcap,0,0,0,0,0,0.0,0,0,0,none,0,none,0,0,0,no_alert_unknown,no_alert_not_final_benign,-1,dns,port
2025-07-19T23:03:15.666992+0700,103.195.142.75,8.8.8.8,65214,53,UDP,dns,,894387021650842,wire/pcap,0,0,0,0,0,0.0,0,0,0,none,0,none,0,0,0,no_alert_unknown,no_alert_not_final_benign,-1,dns,port
2025-07-19T23:03:15.678266+0700,103.195.142.75,8.8.8.8,31238,53,UDP,dns,,942809589886162,wire/pcap,0,0,0,0,0,0.0,0,0,0,none,0,none,0,0,0,no_alert_unknown,no_alert_not_final_benign,-1,dns,port
2025-07-19T23:03:15.684853+0700,103.195.142.74,118.98.44.100,2742,53,UDP,dns,,971096752013407,wire/pcap,0,0,0,0,0,0.0,0,0,0,none,0,none,0,0,0,no_alert_unknown,no_alert_not_final_benign,-1,dns,port
2025-07-19T23:03:15.708336+0700,103.195.142.195,87.98.154.118,53,34234,UDP,flow,failed,618394361711161,,1,1,0,1437,0,0.0,1,1437,0,none,0,none,0,0,0,no_alert_unknown,no_alert_not_final_benign,-1,dns,port
2025-07-19T23:03:15.715573+0700,103.195.142.74,118.98.44.50,52564,53,UDP,dns,,1103038492277152,wire/pcap,0,0,0,0,0,0.0,0,0,0,none,0,none,0,0,0,no_alert_unknown,no_alert_not_final_benign,-1,dns,port
2025-07-19T23:03:15.720601+0700,103.195.142.195,87.98.154.192,53,44459,UDP,flow,failed,400486172692701,,1,1,0,1437,0,0.0,1,1437,0,none,0,none,0,0,0,no_alert_unknown,no_alert_not_final_benign,-1,dns,port
2025-07-19T23:03:15.720657+0700,103.195.142.46,87.98.154.119,53,54104,UDP,flow,failed,663757350211857,,1,1,0,1437,0,0.0,1,1437,0,none,0,none,0,0,0,no_alert_unknown,no_alert_not_final_benign,-1,dns,port
2025-07-19T23:03:15.720675+0700,103.195.142.109,87.98.154.125,53,61590,UDP,flow,failed,2003686775755149,,1,1,0,1437,0,0.0,1,1437,0,none,0,none,0,0,0,no_alert_unknown,no_alert_not_final_benign,-1,dns,port
2025-07-19T23:03:15.720694+0700,103.195.142.74,202.134.0.155,41682,53,UDP,flow,dns,931718362927583,,1,1,0,130,0,0.0,1,130,0,none,0,none,0,0,0,no_alert_unknown,no_alert_not_final_benign,-1,dns,app_proto+port
2025-07-19T23:03:15.720741+0700,103.195.142.196,87.98.154.221,53,13983,UDP,flow,failed,80494999015967,,1,1,0,1437,0,0.0,1,1437,0,none,0,none,0,0,0,no_alert_unknown,no_alert_not_final_benign,-1,dns,port
2025-07-19T23:03:15.720843+0700,103.195.142.74,118.98.44.20,21786,53,UDP,flow,dns,959514121769513,,1,1,0,211,0,0.0,1,211,0,none,0,none,0,0,0,no_alert_unknown,no_alert_not_final_benign,-1,dns,app_proto+port
2025-07-19T23:03:15.720951+0700,103.195.142.109,87.98.154.121,53,64431,UDP,flow,failed,874501313499830,,1,1,0,1437,0,0.0,1,1437,0,none,0,none,0,0,0,no_alert_unknown,no_alert_not_final_benign,-1,dns,port
2025-07-19T23:03:15.720999+0700,103.195.142.75,8.8.8.8,18349,53,UDP,flow,dns,119250581885633,,1,1,0,88,0,0.0,1,88,0,none,0,none,0,0,0,no_alert_unknown,no_alert_not_final_benign,-1,dns,app_proto+port
2025-07-19T23:03:15.721025+0700,103.195.142.75,69.39.238.37,56722,53,UDP,flow,dns,624511485580070,,1,1,0,141,0,0.0,1,141,0,none,0,none,0,0,0,no_alert_unknown,no_alert_not_final_benign,-1,dns,app_proto+port
2025-07-19T23:03:15.721079+0700,103.195.142.83,87.98.154.70,53,1990,UDP,flow,failed,535743440589723,,1,1,0,1190,0,0.0,1,1190,0,none,0,none,0,0,0,no_alert_unknown,no_alert_not_final_benign,-1,dns,port
2025-07-19T23:03:15.721111+0700,103.195.142.74,118.98.44.100,14629,53,UDP,flow,dns,1100850477896639,,1,1,0,77,0,0.0,1,77,0,none,0,none,0,0,0,no_alert_unknown,no_alert_not_final_benign,-1,dns,app_proto+port
2025-07-19T23:03:15.721163+0700,103.195.142.75,8.8.8.8,51573,53,UDP,flow,dns,577067404989397,,1,1,0,83,0,0.0,1,83,0,none,0,none,0,0,0,no_alert_unknown,no_alert_not_final_benign,-1,dns,app_proto+port
2025-07-19T23:03:15.721184+0700,103.195.142.196,87.98.154.119,53,46168,UDP,flow,failed,1981232888779802,,1,1,0,1437,0,0.0,1,1437,0,none,0,none,0,0,0,no_alert_unknown,no_alert_not_final_benign,-1,dns,port
2025-07-19T23:03:15.721235+0700,103.195.142.74,118.98.44.50,12483,53,UDP,flow,dns,339757678498860,,1,1,0,85,0,0.0,1,85,0,none,0,none,0,0,0,no_alert_unknown,no_alert_not_final_benign,-1,dns,app_proto+port
2025-07-19T23:03:15.721273+0700,103.195.142.74,202.134.0.155,38538,53,UDP,flow,dns,332900970763312,,1,1,0,75,0,0.0,1,75,0,none,0,none,0,0,0,no_alert_unknown,no_alert_not_final_benign,-1,dns,app_proto+port
2025-07-19T23:03:15.721383+0700,103.195.142.76,87.98.154.119,53,63703,UDP,flow,failed,814915616478303,,1,1,0,1469,0,0.0,1,1469,0,none,0,none,0,0,0,no_alert_unknown,no_alert_not_final_benign,-1,dns,port
2025-07-19T23:03:15.721457+0700,103.195.142.76,87.98.154.102,53,51521,UDP,flow,failed,1505142656242790,,1,3,0,4407,0,10.0,3,4407,0,none,0,none,0,0,0,no_alert_unknown,no_alert_not_final_benign,-1,dns,port
2025-07-19T23:03:15.721480+0700,103.195.142.195,87.98.154.28,53,41518,UDP,flow,failed,752641198101624,,1,1,0,1437,0,0.0,1,1437,0,none,0,none,0,0,0,no_alert_unknown,no_alert_not_final_benign,-1,dns,port
2025-07-19T23:03:15.721540+0700,103.195.142.74,118.98.44.20,47787,53,UDP,flow,dns,100642048480460,,1,1,0,214,0,0.0,1,214,0,none,0,none,0,0,0,no_alert_unknown,no_alert_not_final_benign,-1,dns,app_proto+port
2025-07-19T23:03:15.721561+0700,103.195.142.76,87.98.154.18,53,43546,UDP,flow,failed,223447150400767,,1,1,0,1469,0,0.0,1,1469,0,none,0,none,0,0,0,no_alert_unknown,no_alert_not_final_benign,-1,dns,port
2025-07-19T23:03:15.721667+0700,103.195.142.196,87.98.154.137,53,60285,UDP,flow,failed,1024617682605605,,1,1,0,1437,0,0.0,1,1437,0,none,0,none,0,0,0,no_alert_unknown,no_alert_not_final_benign,-1,dns,port
2025-07-19T23:03:15.721707+0700,103.195.142.83,87.98.154.42,53,50987,UDP,flow,failed,1115381854803543,,1,1,0,1190,0,0.0,1,1190,0,none,0,none,0,0,0,no_alert_unknown,no_alert_not_final_benign,-1,dns,port
2025-07-19T23:03:15.721760+0700,103.195.142.46,87.98.154.119,53,32450,UDP,flow,failed,2101679504397958,,1,1,0,1437,0,0.0,1,1437,0,none,0,none,0,0,0,no_alert_unknown,no_alert_not_final_benign,-1,dns,port
2025-07-19T23:03:15.721892+0700,103.195.142.195,87.98.154.248,53,37611,UDP,flow,failed,1991548855293627,,1,1,0,1437,0,0.0,1,1437,0,none,0,none,0,0,0,no_alert_unknown,no_alert_not_final_benign,-1,dns,port
2025-07-19T23:03:15.721929+0700,103.195.142.75,69.16.230.48,30506,53,UDP,flow,dns,924778044888788,,1,1,0,85,0,0.0,1,85,0,none,0,none,0,0,0,no_alert_unknown,no_alert_not_final_benign,-1,dns,app_proto+port
2025-07-19T23:03:15.721951+0700,103.195.142.74,118.98.44.50,7513,53,UDP,flow,dns,210328255436549,,1,1,0,214,0,0.0,1,214,0,none,0,none,0,0,0,no_alert_unknown,no_alert_not_final_benign,-1,dns,app_proto+port
2025-07-19T23:03:15.722018+0700,103.195.142.74,202.134.0.155,53991,53,UDP,flow,dns,954846455044009,,1,1,0,214,0,0.0,1,214,0,none,0,none,0,0,0,no_alert_unknown,no_alert_not_final_benign,-1,dns,app_proto+port
2025-07-19T23:03:15.722050+0700,103.195.142.74,118.98.44.100,32456,53,UDP,flow,dns,2036995509884845,,1,1,0,214,0,0.0,1,214,0,none,0,none,0,0,0,no_alert_unknown,no_alert_not_final_benign,-1,dns,app_proto+port
2025-07-19T23:03:15.722076+0700,103.195.142.75,8.8.8.8,30793,53,UDP,flow,dns,70558455535600,,1,1,0,68,0,0.0,1,68,0,none,0,none,0,0,0,no_alert_unknown,no_alert_not_final_benign,-1,dns,app_proto+port
2025-07-19T23:03:15.722097+0700,103.195.142.75,8.8.8.8,57764,53,UDP,flow,dns,895155248142330,,1,1,0,223,0,0.0,1,223,0,none,0,none,0,0,0,no_alert_unknown,no_alert_not_final_benign,-1,dns,app_proto+port
2025-07-19T23:03:15.722132+0700,103.195.142.83,87.98.154.242,53,18088,UDP,flow,failed,2052841119586357,,1,1,0,1190,0,0.0,1,1190,0,none,0,none,0,0,0,no_alert_unknown,no_alert_not_final_benign,-1,dns,port
2025-07-19T23:03:15.722183+0700,103.195.142.196,87.98.154.157,53,3688,UDP,flow,failed,2224214041204904,,1,1,0,1437,0,0.0,1,1437,0,none,0,none,0,0,0,no_alert_unknown,no_alert_not_final_benign,-1,dns,port
2025-07-19T23:03:15.722217+0700,103.195.142.196,87.98.154.119,53,17289,UDP,flow,failed,1027716363426004,,1,1,0,1437,0,0.0,1,1437,0,none,0,none,0,0,0,no_alert_unknown,no_alert_not_final_benign,-1,dns,port
2025-07-19T23:03:15.722271+0700,103.195.142.74,118.98.44.50,53157,53,UDP,flow,dns,1111333201811752,,1,1,0,223,0,0.0,1,223,0,none,0,none,0,0,0,no_alert_unknown,no_alert_not_final_benign,-1,dns,app_proto+port
2025-07-19T23:03:15.722386+0700,103.195.142.165,87.98.154.119,53,26796,UDP,flow,failed,613479389043023,,1,1,0,1437,0,0.0,1,1437,0,none,0,none,0,0,0,no_alert_unknown,no_alert_not_final_benign,-1,dns,port
2025-07-19T23:03:15.722429+0700,103.195.142.74,118.98.44.50,4516,53,UDP,flow,dns,901769060587892,,1,1,0,87,0,0.0,1,87,0,none,0,none,0,0,0,no_alert_unknown,no_alert_not_final_benign,-1,dns,app_proto+port
2025-07-19T23:03:15.722492+0700,103.195.142.74,118.98.44.20,59364,53,UDP,flow,dns,1000163095058818,,1,1,0,130,0,0.0,1,130,0,none,0,none,0,0,0,no_alert_unknown,no_alert_not_final_benign,-1,dns,app_proto+port
2025-07-19T23:03:15.722572+0700,103.195.142.165,87.98.154.119,53,4517,UDP,flow,failed,141343871048199,,1,1,0,1437,0,0.0,1,1437,0,none,0,none,0,0,0,no_alert_unknown,no_alert_not_final_benign,-1,dns,port
2025-07-19T23:03:15.722601+0700,103.195.142.46,87.98.154.119,53,40701,UDP,flow,failed,1092892100303389,,1,1,0,1437,0,0.0,1,1437,0,none,0,none,0,0,0,no_alert_unknown,no_alert_not_final_benign,-1,dns,port
2025-07-19T23:03:15.722647+0700,103.195.142.76,87.98.154.119,53,2927,UDP,flow,failed,11018878294635,,1,1,0,1469,0,0.0,1,1469,0,none,0,none,0,0,0,no_alert_unknown,no_alert_not_final_benign,-1,dns,port
2025-07-19T23:03:15.722687+0700,103.195.142.74,118.98.44.50,61105,53,UDP,flow,dns,1048292023179927,,1,1,0,77,0,0.0,1,77,0,none,0,none,0,0,0,no_alert_unknown,no_alert_not_final_benign,-1,dns,app_proto+port
2025-07-19T23:03:15.722739+0700,103.195.142.196,87.98.154.81,53,23439,UDP,flow,failed,864368620575442,,1,1,0,1437,0,0.0,1,1437,0,none,0,none,0,0,0,no_alert_unknown,no_alert_not_final_benign,-1,dns,port
2025-07-19T23:03:15.722776+0700,103.195.142.74,118.98.44.20,63073,53,UDP,flow,dns,55086517361529,,1,1,0,94,0,0.0,1,94,0,none,0,none,0,0,0,no_alert_unknown,no_alert_not_final_benign,-1,dns,app_proto+port
2025-07-19T23:03:15.722869+0700,103.195.142.74,118.98.44.100,29565,53,UDP,flow,dns,1013079063698347,,1,1,0,74,0,0.0,1,74,0,none,0,none,0,0,0,no_alert_unknown,no_alert_not_final_benign,-1,dns,app_proto+port
2025-07-19T23:03:15.722914+0700,103.195.142.74,202.134.0.155,33640,53,UDP,flow,dns,488827106794466,,1,1,0,73,0,0.0,1,73,0,none,0,none,0,0,0,no_alert_unknown,no_alert_not_final_benign,-1,dns,app_proto+port
2025-07-19T23:03:15.722963+0700,103.195.142.196,87.98.154.221,53,39974,UDP,flow,failed,504991064366193,,1,1,0,1437,0,0.0,1,1437,0,none,0,none,0,0,0,no_alert_unknown,no_alert_not_final_benign,-1,dns,port
2025-07-19T23:03:15.723026+0700,103.195.142.74,202.134.0.155,49717,53,UDP,flow,dns,489648395820267,,1,1,0,86,0,0.0,1,86,0,none,0,none,0,0,0,no_alert_unknown,no_alert_not_final_benign,-1,dns,app_proto+port
2025-07-19T23:03:15.723067+0700,103.195.142.165,87.98.154.119,53,4931,UDP,flow,failed,989442680266053,,1,1,0,1437,0,0.0,1,1437,0,none,0,none,0,0,0,no_alert_unknown,no_alert_not_final_benign,-1,dns,port
2025-07-19T23:03:15.723160+0700,103.195.142.76,87.98.154.158,53,56568,UDP,flow,failed,531337374571991,,1,1,0,1469,0,0.0,1,1469,0,none,0,none,0,0,0,no_alert_unknown,no_alert_not_final_benign,-1,dns,port
2025-07-19T23:03:15.723194+0700,103.195.142.165,87.98.154.221,53,28500,UDP,flow,failed,234596328644062,,1,1,0,1437,0,0.0,1,1437,0,none,0,none,0,0,0,no_alert_unknown,no_alert_not_final_benign,-1,dns,port
2025-07-19T23:03:15.723213+0700,103.195.142.165,87.98.154.1,53,46005,UDP,flow,failed,833906786999824,,1,1,0,1437,0,0.0,1,1437,0,none,0,none,0,0,0,no_alert_unknown,no_alert_not_final_benign,-1,dns,port
2025-07-19T23:03:15.723264+0700,103.195.142.109,87.98.154.117,53,46562,UDP,flow,failed,345356047523468,,1,1,0,1437,0,0.0,1,1437,0,none,0,none,0,0,0,no_alert_unknown,no_alert_not_final_benign,-1,dns,port
2025-07-19T23:03:15.723325+0700,103.195.142.195,87.98.154.88,53,42471,UDP,flow,failed,630854587948724,,1,1,0,1437,0,0.0,1,1437,0,none,0,none,0,0,0,no_alert_unknown,no_alert_not_final_benign,-1,dns,port
2025-07-19T23:03:15.723353+0700,103.195.142.75,8.8.8.8,43652,53,UDP,flow,dns,20645259550528,,1,2,0,162,0,8.0,2,162,0,none,0,none,0,0,0,no_alert_unknown,no_alert_not_final_benign,-1,dns,app_proto+port
2025-07-19T23:03:15.723375+0700,103.195.142.74,118.98.44.20,49489,53,UDP,flow,dns,195779970834306,,1,1,0,211,0,0.0,1,211,0,none,0,none,0,0,0,no_alert_unknown,no_alert_not_final_benign,-1,dns,app_proto+port
2025-07-19T23:03:15.723415+0700,103.195.142.165,87.98.154.118,53,41242,UDP,flow,failed,849414203547530,,1,1,0,1437,0,0.0,1,1437,0,none,0,none,0,0,0,no_alert_unknown,no_alert_not_final_benign,-1,dns,port
2025-07-19T23:03:15.723442+0700,103.195.142.74,118.98.44.50,24413,53,UDP,flow,dns,494819246186405,,1,1,0,88,0,0.0,1,88,0,none,0,none,0,0,0,no_alert_unknown,no_alert_not_final_benign,-1,dns,app_proto+port
2025-07-19T23:03:15.723475+0700,103.195.142.165,87.98.154.57,53,21834,UDP,flow,failed,414809357328330,,1,1,0,1437,0,0.0,1,1437,0,none,0,none,0,0,0,no_alert_unknown,no_alert_not_final_benign,-1,dns,port
2025-07-19T23:03:15.723498+0700,103.195.142.165,87.98.154.173,53,23957,UDP,flow,failed,1107671138213848,,1,2,0,2874,0,6.0,2,2874,0,none,0,none,0,0,0,no_alert_unknown,no_alert_not_final_benign,-1,dns,port
2025-07-19T23:03:15.723584+0700,103.195.142.76,87.98.154.46,53,47008,UDP,flow,failed,2131203512246469,,1,3,0,4407,0,9.0,3,4407,0,none,0,none,0,0,0,no_alert_unknown,no_alert_not_final_benign,-1,dns,port
2025-07-19T23:03:15.723604+0700,103.195.142.75,118.98.44.50,29915,53,UDP,flow,dns,494654087995595,,1,1,0,80,0,0.0,1,80,0,none,0,none,0,0,0,no_alert_unknown,no_alert_not_final_benign,-1,dns,app_proto+port
2025-07-19T23:03:15.723636+0700,103.195.142.76,87.98.154.119,53,34229,UDP,flow,failed,721887432777991,,1,1,0,1469,0,0.0,1,1469,0,none,0,none,0,0,0,no_alert_unknown,no_alert_not_final_benign,-1,dns,port
2025-07-19T23:03:15.723671+0700,103.195.142.74,118.98.44.50,51409,53,UDP,flow,dns,192608071950617,,1,2,0,204,0,8.0,2,204,0,none,0,none,0,0,0,no_alert_unknown,no_alert_not_final_benign,-1,dns,app_proto+port
2025-07-19T23:03:15.723722+0700,103.195.142.196,87.98.154.137,53,43128,UDP,flow,failed,651492054245695,,1,1,0,1437,0,0.0,1,1437,0,none,0,none,0,0,0,no_alert_unknown,no_alert_not_final_benign,-1,dns,port
2025-07-19T23:03:15.723759+0700,103.195.142.74,118.98.44.50,4066,53,UDP,flow,dns,1130780635406667,,1,2,0,492,0,14.0,2,492,0,none,0,none,0,0,0,no_alert_unknown,no_alert_not_final_benign,-1,dns,app_proto+port
2025-07-19T23:03:15.723802+0700,103.195.142.196,87.98.154.25,53,30358,UDP,flow,failed,312696746451303,,1,1,0,1437,0,0.0,1,1437,0,none,0,none,0,0,0,no_alert_unknown,no_alert_not_final_benign,-1,dns,port
2025-07-19T23:03:15.723860+0700,103.195.142.74,202.134.0.155,44678,53,UDP,flow,dns,1024493197631882,,1,1,0,196,0,0.0,1,196,0,none,0,none,0,0,0,no_alert_unknown,no_alert_not_final_benign,-1,dns,app_proto+port
2025-07-19T23:03:15.723929+0700,103.195.142.3,172.70.116.71,53,18495,UDP,flow,failed,406779235705252,,1,1,0,137,0,0.0,1,137,0,none,0,none,0,0,0,no_alert_unknown,no_alert_not_final_benign,-1,dns,port
2025-07-19T23:03:15.723962+0700,103.195.142.165,87.98.154.133,53,25743,UDP,flow,failed,846746476782053,,1,1,0,1437,0,0.0,1,1437,0,none,0,none,0,0,0,no_alert_unknown,no_alert_not_final_benign,-1,dns,port
2025-07-19T23:03:15.724012+0700,103.195.142.109,87.98.154.129,53,27756,UDP,flow,failed,527096945877540,,1,1,0,1437,0,0.0,1,1437,0,none,0,none,0,0,0,no_alert_unknown,no_alert_not_final_benign,-1,dns,port
2025-07-19T23:03:15.724051+0700,103.195.142.109,87.98.154.119,53,6635,UDP,flow,failed,260711926440543,,1,1,0,1437,0,0.0,1,1437,0,none,0,none,0,0,0,no_alert_unknown,no_alert_not_final_benign,-1,dns,port
2025-07-19T23:03:15.724095+0700,103.195.142.75,8.8.8.8,38846,53,UDP,flow,dns,96997540405918,,1,1,0,73,0,0.0,1,73,0,none,0,none,0,0,0,no_alert_unknown,no_alert_not_final_benign,-1,dns,app_proto+port
2025-07-19T23:03:15.724262+0700,103.195.142.74,118.98.44.20,32786,53,UDP,flow,dns,822924345058239,,1,1,0,88,0,0.0,1,88,0,none,0,none,0,0,0,no_alert_unknown,no_alert_not_final_benign,-1,dns,app_proto+port
2025-07-19T23:03:15.724403+0700,103.195.142.74,118.98.44.50,3346,53,UDP,flow,dns,354185519408319,,1,1,0,211,0,0.0,1,211,0,none,0,none,0,0,0,no_alert_unknown,no_alert_not_final_benign,-1,dns,app_proto+port
2025-07-19T23:03:15.724440+0700,103.195.142.83,87.98.154.119,53,27955,UDP,flow,failed,662208467150077,,1,1,0,1190,0,0.0,1,1190,0,none,0,none,0,0,0,no_alert_unknown,no_alert_not_final_benign,-1,dns,port
2025-07-19T23:03:15.724635+0700,103.195.142.75,8.8.8.8,28366,53,UDP,flow,dns,55822719886797,,1,1,0,88,0,0.0,1,88,0,none,0,none,0,0,0,no_alert_unknown,no_alert_not_final_benign,-1,dns,app_proto+port
2025-07-19T23:03:15.724719+0700,103.195.142.109,87.98.154.41,53,19704,UDP,flow,failed,348723435382447,,1,1,0,1437,0,0.0,1,1437,0,none,0,none,0,0,0,no_alert_unknown,no_alert_not_final_benign,-1,dns,port
2025-07-19T23:03:15.724753+0700,103.195.142.76,87.98.154.46,53,19076,UDP,flow,failed,804171881948902,,1,1,0,1469,0,0.0,1,1469,0,none,0,none,0,0,0,no_alert_unknown,no_alert_not_final_benign,-1,dns,port
2025-07-19T23:03:15.724784+0700,103.195.142.109,87.98.154.119,53,54656,UDP,flow,failed,541450535479096,,1,1,0,1437,0,0.0,1,1437,0,none,0,none,0,0,0,no_alert_unknown,no_alert_not_final_benign,-1,dns,port
2025-07-19T23:03:15.724927+0700,103.195.142.196,87.98.154.193,53,7091,UDP,flow,failed,766919755081589,,1,1,0,1437,0,0.0,1,1437,0,none,0,none,0,0,0,no_alert_unknown,no_alert_not_final_benign,-1,dns,port
2025-07-19T23:03:15.724954+0700,103.195.142.83,87.98.154.119,53,58168,UDP,flow,failed,62692059556011,,1,1,0,1190,0,0.0,1,1190,0,none,0,none,0,0,0,no_alert_unknown,no_alert_not_final_benign,-1,dns,port
2025-07-19T23:03:15.724973+0700,103.195.142.195,87.98.154.119,53,55548,UDP,flow,failed,1120768661104837,,1,1,0,1437,0,0.0,1,1437,0,none,0,none,0,0,0,no_alert_unknown,no_alert_not_final_benign,-1,dns,port
2025-07-19T23:03:15.724991+0700,103.195.142.165,87.98.154.119,53,48737,UDP,flow,failed,566198197070043,,1,1,0,1437,0,0.0,1,1437,0,none,0,none,0,0,0,no_alert_unknown,no_alert_not_final_benign,-1,dns,port
2025-07-19T23:03:15.725010+0700,103.195.142.74,118.98.44.100,63379,53,UDP,flow,dns,283903197620449,,1,1,0,83,0,0.0,1,83,0,none,0,none,0,0,0,no_alert_unknown,no_alert_not_final_benign,-1,dns,app_proto+port
2025-07-19T23:03:15.725044+0700,103.195.142.46,87.98.154.15,53,42407,UDP,flow,failed,1770649390459145,,1,3,0,4311,0,10.0,3,4311,0,none,0,none,0,0,0,no_alert_unknown,no_alert_not_final_benign,-1,dns,port
2025-07-19T23:03:15.725087+0700,103.195.142.74,118.98.44.20,45316,53,UDP,flow,dns,272237129738577,,1,1,0,142,0,0.0,1,142,0,none,0,none,0,0,0,no_alert_unknown,no_alert_not_final_benign,-1,dns,app_proto+port
2025-07-19T23:03:15.725137+0700,103.195.142.74,118.98.44.50,45748,53,UDP,flow,dns,986566139029907,,1,1,0,77,0,0.0,1,77,0,none,0,none,0,0,0,no_alert_unknown,no_alert_not_final_benign,-1,dns,app_proto+port
2025-07-19T23:03:15.725159+0700,103.195.142.165,87.98.154.145,53,59740,UDP,flow,failed,372421642136066,,1,1,0,1437,0,0.0,1,1437,0,none,0,none,0,0,0,no_alert_unknown,no_alert_not_final_benign,-1,dns,port
2025-07-19T23:03:15.725178+0700,103.195.142.74,118.98.44.100,62860,53,UDP,flow,dns,826163788622349,,1,1,0,82,0,0.0,1,82,0,none,0,none,0,0,0,no_alert_unknown,no_alert_not_final_benign,-1,dns,app_proto+port
2025-07-19T23:03:15.725199+0700,103.195.142.74,202.134.0.155,19054,53,UDP,flow,dns,317116362304222,,1,1,0,214,0,0.0,1,214,0,none,0,none,0,0,0,no_alert_unknown,no_alert_not_final_benign,-1,dns,app_proto+port
2025-07-19T23:03:15.725236+0700,103.195.142.3,180.241.233.189,53,46881,UDP,flow,failed,691120590465880,,1,1,0,129,0,0.0,1,129,0,none,0,none,0,0,0,no_alert_unknown,no_alert_not_final_benign,-1,dns,port
2025-07-19T23:03:15.725258+0700,103.195.142.76,87.98.154.158,53,63390,UDP,flow,failed,184223895366495,,1,1,0,1469,0,0.0,1,1469,0,none,0,none,0,0,0,no_alert_unknown,no_alert_not_final_benign,-1,dns,port
2025-07-19T23:03:15.725322+0700,103.195.142.196,87.98.154.119,53,19459,UDP,flow,failed,119180526136256,,1,1,0,1437,0,0.0,1,1437,0,none,0,none,0,0,0,no_alert_unknown,no_alert_not_final_benign,-1,dns,port
2025-07-19T23:03:15.725442+0700,103.195.142.83,87.98.154.42,53,8362,UDP,flow,failed,478753960537191,,1,1,0,1190,0,0.0,1,1190,0,none,0,none,0,0,0,no_alert_unknown,no_alert_not_final_benign,-1,dns,port
2025-07-19T23:03:15.725485+0700,103.195.142.83,87.98.154.119,53,14619,UDP,flow,failed,398065110985859,,1,1,0,1190,0,0.0,1,1190,0,none,0,none,0,0,0,no_alert_unknown,no_alert_not_final_benign,-1,dns,port
2025-07-19T23:03:15.725518+0700,103.195.142.46,87.98.154.119,53,58579,UDP,flow,failed,817823805385877,,1,1,0,1437,0,0.0,1,1437,0,none,0,none,0,0,0,no_alert_unknown,no_alert_not_final_benign,-1,dns,port
2025-07-19T23:03:15.725541+0700,103.195.142.74,118.98.44.100,12881,53,UDP,flow,dns,861508288687257,,1,1,0,241,0,0.0,1,241,0,none,0,none,0,0,0,no_alert_unknown,no_alert_not_final_benign,-1,dns,app_proto+port
2025-07-19T23:03:15.725574+0700,103.195.142.74,118.98.44.100,8208,53,UDP,flow,dns,1104481839787217,,1,1,0,223,0,0.0,1,223,0,none,0,none,0,0,0,no_alert_unknown,no_alert_not_final_benign,-1,dns,app_proto+port
2025-07-19T23:03:15.725623+0700,103.195.142.74,118.98.44.100,10323,53,UDP,flow,dns,999889188269318,,1,1,0,211,0,0.0,1,211,0,none,0,none,0,0,0,no_alert_unknown,no_alert_not_final_benign,-1,dns,app_proto+port
2025-07-19T23:03:15.725720+0700,103.195.142.109,87.98.154.119,53,25053,UDP,flow,failed,721449686314315,,1,1,0,1437,0,0.0,1,1437,0,none,0,none,0,0,0,no_alert_unknown,no_alert_not_final_benign,-1,dns,port
2025-07-19T23:03:15.725749+0700,103.195.142.195,87.98.154.228,53,21928,UDP,flow,failed,1080749671230925,,1,1,0,1437,0,0.0,1,1437,0,none,0,none,0,0,0,no_alert_unknown,no_alert_not_final_benign,-1,dns,port
2025-07-19T23:03:15.725860+0700,103.195.142.74,202.134.0.155,19454,53,UDP,flow,dns,848227847286324,,1,1,0,223,0,0.0,1,223,0,none,0,none,0,0,0,no_alert_unknown,no_alert_not_final_benign,-1,dns,app_proto+port
2025-07-19T23:03:15.725953+0700,103.195.142.46,87.98.154.243,53,2947,UDP,flow,failed,973997465841397,,1,1,0,1437,0,0.0,1,1437,0,none,0,none,0,0,0,no_alert_unknown,no_alert_not_final_benign,-1,dns,port
2025-07-19T23:03:15.726005+0700,103.195.142.76,87.98.154.102,53,22964,UDP,flow,failed,314023096659701,,1,1,0,1469,0,0.0,1,1469,0,none,0,none,0,0,0,no_alert_unknown,no_alert_not_final_benign,-1,dns,port
2025-07-19T23:03:15.726048+0700,103.195.142.76,87.98.154.218,53,61428,UDP,flow,failed,282678821891840,,1,3,0,4407,0,10.0,3,4407,0,none,0,none,0,0,0,no_alert_unknown,no_alert_not_final_benign,-1,dns,port
2025-07-19T23:03:15.726156+0700,103.195.142.83,87.98.154.119,53,47094,UDP,flow,failed,856114226573085,,1,1,0,1190,0,0.0,1,1190,0,none,0,none,0,0,0,no_alert_unknown,no_alert_not_final_benign,-1,dns,port
2025-07-19T23:03:15.726196+0700,103.195.142.46,87.98.154.119,53,5830,UDP,flow,failed,284715261472551,,1,1,0,1437,0,0.0,1,1437,0,none,0,none,0,0,0,no_alert_unknown,no_alert_not_final_benign,-1,dns,port
2025-07-19T23:03:15.726239+0700,103.195.142.75,8.8.8.8,14803,53,UDP,flow,dns,902167128158012,,1,1,0,214,0,0.0,1,214,0,none,0,none,0,0,0,no_alert_unknown,no_alert_not_final_benign,-1,dns,app_proto+port
2025-07-19T23:03:15.726300+0700,103.195.142.46,87.98.154.119,53,10511,UDP,flow,failed,385102449323857,,1,1,0,1437,0,0.0,1,1437,0,none,0,none,0,0,0,no_alert_unknown,no_alert_not_final_benign,-1,dns,port
2025-07-19T23:03:15.726402+0700,103.195.142.75,8.8.8.8,37228,53,UDP,flow,dns,34684555538262,,1,1,0,74,0,0.0,1,74,0,none,0,none,0,0,0,no_alert_unknown,no_alert_not_final_benign,-1,dns,app_proto+port
2025-07-19T23:03:15.726444+0700,103.195.142.46,87.98.154.119,53,25534,UDP,flow,failed,654804944990115,,1,1,0,1437,0,0.0,1,1437,0,none,0,none,0,0,0,no_alert_unknown,no_alert_not_final_benign,-1,dns,port
2025-07-19T23:03:15.726530+0700,103.195.142.74,118.98.44.100,2423,53,UDP,flow,dns,585796983369637,,1,1,0,83,0,0.0,1,83,0,none,0,none,0,0,0,no_alert_unknown,no_alert_not_final_benign,-1,dns,app_proto+port
2025-07-19T23:03:15.726593+0700,103.195.142.46,87.98.154.119,53,5410,UDP,flow,failed,983594366316499,,1,1,0,1437,0,0.0,1,1437,0,none,0,none,0,0,0,no_alert_unknown,no_alert_not_final_benign,-1,dns,port
2025-07-19T23:03:15.726690+0700,103.195.142.165,87.98.154.117,53,15824,UDP,flow,failed,818915436376074,,1,1,0,1437,0,0.0,1,1437,0,none,0,none,0,0,0,no_alert_unknown,no_alert_not_final_benign,-1,dns,port
2025-07-19T23:03:15.726710+0700,103.195.142.76,87.98.154.119,53,47284,UDP,flow,failed,1090369373646925,,1,1,0,1469,0,0.0,1,1469,0,none,0,none,0,0,0,no_alert_unknown,no_alert_not_final_benign,-1,dns,port
2025-07-19T23:03:15.726728+0700,103.195.142.74,202.134.0.155,41854,53,UDP,flow,dns,721125254082725,,1,1,0,241,0,0.0,1,241,0,none,0,none,0,0,0,no_alert_unknown,no_alert_not_final_benign,-1,dns,app_proto+port
2025-07-19T23:03:15.726748+0700,103.195.142.196,87.98.154.21,53,47887,UDP,flow,failed,185269965336742,,1,1,0,1437,0,0.0,1,1437,0,none,0,none,0,0,0,no_alert_unknown,no_alert_not_final_benign,-1,dns,port
2025-07-19T23:03:15.726800+0700,103.195.142.46,87.98.154.119,53,58152,UDP,flow,failed,835891378958610,,1,1,0,1437,0,0.0,1,1437,0,none,0,none,0,0,0,no_alert_unknown,no_alert_not_final_benign,-1,dns,port
2025-07-19T23:03:15.726841+0700,103.195.142.74,118.98.44.100,47254,53,UDP,flow,dns,228616239952288,,1,1,0,87,0,0.0,1,87,0,none,0,none,0,0,0,no_alert_unknown,no_alert_not_final_benign,-1,dns,app_proto+port
2025-07-19T23:03:15.726861+0700,103.195.142.196,87.98.154.81,53,16193,UDP,flow,failed,167963205022303,,1,1,0,1437,0,0.0,1,1437,0,none,0,none,0,0,0,no_alert_unknown,no_alert_not_final_benign,-1,dns,port
2025-07-19T23:03:15.726926+0700,103.195.142.46,87.98.154.243,53,45843,UDP,flow,failed,1077625774649974,,1,1,0,1437,0,0.0,1,1437,0,none,0,none,0,0,0,no_alert_unknown,no_alert_not_final_benign,-1,dns,port
2025-07-19T23:03:15.726977+0700,103.195.142.74,118.98.44.20,64801,53,UDP,flow,dns,976948287353533,,1,1,0,223,0,0.0,1,223,0,none,0,none,0,0,0,no_alert_unknown,no_alert_not_final_benign,-1,dns,app_proto+port
2025-07-19T23:03:15.726999+0700,103.195.142.76,87.98.154.130,53,54197,UDP,flow,failed,443871112049371,,1,1,0,1469,0,0.0,1,1469,0,none,0,none,0,0,0,no_alert_unknown,no_alert_not_final_benign,-1,dns,port
2025-07-19T23:03:15.727020+0700,103.195.142.74,185.67.45.232,34430,53,UDP,flow,dns,885472270791421,,1,1,0,141,0,0.0,1,141,0,none,0,none,0,0,0,no_alert_unknown,no_alert_not_final_benign,-1,dns,app_proto+port
2025-07-19T23:03:15.727082+0700,103.195.142.83,87.98.154.119,53,42846,UDP,flow,failed,627034745451376,,1,1,0,1190,0,0.0,1,1190,0,none,0,none,0,0,0,no_alert_unknown,no_alert_not_final_benign,-1,dns,port
2025-07-19T23:03:15.727121+0700,103.195.142.195,87.98.154.28,53,8038,UDP,flow,failed,425324413957141,,1,1,0,1437,0,0.0,1,1437,0,none,0,none,0,0,0,no_alert_unknown,no_alert_not_final_benign,-1,dns,port
2025-07-19T23:03:15.727173+0700,103.195.142.195,87.98.154.28,53,61405,UDP,flow,failed,58481719686277,,1,1,0,1437,0,0.0,1,1437,0,none,0,none,0,0,0,no_alert_unknown,no_alert_not_final_benign,-1,dns,port
2025-07-19T23:03:15.727192+0700,103.195.142.195,87.98.154.0,53,41764,UDP,flow,failed,338420547368210,,1,1,0,1437,0,0.0,1,1437,0,none,0,none,0,0,0,no_alert_unknown,no_alert_not_final_benign,-1,dns,port
2025-07-19T23:03:15.727210+0700,103.195.142.76,87.98.154.119,53,58012,UDP,flow,failed,1084162731521306,,1,1,0,1469,0,0.0,1,1469,0,none,0,none,0,0,0,no_alert_unknown,no_alert_not_final_benign,-1,dns,port
2025-07-19T23:03:15.727355+0700,103.195.142.74,202.134.0.155,9932,53,UDP,flow,dns,658333269210541,,1,1,0,71,0,0.0,1,71,0,none,0,none,0,0,0,no_alert_unknown,no_alert_not_final_benign,-1,dns,app_proto+port
2025-07-19T23:03:15.727405+0700,103.195.142.46,87.98.154.3,53,56962,UDP,flow,failed,373630445991428,,1,1,0,1437,0,0.0,1,1437,0,none,0,none,0,0,0,no_alert_unknown,no_alert_not_final_benign,-1,dns,port
2025-07-19T23:03:15.727443+0700,103.195.142.2,209.126.70.52,53,3231,UDP,flow,failed,903147503990385,,1,1,0,154,0,0.0,1,154,0,none,0,none,0,0,0,no_alert_unknown,no_alert_not_final_benign,-1,dns,port
2025-07-19T23:03:15.727466+0700,103.195.142.74,118.98.44.50,26442,53,UDP,flow,dns,97256942974652,,1,1,0,73,0,0.0,1,73,0,none,0,none,0,0,0,no_alert_unknown,no_alert_not_final_benign,-1,dns,app_proto+port
2025-07-19T23:03:15.727494+0700,103.195.142.74,118.98.44.50,16730,53,UDP,flow,dns,561274209220312,,1,1,0,223,0,0.0,1,223,0,none,0,none,0,0,0,no_alert_unknown,no_alert_not_final_benign,-1,dns,app_proto+port
2025-07-19T23:03:15.727581+0700,103.195.142.196,87.98.154.109,53,12914,UDP,flow,failed,843875360552894,,1,1,0,1437,0,0.0,1,1437,0,none,0,none,0,0,0,no_alert_unknown,no_alert_not_final_benign,-1,dns,port
2025-07-19T23:03:15.727599+0700,103.195.142.196,87.98.154.119,53,19439,UDP,flow,failed,1107914110919,,1,1,0,1437,0,0.0,1,1437,0,none,0,none,0,0,0,no_alert_unknown,no_alert_not_final_benign,-1,dns,port
2025-07-19T23:03:15.727623+0700,103.195.142.165,87.98.154.119,53,50568,UDP,flow,failed,583831486773248,,1,1,0,1437,0,0.0,1,1437,0,none,0,none,0,0,0,no_alert_unknown,no_alert_not_final_benign,-1,dns,port
2025-07-19T23:03:15.727642+0700,103.195.142.46,87.98.154.215,53,46558,UDP,flow,failed,196910140209154,,1,3,0,4311,0,9.0,3,4311,0,none,0,none,0,0,0,no_alert_unknown,no_alert_not_final_benign,-1,dns,port
2025-07-19T23:03:15.727661+0700,103.195.142.2,172.70.116.71,53,56607,UDP,flow,failed,459487092783218,,1,1,0,158,0,0.0,1,158,0,none,0,none,0,0,0,no_alert_unknown,no_alert_not_final_benign,-1,dns,port
2025-07-19T23:03:15.727679+0700,103.195.142.76,87.98.154.119,53,58781,UDP,flow,failed,753665734523139,,1,1,0,1469,0,0.0,1,1469,0,none,0,none,0,0,0,no_alert_unknown,no_alert_not_final_benign,-1,dns,port
2025-07-19T23:03:15.727697+0700,103.195.142.46,87.98.154.43,53,9423,UDP,flow,failed,791316767815946,,1,1,0,1437,0,0.0,1,1437,0,none,0,none,0,0,0,no_alert_unknown,no_alert_not_final_benign,-1,dns,port
2025-07-19T23:03:15.727754+0700,103.195.142.196,87.98.154.53,53,43368,UDP,flow,failed,531476462352915,,1,1,0,1437,0,0.0,1,1437,0,none,0,none,0,0,0,no_alert_unknown,no_alert_not_final_benign,-1,dns,port
2025-07-19T23:03:15.727796+0700,103.195.142.74,118.98.44.20,32326,53,UDP,flow,dns,857432634145426,,1,1,0,77,0,0.0,1,77,0,none,0,none,0,0,0,no_alert_unknown,no_alert_not_final_benign,-1,dns,app_proto+port
2025-07-19T23:03:15.727816+0700,103.195.142.2,74.114.31.153,53,41718,UDP,flow,failed,595476330887849,,1,1,0,156,0,0.0,1,156,0,none,0,none,0,0,0,no_alert_unknown,no_alert_not_final_benign,-1,dns,port
2025-07-19T23:03:15.727856+0700,103.195.142.83,87.98.154.119,53,13737,UDP,flow,failed,267667479444180,,1,1,0,1190,0,0.0,1,1190,0,none,0,none,0,0,0,no_alert_unknown,no_alert_not_final_benign,-1,dns,port
2025-07-19T23:03:15.727922+0700,103.195.142.195,87.98.154.119,53,43776,UDP,flow,failed,196143590652975,,1,1,0,1437,0,0.0,1,1437,0,none,0,none,0,0,0,no_alert_unknown,no_alert_not_final_benign,-1,dns,port
2025-07-19T23:03:15.727941+0700,103.195.142.76,87.98.154.117,53,12435,UDP,flow,failed,371753338780723,,1,1,0,1469,0,0.0,1,1469,0,none,0,none,0,0,0,no_alert_unknown,no_alert_not_final_benign,-1,dns,port
2025-07-19T23:03:15.728023+0700,103.195.142.83,87.98.154.98,53,29320,UDP,flow,failed,388113590238521,,1,1,0,1190,0,0.0,1,1190,0,none,0,none,0,0,0,no_alert_unknown,no_alert_not_final_benign,-1,dns,port
2025-07-19T23:03:15.728065+0700,103.195.142.31,8.8.8.8,26209,53,UDP,flow,dns,679282423938561,,1,1,0,97,0,0.0,1,97,0,none,0,none,0,0,0,no_alert_unknown,no_alert_not_final_benign,-1,dns,app_proto+port
2025-07-19T23:03:15.728136+0700,103.195.142.46,87.98.154.215,53,23495,UDP,flow,failed,19827191561782,,1,1,0,1437,0,0.0,1,1437,0,none,0,none,0,0,0,no_alert_unknown,no_alert_not_final_benign,-1,dns,port
2025-07-19T23:03:15.728158+0700,103.195.142.76,87.98.154.118,53,13123,UDP,flow,failed,334737710366331,,1,1,0,1469,0,0.0,1,1469,0,none,0,none,0,0,0,no_alert_unknown,no_alert_not_final_benign,-1,dns,port
2025-07-19T23:03:15.728215+0700,103.195.142.165,87.98.154.119,53,38237,UDP,flow,failed,95960488853146,,1,1,0,1437,0,0.0,1,1437,0,none,0,none,0,0,0,no_alert_unknown,no_alert_not_final_benign,-1,dns,port
2025-07-19T23:03:15.728321+0700,103.195.142.74,118.98.44.100,36129,53,UDP,flow,dns,30534544572308,,1,1,0,137,0,0.0,1,137,0,none,0,none,0,0,0,no_alert_unknown,no_alert_not_final_benign,-1,dns,app_proto+port
2025-07-19T23:03:15.728346+0700,103.195.142.74,118.98.44.100,56886,53,UDP,flow,dns,52333127319446,,1,1,0,74,0,0.0,1,74,0,none,0,none,0,0,0,no_alert_unknown,no_alert_not_final_benign,-1,dns,app_proto+port
2025-07-19T23:03:15.728387+0700,103.195.142.165,87.98.154.119,53,62976,UDP,flow,failed,16100482793379,,1,1,0,1437,0,0.0,1,1437,0,none,0,none,0,0,0,no_alert_unknown,no_alert_not_final_benign,-1,dns,port
2025-07-19T23:03:15.728435+0700,103.195.142.2,74.114.28.21,53,48710,UDP,flow,failed,659485042589675,,1,1,0,239,0,0.0,1,239,0,none,0,none,0,0,0,no_alert_unknown,no_alert_not_final_benign,-1,dns,port
2025-07-19T23:03:15.728473+0700,103.195.142.75,8.8.8.8,49885,53,UDP,flow,dns,258401372979211,,1,1,0,223,0,0.0,1,223,0,none,0,none,0,0,0,no_alert_unknown,no_alert_not_final_benign,-1,dns,app_proto+port
2025-07-19T23:03:15.728579+0700,103.195.142.76,87.98.154.218,53,19519,UDP,flow,failed,301438372266160,,1,1,0,1469,0,0.0,1,1469,0,none,0,none,0,0,0,no_alert_unknown,no_alert_not_final_benign,-1,dns,port
2025-07-19T23:03:15.728636+0700,103.195.142.74,118.98.44.100,26591,53,UDP,flow,dns,496905219522755,,1,1,0,223,0,0.0,1,223,0,none,0,none,0,0,0,no_alert_unknown,no_alert_not_final_benign,-1,dns,app_proto+port
2025-07-19T23:03:15.728659+0700,103.195.142.75,8.8.8.8,13124,53,UDP,flow,dns,330937360433358,,1,1,0,82,0,0.0,1,82,0,none,0,none,0,0,0,no_alert_unknown,no_alert_not_final_benign,-1,dns,app_proto+port
2025-07-19T23:03:15.728686+0700,103.195.142.2,74.114.28.210,53,57487,UDP,flow,failed,679929346769135,,1,1,0,224,0,0.0,1,224,0,none,0,none,0,0,0,no_alert_unknown,no_alert_not_final_benign,-1,dns,port
2025-07-19T23:03:15.728752+0700,103.195.142.76,87.98.154.119,53,56505,UDP,flow,failed,529659187413305,,1,1,0,1469,0,0.0,1,1469,0,none,0,none,0,0,0,no_alert_unknown,no_alert_not_final_benign,-1,dns,port
2025-07-19T23:03:15.728772+0700,103.195.142.74,118.98.44.20,59525,53,UDP,flow,dns,137279080743278,,1,1,0,74,0,0.0,1,74,0,none,0,none,0,0,0,no_alert_unknown,no_alert_not_final_benign,-1,dns,app_proto+port
2025-07-19T23:03:15.728794+0700,103.195.142.74,118.98.44.100,12869,53,UDP,flow,dns,309911575314806,,1,1,0,88,0,0.0,1,88,0,none,0,none,0,0,0,no_alert_unknown,no_alert_not_final_benign,-1,dns,app_proto+port
2025-07-19T23:03:15.728814+0700,103.195.142.74,118.98.44.20,58259,53,UDP,flow,dns,309564490695047,,1,1,0,223,0,0.0,1,223,0,none,0,none,0,0,0,no_alert_unknown,no_alert_not_final_benign,-1,dns,app_proto+port
2025-07-19T23:03:15.728834+0700,103.195.142.75,8.8.8.8,50444,53,UDP,flow,dns,950200924422546,,1,1,0,241,0,0.0,1,241,0,none,0,none,0,0,0,no_alert_unknown,no_alert_not_final_benign,-1,dns,app_proto+port
2025-07-19T23:03:15.728944+0700,103.195.142.74,118.98.44.20,41649,53,UDP,flow,dns,38426611270071,,1,1,0,232,0,0.0,1,232,0,none,0,none,0,0,0,no_alert_unknown,no_alert_not_final_benign,-1,dns,app_proto+port
2025-07-19T23:03:15.728986+0700,103.195.142.165,87.98.154.61,53,8726,UDP,flow,failed,1081349818008041,,1,1,0,1437,0,0.0,1,1437,0,none,0,none,0,0,0,no_alert_unknown,no_alert_not_final_benign,-1,dns,port
2025-07-19T23:03:15.729006+0700,103.195.142.46,87.98.154.175,53,46030,UDP,flow,failed,1021653098021369,,1,1,0,1437,0,0.0,1,1437,0,none,0,none,0,0,0,no_alert_unknown,no_alert_not_final_benign,-1,dns,port
2025-07-19T23:03:15.729025+0700,103.195.142.75,50.28.32.155,57822,53,UDP,flow,dns,531096094097920,,1,1,0,85,0,0.0,1,85,0,none,0,none,0,0,0,no_alert_unknown,no_alert_not_final_benign,-1,dns,app_proto+port
2025-07-19T23:03:15.729066+0700,103.195.142.74,118.98.44.50,35398,53,UDP,flow,dns,187204885987846,,1,1,0,211,0,0.0,1,211,0,none,0,none,0,0,0,no_alert_unknown,no_alert_not_final_benign,-1,dns,app_proto+port
2025-07-19T23:03:15.729188+0700,103.195.142.46,87.98.154.119,53,15761,UDP,flow,failed,1027393330725467,,1,1,0,1437,0,0.0,1,1437,0,none,0,none,0,0,0,no_alert_unknown,no_alert_not_final_benign,-1,dns,port
2025-07-19T23:03:15.729265+0700,103.195.142.83,87.98.154.119,53,57053,UDP,flow,failed,132530806440883,,1,1,0,1190,0,0.0,1,1190,0,none,0,none,0,0,0,no_alert_unknown,no_alert_not_final_benign,-1,dns,port
2025-07-19T23:03:15.729308+0700,103.195.142.74,118.98.44.50,28506,53,UDP,flow,dns,823424611501070,,1,1,0,211,0,0.0,1,211,0,none,0,none,0,0,0,no_alert_unknown,no_alert_not_final_benign,-1,dns,app_proto+port
2025-07-19T23:03:15.729371+0700,103.195.142.196,87.98.154.193,53,42449,UDP,flow,failed,466290121032819,,1,1,0,1437,0,0.0,1,1437,0,none,0,none,0,0,0,no_alert_unknown,no_alert_not_final_benign,-1,dns,port
2025-07-19T23:03:15.729389+0700,103.195.142.195,87.98.154.119,53,18528,UDP,flow,failed,578366100849784,,1,1,0,1437,0,0.0,1,1437,0,none,0,none,0,0,0,no_alert_unknown,no_alert_not_final_benign,-1,dns,port
2025-07-19T23:03:15.729407+0700,103.195.142.74,118.98.44.20,29264,53,UDP,flow,dns,15590920078463,,1,1,0,232,0,0.0,1,232,0,none,0,none,0,0,0,no_alert_unknown,no_alert_not_final_benign,-1,dns,app_proto+port
2025-07-19T23:03:15.729426+0700,103.195.142.83,87.98.154.119,53,45026,UDP,flow,failed,859309457392774,,1,1,0,1190,0,0.0,1,1190,0,none,0,none,0,0,0,no_alert_unknown,no_alert_not_final_benign,-1,dns,port
2025-07-19T23:03:15.729450+0700,103.195.142.74,118.98.44.50,37479,53,UDP,flow,dns,613084588197150,,1,1,0,93,0,0.0,1,93,0,none,0,none,0,0,0,no_alert_unknown,no_alert_not_final_benign,-1,dns,app_proto+port
2025-07-19T23:03:15.729470+0700,103.195.142.196,87.98.154.253,53,40260,UDP,flow,failed,647157787510315,,1,1,0,1437,0,0.0,1,1437,0,none,0,none,0,0,0,no_alert_unknown,no_alert_not_final_benign,-1,dns,port
2025-07-19T23:03:15.729568+0700,103.195.142.195,87.98.154.200,53,50504,UDP,flow,failed,829822171268750,,1,1,0,1437,0,0.0,1,1437,0,none,0,none,0,0,0,no_alert_unknown,no_alert_not_final_benign,-1,dns,port
2025-07-19T23:03:15.729636+0700,103.195.142.74,118.98.44.100,18026,53,UDP,flow,dns,999778399995597,,1,1,0,86,0,0.0,1,86,0,none,0,none,0,0,0,no_alert_unknown,no_alert_not_final_benign,-1,dns,app_proto+port
2025-07-19T23:03:15.729661+0700,103.195.142.165,87.98.154.119,53,56990,UDP,flow,failed,507216734308081,,1,1,0,1437,0,0.0,1,1437,0,none,0,none,0,0,0,no_alert_unknown,no_alert_not_final_benign,-1,dns,port
2025-07-19T23:03:15.729729+0700,103.195.142.74,202.134.0.155,8160,53,UDP,flow,dns,1153465687525384,,1,1,0,74,0,0.0,1,74,0,none,0,none,0,0,0,no_alert_unknown,no_alert_not_final_benign,-1,dns,app_proto+port
2025-07-19T23:03:15.729749+0700,103.195.142.109,87.98.154.119,53,23918,UDP,flow,failed,1027928238704685,,1,1,0,1437,0,0.0,1,1437,0,none,0,none,0,0,0,no_alert_unknown,no_alert_not_final_benign,-1,dns,port
2025-07-19T23:03:15.729790+0700,103.195.142.74,202.134.0.155,48162,53,UDP,flow,dns,119182687717500,,1,1,0,88,0,0.0,1,88,0,none,0,none,0,0,0,no_alert_unknown,no_alert_not_final_benign,-1,dns,app_proto+port
2025-07-19T23:03:15.764982+0700,103.195.142.75,45.79.197.241,60303,53,UDP,dns,,1033774670708876,wire/pcap,0,0,0,0,0,0.0,0,0,0,none,0,none,0,0,0,no_alert_unknown,no_alert_not_final_benign,-1,dns,port
2025-07-19T23:03:15.769613+0700,103.195.142.74,202.134.0.155,4337,53,UDP,dns,,1053665818925244,wire/pcap,0,0,0,0,0,0.0,0,0,0,none,0,none,0,0,0,no_alert_unknown,no_alert_not_final_benign,-1,dns,port
2025-07-19T23:03:15.774336+0700,103.195.142.74,118.98.44.50,6140,53,UDP,dns,,1073949119280202,wire/pcap,0,0,0,0,0,0.0,0,0,0,none,0,none,0,0,0,no_alert_unknown,no_alert_not_final_benign,-1,dns,port
2025-07-19T23:03:15.785705+0700,103.195.142.75,45.79.197.241,53288,53,UDP,dns,,1122778899139599,wire/pcap,0,0,0,0,0,0.0,0,0,0,none,0,none,0,0,0,no_alert_unknown,no_alert_not_final_benign,-1,dns,port
2025-07-19T23:03:15.786745+0700,103.195.142.74,118.98.44.50,51990,53,UDP,dns,,845773045730953,wire/pcap,0,0,0,0,0,0.0,0,0,0,none,0,none,0,0,0,no_alert_unknown,no_alert_not_final_benign,-1,dns,port
2025-07-19T23:03:15.796993+0700,103.195.142.75,8.8.8.8,14720,53,UDP,dns,,889786825175073,wire/pcap,0,0,0,0,0,0.0,0,0,0,none,0,none,0,0,0,no_alert_unknown,no_alert_not_final_benign,-1,dns,port
2025-07-19T23:03:15.823572+0700,103.195.142.74,202.134.0.155,47250,53,UDP,dns,,1003943092663028,wire/pcap,0,0,0,0,0,0.0,0,0,0,none,0,none,0,0,0,no_alert_unknown,no_alert_not_final_benign,-1,dns,port
2025-07-19T23:03:15.823801+0700,103.195.142.74,202.134.0.155,29843,53,UDP,dns,,1004924637163439,wire/pcap,0,0,0,0,0,0.0,0,0,0,none,0,none,0,0,0,no_alert_unknown,no_alert_not_final_benign,-1,dns,port
2025-07-19T23:03:15.844138+0700,103.195.142.74,118.98.44.20,37705,53,UDP,dns,,1092274398790807,wire/pcap,0,0,0,0,0,0.0,0,0,0,none,0,none,0,0,0,no_alert_unknown,no_alert_not_final_benign,-1,dns,port
2025-07-19T23:03:15.846169+0700,103.195.142.108,8.8.8.8,10820,53,UDP,dns,,1100995006192956,wire/pcap,0,0,0,0,0,0.0,0,0,0,none,0,none,0,0,0,no_alert_unknown,no_alert_not_final_benign,-1,dns,port
2025-07-19T23:03:15.889217+0700,103.195.142.75,8.8.8.8,20426,53,UDP,dns,,1004410142856840,wire/pcap,0,0,0,0,0,0.0,0,0,0,none,0,none,0,0,0,no_alert_unknown,no_alert_not_final_benign,-1,dns,port
2025-07-19T23:03:15.898953+0700,103.195.142.3,172.70.116.71,53,63302,UDP,flow,failed,1029100858079913,,1,1,0,141,0,0.0,1,141,0,none,0,none,0,0,0,no_alert_unknown,no_alert_not_final_benign,-1,dns,port
2025-07-19T23:03:15.920683+0700,103.195.142.108,8.8.8.8,1900,53,UDP,dns,,1216074754602613,wire/pcap,0,0,0,0,0,0.0,0,0,0,none,0,none,0,0,0,no_alert_unknown,no_alert_not_final_benign,-1,dns,port
2025-07-19T23:03:15.921889+0700,103.195.142.74,202.134.0.155,23018,53,UDP,dns,,863259635574120,wire/pcap,0,0,0,0,0,0.0,0,0,0,none,0,none,0,0,0,no_alert_unknown,no_alert_not_final_benign,-1,dns,port
2025-07-19T23:03:15.942375+0700,103.195.142.74,202.134.0.155,55921,53,UDP,dns,,951247407641115,wire/pcap,0,0,0,0,0,0.0,0,0,0,none,0,none,0,0,0,no_alert_unknown,no_alert_not_final_benign,-1,dns,port
2025-07-19T23:03:15.990447+0700,103.195.142.74,202.134.0.155,2575,53,UDP,flow,dns,1198211835397691,,1,1,0,68,0,0.0,1,68,0,none,0,none,0,0,0,no_alert_unknown,no_alert_not_final_benign,-1,dns,app_proto+port
2025-07-19T23:03:15.991087+0700,103.195.142.74,118.98.44.50,58184,53,UDP,dns,,878989178497221,wire/pcap,0,0,0,0,0,0.0,0,0,0,none,0,none,0,0,0,no_alert_unknown,no_alert_not_final_benign,-1,dns,port
2025-07-19T23:03:15.991089+0700,103.195.142.74,202.134.0.155,63725,53,UDP,dns,,878995294959722,wire/pcap,0,0,0,0,0,0.0,0,0,0,none,0,none,0,0,0,no_alert_unknown,no_alert_not_final_benign,-1,dns,port
2025-07-19T23:03:15.996491+0700,103.195.142.74,118.98.44.50,24586,53,UDP,dns,,902197318031007,wire/pcap,0,0,0,0,0,0.0,0,0,0,none,0,none,0,0,0,no_alert_unknown,no_alert_not_final_benign,-1,dns,port
2025-07-19T23:03:16.003199+0700,103.195.142.74,202.134.0.155,9475,53,UDP,dns,,1139642046583166,wire/pcap,0,0,0,0,0,0.0,0,0,0,none,0,none,0,0,0,no_alert_unknown,no_alert_not_final_benign,-1,dns,port
2025-07-19T23:03:16.004439+0700,103.195.142.75,8.8.8.8,32178,53,UDP,dns,,1144966520805637,wire/pcap,0,0,0,0,0,0.0,0,0,0,none,0,none,0,0,0,no_alert_unknown,no_alert_not_final_benign,-1,dns,port
2025-07-19T23:03:16.022834+0700,103.195.142.74,118.98.44.100,12199,53,UDP,dns,,1223972218477036,wire/pcap,0,0,0,0,0,0.0,0,0,0,none,0,none,0,0,0,no_alert_unknown,no_alert_not_final_benign,-1,dns,port
2025-07-19T23:03:16.027579+0700,103.195.142.74,202.134.0.155,34950,53,UDP,dns,,1244353045434252,wire/pcap,0,0,0,0,0,0.0,0,0,0,none,0,none,0,0,0,no_alert_unknown,no_alert_not_final_benign,-1,dns,port
2025-07-19T23:03:16.053416+0700,103.195.142.74,202.134.0.155,26487,53,UDP,dns,,1355321379019224,wire/pcap,0,0,0,0,0,0.0,0,0,0,none,0,none,0,0,0,no_alert_unknown,no_alert_not_final_benign,-1,dns,port
2025-07-19T23:03:16.053558+0700,103.195.142.75,8.8.8.8,46933,53,UDP,dns,,1355930721896721,wire/pcap,0,0,0,0,0,0.0,0,0,0,none,0,none,0,0,0,no_alert_unknown,no_alert_not_final_benign,-1,dns,port
2025-07-19T23:03:16.085397+0700,103.195.142.46,87.98.154.203,53,2841,UDP,flow,failed,959962154558900,,1,1,0,1437,0,0.0,1,1437,0,none,0,none,0,0,0,no_alert_unknown,no_alert_not_final_benign,-1,dns,port
2025-07-19T23:03:16.088791+0700,103.195.142.74,118.98.44.50,37639,53,UDP,dns,,1225782299524940,wire/pcap,0,0,0,0,0,0.0,0,0,0,none,0,none,0,0,0,no_alert_unknown,no_alert_not_final_benign,-1,dns,port
2025-07-19T23:03:16.111405+0700,103.195.142.74,118.98.44.50,5473,53,UDP,dns,,1322907626938980,wire/pcap,0,0,0,0,0,0.0,0,0,0,none,0,none,0,0,0,no_alert_unknown,no_alert_not_final_benign,-1,dns,port
2025-07-19T23:03:16.114401+0700,103.195.142.74,118.98.44.20,29695,53,UDP,dns,,1335775804143678,wire/pcap,0,0,0,0,0,0.0,0,0,0,none,0,none,0,0,0,no_alert_unknown,no_alert_not_final_benign,-1,dns,port
2025-07-19T23:03:16.148402+0700,103.195.142.74,118.98.44.20,16828,53,UDP,dns,,1200333999280486,wire/pcap,0,0,0,0,0,0.0,0,0,0,none,0,none,0,0,0,no_alert_unknown,no_alert_not_final_benign,-1,dns,port
2025-07-19T23:03:16.165180+0700,103.195.142.74,118.98.44.50,16581,53,UDP,dns,,1272393004189315,wire/pcap,0,0,0,0,0,0.0,0,0,0,none,0,none,0,0,0,no_alert_unknown,no_alert_not_final_benign,-1,dns,port
2025-07-19T23:03:16.168204+0700,103.195.142.74,118.98.44.100,62678,53,UDP,dns,,1285381544386255,wire/pcap,0,0,0,0,0,0.0,0,0,0,none,0,none,0,0,0,no_alert_unknown,no_alert_not_final_benign,-1,dns,port
2025-07-19T23:03:16.175690+0700,103.195.142.31,8.8.8.8,17199,53,UDP,flow,dns,1678894194507299,,1,1,0,101,0,0.0,1,101,0,none,0,none,0,0,0,no_alert_unknown,no_alert_not_final_benign,-1,dns,app_proto+port
2025-07-19T23:03:16.196623+0700,103.195.142.74,118.98.44.50,9701,53,UDP,dns,,1125967179343925,wire/pcap,0,0,0,0,0,0.0,0,0,0,none,0,none,0,0,0,no_alert_unknown,no_alert_not_final_benign,-1,dns,port
2025-07-19T23:03:16.196675+0700,103.195.142.74,118.98.44.100,27897,53,UDP,dns,,1126191836696943,wire/pcap,0,0,0,0,0,0.0,0,0,0,none,0,none,0,0,0,no_alert_unknown,no_alert_not_final_benign,-1,dns,port
2025-07-19T23:03:16.217070+0700,103.195.142.75,8.8.8.8,28693,53,UDP,dns,,1213784639178749,wire/pcap,0,0,0,0,0,0.0,0,0,0,none,0,none,0,0,0,no_alert_unknown,no_alert_not_final_benign,-1,dns,port
2025-07-19T23:03:16.251512+0700,103.195.142.74,202.134.0.155,47815,53,UDP,dns,,1361711495574960,wire/pcap,0,0,0,0,0,0.0,0,0,0,none,0,none,0,0,0,no_alert_unknown,no_alert_not_final_benign,-1,dns,port
2025-07-19T23:03:16.251546+0700,103.195.142.74,118.98.44.20,17346,53,UDP,dns,,1361860908895058,wire/pcap,0,0,0,0,0,0.0,0,0,0,none,0,none,0,0,0,no_alert_unknown,no_alert_not_final_benign,-1,dns,port
2025-07-19T23:03:16.251654+0700,103.195.142.74,118.98.44.20,20208,53,UDP,dns,,1362321059153296,wire/pcap,0,0,0,0,0,0.0,0,0,0,none,0,none,0,0,0,no_alert_unknown,no_alert_not_final_benign,-1,dns,port
2025-07-19T23:03:16.253726+0700,103.195.142.196,87.98.154.197,53,12492,UDP,flow,failed,1160561209025205,,1,1,0,1437,0,0.0,1,1437,0,none,0,none,0,0,0,no_alert_unknown,no_alert_not_final_benign,-1,dns,port
2025-07-19T23:03:16.265617+0700,103.195.142.75,8.8.8.8,34025,53,UDP,dns,,1140817594490689,wire/pcap,0,0,0,0,0,0.0,0,0,0,none,0,none,0,0,0,no_alert_unknown,no_alert_not_final_benign,-1,dns,port
2025-07-19T23:03:16.265735+0700,103.195.142.74,202.134.0.155,12931,53,UDP,dns,,1141323514921387,wire/pcap,0,0,0,0,0,0.0,0,0,0,none,0,none,0,0,0,no_alert_unknown,no_alert_not_final_benign,-1,dns,port
2025-07-19T23:03:16.278131+0700,103.195.142.74,202.134.0.155,47964,53,UDP,dns,,1194565565851169,wire/pcap,0,0,0,0,0,0.0,0,0,0,none,0,none,0,0,0,no_alert_unknown,no_alert_not_final_benign,-1,dns,port
2025-07-19T23:03:16.302372+0700,103.195.142.75,8.8.8.8,35694,53,UDP,dns,,1298678980847969,wire/pcap,0,0,0,0,0,0.0,0,0,0,none,0,none,0,0,0,no_alert_unknown,no_alert_not_final_benign,-1,dns,port
2025-07-19T23:03:16.308209+0700,103.195.142.2,172.217.43.152,53,37397,UDP,flow,failed,1438562632011966,,1,1,0,163,0,0.0,1,163,0,none,0,none,0,0,0,no_alert_unknown,no_alert_not_final_benign,-1,dns,port
2025-07-19T23:03:16.320668+0700,103.195.142.74,118.98.44.50,15434,53,UDP,dns,,1377260823448351,wire/pcap,0,0,0,0,0,0.0,0,0,0,none,0,none,0,0,0,no_alert_unknown,no_alert_not_final_benign,-1,dns,port
2025-07-19T23:03:16.332604+0700,103.195.142.74,118.98.44.100,3057,53,UDP,dns,,1147052512775597,wire/pcap,0,0,0,0,0,0.0,0,0,0,none,0,none,0,0,0,no_alert_unknown,no_alert_not_final_benign,-1,dns,port
2025-07-19T23:03:16.378400+0700,103.195.142.74,118.98.44.50,51446,53,UDP,dns,,1343742766376010,wire/pcap,0,0,0,0,0,0.0,0,0,0,none,0,none,0,0,0,no_alert_unknown,no_alert_not_final_benign,-1,dns,port
2025-07-19T23:03:16.404066+0700,103.195.142.75,8.8.8.8,57803,53,UDP,dns,,1172504385120671,wire/pcap,0,0,0,0,0,0.0,0,0,0,none,0,none,0,0,0,no_alert_unknown,no_alert_not_final_benign,-1,dns,port
2025-07-19T23:03:16.426274+0700,103.195.142.74,202.134.0.155,40030,53,UDP,dns,,1267885757405656,wire/pcap,0,0,0,0,0,0.0,0,0,0,none,0,none,0,0,0,no_alert_unknown,no_alert_not_final_benign,-1,dns,port
2025-07-19T23:03:16.427806+0700,103.195.142.75,8.8.8.8,37822,53,UDP,flow,dns,1197499677625027,,1,1,0,211,0,0.0,1,211,0,none,0,none,0,0,0,no_alert_unknown,no_alert_not_final_benign,-1,dns,app_proto+port
2025-07-19T23:03:16.444723+0700,103.195.142.74,118.98.44.100,60016,53,UDP,dns,,1347121096286714,wire/pcap,0,0,0,0,0,0.0,0,0,0,none,0,none,0,0,0,no_alert_unknown,no_alert_not_final_benign,-1,dns,port
2025-07-19T23:03:16.447464+0700,103.195.142.74,118.98.44.50,40787,53,UDP,dns,,1358895544380834,wire/pcap,0,0,0,0,0,0.0,0,0,0,none,0,none,0,0,0,no_alert_unknown,no_alert_not_final_benign,-1,dns,port
2025-07-19T23:03:16.468711+0700,103.195.142.74,118.98.44.20,1670,53,UDP,dns,,1168673631815499,wire/pcap,0,0,0,0,0,0.0,0,0,0,none,0,none,0,0,0,no_alert_unknown,no_alert_not_final_benign,-1,dns,port
2025-07-19T23:03:16.468943+0700,103.195.142.74,118.98.44.20,6094,53,UDP,dns,,1169672134219581,wire/pcap,0,0,0,0,0,0.0,0,0,0,none,0,none,0,0,0,no_alert_unknown,no_alert_not_final_benign,-1,dns,port
2025-07-19T23:03:16.476437+0700,103.195.142.74,118.98.44.20,32095,53,UDP,dns,,1201860182399834,wire/pcap,0,0,0,0,0,0.0,0,0,0,none,0,none,0,0,0,no_alert_unknown,no_alert_not_final_benign,-1,dns,port
2025-07-19T23:03:16.501430+0700,103.195.142.75,8.8.8.8,49251,53,UDP,dns,,1309202445536191,wire/pcap,0,0,0,0,0,0.0,0,0,0,none,0,none,0,0,0,no_alert_unknown,no_alert_not_final_benign,-1,dns,port
2025-07-19T23:03:16.501530+0700,103.195.142.74,118.98.44.50,57198,53,UDP,dns,,1309634047309091,wire/pcap,0,0,0,0,0,0.0,0,0,0,none,0,none,0,0,0,no_alert_unknown,no_alert_not_final_benign,-1,dns,port
2025-07-19T23:03:16.510686+0700,103.195.142.74,118.98.44.20,61041,53,UDP,flow,dns,1067553691562328,,1,1,0,241,0,0.0,1,241,0,none,0,none,0,0,0,no_alert_unknown,no_alert_not_final_benign,-1,dns,app_proto+port
2025-07-19T23:03:16.516156+0700,103.195.142.74,118.98.44.20,8894,53,UDP,dns,,1372451343771221,wire/pcap,0,0,0,0,0,0.0,0,0,0,none,0,none,0,0,0,no_alert_unknown,no_alert_not_final_benign,-1,dns,port
2025-07-19T23:03:16.540091+0700,103.195.142.74,118.98.44.50,65245,53,UDP,dns,,1193775628398803,wire/pcap,0,0,0,0,0,0.0,0,0,0,none,0,none,0,0,0,no_alert_unknown,no_alert_not_final_benign,-1,dns,port
2025-07-19T23:03:16.540185+0700,103.195.142.74,118.98.44.100,46930,53,UDP,dns,,1194179071661642,wire/pcap,0,0,0,0,0,0.0,0,0,0,none,0,none,0,0,0,no_alert_unknown,no_alert_not_final_benign,-1,dns,port
2025-07-19T23:03:16.550221+0700,103.195.142.74,202.134.0.155,36442,53,UDP,dns,,1237285494079874,wire/pcap,0,0,0,0,0,0.0,0,0,0,none,0,none,0,0,0,no_alert_unknown,no_alert_not_final_benign,-1,dns,port
2025-07-19T23:03:16.551636+0700,103.195.142.75,8.8.8.8,5856,53,UDP,dns,,1243360055086801,wire/pcap,0,0,0,0,0,0.0,0,0,0,none,0,none,0,0,0,no_alert_unknown,no_alert_not_final_benign,-1,dns,port
2025-07-19T23:03:16.571075+0700,103.195.142.74,118.98.44.100,9818,53,UDP,dns,,1326848962565016,wire/pcap,0,0,0,0,0,0.0,0,0,0,none,0,none,0,0,0,no_alert_unknown,no_alert_not_final_benign,-1,dns,port
2025-07-19T23:03:16.607485+0700,103.195.142.74,202.134.0.155,49140,53,UDP,dns,,1201754737257495,wire/pcap,0,0,0,0,0,0.0,0,0,0,none,0,none,0,0,0,no_alert_unknown,no_alert_not_final_benign,-1,dns,port
2025-07-19T23:03:16.608086+0700,103.195.142.74,118.98.44.100,50048,53,UDP,dns,,1204337150098423,wire/pcap,0,0,0,0,0,0.0,0,0,0,none,0,none,0,0,0,no_alert_unknown,no_alert_not_final_benign,-1,dns,port
2025-07-19T23:03:16.632393+0700,103.195.142.74,118.98.44.100,18104,53,UDP,dns,,1308734497544779,wire/pcap,0,0,0,0,0,0.0,0,0,0,none,0,none,0,0,0,no_alert_unknown,no_alert_not_final_benign,-1,dns,port
2025-07-19T23:03:16.633803+0700,103.195.142.74,202.134.0.155,12921,53,UDP,dns,,1314792002851444,wire/pcap,0,0,0,0,0,0.0,0,0,0,none,0,none,0,0,0,no_alert_unknown,no_alert_not_final_benign,-1,dns,port
2025-07-19T23:03:16.656872+0700,103.195.142.74,202.134.0.155,27530,53,UDP,dns,,1132394272355344,wire/pcap,0,0,0,0,0,0.0,0,0,0,none,0,none,0,0,0,no_alert_unknown,no_alert_not_final_benign,-1,dns,port
2025-07-19T23:03:16.690397+0700,103.195.142.109,87.98.154.41,53,42938,UDP,flow,failed,674070838772882,,1,1,0,1437,0,0.0,1,1437,0,none,0,none,0,0,0,no_alert_unknown,no_alert_not_final_benign,-1,dns,port
2025-07-19T23:03:16.700880+0700,103.195.142.74,118.98.44.20,53642,53,UDP,dns,,1321411090983428,wire/pcap,0,0,0,0,0,0.0,0,0,0,none,0,none,0,0,0,no_alert_unknown,no_alert_not_final_benign,-1,dns,port
2025-07-19T23:03:16.714176+0700,103.195.142.74,118.98.44.20,44356,53,UDP,flow,dns,698497873397921,,1,1,0,111,0,0.0,1,111,0,none,0,none,0,0,0,no_alert_unknown,no_alert_not_final_benign,-1,dns,app_proto+port
2025-07-19T23:03:16.714203+0700,103.195.142.76,87.98.154.186,53,56806,UDP,flow,failed,534539600840899,,1,1,0,1469,0,0.0,1,1469,0,none,0,none,0,0,0,no_alert_unknown,no_alert_not_final_benign,-1,dns,port
2025-07-19T23:03:16.714296+0700,103.195.142.75,8.8.8.8,38891,53,UDP,flow,dns,822281011448195,,1,1,0,74,0,0.0,1,74,0,none,0,none,0,0,0,no_alert_unknown,no_alert_not_final_benign,-1,dns,app_proto+port
2025-07-19T23:03:16.714342+0700,103.195.142.75,8.8.8.8,55987,53,UDP,flow,dns,410173200058825,,1,1,0,79,0,0.0,1,79,0,none,0,none,0,0,0,no_alert_unknown,no_alert_not_final_benign,-1,dns,app_proto+port
2025-07-19T23:03:16.714390+0700,103.195.142.74,202.134.0.155,58904,53,UDP,flow,dns,262725695228411,,1,1,0,211,0,0.0,1,211,0,none,0,none,0,0,0,no_alert_unknown,no_alert_not_final_benign,-1,dns,app_proto+port
2025-07-19T23:03:16.714411+0700,103.195.142.74,202.134.0.155,58414,53,UDP,flow,dns,473848904469054,,1,1,0,79,0,0.0,1,79,0,none,0,none,0,0,0,no_alert_unknown,no_alert_not_final_benign,-1,dns,app_proto+port
2025-07-19T23:03:16.714474+0700,103.195.142.74,118.98.44.100,50591,53,UDP,flow,dns,744778492463754,,1,1,0,241,0,0.0,1,241,0,none,0,none,0,0,0,no_alert_unknown,no_alert_not_final_benign,-1,dns,app_proto+port
2025-07-19T23:03:16.714507+0700,103.195.142.195,87.98.154.119,53,22018,UDP,flow,failed,130924140874444,,1,1,0,1437,0,0.0,1,1437,0,none,0,none,0,0,0,no_alert_unknown,no_alert_not_final_benign,-1,dns,port
2025-07-19T23:03:16.714528+0700,103.195.142.75,8.8.8.8,15677,53,UDP,flow,dns,970050988329683,,1,1,0,214,0,0.0,1,214,0,none,0,none,0,0,0,no_alert_unknown,no_alert_not_final_benign,-1,dns,app_proto+port
2025-07-19T23:03:16.714573+0700,103.195.142.165,87.98.154.109,53,41500,UDP,flow,failed,1001623436708612,,1,1,0,1437,0,0.0,1,1437,0,none,0,none,0,0,0,no_alert_unknown,no_alert_not_final_benign,-1,dns,port
2025-07-19T23:03:16.714591+0700,103.195.142.75,8.8.8.8,61847,53,UDP,flow,dns,420490128902941,,1,1,0,68,0,0.0,1,68,0,none,0,none,0,0,0,no_alert_unknown,no_alert_not_final_benign,-1,dns,app_proto+port
2025-07-19T23:03:16.714634+0700,103.195.142.83,87.98.154.214,53,2111,UDP,flow,failed,2133475714780038,,1,3,0,3570,0,10.0,3,3570,0,none,0,none,0,0,0,no_alert_unknown,no_alert_not_final_benign,-1,dns,port
2025-07-19T23:03:16.714676+0700,103.195.142.74,118.98.44.20,48625,53,UDP,flow,dns,995788973132779,,1,1,0,223,0,0.0,1,223,0,none,0,none,0,0,0,no_alert_unknown,no_alert_not_final_benign,-1,dns,app_proto+port
2025-07-19T23:03:16.714743+0700,103.195.142.109,87.98.154.119,53,39501,UDP,flow,failed,257802601745622,,1,1,0,1437,0,0.0,1,1437,0,none,0,none,0,0,0,no_alert_unknown,no_alert_not_final_benign,-1,dns,port
2025-07-19T23:03:16.714829+0700,103.195.142.75,69.39.238.37,27688,53,UDP,flow,dns,1327389373156844,,1,1,0,91,0,0.0,1,91,0,none,0,none,0,0,0,no_alert_unknown,no_alert_not_final_benign,-1,dns,app_proto+port
2025-07-19T23:03:16.714854+0700,103.195.142.195,87.98.154.28,53,11305,UDP,flow,failed,520305266707984,,1,1,0,1437,0,0.0,1,1437,0,none,0,none,0,0,0,no_alert_unknown,no_alert_not_final_benign,-1,dns,port
2025-07-19T23:03:16.714874+0700,103.195.142.75,34.8.196.142,64033,53,UDP,flow,dns,956351099162173,,1,1,0,225,0,0.0,1,225,0,none,0,none,0,0,0,no_alert_unknown,no_alert_not_final_benign,-1,dns,app_proto+port
2025-07-19T23:03:16.715049+0700,103.195.142.195,87.98.154.119,53,12557,UDP,flow,failed,1118209886441253,,1,1,0,1437,0,0.0,1,1437,0,none,0,none,0,0,0,no_alert_unknown,no_alert_not_final_benign,-1,dns,port
2025-07-19T23:03:16.715068+0700,103.195.142.75,8.8.8.8,37623,53,UDP,flow,dns,1383695996604210,,1,1,0,223,0,0.0,1,223,0,none,0,none,0,0,0,no_alert_unknown,no_alert_not_final_benign,-1,dns,app_proto+port
2025-07-19T23:03:16.715138+0700,103.195.142.109,87.98.154.41,53,10812,UDP,flow,failed,46776857186135,,1,1,0,1437,0,0.0,1,1437,0,none,0,none,0,0,0,no_alert_unknown,no_alert_not_final_benign,-1,dns,port
2025-07-19T23:03:16.715157+0700,103.195.142.196,87.98.154.119,53,18741,UDP,flow,failed,872499295473500,,1,1,0,1437,0,0.0,1,1437,0,none,0,none,0,0,0,no_alert_unknown,no_alert_not_final_benign,-1,dns,port
2025-07-19T23:03:16.715196+0700,103.195.142.74,118.98.44.50,64900,53,UDP,flow,dns,1050621524299721,,1,1,0,232,0,0.0,1,232,0,none,0,none,0,0,0,no_alert_unknown,no_alert_not_final_benign,-1,dns,app_proto+port
2025-07-19T23:03:16.715239+0700,103.195.142.196,87.98.154.25,53,62032,UDP,flow,failed,313172432834539,,1,3,0,4311,0,10.0,3,4311,0,none,0,none,0,0,0,no_alert_unknown,no_alert_not_final_benign,-1,dns,port
2025-07-19T23:03:16.715327+0700,103.195.142.74,118.98.44.50,10551,53,UDP,flow,dns,926324253577298,,1,1,0,74,0,0.0,1,74,0,none,0,none,0,0,0,no_alert_unknown,no_alert_not_final_benign,-1,dns,app_proto+port
2025-07-19T23:03:16.715370+0700,103.195.142.74,118.98.44.100,26164,53,UDP,flow,dns,489047191507052,,1,1,0,74,0,0.0,1,74,0,none,0,none,0,0,0,no_alert_unknown,no_alert_not_final_benign,-1,dns,app_proto+port
2025-07-19T23:03:16.715390+0700,103.195.142.196,87.98.154.153,53,42298,UDP,flow,failed,251669297287296,,1,1,0,1437,0,0.0,1,1437,0,none,0,none,0,0,0,no_alert_unknown,no_alert_not_final_benign,-1,dns,port
2025-07-19T23:03:16.715453+0700,103.195.142.75,8.8.8.8,16249,53,UDP,flow,dns,138227244650693,,1,1,0,91,0,0.0,1,91,0,none,0,none,0,0,0,no_alert_unknown,no_alert_not_final_benign,-1,dns,app_proto+port
2025-07-19T23:03:16.715474+0700,103.195.142.46,87.98.154.119,53,51616,UDP,flow,failed,247159003140373,,1,1,0,1437,0,0.0,1,1437,0,none,0,none,0,0,0,no_alert_unknown,no_alert_not_final_benign,-1,dns,port
2025-07-19T23:03:16.715492+0700,103.195.142.46,87.98.154.118,53,20836,UDP,flow,failed,402707730190615,,1,1,0,1437,0,0.0,1,1437,0,none,0,none,0,0,0,no_alert_unknown,no_alert_not_final_benign,-1,dns,port
2025-07-19T23:03:16.715511+0700,103.195.142.76,87.98.154.102,53,35784,UDP,flow,failed,705251581940003,,1,1,0,1469,0,0.0,1,1469,0,none,0,none,0,0,0,no_alert_unknown,no_alert_not_final_benign,-1,dns,port
2025-07-19T23:03:16.715529+0700,103.195.142.74,202.134.0.155,39827,53,UDP,flow,dns,271651388248370,,1,1,0,232,0,0.0,1,232,0,none,0,none,0,0,0,no_alert_unknown,no_alert_not_final_benign,-1,dns,app_proto+port
2025-07-19T23:03:16.715549+0700,103.195.142.75,8.8.8.8,43225,53,UDP,flow,dns,959696473608593,,1,1,0,74,0,0.0,1,74,0,none,0,none,0,0,0,no_alert_unknown,no_alert_not_final_benign,-1,dns,app_proto+port
2025-07-19T23:03:16.715569+0700,103.195.142.75,208.74.121.116,15305,53,UDP,flow,dns,1173730824475051,,1,1,0,88,0,0.0,1,88,0,none,0,none,0,0,0,no_alert_unknown,no_alert_not_final_benign,-1,dns,app_proto+port
2025-07-19T23:03:16.715660+0700,103.195.142.109,87.98.154.73,53,35730,UDP,flow,failed,869900577919533,,1,1,0,1437,0,0.0,1,1437,0,none,0,none,0,0,0,no_alert_unknown,no_alert_not_final_benign,-1,dns,port
2025-07-19T23:03:16.715678+0700,103.195.142.165,87.98.154.1,53,48609,UDP,flow,failed,1117459918475850,,1,1,0,1437,0,0.0,1,1437,0,none,0,none,0,0,0,no_alert_unknown,no_alert_not_final_benign,-1,dns,port
2025-07-19T23:03:16.715739+0700,103.195.142.3,172.70.116.71,53,32942,UDP,flow,failed,201591274197657,,1,1,0,181,0,0.0,1,181,0,none,0,none,0,0,0,no_alert_unknown,no_alert_not_final_benign,-1,dns,port
2025-07-19T23:03:16.715784+0700,103.195.142.74,50.28.102.86,37007,53,UDP,flow,dns,841582068552492,,1,1,0,85,0,0.0,1,85,0,none,0,none,0,0,0,no_alert_unknown,no_alert_not_final_benign,-1,dns,app_proto+port
2025-07-19T23:03:16.715804+0700,103.195.142.74,118.98.44.50,37333,53,UDP,flow,dns,811202890617647,,1,1,0,74,0,0.0,1,74,0,none,0,none,0,0,0,no_alert_unknown,no_alert_not_final_benign,-1,dns,app_proto+port
2025-07-19T23:03:16.715824+0700,103.195.142.74,202.134.0.155,35242,53,UDP,flow,dns,588279544271682,,1,1,0,76,0,0.0,1,76,0,none,0,none,0,0,0,no_alert_unknown,no_alert_not_final_benign,-1,dns,app_proto+port
2025-07-19T23:03:16.715843+0700,103.195.142.74,118.98.44.20,29009,53,UDP,flow,dns,826697459422045,,1,1,0,223,0,0.0,1,223,0,none,0,none,0,0,0,no_alert_unknown,no_alert_not_final_benign,-1,dns,app_proto+port
2025-07-19T23:03:16.715906+0700,103.195.142.196,87.98.154.45,53,13316,UDP,flow,failed,622733408851035,,1,1,0,1437,0,0.0,1,1437,0,none,0,none,0,0,0,no_alert_unknown,no_alert_not_final_benign,-1,dns,port
2025-07-19T23:03:16.715930+0700,103.195.142.195,87.98.154.200,53,52993,UDP,flow,failed,1121404606600348,,1,1,0,1437,0,0.0,1,1437,0,none,0,none,0,0,0,no_alert_unknown,no_alert_not_final_benign,-1,dns,port
2025-07-19T23:03:16.715948+0700,103.195.142.196,87.98.154.109,53,8811,UDP,flow,failed,2036820211193020,,1,3,0,4311,0,9.0,3,4311,0,none,0,none,0,0,0,no_alert_unknown,no_alert_not_final_benign,-1,dns,port
2025-07-19T23:03:16.715987+0700,103.195.142.74,118.98.44.50,58034,53,UDP,flow,dns,12161223939268,,1,1,0,232,0,0.0,1,232,0,none,0,none,0,0,0,no_alert_unknown,no_alert_not_final_benign,-1,dns,app_proto+port
2025-07-19T23:03:16.716007+0700,103.195.142.83,87.98.154.119,53,37968,UDP,flow,failed,340377403905229,,1,1,0,1190,0,0.0,1,1190,0,none,0,none,0,0,0,no_alert_unknown,no_alert_not_final_benign,-1,dns,port
2025-07-19T23:03:16.716046+0700,103.195.142.165,87.98.154.29,53,59583,UDP,flow,failed,229712235844895,,1,1,0,1437,0,0.0,1,1437,0,none,0,none,0,0,0,no_alert_unknown,no_alert_not_final_benign,-1,dns,port
2025-07-19T23:03:16.716107+0700,103.195.142.3,123.108.240.181,53,62688,UDP,flow,failed,22366972990762,,1,1,0,161,0,0.0,1,161,0,none,0,none,0,0,0,no_alert_unknown,no_alert_not_final_benign,-1,dns,port
2025-07-19T23:03:16.716189+0700,103.195.142.76,87.98.154.119,53,29554,UDP,flow,failed,778385511273808,,1,1,0,1469,0,0.0,1,1469,0,none,0,none,0,0,0,no_alert_unknown,no_alert_not_final_benign,-1,dns,port
2025-07-19T23:03:16.716242+0700,103.195.142.83,87.98.154.234,53,28886,UDP,flow,failed,90367310353867,,1,1,0,1190,0,0.0,1,1190,0,none,0,none,0,0,0,no_alert_unknown,no_alert_not_final_benign,-1,dns,port
2025-07-19T23:03:16.716267+0700,103.195.142.165,87.98.154.119,53,37663,UDP,flow,failed,959179012298194,,1,1,0,1437,0,0.0,1,1437,0,none,0,none,0,0,0,no_alert_unknown,no_alert_not_final_benign,-1,dns,port
2025-07-19T23:03:16.716305+0700,103.195.142.46,87.98.154.119,53,10225,UDP,flow,failed,165357457561215,,1,1,0,1437,0,0.0,1,1437,0,none,0,none,0,0,0,no_alert_unknown,no_alert_not_final_benign,-1,dns,port
2025-07-19T23:03:16.716342+0700,103.195.142.74,34.8.38.57,24401,53,UDP,flow,dns,1276276601902777,,1,1,0,225,0,0.0,1,225,0,none,0,none,0,0,0,no_alert_unknown,no_alert_not_final_benign,-1,dns,app_proto+port
2025-07-19T23:03:16.716362+0700,103.195.142.196,87.98.154.119,53,18061,UDP,flow,failed,308369629107949,,1,1,0,1437,0,0.0,1,1437,0,none,0,none,0,0,0,no_alert_unknown,no_alert_not_final_benign,-1,dns,port
2025-07-19T23:03:16.716425+0700,103.195.142.3,13.250.186.17,53,19229,UDP,flow,failed,17209161996096,,1,1,0,185,0,0.0,1,185,0,none,0,none,0,0,0,no_alert_unknown,no_alert_not_final_benign,-1,dns,port
2025-07-19T23:03:16.716464+0700,103.195.142.74,118.98.44.20,12399,53,UDP,flow,dns,1362311347296121,,1,1,0,211,0,0.0,1,211,0,none,0,none,0,0,0,no_alert_unknown,no_alert_not_final_benign,-1,dns,app_proto+port
2025-07-19T23:03:16.716486+0700,103.195.142.75,8.8.8.8,39359,53,UDP,flow,dns,1303903675406413,,1,1,0,83,0,0.0,1,83,0,none,0,none,0,0,0,no_alert_unknown,no_alert_not_final_benign,-1,dns,app_proto+port
2025-07-19T23:03:16.716527+0700,103.195.142.75,8.8.8.8,6952,53,UDP,flow,dns,612130824443989,,1,1,0,77,0,0.0,1,77,0,none,0,none,0,0,0,no_alert_unknown,no_alert_not_final_benign,-1,dns,app_proto+port
2025-07-19T23:03:16.716560+0700,103.195.142.74,118.98.44.50,45197,53,UDP,flow,dns,149590988675214,,1,1,0,68,0,0.0,1,68,0,none,0,none,0,0,0,no_alert_unknown,no_alert_not_final_benign,-1,dns,app_proto+port
2025-07-19T23:03:16.716642+0700,103.195.142.83,87.98.154.186,53,48382,UDP,flow,failed,1238330751899807,,1,1,0,1190,0,0.0,1,1190,0,none,0,none,0,0,0,no_alert_unknown,no_alert_not_final_benign,-1,dns,port
2025-07-19T23:03:16.716666+0700,103.195.142.74,118.98.44.50,51791,53,UDP,flow,dns,1013379744192676,,1,1,0,223,0,0.0,1,223,0,none,0,none,0,0,0,no_alert_unknown,no_alert_not_final_benign,-1,dns,app_proto+port
2025-07-19T23:03:16.716747+0700,103.195.142.74,118.98.44.50,17980,53,UDP,flow,dns,254669898438831,,1,1,0,243,0,0.0,1,243,0,none,0,none,0,0,0,no_alert_unknown,no_alert_not_final_benign,-1,dns,app_proto+port
2025-07-19T23:03:16.716770+0700,103.195.142.75,216.38.8.121,43020,53,UDP,flow,dns,896475695470773,,1,1,0,85,0,0.0,1,85,0,none,0,none,0,0,0,no_alert_unknown,no_alert_not_final_benign,-1,dns,app_proto+port
2025-07-19T23:03:16.716813+0700,103.195.142.75,8.8.8.8,1547,53,UDP,flow,dns,1118552586180854,,1,1,0,211,0,0.0,1,211,0,none,0,none,0,0,0,no_alert_unknown,no_alert_not_final_benign,-1,dns,app_proto+port
2025-07-19T23:03:16.716849+0700,103.195.142.74,202.134.0.155,18842,53,UDP,flow,dns,889818076010882,,1,1,0,241,0,0.0,1,241,0,none,0,none,0,0,0,no_alert_unknown,no_alert_not_final_benign,-1,dns,app_proto+port
2025-07-19T23:03:16.716870+0700,103.195.142.74,118.98.44.50,65369,53,UDP,flow,dns,643513531554184,,1,1,0,88,0,0.0,1,88,0,none,0,none,0,0,0,no_alert_unknown,no_alert_not_final_benign,-1,dns,app_proto+port
2025-07-19T23:03:16.716897+0700,103.195.142.196,87.98.154.119,53,32837,UDP,flow,failed,1105085179877838,,1,1,0,1437,0,0.0,1,1437,0,none,0,none,0,0,0,no_alert_unknown,no_alert_not_final_benign,-1,dns,port
2025-07-19T23:03:16.716937+0700,103.195.142.74,202.134.0.155,8667,53,UDP,flow,dns,586930283666020,,1,1,0,211,0,0.0,1,211,0,none,0,none,0,0,0,no_alert_unknown,no_alert_not_final_benign,-1,dns,app_proto+port
2025-07-19T23:03:16.717001+0700,103.195.142.75,8.8.8.8,36797,53,UDP,flow,dns,597307528305496,,1,1,0,232,0,0.0,1,232,0,none,0,none,0,0,0,no_alert_unknown,no_alert_not_final_benign,-1,dns,app_proto+port
2025-07-19T23:03:16.717021+0700,103.195.142.109,87.98.154.241,53,61666,UDP,flow,failed,1139429088091099,,1,1,0,1437,0,0.0,1,1437,0,none,0,none,0,0,0,no_alert_unknown,no_alert_not_final_benign,-1,dns,port
2025-07-19T23:03:16.717132+0700,103.195.142.2,180.241.233.114,53,34401,UDP,flow,failed,608889931029627,,1,1,0,129,0,0.0,1,129,0,none,0,none,0,0,0,no_alert_unknown,no_alert_not_final_benign,-1,dns,port
2025-07-19T23:03:16.717169+0700,103.195.142.196,87.98.154.125,53,60911,UDP,flow,failed,366084259044543,,1,1,0,1437,0,0.0,1,1437,0,none,0,none,0,0,0,no_alert_unknown,no_alert_not_final_benign,-1,dns,port
2025-07-19T23:03:16.717242+0700,103.195.142.109,87.98.154.45,53,59144,UDP,flow,failed,1388458136165611,,1,1,0,1437,0,0.0,1,1437,0,none,0,none,0,0,0,no_alert_unknown,no_alert_not_final_benign,-1,dns,port
2025-07-19T23:03:16.717261+0700,103.195.142.74,118.98.44.100,50086,53,UDP,flow,dns,1263865732324610,,1,1,0,223,0,0.0,1,223,0,none,0,none,0,0,0,no_alert_unknown,no_alert_not_final_benign,-1,dns,app_proto+port
2025-07-19T23:03:16.717315+0700,103.195.142.2,212.65.133.203,53,53394,UDP,flow,failed,1275599971540235,,1,1,0,136,0,0.0,1,136,0,none,0,none,0,0,0,no_alert_unknown,no_alert_not_final_benign,-1,dns,port
2025-07-19T23:03:16.717358+0700,103.195.142.75,8.8.8.8,15387,53,UDP,flow,dns,725313363565964,,1,1,0,81,0,0.0,1,81,0,none,0,none,0,0,0,no_alert_unknown,no_alert_not_final_benign,-1,dns,app_proto+port
2025-07-19T23:03:16.717404+0700,103.195.142.46,87.98.154.119,53,35623,UDP,flow,failed,469039743688173,,1,1,0,1437,0,0.0,1,1437,0,none,0,none,0,0,0,no_alert_unknown,no_alert_not_final_benign,-1,dns,port
2025-07-19T23:03:16.717452+0700,103.195.142.109,87.98.154.241,53,4102,UDP,flow,failed,814834409594464,,1,1,0,1437,0,0.0,1,1437,0,none,0,none,0,0,0,no_alert_unknown,no_alert_not_final_benign,-1,dns,port
2025-07-19T23:03:16.717510+0700,103.195.142.196,87.98.154.165,53,62667,UDP,flow,failed,985468198641250,,1,1,0,1437,0,0.0,1,1437,0,none,0,none,0,0,0,no_alert_unknown,no_alert_not_final_benign,-1,dns,port
2025-07-19T23:03:16.717645+0700,103.195.142.196,87.98.154.119,53,58437,UDP,flow,failed,1251591949967131,,1,1,0,1437,0,0.0,1,1437,0,none,0,none,0,0,0,no_alert_unknown,no_alert_not_final_benign,-1,dns,port
2025-07-19T23:03:16.717865+0700,103.195.142.196,87.98.154.225,53,4480,UDP,flow,failed,1033789600424007,,1,2,0,2874,0,9.0,2,2874,0,none,0,none,0,0,0,no_alert_unknown,no_alert_not_final_benign,-1,dns,port
2025-07-19T23:03:16.717885+0700,103.195.142.74,118.98.44.20,42022,53,UDP,flow,dns,606615532920910,,1,1,0,74,0,0.0,1,74,0,none,0,none,0,0,0,no_alert_unknown,no_alert_not_final_benign,-1,dns,app_proto+port
2025-07-19T23:03:16.718222+0700,103.195.142.74,118.98.44.100,17190,53,UDP,flow,dns,1178495018328233,,1,1,0,223,0,0.0,1,223,0,none,0,none,0,0,0,no_alert_unknown,no_alert_not_final_benign,-1,dns,app_proto+port
2025-07-19T23:03:16.718272+0700,103.195.142.2,172.70.116.71,53,59638,UDP,flow,failed,403608980414667,,1,1,0,151,0,0.0,1,151,0,none,0,none,0,0,0,no_alert_unknown,no_alert_not_final_benign,-1,dns,port
2025-07-19T23:03:16.718348+0700,103.195.142.109,87.98.154.119,53,61839,UDP,flow,failed,1041081203155347,,1,1,0,1437,0,0.0,1,1437,0,none,0,none,0,0,0,no_alert_unknown,no_alert_not_final_benign,-1,dns,port
2025-07-19T23:03:16.718431+0700,103.195.142.75,8.8.8.8,23694,53,UDP,flow,dns,1064798608351694,,1,1,0,77,0,0.0,1,77,0,none,0,none,0,0,0,no_alert_unknown,no_alert_not_final_benign,-1,dns,app_proto+port
2025-07-19T23:03:16.718471+0700,103.195.142.83,87.98.154.119,53,11475,UDP,flow,failed,1155128269136340,,1,1,0,1190,0,0.0,1,1190,0,none,0,none,0,0,0,no_alert_unknown,no_alert_not_final_benign,-1,dns,port
2025-07-19T23:03:16.718528+0700,103.195.142.74,118.98.44.50,38219,53,UDP,flow,dns,288299176157752,,1,1,0,77,0,0.0,1,77,0,none,0,none,0,0,0,no_alert_unknown,no_alert_not_final_benign,-1,dns,app_proto+port
2025-07-19T23:03:16.718593+0700,103.195.142.109,87.98.154.241,53,3312,UDP,flow,failed,585422272127686,,1,1,0,1437,0,0.0,1,1437,0,none,0,none,0,0,0,no_alert_unknown,no_alert_not_final_benign,-1,dns,port
2025-07-19T23:03:16.718635+0700,103.195.142.75,8.8.8.8,35114,53,UDP,flow,dns,1164921803891459,,1,1,0,76,0,0.0,1,76,0,none,0,none,0,0,0,no_alert_unknown,no_alert_not_final_benign,-1,dns,app_proto+port
2025-07-19T23:03:16.718665+0700,103.195.142.74,118.98.44.50,33336,53,UDP,flow,dns,562809354052391,,1,1,0,88,0,0.0,1,88,0,none,0,none,0,0,0,no_alert_unknown,no_alert_not_final_benign,-1,dns,app_proto+port
2025-07-19T23:03:16.718687+0700,103.195.142.165,87.98.154.89,53,55126,UDP,flow,failed,810525722338094,,1,3,0,4311,0,10.0,3,4311,0,none,0,none,0,0,0,no_alert_unknown,no_alert_not_final_benign,-1,dns,port
2025-07-19T23:03:16.718709+0700,103.195.142.74,118.98.44.100,22689,53,UDP,flow,dns,1259045082358623,,1,1,0,89,0,0.0,1,89,0,none,0,none,0,0,0,no_alert_unknown,no_alert_not_final_benign,-1,dns,app_proto+port
2025-07-19T23:03:16.718775+0700,103.195.142.109,87.98.154.119,53,15895,UDP,flow,failed,690592011051921,,1,1,0,1437,0,0.0,1,1437,0,none,0,none,0,0,0,no_alert_unknown,no_alert_not_final_benign,-1,dns,port
2025-07-19T23:03:16.718798+0700,103.195.142.74,118.98.44.50,5841,53,UDP,flow,dns,295163094819751,,1,1,0,78,0,0.0,1,78,0,none,0,none,0,0,0,no_alert_unknown,no_alert_not_final_benign,-1,dns,app_proto+port
2025-07-19T23:03:16.718821+0700,103.195.142.74,118.98.44.20,43605,53,UDP,flow,dns,900448189604852,,1,1,0,211,0,0.0,1,211,0,none,0,none,0,0,0,no_alert_unknown,no_alert_not_final_benign,-1,dns,app_proto+port
2025-07-19T23:03:16.718890+0700,103.195.142.75,8.8.8.8,5160,53,UDP,flow,dns,497018161062953,,1,1,0,87,0,0.0,1,87,0,none,0,none,0,0,0,no_alert_unknown,no_alert_not_final_benign,-1,dns,app_proto+port
2025-07-19T23:03:16.718914+0700,103.195.142.195,87.98.154.119,53,28223,UDP,flow,failed,396101796226154,,1,1,0,1437,0,0.0,1,1437,0,none,0,none,0,0,0,no_alert_unknown,no_alert_not_final_benign,-1,dns,port
2025-07-19T23:03:16.718955+0700,103.195.142.46,87.98.154.215,53,34189,UDP,flow,failed,1210829176824950,,1,1,0,1437,0,0.0,1,1437,0,none,0,none,0,0,0,no_alert_unknown,no_alert_not_final_benign,-1,dns,port
2025-07-19T23:03:16.718999+0700,103.195.142.2,172.253.211.26,53,45866,UDP,flow,failed,308329585632514,,1,1,0,223,0,0.0,1,223,0,none,0,none,0,0,0,no_alert_unknown,no_alert_not_final_benign,-1,dns,port
2025-07-19T23:03:16.719053+0700,103.195.142.83,87.98.154.14,53,44302,UDP,flow,failed,706911232451866,,1,1,0,1190,0,0.0,1,1190,0,none,0,none,0,0,0,no_alert_unknown,no_alert_not_final_benign,-1,dns,port
2025-07-19T23:03:16.719076+0700,103.195.142.165,87.98.154.119,53,61104,UDP,flow,failed,723059083896257,,1,1,0,1437,0,0.0,1,1437,0,none,0,none,0,0,0,no_alert_unknown,no_alert_not_final_benign,-1,dns,port
2025-07-19T23:03:16.719160+0700,103.195.142.74,118.98.44.20,3904,53,UDP,flow,dns,394437477525067,,1,1,0,214,0,0.0,1,214,0,none,0,none,0,0,0,no_alert_unknown,no_alert_not_final_benign,-1,dns,app_proto+port
2025-07-19T23:03:16.719215+0700,103.195.142.74,202.134.0.155,22073,53,UDP,flow,dns,372532992337611,,1,1,0,93,0,0.0,1,93,0,none,0,none,0,0,0,no_alert_unknown,no_alert_not_final_benign,-1,dns,app_proto+port
2025-07-19T23:03:16.719292+0700,103.195.142.74,118.98.44.20,29815,53,UDP,flow,dns,885709257828527,,1,1,0,211,0,0.0,1,211,0,none,0,none,0,0,0,no_alert_unknown,no_alert_not_final_benign,-1,dns,app_proto+port
2025-07-19T23:03:16.719318+0700,103.195.142.165,87.98.154.118,53,45468,UDP,flow,failed,486332393908556,,1,1,0,1437,0,0.0,1,1437,0,none,0,none,0,0,0,no_alert_unknown,no_alert_not_final_benign,-1,dns,port
2025-07-19T23:03:16.719436+0700,103.195.142.109,87.98.154.93,53,21363,UDP,flow,failed,1343339428440515,,1,1,0,1437,0,0.0,1,1437,0,none,0,none,0,0,0,no_alert_unknown,no_alert_not_final_benign,-1,dns,port
2025-07-19T23:03:16.719498+0700,103.195.142.165,87.98.154.118,53,26461,UDP,flow,failed,1227583995570704,,1,1,0,1437,0,0.0,1,1437,0,none,0,none,0,0,0,no_alert_unknown,no_alert_not_final_benign,-1,dns,port
2025-07-19T23:03:16.719521+0700,103.195.142.46,87.98.154.119,53,3340,UDP,flow,failed,1144910686186015,,1,1,0,1437,0,0.0,1,1437,0,none,0,none,0,0,0,no_alert_unknown,no_alert_not_final_benign,-1,dns,port
2025-07-19T23:03:16.719632+0700,103.195.142.76,87.98.154.119,53,35032,UDP,flow,failed,655457122642484,,1,1,0,1469,0,0.0,1,1469,0,none,0,none,0,0,0,no_alert_unknown,no_alert_not_final_benign,-1,dns,port
2025-07-19T23:03:16.719706+0700,103.195.142.46,87.98.154.119,53,32481,UDP,flow,failed,1361585161366192,,1,1,0,1437,0,0.0,1,1437,0,none,0,none,0,0,0,no_alert_unknown,no_alert_not_final_benign,-1,dns,port
2025-07-19T23:03:16.719758+0700,103.195.142.76,87.98.154.38,53,64405,UDP,flow,failed,399589152058060,,1,1,0,1469,0,0.0,1,1469,0,none,0,none,0,0,0,no_alert_unknown,no_alert_not_final_benign,-1,dns,port
2025-07-19T23:03:16.719814+0700,103.195.142.109,87.98.154.217,53,22813,UDP,flow,failed,1943980987837282,,1,2,0,2874,0,3.0,2,2874,0,none,0,none,0,0,0,no_alert_unknown,no_alert_not_final_benign,-1,dns,port
2025-07-19T23:03:16.719834+0700,103.195.142.165,87.98.154.119,53,29341,UDP,flow,failed,291017922046878,,1,1,0,1437,0,0.0,1,1437,0,none,0,none,0,0,0,no_alert_unknown,no_alert_not_final_benign,-1,dns,port
2025-07-19T23:03:16.719898+0700,103.195.142.165,87.98.154.1,53,32788,UDP,flow,failed,486657936321487,,1,1,0,1437,0,0.0,1,1437,0,none,0,none,0,0,0,no_alert_unknown,no_alert_not_final_benign,-1,dns,port
2025-07-19T23:03:16.719928+0700,103.195.142.165,87.98.154.119,53,12660,UDP,flow,failed,516418291035094,,1,1,0,1437,0,0.0,1,1437,0,none,0,none,0,0,0,no_alert_unknown,no_alert_not_final_benign,-1,dns,port
2025-07-19T23:03:16.719999+0700,103.195.142.83,87.98.154.130,53,8713,UDP,flow,failed,747376779455576,,1,1,0,1190,0,0.0,1,1190,0,none,0,none,0,0,0,no_alert_unknown,no_alert_not_final_benign,-1,dns,port
2025-07-19T23:03:16.720027+0700,103.195.142.83,87.98.154.42,53,34472,UDP,flow,failed,491618046372981,,1,1,0,1190,0,0.0,1,1190,0,none,0,none,0,0,0,no_alert_unknown,no_alert_not_final_benign,-1,dns,port
2025-07-19T23:03:16.720051+0700,103.195.142.2,212.65.140.152,53,53200,UDP,flow,failed,1074974368066733,,1,1,0,165,0,0.0,1,165,0,none,0,none,0,0,0,no_alert_unknown,no_alert_not_final_benign,-1,dns,port
2025-07-19T23:03:16.720070+0700,103.195.142.74,118.98.44.100,20439,53,UDP,flow,dns,310821620608186,,1,1,0,241,0,0.0,1,241,0,none,0,none,0,0,0,no_alert_unknown,no_alert_not_final_benign,-1,dns,app_proto+port
2025-07-19T23:03:16.720180+0700,103.195.142.83,87.98.154.158,53,19985,UDP,flow,failed,444732201495849,,1,1,0,1190,0,0.0,1,1190,0,none,0,none,0,0,0,no_alert_unknown,no_alert_not_final_benign,-1,dns,port
2025-07-19T23:03:16.720262+0700,103.195.142.75,8.8.8.8,49989,53,UDP,flow,dns,1204864639954272,,1,1,0,82,0,0.0,1,82,0,none,0,none,0,0,0,no_alert_unknown,no_alert_not_final_benign,-1,dns,app_proto+port
2025-07-19T23:03:16.720292+0700,103.195.142.83,87.98.154.94,53,21474,UDP,flow,failed,1323658534907305,,1,1,0,1190,0,0.0,1,1190,0,none,0,none,0,0,0,no_alert_unknown,no_alert_not_final_benign,-1,dns,port
2025-07-19T23:03:16.720312+0700,103.195.142.83,87.98.154.118,53,46564,UDP,flow,failed,947780085935542,,1,1,0,1190,0,0.0,1,1190,0,none,0,none,0,0,0,no_alert_unknown,no_alert_not_final_benign,-1,dns,port
2025-07-19T23:03:16.720331+0700,103.195.142.74,118.98.44.100,21426,53,UDP,flow,dns,1348418752212487,,1,1,0,77,0,0.0,1,77,0,none,0,none,0,0,0,no_alert_unknown,no_alert_not_final_benign,-1,dns,app_proto+port
2025-07-19T23:03:16.720378+0700,103.195.142.74,118.98.44.20,33640,53,UDP,flow,dns,1038377211981393,,1,1,0,91,0,0.0,1,91,0,none,0,none,0,0,0,no_alert_unknown,no_alert_not_final_benign,-1,dns,app_proto+port
2025-07-19T23:03:16.720403+0700,103.195.142.196,87.98.154.119,53,23897,UDP,flow,failed,781236822535824,,1,1,0,1437,0,0.0,1,1437,0,none,0,none,0,0,0,no_alert_unknown,no_alert_not_final_benign,-1,dns,port
2025-07-19T23:03:16.720449+0700,103.195.142.46,87.98.154.127,53,31933,UDP,flow,failed,293292477575049,,1,1,0,1437,0,0.0,1,1437,0,none,0,none,0,0,0,no_alert_unknown,no_alert_not_final_benign,-1,dns,port
2025-07-19T23:03:16.720535+0700,103.195.142.46,87.98.154.151,53,51738,UDP,flow,failed,965484621852589,,1,1,0,1437,0,0.0,1,1437,0,none,0,none,0,0,0,no_alert_unknown,no_alert_not_final_benign,-1,dns,port
2025-07-19T23:03:16.720632+0700,103.195.142.2,172.70.116.71,53,12462,UDP,flow,failed,374367219413014,,1,1,0,197,0,0.0,1,197,0,none,0,none,0,0,0,no_alert_unknown,no_alert_not_final_benign,-1,dns,port
2025-07-19T23:03:16.720651+0700,103.195.142.196,87.98.154.119,53,1880,UDP,flow,failed,1113430498799693,,1,1,0,1437,0,0.0,1,1437,0,none,0,none,0,0,0,no_alert_unknown,no_alert_not_final_benign,-1,dns,port
2025-07-19T23:03:16.720672+0700,103.195.142.109,87.98.154.119,53,27303,UDP,flow,failed,1013192372056174,,1,1,0,1437,0,0.0,1,1437,0,none,0,none,0,0,0,no_alert_unknown,no_alert_not_final_benign,-1,dns,port
2025-07-19T23:03:16.720763+0700,103.195.142.46,87.98.154.119,53,58681,UDP,flow,failed,361515147063616,,1,1,0,1437,0,0.0,1,1437,0,none,0,none,0,0,0,no_alert_unknown,no_alert_not_final_benign,-1,dns,port
2025-07-19T23:03:16.720781+0700,103.195.142.196,87.98.154.249,53,40429,UDP,flow,failed,524431952638363,,1,1,0,1437,0,0.0,1,1437,0,none,0,none,0,0,0,no_alert_unknown,no_alert_not_final_benign,-1,dns,port
2025-07-19T23:03:16.720800+0700,103.195.142.46,87.98.154.119,53,51684,UDP,flow,failed,1059948594721198,,1,1,0,1437,0,0.0,1,1437,0,none,0,none,0,0,0,no_alert_unknown,no_alert_not_final_benign,-1,dns,port
2025-07-19T23:03:16.720818+0700,103.195.142.74,118.98.44.50,65392,53,UDP,flow,dns,984723589427675,,1,1,0,102,0,0.0,1,102,0,none,0,none,0,0,0,no_alert_unknown,no_alert_not_final_benign,-1,dns,app_proto+port
2025-07-19T23:03:16.720861+0700,103.195.142.74,202.134.0.155,38939,53,UDP,flow,dns,1380675217584634,,1,1,0,223,0,0.0,1,223,0,none,0,none,0,0,0,no_alert_unknown,no_alert_not_final_benign,-1,dns,app_proto+port
2025-07-19T23:03:16.720907+0700,103.195.142.31,8.8.8.8,27708,53,UDP,flow,dns,1021250766893604,,1,1,0,98,0,0.0,1,98,0,none,0,none,0,0,0,no_alert_unknown,no_alert_not_final_benign,-1,dns,app_proto+port
2025-07-19T23:03:16.720926+0700,103.195.142.74,118.98.44.20,63915,53,UDP,flow,dns,836829504729649,,1,1,0,74,0,0.0,1,74,0,none,0,none,0,0,0,no_alert_unknown,no_alert_not_final_benign,-1,dns,app_proto+port
2025-07-19T23:03:16.721012+0700,103.195.142.74,118.98.44.50,14937,53,UDP,flow,dns,1276641435644639,,1,1,0,223,0,0.0,1,223,0,none,0,none,0,0,0,no_alert_unknown,no_alert_not_final_benign,-1,dns,app_proto+port
2025-07-19T23:03:16.721032+0700,103.195.142.46,87.98.154.15,53,3353,UDP,flow,failed,1089561600520977,,1,1,0,1437,0,0.0,1,1437,0,none,0,none,0,0,0,no_alert_unknown,no_alert_not_final_benign,-1,dns,port
2025-07-19T23:03:16.721097+0700,103.195.142.109,87.98.154.119,53,4818,UDP,flow,failed,786384032953174,,1,1,0,1437,0,0.0,1,1437,0,none,0,none,0,0,0,no_alert_unknown,no_alert_not_final_benign,-1,dns,port
2025-07-19T23:03:16.721161+0700,103.195.142.74,118.98.44.20,31033,53,UDP,flow,dns,1181013445112680,,1,1,0,68,0,0.0,1,68,0,none,0,none,0,0,0,no_alert_unknown,no_alert_not_final_benign,-1,dns,app_proto+port
2025-07-19T23:03:16.721295+0700,103.195.142.195,87.98.154.119,53,20317,UDP,flow,failed,904832655225856,,1,1,0,1437,0,0.0,1,1437,0,none,0,none,0,0,0,no_alert_unknown,no_alert_not_final_benign,-1,dns,port
2025-07-19T23:03:16.721320+0700,103.195.142.76,87.98.154.130,53,29252,UDP,flow,failed,752884916024400,,1,1,0,1469,0,0.0,1,1469,0,none,0,none,0,0,0,no_alert_unknown,no_alert_not_final_benign,-1,dns,port
2025-07-19T23:03:16.721341+0700,103.195.142.76,87.98.154.46,53,6606,UDP,flow,failed,895833541047446,,1,1,0,1469,0,0.0,1,1469,0,none,0,none,0,0,0,no_alert_unknown,no_alert_not_final_benign,-1,dns,port
2025-07-19T23:03:16.721361+0700,103.195.142.109,87.98.154.73,53,12791,UDP,flow,failed,934222846948588,,1,3,0,4311,0,9.0,3,4311,0,none,0,none,0,0,0,no_alert_unknown,no_alert_not_final_benign,-1,dns,port
2025-07-19T23:03:16.721380+0700,103.195.142.74,118.98.44.100,31944,53,UDP,flow,dns,562625954313486,,1,1,0,211,0,0.0,1,211,0,none,0,none,0,0,0,no_alert_unknown,no_alert_not_final_benign,-1,dns,app_proto+port
2025-07-19T23:03:16.721399+0700,103.195.142.196,87.98.154.119,53,61882,UDP,flow,failed,1379666192037149,,1,1,0,1437,0,0.0,1,1437,0,none,0,none,0,0,0,no_alert_unknown,no_alert_not_final_benign,-1,dns,port
2025-07-19T23:03:16.721418+0700,103.195.142.109,87.98.154.119,53,63780,UDP,flow,failed,708044708050214,,1,1,0,1437,0,0.0,1,1437,0,none,0,none,0,0,0,no_alert_unknown,no_alert_not_final_benign,-1,dns,port
2025-07-19T23:03:16.721458+0700,103.195.142.76,87.98.154.119,53,57798,UDP,flow,failed,1098613692036478,,1,1,0,1469,0,0.0,1,1469,0,none,0,none,0,0,0,no_alert_unknown,no_alert_not_final_benign,-1,dns,port
2025-07-19T23:03:16.721505+0700,103.195.142.165,87.98.154.119,53,17745,UDP,flow,failed,1377223462942249,,1,1,0,1437,0,0.0,1,1437,0,none,0,none,0,0,0,no_alert_unknown,no_alert_not_final_benign,-1,dns,port
2025-07-19T23:03:16.721543+0700,103.195.142.165,87.98.154.119,53,32752,UDP,flow,failed,882720675002064,,1,1,0,1437,0,0.0,1,1437,0,none,0,none,0,0,0,no_alert_unknown,no_alert_not_final_benign,-1,dns,port
2025-07-19T23:03:16.721621+0700,103.195.142.76,87.98.154.246,53,15498,UDP,flow,failed,261926926088186,,1,3,0,4407,0,10.0,3,4407,0,none,0,none,0,0,0,no_alert_unknown,no_alert_not_final_benign,-1,dns,port
2025-07-19T23:03:16.721632+0700,103.195.142.74,118.98.44.100,27479,53,UDP,flow,dns,1045019544451114,,1,1,0,196,0,0.0,1,196,0,none,0,none,0,0,0,no_alert_unknown,no_alert_not_final_benign,-1,dns,app_proto+port
2025-07-19T23:03:16.721671+0700,103.195.142.46,87.98.154.119,53,52034,UDP,flow,failed,747403511330891,,1,1,0,1437,0,0.0,1,1437,0,none,0,none,0,0,0,no_alert_unknown,no_alert_not_final_benign,-1,dns,port
2025-07-19T23:03:16.721732+0700,103.195.142.196,87.98.154.119,53,57089,UDP,flow,failed,1174905365592163,,1,1,0,1437,0,0.0,1,1437,0,none,0,none,0,0,0,no_alert_unknown,no_alert_not_final_benign,-1,dns,port
2025-07-19T23:03:16.721743+0700,103.195.142.76,87.98.154.134,53,11229,UDP,flow,failed,1160273422973074,,1,1,0,1469,0,0.0,1,1469,0,none,0,none,0,0,0,no_alert_unknown,no_alert_not_final_benign,-1,dns,port
2025-07-19T23:03:16.721765+0700,103.195.142.3,13.105.164.209,53,5667,UDP,flow,failed,944946074482842,,1,1,0,180,0,0.0,1,180,0,none,0,none,0,0,0,no_alert_unknown,no_alert_not_final_benign,-1,dns,port
2025-07-19T23:03:16.721792+0700,103.195.142.196,87.98.154.17,53,56174,UDP,flow,failed,905389949974684,,1,1,0,1437,0,0.0,1,1437,0,none,0,none,0,0,0,no_alert_unknown,no_alert_not_final_benign,-1,dns,port
2025-07-19T23:03:16.721827+0700,103.195.142.165,87.98.154.119,53,56346,UDP,flow,failed,1274770442025280,,1,1,0,1437,0,0.0,1,1437,0,none,0,none,0,0,0,no_alert_unknown,no_alert_not_final_benign,-1,dns,port
2025-07-19T23:03:16.721849+0700,103.195.142.196,87.98.154.119,53,39159,UDP,flow,failed,777506611067230,,1,1,0,1437,0,0.0,1,1437,0,none,0,none,0,0,0,no_alert_unknown,no_alert_not_final_benign,-1,dns,port
2025-07-19T23:03:16.721860+0700,103.195.142.83,87.98.154.119,53,5001,UDP,flow,failed,1041040080238957,,1,1,0,1190,0,0.0,1,1190,0,none,0,none,0,0,0,no_alert_unknown,no_alert_not_final_benign,-1,dns,port
2025-07-19T23:03:16.721884+0700,103.195.142.165,87.98.154.137,53,2776,UDP,flow,failed,731963920284036,,1,1,0,1437,0,0.0,1,1437,0,none,0,none,0,0,0,no_alert_unknown,no_alert_not_final_benign,-1,dns,port
2025-07-19T23:03:16.721896+0700,103.195.142.3,172.253.236.215,53,64037,UDP,flow,failed,843307718605197,,1,1,0,224,0,0.0,1,224,0,none,0,none,0,0,0,no_alert_unknown,no_alert_not_final_benign,-1,dns,port
2025-07-19T23:03:16.721915+0700,103.195.142.46,87.98.154.119,53,2835,UDP,flow,failed,599371237292541,,1,1,0,1437,0,0.0,1,1437,0,none,0,none,0,0,0,no_alert_unknown,no_alert_not_final_benign,-1,dns,port
2025-07-19T23:03:16.721974+0700,103.195.142.74,34.8.196.142,63910,53,UDP,flow,dns,1063611375352322,,1,1,0,234,0,0.0,1,234,0,none,0,none,0,0,0,no_alert_unknown,no_alert_not_final_benign,-1,dns,app_proto+port
2025-07-19T23:03:16.722008+0700,103.195.142.74,202.134.0.155,55335,53,UDP,flow,dns,370778415430153,,1,1,0,211,0,0.0,1,211,0,none,0,none,0,0,0,no_alert_unknown,no_alert_not_final_benign,-1,dns,app_proto+port
2025-07-19T23:03:16.722038+0700,103.195.142.75,8.8.8.8,54675,53,UDP,flow,dns,1194754086206062,,1,1,0,77,0,0.0,1,77,0,none,0,none,0,0,0,no_alert_unknown,no_alert_not_final_benign,-1,dns,app_proto+port
2025-07-19T23:03:16.722050+0700,103.195.142.196,87.98.154.119,53,59849,UDP,flow,failed,391692331252345,,1,1,0,1437,0,0.0,1,1437,0,none,0,none,0,0,0,no_alert_unknown,no_alert_not_final_benign,-1,dns,port
2025-07-19T23:03:16.722080+0700,103.195.142.74,118.98.44.50,11852,53,UDP,flow,dns,406362527300276,,1,1,0,214,0,0.0,1,214,0,none,0,none,0,0,0,no_alert_unknown,no_alert_not_final_benign,-1,dns,app_proto+port
2025-07-19T23:03:16.722165+0700,103.195.142.75,8.8.8.8,38142,53,UDP,flow,dns,656873139862474,,1,1,0,223,0,0.0,1,223,0,none,0,none,0,0,0,no_alert_unknown,no_alert_not_final_benign,-1,dns,app_proto+port
2025-07-19T23:03:16.722185+0700,103.195.142.74,202.134.0.155,56615,53,UDP,flow,dns,818693746326534,,1,1,0,78,0,0.0,1,78,0,none,0,none,0,0,0,no_alert_unknown,no_alert_not_final_benign,-1,dns,app_proto+port
2025-07-19T23:03:16.722220+0700,103.195.142.195,87.98.154.117,53,18390,UDP,flow,failed,1273096403876907,,1,1,0,1437,0,0.0,1,1437,0,none,0,none,0,0,0,no_alert_unknown,no_alert_not_final_benign,-1,dns,port
2025-07-19T23:03:16.722232+0700,103.195.142.83,87.98.154.150,53,54446,UDP,flow,failed,1062146942499902,,1,1,0,1190,0,0.0,1,1190,0,none,0,none,0,0,0,no_alert_unknown,no_alert_not_final_benign,-1,dns,port
2025-07-19T23:03:16.722284+0700,103.195.142.76,87.98.154.119,53,63677,UDP,flow,failed,392027126693251,,1,1,0,1469,0,0.0,1,1469,0,none,0,none,0,0,0,no_alert_unknown,no_alert_not_final_benign,-1,dns,port
2025-07-19T23:03:16.722302+0700,103.195.142.74,118.98.44.20,8356,53,UDP,flow,dns,1465790422121893,,1,1,0,214,0,0.0,1,214,0,none,0,none,0,0,0,no_alert_unknown,no_alert_not_final_benign,-1,dns,app_proto+port
2025-07-19T23:03:16.766458+0700,103.195.142.74,118.98.44.100,3012,53,UDP,dns,,1321589297432551,wire/pcap,0,0,0,0,0,0.0,0,0,0,none,0,none,0,0,0,no_alert_unknown,no_alert_not_final_benign,-1,dns,port
2025-07-19T23:03:16.785028+0700,103.195.142.75,8.8.8.8,18478,53,UDP,dns,,1401347985809873,wire/pcap,0,0,0,0,0,0.0,0,0,0,none,0,none,0,0,0,no_alert_unknown,no_alert_not_final_benign,-1,dns,port
2025-07-19T23:03:16.800660+0700,103.195.142.75,8.8.8.8,48816,53,UDP,dns,,1187009976808807,wire/pcap,0,0,0,0,0,0.0,0,0,0,none,0,none,0,0,0,no_alert_unknown,no_alert_not_final_benign,-1,dns,port
2025-07-19T23:03:16.805426+0700,103.195.142.74,118.98.44.20,28190,53,UDP,dns,,1207478974240452,wire/pcap,0,0,0,0,0,0.0,0,0,0,none,0,none,0,0,0,no_alert_unknown,no_alert_not_final_benign,-1,dns,port
2025-07-19T23:03:16.818600+0700,103.195.142.74,202.134.0.155,12350,53,UDP,dns,,1264060579977025,wire/pcap,0,0,0,0,0,0.0,0,0,0,none,0,none,0,0,0,no_alert_unknown,no_alert_not_final_benign,-1,dns,port
2025-07-19T23:03:16.821666+0700,103.195.142.74,118.98.44.20,30224,53,UDP,dns,,1277230641575035,wire/pcap,0,0,0,0,0,0.0,0,0,0,none,0,none,0,0,0,no_alert_unknown,no_alert_not_final_benign,-1,dns,port
2025-07-19T23:03:16.822909+0700,103.195.142.76,87.98.154.190,53,18025,UDP,flow,failed,611053305021754,,1,3,0,4407,0,10.0,3,4407,0,none,0,none,0,0,0,no_alert_unknown,no_alert_not_final_benign,-1,dns,port
2025-07-19T23:03:16.832016+0700,103.195.142.74,118.98.44.50,40817,53,UDP,dns,,1321684830476631,wire/pcap,0,0,0,0,0,0.0,0,0,0,none,0,none,0,0,0,no_alert_unknown,no_alert_not_final_benign,-1,dns,port
2025-07-19T23:03:16.905232+0700,103.195.142.74,118.98.44.100,42318,53,UDP,dns,,1354670094104246,wire/pcap,0,0,0,0,0,0.0,0,0,0,none,0,none,0,0,0,no_alert_unknown,no_alert_not_final_benign,-1,dns,port
2025-07-19T23:03:16.921266+0700,103.195.142.108,8.8.8.8,1900,53,UDP,dns,,1216074754602613,wire/pcap,0,0,0,0,0,0.0,0,0,0,none,0,none,0,0,0,no_alert_unknown,no_alert_not_final_benign,-1,dns,port
2025-07-19T23:03:16.924075+0700,103.195.142.74,118.98.44.100,54266,53,UDP,dns,,1154124435578138,wire/pcap,0,0,0,0,0,0.0,0,0,0,none,0,none,0,0,0,no_alert_unknown,no_alert_not_final_benign,-1,dns,port
2025-07-19T23:03:16.924144+0700,103.195.142.75,8.8.8.8,10829,53,UDP,dns,,1154422327931139,wire/pcap,0,0,0,0,0,0.0,0,0,0,none,0,none,0,0,0,no_alert_unknown,no_alert_not_final_benign,-1,dns,port
2025-07-19T23:03:16.950282+0700,103.195.142.74,202.134.0.155,21618,53,UDP,dns,,1266683223725532,wire/pcap,0,0,0,0,0,0.0,0,0,0,none,0,none,0,0,0,no_alert_unknown,no_alert_not_final_benign,-1,dns,port
2025-07-19T23:03:16.950414+0700,103.195.142.74,202.134.0.155,32158,53,UDP,dns,,1267250386226920,wire/pcap,0,0,0,0,0,0.0,0,0,0,none,0,none,0,0,0,no_alert_unknown,no_alert_not_final_benign,-1,dns,port
2025-07-19T23:03:16.960046+0700,103.195.142.74,118.98.44.50,33171,53,UDP,dns,,1308620387906668,wire/pcap,0,0,0,0,0,0.0,0,0,0,none,0,none,0,0,0,no_alert_unknown,no_alert_not_final_benign,-1,dns,port
2025-07-19T23:03:16.973164+0700,103.195.142.74,118.98.44.100,6618,53,UDP,dns,,1364960259558277,wire/pcap,0,0,0,0,0,0.0,0,0,0,none,0,none,0,0,0,no_alert_unknown,no_alert_not_final_benign,-1,dns,port
2025-07-19T23:03:16.995432+0700,103.195.142.75,8.8.8.8,4146,53,UDP,dns,,1179126643851447,wire/pcap,0,0,0,0,0,0.0,0,0,0,none,0,none,0,0,0,no_alert_unknown,no_alert_not_final_benign,-1,dns,port
2025-07-19T23:03:16.995484+0700,103.195.142.74,118.98.44.50,5082,53,UDP,dns,,1179347809241276,wire/pcap,0,0,0,0,0,0.0,0,0,0,none,0,none,0,0,0,no_alert_unknown,no_alert_not_final_benign,-1,dns,port
2025-07-19T23:03:17.006140+0700,103.195.142.109,87.98.154.65,53,58604,UDP,flow,failed,1583652071440470,,1,1,0,1437,0,0.0,1,1437,0,none,0,none,0,0,0,no_alert_unknown,no_alert_not_final_benign,-1,dns,port
2025-07-19T23:03:17.019431+0700,103.195.142.75,50.28.32.155,54317,53,UDP,dns,,1490832062517217,wire/pcap,0,0,0,0,0,0.0,0,0,0,none,0,none,0,0,0,no_alert_unknown,no_alert_not_final_benign,-1,dns,port
2025-07-19T23:03:17.034213+0700,103.195.142.75,8.8.8.8,14854,53,UDP,dns,,1554319386523021,wire/pcap,0,0,0,0,0,0.0,0,0,0,none,0,none,0,0,0,no_alert_unknown,no_alert_not_final_benign,-1,dns,port
2025-07-19T23:03:17.046673+0700,103.195.142.74,118.98.44.20,41067,53,UDP,dns,,1607836498786355,wire/pcap,0,0,0,0,0,0.0,0,0,0,none,0,none,0,0,0,no_alert_unknown,no_alert_not_final_benign,-1,dns,port
2025-07-19T23:03:17.053846+0700,103.195.142.74,118.98.44.20,52934,53,UDP,dns,,1638644629606415,wire/pcap,0,0,0,0,0,0.0,0,0,0,none,0,none,0,0,0,no_alert_unknown,no_alert_not_final_benign,-1,dns,port
2025-07-19T23:03:17.053961+0700,103.195.142.74,118.98.44.100,13784,53,UDP,dns,,1639138464961291,wire/pcap,0,0,0,0,0,0.0,0,0,0,none,0,none,0,0,0,no_alert_unknown,no_alert_not_final_benign,-1,dns,port
2025-07-19T23:03:17.065460+0700,103.195.142.74,202.134.0.155,22357,53,UDP,dns,,1688525355311134,wire/pcap,0,0,0,0,0,0.0,0,0,0,none,0,none,0,0,0,no_alert_unknown,no_alert_not_final_benign,-1,dns,port
2025-07-19T23:03:17.067710+0700,103.195.142.74,118.98.44.50,15005,53,UDP,dns,,1416716191904570,wire/pcap,0,0,0,0,0,0.0,0,0,0,none,0,none,0,0,0,no_alert_unknown,no_alert_not_final_benign,-1,dns,port
2025-07-19T23:03:17.077850+0700,103.195.142.74,202.134.0.155,48983,53,UDP,dns,,1460267059021383,wire/pcap,0,0,0,0,0,0.0,0,0,0,none,0,none,0,0,0,no_alert_unknown,no_alert_not_final_benign,-1,dns,port
2025-07-19T23:03:17.087087+0700,103.195.142.75,8.8.8.8,10532,53,UDP,dns,,1499937480375737,wire/pcap,0,0,0,0,0,0.0,0,0,0,none,0,none,0,0,0,no_alert_unknown,no_alert_not_final_benign,-1,dns,port
2025-07-19T23:03:17.092347+0700,103.195.142.74,202.134.0.155,54828,53,UDP,dns,,1522528881840154,wire/pcap,0,0,0,0,0,0.0,0,0,0,none,0,none,0,0,0,no_alert_unknown,no_alert_not_final_benign,-1,dns,port
2025-07-19T23:03:17.092859+0700,103.195.142.74,118.98.44.50,64531,53,UDP,dns,,1524727819109215,wire/pcap,0,0,0,0,0,0.0,0,0,0,none,0,none,0,0,0,no_alert_unknown,no_alert_not_final_benign,-1,dns,port
2025-07-19T23:03:17.100319+0700,103.195.142.74,118.98.44.100,39125,53,UDP,dns,,1556770743959785,wire/pcap,0,0,0,0,0,0.0,0,0,0,none,0,none,0,0,0,no_alert_unknown,no_alert_not_final_benign,-1,dns,port
2025-07-19T23:03:17.100834+0700,103.195.142.75,8.8.8.8,53216,53,UDP,dns,,1558978856267682,wire/pcap,0,0,0,0,0,0.0,0,0,0,none,0,none,0,0,0,no_alert_unknown,no_alert_not_final_benign,-1,dns,port
2025-07-19T23:03:17.129131+0700,103.195.142.74,118.98.44.50,46124,53,UDP,dns,,1680517582524293,wire/pcap,0,0,0,0,0,0.0,0,0,0,none,0,none,0,0,0,no_alert_unknown,no_alert_not_final_benign,-1,dns,port
2025-07-19T23:03:17.141955+0700,103.195.142.74,118.98.44.20,14217,53,UDP,dns,,1454118357848198,wire/pcap,0,0,0,0,0,0.0,0,0,0,none,0,none,0,0,0,no_alert_unknown,no_alert_not_final_benign,-1,dns,port
2025-07-19T23:03:17.151300+0700,103.195.142.74,118.98.44.20,17787,53,UDP,dns,,1494254268300532,wire/pcap,0,0,0,0,0,0.0,0,0,0,none,0,none,0,0,0,no_alert_unknown,no_alert_not_final_benign,-1,dns,port
2025-07-19T23:03:17.160662+0700,103.195.142.75,8.8.8.8,21305,53,UDP,dns,,1534465500623786,wire/pcap,0,0,0,0,0,0.0,0,0,0,none,0,none,0,0,0,no_alert_unknown,no_alert_not_final_benign,-1,dns,port
2025-07-19T23:03:17.180527+0700,103.195.142.74,118.98.44.100,18528,53,UDP,dns,,1619784380776684,wire/pcap,0,0,0,0,0,0.0,0,0,0,none,0,none,0,0,0,no_alert_unknown,no_alert_not_final_benign,-1,dns,port
2025-07-19T23:03:17.200622+0700,103.195.142.75,8.8.8.8,51356,53,UDP,dns,,1424617277795028,wire/pcap,0,0,0,0,0,0.0,0,0,0,none,0,none,0,0,0,no_alert_unknown,no_alert_not_final_benign,-1,dns,port
2025-07-19T23:03:17.207309+0700,103.195.142.75,8.8.8.8,57940,53,UDP,flow,dns,1700101068673885,,1,1,0,223,0,0.0,1,223,0,none,0,none,0,0,0,no_alert_unknown,no_alert_not_final_benign,-1,dns,app_proto+port
2025-07-19T23:03:17.219487+0700,103.195.142.74,118.98.44.50,57425,53,UDP,dns,,1505642986529391,wire/pcap,0,0,0,0,0,0.0,0,0,0,none,0,none,0,0,0,no_alert_unknown,no_alert_not_final_benign,-1,dns,port
2025-07-19T23:03:17.219610+0700,103.195.142.75,8.8.8.8,2861,53,UDP,dns,,1506170426317087,wire/pcap,0,0,0,0,0,0.0,0,0,0,none,0,none,0,0,0,no_alert_unknown,no_alert_not_final_benign,-1,dns,port
2025-07-19T23:03:17.235935+0700,103.195.142.74,118.98.44.20,50786,53,UDP,dns,,1576284734723428,wire/pcap,0,0,0,0,0,0.0,0,0,0,none,0,none,0,0,0,no_alert_unknown,no_alert_not_final_benign,-1,dns,port
2025-07-19T23:03:17.241810+0700,103.195.142.74,118.98.44.20,49524,53,UDP,dns,,1601519971593487,wire/pcap,0,0,0,0,0,0.0,0,0,0,none,0,none,0,0,0,no_alert_unknown,no_alert_not_final_benign,-1,dns,port
2025-07-19T23:03:17.262641+0700,103.195.142.74,118.98.44.100,63749,53,UDP,dns,,1409512175070374,wire/pcap,0,0,0,0,0,0.0,0,0,0,none,0,none,0,0,0,no_alert_unknown,no_alert_not_final_benign,-1,dns,port
2025-07-19T23:03:17.262733+0700,103.195.142.74,118.98.44.50,22063,53,UDP,dns,,1409904864375989,wire/pcap,0,0,0,0,0,0.0,0,0,0,none,0,none,0,0,0,no_alert_unknown,no_alert_not_final_benign,-1,dns,port
2025-07-19T23:03:17.267556+0700,103.195.142.74,118.98.44.20,44771,53,UDP,flow,dns,1324469418552005,,1,1,0,132,0,0.0,1,132,0,none,0,none,0,0,0,no_alert_unknown,no_alert_not_final_benign,-1,dns,app_proto+port
2025-07-19T23:03:17.276875+0700,103.195.142.74,118.98.44.50,56782,53,UDP,dns,,1470646194430930,wire/pcap,0,0,0,0,0,0.0,0,0,0,none,0,none,0,0,0,no_alert_unknown,no_alert_not_final_benign,-1,dns,port
2025-07-19T23:03:17.277089+0700,103.195.142.74,118.98.44.20,60239,53,UDP,dns,,1471565240879707,wire/pcap,0,0,0,0,0,0.0,0,0,0,none,0,none,0,0,0,no_alert_unknown,no_alert_not_final_benign,-1,dns,port
2025-07-19T23:03:17.291451+0700,103.195.142.74,118.98.44.50,29493,53,UDP,dns,,1533248621951358,wire/pcap,0,0,0,0,0,0.0,0,0,0,none,0,none,0,0,0,no_alert_unknown,no_alert_not_final_benign,-1,dns,port
2025-07-19T23:03:17.294885+0700,103.195.142.74,69.39.238.36,50162,53,UDP,dns,,1547999768730682,wire/pcap,0,0,0,0,0,0.0,0,0,0,none,0,none,0,0,0,no_alert_unknown,no_alert_not_final_benign,-1,dns,port
2025-07-19T23:03:17.304595+0700,103.195.142.74,202.134.0.155,64645,53,UDP,dns,,1589700656807788,wire/pcap,0,0,0,0,0,0.0,0,0,0,none,0,none,0,0,0,no_alert_unknown,no_alert_not_final_benign,-1,dns,port
2025-07-19T23:03:17.311414+0700,103.195.142.74,118.98.44.20,53965,53,UDP,dns,,1618991634754614,wire/pcap,0,0,0,0,0,0.0,0,0,0,none,0,none,0,0,0,no_alert_unknown,no_alert_not_final_benign,-1,dns,port
2025-07-19T23:03:17.313804+0700,103.195.142.74,118.98.44.20,61154,53,UDP,dns,,1629255617393815,wire/pcap,0,0,0,0,0,0.0,0,0,0,none,0,none,0,0,0,no_alert_unknown,no_alert_not_final_benign,-1,dns,port
2025-07-19T23:03:17.315513+0700,103.195.142.74,69.39.238.36,42213,53,UDP,dns,,1636593967249629,wire/pcap,0,0,0,0,0,0.0,0,0,0,none,0,none,0,0,0,no_alert_unknown,no_alert_not_final_benign,-1,dns,port
2025-07-19T23:03:17.343375+0700,103.195.142.74,118.98.44.50,33522,53,UDP,dns,,1474787977444340,wire/pcap,0,0,0,0,0,0.0,0,0,0,none,0,none,0,0,0,no_alert_unknown,no_alert_not_final_benign,-1,dns,port
2025-07-19T23:03:17.351452+0700,103.195.142.74,118.98.44.20,2395,53,UDP,dns,,1509477448531325,wire/pcap,0,0,0,0,0,0.0,0,0,0,none,0,none,0,0,0,no_alert_unknown,no_alert_not_final_benign,-1,dns,port
2025-07-19T23:03:17.355310+0700,103.195.142.46,87.98.154.215,53,27556,UDP,flow,failed,1722765011626672,,1,1,0,1437,0,0.0,1,1437,0,none,0,none,0,0,0,no_alert_unknown,no_alert_not_final_benign,-1,dns,port
2025-07-19T23:03:17.363993+0700,103.195.142.75,8.8.8.8,50747,53,UDP,dns,,1563338467141501,wire/pcap,0,0,0,0,0,0.0,0,0,0,none,0,none,0,0,0,no_alert_unknown,no_alert_not_final_benign,-1,dns,port
2025-07-19T23:03:17.386318+0700,103.195.142.74,118.98.44.50,58730,53,UDP,dns,,1659224811231931,wire/pcap,0,0,0,0,0,0.0,0,0,0,none,0,none,0,0,0,no_alert_unknown,no_alert_not_final_benign,-1,dns,port
2025-07-19T23:03:17.386459+0700,103.195.142.75,8.8.8.8,1985,53,UDP,dns,,1659832169334473,wire/pcap,0,0,0,0,0,0.0,0,0,0,none,0,none,0,0,0,no_alert_unknown,no_alert_not_final_benign,-1,dns,port
2025-07-19T23:03:17.387305+0700,103.195.142.74,118.98.44.20,3935,53,UDP,dns,,1663462657728053,wire/pcap,0,0,0,0,0,0.0,0,0,0,none,0,none,0,0,0,no_alert_unknown,no_alert_not_final_benign,-1,dns,port
2025-07-19T23:03:17.392073+0700,103.195.142.74,118.98.44.50,17996,53,UDP,dns,,1683942482931203,wire/pcap,0,0,0,0,0,0.0,0,0,0,none,0,none,0,0,0,no_alert_unknown,no_alert_not_final_benign,-1,dns,port
2025-07-19T23:03:17.400914+0700,103.195.142.74,118.98.44.20,39204,53,UDP,dns,,1440441210197179,wire/pcap,0,0,0,0,0,0.0,0,0,0,none,0,none,0,0,0,no_alert_unknown,no_alert_not_final_benign,-1,dns,port
2025-07-19T23:03:17.425129+0700,103.195.142.74,118.98.44.100,33812,53,UDP,dns,,1544441607982885,wire/pcap,0,0,0,0,0,0.0,0,0,0,none,0,none,0,0,0,no_alert_unknown,no_alert_not_final_benign,-1,dns,port
2025-07-19T23:03:17.445893+0700,103.195.142.75,8.8.8.8,15338,53,UDP,dns,,1633621656930848,wire/pcap,0,0,0,0,0,0.0,0,0,0,none,0,none,0,0,0,no_alert_unknown,no_alert_not_final_benign,-1,dns,port
2025-07-19T23:03:17.463077+0700,103.195.142.74,118.98.44.50,5215,53,UDP,dns,,1425951908951666,wire/pcap,0,0,0,0,0,0.0,0,0,0,none,0,none,0,0,0,no_alert_unknown,no_alert_not_final_benign,-1,dns,port
2025-07-19T23:03:17.468374+0700,103.195.142.74,118.98.44.20,57795,53,UDP,dns,,1448704541056487,wire/pcap,0,0,0,0,0,0.0,0,0,0,none,0,none,0,0,0,no_alert_unknown,no_alert_not_final_benign,-1,dns,port
2025-07-19T23:03:17.474194+0700,103.195.142.74,118.98.44.50,44257,53,UDP,dns,,1473698552711308,wire/pcap,0,0,0,0,0,0.0,0,0,0,none,0,none,0,0,0,no_alert_unknown,no_alert_not_final_benign,-1,dns,port
2025-07-19T23:03:17.487846+0700,103.195.142.74,202.134.0.155,59304,53,UDP,dns,,1532334318662739,wire/pcap,0,0,0,0,0,0.0,0,0,0,none,0,none,0,0,0,no_alert_unknown,no_alert_not_final_benign,-1,dns,port
2025-07-19T23:03:17.497404+0700,103.195.142.74,118.98.44.20,62042,53,UDP,dns,,1573387316343121,wire/pcap,0,0,0,0,0,0.0,0,0,0,none,0,none,0,0,0,no_alert_unknown,no_alert_not_final_benign,-1,dns,port
2025-07-19T23:03:17.497982+0700,103.195.142.74,202.134.0.155,7856,53,UDP,dns,,1575867682736827,wire/pcap,0,0,0,0,0,0.0,0,0,0,none,0,none,0,0,0,no_alert_unknown,no_alert_not_final_benign,-1,dns,port
2025-07-19T23:03:17.498057+0700,103.195.142.74,118.98.44.50,16766,53,UDP,dns,,1576192602196732,wire/pcap,0,0,0,0,0,0.0,0,0,0,none,0,none,0,0,0,no_alert_unknown,no_alert_not_final_benign,-1,dns,port
2025-07-19T23:03:17.501615+0700,103.195.142.74,118.98.44.20,3771,53,UDP,dns,,1591470075746359,wire/pcap,0,0,0,0,0,0.0,0,0,0,none,0,none,0,0,0,no_alert_unknown,no_alert_not_final_benign,-1,dns,port
2025-07-19T23:03:17.504747+0700,103.195.142.74,185.67.45.231,37348,53,UDP,dns,,1604923139740670,wire/pcap,0,0,0,0,0,0.0,0,0,0,none,0,none,0,0,0,no_alert_unknown,no_alert_not_final_benign,-1,dns,port
2025-07-19T23:03:17.540065+0700,103.195.142.75,8.8.8.8,20641,53,UDP,dns,,1475137454592403,wire/pcap,0,0,0,0,0,0.0,0,0,0,none,0,none,0,0,0,no_alert_unknown,no_alert_not_final_benign,-1,dns,port
2025-07-19T23:03:17.540484+0700,103.195.142.74,202.134.0.155,43457,53,UDP,dns,,1476937209588584,wire/pcap,0,0,0,0,0,0.0,0,0,0,none,0,none,0,0,0,no_alert_unknown,no_alert_not_final_benign,-1,dns,port
2025-07-19T23:03:17.550806+0700,103.195.142.74,118.98.44.50,55577,53,UDP,dns,,1521270882663719,wire/pcap,0,0,0,0,0,0.0,0,0,0,none,0,none,0,0,0,no_alert_unknown,no_alert_not_final_benign,-1,dns,port
2025-07-19T23:03:17.555914+0700,103.195.142.74,118.98.44.50,37750,53,UDP,dns,,1543210629673000,wire/pcap,0,0,0,0,0,0.0,0,0,0,none,0,none,0,0,0,no_alert_unknown,no_alert_not_final_benign,-1,dns,port
2025-07-19T23:03:17.557851+0700,103.195.142.74,50.28.102.86,56965,53,UDP,dns,,1551527499480929,wire/pcap,0,0,0,0,0,0.0,0,0,0,none,0,none,0,0,0,no_alert_unknown,no_alert_not_final_benign,-1,dns,port
2025-07-19T23:03:17.566327+0700,103.195.142.74,118.98.44.100,33053,53,UDP,flow,dns,1895848968575001,,1,1,0,89,0,0.0,1,89,0,none,0,none,0,0,0,no_alert_unknown,no_alert_not_final_benign,-1,dns,app_proto+port
2025-07-19T23:03:17.572932+0700,103.195.142.75,8.8.8.8,17972,53,UDP,dns,,1616299418128756,wire/pcap,0,0,0,0,0,0.0,0,0,0,none,0,none,0,0,0,no_alert_unknown,no_alert_not_final_benign,-1,dns,port
2025-07-19T23:03:17.590000+0700,103.195.142.74,118.98.44.100,50497,53,UDP,dns,,1408133742609988,wire/pcap,0,0,0,0,0,0.0,0,0,0,none,0,none,0,0,0,no_alert_unknown,no_alert_not_final_benign,-1,dns,port
2025-07-19T23:03:17.606324+0700,103.195.142.74,202.134.0.155,22260,53,UDP,dns,,1478243945655365,wire/pcap,0,0,0,0,0,0.0,0,0,0,none,0,none,0,0,0,no_alert_unknown,no_alert_not_final_benign,-1,dns,port
2025-07-19T23:03:17.606443+0700,103.195.142.74,118.98.44.20,6433,53,UDP,dns,,1478757188104976,wire/pcap,0,0,0,0,0,0.0,0,0,0,none,0,none,0,0,0,no_alert_unknown,no_alert_not_final_benign,-1,dns,port
2025-07-19T23:03:17.607105+0700,103.195.142.74,118.98.44.20,48507,53,UDP,dns,,1481597013841325,wire/pcap,0,0,0,0,0,0.0,0,0,0,none,0,none,0,0,0,no_alert_unknown,no_alert_not_final_benign,-1,dns,port
2025-07-19T23:03:17.610077+0700,103.195.142.74,118.98.44.20,57152,53,UDP,dns,,1494364276701185,wire/pcap,0,0,0,0,0,0.0,0,0,0,none,0,none,0,0,0,no_alert_unknown,no_alert_not_final_benign,-1,dns,port
2025-07-19T23:03:17.610177+0700,103.195.142.75,8.8.8.8,16035,53,UDP,dns,,1494792908276890,wire/pcap,0,0,0,0,0,0.0,0,0,0,none,0,none,0,0,0,no_alert_unknown,no_alert_not_final_benign,-1,dns,port
2025-07-19T23:03:17.615997+0700,103.195.142.75,8.8.8.8,7167,53,UDP,dns,,1519789757882150,wire/pcap,0,0,0,0,0,0.0,0,0,0,none,0,none,0,0,0,no_alert_unknown,no_alert_not_final_benign,-1,dns,port
2025-07-19T23:03:17.618254+0700,103.195.142.75,8.8.8.8,13737,53,UDP,dns,,1529484280231333,wire/pcap,0,0,0,0,0,0.0,0,0,0,none,0,none,0,0,0,no_alert_unknown,no_alert_not_final_benign,-1,dns,port
2025-07-19T23:03:17.618394+0700,103.195.142.74,118.98.44.50,55815,53,UDP,dns,,1530082426140330,wire/pcap,0,0,0,0,0,0.0,0,0,0,none,0,none,0,0,0,no_alert_unknown,no_alert_not_final_benign,-1,dns,port
2025-07-19T23:03:17.618393+0700,103.195.142.74,118.98.44.20,44660,53,UDP,dns,,1530081040396558,wire/pcap,0,0,0,0,0,0.0,0,0,0,none,0,none,0,0,0,no_alert_unknown,no_alert_not_final_benign,-1,dns,port
2025-07-19T23:03:17.628949+0700,103.195.142.74,118.98.44.50,60906,53,UDP,dns,,1575416825783570,wire/pcap,0,0,0,0,0,0.0,0,0,0,none,0,none,0,0,0,no_alert_unknown,no_alert_not_final_benign,-1,dns,port
2025-07-19T23:03:17.629141+0700,103.195.142.74,202.134.0.155,29332,53,UDP,dns,,1576244265450980,wire/pcap,0,0,0,0,0,0.0,0,0,0,none,0,none,0,0,0,no_alert_unknown,no_alert_not_final_benign,-1,dns,port
2025-07-19T23:03:17.639460+0700,103.195.142.74,118.98.44.100,46561,53,UDP,dns,,1620562024402441,wire/pcap,0,0,0,0,0,0.0,0,0,0,none,0,none,0,0,0,no_alert_unknown,no_alert_not_final_benign,-1,dns,port
2025-07-19T23:03:17.659436+0700,103.195.142.74,118.98.44.100,59225,53,UDP,dns,,1424882202676690,wire/pcap,0,0,0,0,0,0.0,0,0,0,none,0,none,0,0,0,no_alert_unknown,no_alert_not_final_benign,-1,dns,port
2025-07-19T23:03:17.697600+0700,103.195.142.74,118.98.44.100,13146,53,UDP,dns,,1588796912670318,wire/pcap,0,0,0,0,0,0.0,0,0,0,none,0,none,0,0,0,no_alert_unknown,no_alert_not_final_benign,-1,dns,port
2025-07-19T23:03:17.707125+0700,103.195.142.74,118.98.44.20,56451,53,UDP,dns,,1629705794094137,wire/pcap,0,0,0,0,0,0.0,0,0,0,none,0,none,0,0,0,no_alert_unknown,no_alert_not_final_benign,-1,dns,port
2025-07-19T23:03:17.707406+0700,103.195.142.2,212.65.140.147,53,64618,UDP,flow,failed,1598286420049455,,1,1,0,136,0,0.0,1,136,0,none,0,none,0,0,0,no_alert_unknown,no_alert_not_final_benign,-1,dns,port
2025-07-19T23:03:17.707482+0700,103.195.142.109,87.98.154.119,53,17231,UDP,flow,failed,1559023606038071,,1,1,0,1437,0,0.0,1,1437,0,none,0,none,0,0,0,no_alert_unknown,no_alert_not_final_benign,-1,dns,port
2025-07-19T23:03:17.707507+0700,103.195.142.83,87.98.154.119,53,27073,UDP,flow,failed,1469038642396748,,1,1,0,1190,0,0.0,1,1190,0,none,0,none,0,0,0,no_alert_unknown,no_alert_not_final_benign,-1,dns,port
2025-07-19T23:03:17.707627+0700,103.195.142.74,118.98.44.50,13718,53,UDP,flow,dns,338274159820633,,1,1,0,211,0,0.0,1,211,0,none,0,none,0,0,0,no_alert_unknown,no_alert_not_final_benign,-1,dns,app_proto+port
2025-07-19T23:03:17.707656+0700,103.195.142.76,87.98.154.126,53,7907,UDP,flow,failed,1423677430628191,,1,1,0,1469,0,0.0,1,1469,0,none,0,none,0,0,0,no_alert_unknown,no_alert_not_final_benign,-1,dns,port
2025-07-19T23:03:17.707675+0700,103.195.142.46,87.98.154.119,53,3616,UDP,flow,failed,1670715296841585,,1,1,0,1437,0,0.0,1,1437,0,none,0,none,0,0,0,no_alert_unknown,no_alert_not_final_benign,-1,dns,port
2025-07-19T23:03:17.707694+0700,103.195.142.75,8.8.8.8,21213,53,UDP,flow,dns,1941291375198115,,1,2,0,288,0,5.0,2,288,0,none,0,none,0,0,0,no_alert_unknown,no_alert_not_final_benign,-1,dns,app_proto+port
2025-07-19T23:03:17.707714+0700,103.195.142.165,87.98.154.119,53,12515,UDP,flow,failed,1274103284760552,,1,1,0,1437,0,0.0,1,1437,0,none,0,none,0,0,0,no_alert_unknown,no_alert_not_final_benign,-1,dns,port
2025-07-19T23:03:17.707733+0700,103.195.142.165,87.98.154.119,53,38289,UDP,flow,failed,1084509489528831,,1,1,0,1437,0,0.0,1,1437,0,none,0,none,0,0,0,no_alert_unknown,no_alert_not_final_benign,-1,dns,port
2025-07-19T23:03:17.707771+0700,103.195.142.196,87.98.154.81,53,24990,UDP,flow,failed,1354812838313993,,1,1,0,1437,0,0.0,1,1437,0,none,0,none,0,0,0,no_alert_unknown,no_alert_not_final_benign,-1,dns,port
2025-07-19T23:03:17.707824+0700,103.195.142.3,209.126.70.51,53,54601,UDP,flow,failed,1028754521980949,,1,1,0,175,0,0.0,1,175,0,none,0,none,0,0,0,no_alert_unknown,no_alert_not_final_benign,-1,dns,port
2025-07-19T23:03:17.707871+0700,103.195.142.165,87.98.154.119,53,30790,UDP,flow,failed,1155698166071333,,1,1,0,1437,0,0.0,1,1437,0,none,0,none,0,0,0,no_alert_unknown,no_alert_not_final_benign,-1,dns,port
2025-07-19T23:03:17.707894+0700,103.195.142.74,118.98.44.50,41323,53,UDP,flow,dns,1605736018804811,,1,2,0,474,0,6.0,2,474,0,none,0,none,0,0,0,no_alert_unknown,no_alert_not_final_benign,-1,dns,app_proto+port
2025-07-19T23:03:17.707991+0700,103.195.142.74,118.98.44.20,26516,53,UDP,flow,dns,843110744195175,,1,1,0,85,0,0.0,1,85,0,none,0,none,0,0,0,no_alert_unknown,no_alert_not_final_benign,-1,dns,app_proto+port
2025-07-19T23:03:17.708038+0700,103.195.142.46,87.98.154.119,53,53677,UDP,flow,failed,572391900315839,,1,1,0,1437,0,0.0,1,1437,0,none,0,none,0,0,0,no_alert_unknown,no_alert_not_final_benign,-1,dns,port
2025-07-19T23:03:17.708057+0700,103.195.142.83,87.98.154.14,53,1041,UDP,flow,failed,1364992916455621,,1,1,0,1190,0,0.0,1,1190,0,none,0,none,0,0,0,no_alert_unknown,no_alert_not_final_benign,-1,dns,port
2025-07-19T23:03:17.708081+0700,103.195.142.83,87.98.154.70,53,63743,UDP,flow,failed,427560410284234,,1,1,0,1190,0,0.0,1,1190,0,none,0,none,0,0,0,no_alert_unknown,no_alert_not_final_benign,-1,dns,port
2025-07-19T23:03:17.708116+0700,103.195.142.75,8.8.8.8,63607,53,UDP,flow,dns,2207480038686925,,1,2,0,450,0,4.0,2,450,0,none,0,none,0,0,0,no_alert_unknown,no_alert_not_final_benign,-1,dns,app_proto+port
2025-07-19T23:03:17.708184+0700,103.195.142.83,87.98.154.117,53,16122,UDP,flow,failed,801517454295353,,1,1,0,1190,0,0.0,1,1190,0,none,0,none,0,0,0,no_alert_unknown,no_alert_not_final_benign,-1,dns,port
2025-07-19T23:03:17.708202+0700,103.195.142.74,202.134.0.155,37600,53,UDP,flow,dns,1467012422500676,,1,1,0,243,0,0.0,1,243,0,none,0,none,0,0,0,no_alert_unknown,no_alert_not_final_benign,-1,dns,app_proto+port
2025-07-19T23:03:17.708223+0700,103.195.142.165,87.98.154.145,53,6425,UDP,flow,failed,1656167805682060,,1,1,0,1437,0,0.0,1,1437,0,none,0,none,0,0,0,no_alert_unknown,no_alert_not_final_benign,-1,dns,port
2025-07-19T23:03:17.708275+0700,103.195.142.75,8.8.8.8,56939,53,UDP,flow,dns,1513552490136171,,1,1,0,78,0,0.0,1,78,0,none,0,none,0,0,0,no_alert_unknown,no_alert_not_final_benign,-1,dns,app_proto+port
2025-07-19T23:03:17.708331+0700,103.195.142.76,87.98.154.46,53,34549,UDP,flow,failed,1063000905941678,,1,1,0,1469,0,0.0,1,1469,0,none,0,none,0,0,0,no_alert_unknown,no_alert_not_final_benign,-1,dns,port
2025-07-19T23:03:17.708405+0700,103.195.142.76,87.98.154.118,53,46517,UDP,flow,failed,947631839838945,,1,1,0,1469,0,0.0,1,1469,0,none,0,none,0,0,0,no_alert_unknown,no_alert_not_final_benign,-1,dns,port
2025-07-19T23:03:17.708439+0700,103.195.142.83,87.98.154.242,53,17374,UDP,flow,failed,1132865059357470,,1,1,0,1190,0,0.0,1,1190,0,none,0,none,0,0,0,no_alert_unknown,no_alert_not_final_benign,-1,dns,port
2025-07-19T23:03:17.708489+0700,103.195.142.196,87.98.154.119,53,30407,UDP,flow,failed,1674127301542698,,1,1,0,1437,0,0.0,1,1437,0,none,0,none,0,0,0,no_alert_unknown,no_alert_not_final_benign,-1,dns,port
2025-07-19T23:03:17.708511+0700,103.195.142.83,87.98.154.214,53,22416,UDP,flow,failed,1235200436863809,,1,1,0,1190,0,0.0,1,1190,0,none,0,none,0,0,0,no_alert_unknown,no_alert_not_final_benign,-1,dns,port
2025-07-19T23:03:17.708533+0700,103.195.142.195,87.98.154.144,53,28164,UDP,flow,failed,729158090621845,,1,1,0,1437,0,0.0,1,1437,0,none,0,none,0,0,0,no_alert_unknown,no_alert_not_final_benign,-1,dns,port
2025-07-19T23:03:17.708552+0700,103.195.142.196,87.98.154.119,53,46257,UDP,flow,failed,919359806374848,,1,1,0,1437,0,0.0,1,1437,0,none,0,none,0,0,0,no_alert_unknown,no_alert_not_final_benign,-1,dns,port
2025-07-19T23:03:17.708572+0700,103.195.142.195,87.98.154.24,53,59992,UDP,flow,failed,1669057800766502,,1,1,0,1437,0,0.0,1,1437,0,none,0,none,0,0,0,no_alert_unknown,no_alert_not_final_benign,-1,dns,port
2025-07-19T23:03:17.708619+0700,103.195.142.74,118.98.44.100,50149,53,UDP,flow,dns,1083566618248241,,1,1,0,88,0,0.0,1,88,0,none,0,none,0,0,0,no_alert_unknown,no_alert_not_final_benign,-1,dns,app_proto+port
2025-07-19T23:03:17.708656+0700,103.195.142.3,172.217.43.152,53,43876,UDP,flow,failed,735668394460215,,1,1,0,172,0,0.0,1,172,0,none,0,none,0,0,0,no_alert_unknown,no_alert_not_final_benign,-1,dns,port
2025-07-19T23:03:17.708714+0700,103.195.142.76,87.98.154.119,53,64373,UDP,flow,failed,1355155183764664,,1,1,0,1469,0,0.0,1,1469,0,none,0,none,0,0,0,no_alert_unknown,no_alert_not_final_benign,-1,dns,port
2025-07-19T23:03:17.708732+0700,103.195.142.75,8.8.8.8,45972,53,UDP,flow,dns,541494158689471,,1,1,0,76,0,0.0,1,76,0,none,0,none,0,0,0,no_alert_unknown,no_alert_not_final_benign,-1,dns,app_proto+port
2025-07-19T23:03:17.708755+0700,103.195.142.74,202.134.0.155,39920,53,UDP,flow,dns,696450724594896,,1,1,0,111,0,0.0,1,111,0,none,0,none,0,0,0,no_alert_unknown,no_alert_not_final_benign,-1,dns,app_proto+port
2025-07-19T23:03:17.708903+0700,103.195.142.74,118.98.44.20,26108,53,UDP,flow,dns,689362206655809,,1,1,0,214,0,0.0,1,214,0,none,0,none,0,0,0,no_alert_unknown,no_alert_not_final_benign,-1,dns,app_proto+port
2025-07-19T23:03:17.708928+0700,103.195.142.74,185.67.45.232,39844,53,UDP,flow,dns,505442665956696,,1,1,0,85,0,0.0,1,85,0,none,0,none,0,0,0,no_alert_unknown,no_alert_not_final_benign,-1,dns,app_proto+port
2025-07-19T23:03:17.708960+0700,103.195.142.195,87.98.154.119,53,26873,UDP,flow,failed,1054094722008449,,1,1,0,1437,0,0.0,1,1437,0,none,0,none,0,0,0,no_alert_unknown,no_alert_not_final_benign,-1,dns,port
2025-07-19T23:03:17.708982+0700,103.195.142.74,118.98.44.50,24769,53,UDP,flow,dns,1123950774257056,,1,2,0,204,0,8.0,2,204,0,none,0,none,0,0,0,no_alert_unknown,no_alert_not_final_benign,-1,dns,app_proto+port
2025-07-19T23:03:17.709004+0700,103.195.142.83,87.98.154.119,53,51159,UDP,flow,failed,1479120794944952,,1,1,0,1190,0,0.0,1,1190,0,none,0,none,0,0,0,no_alert_unknown,no_alert_not_final_benign,-1,dns,port
2025-07-19T23:03:17.709028+0700,103.195.142.196,87.98.154.53,53,25711,UDP,flow,failed,49365050131911,,1,3,0,4311,0,10.0,3,4311,0,none,0,none,0,0,0,no_alert_unknown,no_alert_not_final_benign,-1,dns,port
2025-07-19T23:03:17.709066+0700,103.195.142.74,202.134.0.155,34415,53,UDP,flow,dns,1635467511399962,,1,1,0,74,0,0.0,1,74,0,none,0,none,0,0,0,no_alert_unknown,no_alert_not_final_benign,-1,dns,app_proto+port
2025-07-19T23:03:17.709086+0700,103.195.142.3,172.217.32.153,53,53791,UDP,flow,failed,1583547026638454,,1,1,0,158,0,0.0,1,158,0,none,0,none,0,0,0,no_alert_unknown,no_alert_not_final_benign,-1,dns,port
2025-07-19T23:03:17.709118+0700,103.195.142.74,202.134.0.155,55047,53,UDP,flow,dns,1666217630828225,,1,1,0,80,0,0.0,1,80,0,none,0,none,0,0,0,no_alert_unknown,no_alert_not_final_benign,-1,dns,app_proto+port
2025-07-19T23:03:17.709208+0700,103.195.142.196,87.98.154.197,53,19089,UDP,flow,failed,1092758248425301,,1,3,0,4311,0,10.0,3,4311,0,none,0,none,0,0,0,no_alert_unknown,no_alert_not_final_benign,-1,dns,port
2025-07-19T23:03:17.709239+0700,103.195.142.76,87.98.154.118,53,50238,UDP,flow,failed,610097704339353,,1,1,0,1469,0,0.0,1,1469,0,none,0,none,0,0,0,no_alert_unknown,no_alert_not_final_benign,-1,dns,port
2025-07-19T23:03:17.709258+0700,103.195.142.83,87.98.154.119,53,53983,UDP,flow,failed,1164468645267366,,1,1,0,1190,0,0.0,1,1190,0,none,0,none,0,0,0,no_alert_unknown,no_alert_not_final_benign,-1,dns,port
2025-07-19T23:03:17.709276+0700,103.195.142.76,87.98.154.18,53,64367,UDP,flow,failed,1976997868603337,,1,3,0,4407,0,10.0,3,4407,0,none,0,none,0,0,0,no_alert_unknown,no_alert_not_final_benign,-1,dns,port
2025-07-19T23:03:17.709352+0700,103.195.142.83,87.98.154.14,53,39529,UDP,flow,failed,466753111722116,,1,1,0,1190,0,0.0,1,1190,0,none,0,none,0,0,0,no_alert_unknown,no_alert_not_final_benign,-1,dns,port
2025-07-19T23:03:17.709371+0700,103.195.142.76,87.98.154.162,53,38861,UDP,flow,failed,923226290194565,,1,1,0,1469,0,0.0,1,1469,0,none,0,none,0,0,0,no_alert_unknown,no_alert_not_final_benign,-1,dns,port
2025-07-19T23:03:17.709442+0700,103.195.142.74,118.98.44.100,24853,53,UDP,flow,dns,936080450062573,,1,1,0,87,0,0.0,1,87,0,none,0,none,0,0,0,no_alert_unknown,no_alert_not_final_benign,-1,dns,app_proto+port
2025-07-19T23:03:17.709507+0700,103.195.142.76,87.98.154.190,53,47246,UDP,flow,failed,591306976856343,,1,1,0,1469,0,0.0,1,1469,0,none,0,none,0,0,0,no_alert_unknown,no_alert_not_final_benign,-1,dns,port
2025-07-19T23:03:17.709582+0700,103.195.142.83,87.98.154.119,53,2176,UDP,flow,failed,1237208292198805,,1,1,0,1190,0,0.0,1,1190,0,none,0,none,0,0,0,no_alert_unknown,no_alert_not_final_benign,-1,dns,port
2025-07-19T23:03:17.709659+0700,103.195.142.196,87.98.154.119,53,51129,UDP,flow,failed,1430140662974988,,1,1,0,1437,0,0.0,1,1437,0,none,0,none,0,0,0,no_alert_unknown,no_alert_not_final_benign,-1,dns,port
2025-07-19T23:03:17.709696+0700,103.195.142.2,172.70.116.71,53,30932,UDP,flow,failed,393970168236620,,1,1,0,153,0,0.0,1,153,0,none,0,none,0,0,0,no_alert_unknown,no_alert_not_final_benign,-1,dns,port
2025-07-19T23:03:17.709762+0700,103.195.142.83,87.98.154.102,53,63423,UDP,flow,failed,1070694048008923,,1,1,0,1190,0,0.0,1,1190,0,none,0,none,0,0,0,no_alert_unknown,no_alert_not_final_benign,-1,dns,port
2025-07-19T23:03:17.709787+0700,103.195.142.109,87.98.154.119,53,41229,UDP,flow,failed,1665325802916575,,1,1,0,1437,0,0.0,1,1437,0,none,0,none,0,0,0,no_alert_unknown,no_alert_not_final_benign,-1,dns,port
2025-07-19T23:03:17.709813+0700,103.195.142.109,87.98.154.119,53,4707,UDP,flow,failed,485283952069347,,1,1,0,1437,0,0.0,1,1437,0,none,0,none,0,0,0,no_alert_unknown,no_alert_not_final_benign,-1,dns,port
2025-07-19T23:03:17.709837+0700,103.195.142.109,87.98.154.185,53,37345,UDP,flow,failed,1134562923580132,,1,1,0,1437,0,0.0,1,1437,0,none,0,none,0,0,0,no_alert_unknown,no_alert_not_final_benign,-1,dns,port
2025-07-19T23:03:17.709876+0700,103.195.142.195,87.98.154.108,53,60716,UDP,flow,failed,881573851368232,,1,1,0,1437,0,0.0,1,1437,0,none,0,none,0,0,0,no_alert_unknown,no_alert_not_final_benign,-1,dns,port
2025-07-19T23:03:17.709946+0700,103.195.142.74,118.98.44.50,61915,53,UDP,flow,dns,840200352172996,,1,1,0,87,0,0.0,1,87,0,none,0,none,0,0,0,no_alert_unknown,no_alert_not_final_benign,-1,dns,app_proto+port
2025-07-19T23:03:17.709990+0700,103.195.142.83,87.98.154.174,53,63706,UDP,flow,failed,1108434223303709,,1,1,0,1190,0,0.0,1,1190,0,none,0,none,0,0,0,no_alert_unknown,no_alert_not_final_benign,-1,dns,port
2025-07-19T23:03:17.710036+0700,103.195.142.74,118.98.44.100,43691,53,UDP,flow,dns,281682245454949,,1,1,0,77,0,0.0,1,77,0,none,0,none,0,0,0,no_alert_unknown,no_alert_not_final_benign,-1,dns,app_proto+port
2025-07-19T23:03:17.710121+0700,103.195.142.76,87.98.154.117,53,62399,UDP,flow,failed,1371366663195880,,1,1,0,1469,0,0.0,1,1469,0,none,0,none,0,0,0,no_alert_unknown,no_alert_not_final_benign,-1,dns,port
2025-07-19T23:03:17.710217+0700,103.195.142.165,87.98.154.119,53,8916,UDP,flow,failed,749082126650676,,1,1,0,1437,0,0.0,1,1437,0,none,0,none,0,0,0,no_alert_unknown,no_alert_not_final_benign,-1,dns,port
2025-07-19T23:03:17.710248+0700,103.195.142.74,202.134.0.155,55470,53,UDP,flow,dns,1439422862200132,,1,1,0,223,0,0.0,1,223,0,none,0,none,0,0,0,no_alert_unknown,no_alert_not_final_benign,-1,dns,app_proto+port
2025-07-19T23:03:17.710325+0700,103.195.142.74,50.28.102.86,28387,53,UDP,flow,dns,614473019690333,,1,1,0,85,0,0.0,1,85,0,none,0,none,0,0,0,no_alert_unknown,no_alert_not_final_benign,-1,dns,app_proto+port
2025-07-19T23:03:17.710357+0700,103.195.142.74,202.134.0.155,37096,53,UDP,flow,dns,1031529667562879,,1,1,0,80,0,0.0,1,80,0,none,0,none,0,0,0,no_alert_unknown,no_alert_not_final_benign,-1,dns,app_proto+port
2025-07-19T23:03:17.710379+0700,103.195.142.74,118.98.44.100,44039,53,UDP,flow,dns,1304437188398550,,1,1,0,88,0,0.0,1,88,0,none,0,none,0,0,0,no_alert_unknown,no_alert_not_final_benign,-1,dns,app_proto+port
2025-07-19T23:03:17.710420+0700,103.195.142.74,118.98.44.100,57105,53,UDP,flow,dns,1135367027494364,,1,1,0,211,0,0.0,1,211,0,none,0,none,0,0,0,no_alert_unknown,no_alert_not_final_benign,-1,dns,app_proto+port
2025-07-19T23:03:17.710492+0700,103.195.142.74,202.134.0.155,54300,53,UDP,flow,dns,962590895967755,,1,1,0,91,0,0.0,1,91,0,none,0,none,0,0,0,no_alert_unknown,no_alert_not_final_benign,-1,dns,app_proto+port
2025-07-19T23:03:17.710514+0700,103.195.142.46,87.98.154.131,53,36420,UDP,flow,failed,576791525330447,,1,3,0,4311,0,10.0,3,4311,0,none,0,none,0,0,0,no_alert_unknown,no_alert_not_final_benign,-1,dns,port
2025-07-19T23:03:17.710542+0700,103.195.142.76,87.98.154.18,53,41935,UDP,flow,failed,1467659786128934,,1,1,0,1469,0,0.0,1,1469,0,none,0,none,0,0,0,no_alert_unknown,no_alert_not_final_benign,-1,dns,port
2025-07-19T23:03:17.710576+0700,103.195.142.196,87.98.154.119,53,3026,UDP,flow,failed,829962588196397,,1,1,0,1437,0,0.0,1,1437,0,none,0,none,0,0,0,no_alert_unknown,no_alert_not_final_benign,-1,dns,port
2025-07-19T23:03:17.710621+0700,103.195.142.2,172.217.44.212,53,52357,UDP,flow,failed,1475081337966234,,1,1,0,225,0,0.0,1,225,0,none,0,none,0,0,0,no_alert_unknown,no_alert_not_final_benign,-1,dns,port
2025-07-19T23:03:17.710643+0700,103.195.142.74,118.98.44.50,60964,53,UDP,flow,dns,707582456368809,,1,1,0,74,0,0.0,1,74,0,none,0,none,0,0,0,no_alert_unknown,no_alert_not_final_benign,-1,dns,app_proto+port
2025-07-19T23:03:17.710712+0700,103.195.142.3,172.217.44.214,53,49876,UDP,flow,failed,376174281821950,,1,1,0,168,0,0.0,1,168,0,none,0,none,0,0,0,no_alert_unknown,no_alert_not_final_benign,-1,dns,port
2025-07-19T23:03:17.710742+0700,103.195.142.74,202.134.0.155,3714,53,UDP,flow,dns,1068204187848455,,1,1,0,211,0,0.0,1,211,0,none,0,none,0,0,0,no_alert_unknown,no_alert_not_final_benign,-1,dns,app_proto+port
2025-07-19T23:03:17.710892+0700,103.195.142.109,87.98.154.119,53,27645,UDP,flow,failed,1300904265977775,,1,1,0,1437,0,0.0,1,1437,0,none,0,none,0,0,0,no_alert_unknown,no_alert_not_final_benign,-1,dns,port
2025-07-19T23:03:17.710931+0700,103.195.142.3,200.24.128.98,53,43154,UDP,flow,failed,373344881414099,,1,1,0,208,0,0.0,1,208,0,none,0,none,0,0,0,no_alert_unknown,no_alert_not_final_benign,-1,dns,port
2025-07-19T23:03:17.710973+0700,103.195.142.195,87.98.154.119,53,45804,UDP,flow,failed,1578549020594132,,1,1,0,1437,0,0.0,1,1437,0,none,0,none,0,0,0,no_alert_unknown,no_alert_not_final_benign,-1,dns,port
2025-07-19T23:03:17.711079+0700,103.195.142.195,87.98.154.119,53,57927,UDP,flow,failed,1180755175149621,,1,1,0,1437,0,0.0,1,1437,0,none,0,none,0,0,0,no_alert_unknown,no_alert_not_final_benign,-1,dns,port
2025-07-19T23:03:17.711187+0700,103.195.142.165,87.98.154.229,53,19029,UDP,flow,failed,877527400779852,,1,1,0,1437,0,0.0,1,1437,0,none,0,none,0,0,0,no_alert_unknown,no_alert_not_final_benign,-1,dns,port
2025-07-19T23:03:17.711214+0700,103.195.142.2,172.253.211.27,53,64512,UDP,flow,failed,326496317411495,,1,1,0,223,0,0.0,1,223,0,none,0,none,0,0,0,no_alert_unknown,no_alert_not_final_benign,-1,dns,port
2025-07-19T23:03:17.711237+0700,103.195.142.75,45.79.197.241,42576,53,UDP,flow,dns,1357220694986923,,1,1,0,91,0,0.0,1,91,0,none,0,none,0,0,0,no_alert_unknown,no_alert_not_final_benign,-1,dns,app_proto+port
2025-07-19T23:03:17.711258+0700,103.195.142.165,87.98.154.119,53,29020,UDP,flow,failed,1557199122862317,,1,1,0,1437,0,0.0,1,1437,0,none,0,none,0,0,0,no_alert_unknown,no_alert_not_final_benign,-1,dns,port
2025-07-19T23:03:17.711278+0700,103.195.142.109,87.98.154.185,53,13667,UDP,flow,failed,1059978737160432,,1,1,0,1437,0,0.0,1,1437,0,none,0,none,0,0,0,no_alert_unknown,no_alert_not_final_benign,-1,dns,port
2025-07-19T23:03:17.711382+0700,103.195.142.74,118.98.44.20,28921,53,UDP,flow,dns,1516236982522236,,1,1,0,78,0,0.0,1,78,0,none,0,none,0,0,0,no_alert_unknown,no_alert_not_final_benign,-1,dns,app_proto+port
2025-07-19T23:03:17.711494+0700,103.195.142.165,87.98.154.201,53,45729,UDP,flow,failed,1611730999513473,,1,1,0,1437,0,0.0,1,1437,0,none,0,none,0,0,0,no_alert_unknown,no_alert_not_final_benign,-1,dns,port
2025-07-19T23:03:17.711521+0700,103.195.142.3,74.114.31.151,53,44120,UDP,flow,failed,445339202687383,,1,1,0,165,0,0.0,1,165,0,none,0,none,0,0,0,no_alert_unknown,no_alert_not_final_benign,-1,dns,port
2025-07-19T23:03:17.711585+0700,103.195.142.83,87.98.154.119,53,25906,UDP,flow,failed,671430305190369,,1,1,0,1190,0,0.0,1,1190,0,none,0,none,0,0,0,no_alert_unknown,no_alert_not_final_benign,-1,dns,port
2025-07-19T23:03:17.711603+0700,103.195.142.75,8.8.8.8,49557,53,UDP,flow,dns,1006150694212110,,1,1,0,88,0,0.0,1,88,0,none,0,none,0,0,0,no_alert_unknown,no_alert_not_final_benign,-1,dns,app_proto+port
2025-07-19T23:03:17.711812+0700,103.195.142.83,87.98.154.202,53,11840,UDP,flow,failed,825583766475536,,1,1,0,1190,0,0.0,1,1190,0,none,0,none,0,0,0,no_alert_unknown,no_alert_not_final_benign,-1,dns,port
2025-07-19T23:03:17.711905+0700,103.195.142.109,87.98.154.119,53,53678,UDP,flow,failed,962906960630658,,1,1,0,1437,0,0.0,1,1437,0,none,0,none,0,0,0,no_alert_unknown,no_alert_not_final_benign,-1,dns,port
2025-07-19T23:03:17.711952+0700,103.195.142.74,118.98.44.50,10851,53,UDP,flow,dns,1114502747722651,,1,1,0,102,0,0.0,1,102,0,none,0,none,0,0,0,no_alert_unknown,no_alert_not_final_benign,-1,dns,app_proto+port
2025-07-19T23:03:17.712012+0700,103.195.142.2,172.253.236.222,53,46603,UDP,flow,failed,1509513260569619,,1,1,0,168,0,0.0,1,168,0,none,0,none,0,0,0,no_alert_unknown,no_alert_not_final_benign,-1,dns,port
2025-07-19T23:03:17.712039+0700,103.195.142.74,202.134.0.155,50489,53,UDP,flow,dns,561875233543257,,1,1,0,68,0,0.0,1,68,0,none,0,none,0,0,0,no_alert_unknown,no_alert_not_final_benign,-1,dns,app_proto+port
2025-07-19T23:03:17.712088+0700,103.195.142.196,87.98.154.165,53,55937,UDP,flow,failed,573604049982601,,1,1,0,1437,0,0.0,1,1437,0,none,0,none,0,0,0,no_alert_unknown,no_alert_not_final_benign,-1,dns,port
2025-07-19T23:03:17.712229+0700,103.195.142.46,87.98.154.117,53,46137,UDP,flow,failed,1413592516138249,,1,1,0,1437,0,0.0,1,1437,0,none,0,none,0,0,0,no_alert_unknown,no_alert_not_final_benign,-1,dns,port
2025-07-19T23:03:17.712250+0700,103.195.142.195,87.98.154.119,53,11103,UDP,flow,failed,991593932068112,,1,1,0,1437,0,0.0,1,1437,0,none,0,none,0,0,0,no_alert_unknown,no_alert_not_final_benign,-1,dns,port
2025-07-19T23:03:17.712269+0700,103.195.142.74,118.98.44.20,18925,53,UDP,flow,dns,1053929028850968,,1,1,0,214,0,0.0,1,214,0,none,0,none,0,0,0,no_alert_unknown,no_alert_not_final_benign,-1,dns,app_proto+port
2025-07-19T23:03:17.712300+0700,103.195.142.74,118.98.44.100,41537,53,UDP,flow,dns,513868091102500,,1,1,0,80,0,0.0,1,80,0,none,0,none,0,0,0,no_alert_unknown,no_alert_not_final_benign,-1,dns,app_proto+port
2025-07-19T23:03:17.712342+0700,103.195.142.83,87.98.154.214,53,12346,UDP,flow,failed,1381892842132778,,1,1,0,1190,0,0.0,1,1190,0,none,0,none,0,0,0,no_alert_unknown,no_alert_not_final_benign,-1,dns,port
2025-07-19T23:03:17.712361+0700,103.195.142.76,87.98.154.102,53,58427,UDP,flow,failed,957127308285254,,1,1,0,1469,0,0.0,1,1469,0,none,0,none,0,0,0,no_alert_unknown,no_alert_not_final_benign,-1,dns,port
2025-07-19T23:03:17.712417+0700,103.195.142.196,87.98.154.119,53,34093,UDP,flow,failed,1620627025565069,,1,1,0,1437,0,0.0,1,1437,0,none,0,none,0,0,0,no_alert_unknown,no_alert_not_final_benign,-1,dns,port
2025-07-19T23:03:17.712476+0700,103.195.142.74,34.8.38.57,16402,53,UDP,flow,dns,951708527105468,,1,1,0,234,0,0.0,1,234,0,none,0,none,0,0,0,no_alert_unknown,no_alert_not_final_benign,-1,dns,app_proto+port
2025-07-19T23:03:17.712496+0700,103.195.142.3,172.71.93.147,53,33926,UDP,flow,failed,623474645669327,,1,1,0,132,0,0.0,1,132,0,none,0,none,0,0,0,no_alert_unknown,no_alert_not_final_benign,-1,dns,port
2025-07-19T23:03:17.712541+0700,103.195.142.109,87.98.154.145,53,53791,UDP,flow,failed,907830056261143,,1,1,0,1437,0,0.0,1,1437,0,none,0,none,0,0,0,no_alert_unknown,no_alert_not_final_benign,-1,dns,port
2025-07-19T23:03:17.712572+0700,103.195.142.46,87.98.154.118,53,17383,UDP,flow,failed,1334263974204965,,1,1,0,1437,0,0.0,1,1437,0,none,0,none,0,0,0,no_alert_unknown,no_alert_not_final_benign,-1,dns,port
2025-07-19T23:03:17.712602+0700,103.195.142.83,87.98.154.214,53,13674,UDP,flow,failed,1655879827199544,,1,1,0,1190,0,0.0,1,1190,0,none,0,none,0,0,0,no_alert_unknown,no_alert_not_final_benign,-1,dns,port
2025-07-19T23:03:17.712621+0700,103.195.142.196,87.98.154.241,53,21842,UDP,flow,failed,1509790733440633,,1,1,0,1437,0,0.0,1,1437,0,none,0,none,0,0,0,no_alert_unknown,no_alert_not_final_benign,-1,dns,port
2025-07-19T23:03:17.712640+0700,103.195.142.109,87.98.154.119,53,25278,UDP,flow,failed,1427595647784610,,1,1,0,1437,0,0.0,1,1437,0,none,0,none,0,0,0,no_alert_unknown,no_alert_not_final_benign,-1,dns,port
2025-07-19T23:03:17.712689+0700,103.195.142.75,8.8.8.8,6627,53,UDP,flow,dns,1455025357461227,,1,1,0,111,0,0.0,1,111,0,none,0,none,0,0,0,no_alert_unknown,no_alert_not_final_benign,-1,dns,app_proto+port
2025-07-19T23:03:17.712737+0700,103.195.142.165,87.98.154.201,53,14935,UDP,flow,failed,950555325634317,,1,1,0,1437,0,0.0,1,1437,0,none,0,none,0,0,0,no_alert_unknown,no_alert_not_final_benign,-1,dns,port
2025-07-19T23:03:17.712755+0700,103.195.142.165,87.98.154.229,53,10930,UDP,flow,failed,700430410127146,,1,1,0,1437,0,0.0,1,1437,0,none,0,none,0,0,0,no_alert_unknown,no_alert_not_final_benign,-1,dns,port
2025-07-19T23:03:17.712802+0700,103.195.142.3,172.217.43.152,53,55316,UDP,flow,failed,1025888900552604,,1,1,0,162,0,0.0,1,162,0,none,0,none,0,0,0,no_alert_unknown,no_alert_not_final_benign,-1,dns,port
2025-07-19T23:03:17.712821+0700,103.195.142.74,118.98.44.20,29948,53,UDP,flow,dns,735137326110671,,1,1,0,78,0,0.0,1,78,0,none,0,none,0,0,0,no_alert_unknown,no_alert_not_final_benign,-1,dns,app_proto+port
2025-07-19T23:03:17.712927+0700,103.195.142.196,87.98.154.165,53,40141,UDP,flow,failed,729165746673762,,1,1,0,1437,0,0.0,1,1437,0,none,0,none,0,0,0,no_alert_unknown,no_alert_not_final_benign,-1,dns,port
2025-07-19T23:03:17.712946+0700,103.195.142.75,69.39.238.37,4067,53,UDP,flow,dns,1308984826927260,,1,1,0,85,0,0.0,1,85,0,none,0,none,0,0,0,no_alert_unknown,no_alert_not_final_benign,-1,dns,app_proto+port
2025-07-19T23:03:17.712966+0700,103.195.142.195,87.98.154.228,53,61234,UDP,flow,failed,835016767445148,,1,1,0,1437,0,0.0,1,1437,0,none,0,none,0,0,0,no_alert_unknown,no_alert_not_final_benign,-1,dns,port
2025-07-19T23:03:17.713009+0700,103.195.142.46,87.98.154.47,53,46750,UDP,flow,failed,1517556479826138,,1,1,0,1437,0,0.0,1,1437,0,none,0,none,0,0,0,no_alert_unknown,no_alert_not_final_benign,-1,dns,port
2025-07-19T23:03:17.713037+0700,103.195.142.196,87.98.154.119,53,19653,UDP,flow,failed,1346924742121705,,1,1,0,1437,0,0.0,1,1437,0,none,0,none,0,0,0,no_alert_unknown,no_alert_not_final_benign,-1,dns,port
2025-07-19T23:03:17.713057+0700,103.195.142.83,87.98.154.102,53,8971,UDP,flow,failed,856102581901641,,1,3,0,3570,0,9.0,3,3570,0,none,0,none,0,0,0,no_alert_unknown,no_alert_not_final_benign,-1,dns,port
2025-07-19T23:03:17.713094+0700,103.195.142.83,87.98.154.117,53,15550,UDP,flow,failed,1244170194983257,,1,1,0,1190,0,0.0,1,1190,0,none,0,none,0,0,0,no_alert_unknown,no_alert_not_final_benign,-1,dns,port
2025-07-19T23:03:17.713126+0700,103.195.142.75,8.8.8.8,51463,53,UDP,flow,dns,968723391256975,,1,1,0,85,0,0.0,1,85,0,none,0,none,0,0,0,no_alert_unknown,no_alert_not_final_benign,-1,dns,app_proto+port
2025-07-19T23:03:17.713147+0700,103.195.142.74,118.98.44.50,14573,53,UDP,flow,dns,992204863117722,,1,1,0,74,0,0.0,1,74,0,none,0,none,0,0,0,no_alert_unknown,no_alert_not_final_benign,-1,dns,app_proto+port
2025-07-19T23:03:17.713235+0700,103.195.142.76,87.98.154.210,53,9010,UDP,flow,failed,864728421112461,,1,1,0,1469,0,0.0,1,1469,0,none,0,none,0,0,0,no_alert_unknown,no_alert_not_final_benign,-1,dns,port
2025-07-19T23:03:17.713274+0700,103.195.142.83,87.98.154.186,53,20788,UDP,flow,failed,162428569066253,,1,3,0,3570,0,10.0,3,3570,0,none,0,none,0,0,0,no_alert_unknown,no_alert_not_final_benign,-1,dns,port
2025-07-19T23:03:17.713293+0700,103.195.142.74,118.98.44.100,17750,53,UDP,flow,dns,827026977528604,,1,1,0,214,0,0.0,1,214,0,none,0,none,0,0,0,no_alert_unknown,no_alert_not_final_benign,-1,dns,app_proto+port
2025-07-19T23:03:17.713313+0700,103.195.142.74,118.98.44.50,29841,53,UDP,flow,dns,1509195348908884,,1,1,0,78,0,0.0,1,78,0,none,0,none,0,0,0,no_alert_unknown,no_alert_not_final_benign,-1,dns,app_proto+port
2025-07-19T23:03:17.713338+0700,103.195.142.195,87.98.154.119,53,52074,UDP,flow,failed,1640734000290684,,1,1,0,1437,0,0.0,1,1437,0,none,0,none,0,0,0,no_alert_unknown,no_alert_not_final_benign,-1,dns,port
2025-07-19T23:03:17.713362+0700,103.195.142.195,87.98.154.144,53,32380,UDP,flow,failed,1356323387087745,,1,1,0,1437,0,0.0,1,1437,0,none,0,none,0,0,0,no_alert_unknown,no_alert_not_final_benign,-1,dns,port
2025-07-19T23:03:17.713381+0700,103.195.142.75,8.8.8.8,14087,53,UDP,flow,dns,1173470791736199,,1,1,0,87,0,0.0,1,87,0,none,0,none,0,0,0,no_alert_unknown,no_alert_not_final_benign,-1,dns,app_proto+port
2025-07-19T23:03:17.713404+0700,103.195.142.76,87.98.154.18,53,8457,UDP,flow,failed,1082996129012723,,1,1,0,1469,0,0.0,1,1469,0,none,0,none,0,0,0,no_alert_unknown,no_alert_not_final_benign,-1,dns,port
2025-07-19T23:03:17.713467+0700,103.195.142.83,87.98.154.130,53,44984,UDP,flow,failed,775332192197744,,1,3,0,3570,0,9.0,3,3570,0,none,0,none,0,0,0,no_alert_unknown,no_alert_not_final_benign,-1,dns,port
2025-07-19T23:03:17.713486+0700,103.195.142.46,87.98.154.159,53,51796,UDP,flow,failed,587452480363682,,1,1,0,1437,0,0.0,1,1437,0,none,0,none,0,0,0,no_alert_unknown,no_alert_not_final_benign,-1,dns,port
2025-07-19T23:03:17.713504+0700,103.195.142.46,87.98.154.75,53,8281,UDP,flow,failed,1260302325324971,,1,1,0,1437,0,0.0,1,1437,0,none,0,none,0,0,0,no_alert_unknown,no_alert_not_final_benign,-1,dns,port
2025-07-19T23:03:17.713574+0700,103.195.142.46,87.98.154.119,53,40301,UDP,flow,failed,1409412297268429,,1,1,0,1437,0,0.0,1,1437,0,none,0,none,0,0,0,no_alert_unknown,no_alert_not_final_benign,-1,dns,port
2025-07-19T23:03:17.713602+0700,103.195.142.74,118.98.44.20,9968,53,UDP,flow,dns,1621998190402771,,1,1,0,223,0,0.0,1,223,0,none,0,none,0,0,0,no_alert_unknown,no_alert_not_final_benign,-1,dns,app_proto+port
2025-07-19T23:03:17.713628+0700,103.195.142.83,87.98.154.122,53,64288,UDP,flow,failed,1298183231577364,,1,1,0,1190,0,0.0,1,1190,0,none,0,none,0,0,0,no_alert_unknown,no_alert_not_final_benign,-1,dns,port
2025-07-19T23:03:17.713689+0700,103.195.142.195,87.98.154.119,53,47567,UDP,flow,failed,1679610513923489,,1,1,0,1437,0,0.0,1,1437,0,none,0,none,0,0,0,no_alert_unknown,no_alert_not_final_benign,-1,dns,port
2025-07-19T23:03:17.713707+0700,103.195.142.76,87.98.154.119,53,5981,UDP,flow,failed,1279785375964588,,1,1,0,1469,0,0.0,1,1469,0,none,0,none,0,0,0,no_alert_unknown,no_alert_not_final_benign,-1,dns,port
2025-07-19T23:03:17.713726+0700,103.195.142.109,87.98.154.157,53,36051,UDP,flow,failed,1259442728738288,,1,1,0,1437,0,0.0,1,1437,0,none,0,none,0,0,0,no_alert_unknown,no_alert_not_final_benign,-1,dns,port
2025-07-19T23:03:17.713768+0700,103.195.142.83,87.98.154.214,53,41687,UDP,flow,failed,999272445517306,,1,1,0,1190,0,0.0,1,1190,0,none,0,none,0,0,0,no_alert_unknown,no_alert_not_final_benign,-1,dns,port
2025-07-19T23:03:17.713805+0700,103.195.142.83,87.98.154.117,53,56810,UDP,flow,failed,935236216299119,,1,1,0,1190,0,0.0,1,1190,0,none,0,none,0,0,0,no_alert_unknown,no_alert_not_final_benign,-1,dns,port
2025-07-19T23:03:17.713833+0700,103.195.142.75,8.8.8.8,37497,53,UDP,flow,dns,1788071396122233,,1,2,0,456,0,4.0,2,456,0,none,0,none,0,0,0,no_alert_unknown,no_alert_not_final_benign,-1,dns,app_proto+port
2025-07-19T23:03:17.713853+0700,103.195.142.195,87.98.154.119,53,5173,UDP,flow,failed,1158180145667730,,1,1,0,1437,0,0.0,1,1437,0,none,0,none,0,0,0,no_alert_unknown,no_alert_not_final_benign,-1,dns,port
2025-07-19T23:03:17.713890+0700,103.195.142.74,118.98.44.20,27472,53,UDP,flow,dns,1056736783769274,,1,1,0,211,0,0.0,1,211,0,none,0,none,0,0,0,no_alert_unknown,no_alert_not_final_benign,-1,dns,app_proto+port
2025-07-19T23:03:17.713910+0700,103.195.142.74,202.134.0.155,48271,53,UDP,flow,dns,1156874541997772,,1,1,0,68,0,0.0,1,68,0,none,0,none,0,0,0,no_alert_unknown,no_alert_not_final_benign,-1,dns,app_proto+port
2025-07-19T23:03:17.713930+0700,103.195.142.196,87.98.154.53,53,42879,UDP,flow,failed,1347319441071849,,1,1,0,1437,0,0.0,1,1437,0,none,0,none,0,0,0,no_alert_unknown,no_alert_not_final_benign,-1,dns,port
2025-07-19T23:03:17.713997+0700,103.195.142.165,87.98.154.229,53,47563,UDP,flow,failed,1365132207726378,,1,1,0,1437,0,0.0,1,1437,0,none,0,none,0,0,0,no_alert_unknown,no_alert_not_final_benign,-1,dns,port
2025-07-19T23:03:17.714018+0700,103.195.142.74,185.67.45.231,32058,53,UDP,flow,dns,1056833555668824,,1,1,0,91,0,0.0,1,91,0,none,0,none,0,0,0,no_alert_unknown,no_alert_not_final_benign,-1,dns,app_proto+port
2025-07-19T23:03:17.714038+0700,103.195.142.75,50.28.102.86,24135,53,UDP,flow,dns,1588441723051876,,1,1,0,91,0,0.0,1,91,0,none,0,none,0,0,0,no_alert_unknown,no_alert_not_final_benign,-1,dns,app_proto+port
2025-07-19T23:03:17.714107+0700,103.195.142.74,118.98.44.50,22715,53,UDP,flow,dns,1353790669594556,,1,1,0,79,0,0.0,1,79,0,none,0,none,0,0,0,no_alert_unknown,no_alert_not_final_benign,-1,dns,app_proto+port
2025-07-19T23:03:17.714136+0700,103.195.142.74,202.134.0.155,58174,53,UDP,flow,dns,986720019030043,,1,1,0,223,0,0.0,1,223,0,none,0,none,0,0,0,no_alert_unknown,no_alert_not_final_benign,-1,dns,app_proto+port
2025-07-19T23:03:17.714194+0700,103.195.142.74,118.98.44.50,56428,53,UDP,flow,dns,1013763679854685,,1,1,0,94,0,0.0,1,94,0,none,0,none,0,0,0,no_alert_unknown,no_alert_not_final_benign,-1,dns,app_proto+port
2025-07-19T23:03:17.714214+0700,103.195.142.195,87.98.154.76,53,19021,UDP,flow,failed,1551545981935798,,1,1,0,1437,0,0.0,1,1437,0,none,0,none,0,0,0,no_alert_unknown,no_alert_not_final_benign,-1,dns,port
2025-07-19T23:03:17.714233+0700,103.195.142.165,87.98.154.117,53,40017,UDP,flow,failed,860542301315304,,1,1,0,1437,0,0.0,1,1437,0,none,0,none,0,0,0,no_alert_unknown,no_alert_not_final_benign,-1,dns,port
2025-07-19T23:03:17.714251+0700,103.195.142.74,202.134.0.155,29087,53,UDP,flow,dns,1650564497547529,,1,1,0,74,0,0.0,1,74,0,none,0,none,0,0,0,no_alert_unknown,no_alert_not_final_benign,-1,dns,app_proto+port
2025-07-19T23:03:17.714271+0700,103.195.142.196,87.98.154.53,53,19841,UDP,flow,failed,1560195606782223,,1,1,0,1437,0,0.0,1,1437,0,none,0,none,0,0,0,no_alert_unknown,no_alert_not_final_benign,-1,dns,port
2025-07-19T23:03:17.714231+0700,103.195.142.74,118.98.44.20,51411,53,UDP,dns,,1660224091594809,wire/pcap,0,0,0,0,0,0.0,0,0,0,none,0,none,0,0,0,no_alert_unknown,no_alert_not_final_benign,-1,dns,port
2025-07-19T23:03:17.714393+0700,103.195.142.83,87.98.154.119,53,43784,UDP,flow,failed,1600125607551334,,1,1,0,1190,0,0.0,1,1190,0,none,0,none,0,0,0,no_alert_unknown,no_alert_not_final_benign,-1,dns,port
2025-07-19T23:03:17.714486+0700,103.195.142.195,87.98.154.119,53,59877,UDP,flow,failed,777908965876105,,1,1,0,1437,0,0.0,1,1437,0,none,0,none,0,0,0,no_alert_unknown,no_alert_not_final_benign,-1,dns,port
2025-07-19T23:03:17.714510+0700,103.195.142.74,118.98.44.20,53533,53,UDP,flow,dns,1437906823619020,,1,1,0,97,0,0.0,1,97,0,none,0,none,0,0,0,no_alert_unknown,no_alert_not_final_benign,-1,dns,app_proto+port
2025-07-19T23:03:17.714531+0700,103.195.142.3,172.70.116.71,53,33382,UDP,flow,failed,782893837066821,,1,1,0,177,0,0.0,1,177,0,none,0,none,0,0,0,no_alert_unknown,no_alert_not_final_benign,-1,dns,port
2025-07-19T23:03:17.714556+0700,103.195.142.3,18.136.1.198,53,38828,UDP,flow,failed,1211703910277703,,1,1,0,146,0,0.0,1,146,0,none,0,none,0,0,0,no_alert_unknown,no_alert_not_final_benign,-1,dns,port
2025-07-19T23:03:17.714752+0700,103.195.142.76,87.98.154.117,53,28062,UDP,flow,failed,665341959348969,,1,1,0,1469,0,0.0,1,1469,0,none,0,none,0,0,0,no_alert_unknown,no_alert_not_final_benign,-1,dns,port
2025-07-19T23:03:17.714794+0700,103.195.142.195,87.98.154.0,53,12734,UDP,flow,failed,820843175093029,,1,1,0,1437,0,0.0,1,1437,0,none,0,none,0,0,0,no_alert_unknown,no_alert_not_final_benign,-1,dns,port
2025-07-19T23:03:17.714814+0700,103.195.142.196,87.98.154.118,53,42016,UDP,flow,failed,998347892532013,,1,1,0,1437,0,0.0,1,1437,0,none,0,none,0,0,0,no_alert_unknown,no_alert_not_final_benign,-1,dns,port
2025-07-19T23:03:17.714837+0700,103.195.142.196,87.98.154.119,53,64340,UDP,flow,failed,641657617392457,,1,1,0,1437,0,0.0,1,1437,0,none,0,none,0,0,0,no_alert_unknown,no_alert_not_final_benign,-1,dns,port
2025-07-19T23:03:17.714886+0700,103.195.142.195,87.98.154.80,53,62025,UDP,flow,failed,1373800689378143,,1,1,0,1437,0,0.0,1,1437,0,none,0,none,0,0,0,no_alert_unknown,no_alert_not_final_benign,-1,dns,port
2025-07-19T23:03:17.714924+0700,103.195.142.75,8.8.8.8,9511,53,UDP,flow,dns,1003149988864876,,1,1,0,77,0,0.0,1,77,0,none,0,none,0,0,0,no_alert_unknown,no_alert_not_final_benign,-1,dns,app_proto+port
2025-07-19T23:03:17.715002+0700,103.195.142.83,87.98.154.119,53,37571,UDP,flow,failed,1688183163462547,,1,1,0,1190,0,0.0,1,1190,0,none,0,none,0,0,0,no_alert_unknown,no_alert_not_final_benign,-1,dns,port
2025-07-19T23:03:17.715055+0700,103.195.142.74,118.98.44.20,59562,53,UDP,flow,dns,1682926967858253,,1,1,0,78,0,0.0,1,78,0,none,0,none,0,0,0,no_alert_unknown,no_alert_not_final_benign,-1,dns,app_proto+port
2025-07-19T23:03:17.715078+0700,103.195.142.75,8.8.8.8,50276,53,UDP,flow,dns,1323156590961759,,1,1,0,68,0,0.0,1,68,0,none,0,none,0,0,0,no_alert_unknown,no_alert_not_final_benign,-1,dns,app_proto+port
2025-07-19T23:03:17.715140+0700,103.195.142.195,87.98.154.172,53,54444,UDP,flow,failed,1412745250284742,,1,1,0,1437,0,0.0,1,1437,0,none,0,none,0,0,0,no_alert_unknown,no_alert_not_final_benign,-1,dns,port
2025-07-19T23:03:17.715161+0700,103.195.142.109,87.98.154.119,53,42167,UDP,flow,failed,595804474123663,,1,1,0,1437,0,0.0,1,1437,0,none,0,none,0,0,0,no_alert_unknown,no_alert_not_final_benign,-1,dns,port
2025-07-19T23:03:17.715181+0700,103.195.142.165,87.98.154.119,53,13014,UDP,flow,failed,1249997344941463,,1,1,0,1437,0,0.0,1,1437,0,none,0,none,0,0,0,no_alert_unknown,no_alert_not_final_benign,-1,dns,port
2025-07-19T23:03:17.715200+0700,103.195.142.2,172.70.116.71,53,22266,UDP,flow,failed,1221082042082711,,1,1,0,191,0,0.0,1,191,0,none,0,none,0,0,0,no_alert_unknown,no_alert_not_final_benign,-1,dns,port
2025-07-19T23:03:17.715241+0700,103.195.142.74,118.98.44.20,6515,53,UDP,flow,dns,1641840912508439,,1,1,0,78,0,0.0,1,78,0,none,0,none,0,0,0,no_alert_unknown,no_alert_not_final_benign,-1,dns,app_proto+port
2025-07-19T23:03:17.715308+0700,103.195.142.76,87.98.154.74,53,22132,UDP,flow,failed,993126302623277,,1,1,0,1469,0,0.0,1,1469,0,none,0,none,0,0,0,no_alert_unknown,no_alert_not_final_benign,-1,dns,port
2025-07-19T23:03:17.715327+0700,103.195.142.74,202.134.0.155,63759,53,UDP,flow,dns,1577018293954157,,1,1,0,232,0,0.0,1,232,0,none,0,none,0,0,0,no_alert_unknown,no_alert_not_final_benign,-1,dns,app_proto+port
2025-07-19T23:03:17.715347+0700,103.195.142.46,87.98.154.119,53,32630,UDP,flow,failed,1424647839164263,,1,1,0,1437,0,0.0,1,1437,0,none,0,none,0,0,0,no_alert_unknown,no_alert_not_final_benign,-1,dns,port
2025-07-19T23:03:17.715388+0700,103.195.142.74,118.98.44.20,20587,53,UDP,flow,dns,1251568386713606,,1,1,0,80,0,0.0,1,80,0,none,0,none,0,0,0,no_alert_unknown,no_alert_not_final_benign,-1,dns,app_proto+port
2025-07-19T23:03:17.715432+0700,103.195.142.76,87.98.154.119,53,10008,UDP,flow,failed,1654971654744143,,1,1,0,1469,0,0.0,1,1469,0,none,0,none,0,0,0,no_alert_unknown,no_alert_not_final_benign,-1,dns,port
2025-07-19T23:03:17.715451+0700,103.195.142.83,87.98.154.14,53,3849,UDP,flow,failed,779844055869554,,1,1,0,1190,0,0.0,1,1190,0,none,0,none,0,0,0,no_alert_unknown,no_alert_not_final_benign,-1,dns,port
2025-07-19T23:03:17.715493+0700,103.195.142.195,87.98.154.228,53,20940,UDP,flow,failed,1186619680041144,,1,1,0,1437,0,0.0,1,1437,0,none,0,none,0,0,0,no_alert_unknown,no_alert_not_final_benign,-1,dns,port
2025-07-19T23:03:17.715511+0700,103.195.142.195,87.98.154.4,53,20567,UDP,flow,failed,1427702060427549,,1,1,0,1437,0,0.0,1,1437,0,none,0,none,0,0,0,no_alert_unknown,no_alert_not_final_benign,-1,dns,port
2025-07-19T23:03:17.715553+0700,103.195.142.75,8.8.8.8,12676,53,UDP,flow,dns,749596819400994,,1,1,0,243,0,0.0,1,243,0,none,0,none,0,0,0,no_alert_unknown,no_alert_not_final_benign,-1,dns,app_proto+port
2025-07-19T23:03:17.715599+0700,103.195.142.74,50.28.32.153,40879,53,UDP,flow,dns,1588006333786687,,1,1,0,74,0,0.0,1,74,0,none,0,none,0,0,0,no_alert_unknown,no_alert_not_final_benign,-1,dns,app_proto+port
2025-07-19T23:03:17.715619+0700,103.195.142.83,87.98.154.119,53,9904,UDP,flow,failed,818475215366745,,1,1,0,1190,0,0.0,1,1190,0,none,0,none,0,0,0,no_alert_unknown,no_alert_not_final_benign,-1,dns,port
2025-07-19T23:03:17.715638+0700,103.195.142.74,118.98.44.20,48020,53,UDP,flow,dns,1361975065455316,,1,1,0,223,0,0.0,1,223,0,none,0,none,0,0,0,no_alert_unknown,no_alert_not_final_benign,-1,dns,app_proto+port
2025-07-19T23:03:17.715699+0700,103.195.142.74,118.98.44.50,47078,53,UDP,flow,dns,1552190988954363,,1,1,0,83,0,0.0,1,83,0,none,0,none,0,0,0,no_alert_unknown,no_alert_not_final_benign,-1,dns,app_proto+port
2025-07-19T23:03:17.715721+0700,103.195.142.76,87.98.154.6,53,42027,UDP,flow,failed,641274009889604,,1,1,0,1469,0,0.0,1,1469,0,none,0,none,0,0,0,no_alert_unknown,no_alert_not_final_benign,-1,dns,port
2025-07-19T23:03:17.715741+0700,103.195.142.196,87.98.154.119,53,19090,UDP,flow,failed,1495353535703916,,1,1,0,1437,0,0.0,1,1437,0,none,0,none,0,0,0,no_alert_unknown,no_alert_not_final_benign,-1,dns,port
2025-07-19T23:03:17.715834+0700,103.195.142.74,118.98.44.50,13606,53,UDP,flow,dns,1011210705906725,,1,1,0,92,0,0.0,1,92,0,none,0,none,0,0,0,no_alert_unknown,no_alert_not_final_benign,-1,dns,app_proto+port
2025-07-19T23:03:17.715927+0700,103.195.142.196,87.98.154.119,53,29761,UDP,flow,failed,1351791802592512,,1,1,0,1437,0,0.0,1,1437,0,none,0,none,0,0,0,no_alert_unknown,no_alert_not_final_benign,-1,dns,port
2025-07-19T23:03:17.715949+0700,103.195.142.75,8.8.8.8,3075,53,UDP,flow,dns,1539590364802400,,1,1,0,241,0,0.0,1,241,0,none,0,none,0,0,0,no_alert_unknown,no_alert_not_final_benign,-1,dns,app_proto+port
2025-07-19T23:03:17.715976+0700,103.195.142.46,87.98.154.119,53,24398,UDP,flow,failed,1662313490754966,,1,1,0,1437,0,0.0,1,1437,0,none,0,none,0,0,0,no_alert_unknown,no_alert_not_final_benign,-1,dns,port
2025-07-19T23:03:17.715995+0700,103.195.142.75,8.8.8.8,10739,53,UDP,flow,dns,1349802716900796,,1,1,0,68,0,0.0,1,68,0,none,0,none,0,0,0,no_alert_unknown,no_alert_not_final_benign,-1,dns,app_proto+port
2025-07-19T23:03:17.716037+0700,103.195.142.74,118.98.44.100,13613,53,UDP,flow,dns,937770678496728,,1,1,0,232,0,0.0,1,232,0,none,0,none,0,0,0,no_alert_unknown,no_alert_not_final_benign,-1,dns,app_proto+port
2025-07-19T23:03:17.716057+0700,103.195.142.46,87.98.154.119,53,1909,UDP,flow,failed,1263597617425899,,1,1,0,1437,0,0.0,1,1437,0,none,0,none,0,0,0,no_alert_unknown,no_alert_not_final_benign,-1,dns,port
2025-07-19T23:03:17.716141+0700,103.195.142.74,202.134.0.155,39688,53,UDP,flow,dns,1167112312008337,,1,1,0,76,0,0.0,1,76,0,none,0,none,0,0,0,no_alert_unknown,no_alert_not_final_benign,-1,dns,app_proto+port
2025-07-19T23:03:17.716163+0700,103.195.142.74,118.98.44.20,13900,53,UDP,flow,dns,925507756306115,,1,1,0,196,0,0.0,1,196,0,none,0,none,0,0,0,no_alert_unknown,no_alert_not_final_benign,-1,dns,app_proto+port
2025-07-19T23:03:17.716184+0700,103.195.142.76,87.98.154.18,53,43156,UDP,flow,failed,1199292548525766,,1,1,0,1469,0,0.0,1,1469,0,none,0,none,0,0,0,no_alert_unknown,no_alert_not_final_benign,-1,dns,port
2025-07-19T23:03:17.716247+0700,103.195.142.75,8.8.8.8,11982,53,UDP,flow,dns,908747039584070,,1,1,0,223,0,0.0,1,223,0,none,0,none,0,0,0,no_alert_unknown,no_alert_not_final_benign,-1,dns,app_proto+port
2025-07-19T23:03:17.716268+0700,103.195.142.75,8.8.8.8,14256,53,UDP,flow,dns,1514926731702109,,1,1,0,78,0,0.0,1,78,0,none,0,none,0,0,0,no_alert_unknown,no_alert_not_final_benign,-1,dns,app_proto+port
2025-07-19T23:03:17.716294+0700,103.195.142.195,87.98.154.228,53,17203,UDP,flow,failed,866051213701066,,1,1,0,1437,0,0.0,1,1437,0,none,0,none,0,0,0,no_alert_unknown,no_alert_not_final_benign,-1,dns,port
2025-07-19T23:03:17.716336+0700,103.195.142.196,87.98.154.25,53,39845,UDP,flow,failed,1595610366226414,,1,1,0,1437,0,0.0,1,1437,0,none,0,none,0,0,0,no_alert_unknown,no_alert_not_final_benign,-1,dns,port
2025-07-19T23:03:17.716377+0700,103.195.142.109,87.98.154.149,53,47393,UDP,flow,failed,790124140769312,,1,1,0,1437,0,0.0,1,1437,0,none,0,none,0,0,0,no_alert_unknown,no_alert_not_final_benign,-1,dns,port
2025-07-19T23:03:17.716402+0700,103.195.142.196,87.98.154.117,53,39031,UDP,flow,failed,1665796288360579,,1,1,0,1437,0,0.0,1,1437,0,none,0,none,0,0,0,no_alert_unknown,no_alert_not_final_benign,-1,dns,port
2025-07-19T23:03:17.716433+0700,103.195.142.74,202.134.0.155,5680,53,UDP,flow,dns,1125682867613844,,1,1,0,74,0,0.0,1,74,0,none,0,none,0,0,0,no_alert_unknown,no_alert_not_final_benign,-1,dns,app_proto+port
2025-07-19T23:03:17.716454+0700,103.195.142.76,87.98.154.119,53,35527,UDP,flow,failed,1369747995373757,,1,1,0,1469,0,0.0,1,1469,0,none,0,none,0,0,0,no_alert_unknown,no_alert_not_final_benign,-1,dns,port
2025-07-19T23:03:17.716550+0700,103.195.142.196,87.98.154.141,53,13525,UDP,flow,failed,1592381732041061,,1,1,0,1437,0,0.0,1,1437,0,none,0,none,0,0,0,no_alert_unknown,no_alert_not_final_benign,-1,dns,port
2025-07-19T23:03:17.724637+0700,103.195.142.74,118.98.44.20,61007,53,UDP,dns,,1423444887619095,wire/pcap,0,0,0,0,0,0.0,0,0,0,none,0,none,0,0,0,no_alert_unknown,no_alert_not_final_benign,-1,dns,port
2025-07-19T23:03:17.777138+0700,103.195.142.74,118.98.44.100,19304,53,UDP,dns,,1648934122461798,wire/pcap,0,0,0,0,0,0.0,0,0,0,none,0,none,0,0,0,no_alert_unknown,no_alert_not_final_benign,-1,dns,port
2025-07-19T23:03:17.777794+0700,103.195.142.74,118.98.44.100,15269,53,UDP,dns,,1651750862967413,wire/pcap,0,0,0,0,0,0.0,0,0,0,none,0,none,0,0,0,no_alert_unknown,no_alert_not_final_benign,-1,dns,port
2025-07-19T23:03:17.795847+0700,103.195.142.109,87.98.154.119,53,17199,UDP,flow,failed,1812341144856349,,1,1,0,1437,0,0.0,1,1437,0,none,0,none,0,0,0,no_alert_unknown,no_alert_not_final_benign,-1,dns,port
2025-07-19T23:03:17.834265+0700,103.195.142.75,8.8.8.8,65283,53,UDP,dns,,1612819832741696,wire/pcap,0,0,0,0,0,0.0,0,0,0,none,0,none,0,0,0,no_alert_unknown,no_alert_not_final_benign,-1,dns,port
2025-07-19T23:03:17.834709+0700,103.195.142.74,202.134.0.155,63471,53,UDP,dns,,1614726919207725,wire/pcap,0,0,0,0,0,0.0,0,0,0,none,0,none,0,0,0,no_alert_unknown,no_alert_not_final_benign,-1,dns,port
2025-07-19T23:03:17.837677+0700,103.195.142.74,118.98.44.20,14766,53,UDP,dns,,1627473045816472,wire/pcap,0,0,0,0,0,0.0,0,0,0,none,0,none,0,0,0,no_alert_unknown,no_alert_not_final_benign,-1,dns,port
2025-07-19T23:03:17.837813+0700,103.195.142.74,118.98.44.100,37709,53,UDP,dns,,1628057043744845,wire/pcap,0,0,0,0,0,0.0,0,0,0,none,0,none,0,0,0,no_alert_unknown,no_alert_not_final_benign,-1,dns,port
2025-07-19T23:03:17.842710+0700,103.195.142.74,118.98.44.20,5062,53,UDP,dns,,1649088107846686,wire/pcap,0,0,0,0,0,0.0,0,0,0,none,0,none,0,0,0,no_alert_unknown,no_alert_not_final_benign,-1,dns,port
2025-07-19T23:03:17.852032+0700,103.195.142.74,118.98.44.20,9624,53,UDP,dns,,1407652031632178,wire/pcap,0,0,0,0,0,0.0,0,0,0,none,0,none,0,0,0,no_alert_unknown,no_alert_not_final_benign,-1,dns,port
2025-07-19T23:03:17.858994+0700,103.195.142.74,202.134.0.155,34123,53,UDP,dns,,1437553916579564,wire/pcap,0,0,0,0,0,0.0,0,0,0,none,0,none,0,0,0,no_alert_unknown,no_alert_not_final_benign,-1,dns,port
2025-07-19T23:03:17.875603+0700,103.195.142.74,202.134.0.155,50373,53,UDP,dns,,1508889081917743,wire/pcap,0,0,0,0,0,0.0,0,0,0,none,0,none,0,0,0,no_alert_unknown,no_alert_not_final_benign,-1,dns,port
2025-07-19T23:03:17.880488+0700,103.195.142.74,118.98.44.20,40580,53,UDP,dns,,1529871351990878,wire/pcap,0,0,0,0,0,0.0,0,0,0,none,0,none,0,0,0,no_alert_unknown,no_alert_not_final_benign,-1,dns,port
2025-07-19T23:03:17.882653+0700,103.195.142.74,118.98.44.100,16454,53,UDP,dns,,1539167439597917,wire/pcap,0,0,0,0,0,0.0,0,0,0,none,0,none,0,0,0,no_alert_unknown,no_alert_not_final_benign,-1,dns,port
2025-07-19T23:03:17.929021+0700,103.195.142.108,8.8.8.8,1900,53,UDP,dns,,1216074754602613,wire/pcap,0,0,0,0,0,0.0,0,0,0,none,0,none,0,0,0,no_alert_unknown,no_alert_not_final_benign,-1,dns,port
2025-07-19T23:03:17.929827+0700,103.195.142.74,118.98.44.100,28577,53,UDP,dns,,1460302929525167,wire/pcap,0,0,0,0,0,0.0,0,0,0,none,0,none,0,0,0,no_alert_unknown,no_alert_not_final_benign,-1,dns,port
2025-07-19T23:03:17.931080+0700,103.195.142.74,118.98.44.20,52499,53,UDP,dns,,1465686735427794,wire/pcap,0,0,0,0,0,0.0,0,0,0,none,0,none,0,0,0,no_alert_unknown,no_alert_not_final_benign,-1,dns,port
2025-07-19T23:03:17.944564+0700,103.195.142.74,118.98.44.50,35624,53,UDP,dns,,1523597448900461,wire/pcap,0,0,0,0,0,0.0,0,0,0,none,0,none,0,0,0,no_alert_unknown,no_alert_not_final_benign,-1,dns,port
2025-07-19T23:03:17.949036+0700,103.195.142.74,118.98.44.100,53237,53,UDP,dns,,1542805576610948,wire/pcap,0,0,0,0,0,0.0,0,0,0,none,0,none,0,0,0,no_alert_unknown,no_alert_not_final_benign,-1,dns,port
2025-07-19T23:03:17.985504+0700,103.195.142.75,8.8.8.8,60320,53,UDP,dns,,1417958127430195,wire/pcap,0,0,0,0,0,0.0,0,0,0,none,0,none,0,0,0,no_alert_unknown,no_alert_not_final_benign,-1,dns,port
2025-07-19T23:03:17.989494+0700,103.195.142.75,8.8.8.8,56943,53,UDP,dns,,1435096416426729,wire/pcap,0,0,0,0,0,0.0,0,0,0,none,0,none,0,0,0,no_alert_unknown,no_alert_not_final_benign,-1,dns,port
2025-07-19T23:03:18.005597+0700,103.195.142.74,118.98.44.100,31910,53,UDP,dns,,1712892404795535,wire/pcap,0,0,0,0,0,0.0,0,0,0,none,0,none,0,0,0,no_alert_unknown,no_alert_not_final_benign,-1,dns,port
2025-07-19T23:03:18.009064+0700,103.195.142.74,118.98.44.50,27438,53,UDP,dns,,1727781687282252,wire/pcap,0,0,0,0,0,0.0,0,0,0,none,0,none,0,0,0,no_alert_unknown,no_alert_not_final_benign,-1,dns,port
2025-07-19T23:03:18.021178+0700,103.195.142.74,118.98.44.20,44021,53,UDP,flow,dns,2194283849642806,,1,1,0,83,0,0.0,1,83,0,none,0,none,0,0,0,no_alert_unknown,no_alert_not_final_benign,-1,dns,app_proto+port
2025-07-19T23:03:18.021385+0700,103.195.142.75,8.8.8.8,41983,53,UDP,dns,,1780699801362055,wire/pcap,0,0,0,0,0,0.0,0,0,0,none,0,none,0,0,0,no_alert_unknown,no_alert_not_final_benign,-1,dns,port
2025-07-19T23:03:18.065812+0700,103.195.142.75,8.8.8.8,50458,53,UDP,dns,,1690038829534162,wire/pcap,0,0,0,0,0,0.0,0,0,0,none,0,none,0,0,0,no_alert_unknown,no_alert_not_final_benign,-1,dns,port
2025-07-19T23:03:18.076806+0700,103.195.142.74,118.98.44.50,48194,53,UDP,dns,,1737254936279829,wire/pcap,0,0,0,0,0,0.0,0,0,0,none,0,none,0,0,0,no_alert_unknown,no_alert_not_final_benign,-1,dns,port
2025-07-19T23:03:18.099817+0700,103.195.142.74,118.98.44.20,38722,53,UDP,dns,,1836089430761800,wire/pcap,0,0,0,0,0,0.0,0,0,0,none,0,none,0,0,0,no_alert_unknown,no_alert_not_final_benign,-1,dns,port
2025-07-19T23:03:18.106145+0700,103.195.142.74,118.98.44.20,2720,53,UDP,dns,,1863268307474382,wire/pcap,0,0,0,0,0,0.0,0,0,0,none,0,none,0,0,0,no_alert_unknown,no_alert_not_final_benign,-1,dns,port
2025-07-19T23:03:18.113790+0700,103.195.142.74,118.98.44.100,54812,53,UDP,dns,,1896101796735641,wire/pcap,0,0,0,0,0,0.0,0,0,0,none,0,none,0,0,0,no_alert_unknown,no_alert_not_final_benign,-1,dns,port
2025-07-19T23:03:18.125470+0700,103.195.142.75,8.8.8.8,7431,53,UDP,dns,,1946265633999506,wire/pcap,0,0,0,0,0,0.0,0,0,0,none,0,none,0,0,0,no_alert_unknown,no_alert_not_final_benign,-1,dns,port
2025-07-19T23:03:18.130073+0700,103.195.142.2,172.70.116.71,53,47575,UDP,flow,failed,1762035673275163,,1,1,0,197,0,0.0,1,197,0,none,0,none,0,0,0,no_alert_unknown,no_alert_not_final_benign,-1,dns,port
2025-07-19T23:03:18.139986+0700,103.195.142.75,8.8.8.8,18939,53,UDP,dns,,1727137307951385,wire/pcap,0,0,0,0,0,0.0,0,0,0,none,0,none,0,0,0,no_alert_unknown,no_alert_not_final_benign,-1,dns,port
2025-07-19T23:03:18.147030+0700,103.195.142.75,69.39.238.37,34427,53,UDP,flow,dns,1392555091215407,,1,1,0,85,0,0.0,1,85,0,none,0,none,0,0,0,no_alert_unknown,no_alert_not_final_benign,-1,dns,app_proto+port
2025-07-19T23:03:18.150495+0700,103.195.142.74,202.134.0.155,62733,53,UDP,flow,dns,2095096736400883,,1,1,0,211,0,0.0,1,211,0,none,0,none,0,0,0,no_alert_unknown,no_alert_not_final_benign,-1,dns,app_proto+port
2025-07-19T23:03:18.152443+0700,103.195.142.74,118.98.44.20,47946,53,UDP,dns,,1780641711727894,wire/pcap,0,0,0,0,0,0.0,0,0,0,none,0,none,0,0,0,no_alert_unknown,no_alert_not_final_benign,-1,dns,port
2025-07-19T23:03:18.166184+0700,103.195.142.74,118.98.44.100,55770,53,UDP,dns,,1839655405742618,wire/pcap,0,0,0,0,0,0.0,0,0,0,none,0,none,0,0,0,no_alert_unknown,no_alert_not_final_benign,-1,dns,port
2025-07-19T23:03:18.168575+0700,103.195.142.74,118.98.44.20,65395,53,UDP,flow,dns,2214410418492485,,1,1,0,109,0,0.0,1,109,0,none,0,none,0,0,0,no_alert_unknown,no_alert_not_final_benign,-1,dns,app_proto+port
2025-07-19T23:03:18.168678+0700,103.195.142.2,172.253.211.84,53,41860,UDP,flow,failed,2184558874301509,,1,1,0,168,0,0.0,1,168,0,none,0,none,0,0,0,no_alert_unknown,no_alert_not_final_benign,-1,dns,port
2025-07-19T23:03:18.173293+0700,103.195.142.74,118.98.44.50,8720,53,UDP,dns,,1870190827855551,wire/pcap,0,0,0,0,0,0.0,0,0,0,none,0,none,0,0,0,no_alert_unknown,no_alert_not_final_benign,-1,dns,port
2025-07-19T23:03:18.176543+0700,103.195.142.74,202.134.0.155,20895,53,UDP,dns,,1884147787430829,wire/pcap,0,0,0,0,0,0.0,0,0,0,none,0,none,0,0,0,no_alert_unknown,no_alert_not_final_benign,-1,dns,port
2025-07-19T23:03:18.193360+0700,103.195.142.74,118.98.44.20,14122,53,UDP,dns,,1956377039808406,wire/pcap,0,0,0,0,0,0.0,0,0,0,none,0,none,0,0,0,no_alert_unknown,no_alert_not_final_benign,-1,dns,port
2025-07-19T23:03:18.199003+0700,103.195.142.74,118.98.44.50,13727,53,UDP,dns,,1699137615307681,wire/pcap,0,0,0,0,0,0.0,0,0,0,none,0,none,0,0,0,no_alert_unknown,no_alert_not_final_benign,-1,dns,port
2025-07-19T23:03:18.203125+0700,103.195.142.74,202.134.0.155,53044,53,UDP,dns,,1716841951916077,wire/pcap,0,0,0,0,0,0.0,0,0,0,none,0,none,0,0,0,no_alert_unknown,no_alert_not_final_benign,-1,dns,port
2025-07-19T23:03:18.213570+0700,103.195.142.74,202.134.0.155,22632,53,UDP,dns,,1761702345803130,wire/pcap,0,0,0,0,0,0.0,0,0,0,none,0,none,0,0,0,no_alert_unknown,no_alert_not_final_benign,-1,dns,port
2025-07-19T23:03:18.213695+0700,103.195.142.74,118.98.44.50,56929,53,UDP,dns,,1762240207862485,wire/pcap,0,0,0,0,0,0.0,0,0,0,none,0,none,0,0,0,no_alert_unknown,no_alert_not_final_benign,-1,dns,port
2025-07-19T23:03:18.217319+0700,103.195.142.74,118.98.44.100,63562,53,UDP,dns,,1777807076975763,wire/pcap,0,0,0,0,0,0.0,0,0,0,none,0,none,0,0,0,no_alert_unknown,no_alert_not_final_benign,-1,dns,port
2025-07-19T23:03:18.250115+0700,103.195.142.74,118.98.44.100,43981,53,UDP,dns,,1918663031418720,wire/pcap,0,0,0,0,0,0.0,0,0,0,none,0,none,0,0,0,no_alert_unknown,no_alert_not_final_benign,-1,dns,port
2025-07-19T23:03:18.273061+0700,103.195.142.74,118.98.44.50,29214,53,UDP,dns,,1735741608477553,wire/pcap,0,0,0,0,0,0.0,0,0,0,none,0,none,0,0,0,no_alert_unknown,no_alert_not_final_benign,-1,dns,port
2025-07-19T23:03:18.273063+0700,103.195.142.74,118.98.44.20,30460,53,UDP,dns,,1735750300585315,wire/pcap,0,0,0,0,0,0.0,0,0,0,none,0,none,0,0,0,no_alert_unknown,no_alert_not_final_benign,-1,dns,port
2025-07-19T23:03:18.302617+0700,103.195.142.74,118.98.44.100,25388,53,UDP,dns,,1862683002916248,wire/pcap,0,0,0,0,0,0.0,0,0,0,none,0,none,0,0,0,no_alert_unknown,no_alert_not_final_benign,-1,dns,port
2025-07-19T23:03:18.308222+0700,103.195.142.74,118.98.44.20,44459,53,UDP,dns,,1886757257931701,wire/pcap,0,0,0,0,0,0.0,0,0,0,none,0,none,0,0,0,no_alert_unknown,no_alert_not_final_benign,-1,dns,port
2025-07-19T23:03:18.308287+0700,103.195.142.74,118.98.44.20,41422,53,UDP,flow,dns,1844869622328245,,1,1,0,214,0,0.0,1,214,0,none,0,none,0,0,0,no_alert_unknown,no_alert_not_final_benign,-1,dns,app_proto+port
2025-07-19T23:03:18.314560+0700,103.195.142.74,118.98.44.50,5593,53,UDP,dns,,1913978625997649,wire/pcap,0,0,0,0,0,0.0,0,0,0,none,0,none,0,0,0,no_alert_unknown,no_alert_not_final_benign,-1,dns,port
2025-07-19T23:03:18.316082+0700,103.195.142.74,118.98.44.20,42786,53,UDP,dns,,1920514988351330,wire/pcap,0,0,0,0,0,0.0,0,0,0,none,0,none,0,0,0,no_alert_unknown,no_alert_not_final_benign,-1,dns,port
2025-07-19T23:03:18.320432+0700,103.195.142.74,118.98.44.100,42972,53,UDP,dns,,1939198761143245,wire/pcap,0,0,0,0,0,0.0,0,0,0,none,0,none,0,0,0,no_alert_unknown,no_alert_not_final_benign,-1,dns,port
2025-07-19T23:03:18.322170+0700,103.195.142.75,8.8.8.8,26265,53,UDP,dns,,1946662095293130,wire/pcap,0,0,0,0,0,0.0,0,0,0,none,0,none,0,0,0,no_alert_unknown,no_alert_not_final_benign,-1,dns,port
2025-07-19T23:03:18.330682+0700,103.195.142.74,118.98.44.50,7002,53,UDP,dns,,1701745530497136,wire/pcap,0,0,0,0,0,0.0,0,0,0,none,0,none,0,0,0,no_alert_unknown,no_alert_not_final_benign,-1,dns,port
2025-07-19T23:03:18.358260+0700,103.195.142.74,118.98.44.50,53639,53,UDP,dns,,1820191912841038,wire/pcap,0,0,0,0,0,0.0,0,0,0,none,0,none,0,0,0,no_alert_unknown,no_alert_not_final_benign,-1,dns,port
2025-07-19T23:03:18.394602+0700,103.195.142.74,118.98.44.50,4440,53,UDP,dns,,1694805306482646,wire/pcap,0,0,0,0,0,0.0,0,0,0,none,0,none,0,0,0,no_alert_unknown,no_alert_not_final_benign,-1,dns,port
2025-07-19T23:03:18.416168+0700,103.195.142.74,202.134.0.155,20587,53,UDP,dns,,1787432229046585,wire/pcap,0,0,0,0,0,0.0,0,0,0,none,0,none,0,0,0,no_alert_unknown,no_alert_not_final_benign,-1,dns,port
2025-07-19T23:03:18.435055+0700,103.195.142.74,118.98.44.50,28479,53,UDP,dns,,1868550924867809,wire/pcap,0,0,0,0,0,0.0,0,0,0,none,0,none,0,0,0,no_alert_unknown,no_alert_not_final_benign,-1,dns,port
2025-07-19T23:03:18.436334+0700,103.195.142.74,118.98.44.50,20559,53,UDP,dns,,1228380214167172,wire/pcap,0,0,0,0,0,0.0,0,0,0,none,0,none,0,0,0,no_alert_unknown,no_alert_not_final_benign,-1,dns,port
2025-07-19T23:03:18.442465+0700,103.195.142.74,118.98.44.20,26480,53,UDP,dns,,1900373957519013,wire/pcap,0,0,0,0,0,0.0,0,0,0,none,0,none,0,0,0,no_alert_unknown,no_alert_not_final_benign,-1,dns,port
2025-07-19T23:03:18.481346+0700,103.195.142.74,202.134.0.155,30432,53,UDP,dns,,1785892039827390,wire/pcap,0,0,0,0,0,0.0,0,0,0,none,0,none,0,0,0,no_alert_unknown,no_alert_not_final_benign,-1,dns,port
2025-07-19T23:03:18.512554+0700,103.195.142.74,202.134.0.155,32175,53,UDP,dns,,1919930316158265,wire/pcap,0,0,0,0,0,0.0,0,0,0,none,0,none,0,0,0,no_alert_unknown,no_alert_not_final_benign,-1,dns,port
2025-07-19T23:03:18.525084+0700,103.195.142.75,8.8.8.8,3254,53,UDP,dns,,1692268759833003,wire/pcap,0,0,0,0,0,0.0,0,0,0,none,0,none,0,0,0,no_alert_unknown,no_alert_not_final_benign,-1,dns,port
2025-07-19T23:03:18.532535+0700,103.195.142.74,202.134.0.155,33794,53,UDP,dns,,1724272050205221,wire/pcap,0,0,0,0,0,0.0,0,0,0,none,0,none,0,0,0,no_alert_unknown,no_alert_not_final_benign,-1,dns,port
2025-07-19T23:03:18.573807+0700,103.195.142.74,118.98.44.50,64665,53,UDP,dns,,1901536421394087,wire/pcap,0,0,0,0,0,0.0,0,0,0,none,0,none,0,0,0,no_alert_unknown,no_alert_not_final_benign,-1,dns,port
2025-07-19T23:03:18.583853+0700,103.185.193.21,1.1.1.1,55238,53,UDP,dns,,1944680547403445,wire/pcap,0,0,0,0,0,0.0,0,0,0,none,0,none,0,0,0,no_alert_unknown,no_alert_not_final_benign,-1,dns,port
2025-07-19T23:03:18.584241+0700,103.195.142.74,118.98.44.100,58858,53,UDP,dns,,1946347964482642,wire/pcap,0,0,0,0,0,0.0,0,0,0,none,0,none,0,0,0,no_alert_unknown,no_alert_not_final_benign,-1,dns,port
2025-07-19T23:03:18.584398+0700,103.195.142.75,8.8.8.8,54624,53,UDP,dns,,1947022031074853,wire/pcap,0,0,0,0,0,0.0,0,0,0,none,0,none,0,0,0,no_alert_unknown,no_alert_not_final_benign,-1,dns,port
2025-07-19T23:03:18.599409+0700,103.195.142.74,202.134.0.155,45883,53,UDP,dns,,1730020335091417,wire/pcap,0,0,0,0,0,0.0,0,0,0,none,0,none,0,0,0,no_alert_unknown,no_alert_not_final_benign,-1,dns,port
2025-07-19T23:03:18.605335+0700,103.195.142.74,118.98.44.100,10948,53,UDP,dns,,1755471511369044,wire/pcap,0,0,0,0,0,0.0,0,0,0,none,0,none,0,0,0,no_alert_unknown,no_alert_not_final_benign,-1,dns,port
2025-07-19T23:03:18.609948+0700,103.195.142.74,118.98.44.20,15159,53,UDP,dns,,1775282404029170,wire/pcap,0,0,0,0,0,0.0,0,0,0,none,0,none,0,0,0,no_alert_unknown,no_alert_not_final_benign,-1,dns,port
2025-07-19T23:03:18.627465+0700,103.195.142.74,202.134.0.155,17610,53,UDP,dns,,1850518292448710,wire/pcap,0,0,0,0,0,0.0,0,0,0,none,0,none,0,0,0,no_alert_unknown,no_alert_not_final_benign,-1,dns,port
2025-07-19T23:03:18.627545+0700,103.195.142.74,118.98.44.50,20322,53,UDP,dns,,1850862709627849,wire/pcap,0,0,0,0,0,0.0,0,0,0,none,0,none,0,0,0,no_alert_unknown,no_alert_not_final_benign,-1,dns,port
2025-07-19T23:03:18.633930+0700,103.195.142.74,118.98.44.50,13348,53,UDP,dns,,1878285922116237,wire/pcap,0,0,0,0,0,0.0,0,0,0,none,0,none,0,0,0,no_alert_unknown,no_alert_not_final_benign,-1,dns,port
2025-07-19T23:03:18.635363+0700,103.195.142.75,8.8.8.8,34869,53,UDP,dns,,1884438882865715,wire/pcap,0,0,0,0,0,0.0,0,0,0,none,0,none,0,0,0,no_alert_unknown,no_alert_not_final_benign,-1,dns,port
2025-07-19T23:03:18.644985+0700,103.195.142.74,118.98.44.50,57614,53,UDP,dns,,1925766960939062,wire/pcap,0,0,0,0,0,0.0,0,0,0,none,0,none,0,0,0,no_alert_unknown,no_alert_not_final_benign,-1,dns,port
2025-07-19T23:03:18.651351+0700,103.195.142.74,202.134.0.155,10741,53,UDP,dns,,1953108116392621,wire/pcap,0,0,0,0,0,0.0,0,0,0,none,0,none,0,0,0,no_alert_unknown,no_alert_not_final_benign,-1,dns,port
2025-07-19T23:03:18.663806+0700,103.195.142.74,118.98.44.100,56124,53,UDP,dns,,1725126072766553,wire/pcap,0,0,0,0,0,0.0,0,0,0,none,0,none,0,0,0,no_alert_unknown,no_alert_not_final_benign,-1,dns,port
2025-07-19T23:03:18.663857+0700,103.195.142.74,118.98.44.100,4070,53,UDP,dns,,1725345889754254,wire/pcap,0,0,0,0,0,0.0,0,0,0,none,0,none,0,0,0,no_alert_unknown,no_alert_not_final_benign,-1,dns,port
2025-07-19T23:03:18.676819+0700,103.195.142.74,202.134.0.155,24943,53,UDP,dns,,1781019825927218,wire/pcap,0,0,0,0,0,0.0,0,0,0,none,0,none,0,0,0,no_alert_unknown,no_alert_not_final_benign,-1,dns,port
2025-07-19T23:03:18.692326+0700,103.195.142.83,87.98.154.119,53,27698,UDP,flow,failed,2154340748241531,,1,1,0,1190,0,0.0,1,1190,0,none,0,none,0,0,0,no_alert_unknown,no_alert_not_final_benign,-1,dns,port
2025-07-19T23:03:18.701710+0700,103.195.142.75,8.8.8.8,48986,53,UDP,flow,dns,198295278924363,,1,2,0,474,0,4.0,2,474,0,none,0,none,0,0,0,no_alert_unknown,no_alert_not_final_benign,-1,dns,app_proto+port
2025-07-19T23:03:18.701810+0700,103.195.142.109,87.98.154.45,53,56893,UDP,flow,failed,1029638121665216,,1,2,0,2874,0,10.0,2,2874,0,none,0,none,0,0,0,no_alert_unknown,no_alert_not_final_benign,-1,dns,port
2025-07-19T23:03:18.701830+0700,103.195.142.46,87.98.154.207,53,7631,UDP,flow,failed,815271944663748,,1,1,0,1437,0,0.0,1,1437,0,none,0,none,0,0,0,no_alert_unknown,no_alert_not_final_benign,-1,dns,port
2025-07-19T23:03:18.701878+0700,103.195.142.74,118.98.44.100,24927,53,UDP,flow,dns,1070817817014991,,1,1,0,77,0,0.0,1,77,0,none,0,none,0,0,0,no_alert_unknown,no_alert_not_final_benign,-1,dns,app_proto+port
2025-07-19T23:03:18.702026+0700,103.195.142.74,118.98.44.20,29252,53,UDP,flow,dns,1242838929650527,,1,1,0,241,0,0.0,1,241,0,none,0,none,0,0,0,no_alert_unknown,no_alert_not_final_benign,-1,dns,app_proto+port
2025-07-19T23:03:18.702070+0700,103.195.142.74,202.134.0.155,25226,53,UDP,flow,dns,949533184439257,,1,1,0,241,0,0.0,1,241,0,none,0,none,0,0,0,no_alert_unknown,no_alert_not_final_benign,-1,dns,app_proto+port
2025-07-19T23:03:18.702187+0700,103.195.142.74,118.98.44.20,41516,53,UDP,flow,dns,1198444719191135,,1,1,0,232,0,0.0,1,232,0,none,0,none,0,0,0,no_alert_unknown,no_alert_not_final_benign,-1,dns,app_proto+port
2025-07-19T23:03:18.702207+0700,103.195.142.165,87.98.154.53,53,60287,UDP,flow,failed,1457753600046235,,1,1,0,1437,0,0.0,1,1437,0,none,0,none,0,0,0,no_alert_unknown,no_alert_not_final_benign,-1,dns,port
2025-07-19T23:03:18.702268+0700,103.195.142.76,87.98.154.119,53,61506,UDP,flow,failed,732595426440436,,1,1,0,1469,0,0.0,1,1469,0,none,0,none,0,0,0,no_alert_unknown,no_alert_not_final_benign,-1,dns,port
2025-07-19T23:03:18.702332+0700,103.195.142.195,87.98.154.119,53,43446,UDP,flow,failed,1056075078251801,,1,1,0,1437,0,0.0,1,1437,0,none,0,none,0,0,0,no_alert_unknown,no_alert_not_final_benign,-1,dns,port
2025-07-19T23:03:18.702377+0700,103.195.142.75,8.8.8.8,30123,53,UDP,flow,dns,1167487038862705,,1,1,0,78,0,0.0,1,78,0,none,0,none,0,0,0,no_alert_unknown,no_alert_not_final_benign,-1,dns,app_proto+port
2025-07-19T23:03:18.702528+0700,103.195.142.195,87.98.154.204,53,1847,UDP,flow,failed,1895832106055111,,1,1,0,1437,0,0.0,1,1437,0,none,0,none,0,0,0,no_alert_unknown,no_alert_not_final_benign,-1,dns,port
2025-07-19T23:03:18.702712+0700,103.195.142.83,87.98.154.118,53,25210,UDP,flow,failed,1883133570135740,,1,1,0,1190,0,0.0,1,1190,0,none,0,none,0,0,0,no_alert_unknown,no_alert_not_final_benign,-1,dns,port
2025-07-19T23:03:18.702734+0700,103.195.142.74,118.98.44.100,9838,53,UDP,flow,dns,1014661656753954,,1,1,0,223,0,0.0,1,223,0,none,0,none,0,0,0,no_alert_unknown,no_alert_not_final_benign,-1,dns,app_proto+port
2025-07-19T23:03:18.702802+0700,103.195.142.76,87.98.154.119,53,38647,UDP,flow,failed,1642269929060154,,1,1,0,1469,0,0.0,1,1469,0,none,0,none,0,0,0,no_alert_unknown,no_alert_not_final_benign,-1,dns,port
2025-07-19T23:03:18.702840+0700,103.195.142.75,8.8.8.8,15959,53,UDP,flow,dns,873375335593842,,1,1,0,80,0,0.0,1,80,0,none,0,none,0,0,0,no_alert_unknown,no_alert_not_final_benign,-1,dns,app_proto+port
2025-07-19T23:03:18.702943+0700,103.195.142.83,87.98.154.119,53,9629,UDP,flow,failed,1543750178912182,,1,1,0,1190,0,0.0,1,1190,0,none,0,none,0,0,0,no_alert_unknown,no_alert_not_final_benign,-1,dns,port
2025-07-19T23:03:18.702966+0700,103.195.142.196,87.98.154.81,53,30942,UDP,flow,failed,1228613616547861,,1,1,0,1437,0,0.0,1,1437,0,none,0,none,0,0,0,no_alert_unknown,no_alert_not_final_benign,-1,dns,port
2025-07-19T23:03:18.702997+0700,103.195.142.76,87.98.154.18,53,34988,UDP,flow,failed,1368081203869743,,1,1,0,1469,0,0.0,1,1469,0,none,0,none,0,0,0,no_alert_unknown,no_alert_not_final_benign,-1,dns,port
2025-07-19T23:03:18.703077+0700,103.195.142.83,87.98.154.178,53,24123,UDP,flow,failed,769546588665907,,1,1,0,1190,0,0.0,1,1190,0,none,0,none,0,0,0,no_alert_unknown,no_alert_not_final_benign,-1,dns,port
2025-07-19T23:03:18.703129+0700,103.195.142.46,87.98.154.119,53,60574,UDP,flow,failed,1797519917201464,,1,1,0,1437,0,0.0,1,1437,0,none,0,none,0,0,0,no_alert_unknown,no_alert_not_final_benign,-1,dns,port
2025-07-19T23:03:18.703150+0700,103.195.142.74,118.98.44.100,53712,53,UDP,flow,dns,1279819127208013,,1,1,0,79,0,0.0,1,79,0,none,0,none,0,0,0,no_alert_unknown,no_alert_not_final_benign,-1,dns,app_proto+port
2025-07-19T23:03:18.703172+0700,103.195.142.195,87.98.154.117,53,1199,UDP,flow,failed,1256520042100824,,1,1,0,1437,0,0.0,1,1437,0,none,0,none,0,0,0,no_alert_unknown,no_alert_not_final_benign,-1,dns,port
2025-07-19T23:03:18.703192+0700,103.195.142.75,8.8.8.8,45252,53,UDP,flow,dns,1809478599456864,,1,1,0,86,0,0.0,1,86,0,none,0,none,0,0,0,no_alert_unknown,no_alert_not_final_benign,-1,dns,app_proto+port
2025-07-19T23:03:18.703224+0700,103.195.142.74,118.98.44.50,15446,53,UDP,flow,dns,1717942171547771,,1,1,0,214,0,0.0,1,214,0,none,0,none,0,0,0,no_alert_unknown,no_alert_not_final_benign,-1,dns,app_proto+port
2025-07-19T23:03:18.703288+0700,103.195.142.46,87.98.154.15,53,50148,UDP,flow,failed,906393639139543,,1,1,0,1437,0,0.0,1,1437,0,none,0,none,0,0,0,no_alert_unknown,no_alert_not_final_benign,-1,dns,port
2025-07-19T23:03:18.703314+0700,103.195.142.3,172.70.116.71,53,30040,UDP,flow,failed,1394210630809826,,1,1,0,144,0,0.0,1,144,0,none,0,none,0,0,0,no_alert_unknown,no_alert_not_final_benign,-1,dns,port
2025-07-19T23:03:18.703334+0700,103.195.142.74,118.98.44.20,17277,53,UDP,flow,dns,1150803032684791,,1,1,0,74,0,0.0,1,74,0,none,0,none,0,0,0,no_alert_unknown,no_alert_not_final_benign,-1,dns,app_proto+port
2025-07-19T23:03:18.703461+0700,103.195.142.75,8.8.8.8,51966,53,UDP,flow,dns,703075377363366,,1,1,0,85,0,0.0,1,85,0,none,0,none,0,0,0,no_alert_unknown,no_alert_not_final_benign,-1,dns,app_proto+port
2025-07-19T23:03:18.703501+0700,103.195.142.165,87.98.154.119,53,53118,UDP,flow,failed,1533547485542896,,1,1,0,1437,0,0.0,1,1437,0,none,0,none,0,0,0,no_alert_unknown,no_alert_not_final_benign,-1,dns,port
2025-07-19T23:03:18.703593+0700,103.195.142.74,118.98.44.50,41037,53,UDP,flow,dns,980471417748055,,1,1,0,214,0,0.0,1,214,0,none,0,none,0,0,0,no_alert_unknown,no_alert_not_final_benign,-1,dns,app_proto+port
2025-07-19T23:03:18.703740+0700,103.195.142.83,87.98.154.130,53,24862,UDP,flow,failed,1790766763358880,,1,1,0,1190,0,0.0,1,1190,0,none,0,none,0,0,0,no_alert_unknown,no_alert_not_final_benign,-1,dns,port
2025-07-19T23:03:18.703809+0700,103.195.142.165,87.98.154.119,53,15020,UDP,flow,failed,573554703547070,,1,1,0,1437,0,0.0,1,1437,0,none,0,none,0,0,0,no_alert_unknown,no_alert_not_final_benign,-1,dns,port
2025-07-19T23:03:18.703833+0700,103.195.142.2,172.253.244.153,53,60532,UDP,flow,failed,1948682216225475,,1,1,0,235,0,0.0,1,235,0,none,0,none,0,0,0,no_alert_unknown,no_alert_not_final_benign,-1,dns,port
2025-07-19T23:03:18.703875+0700,103.195.142.196,87.98.154.119,53,20765,UDP,flow,failed,998966666410756,,1,1,0,1437,0,0.0,1,1437,0,none,0,none,0,0,0,no_alert_unknown,no_alert_not_final_benign,-1,dns,port
2025-07-19T23:03:18.703901+0700,103.195.142.196,87.98.154.119,53,58143,UDP,flow,failed,1420703306562340,,1,1,0,1437,0,0.0,1,1437,0,none,0,none,0,0,0,no_alert_unknown,no_alert_not_final_benign,-1,dns,port
2025-07-19T23:03:18.703956+0700,103.195.142.75,50.28.102.86,57289,53,UDP,flow,dns,1653431930862412,,1,1,0,85,0,0.0,1,85,0,none,0,none,0,0,0,no_alert_unknown,no_alert_not_final_benign,-1,dns,app_proto+port
2025-07-19T23:03:18.704049+0700,103.195.142.74,202.134.0.155,36430,53,UDP,flow,dns,1413025274936180,,1,1,0,211,0,0.0,1,211,0,none,0,none,0,0,0,no_alert_unknown,no_alert_not_final_benign,-1,dns,app_proto+port
2025-07-19T23:03:18.704069+0700,103.195.142.196,87.98.154.117,53,3719,UDP,flow,failed,1084912684448637,,1,1,0,1437,0,0.0,1,1437,0,none,0,none,0,0,0,no_alert_unknown,no_alert_not_final_benign,-1,dns,port
2025-07-19T23:03:18.704124+0700,103.195.142.74,50.28.32.153,53945,53,UDP,flow,dns,1430437793446812,,1,1,0,85,0,0.0,1,85,0,none,0,none,0,0,0,no_alert_unknown,no_alert_not_final_benign,-1,dns,app_proto+port
2025-07-19T23:03:18.704172+0700,103.195.142.75,8.8.8.8,8358,53,UDP,flow,dns,1948349892672525,,1,1,0,89,0,0.0,1,89,0,none,0,none,0,0,0,no_alert_unknown,no_alert_not_final_benign,-1,dns,app_proto+port
2025-07-19T23:03:18.704236+0700,103.195.142.74,202.134.0.155,9908,53,UDP,flow,dns,1748062096014491,,1,1,0,211,0,0.0,1,211,0,none,0,none,0,0,0,no_alert_unknown,no_alert_not_final_benign,-1,dns,app_proto+port
2025-07-19T23:03:18.704270+0700,103.195.142.74,202.134.0.155,61274,53,UDP,flow,dns,1665713526291614,,1,1,0,87,0,0.0,1,87,0,none,0,none,0,0,0,no_alert_unknown,no_alert_not_final_benign,-1,dns,app_proto+port
2025-07-19T23:03:18.704347+0700,103.195.142.31,8.8.8.8,4319,53,UDP,flow,dns,1046200447876314,,1,1,0,74,0,0.0,1,74,0,none,0,none,0,0,0,no_alert_unknown,no_alert_not_final_benign,-1,dns,app_proto+port
2025-07-19T23:03:18.704391+0700,103.195.142.195,87.98.154.200,53,35527,UDP,flow,failed,922877314284778,,1,1,0,1437,0,0.0,1,1437,0,none,0,none,0,0,0,no_alert_unknown,no_alert_not_final_benign,-1,dns,port
2025-07-19T23:03:18.704422+0700,103.195.142.76,87.98.154.118,53,21813,UDP,flow,failed,1716407747820816,,1,1,0,1469,0,0.0,1,1469,0,none,0,none,0,0,0,no_alert_unknown,no_alert_not_final_benign,-1,dns,port
2025-07-19T23:03:18.704490+0700,103.195.142.75,8.8.8.8,14783,53,UDP,flow,dns,1604190463278422,,1,1,0,86,0,0.0,1,86,0,none,0,none,0,0,0,no_alert_unknown,no_alert_not_final_benign,-1,dns,app_proto+port
2025-07-19T23:03:18.704513+0700,103.195.142.74,118.98.44.100,54926,53,UDP,flow,dns,1065162408017269,,1,1,0,211,0,0.0,1,211,0,none,0,none,0,0,0,no_alert_unknown,no_alert_not_final_benign,-1,dns,app_proto+port
2025-07-19T23:03:18.704533+0700,103.195.142.74,118.98.44.20,59928,53,UDP,flow,dns,1433249992752574,,1,1,0,78,0,0.0,1,78,0,none,0,none,0,0,0,no_alert_unknown,no_alert_not_final_benign,-1,dns,app_proto+port
2025-07-19T23:03:18.704562+0700,103.195.142.196,87.98.154.119,53,21139,UDP,flow,failed,753767978188237,,1,1,0,1437,0,0.0,1,1437,0,none,0,none,0,0,0,no_alert_unknown,no_alert_not_final_benign,-1,dns,port
2025-07-19T23:03:18.704582+0700,103.195.142.75,8.8.8.8,3286,53,UDP,flow,dns,362642036571628,,1,2,0,176,0,5.0,2,176,0,none,0,none,0,0,0,no_alert_unknown,no_alert_not_final_benign,-1,dns,app_proto+port
2025-07-19T23:03:18.704958+0700,103.195.142.74,118.98.44.100,61934,53,UDP,flow,dns,959060798881447,,1,1,0,74,0,0.0,1,74,0,none,0,none,0,0,0,no_alert_unknown,no_alert_not_final_benign,-1,dns,app_proto+port
2025-07-19T23:03:18.705033+0700,103.195.142.75,208.74.121.116,56337,53,UDP,flow,dns,1397911794433716,,1,1,0,88,0,0.0,1,88,0,none,0,none,0,0,0,no_alert_unknown,no_alert_not_final_benign,-1,dns,app_proto+port
2025-07-19T23:03:18.705152+0700,103.195.142.3,172.70.116.71,53,36467,UDP,flow,failed,1886608281780008,,1,1,0,141,0,0.0,1,141,0,none,0,none,0,0,0,no_alert_unknown,no_alert_not_final_benign,-1,dns,port
2025-07-19T23:03:18.705172+0700,103.195.142.83,87.98.154.242,53,24313,UDP,flow,failed,1088345429524275,,1,1,0,1190,0,0.0,1,1190,0,none,0,none,0,0,0,no_alert_unknown,no_alert_not_final_benign,-1,dns,port
2025-07-19T23:03:18.705190+0700,103.195.142.195,87.98.154.232,53,48847,UDP,flow,failed,1775753108733772,,1,1,0,1437,0,0.0,1,1437,0,none,0,none,0,0,0,no_alert_unknown,no_alert_not_final_benign,-1,dns,port
2025-07-19T23:03:18.705221+0700,103.195.142.109,87.98.154.13,53,56536,UDP,flow,failed,914591508479900,,1,1,0,1437,0,0.0,1,1437,0,none,0,none,0,0,0,no_alert_unknown,no_alert_not_final_benign,-1,dns,port
2025-07-19T23:03:18.705256+0700,103.195.142.76,87.98.154.119,53,12368,UDP,flow,failed,974926320320425,,1,1,0,1469,0,0.0,1,1469,0,none,0,none,0,0,0,no_alert_unknown,no_alert_not_final_benign,-1,dns,port
2025-07-19T23:03:18.705288+0700,103.195.142.83,87.98.154.119,53,43980,UDP,flow,failed,959353529057198,,1,1,0,1190,0,0.0,1,1190,0,none,0,none,0,0,0,no_alert_unknown,no_alert_not_final_benign,-1,dns,port
2025-07-19T23:03:18.705319+0700,103.195.142.46,87.98.154.187,53,28134,UDP,flow,failed,1749719473799246,,1,1,0,1437,0,0.0,1,1437,0,none,0,none,0,0,0,no_alert_unknown,no_alert_not_final_benign,-1,dns,port
2025-07-19T23:03:18.705338+0700,103.195.142.3,74.125.114.145,53,59667,UDP,flow,failed,1852883505856603,,1,1,0,207,0,0.0,1,207,0,none,0,none,0,0,0,no_alert_unknown,no_alert_not_final_benign,-1,dns,port
2025-07-19T23:03:18.705357+0700,103.195.142.195,87.98.154.119,53,45553,UDP,flow,failed,1907547535982683,,1,1,0,1437,0,0.0,1,1437,0,none,0,none,0,0,0,no_alert_unknown,no_alert_not_final_benign,-1,dns,port
2025-07-19T23:03:18.705376+0700,103.195.142.74,118.98.44.20,56266,53,UDP,flow,dns,1024116287422555,,1,1,0,211,0,0.0,1,211,0,none,0,none,0,0,0,no_alert_unknown,no_alert_not_final_benign,-1,dns,app_proto+port
2025-07-19T23:03:18.705425+0700,103.195.142.74,202.134.0.155,60910,53,UDP,flow,dns,1341299492798627,,1,1,0,74,0,0.0,1,74,0,none,0,none,0,0,0,no_alert_unknown,no_alert_not_final_benign,-1,dns,app_proto+port
2025-07-19T23:03:18.705469+0700,103.195.142.2,172.253.236.219,53,63703,UDP,flow,failed,1271315964313836,,1,1,0,212,0,0.0,1,212,0,none,0,none,0,0,0,no_alert_unknown,no_alert_not_final_benign,-1,dns,port
2025-07-19T23:03:18.705560+0700,103.195.142.46,87.98.154.103,53,46147,UDP,flow,failed,1093870230847855,,1,2,0,2874,0,10.0,2,2874,0,none,0,none,0,0,0,no_alert_unknown,no_alert_not_final_benign,-1,dns,port
2025-07-19T23:03:18.705579+0700,103.195.142.74,118.98.44.100,49613,53,UDP,flow,dns,1118008259264887,,1,1,0,223,0,0.0,1,223,0,none,0,none,0,0,0,no_alert_unknown,no_alert_not_final_benign,-1,dns,app_proto+port
2025-07-19T23:03:18.705621+0700,103.195.142.83,87.98.154.46,53,38337,UDP,flow,failed,1236458552181287,,1,3,0,3570,0,10.0,3,3570,0,none,0,none,0,0,0,no_alert_unknown,no_alert_not_final_benign,-1,dns,port
2025-07-19T23:03:18.705640+0700,103.195.142.76,87.98.154.119,53,59266,UDP,flow,failed,1703103738233402,,1,1,0,1469,0,0.0,1,1469,0,none,0,none,0,0,0,no_alert_unknown,no_alert_not_final_benign,-1,dns,port
2025-07-19T23:03:18.705663+0700,103.195.142.46,87.98.154.95,53,47679,UDP,flow,failed,1682447212233549,,1,1,0,1437,0,0.0,1,1437,0,none,0,none,0,0,0,no_alert_unknown,no_alert_not_final_benign,-1,dns,port
2025-07-19T23:03:18.705682+0700,103.195.142.74,202.134.0.155,35748,53,UDP,flow,dns,927649947861854,,1,1,0,77,0,0.0,1,77,0,none,0,none,0,0,0,no_alert_unknown,no_alert_not_final_benign,-1,dns,app_proto+port
2025-07-19T23:03:18.705702+0700,103.195.142.109,87.98.154.17,53,13273,UDP,flow,failed,1685733370446701,,1,1,0,1437,0,0.0,1,1437,0,none,0,none,0,0,0,no_alert_unknown,no_alert_not_final_benign,-1,dns,port
2025-07-19T23:03:18.705720+0700,103.195.142.75,8.8.8.8,1119,53,UDP,flow,dns,1737110907405197,,1,1,0,73,0,0.0,1,73,0,none,0,none,0,0,0,no_alert_unknown,no_alert_not_final_benign,-1,dns,app_proto+port
2025-07-19T23:03:18.705753+0700,103.195.142.76,87.98.154.74,53,40224,UDP,flow,failed,608791927145361,,1,1,0,1469,0,0.0,1,1469,0,none,0,none,0,0,0,no_alert_unknown,no_alert_not_final_benign,-1,dns,port
2025-07-19T23:03:18.705797+0700,103.195.142.196,87.98.154.109,53,51765,UDP,flow,failed,937628629615552,,1,1,0,1437,0,0.0,1,1437,0,none,0,none,0,0,0,no_alert_unknown,no_alert_not_final_benign,-1,dns,port
2025-07-19T23:03:18.705828+0700,103.195.142.76,87.98.154.119,53,53940,UDP,flow,failed,1450224878306255,,1,1,0,1469,0,0.0,1,1469,0,none,0,none,0,0,0,no_alert_unknown,no_alert_not_final_benign,-1,dns,port
2025-07-19T23:03:18.705847+0700,103.195.142.196,87.98.154.118,53,15988,UDP,flow,failed,1283974992249820,,1,1,0,1437,0,0.0,1,1437,0,none,0,none,0,0,0,no_alert_unknown,no_alert_not_final_benign,-1,dns,port
2025-07-19T23:03:18.705942+0700,103.195.142.75,8.8.8.8,44044,53,UDP,flow,dns,764004942627921,,1,1,0,102,0,0.0,1,102,0,none,0,none,0,0,0,no_alert_unknown,no_alert_not_final_benign,-1,dns,app_proto+port
2025-07-19T23:03:18.705968+0700,103.195.142.76,87.98.154.246,53,37894,UDP,flow,failed,1616259639624832,,1,1,0,1469,0,0.0,1,1469,0,none,0,none,0,0,0,no_alert_unknown,no_alert_not_final_benign,-1,dns,port
2025-07-19T23:03:18.705987+0700,103.195.142.196,87.98.154.119,53,31494,UDP,flow,failed,1036589115851930,,1,1,0,1437,0,0.0,1,1437,0,none,0,none,0,0,0,no_alert_unknown,no_alert_not_final_benign,-1,dns,port
2025-07-19T23:03:18.706017+0700,103.195.142.46,87.98.154.215,53,13745,UDP,flow,failed,882569465185441,,1,1,0,1437,0,0.0,1,1437,0,none,0,none,0,0,0,no_alert_unknown,no_alert_not_final_benign,-1,dns,port
2025-07-19T23:03:18.706036+0700,103.195.142.74,118.98.44.20,8627,53,UDP,flow,dns,1533403811300552,,1,1,0,232,0,0.0,1,232,0,none,0,none,0,0,0,no_alert_unknown,no_alert_not_final_benign,-1,dns,app_proto+port
2025-07-19T23:03:18.706059+0700,103.195.142.76,87.98.154.238,53,42766,UDP,flow,failed,616955894449423,,1,1,0,1469,0,0.0,1,1469,0,none,0,none,0,0,0,no_alert_unknown,no_alert_not_final_benign,-1,dns,port
2025-07-19T23:03:18.706079+0700,103.195.142.2,192.178.37.148,53,59560,UDP,flow,failed,642141623895338,,1,1,0,227,0,0.0,1,227,0,none,0,none,0,0,0,no_alert_unknown,no_alert_not_final_benign,-1,dns,port
2025-07-19T23:03:18.706119+0700,103.195.142.46,87.98.154.119,53,4623,UDP,flow,failed,759030077736240,,1,1,0,1437,0,0.0,1,1437,0,none,0,none,0,0,0,no_alert_unknown,no_alert_not_final_benign,-1,dns,port
2025-07-19T23:03:18.706178+0700,103.195.142.109,87.98.154.213,53,55941,UDP,flow,failed,1008878800487763,,1,1,0,1437,0,0.0,1,1437,0,none,0,none,0,0,0,no_alert_unknown,no_alert_not_final_benign,-1,dns,port
2025-07-19T23:03:18.706200+0700,103.195.142.165,87.98.154.117,53,13044,UDP,flow,failed,1416505111299413,,1,1,0,1437,0,0.0,1,1437,0,none,0,none,0,0,0,no_alert_unknown,no_alert_not_final_benign,-1,dns,port
2025-07-19T23:03:18.706225+0700,103.195.142.165,87.98.154.119,53,31837,UDP,flow,failed,1565016138270039,,1,1,0,1437,0,0.0,1,1437,0,none,0,none,0,0,0,no_alert_unknown,no_alert_not_final_benign,-1,dns,port
2025-07-19T23:03:18.706243+0700,103.195.142.195,87.98.154.144,53,50144,UDP,flow,failed,1932672422921563,,1,1,0,1437,0,0.0,1,1437,0,none,0,none,0,0,0,no_alert_unknown,no_alert_not_final_benign,-1,dns,port
2025-07-19T23:03:18.706283+0700,103.195.142.74,202.134.0.155,24060,53,UDP,flow,dns,984789514339737,,1,1,0,90,0,0.0,1,90,0,none,0,none,0,0,0,no_alert_unknown,no_alert_not_final_benign,-1,dns,app_proto+port
2025-07-19T23:03:18.706321+0700,103.195.142.74,118.98.44.100,43521,53,UDP,flow,dns,1641832798045613,,1,1,0,88,0,0.0,1,88,0,none,0,none,0,0,0,no_alert_unknown,no_alert_not_final_benign,-1,dns,app_proto+port
2025-07-19T23:03:18.706341+0700,103.195.142.74,118.98.44.20,39069,53,UDP,flow,dns,1342073337300479,,1,1,0,68,0,0.0,1,68,0,none,0,none,0,0,0,no_alert_unknown,no_alert_not_final_benign,-1,dns,app_proto+port
2025-07-19T23:03:18.706361+0700,103.195.142.46,87.98.154.67,53,10250,UDP,flow,failed,1964766879041047,,1,1,0,1437,0,0.0,1,1437,0,none,0,none,0,0,0,no_alert_unknown,no_alert_not_final_benign,-1,dns,port
2025-07-19T23:03:18.706384+0700,103.195.142.46,87.98.154.117,53,1789,UDP,flow,failed,1377559077602872,,1,1,0,1437,0,0.0,1,1437,0,none,0,none,0,0,0,no_alert_unknown,no_alert_not_final_benign,-1,dns,port
2025-07-19T23:03:18.706404+0700,103.195.142.83,87.98.154.66,53,24663,UDP,flow,failed,1623934770890383,,1,1,0,1190,0,0.0,1,1190,0,none,0,none,0,0,0,no_alert_unknown,no_alert_not_final_benign,-1,dns,port
2025-07-19T23:03:18.706439+0700,103.195.142.46,87.98.154.43,53,42876,UDP,flow,failed,1021817973589661,,1,1,0,1437,0,0.0,1,1437,0,none,0,none,0,0,0,no_alert_unknown,no_alert_not_final_benign,-1,dns,port
2025-07-19T23:03:18.706469+0700,103.195.142.196,87.98.154.225,53,46016,UDP,flow,failed,908723257493158,,1,1,0,1437,0,0.0,1,1437,0,none,0,none,0,0,0,no_alert_unknown,no_alert_not_final_benign,-1,dns,port
2025-07-19T23:03:18.706490+0700,103.195.142.196,87.98.154.119,53,57404,UDP,flow,failed,683930185909949,,1,1,0,1437,0,0.0,1,1437,0,none,0,none,0,0,0,no_alert_unknown,no_alert_not_final_benign,-1,dns,port
2025-07-19T23:03:18.706563+0700,103.195.142.165,87.98.154.119,53,57617,UDP,flow,failed,711067478214382,,1,1,0,1437,0,0.0,1,1437,0,none,0,none,0,0,0,no_alert_unknown,no_alert_not_final_benign,-1,dns,port
2025-07-19T23:03:18.706591+0700,103.195.142.74,118.98.44.100,2136,53,UDP,flow,dns,1573819673429766,,1,1,0,72,0,0.0,1,72,0,none,0,none,0,0,0,no_alert_unknown,no_alert_not_final_benign,-1,dns,app_proto+port
2025-07-19T23:03:18.706612+0700,103.195.142.195,87.98.154.116,53,53106,UDP,flow,failed,298218646750984,,1,3,0,4311,0,10.0,3,4311,0,none,0,none,0,0,0,no_alert_unknown,no_alert_not_final_benign,-1,dns,port
2025-07-19T23:03:18.706646+0700,103.195.142.195,87.98.154.60,53,29147,UDP,flow,failed,1930377135867737,,1,2,0,2874,0,6.0,2,2874,0,none,0,none,0,0,0,no_alert_unknown,no_alert_not_final_benign,-1,dns,port
2025-07-19T23:03:18.706666+0700,103.195.142.74,118.98.44.100,9947,53,UDP,flow,dns,1387440559966053,,1,1,0,87,0,0.0,1,87,0,none,0,none,0,0,0,no_alert_unknown,no_alert_not_final_benign,-1,dns,app_proto+port
2025-07-19T23:03:18.706686+0700,103.195.142.196,87.98.154.217,53,38053,UDP,flow,failed,1134286249740175,,1,1,0,1437,0,0.0,1,1437,0,none,0,none,0,0,0,no_alert_unknown,no_alert_not_final_benign,-1,dns,port
2025-07-19T23:03:18.706738+0700,103.195.142.74,118.98.44.50,49130,53,UDP,flow,dns,1147205341562830,,1,1,0,77,0,0.0,1,77,0,none,0,none,0,0,0,no_alert_unknown,no_alert_not_final_benign,-1,dns,app_proto+port
2025-07-19T23:03:18.706778+0700,103.195.142.109,87.98.154.119,53,63236,UDP,flow,failed,829390825211968,,1,1,0,1437,0,0.0,1,1437,0,none,0,none,0,0,0,no_alert_unknown,no_alert_not_final_benign,-1,dns,port
2025-07-19T23:03:18.706823+0700,103.195.142.74,118.98.44.100,53726,53,UDP,flow,dns,1650349626312801,,1,1,0,223,0,0.0,1,223,0,none,0,none,0,0,0,no_alert_unknown,no_alert_not_final_benign,-1,dns,app_proto+port
2025-07-19T23:03:18.706868+0700,103.195.142.109,87.98.154.101,53,43641,UDP,flow,failed,839414083766414,,1,1,0,1437,0,0.0,1,1437,0,none,0,none,0,0,0,no_alert_unknown,no_alert_not_final_benign,-1,dns,port
2025-07-19T23:03:18.706890+0700,103.195.142.196,87.98.154.119,53,7699,UDP,flow,failed,1600979981191367,,1,1,0,1437,0,0.0,1,1437,0,none,0,none,0,0,0,no_alert_unknown,no_alert_not_final_benign,-1,dns,port
2025-07-19T23:03:18.706951+0700,103.195.142.196,87.98.154.119,53,1376,UDP,flow,failed,1740481049413856,,1,1,0,1437,0,0.0,1,1437,0,none,0,none,0,0,0,no_alert_unknown,no_alert_not_final_benign,-1,dns,port
2025-07-19T23:03:18.707041+0700,103.195.142.74,34.8.196.142,59632,53,UDP,flow,dns,1389678426212843,,1,1,0,225,0,0.0,1,225,0,none,0,none,0,0,0,no_alert_unknown,no_alert_not_final_benign,-1,dns,app_proto+port
2025-07-19T23:03:18.707086+0700,103.195.142.75,8.8.8.8,43134,53,UDP,flow,dns,1057883125795381,,1,1,0,77,0,0.0,1,77,0,none,0,none,0,0,0,no_alert_unknown,no_alert_not_final_benign,-1,dns,app_proto+port
2025-07-19T23:03:18.707145+0700,103.195.142.196,87.98.154.119,53,16746,UDP,flow,failed,1845856954829424,,1,1,0,1437,0,0.0,1,1437,0,none,0,none,0,0,0,no_alert_unknown,no_alert_not_final_benign,-1,dns,port
2025-07-19T23:03:18.707194+0700,103.195.142.74,50.28.32.153,9004,53,UDP,flow,dns,1961871131691657,,1,1,0,85,0,0.0,1,85,0,none,0,none,0,0,0,no_alert_unknown,no_alert_not_final_benign,-1,dns,app_proto+port
2025-07-19T23:03:18.707243+0700,103.195.142.74,202.134.0.155,35408,53,UDP,flow,dns,1005701598825130,,1,1,0,87,0,0.0,1,87,0,none,0,none,0,0,0,no_alert_unknown,no_alert_not_final_benign,-1,dns,app_proto+port
2025-07-19T23:03:18.707315+0700,103.195.142.3,66.185.123.244,53,1700,UDP,flow,failed,1451504059894549,,1,1,0,135,0,0.0,1,135,0,none,0,none,0,0,0,no_alert_unknown,no_alert_not_final_benign,-1,dns,port
2025-07-19T23:03:18.707336+0700,103.195.142.83,87.98.154.119,53,47562,UDP,flow,failed,604281932106534,,1,1,0,1190,0,0.0,1,1190,0,none,0,none,0,0,0,no_alert_unknown,no_alert_not_final_benign,-1,dns,port
2025-07-19T23:03:18.707380+0700,103.195.142.75,8.8.8.8,3953,53,UDP,flow,dns,1373589617658681,,1,1,0,85,0,0.0,1,85,0,none,0,none,0,0,0,no_alert_unknown,no_alert_not_final_benign,-1,dns,app_proto+port
2025-07-19T23:03:18.707494+0700,103.195.142.3,74.125.74.151,53,50548,UDP,flow,failed,1716432464595831,,1,1,0,212,0,0.0,1,212,0,none,0,none,0,0,0,no_alert_unknown,no_alert_not_final_benign,-1,dns,port
2025-07-19T23:03:18.707519+0700,103.195.142.2,172.253.211.91,53,40100,UDP,flow,failed,641661663857529,,1,1,0,249,0,0.0,1,249,0,none,0,none,0,0,0,no_alert_unknown,no_alert_not_final_benign,-1,dns,port
2025-07-19T23:03:18.707553+0700,103.195.142.74,118.98.44.20,2973,53,UDP,flow,dns,922267024706428,,1,1,0,77,0,0.0,1,77,0,none,0,none,0,0,0,no_alert_unknown,no_alert_not_final_benign,-1,dns,app_proto+port
2025-07-19T23:03:18.707705+0700,103.195.142.46,87.98.154.159,53,30316,UDP,flow,failed,1716192005016669,,1,1,0,1437,0,0.0,1,1437,0,none,0,none,0,0,0,no_alert_unknown,no_alert_not_final_benign,-1,dns,port
2025-07-19T23:03:18.707773+0700,103.195.142.3,172.253.211.16,53,53528,UDP,flow,failed,1615388758265003,,1,1,0,220,0,0.0,1,220,0,none,0,none,0,0,0,no_alert_unknown,no_alert_not_final_benign,-1,dns,port
2025-07-19T23:03:18.707803+0700,103.195.142.75,8.8.8.8,28116,53,UDP,flow,dns,1350409453522104,,1,1,0,68,0,0.0,1,68,0,none,0,none,0,0,0,no_alert_unknown,no_alert_not_final_benign,-1,dns,app_proto+port
2025-07-19T23:03:18.707851+0700,103.195.142.2,3.19.147.111,53,32926,UDP,flow,failed,1617583416823041,,1,1,0,290,0,0.0,1,290,0,none,0,none,0,0,0,no_alert_unknown,no_alert_not_final_benign,-1,dns,port
2025-07-19T23:03:18.707900+0700,103.195.142.195,87.98.154.119,53,42583,UDP,flow,failed,1242287780547861,,1,1,0,1437,0,0.0,1,1437,0,none,0,none,0,0,0,no_alert_unknown,no_alert_not_final_benign,-1,dns,port
2025-07-19T23:03:18.707921+0700,103.195.142.74,118.98.44.100,15592,53,UDP,flow,dns,1775367130533178,,1,1,0,78,0,0.0,1,78,0,none,0,none,0,0,0,no_alert_unknown,no_alert_not_final_benign,-1,dns,app_proto+port
2025-07-19T23:03:18.707954+0700,103.195.142.76,87.98.154.119,53,16834,UDP,flow,failed,882306440842572,,1,1,0,1469,0,0.0,1,1469,0,none,0,none,0,0,0,no_alert_unknown,no_alert_not_final_benign,-1,dns,port
2025-07-19T23:03:18.708046+0700,103.195.142.195,87.98.154.119,53,34187,UDP,flow,failed,1272722843061613,,1,1,0,1437,0,0.0,1,1437,0,none,0,none,0,0,0,no_alert_unknown,no_alert_not_final_benign,-1,dns,port
2025-07-19T23:03:18.708072+0700,103.195.142.74,118.98.44.100,57439,53,UDP,flow,dns,1243209438350824,,1,1,0,223,0,0.0,1,223,0,none,0,none,0,0,0,no_alert_unknown,no_alert_not_final_benign,-1,dns,app_proto+port
2025-07-19T23:03:18.708185+0700,103.195.142.195,87.98.154.200,53,14955,UDP,flow,failed,1421846248705553,,1,1,0,1437,0,0.0,1,1437,0,none,0,none,0,0,0,no_alert_unknown,no_alert_not_final_benign,-1,dns,port
2025-07-19T23:03:18.708218+0700,103.195.142.2,172.217.47.16,53,49960,UDP,flow,failed,1759177528069735,,1,1,0,166,0,0.0,1,166,0,none,0,none,0,0,0,no_alert_unknown,no_alert_not_final_benign,-1,dns,port
2025-07-19T23:03:18.708240+0700,103.195.142.83,87.98.154.130,53,54920,UDP,flow,failed,1918230565637747,,1,1,0,1190,0,0.0,1,1190,0,none,0,none,0,0,0,no_alert_unknown,no_alert_not_final_benign,-1,dns,port
2025-07-19T23:03:18.708299+0700,103.195.142.195,87.98.154.119,53,27903,UDP,flow,failed,1645467594608271,,1,1,0,1437,0,0.0,1,1437,0,none,0,none,0,0,0,no_alert_unknown,no_alert_not_final_benign,-1,dns,port
2025-07-19T23:03:18.708319+0700,103.195.142.76,87.98.154.117,53,62696,UDP,flow,failed,1678726428053206,,1,1,0,1469,0,0.0,1,1469,0,none,0,none,0,0,0,no_alert_unknown,no_alert_not_final_benign,-1,dns,port
2025-07-19T23:03:18.708337+0700,103.195.142.165,87.98.154.119,53,2285,UDP,flow,failed,919770949308153,,1,1,0,1437,0,0.0,1,1437,0,none,0,none,0,0,0,no_alert_unknown,no_alert_not_final_benign,-1,dns,port
2025-07-19T23:03:18.708413+0700,103.195.142.75,50.28.102.86,19347,53,UDP,flow,dns,1701616874966863,,1,1,0,85,0,0.0,1,85,0,none,0,none,0,0,0,no_alert_unknown,no_alert_not_final_benign,-1,dns,app_proto+port
2025-07-19T23:03:18.708445+0700,103.195.142.75,8.8.8.8,54487,53,UDP,flow,dns,598516724944782,,1,1,0,102,0,0.0,1,102,0,none,0,none,0,0,0,no_alert_unknown,no_alert_not_final_benign,-1,dns,app_proto+port
2025-07-19T23:03:18.708508+0700,103.195.142.195,87.98.154.136,53,23404,UDP,flow,failed,596434264674301,,1,1,0,1437,0,0.0,1,1437,0,none,0,none,0,0,0,no_alert_unknown,no_alert_not_final_benign,-1,dns,port
2025-07-19T23:03:18.708546+0700,103.195.142.46,87.98.154.119,53,26534,UDP,flow,failed,1134142897016879,,1,1,0,1437,0,0.0,1,1437,0,none,0,none,0,0,0,no_alert_unknown,no_alert_not_final_benign,-1,dns,port
2025-07-19T23:03:18.708575+0700,103.195.142.46,87.98.154.39,53,43220,UDP,flow,failed,1771470921617462,,1,1,0,1437,0,0.0,1,1437,0,none,0,none,0,0,0,no_alert_unknown,no_alert_not_final_benign,-1,dns,port
2025-07-19T23:03:18.708593+0700,103.195.142.195,87.98.154.118,53,45498,UDP,flow,failed,1644213753827492,,1,1,0,1437,0,0.0,1,1437,0,none,0,none,0,0,0,no_alert_unknown,no_alert_not_final_benign,-1,dns,port
2025-07-19T23:03:18.708671+0700,103.195.142.83,87.98.154.242,53,13459,UDP,flow,failed,967534428639646,,1,1,0,1190,0,0.0,1,1190,0,none,0,none,0,0,0,no_alert_unknown,no_alert_not_final_benign,-1,dns,port
2025-07-19T23:03:18.708689+0700,103.195.142.196,87.98.154.119,53,19050,UDP,flow,failed,863241034224034,,1,1,0,1437,0,0.0,1,1437,0,none,0,none,0,0,0,no_alert_unknown,no_alert_not_final_benign,-1,dns,port
2025-07-19T23:03:18.708708+0700,103.195.142.2,172.217.44.208,53,54652,UDP,flow,failed,1962738760831400,,1,1,0,162,0,0.0,1,162,0,none,0,none,0,0,0,no_alert_unknown,no_alert_not_final_benign,-1,dns,port
2025-07-19T23:03:18.708815+0700,103.195.142.76,87.98.154.119,53,32709,UDP,flow,failed,1216832802280141,,1,1,0,1469,0,0.0,1,1469,0,none,0,none,0,0,0,no_alert_unknown,no_alert_not_final_benign,-1,dns,port
2025-07-19T23:03:18.708830+0700,103.195.142.2,172.253.236.216,53,45605,UDP,flow,failed,950130628383446,,1,1,0,167,0,0.0,1,167,0,none,0,none,0,0,0,no_alert_unknown,no_alert_not_final_benign,-1,dns,port
2025-07-19T23:03:18.708856+0700,103.195.142.75,50.28.102.86,22333,53,UDP,flow,dns,1569803946971892,,1,1,0,85,0,0.0,1,85,0,none,0,none,0,0,0,no_alert_unknown,no_alert_not_final_benign,-1,dns,app_proto+port
2025-07-19T23:03:18.708869+0700,103.195.142.74,118.98.44.100,17250,53,UDP,flow,dns,915169814074134,,1,1,0,130,0,0.0,1,130,0,none,0,none,0,0,0,no_alert_unknown,no_alert_not_final_benign,-1,dns,app_proto+port
2025-07-19T23:03:18.708895+0700,103.195.142.165,87.98.154.81,53,44515,UDP,flow,failed,1265469990916920,,1,1,0,1437,0,0.0,1,1437,0,none,0,none,0,0,0,no_alert_unknown,no_alert_not_final_benign,-1,dns,port
2025-07-19T23:03:18.708907+0700,103.195.142.165,87.98.154.119,53,43957,UDP,flow,failed,650998853423954,,1,1,0,1437,0,0.0,1,1437,0,none,0,none,0,0,0,no_alert_unknown,no_alert_not_final_benign,-1,dns,port
2025-07-19T23:03:18.708950+0700,103.195.142.109,87.98.154.129,53,62461,UDP,flow,failed,540169091044511,,1,3,0,4311,0,10.0,3,4311,0,none,0,none,0,0,0,no_alert_unknown,no_alert_not_final_benign,-1,dns,port
2025-07-19T23:03:18.709001+0700,103.195.142.75,50.28.32.155,24300,53,UDP,flow,dns,1503773972387363,,1,1,0,85,0,0.0,1,85,0,none,0,none,0,0,0,no_alert_unknown,no_alert_not_final_benign,-1,dns,app_proto+port
2025-07-19T23:03:18.709060+0700,103.195.142.76,87.98.154.218,53,35455,UDP,flow,failed,1818946749486741,,1,1,0,1469,0,0.0,1,1469,0,none,0,none,0,0,0,no_alert_unknown,no_alert_not_final_benign,-1,dns,port
2025-07-19T23:03:18.709072+0700,103.195.142.74,202.134.0.155,64436,53,UDP,flow,dns,1164579156088522,,1,1,0,88,0,0.0,1,88,0,none,0,none,0,0,0,no_alert_unknown,no_alert_not_final_benign,-1,dns,app_proto+port
2025-07-19T23:03:18.709086+0700,103.195.142.83,87.98.154.18,53,23815,UDP,flow,failed,1446812331562754,,1,1,0,1190,0,0.0,1,1190,0,none,0,none,0,0,0,no_alert_unknown,no_alert_not_final_benign,-1,dns,port
2025-07-19T23:03:18.709102+0700,103.195.142.74,202.134.0.155,24318,53,UDP,flow,dns,1727905222973196,,1,1,0,68,0,0.0,1,68,0,none,0,none,0,0,0,no_alert_unknown,no_alert_not_final_benign,-1,dns,app_proto+port
2025-07-19T23:03:18.709118+0700,103.195.142.46,87.98.154.243,53,29375,UDP,flow,failed,1333240201041679,,1,1,0,1437,0,0.0,1,1437,0,none,0,none,0,0,0,no_alert_unknown,no_alert_not_final_benign,-1,dns,port
2025-07-19T23:03:18.709159+0700,103.195.142.2,172.70.116.71,53,52954,UDP,flow,failed,934561322850253,,1,1,0,195,0,0.0,1,195,0,none,0,none,0,0,0,no_alert_unknown,no_alert_not_final_benign,-1,dns,port
2025-07-19T23:03:18.709171+0700,103.195.142.83,87.98.154.158,53,23782,UDP,flow,failed,1801893034285105,,1,1,0,1190,0,0.0,1,1190,0,none,0,none,0,0,0,no_alert_unknown,no_alert_not_final_benign,-1,dns,port
2025-07-19T23:03:18.709189+0700,103.195.142.74,202.134.0.155,42270,53,UDP,flow,dns,1815470413994082,,1,1,0,74,0,0.0,1,74,0,none,0,none,0,0,0,no_alert_unknown,no_alert_not_final_benign,-1,dns,app_proto+port
2025-07-19T23:03:18.709234+0700,103.195.142.46,87.98.154.123,53,63486,UDP,flow,failed,1167532674406792,,1,1,0,1437,0,0.0,1,1437,0,none,0,none,0,0,0,no_alert_unknown,no_alert_not_final_benign,-1,dns,port
2025-07-19T23:03:18.709246+0700,103.195.142.195,87.98.154.119,53,33606,UDP,flow,failed,1572416937089436,,1,1,0,1437,0,0.0,1,1437,0,none,0,none,0,0,0,no_alert_unknown,no_alert_not_final_benign,-1,dns,port
2025-07-19T23:03:18.709257+0700,103.195.142.165,87.98.154.253,53,52194,UDP,flow,failed,1835504232847791,,1,1,0,1437,0,0.0,1,1437,0,none,0,none,0,0,0,no_alert_unknown,no_alert_not_final_benign,-1,dns,port
2025-07-19T23:03:18.709269+0700,103.195.142.109,87.98.154.119,53,21553,UDP,flow,failed,1670524758546865,,1,1,0,1437,0,0.0,1,1437,0,none,0,none,0,0,0,no_alert_unknown,no_alert_not_final_benign,-1,dns,port
2025-07-19T23:03:18.709280+0700,103.195.142.46,87.98.154.119,53,5631,UDP,flow,failed,1279993846913511,,1,1,0,1437,0,0.0,1,1437,0,none,0,none,0,0,0,no_alert_unknown,no_alert_not_final_benign,-1,dns,port
2025-07-19T23:03:18.709306+0700,103.195.142.3,172.217.32.153,53,46024,UDP,flow,failed,1207836852967968,,1,1,0,228,0,0.0,1,228,0,none,0,none,0,0,0,no_alert_unknown,no_alert_not_final_benign,-1,dns,port
2025-07-19T23:03:18.709318+0700,103.195.142.74,202.134.0.155,36545,53,UDP,flow,dns,1179084464872006,,1,1,0,81,0,0.0,1,81,0,none,0,none,0,0,0,no_alert_unknown,no_alert_not_final_benign,-1,dns,app_proto+port
2025-07-19T23:03:18.709387+0700,103.195.142.2,18.136.1.202,53,59564,UDP,flow,failed,1212754492807863,,1,1,0,200,0,0.0,1,200,0,none,0,none,0,0,0,no_alert_unknown,no_alert_not_final_benign,-1,dns,port
2025-07-19T23:03:18.709399+0700,103.195.142.196,87.98.154.119,53,48324,UDP,flow,failed,1933272317057767,,1,1,0,1437,0,0.0,1,1437,0,none,0,none,0,0,0,no_alert_unknown,no_alert_not_final_benign,-1,dns,port
2025-07-19T23:03:18.709411+0700,103.195.142.2,18.136.1.198,53,29365,UDP,flow,failed,1210238886304620,,1,1,0,200,0,0.0,1,200,0,none,0,none,0,0,0,no_alert_unknown,no_alert_not_final_benign,-1,dns,port
2025-07-19T23:03:18.709440+0700,103.195.142.3,209.126.70.52,53,62489,UDP,flow,failed,951058146941811,,1,1,0,159,0,0.0,1,159,0,none,0,none,0,0,0,no_alert_unknown,no_alert_not_final_benign,-1,dns,port
2025-07-19T23:03:18.709452+0700,103.195.142.196,87.98.154.118,53,55538,UDP,flow,failed,1118375155948444,,1,1,0,1437,0,0.0,1,1437,0,none,0,none,0,0,0,no_alert_unknown,no_alert_not_final_benign,-1,dns,port
2025-07-19T23:03:18.709487+0700,103.195.142.83,87.98.154.118,53,23338,UDP,flow,failed,1263933987773537,,1,1,0,1190,0,0.0,1,1190,0,none,0,none,0,0,0,no_alert_unknown,no_alert_not_final_benign,-1,dns,port
2025-07-19T23:03:18.709531+0700,103.195.142.74,202.134.0.155,37148,53,UDP,flow,dns,1643688949210241,,1,1,0,91,0,0.0,1,91,0,none,0,none,0,0,0,no_alert_unknown,no_alert_not_final_benign,-1,dns,app_proto+port
2025-07-19T23:03:18.709555+0700,103.195.142.3,80.12.242.17,53,4687,UDP,flow,failed,1420835345620178,,1,1,0,243,0,0.0,1,243,0,none,0,none,0,0,0,no_alert_unknown,no_alert_not_final_benign,-1,dns,port
2025-07-19T23:03:18.709568+0700,103.195.142.83,87.98.154.158,53,31680,UDP,flow,failed,478546098281710,,1,3,0,3570,0,10.0,3,3570,0,none,0,none,0,0,0,no_alert_unknown,no_alert_not_final_benign,-1,dns,port
2025-07-19T23:03:18.709593+0700,103.195.142.75,8.8.8.8,36370,53,UDP,flow,dns,1247184683883796,,1,1,0,74,0,0.0,1,74,0,none,0,none,0,0,0,no_alert_unknown,no_alert_not_final_benign,-1,dns,app_proto+port
2025-07-19T23:03:18.709624+0700,103.195.142.83,87.98.154.119,53,17727,UDP,flow,failed,1786727782112571,,1,1,0,1190,0,0.0,1,1190,0,none,0,none,0,0,0,no_alert_unknown,no_alert_not_final_benign,-1,dns,port
2025-07-19T23:03:18.709638+0700,103.195.142.2,172.70.116.71,53,56814,UDP,flow,failed,1311145296354631,,1,1,0,148,0,0.0,1,148,0,none,0,none,0,0,0,no_alert_unknown,no_alert_not_final_benign,-1,dns,port
2025-07-19T23:03:18.709651+0700,103.195.142.109,87.98.154.119,53,7113,UDP,flow,failed,1081591378173275,,1,1,0,1437,0,0.0,1,1437,0,none,0,none,0,0,0,no_alert_unknown,no_alert_not_final_benign,-1,dns,port
2025-07-19T23:03:18.709686+0700,103.195.142.74,202.134.0.155,53052,53,UDP,flow,dns,914232587804213,,1,1,0,76,0,0.0,1,76,0,none,0,none,0,0,0,no_alert_unknown,no_alert_not_final_benign,-1,dns,app_proto+port
2025-07-19T23:03:18.709784+0700,103.195.142.74,202.134.0.155,7713,53,UDP,flow,dns,1280535745945395,,1,1,0,68,0,0.0,1,68,0,none,0,none,0,0,0,no_alert_unknown,no_alert_not_final_benign,-1,dns,app_proto+port
2025-07-19T23:03:18.709799+0700,103.195.142.74,118.98.44.50,52999,53,UDP,flow,dns,1234663091691429,,1,1,0,83,0,0.0,1,83,0,none,0,none,0,0,0,no_alert_unknown,no_alert_not_final_benign,-1,dns,app_proto+port
2025-07-19T23:03:18.709812+0700,103.195.142.74,118.98.44.50,43999,53,UDP,flow,dns,1736269883662280,,1,1,0,73,0,0.0,1,73,0,none,0,none,0,0,0,no_alert_unknown,no_alert_not_final_benign,-1,dns,app_proto+port
2025-07-19T23:03:18.709825+0700,103.195.142.74,202.134.0.155,22880,53,UDP,flow,dns,1159802213720015,,1,1,0,77,0,0.0,1,77,0,none,0,none,0,0,0,no_alert_unknown,no_alert_not_final_benign,-1,dns,app_proto+port
2025-07-19T23:03:18.709838+0700,103.195.142.76,87.98.154.98,53,11001,UDP,flow,failed,1945097909198800,,1,1,0,1469,0,0.0,1,1469,0,none,0,none,0,0,0,no_alert_unknown,no_alert_not_final_benign,-1,dns,port
2025-07-19T23:03:18.709849+0700,103.195.142.109,87.98.154.89,53,48568,UDP,flow,failed,1486332345802713,,1,1,0,1437,0,0.0,1,1437,0,none,0,none,0,0,0,no_alert_unknown,no_alert_not_final_benign,-1,dns,port
2025-07-19T23:03:18.709861+0700,103.195.142.165,87.98.154.117,53,19561,UDP,flow,failed,1147462998777840,,1,1,0,1437,0,0.0,1,1437,0,none,0,none,0,0,0,no_alert_unknown,no_alert_not_final_benign,-1,dns,port
2025-07-19T23:03:18.709887+0700,103.195.142.76,87.98.154.119,53,9307,UDP,flow,failed,1745801374032004,,1,1,0,1469,0,0.0,1,1469,0,none,0,none,0,0,0,no_alert_unknown,no_alert_not_final_benign,-1,dns,port
2025-07-19T23:03:18.709902+0700,103.195.142.76,87.98.154.106,53,50748,UDP,flow,failed,1447214831067332,,1,1,0,1469,0,0.0,1,1469,0,none,0,none,0,0,0,no_alert_unknown,no_alert_not_final_benign,-1,dns,port
2025-07-19T23:03:18.709941+0700,103.195.142.76,87.98.154.119,53,44270,UDP,flow,failed,1775441706312210,,1,1,0,1469,0,0.0,1,1469,0,none,0,none,0,0,0,no_alert_unknown,no_alert_not_final_benign,-1,dns,port
2025-07-19T23:03:18.709966+0700,103.195.142.165,87.98.154.233,53,12400,UDP,flow,failed,1424576462611017,,1,1,0,1437,0,0.0,1,1437,0,none,0,none,0,0,0,no_alert_unknown,no_alert_not_final_benign,-1,dns,port
2025-07-19T23:03:18.709977+0700,103.195.142.195,87.98.154.119,53,62462,UDP,flow,failed,1725675210236517,,1,1,0,1437,0,0.0,1,1437,0,none,0,none,0,0,0,no_alert_unknown,no_alert_not_final_benign,-1,dns,port
2025-07-19T23:03:18.709989+0700,103.195.142.74,118.98.44.50,38360,53,UDP,flow,dns,1933689560654500,,1,1,0,74,0,0.0,1,74,0,none,0,none,0,0,0,no_alert_unknown,no_alert_not_final_benign,-1,dns,app_proto+port
2025-07-19T23:03:18.710005+0700,103.195.142.46,87.98.154.47,53,42936,UDP,flow,failed,1342747089330898,,1,3,0,4311,0,10.0,3,4311,0,none,0,none,0,0,0,no_alert_unknown,no_alert_not_final_benign,-1,dns,port
2025-07-19T23:03:18.710017+0700,103.195.142.75,8.8.8.8,47517,53,UDP,flow,dns,1301755601183455,,1,1,0,214,0,0.0,1,214,0,none,0,none,0,0,0,no_alert_unknown,no_alert_not_final_benign,-1,dns,app_proto+port
2025-07-19T23:03:18.710103+0700,103.195.142.76,87.98.154.118,53,62270,UDP,flow,failed,1261234742649835,,1,1,0,1469,0,0.0,1,1469,0,none,0,none,0,0,0,no_alert_unknown,no_alert_not_final_benign,-1,dns,port
2025-07-19T23:03:18.710133+0700,103.195.142.2,51.38.107.76,53,61721,UDP,flow,failed,2211901886194746,,1,1,0,127,0,0.0,1,127,0,none,0,none,0,0,0,no_alert_unknown,no_alert_not_final_benign,-1,dns,port
2025-07-19T23:03:18.710144+0700,103.195.142.3,51.38.107.80,53,27579,UDP,flow,failed,2040779853817069,,1,1,0,135,0,0.0,1,135,0,none,0,none,0,0,0,no_alert_unknown,no_alert_not_final_benign,-1,dns,port
2025-07-19T23:03:18.710156+0700,103.195.142.74,118.98.44.20,40740,53,UDP,flow,dns,1272903328425230,,1,1,0,211,0,0.0,1,211,0,none,0,none,0,0,0,no_alert_unknown,no_alert_not_final_benign,-1,dns,app_proto+port
2025-07-19T23:03:18.710169+0700,103.195.142.76,87.98.154.50,53,19784,UDP,flow,failed,1878718343964004,,1,1,0,1469,0,0.0,1,1469,0,none,0,none,0,0,0,no_alert_unknown,no_alert_not_final_benign,-1,dns,port
2025-07-19T23:03:18.710180+0700,103.195.142.76,87.98.154.22,53,2758,UDP,flow,failed,2193197152560517,,1,1,0,1469,0,0.0,1,1469,0,none,0,none,0,0,0,no_alert_unknown,no_alert_not_final_benign,-1,dns,port
2025-07-19T23:03:18.710221+0700,103.195.142.46,87.98.154.119,53,52159,UDP,flow,failed,961949261719044,,1,1,0,1437,0,0.0,1,1437,0,none,0,none,0,0,0,no_alert_unknown,no_alert_not_final_benign,-1,dns,port
2025-07-19T23:03:18.710234+0700,103.195.142.3,51.38.107.66,53,27368,UDP,flow,failed,2026457556084274,,1,1,0,143,0,0.0,1,143,0,none,0,none,0,0,0,no_alert_unknown,no_alert_not_final_benign,-1,dns,port
2025-07-19T23:03:18.710277+0700,103.195.142.46,87.98.154.215,53,15548,UDP,flow,failed,1380427988952720,,1,1,0,1437,0,0.0,1,1437,0,none,0,none,0,0,0,no_alert_unknown,no_alert_not_final_benign,-1,dns,port
2025-07-19T23:03:18.710295+0700,103.195.142.75,50.28.102.86,11401,53,UDP,flow,dns,987249872496300,,1,1,0,74,0,0.0,1,74,0,none,0,none,0,0,0,no_alert_unknown,no_alert_not_final_benign,-1,dns,app_proto+port
2025-07-19T23:03:18.710326+0700,103.195.142.74,118.98.44.50,37080,53,UDP,flow,dns,1164194425235200,,1,1,0,68,0,0.0,1,68,0,none,0,none,0,0,0,no_alert_unknown,no_alert_not_final_benign,-1,dns,app_proto+port
2025-07-19T23:03:18.710338+0700,103.195.142.2,162.158.165.236,53,28339,UDP,flow,failed,1255884443051857,,1,1,0,133,0,0.0,1,133,0,none,0,none,0,0,0,no_alert_unknown,no_alert_not_final_benign,-1,dns,port
2025-07-19T23:03:18.710351+0700,103.195.142.74,118.98.44.20,58207,53,UDP,flow,dns,1726991467308887,,1,1,0,223,0,0.0,1,223,0,none,0,none,0,0,0,no_alert_unknown,no_alert_not_final_benign,-1,dns,app_proto+port
2025-07-19T23:03:18.710386+0700,103.195.142.109,87.98.154.101,53,61793,UDP,flow,failed,1815780684294089,,1,1,0,1437,0,0.0,1,1437,0,none,0,none,0,0,0,no_alert_unknown,no_alert_not_final_benign,-1,dns,port
2025-07-19T23:03:18.714633+0700,103.195.142.74,118.98.44.100,56088,53,UDP,dns,,1943425776643364,wire/pcap,0,0,0,0,0,0.0,0,0,0,none,0,none,0,0,0,no_alert_unknown,no_alert_not_final_benign,-1,dns,port
2025-07-19T23:03:18.722865+0700,103.195.142.75,8.8.8.8,16669,53,UDP,dns,,1697309831543534,wire/pcap,0,0,0,0,0,0.0,0,0,0,none,0,none,0,0,0,no_alert_unknown,no_alert_not_final_benign,-1,dns,port
2025-07-19T23:03:18.723954+0700,103.195.142.75,8.8.8.8,5660,53,UDP,dns,,1701984111428348,wire/pcap,0,0,0,0,0,0.0,0,0,0,none,0,none,0,0,0,no_alert_unknown,no_alert_not_final_benign,-1,dns,port
2025-07-19T23:03:18.724689+0700,103.195.142.74,118.98.44.100,6914,53,UDP,dns,,1705144389615315,wire/pcap,0,0,0,0,0,0.0,0,0,0,none,0,none,0,0,0,no_alert_unknown,no_alert_not_final_benign,-1,dns,port
2025-07-19T23:03:18.741399+0700,103.195.142.74,202.134.0.155,21506,53,UDP,dns,,1776909820606313,wire/pcap,0,0,0,0,0,0.0,0,0,0,none,0,none,0,0,0,no_alert_unknown,no_alert_not_final_benign,-1,dns,port
2025-07-19T23:03:18.753315+0700,103.195.142.74,202.134.0.155,47741,53,UDP,dns,,1828088563227486,wire/pcap,0,0,0,0,0,0.0,0,0,0,none,0,none,0,0,0,no_alert_unknown,no_alert_not_final_benign,-1,dns,port
2025-07-19T23:03:18.779568+0700,103.195.142.75,8.8.8.8,53785,53,UDP,dns,,1940845592498412,wire/pcap,0,0,0,0,0,0.0,0,0,0,none,0,none,0,0,0,no_alert_unknown,no_alert_not_final_benign,-1,dns,port
2025-07-19T23:03:18.801353+0700,103.195.142.75,50.28.32.155,38794,53,UDP,dns,,1752939287179539,wire/pcap,0,0,0,0,0,0.0,0,0,0,none,0,none,0,0,0,no_alert_unknown,no_alert_not_final_benign,-1,dns,port
2025-07-19T23:03:18.819271+0700,103.195.142.75,8.8.8.8,26399,53,UDP,dns,,1829893799848977,wire/pcap,0,0,0,0,0,0.0,0,0,0,none,0,none,0,0,0,no_alert_unknown,no_alert_not_final_benign,-1,dns,port
2025-07-19T23:03:18.821941+0700,103.195.142.75,50.28.32.155,1928,53,UDP,dns,,1841362178586755,wire/pcap,0,0,0,0,0,0.0,0,0,0,none,0,none,0,0,0,no_alert_unknown,no_alert_not_final_benign,-1,dns,port
2025-07-19T23:03:18.837502+0700,103.195.142.75,8.8.8.8,41922,53,UDP,dns,,1908197851706378,wire/pcap,0,0,0,0,0,0.0,0,0,0,none,0,none,0,0,0,no_alert_unknown,no_alert_not_final_benign,-1,dns,port
2025-07-19T23:03:18.841894+0700,103.195.142.75,118.98.44.50,10259,53,UDP,dns,,1927060330786484,wire/pcap,0,0,0,0,0,0.0,0,0,0,none,0,none,0,0,0,no_alert_unknown,no_alert_not_final_benign,-1,dns,port
2025-07-19T23:03:18.842828+0700,103.195.142.75,8.8.8.8,65303,53,UDP,dns,,1931071758624053,wire/pcap,0,0,0,0,0,0.0,0,0,0,none,0,none,0,0,0,no_alert_unknown,no_alert_not_final_benign,-1,dns,port
2025-07-19T23:03:18.856210+0700,103.195.142.74,202.134.0.155,37651,53,UDP,dns,,1707069714410947,wire/pcap,0,0,0,0,0,0.0,0,0,0,none,0,none,0,0,0,no_alert_unknown,no_alert_not_final_benign,-1,dns,port
2025-07-19T23:03:18.858074+0700,103.195.142.74,118.98.44.100,10882,53,UDP,flow,dns,1411714328613631,,1,1,0,232,0,0.0,1,232,0,none,0,none,0,0,0,no_alert_unknown,no_alert_not_final_benign,-1,dns,app_proto+port
2025-07-19T23:03:18.921747+0700,103.195.142.74,202.134.0.155,19218,53,UDP,dns,,1707075940362977,wire/pcap,0,0,0,0,0,0.0,0,0,0,none,0,none,0,0,0,no_alert_unknown,no_alert_not_final_benign,-1,dns,port
2025-07-19T23:03:18.929102+0700,103.195.142.108,8.8.8.8,1900,53,UDP,dns,,1216074754602613,wire/pcap,0,0,0,0,0,0.0,0,0,0,none,0,none,0,0,0,no_alert_unknown,no_alert_not_final_benign,-1,dns,port
2025-07-19T23:03:18.955120+0700,103.195.142.74,202.134.0.155,1831,53,UDP,dns,,1850411927891399,wire/pcap,0,0,0,0,0,0.0,0,0,0,none,0,none,0,0,0,no_alert_unknown,no_alert_not_final_benign,-1,dns,port
2025-07-19T23:03:18.963359+0700,103.195.142.75,8.8.8.8,12824,53,UDP,dns,,1885799503176218,wire/pcap,0,0,0,0,0,0.0,0,0,0,none,0,none,0,0,0,no_alert_unknown,no_alert_not_final_benign,-1,dns,port
2025-07-19T23:03:18.988508+0700,103.195.142.75,8.8.8.8,54232,53,UDP,dns,,1712335546321197,wire/pcap,0,0,0,0,0,0.0,0,0,0,none,0,none,0,0,0,no_alert_unknown,no_alert_not_final_benign,-1,dns,port
2025-07-19T23:03:18.988570+0700,103.195.142.75,8.8.8.8,23534,53,UDP,dns,,1712601258874490,wire/pcap,0,0,0,0,0,0.0,0,0,0,none,0,none,0,0,0,no_alert_unknown,no_alert_not_final_benign,-1,dns,port
2025-07-19T23:03:19.000697+0700,103.195.142.239,8.8.8.8,59931,53,UDP,dns,,1984056319393614,wire/pcap,0,0,0,0,0,0.0,0,0,0,none,0,none,0,0,0,no_alert_unknown,no_alert_not_final_benign,-1,dns,port
2025-07-19T23:03:19.001340+0700,103.195.142.75,8.8.8.8,59065,53,UDP,dns,,1976081578982929,wire/pcap,0,0,0,0,0,0.0,0,0,0,none,0,none,0,0,0,no_alert_unknown,no_alert_not_final_benign,-1,dns,port
2025-07-19T23:03:19.001343+0700,103.195.142.74,118.98.44.50,43279,53,UDP,dns,,1976096696852725,wire/pcap,0,0,0,0,0,0.0,0,0,0,none,0,none,0,0,0,no_alert_unknown,no_alert_not_final_benign,-1,dns,port
2025-07-19T23:03:19.002113+0700,103.195.142.75,8.8.8.8,63282,53,UDP,dns,,1979401654766555,wire/pcap,0,0,0,0,0,0.0,0,0,0,none,0,none,0,0,0,no_alert_unknown,no_alert_not_final_benign,-1,dns,port
2025-07-19T23:03:19.019729+0700,103.195.142.74,118.98.44.20,2324,53,UDP,dns,,2055062217059262,wire/pcap,0,0,0,0,0,0.0,0,0,0,none,0,none,0,0,0,no_alert_unknown,no_alert_not_final_benign,-1,dns,port
2025-07-19T23:03:19.019890+0700,103.195.142.75,8.8.8.8,35967,53,UDP,dns,,2055754160961447,wire/pcap,0,0,0,0,0,0.0,0,0,0,none,0,none,0,0,0,no_alert_unknown,no_alert_not_final_benign,-1,dns,port
2025-07-19T23:03:19.030446+0700,103.195.142.74,118.98.44.20,31980,53,UDP,dns,,2101092266357642,wire/pcap,0,0,0,0,0,0.0,0,0,0,none,0,none,0,0,0,no_alert_unknown,no_alert_not_final_benign,-1,dns,port
2025-07-19T23:03:19.043466+0700,103.195.142.74,118.98.44.20,29832,53,UDP,dns,,2157011285944303,wire/pcap,0,0,0,0,0,0.0,0,0,0,none,0,none,0,0,0,no_alert_unknown,no_alert_not_final_benign,-1,dns,port
2025-07-19T23:03:19.052309+0700,103.195.142.74,118.98.44.100,44568,53,UDP,dns,,2194991985555600,wire/pcap,0,0,0,0,0,0.0,0,0,0,none,0,none,0,0,0,no_alert_unknown,no_alert_not_final_benign,-1,dns,port
2025-07-19T23:03:19.053709+0700,103.195.142.74,185.67.45.232,55471,53,UDP,dns,,2201006497988824,wire/pcap,0,0,0,0,0,0.0,0,0,0,none,0,none,0,0,0,no_alert_unknown,no_alert_not_final_benign,-1,dns,port
2025-07-19T23:03:19.054567+0700,103.195.142.74,118.98.44.20,3983,53,UDP,dns,,2204691951837130,wire/pcap,0,0,0,0,0,0.0,0,0,0,none,0,none,0,0,0,no_alert_unknown,no_alert_not_final_benign,-1,dns,port
2025-07-19T23:03:19.054949+0700,103.195.142.74,118.98.44.20,47587,53,UDP,dns,,2206332137237393,wire/pcap,0,0,0,0,0,0.0,0,0,0,none,0,none,0,0,0,no_alert_unknown,no_alert_not_final_benign,-1,dns,port
2025-07-19T23:03:19.061888+0700,103.195.142.75,8.8.8.8,61756,53,UDP,dns,,2236132570162686,wire/pcap,0,0,0,0,0,0.0,0,0,0,none,0,none,0,0,0,no_alert_unknown,no_alert_not_final_benign,-1,dns,port
2025-07-19T23:03:19.073588+0700,103.195.142.74,118.98.44.50,18290,53,UDP,dns,,2004909406308412,wire/pcap,0,0,0,0,0,0.0,0,0,0,none,0,none,0,0,0,no_alert_unknown,no_alert_not_final_benign,-1,dns,port
2025-07-19T23:03:19.077625+0700,103.195.142.74,202.134.0.155,22507,53,UDP,dns,,2022249637794977,wire/pcap,0,0,0,0,0,0.0,0,0,0,none,0,none,0,0,0,no_alert_unknown,no_alert_not_final_benign,-1,dns,port
2025-07-19T23:03:19.081214+0700,103.185.193.21,1.1.1.1,52783,53,UDP,dns,,2037664239741930,wire/pcap,0,0,0,0,0,0.0,0,0,0,none,0,none,0,0,0,no_alert_unknown,no_alert_not_final_benign,-1,dns,port
2025-07-19T23:03:19.081226+0700,103.185.193.21,1.1.1.1,52783,53,UDP,dns,,2037664239741930,wire/pcap,0,0,0,0,0,0.0,0,0,0,none,0,none,0,0,0,no_alert_unknown,no_alert_not_final_benign,-1,dns,port
2025-07-19T23:03:19.100362+0700,103.195.142.75,8.8.8.8,3126,53,UDP,dns,,2119902872294461,wire/pcap,0,0,0,0,0,0.0,0,0,0,none,0,none,0,0,0,no_alert_unknown,no_alert_not_final_benign,-1,dns,port
2025-07-19T23:03:19.100399+0700,103.195.142.74,118.98.44.20,25681,53,UDP,dns,,2120062490832100,wire/pcap,0,0,0,0,0,0.0,0,0,0,none,0,none,0,0,0,no_alert_unknown,no_alert_not_final_benign,-1,dns,port
2025-07-19T23:03:19.105943+0700,103.195.142.74,118.98.44.100,15919,53,UDP,dns,,2143871665856421,wire/pcap,0,0,0,0,0,0.0,0,0,0,none,0,none,0,0,0,no_alert_unknown,no_alert_not_final_benign,-1,dns,port
2025-07-19T23:03:19.108746+0700,103.195.142.75,8.8.8.8,13696,53,UDP,dns,,2155911641494994,wire/pcap,0,0,0,0,0,0.0,0,0,0,none,0,none,0,0,0,no_alert_unknown,no_alert_not_final_benign,-1,dns,port
2025-07-19T23:03:19.117464+0700,103.195.142.74,118.98.44.50,21714,53,UDP,dns,,2193357063208465,wire/pcap,0,0,0,0,0,0.0,0,0,0,none,0,none,0,0,0,no_alert_unknown,no_alert_not_final_benign,-1,dns,port
2025-07-19T23:03:19.127264+0700,103.195.142.74,202.134.0.155,47141,53,UDP,dns,,2235447127645897,wire/pcap,0,0,0,0,0,0.0,0,0,0,none,0,none,0,0,0,no_alert_unknown,no_alert_not_final_benign,-1,dns,port
2025-07-19T23:03:19.136534+0700,103.195.142.75,8.8.8.8,42274,53,UDP,dns,,1993784005696775,wire/pcap,0,0,0,0,0,0.0,0,0,0,none,0,none,0,0,0,no_alert_unknown,no_alert_not_final_benign,-1,dns,port
2025-07-19T23:03:19.138002+0700,103.195.142.75,8.8.8.8,51777,53,UDP,dns,,2000090867295492,wire/pcap,0,0,0,0,0,0.0,0,0,0,none,0,none,0,0,0,no_alert_unknown,no_alert_not_final_benign,-1,dns,port
2025-07-19T23:03:19.149942+0700,103.195.142.74,202.134.0.155,40957,53,UDP,dns,,2051374387749045,wire/pcap,0,0,0,0,0,0.0,0,0,0,none,0,none,0,0,0,no_alert_unknown,no_alert_not_final_benign,-1,dns,port
2025-07-19T23:03:19.160786+0700,103.195.142.74,202.134.0.155,51009,53,UDP,dns,,2097949598779942,wire/pcap,0,0,0,0,0,0.0,0,0,0,none,0,none,0,0,0,no_alert_unknown,no_alert_not_final_benign,-1,dns,port
2025-07-19T23:03:19.166133+0700,103.195.142.74,202.134.0.155,52420,53,UDP,dns,,2120914519297679,wire/pcap,0,0,0,0,0,0.0,0,0,0,none,0,none,0,0,0,no_alert_unknown,no_alert_not_final_benign,-1,dns,port
2025-07-19T23:03:19.170662+0700,103.195.142.74,118.98.44.20,64568,53,UDP,dns,,2140364800757477,wire/pcap,0,0,0,0,0,0.0,0,0,0,none,0,none,0,0,0,no_alert_unknown,no_alert_not_final_benign,-1,dns,port
2025-07-19T23:03:19.191325+0700,103.195.142.74,202.134.0.155,29575,53,UDP,dns,,2229109625708226,wire/pcap,0,0,0,0,0,0.0,0,0,0,none,0,none,0,0,0,no_alert_unknown,no_alert_not_final_benign,-1,dns,port
2025-07-19T23:03:19.210735+0700,103.195.142.74,118.98.44.20,32220,53,UDP,dns,,2030999908108230,wire/pcap,0,0,0,0,0,0.0,0,0,0,none,0,none,0,0,0,no_alert_unknown,no_alert_not_final_benign,-1,dns,port
2025-07-19T23:03:19.211644+0700,103.195.142.75,8.8.8.8,64786,53,UDP,dns,,2034907187028768,wire/pcap,0,0,0,0,0,0.0,0,0,0,none,0,none,0,0,0,no_alert_unknown,no_alert_not_final_benign,-1,dns,port
2025-07-19T23:03:19.216513+0700,103.195.142.75,8.8.8.8,3086,53,UDP,dns,,2055818753556680,wire/pcap,0,0,0,0,0,0.0,0,0,0,none,0,none,0,0,0,no_alert_unknown,no_alert_not_final_benign,-1,dns,port
2025-07-19T23:03:19.222446+0700,103.195.142.109,87.98.154.119,53,63495,UDP,flow,failed,1227459339010837,,1,1,0,1437,0,0.0,1,1437,0,none,0,none,0,0,0,no_alert_unknown,no_alert_not_final_benign,-1,dns,port
2025-07-19T23:03:19.235026+0700,103.195.142.74,118.98.44.20,63334,53,UDP,dns,,2135331403885825,wire/pcap,0,0,0,0,0,0.0,0,0,0,none,0,none,0,0,0,no_alert_unknown,no_alert_not_final_benign,-1,dns,port
2025-07-19T23:03:19.241848+0700,103.195.142.74,118.98.44.20,28411,53,UDP,dns,,2164629713592346,wire/pcap,0,0,0,0,0,0.0,0,0,0,none,0,none,0,0,0,no_alert_unknown,no_alert_not_final_benign,-1,dns,port
2025-07-19T23:03:19.253801+0700,103.195.142.46,87.98.154.15,53,51758,UDP,flow,failed,1256330043562973,,1,1,0,1437,0,0.0,1,1437,0,none,0,none,0,0,0,no_alert_unknown,no_alert_not_final_benign,-1,dns,port
2025-07-19T23:03:19.259940+0700,103.195.142.74,202.134.0.155,32337,53,UDP,dns,,2242335716922755,wire/pcap,0,0,0,0,0,0.0,0,0,0,none,0,none,0,0,0,no_alert_unknown,no_alert_not_final_benign,-1,dns,port
2025-07-19T23:03:19.271763+0700,103.195.142.74,118.98.44.50,30164,53,UDP,dns,,2011640992329439,wire/pcap,0,0,0,0,0,0.0,0,0,0,none,0,none,0,0,0,no_alert_unknown,no_alert_not_final_benign,-1,dns,port
2025-07-19T23:03:19.276978+0700,103.195.142.75,8.8.8.8,34241,53,UDP,dns,,2034038018977089,wire/pcap,0,0,0,0,0,0.0,0,0,0,none,0,none,0,0,0,no_alert_unknown,no_alert_not_final_benign,-1,dns,port
2025-07-19T23:03:19.279252+0700,103.195.142.74,202.134.0.155,37190,53,UDP,dns,,2043803447637300,wire/pcap,0,0,0,0,0,0.0,0,0,0,none,0,none,0,0,0,no_alert_unknown,no_alert_not_final_benign,-1,dns,port
2025-07-19T23:03:19.286112+0700,103.195.142.75,8.8.8.8,21162,53,UDP,dns,,2073267934828885,wire/pcap,0,0,0,0,0,0.0,0,0,0,none,0,none,0,0,0,no_alert_unknown,no_alert_not_final_benign,-1,dns,port
2025-07-19T23:03:19.290054+0700,103.195.142.74,118.98.44.20,10380,53,UDP,dns,,2090199573666436,wire/pcap,0,0,0,0,0,0.0,0,0,0,none,0,none,0,0,0,no_alert_unknown,no_alert_not_final_benign,-1,dns,port
2025-07-19T23:03:19.296018+0700,103.195.142.74,202.134.0.155,37987,53,UDP,dns,,2115815938481530,wire/pcap,0,0,0,0,0,0.0,0,0,0,none,0,none,0,0,0,no_alert_unknown,no_alert_not_final_benign,-1,dns,port
2025-07-19T23:03:19.303615+0700,103.195.142.74,118.98.44.20,52147,53,UDP,dns,,2148445658403526,wire/pcap,0,0,0,0,0,0.0,0,0,0,none,0,none,0,0,0,no_alert_unknown,no_alert_not_final_benign,-1,dns,port
2025-07-19T23:03:19.303688+0700,103.195.142.74,118.98.44.50,5293,53,UDP,dns,,2148755538004241,wire/pcap,0,0,0,0,0,0.0,0,0,0,none,0,none,0,0,0,no_alert_unknown,no_alert_not_final_benign,-1,dns,port
2025-07-19T23:03:19.305670+0700,103.195.142.74,118.98.44.100,61513,53,UDP,dns,,2157269643622164,wire/pcap,0,0,0,0,0,0.0,0,0,0,none,0,none,0,0,0,no_alert_unknown,no_alert_not_final_benign,-1,dns,port
2025-07-19T23:03:19.317448+0700,103.195.142.74,118.98.44.100,24734,53,UDP,dns,,2207855220072036,wire/pcap,0,0,0,0,0,0.0,0,0,0,none,0,none,0,0,0,no_alert_unknown,no_alert_not_final_benign,-1,dns,port
2025-07-19T23:03:19.317567+0700,103.195.142.74,118.98.44.20,51655,53,UDP,dns,,2208368080798823,wire/pcap,0,0,0,0,0,0.0,0,0,0,none,0,none,0,0,0,no_alert_unknown,no_alert_not_final_benign,-1,dns,port
2025-07-19T23:03:19.319852+0700,103.195.142.74,118.98.44.100,42034,53,UDP,dns,,2218181512912567,wire/pcap,0,0,0,0,0,0.0,0,0,0,none,0,none,0,0,0,no_alert_unknown,no_alert_not_final_benign,-1,dns,port
2025-07-19T23:03:19.326862+0700,103.195.142.74,118.98.44.20,21657,53,UDP,dns,,2248289778891653,wire/pcap,0,0,0,0,0,0.0,0,0,0,none,0,none,0,0,0,no_alert_unknown,no_alert_not_final_benign,-1,dns,port
2025-07-19T23:03:19.327230+0700,103.195.142.74,202.134.0.155,43289,53,UDP,dns,,2249868115282227,wire/pcap,0,0,0,0,0,0.0,0,0,0,none,0,none,0,0,0,no_alert_unknown,no_alert_not_final_benign,-1,dns,port
2025-07-19T23:03:19.327657+0700,103.195.142.74,118.98.44.100,16306,53,UDP,dns,,2251702037228400,wire/pcap,0,0,0,0,0,0.0,0,0,0,none,0,none,0,0,0,no_alert_unknown,no_alert_not_final_benign,-1,dns,port
2025-07-19T23:03:19.340809+0700,103.195.142.74,118.98.44.100,24527,53,UDP,dns,,2026713854842990,wire/pcap,0,0,0,0,0,0.0,0,0,0,none,0,none,0,0,0,no_alert_unknown,no_alert_not_final_benign,-1,dns,port
2025-07-19T23:03:19.352178+0700,103.195.142.74,118.98.44.50,29411,53,UDP,dns,,2075545512821454,wire/pcap,0,0,0,0,0,0.0,0,0,0,none,0,none,0,0,0,no_alert_unknown,no_alert_not_final_benign,-1,dns,port
2025-07-19T23:03:19.352724+0700,103.195.142.74,118.98.44.20,24393,53,UDP,dns,,2077892211352195,wire/pcap,0,0,0,0,0,0.0,0,0,0,none,0,none,0,0,0,no_alert_unknown,no_alert_not_final_benign,-1,dns,port
2025-07-19T23:03:19.356932+0700,103.195.142.74,118.98.44.50,6119,53,UDP,dns,,2095963983250337,wire/pcap,0,0,0,0,0,0.0,0,0,0,none,0,none,0,0,0,no_alert_unknown,no_alert_not_final_benign,-1,dns,port
2025-07-19T23:03:19.357389+0700,103.195.142.74,118.98.44.20,19209,53,UDP,dns,,2097927245961393,wire/pcap,0,0,0,0,0,0.0,0,0,0,none,0,none,0,0,0,no_alert_unknown,no_alert_not_final_benign,-1,dns,port
2025-07-19T23:03:19.375784+0700,103.195.142.74,202.134.0.155,57620,53,UDP,dns,,2176931908080565,wire/pcap,0,0,0,0,0,0.0,0,0,0,none,0,none,0,0,0,no_alert_unknown,no_alert_not_final_benign,-1,dns,port
2025-07-19T23:03:19.375738+0700,103.195.142.74,118.98.44.100,39108,53,UDP,dns,,2176734711292061,wire/pcap,0,0,0,0,0,0.0,0,0,0,none,0,none,0,0,0,no_alert_unknown,no_alert_not_final_benign,-1,dns,port
2025-07-19T23:03:19.379623+0700,103.195.142.76,87.98.154.134,53,20201,UDP,flow,failed,1066815468328925,,1,3,0,4407,0,10.0,3,4407,0,none,0,none,0,0,0,no_alert_unknown,no_alert_not_final_benign,-1,dns,port
2025-07-19T23:03:19.381617+0700,103.195.142.75,8.8.8.8,18145,53,UDP,dns,,2201983664789392,wire/pcap,0,0,0,0,0,0.0,0,0,0,none,0,none,0,0,0,no_alert_unknown,no_alert_not_final_benign,-1,dns,port
2025-07-19T23:03:19.381645+0700,103.195.142.74,118.98.44.100,44318,53,UDP,dns,,2202103715426714,wire/pcap,0,0,0,0,0,0.0,0,0,0,none,0,none,0,0,0,no_alert_unknown,no_alert_not_final_benign,-1,dns,port
2025-07-19T23:03:19.388442+0700,103.195.142.74,202.134.0.155,40161,53,UDP,dns,,2231298420262665,wire/pcap,0,0,0,0,0,0.0,0,0,0,none,0,none,0,0,0,no_alert_unknown,no_alert_not_final_benign,-1,dns,port
2025-07-19T23:03:19.397963+0700,103.195.142.74,202.134.0.155,55750,53,UDP,dns,,1990714465738165,wire/pcap,0,0,0,0,0,0.0,0,0,0,none,0,none,0,0,0,no_alert_unknown,no_alert_not_final_benign,-1,dns,port
2025-07-19T23:03:19.404413+0700,103.195.142.74,202.134.0.155,39705,53,UDP,dns,,2018415962814824,wire/pcap,0,0,0,0,0,0.0,0,0,0,none,0,none,0,0,0,no_alert_unknown,no_alert_not_final_benign,-1,dns,port
2025-07-19T23:03:19.407370+0700,103.195.142.75,8.8.8.8,50859,53,UDP,dns,,2031116983375354,wire/pcap,0,0,0,0,0,0.0,0,0,0,none,0,none,0,0,0,no_alert_unknown,no_alert_not_final_benign,-1,dns,port
2025-07-19T23:03:19.411151+0700,103.195.142.75,8.8.8.8,38017,53,UDP,dns,,2047356020285045,wire/pcap,0,0,0,0,0,0.0,0,0,0,none,0,none,0,0,0,no_alert_unknown,no_alert_not_final_benign,-1,dns,port
2025-07-19T23:03:19.426399+0700,103.195.142.75,8.8.8.8,1963,53,UDP,dns,,2112847962012182,wire/pcap,0,0,0,0,0,0.0,0,0,0,none,0,none,0,0,0,no_alert_unknown,no_alert_not_final_benign,-1,dns,port
2025-07-19T23:03:19.481288+0700,103.195.142.74,202.134.0.155,64439,53,UDP,dns,,2067119933420089,wire/pcap,0,0,0,0,0,0.0,0,0,0,none,0,none,0,0,0,no_alert_unknown,no_alert_not_final_benign,-1,dns,port
2025-07-19T23:03:19.481286+0700,103.195.142.74,202.134.0.155,22135,53,UDP,dns,,2067110260265842,wire/pcap,0,0,0,0,0,0.0,0,0,0,none,0,none,0,0,0,no_alert_unknown,no_alert_not_final_benign,-1,dns,port
2025-07-19T23:03:19.482397+0700,103.195.142.74,118.98.44.20,15442,53,UDP,dns,,2071882596293805,wire/pcap,0,0,0,0,0,0.0,0,0,0,none,0,none,0,0,0,no_alert_unknown,no_alert_not_final_benign,-1,dns,port
2025-07-19T23:03:19.482841+0700,103.195.142.74,118.98.44.50,24063,53,UDP,dns,,2073786877084037,wire/pcap,0,0,0,0,0,0.0,0,0,0,none,0,none,0,0,0,no_alert_unknown,no_alert_not_final_benign,-1,dns,port
2025-07-19T23:03:19.484850+0700,103.195.142.165,87.98.154.33,53,41765,UDP,flow,failed,66220604055719,,1,1,0,1437,0,0.0,1,1437,0,none,0,none,0,0,0,no_alert_unknown,no_alert_not_final_benign,-1,dns,port
2025-07-19T23:03:19.500390+0700,103.195.142.74,118.98.44.20,41260,53,UDP,dns,,2149160524611892,wire/pcap,0,0,0,0,0,0.0,0,0,0,none,0,none,0,0,0,no_alert_unknown,no_alert_not_final_benign,-1,dns,port
2025-07-19T23:03:19.505775+0700,103.195.142.74,118.98.44.20,61179,53,UDP,dns,,2172287597899432,wire/pcap,0,0,0,0,0,0.0,0,0,0,none,0,none,0,0,0,no_alert_unknown,no_alert_not_final_benign,-1,dns,port
2025-07-19T23:03:19.560457+0700,103.195.142.74,118.98.44.20,52551,53,UDP,dns,,2125673626332320,wire/pcap,0,0,0,0,0,0.0,0,0,0,none,0,none,0,0,0,no_alert_unknown,no_alert_not_final_benign,-1,dns,port
2025-07-19T23:03:19.560715+0700,103.195.142.74,118.98.44.20,41826,53,UDP,dns,,2126778977710177,wire/pcap,0,0,0,0,0,0.0,0,0,0,none,0,none,0,0,0,no_alert_unknown,no_alert_not_final_benign,-1,dns,port
2025-07-19T23:03:19.561980+0700,103.195.142.74,118.98.44.20,25478,53,UDP,dns,,2132213226372550,wire/pcap,0,0,0,0,0,0.0,0,0,0,none,0,none,0,0,0,no_alert_unknown,no_alert_not_final_benign,-1,dns,port
2025-07-19T23:03:19.586247+0700,103.195.142.74,118.98.44.50,35180,53,UDP,dns,,2236438545604492,wire/pcap,0,0,0,0,0,0.0,0,0,0,none,0,none,0,0,0,no_alert_unknown,no_alert_not_final_benign,-1,dns,port
2025-07-19T23:03:19.590411+0700,103.195.142.74,202.134.0.155,58755,53,UDP,dns,,1972847211428902,wire/pcap,0,0,0,0,0,0.0,0,0,0,none,0,none,0,0,0,no_alert_unknown,no_alert_not_final_benign,-1,dns,port
2025-07-19T23:03:19.593185+0700,103.195.142.74,118.98.44.50,13548,53,UDP,dns,,1984760236903748,wire/pcap,0,0,0,0,0,0.0,0,0,0,none,0,none,0,0,0,no_alert_unknown,no_alert_not_final_benign,-1,dns,port
2025-07-19T23:03:19.597144+0700,103.195.142.75,8.8.8.8,63283,53,UDP,dns,,2001764785566261,wire/pcap,0,0,0,0,0,0.0,0,0,0,none,0,none,0,0,0,no_alert_unknown,no_alert_not_final_benign,-1,dns,port
2025-07-19T23:03:19.597538+0700,103.195.142.75,8.8.8.8,47035,53,UDP,dns,,2003460173636504,wire/pcap,0,0,0,0,0,0.0,0,0,0,none,0,none,0,0,0,no_alert_unknown,no_alert_not_final_benign,-1,dns,port
2025-07-19T23:03:19.597674+0700,103.195.142.3,51.38.107.65,53,7841,UDP,flow,failed,2021970777121688,,1,1,0,154,0,0.0,1,154,0,none,0,none,0,0,0,no_alert_unknown,no_alert_not_final_benign,-1,dns,port
2025-07-19T23:03:19.611060+0700,103.195.142.74,118.98.44.50,46272,53,UDP,dns,,2061535422291588,wire/pcap,0,0,0,0,0,0.0,0,0,0,none,0,none,0,0,0,no_alert_unknown,no_alert_not_final_benign,-1,dns,port
2025-07-19T23:03:19.613974+0700,103.195.142.74,118.98.44.20,41203,53,UDP,dns,,2074051058624534,wire/pcap,0,0,0,0,0,0.0,0,0,0,none,0,none,0,0,0,no_alert_unknown,no_alert_not_final_benign,-1,dns,port
2025-07-19T23:03:19.614018+0700,103.195.142.75,8.8.8.8,57319,53,UDP,dns,,2074241308638311,wire/pcap,0,0,0,0,0,0.0,0,0,0,none,0,none,0,0,0,no_alert_unknown,no_alert_not_final_benign,-1,dns,port
2025-07-19T23:03:19.621457+0700,103.195.142.74,118.98.44.20,55275,53,UDP,dns,,2106190526919862,wire/pcap,0,0,0,0,0,0.0,0,0,0,none,0,none,0,0,0,no_alert_unknown,no_alert_not_final_benign,-1,dns,port
2025-07-19T23:03:19.621604+0700,103.195.142.74,202.134.0.155,16766,53,UDP,dns,,2106819739100126,wire/pcap,0,0,0,0,0,0.0,0,0,0,none,0,none,0,0,0,no_alert_unknown,no_alert_not_final_benign,-1,dns,port
2025-07-19T23:03:19.625156+0700,103.195.142.74,202.134.0.155,25999,53,UDP,dns,,2122077517291934,wire/pcap,0,0,0,0,0,0.0,0,0,0,none,0,none,0,0,0,no_alert_unknown,no_alert_not_final_benign,-1,dns,port
2025-07-19T23:03:19.632038+0700,103.195.142.75,8.8.8.8,63141,53,UDP,flow,dns,117824851046706,,1,2,0,300,0,24.0,2,300,0,none,0,none,0,0,0,no_alert_unknown,no_alert_not_final_benign,-1,dns,app_proto+port
2025-07-19T23:03:19.636677+0700,103.195.142.75,8.8.8.8,9333,53,UDP,dns,,2171558200748178,wire/pcap,0,0,0,0,0,0.0,0,0,0,none,0,none,0,0,0,no_alert_unknown,no_alert_not_final_benign,-1,dns,port
2025-07-19T23:03:19.637134+0700,103.195.142.46,87.98.154.131,53,41930,UDP,flow,failed,104859651008564,,1,1,0,1437,0,0.0,1,1437,0,none,0,none,0,0,0,no_alert_unknown,no_alert_not_final_benign,-1,dns,port
2025-07-19T23:03:19.640758+0700,103.195.142.74,118.98.44.20,45233,53,UDP,dns,,2189088354043798,wire/pcap,0,0,0,0,0,0.0,0,0,0,none,0,none,0,0,0,no_alert_unknown,no_alert_not_final_benign,-1,dns,port
2025-07-19T23:03:19.647179+0700,103.195.142.75,8.8.8.8,12438,53,UDP,dns,,2216665823376946,wire/pcap,0,0,0,0,0,0.0,0,0,0,none,0,none,0,0,0,no_alert_unknown,no_alert_not_final_benign,-1,dns,port
2025-07-19T23:03:19.659146+0700,103.195.142.74,118.98.44.20,7894,53,UDP,dns,,1986586236526476,wire/pcap,0,0,0,0,0,0.0,0,0,0,none,0,none,0,0,0,no_alert_unknown,no_alert_not_final_benign,-1,dns,port
2025-07-19T23:03:19.659313+0700,103.195.142.74,202.134.0.155,15480,53,UDP,dns,,1987305574821021,wire/pcap,0,0,0,0,0,0.0,0,0,0,none,0,none,0,0,0,no_alert_unknown,no_alert_not_final_benign,-1,dns,port
2025-07-19T23:03:19.665592+0700,103.195.142.74,202.134.0.155,4055,53,UDP,dns,,2014273028973489,wire/pcap,0,0,0,0,0,0.0,0,0,0,none,0,none,0,0,0,no_alert_unknown,no_alert_not_final_benign,-1,dns,port
2025-07-19T23:03:19.673239+0700,103.195.142.74,202.134.0.155,6277,53,UDP,dns,,2047115275744697,wire/pcap,0,0,0,0,0,0.0,0,0,0,none,0,none,0,0,0,no_alert_unknown,no_alert_not_final_benign,-1,dns,port
2025-07-19T23:03:19.683413+0700,103.195.142.74,118.98.44.50,11578,53,UDP,dns,,2090814538435013,wire/pcap,0,0,0,0,0,0.0,0,0,0,none,0,none,0,0,0,no_alert_unknown,no_alert_not_final_benign,-1,dns,port
2025-07-19T23:03:19.690079+0700,103.195.142.75,8.8.8.8,31239,53,UDP,dns,,2119445978459974,wire/pcap,0,0,0,0,0,0.0,0,0,0,none,0,none,0,0,0,no_alert_unknown,no_alert_not_final_benign,-1,dns,port
2025-07-19T23:03:19.695466+0700,103.195.142.46,87.98.154.243,53,7096,UDP,flow,failed,1513250096244767,,1,1,0,1437,0,0.0,1,1437,0,none,0,none,0,0,0,no_alert_unknown,no_alert_not_final_benign,-1,dns,port
2025-07-19T23:03:19.695650+0700,103.195.142.165,87.98.154.117,53,16703,UDP,flow,failed,460755282454585,,1,2,0,2874,0,10.0,2,2874,0,none,0,none,0,0,0,no_alert_unknown,no_alert_not_final_benign,-1,dns,port
2025-07-19T23:03:19.695785+0700,103.195.142.74,118.98.44.100,5527,53,UDP,flow,dns,864311870974117,,1,1,0,94,0,0.0,1,94,0,none,0,none,0,0,0,no_alert_unknown,no_alert_not_final_benign,-1,dns,app_proto+port
2025-07-19T23:03:19.695872+0700,103.195.142.195,87.98.154.252,53,2080,UDP,flow,failed,1948432818006185,,1,1,0,1437,0,0.0,1,1437,0,none,0,none,0,0,0,no_alert_unknown,no_alert_not_final_benign,-1,dns,port
2025-07-19T23:03:19.695911+0700,103.195.142.109,87.98.154.119,53,6832,UDP,flow,failed,2183322429057229,,1,1,0,1437,0,0.0,1,1437,0,none,0,none,0,0,0,no_alert_unknown,no_alert_not_final_benign,-1,dns,port
2025-07-19T23:03:19.695946+0700,103.195.142.74,118.98.44.50,25061,53,UDP,flow,dns,2209254595586256,,1,1,0,84,0,0.0,1,84,0,none,0,none,0,0,0,no_alert_unknown,no_alert_not_final_benign,-1,dns,app_proto+port
2025-07-19T23:03:19.695987+0700,103.195.142.74,118.98.44.100,32704,53,UDP,flow,dns,1235020288583910,,1,1,0,83,0,0.0,1,83,0,none,0,none,0,0,0,no_alert_unknown,no_alert_not_final_benign,-1,dns,app_proto+port
2025-07-19T23:03:19.696007+0700,103.195.142.165,87.98.154.119,53,5634,UDP,flow,failed,1401198309763323,,1,1,0,1437,0,0.0,1,1437,0,none,0,none,0,0,0,no_alert_unknown,no_alert_not_final_benign,-1,dns,port
2025-07-19T23:03:19.695965+0700,103.195.142.74,118.98.44.50,35502,53,UDP,dns,,2144722114564590,wire/pcap,0,0,0,0,0,0.0,0,0,0,none,0,none,0,0,0,no_alert_unknown,no_alert_not_final_benign,-1,dns,port
2025-07-19T23:03:19.696048+0700,103.195.142.74,118.98.44.100,9267,53,UDP,flow,dns,1539232489826587,,1,1,0,87,0,0.0,1,87,0,none,0,none,0,0,0,no_alert_unknown,no_alert_not_final_benign,-1,dns,app_proto+port
2025-07-19T23:03:19.696096+0700,103.195.142.3,51.38.107.80,53,39164,UDP,flow,failed,2063794088339776,,1,1,0,127,0,0.0,1,127,0,none,0,none,0,0,0,no_alert_unknown,no_alert_not_final_benign,-1,dns,port
2025-07-19T23:03:19.696131+0700,103.195.142.46,87.98.154.119,53,39389,UDP,flow,failed,1158930204682572,,1,1,0,1437,0,0.0,1,1437,0,none,0,none,0,0,0,no_alert_unknown,no_alert_not_final_benign,-1,dns,port
2025-07-19T23:03:19.696172+0700,103.195.142.74,202.134.0.155,62159,53,UDP,flow,dns,1072402785069418,,1,1,0,211,0,0.0,1,211,0,none,0,none,0,0,0,no_alert_unknown,no_alert_not_final_benign,-1,dns,app_proto+port
2025-07-19T23:03:19.696223+0700,103.195.142.196,87.98.154.25,53,35310,UDP,flow,failed,1914092968241561,,1,1,0,1437,0,0.0,1,1437,0,none,0,none,0,0,0,no_alert_unknown,no_alert_not_final_benign,-1,dns,port
2025-07-19T23:03:19.696283+0700,103.195.142.75,8.8.8.8,63207,53,UDP,flow,dns,2218460612356611,,1,1,0,86,0,0.0,1,86,0,none,0,none,0,0,0,no_alert_unknown,no_alert_not_final_benign,-1,dns,app_proto+port
2025-07-19T23:03:19.696309+0700,103.195.142.75,50.28.102.86,16665,53,UDP,flow,dns,1867750361033275,,1,1,0,141,0,0.0,1,141,0,none,0,none,0,0,0,no_alert_unknown,no_alert_not_final_benign,-1,dns,app_proto+port
2025-07-19T23:03:19.696354+0700,103.195.142.195,87.98.154.119,53,24278,UDP,flow,failed,1335244028668507,,1,1,0,1437,0,0.0,1,1437,0,none,0,none,0,0,0,no_alert_unknown,no_alert_not_final_benign,-1,dns,port
2025-07-19T23:03:19.696373+0700,103.195.142.76,87.98.154.119,53,6473,UDP,flow,failed,1358290318617260,,1,1,0,1469,0,0.0,1,1469,0,none,0,none,0,0,0,no_alert_unknown,no_alert_not_final_benign,-1,dns,port
2025-07-19T23:03:19.696392+0700,103.195.142.75,8.8.8.8,58512,53,UDP,flow,dns,918839971310252,,1,1,0,196,0,0.0,1,196,0,none,0,none,0,0,0,no_alert_unknown,no_alert_not_final_benign,-1,dns,app_proto+port
2025-07-19T23:03:19.696412+0700,103.195.142.74,118.98.44.100,11529,53,UDP,flow,dns,2209411767626424,,1,1,0,68,0,0.0,1,68,0,none,0,none,0,0,0,no_alert_unknown,no_alert_not_final_benign,-1,dns,app_proto+port
2025-07-19T23:03:19.696455+0700,103.195.142.74,202.134.0.155,11748,53,UDP,flow,dns,1883312539265744,,1,1,0,232,0,0.0,1,232,0,none,0,none,0,0,0,no_alert_unknown,no_alert_not_final_benign,-1,dns,app_proto+port
2025-07-19T23:03:19.696543+0700,103.195.142.3,51.38.107.80,53,38812,UDP,flow,failed,2013196522187619,,1,1,0,154,0,0.0,1,154,0,none,0,none,0,0,0,no_alert_unknown,no_alert_not_final_benign,-1,dns,port
2025-07-19T23:03:19.696562+0700,103.195.142.74,118.98.44.50,10677,53,UDP,flow,dns,1995149827074930,,1,1,0,109,0,0.0,1,109,0,none,0,none,0,0,0,no_alert_unknown,no_alert_not_final_benign,-1,dns,app_proto+port
2025-07-19T23:03:19.696582+0700,103.195.142.74,118.98.44.100,8941,53,UDP,flow,dns,1235338736659332,,1,1,0,68,0,0.0,1,68,0,none,0,none,0,0,0,no_alert_unknown,no_alert_not_final_benign,-1,dns,app_proto+port
2025-07-19T23:03:19.696695+0700,103.195.142.46,87.98.154.119,53,57130,UDP,flow,failed,1946659323866186,,1,1,0,1437,0,0.0,1,1437,0,none,0,none,0,0,0,no_alert_unknown,no_alert_not_final_benign,-1,dns,port
2025-07-19T23:03:19.696714+0700,103.195.142.195,87.98.154.119,53,62232,UDP,flow,failed,1967806586907807,,1,1,0,1437,0,0.0,1,1437,0,none,0,none,0,0,0,no_alert_unknown,no_alert_not_final_benign,-1,dns,port
2025-07-19T23:03:19.696733+0700,103.195.142.109,87.98.154.119,53,45944,UDP,flow,failed,1176505623014571,,1,1,0,1437,0,0.0,1,1437,0,none,0,none,0,0,0,no_alert_unknown,no_alert_not_final_benign,-1,dns,port
2025-07-19T23:03:19.696779+0700,103.195.142.195,87.98.154.119,53,31707,UDP,flow,failed,1026409669094702,,1,1,0,1437,0,0.0,1,1437,0,none,0,none,0,0,0,no_alert_unknown,no_alert_not_final_benign,-1,dns,port
2025-07-19T23:03:19.696798+0700,103.195.142.2,172.217.45.17,53,56143,UDP,flow,failed,2008415148207422,,1,1,0,195,0,0.0,1,195,0,none,0,none,0,0,0,no_alert_unknown,no_alert_not_final_benign,-1,dns,port
2025-07-19T23:03:19.696840+0700,103.195.142.165,87.98.154.21,53,31397,UDP,flow,failed,1786034401406311,,1,1,0,1437,0,0.0,1,1437,0,none,0,none,0,0,0,no_alert_unknown,no_alert_not_final_benign,-1,dns,port
2025-07-19T23:03:19.696877+0700,103.195.142.3,172.217.44.218,53,61224,UDP,flow,failed,928729872690638,,1,1,0,216,0,0.0,1,216,0,none,0,none,0,0,0,no_alert_unknown,no_alert_not_final_benign,-1,dns,port
2025-07-19T23:03:19.696915+0700,103.195.142.74,118.98.44.50,58282,53,UDP,flow,dns,1466676905143823,,1,1,0,223,0,0.0,1,223,0,none,0,none,0,0,0,no_alert_unknown,no_alert_not_final_benign,-1,dns,app_proto+port
2025-07-19T23:03:19.696945+0700,103.195.142.196,87.98.154.81,53,51573,UDP,flow,failed,1493447779184180,,1,1,0,1437,0,0.0,1,1437,0,none,0,none,0,0,0,no_alert_unknown,no_alert_not_final_benign,-1,dns,port
2025-07-19T23:03:19.696999+0700,103.195.142.109,87.98.154.37,53,4035,UDP,flow,failed,1630384319917700,,1,1,0,1437,0,0.0,1,1437,0,none,0,none,0,0,0,no_alert_unknown,no_alert_not_final_benign,-1,dns,port
2025-07-19T23:03:19.697033+0700,103.195.142.3,51.38.107.75,53,13518,UDP,flow,failed,2169024721743544,,1,1,0,186,0,0.0,1,186,0,none,0,none,0,0,0,no_alert_unknown,no_alert_not_final_benign,-1,dns,port
2025-07-19T23:03:19.697159+0700,103.195.142.75,8.8.8.8,30813,53,UDP,flow,dns,1300383943061334,,1,1,0,83,0,0.0,1,83,0,none,0,none,0,0,0,no_alert_unknown,no_alert_not_final_benign,-1,dns,app_proto+port
2025-07-19T23:03:19.697206+0700,103.195.142.196,87.98.154.253,53,33410,UDP,flow,failed,794404729876313,,1,3,0,4311,0,9.0,3,4311,0,none,0,none,0,0,0,no_alert_unknown,no_alert_not_final_benign,-1,dns,port
2025-07-19T23:03:19.697330+0700,103.195.142.2,180.241.27.62,53,23525,UDP,flow,failed,2102177308897238,,1,1,0,132,0,0.0,1,132,0,none,0,none,0,0,0,no_alert_unknown,no_alert_not_final_benign,-1,dns,port
2025-07-19T23:03:19.697413+0700,103.195.142.74,202.134.0.155,13380,53,UDP,flow,dns,887185416155165,,1,1,0,223,0,0.0,1,223,0,none,0,none,0,0,0,no_alert_unknown,no_alert_not_final_benign,-1,dns,app_proto+port
2025-07-19T23:03:19.697434+0700,103.195.142.195,87.98.154.117,53,43998,UDP,flow,failed,2017761813753917,,1,1,0,1437,0,0.0,1,1437,0,none,0,none,0,0,0,no_alert_unknown,no_alert_not_final_benign,-1,dns,port
2025-07-19T23:03:19.697476+0700,103.195.142.109,87.98.154.119,53,45812,UDP,flow,failed,1917219384684718,,1,1,0,1437,0,0.0,1,1437,0,none,0,none,0,0,0,no_alert_unknown,no_alert_not_final_benign,-1,dns,port
2025-07-19T23:03:19.697500+0700,103.195.142.83,87.98.154.246,53,1039,UDP,flow,failed,1799536683675824,,1,1,0,1190,0,0.0,1,1190,0,none,0,none,0,0,0,no_alert_unknown,no_alert_not_final_benign,-1,dns,port
2025-07-19T23:03:19.697542+0700,103.195.142.74,202.134.0.155,47630,53,UDP,flow,dns,1911401565548837,,1,1,0,80,0,0.0,1,80,0,none,0,none,0,0,0,no_alert_unknown,no_alert_not_final_benign,-1,dns,app_proto+port
2025-07-19T23:03:19.697584+0700,103.195.142.3,74.114.28.18,53,55261,UDP,flow,failed,1183012000002397,,1,1,0,156,0,0.0,1,156,0,none,0,none,0,0,0,no_alert_unknown,no_alert_not_final_benign,-1,dns,port
2025-07-19T23:03:19.697603+0700,103.195.142.76,87.98.154.119,53,4426,UDP,flow,failed,2240204617904521,,1,1,0,1469,0,0.0,1,1469,0,none,0,none,0,0,0,no_alert_unknown,no_alert_not_final_benign,-1,dns,port
2025-07-19T23:03:19.697649+0700,103.195.142.74,34.8.38.57,64764,53,UDP,flow,dns,1069549038105023,,1,1,0,225,0,0.0,1,225,0,none,0,none,0,0,0,no_alert_unknown,no_alert_not_final_benign,-1,dns,app_proto+port
2025-07-19T23:03:19.697669+0700,103.195.142.109,87.98.154.185,53,14039,UDP,flow,failed,1221550614213061,,1,1,0,1437,0,0.0,1,1437,0,none,0,none,0,0,0,no_alert_unknown,no_alert_not_final_benign,-1,dns,port
2025-07-19T23:03:19.697688+0700,103.195.142.74,202.134.0.155,12428,53,UDP,flow,dns,1637503395590713,,1,1,0,88,0,0.0,1,88,0,none,0,none,0,0,0,no_alert_unknown,no_alert_not_final_benign,-1,dns,app_proto+port
2025-07-19T23:03:19.697789+0700,103.195.142.74,118.98.44.20,1886,53,UDP,flow,dns,1911011753751347,,1,1,0,80,0,0.0,1,80,0,none,0,none,0,0,0,no_alert_unknown,no_alert_not_final_benign,-1,dns,app_proto+port
2025-07-19T23:03:19.697837+0700,103.195.142.74,50.28.32.153,56830,53,UDP,flow,dns,1387821547811646,,1,1,0,141,0,0.0,1,141,0,none,0,none,0,0,0,no_alert_unknown,no_alert_not_final_benign,-1,dns,app_proto+port
2025-07-19T23:03:19.697858+0700,103.195.142.74,118.98.44.100,60741,53,UDP,flow,dns,936456714613612,,1,1,0,223,0,0.0,1,223,0,none,0,none,0,0,0,no_alert_unknown,no_alert_not_final_benign,-1,dns,app_proto+port
2025-07-19T23:03:19.697920+0700,103.195.142.74,118.98.44.20,26565,53,UDP,flow,dns,1131450784969679,,1,1,0,68,0,0.0,1,68,0,none,0,none,0,0,0,no_alert_unknown,no_alert_not_final_benign,-1,dns,app_proto+port
2025-07-19T23:03:19.697939+0700,103.195.142.83,87.98.154.119,53,16961,UDP,flow,failed,928389430866898,,1,1,0,1190,0,0.0,1,1190,0,none,0,none,0,0,0,no_alert_unknown,no_alert_not_final_benign,-1,dns,port
2025-07-19T23:03:19.697983+0700,103.195.142.195,87.98.154.60,53,12199,UDP,flow,failed,2235877134726126,,1,1,0,1437,0,0.0,1,1437,0,none,0,none,0,0,0,no_alert_unknown,no_alert_not_final_benign,-1,dns,port
2025-07-19T23:03:19.698001+0700,103.195.142.74,118.98.44.50,15596,53,UDP,flow,dns,991514311160842,,1,1,0,223,0,0.0,1,223,0,none,0,none,0,0,0,no_alert_unknown,no_alert_not_final_benign,-1,dns,app_proto+port
2025-07-19T23:03:19.698021+0700,103.195.142.2,74.125.74.157,53,65097,UDP,flow,failed,2205065459823632,,1,1,0,208,0,0.0,1,208,0,none,0,none,0,0,0,no_alert_unknown,no_alert_not_final_benign,-1,dns,port
2025-07-19T23:03:19.698040+0700,103.195.142.46,87.98.154.75,53,47346,UDP,flow,failed,2021515091276817,,1,1,0,1437,0,0.0,1,1437,0,none,0,none,0,0,0,no_alert_unknown,no_alert_not_final_benign,-1,dns,port
2025-07-19T23:03:19.698059+0700,103.195.142.74,118.98.44.100,10408,53,UDP,flow,dns,1983859825013838,,1,1,0,76,0,0.0,1,76,0,none,0,none,0,0,0,no_alert_unknown,no_alert_not_final_benign,-1,dns,app_proto+port
2025-07-19T23:03:19.698079+0700,103.195.142.75,8.8.8.8,64779,53,UDP,flow,dns,1637661236884600,,1,1,0,85,0,0.0,1,85,0,none,0,none,0,0,0,no_alert_unknown,no_alert_not_final_benign,-1,dns,app_proto+port
2025-07-19T23:03:19.698109+0700,103.195.142.75,8.8.8.8,29012,53,UDP,flow,dns,1355804952851588,,1,1,0,223,0,0.0,1,223,0,none,0,none,0,0,0,no_alert_unknown,no_alert_not_final_benign,-1,dns,app_proto+port
2025-07-19T23:03:19.698187+0700,103.195.142.165,87.98.154.61,53,29353,UDP,flow,failed,1313083138864341,,1,1,0,1437,0,0.0,1,1437,0,none,0,none,0,0,0,no_alert_unknown,no_alert_not_final_benign,-1,dns,port
2025-07-19T23:03:19.698230+0700,103.195.142.74,118.98.44.100,43318,53,UDP,flow,dns,1037916487841050,,1,1,0,77,0,0.0,1,77,0,none,0,none,0,0,0,no_alert_unknown,no_alert_not_final_benign,-1,dns,app_proto+port
2025-07-19T23:03:19.698278+0700,103.195.142.74,202.134.0.155,43032,53,UDP,flow,dns,1386213216253312,,1,1,0,83,0,0.0,1,83,0,none,0,none,0,0,0,no_alert_unknown,no_alert_not_final_benign,-1,dns,app_proto+port
2025-07-19T23:03:19.698299+0700,103.195.142.196,87.98.154.225,53,49564,UDP,flow,failed,1987435208996290,,1,1,0,1437,0,0.0,1,1437,0,none,0,none,0,0,0,no_alert_unknown,no_alert_not_final_benign,-1,dns,port
2025-07-19T23:03:19.698406+0700,103.195.142.76,87.98.154.70,53,56124,UDP,flow,failed,2011877044287114,,1,1,0,1469,0,0.0,1,1469,0,none,0,none,0,0,0,no_alert_unknown,no_alert_not_final_benign,-1,dns,port
2025-07-19T23:03:19.698446+0700,103.195.142.74,202.134.0.155,16149,53,UDP,flow,dns,1777828218566304,,1,1,0,74,0,0.0,1,74,0,none,0,none,0,0,0,no_alert_unknown,no_alert_not_final_benign,-1,dns,app_proto+port
2025-07-19T23:03:19.698513+0700,103.195.142.74,118.98.44.100,22696,53,UDP,flow,dns,1728652667680579,,1,1,0,81,0,0.0,1,81,0,none,0,none,0,0,0,no_alert_unknown,no_alert_not_final_benign,-1,dns,app_proto+port
2025-07-19T23:03:19.698532+0700,103.195.142.74,118.98.44.50,13778,53,UDP,flow,dns,1634992838899540,,1,1,0,85,0,0.0,1,85,0,none,0,none,0,0,0,no_alert_unknown,no_alert_not_final_benign,-1,dns,app_proto+port
2025-07-19T23:03:19.698581+0700,103.195.142.74,118.98.44.20,6799,53,UDP,flow,dns,1778135972411228,,1,1,0,232,0,0.0,1,232,0,none,0,none,0,0,0,no_alert_unknown,no_alert_not_final_benign,-1,dns,app_proto+port
2025-07-19T23:03:19.698621+0700,103.195.142.74,118.98.44.50,10380,53,UDP,flow,dns,1197029381797771,,1,1,0,68,0,0.0,1,68,0,none,0,none,0,0,0,no_alert_unknown,no_alert_not_final_benign,-1,dns,app_proto+port
2025-07-19T23:03:19.698661+0700,103.195.142.74,118.98.44.50,19628,53,UDP,flow,dns,1663149195425706,,1,1,0,74,0,0.0,1,74,0,none,0,none,0,0,0,no_alert_unknown,no_alert_not_final_benign,-1,dns,app_proto+port
2025-07-19T23:03:19.698680+0700,103.195.142.46,87.98.154.119,53,37807,UDP,flow,failed,2127052151748539,,1,1,0,1437,0,0.0,1,1437,0,none,0,none,0,0,0,no_alert_unknown,no_alert_not_final_benign,-1,dns,port
2025-07-19T23:03:19.698744+0700,103.195.142.76,87.98.154.234,53,9829,UDP,flow,failed,955869496572274,,1,1,0,1469,0,0.0,1,1469,0,none,0,none,0,0,0,no_alert_unknown,no_alert_not_final_benign,-1,dns,port
2025-07-19T23:03:19.698763+0700,103.195.142.74,118.98.44.100,16072,53,UDP,flow,dns,1006116716378521,,1,1,0,77,0,0.0,1,77,0,none,0,none,0,0,0,no_alert_unknown,no_alert_not_final_benign,-1,dns,app_proto+port
2025-07-19T23:03:19.698783+0700,103.195.142.74,202.134.0.155,40410,53,UDP,flow,dns,1373497269254607,,1,1,0,82,0,0.0,1,82,0,none,0,none,0,0,0,no_alert_unknown,no_alert_not_final_benign,-1,dns,app_proto+port
2025-07-19T23:03:19.698803+0700,103.195.142.3,172.69.21.94,53,56447,UDP,flow,failed,1875067720530386,,1,1,0,180,0,0.0,1,180,0,none,0,none,0,0,0,no_alert_unknown,no_alert_not_final_benign,-1,dns,port
2025-07-19T23:03:19.698859+0700,103.195.142.76,87.98.154.119,53,32648,UDP,flow,failed,1729321657006723,,1,1,0,1469,0,0.0,1,1469,0,none,0,none,0,0,0,no_alert_unknown,no_alert_not_final_benign,-1,dns,port
2025-07-19T23:03:19.698877+0700,103.195.142.74,202.134.0.155,40847,53,UDP,flow,dns,1643437813955253,,1,1,0,78,0,0.0,1,78,0,none,0,none,0,0,0,no_alert_unknown,no_alert_not_final_benign,-1,dns,app_proto+port
2025-07-19T23:03:19.698926+0700,103.195.142.83,87.98.154.119,53,6484,UDP,flow,failed,2098804572256980,,1,1,0,1190,0,0.0,1,1190,0,none,0,none,0,0,0,no_alert_unknown,no_alert_not_final_benign,-1,dns,port
2025-07-19T23:03:19.698968+0700,103.195.142.195,87.98.154.60,53,16638,UDP,flow,failed,913505173863262,,1,1,0,1437,0,0.0,1,1437,0,none,0,none,0,0,0,no_alert_unknown,no_alert_not_final_benign,-1,dns,port
2025-07-19T23:03:19.699005+0700,103.195.142.3,51.38.107.76,53,2463,UDP,flow,failed,2162366577408957,,1,1,0,154,0,0.0,1,154,0,none,0,none,0,0,0,no_alert_unknown,no_alert_not_final_benign,-1,dns,port
2025-07-19T23:03:19.699024+0700,103.195.142.74,118.98.44.100,11374,53,UDP,flow,dns,2223491385031670,,1,1,0,74,0,0.0,1,74,0,none,0,none,0,0,0,no_alert_unknown,no_alert_not_final_benign,-1,dns,app_proto+port
2025-07-19T23:03:19.699048+0700,103.195.142.165,87.98.154.5,53,25947,UDP,flow,failed,1550576046210059,,1,1,0,1437,0,0.0,1,1437,0,none,0,none,0,0,0,no_alert_unknown,no_alert_not_final_benign,-1,dns,port
2025-07-19T23:03:19.699067+0700,103.195.142.74,118.98.44.100,50817,53,UDP,flow,dns,2054377935961112,,1,1,0,211,0,0.0,1,211,0,none,0,none,0,0,0,no_alert_unknown,no_alert_not_final_benign,-1,dns,app_proto+port
2025-07-19T23:03:19.699121+0700,103.195.142.195,87.98.154.88,53,62416,UDP,flow,failed,648514494168119,,1,3,0,4311,0,10.0,3,4311,0,none,0,none,0,0,0,no_alert_unknown,no_alert_not_final_benign,-1,dns,port
2025-07-19T23:03:19.699141+0700,103.195.142.196,87.98.154.119,53,42894,UDP,flow,failed,1445145095470144,,1,1,0,1437,0,0.0,1,1437,0,none,0,none,0,0,0,no_alert_unknown,no_alert_not_final_benign,-1,dns,port
2025-07-19T23:03:19.699184+0700,103.195.142.46,87.98.154.119,53,28483,UDP,flow,failed,891283109739695,,1,1,0,1437,0,0.0,1,1437,0,none,0,none,0,0,0,no_alert_unknown,no_alert_not_final_benign,-1,dns,port
2025-07-19T23:03:19.699229+0700,103.195.142.74,118.98.44.20,61133,53,UDP,flow,dns,1907800886639815,,1,1,0,211,0,0.0,1,211,0,none,0,none,0,0,0,no_alert_unknown,no_alert_not_final_benign,-1,dns,app_proto+port
2025-07-19T23:03:19.699266+0700,103.195.142.75,8.8.8.8,51827,53,UDP,flow,dns,1539781502074102,,1,1,0,88,0,0.0,1,88,0,none,0,none,0,0,0,no_alert_unknown,no_alert_not_final_benign,-1,dns,app_proto+port
2025-07-19T23:03:19.699295+0700,103.195.142.195,87.98.154.119,53,39685,UDP,flow,failed,2075525946178814,,1,1,0,1437,0,0.0,1,1437,0,none,0,none,0,0,0,no_alert_unknown,no_alert_not_final_benign,-1,dns,port
2025-07-19T23:03:19.699318+0700,103.195.142.74,118.98.44.20,25640,53,UDP,flow,dns,1799593816456479,,1,1,0,88,0,0.0,1,88,0,none,0,none,0,0,0,no_alert_unknown,no_alert_not_final_benign,-1,dns,app_proto+port
2025-07-19T23:03:19.699499+0700,103.195.142.74,118.98.44.100,59398,53,UDP,flow,dns,2124697692503580,,1,1,0,243,0,0.0,1,243,0,none,0,none,0,0,0,no_alert_unknown,no_alert_not_final_benign,-1,dns,app_proto+port
2025-07-19T23:03:19.699564+0700,103.195.142.74,202.134.0.155,62358,53,UDP,flow,dns,871248518151833,,1,1,0,214,0,0.0,1,214,0,none,0,none,0,0,0,no_alert_unknown,no_alert_not_final_benign,-1,dns,app_proto+port
2025-07-19T23:03:19.699591+0700,103.195.142.46,87.98.154.147,53,39459,UDP,flow,failed,1325557908143813,,1,1,0,1437,0,0.0,1,1437,0,none,0,none,0,0,0,no_alert_unknown,no_alert_not_final_benign,-1,dns,port
2025-07-19T23:03:19.699631+0700,103.195.142.76,87.98.154.117,53,30546,UDP,flow,failed,1695876193681242,,1,1,0,1469,0,0.0,1,1469,0,none,0,none,0,0,0,no_alert_unknown,no_alert_not_final_benign,-1,dns,port
2025-07-19T23:03:19.699683+0700,103.195.142.74,118.98.44.50,42099,53,UDP,flow,dns,846702678671205,,1,1,0,74,0,0.0,1,74,0,none,0,none,0,0,0,no_alert_unknown,no_alert_not_final_benign,-1,dns,app_proto+port
2025-07-19T23:03:19.699704+0700,103.195.142.74,202.134.0.155,8489,53,UDP,flow,dns,1893939286671225,,1,2,0,204,0,5.0,2,204,0,none,0,none,0,0,0,no_alert_unknown,no_alert_not_final_benign,-1,dns,app_proto+port
2025-07-19T23:03:19.699762+0700,103.195.142.74,118.98.44.50,37073,53,UDP,flow,dns,1946505571893152,,1,1,0,81,0,0.0,1,81,0,none,0,none,0,0,0,no_alert_unknown,no_alert_not_final_benign,-1,dns,app_proto+port
2025-07-19T23:03:19.699795+0700,103.195.142.46,87.98.154.117,53,8944,UDP,flow,failed,1149129012314114,,1,1,0,1437,0,0.0,1,1437,0,none,0,none,0,0,0,no_alert_unknown,no_alert_not_final_benign,-1,dns,port
2025-07-19T23:03:19.699814+0700,103.195.142.74,118.98.44.100,13031,53,UDP,flow,dns,1551592080769029,,1,1,0,211,0,0.0,1,211,0,none,0,none,0,0,0,no_alert_unknown,no_alert_not_final_benign,-1,dns,app_proto+port
2025-07-19T23:03:19.699834+0700,103.195.142.3,209.126.70.51,53,52377,UDP,flow,failed,1263981530153097,,1,1,0,159,0,0.0,1,159,0,none,0,none,0,0,0,no_alert_unknown,no_alert_not_final_benign,-1,dns,port
2025-07-19T23:03:19.699853+0700,103.195.142.83,87.98.154.186,53,33997,UDP,flow,failed,1688517990645965,,1,1,0,1190,0,0.0,1,1190,0,none,0,none,0,0,0,no_alert_unknown,no_alert_not_final_benign,-1,dns,port
2025-07-19T23:03:19.699879+0700,103.195.142.74,118.98.44.20,12719,53,UDP,flow,dns,1263852703547693,,1,1,0,74,0,0.0,1,74,0,none,0,none,0,0,0,no_alert_unknown,no_alert_not_final_benign,-1,dns,app_proto+port
2025-07-19T23:03:19.699922+0700,103.195.142.109,87.98.154.119,53,32334,UDP,flow,failed,1830783850545493,,1,1,0,1437,0,0.0,1,1437,0,none,0,none,0,0,0,no_alert_unknown,no_alert_not_final_benign,-1,dns,port
2025-07-19T23:03:19.699982+0700,103.195.142.74,118.98.44.100,33016,53,UDP,flow,dns,1806213039358374,,1,1,0,196,0,0.0,1,196,0,none,0,none,0,0,0,no_alert_unknown,no_alert_not_final_benign,-1,dns,app_proto+port
2025-07-19T23:03:19.700058+0700,103.195.142.195,87.98.154.0,53,29676,UDP,flow,failed,951783208616507,,1,1,0,1437,0,0.0,1,1437,0,none,0,none,0,0,0,no_alert_unknown,no_alert_not_final_benign,-1,dns,port
2025-07-19T23:03:19.700129+0700,103.195.142.74,202.134.0.155,5773,53,UDP,flow,dns,861515060904632,,1,1,0,243,0,0.0,1,243,0,none,0,none,0,0,0,no_alert_unknown,no_alert_not_final_benign,-1,dns,app_proto+port
2025-07-19T23:03:19.700203+0700,103.195.142.74,118.98.44.20,55215,53,UDP,flow,dns,2083280600728339,,1,1,0,74,0,0.0,1,74,0,none,0,none,0,0,0,no_alert_unknown,no_alert_not_final_benign,-1,dns,app_proto+port
2025-07-19T23:03:19.700243+0700,103.195.142.83,87.98.154.18,53,3701,UDP,flow,failed,1580167527564063,,1,3,0,3570,0,10.0,3,3570,0,none,0,none,0,0,0,no_alert_unknown,no_alert_not_final_benign,-1,dns,port
2025-07-19T23:03:19.700261+0700,103.195.142.74,118.98.44.100,7340,53,UDP,flow,dns,914631388398382,,1,1,0,130,0,0.0,1,130,0,none,0,none,0,0,0,no_alert_unknown,no_alert_not_final_benign,-1,dns,app_proto+port
2025-07-19T23:03:19.700281+0700,103.195.142.2,198.235.210.146,53,35886,UDP,flow,failed,1828103703069514,,1,1,0,227,0,0.0,1,227,0,none,0,none,0,0,0,no_alert_unknown,no_alert_not_final_benign,-1,dns,port
2025-07-19T23:03:19.700300+0700,103.195.142.83,87.98.154.74,53,7458,UDP,flow,failed,944935665238866,,1,3,0,3570,0,10.0,3,3570,0,none,0,none,0,0,0,no_alert_unknown,no_alert_not_final_benign,-1,dns,port
2025-07-19T23:03:19.700339+0700,103.195.142.108,8.8.8.8,15714,53,UDP,flow,dns,1009940879082365,,1,1,0,68,0,0.0,1,68,0,none,0,none,0,0,0,no_alert_unknown,no_alert_not_final_benign,-1,dns,app_proto+port
2025-07-19T23:03:19.700383+0700,103.195.142.83,87.98.154.74,53,35874,UDP,flow,failed,1347703215391781,,1,1,0,1190,0,0.0,1,1190,0,none,0,none,0,0,0,no_alert_unknown,no_alert_not_final_benign,-1,dns,port
2025-07-19T23:03:19.700403+0700,103.195.142.74,118.98.44.50,16504,53,UDP,flow,dns,1251248593405023,,1,1,0,107,0,0.0,1,107,0,none,0,none,0,0,0,no_alert_unknown,no_alert_not_final_benign,-1,dns,app_proto+port
2025-07-19T23:03:19.700425+0700,103.195.142.2,180.241.27.237,53,43052,UDP,flow,failed,2191371165861047,,1,1,0,181,0,0.0,1,181,0,none,0,none,0,0,0,no_alert_unknown,no_alert_not_final_benign,-1,dns,port
2025-07-19T23:03:19.700444+0700,103.195.142.83,87.98.154.119,53,61736,UDP,flow,failed,1219164603581672,,1,1,0,1190,0,0.0,1,1190,0,none,0,none,0,0,0,no_alert_unknown,no_alert_not_final_benign,-1,dns,port
2025-07-19T23:03:19.700477+0700,103.195.142.74,208.91.112.55,8791,53,UDP,flow,dns,1359262434297108,,1,1,0,99,0,0.0,1,99,0,none,0,none,0,0,0,no_alert_unknown,no_alert_not_final_benign,-1,dns,app_proto+port
2025-07-19T23:03:19.700528+0700,103.195.142.76,87.98.154.94,53,51445,UDP,flow,failed,2189138698667330,,1,1,0,1469,0,0.0,1,1469,0,none,0,none,0,0,0,no_alert_unknown,no_alert_not_final_benign,-1,dns,port
2025-07-19T23:03:19.700562+0700,103.195.142.2,212.65.140.147,53,64413,UDP,flow,failed,1720151242409419,,1,1,0,155,0,0.0,1,155,0,none,0,none,0,0,0,no_alert_unknown,no_alert_not_final_benign,-1,dns,port
2025-07-19T23:03:19.700612+0700,103.195.142.74,118.98.44.50,52350,53,UDP,flow,dns,1724860020590065,,1,1,0,85,0,0.0,1,85,0,none,0,none,0,0,0,no_alert_unknown,no_alert_not_final_benign,-1,dns,app_proto+port
2025-07-19T23:03:19.700632+0700,103.195.142.74,118.98.44.20,43359,53,UDP,flow,dns,1215617430881780,,1,1,0,87,0,0.0,1,87,0,none,0,none,0,0,0,no_alert_unknown,no_alert_not_final_benign,-1,dns,app_proto+port
2025-07-19T23:03:19.700652+0700,103.195.142.74,202.134.0.155,35325,53,UDP,flow,dns,2127863787652637,,1,1,0,80,0,0.0,1,80,0,none,0,none,0,0,0,no_alert_unknown,no_alert_not_final_benign,-1,dns,app_proto+port
2025-07-19T23:03:19.700697+0700,103.195.142.46,87.98.154.118,53,2007,UDP,flow,failed,1043559525353036,,1,1,0,1437,0,0.0,1,1437,0,none,0,none,0,0,0,no_alert_unknown,no_alert_not_final_benign,-1,dns,port
2025-07-19T23:03:19.700718+0700,103.195.142.83,87.98.154.119,53,1720,UDP,flow,failed,2183523593979488,,1,1,0,1190,0,0.0,1,1190,0,none,0,none,0,0,0,no_alert_unknown,no_alert_not_final_benign,-1,dns,port
2025-07-19T23:03:19.700759+0700,103.195.142.74,8.8.8.8,43605,53,UDP,flow,dns,918112806405857,,1,1,0,232,0,0.0,1,232,0,none,0,none,0,0,0,no_alert_unknown,no_alert_not_final_benign,-1,dns,app_proto+port
2025-07-19T23:03:19.700800+0700,103.195.142.196,87.98.154.189,53,25709,UDP,flow,failed,1663268955457374,,1,1,0,1437,0,0.0,1,1437,0,none,0,none,0,0,0,no_alert_unknown,no_alert_not_final_benign,-1,dns,port
2025-07-19T23:03:19.700819+0700,103.195.142.74,118.98.44.100,45319,53,UDP,flow,dns,2189832633354126,,1,1,0,214,0,0.0,1,214,0,none,0,none,0,0,0,no_alert_unknown,no_alert_not_final_benign,-1,dns,app_proto+port
2025-07-19T23:03:19.700838+0700,103.195.142.75,8.8.8.8,46637,53,UDP,flow,dns,1294239678171044,,1,1,0,77,0,0.0,1,77,0,none,0,none,0,0,0,no_alert_unknown,no_alert_not_final_benign,-1,dns,app_proto+port
2025-07-19T23:03:19.700857+0700,103.195.142.76,87.98.154.119,53,3093,UDP,flow,failed,2079660386912181,,1,1,0,1469,0,0.0,1,1469,0,none,0,none,0,0,0,no_alert_unknown,no_alert_not_final_benign,-1,dns,port
2025-07-19T23:03:19.700931+0700,103.195.142.75,8.8.8.8,5867,53,UDP,flow,dns,977085531326398,,1,1,0,77,0,0.0,1,77,0,none,0,none,0,0,0,no_alert_unknown,no_alert_not_final_benign,-1,dns,app_proto+port
2025-07-19T23:03:19.700973+0700,103.195.142.74,118.98.44.20,44246,53,UDP,flow,dns,1753657297307683,,1,1,0,87,0,0.0,1,87,0,none,0,none,0,0,0,no_alert_unknown,no_alert_not_final_benign,-1,dns,app_proto+port
2025-07-19T23:03:19.701070+0700,103.195.142.76,87.98.154.162,53,59096,UDP,flow,failed,2223679918540883,,1,1,0,1469,0,0.0,1,1469,0,none,0,none,0,0,0,no_alert_unknown,no_alert_not_final_benign,-1,dns,port
2025-07-19T23:03:19.701148+0700,103.195.142.76,87.98.154.74,53,63830,UDP,flow,failed,1197019439073455,,1,1,0,1469,0,0.0,1,1469,0,none,0,none,0,0,0,no_alert_unknown,no_alert_not_final_benign,-1,dns,port
2025-07-19T23:03:19.701167+0700,103.195.142.46,87.98.154.159,53,46087,UDP,flow,failed,398467346041010,,1,3,0,4311,0,10.0,3,4311,0,none,0,none,0,0,0,no_alert_unknown,no_alert_not_final_benign,-1,dns,port
2025-07-19T23:03:19.701237+0700,103.195.142.75,8.8.8.8,62731,53,UDP,flow,dns,1892930928413078,,1,1,0,80,0,0.0,1,80,0,none,0,none,0,0,0,no_alert_unknown,no_alert_not_final_benign,-1,dns,app_proto+port
2025-07-19T23:03:19.701257+0700,103.195.142.109,87.98.154.245,53,12966,UDP,flow,failed,1489890909784534,,1,1,0,1437,0,0.0,1,1437,0,none,0,none,0,0,0,no_alert_unknown,no_alert_not_final_benign,-1,dns,port
2025-07-19T23:03:19.701276+0700,103.195.142.109,87.98.154.189,53,11017,UDP,flow,failed,2110384360360496,,1,1,0,1437,0,0.0,1,1437,0,none,0,none,0,0,0,no_alert_unknown,no_alert_not_final_benign,-1,dns,port
2025-07-19T23:03:19.701295+0700,103.195.142.74,118.98.44.100,22632,53,UDP,flow,dns,2000613363518057,,1,1,0,68,0,0.0,1,68,0,none,0,none,0,0,0,no_alert_unknown,no_alert_not_final_benign,-1,dns,app_proto+port
2025-07-19T23:03:19.701314+0700,103.195.142.74,118.98.44.20,38091,53,UDP,flow,dns,1050972400159429,,1,1,0,223,0,0.0,1,223,0,none,0,none,0,0,0,no_alert_unknown,no_alert_not_final_benign,-1,dns,app_proto+port
2025-07-19T23:03:19.701335+0700,103.195.142.74,118.98.44.50,61350,53,UDP,flow,dns,1193494223686364,,1,1,0,68,0,0.0,1,68,0,none,0,none,0,0,0,no_alert_unknown,no_alert_not_final_benign,-1,dns,app_proto+port
2025-07-19T23:03:19.701393+0700,103.195.142.76,87.98.154.190,53,2839,UDP,flow,failed,1919883668327168,,1,1,0,1469,0,0.0,1,1469,0,none,0,none,0,0,0,no_alert_unknown,no_alert_not_final_benign,-1,dns,port
2025-07-19T23:03:19.701413+0700,103.195.142.109,87.98.154.119,53,28229,UDP,flow,failed,1312203962944311,,1,1,0,1437,0,0.0,1,1437,0,none,0,none,0,0,0,no_alert_unknown,no_alert_not_final_benign,-1,dns,port
2025-07-19T23:03:19.701431+0700,103.195.142.165,87.98.154.145,53,48947,UDP,flow,failed,1844472181132232,,1,1,0,1437,0,0.0,1,1437,0,none,0,none,0,0,0,no_alert_unknown,no_alert_not_final_benign,-1,dns,port
2025-07-19T23:03:19.701450+0700,103.195.142.74,202.134.0.155,29871,53,UDP,flow,dns,1004937203256302,,1,1,0,76,0,0.0,1,76,0,none,0,none,0,0,0,no_alert_unknown,no_alert_not_final_benign,-1,dns,app_proto+port
2025-07-19T23:03:19.701491+0700,103.195.142.74,202.134.0.155,16395,53,UDP,flow,dns,1948527639563295,,1,1,0,196,0,0.0,1,196,0,none,0,none,0,0,0,no_alert_unknown,no_alert_not_final_benign,-1,dns,app_proto+port
2025-07-19T23:03:19.701538+0700,103.195.142.74,118.98.44.100,26245,53,UDP,flow,dns,902450375068731,,1,1,0,214,0,0.0,1,214,0,none,0,none,0,0,0,no_alert_unknown,no_alert_not_final_benign,-1,dns,app_proto+port
2025-07-19T23:03:19.701581+0700,103.195.142.165,87.98.154.89,53,58616,UDP,flow,failed,1886674531224775,,1,1,0,1437,0,0.0,1,1437,0,none,0,none,0,0,0,no_alert_unknown,no_alert_not_final_benign,-1,dns,port
2025-07-19T23:03:19.701620+0700,103.195.142.74,202.134.0.155,50863,53,UDP,flow,dns,2163401720040691,,1,1,0,84,0,0.0,1,84,0,none,0,none,0,0,0,no_alert_unknown,no_alert_not_final_benign,-1,dns,app_proto+port
2025-07-19T23:03:19.701640+0700,103.195.142.74,208.91.112.55,51482,53,UDP,flow,dns,1195290397347257,,1,1,0,99,0,0.0,1,99,0,none,0,none,0,0,0,no_alert_unknown,no_alert_not_final_benign,-1,dns,app_proto+port
2025-07-19T23:03:19.701661+0700,103.195.142.76,87.98.154.119,53,2160,UDP,flow,failed,1655533101682143,,1,1,0,1469,0,0.0,1,1469,0,none,0,none,0,0,0,no_alert_unknown,no_alert_not_final_benign,-1,dns,port
2025-07-19T23:03:19.701692+0700,103.195.142.109,87.98.154.237,53,28055,UDP,flow,failed,2186716445969897,,1,1,0,1437,0,0.0,1,1437,0,none,0,none,0,0,0,no_alert_unknown,no_alert_not_final_benign,-1,dns,port
2025-07-19T23:03:19.701725+0700,103.195.142.75,8.8.8.8,57057,53,UDP,flow,dns,1033876900711940,,1,1,0,223,0,0.0,1,223,0,none,0,none,0,0,0,no_alert_unknown,no_alert_not_final_benign,-1,dns,app_proto+port
2025-07-19T23:03:19.701745+0700,103.195.142.2,51.38.107.65,53,19320,UDP,flow,failed,2045687947693662,,1,1,0,143,0,0.0,1,143,0,none,0,none,0,0,0,no_alert_unknown,no_alert_not_final_benign,-1,dns,port
2025-07-19T23:03:19.701785+0700,103.195.142.196,87.98.154.169,53,49606,UDP,flow,failed,1389655306309294,,1,3,0,4311,0,10.0,3,4311,0,none,0,none,0,0,0,no_alert_unknown,no_alert_not_final_benign,-1,dns,port
2025-07-19T23:03:19.701905+0700,103.195.142.165,87.98.154.173,53,26603,UDP,flow,failed,1392439043919878,,1,1,0,1437,0,0.0,1,1437,0,none,0,none,0,0,0,no_alert_unknown,no_alert_not_final_benign,-1,dns,port
2025-07-19T23:03:19.701924+0700,103.195.142.109,87.98.154.119,53,63748,UDP,flow,failed,1597940772474902,,1,1,0,1437,0,0.0,1,1437,0,none,0,none,0,0,0,no_alert_unknown,no_alert_not_final_benign,-1,dns,port
2025-07-19T23:03:19.701943+0700,103.195.142.74,118.98.44.50,53185,53,UDP,flow,dns,1795244057202739,,1,1,0,223,0,0.0,1,223,0,none,0,none,0,0,0,no_alert_unknown,no_alert_not_final_benign,-1,dns,app_proto+port
2025-07-19T23:03:19.701977+0700,103.195.142.74,118.98.44.50,20865,53,UDP,flow,dns,1269666236698766,,1,1,0,94,0,0.0,1,94,0,none,0,none,0,0,0,no_alert_unknown,no_alert_not_final_benign,-1,dns,app_proto+port
2025-07-19T23:03:19.701998+0700,103.195.142.74,118.98.44.50,4652,53,UDP,flow,dns,1356130842808466,,1,1,0,77,0,0.0,1,77,0,none,0,none,0,0,0,no_alert_unknown,no_alert_not_final_benign,-1,dns,app_proto+port
2025-07-19T23:03:19.702017+0700,103.195.142.74,118.98.44.20,15157,53,UDP,flow,dns,2202327817752757,,1,1,0,88,0,0.0,1,88,0,none,0,none,0,0,0,no_alert_unknown,no_alert_not_final_benign,-1,dns,app_proto+port
2025-07-19T23:03:19.702037+0700,103.195.142.46,87.98.154.75,53,59347,UDP,flow,failed,1362609922085074,,1,2,0,2874,0,9.0,2,2874,0,none,0,none,0,0,0,no_alert_unknown,no_alert_not_final_benign,-1,dns,port
2025-07-19T23:03:19.702056+0700,103.195.142.76,87.98.154.119,53,35784,UDP,flow,failed,391482249810149,,1,2,0,2938,0,28.0,2,2938,0,none,0,none,0,0,0,no_alert_unknown,no_alert_not_final_benign,-1,dns,port
2025-07-19T23:03:19.702075+0700,103.195.142.46,87.98.154.119,53,53307,UDP,flow,failed,2059295151722728,,1,1,0,1437,0,0.0,1,1437,0,none,0,none,0,0,0,no_alert_unknown,no_alert_not_final_benign,-1,dns,port
2025-07-19T23:03:19.702174+0700,103.195.142.74,202.134.0.155,13476,53,UDP,flow,dns,2226232342712663,,1,1,0,104,0,0.0,1,104,0,none,0,none,0,0,0,no_alert_unknown,no_alert_not_final_benign,-1,dns,app_proto+port
2025-07-19T23:03:19.702194+0700,103.195.142.83,87.98.154.119,53,39799,UDP,flow,failed,1849898600993209,,1,1,0,1190,0,0.0,1,1190,0,none,0,none,0,0,0,no_alert_unknown,no_alert_not_final_benign,-1,dns,port
2025-07-19T23:03:19.702234+0700,103.195.142.2,3.142.0.119,53,26427,UDP,flow,failed,1509431945302504,,1,1,0,290,0,0.0,1,290,0,none,0,none,0,0,0,no_alert_unknown,no_alert_not_final_benign,-1,dns,port
2025-07-19T23:03:19.702253+0700,103.195.142.46,87.98.154.187,53,38361,UDP,flow,failed,1283130151178730,,1,1,0,1437,0,0.0,1,1437,0,none,0,none,0,0,0,no_alert_unknown,no_alert_not_final_benign,-1,dns,port
2025-07-19T23:03:19.702299+0700,103.195.142.195,87.98.154.116,53,61744,UDP,flow,failed,1867662142378608,,1,1,0,1437,0,0.0,1,1437,0,none,0,none,0,0,0,no_alert_unknown,no_alert_not_final_benign,-1,dns,port
2025-07-19T23:03:19.702362+0700,103.195.142.75,8.8.8.8,26014,53,UDP,flow,dns,1534917786374920,,1,1,0,223,0,0.0,1,223,0,none,0,none,0,0,0,no_alert_unknown,no_alert_not_final_benign,-1,dns,app_proto+port
2025-07-19T23:03:19.702412+0700,103.195.142.196,87.98.154.197,53,59227,UDP,flow,failed,2238275216315180,,1,1,0,1437,0,0.0,1,1437,0,none,0,none,0,0,0,no_alert_unknown,no_alert_not_final_benign,-1,dns,port
2025-07-19T23:03:19.702495+0700,103.195.142.74,202.134.0.155,53352,53,UDP,flow,dns,1918387391534216,,1,1,0,86,0,0.0,1,86,0,none,0,none,0,0,0,no_alert_unknown,no_alert_not_final_benign,-1,dns,app_proto+port
2025-07-19T23:03:19.702541+0700,103.195.142.74,118.98.44.50,1697,53,UDP,flow,dns,1363223900558529,,1,1,0,79,0,0.0,1,79,0,none,0,none,0,0,0,no_alert_unknown,no_alert_not_final_benign,-1,dns,app_proto+port
2025-07-19T23:03:19.702604+0700,103.195.142.76,87.98.154.119,53,62286,UDP,flow,failed,2128937995244782,,1,1,0,1469,0,0.0,1,1469,0,none,0,none,0,0,0,no_alert_unknown,no_alert_not_final_benign,-1,dns,port
2025-07-19T23:03:19.702646+0700,103.195.142.74,118.98.44.100,6286,53,UDP,flow,dns,2051885201659153,,1,1,0,214,0,0.0,1,214,0,none,0,none,0,0,0,no_alert_unknown,no_alert_not_final_benign,-1,dns,app_proto+port
2025-07-19T23:03:19.702699+0700,103.195.142.195,87.98.154.144,53,7692,UDP,flow,failed,1475609280353642,,1,1,0,1437,0,0.0,1,1437,0,none,0,none,0,0,0,no_alert_unknown,no_alert_not_final_benign,-1,dns,port
2025-07-19T23:03:19.702718+0700,103.195.142.195,87.98.154.88,53,3280,UDP,flow,failed,1753887170074082,,1,1,0,1437,0,0.0,1,1437,0,none,0,none,0,0,0,no_alert_unknown,no_alert_not_final_benign,-1,dns,port
2025-07-19T23:03:19.702759+0700,103.195.142.83,87.98.154.46,53,49414,UDP,flow,failed,1155544656287293,,1,1,0,1190,0,0.0,1,1190,0,none,0,none,0,0,0,no_alert_unknown,no_alert_not_final_benign,-1,dns,port
2025-07-19T23:03:19.718402+0700,103.195.142.74,118.98.44.20,38026,53,UDP,flow,dns,4744184828759,,1,1,0,74,0,0.0,1,74,0,none,0,none,0,0,0,no_alert_unknown,no_alert_not_final_benign,-1,dns,app_proto+port
2025-07-19T23:03:19.747751+0700,103.195.142.74,118.98.44.100,14301,53,UDP,dns,,2085667359070348,wire/pcap,0,0,0,0,0,0.0,0,0,0,none,0,none,0,0,0,no_alert_unknown,no_alert_not_final_benign,-1,dns,port
2025-07-19T23:03:19.754493+0700,103.195.142.75,8.8.8.8,20866,53,UDP,dns,,2114622895186165,wire/pcap,0,0,0,0,0,0.0,0,0,0,none,0,none,0,0,0,no_alert_unknown,no_alert_not_final_benign,-1,dns,port
2025-07-19T23:03:19.773024+0700,103.195.142.74,202.134.0.155,2358,53,UDP,dns,,2194214974036168,wire/pcap,0,0,0,0,0,0.0,0,0,0,none,0,none,0,0,0,no_alert_unknown,no_alert_not_final_benign,-1,dns,port
2025-07-19T23:03:19.801845+0700,103.195.142.74,118.98.44.50,33018,53,UDP,dns,,2036524355269537,wire/pcap,0,0,0,0,0,0.0,0,0,0,none,0,none,0,0,0,no_alert_unknown,no_alert_not_final_benign,-1,dns,port
2025-07-19T23:03:19.809428+0700,103.195.142.75,8.8.8.8,35450,53,UDP,dns,,2069092059525314,wire/pcap,0,0,0,0,0,0.0,0,0,0,none,0,none,0,0,0,no_alert_unknown,no_alert_not_final_benign,-1,dns,port
2025-07-19T23:03:19.827428+0700,103.195.142.74,118.98.44.20,27565,53,UDP,dns,,2146403098087427,wire/pcap,0,0,0,0,0,0.0,0,0,0,none,0,none,0,0,0,no_alert_unknown,no_alert_not_final_benign,-1,dns,port
2025-07-19T23:03:19.858811+0700,103.195.142.196,87.98.154.119,53,49016,UDP,flow,failed,228130488711724,,1,1,0,1437,0,0.0,1,1437,0,none,0,none,0,0,0,no_alert_unknown,no_alert_not_final_benign,-1,dns,port
2025-07-19T23:03:19.862887+0700,103.195.142.74,118.98.44.20,10497,53,UDP,dns,,2017224176503916,wire/pcap,0,0,0,0,0,0.0,0,0,0,none,0,none,0,0,0,no_alert_unknown,no_alert_not_final_benign,-1,dns,port
2025-07-19T23:03:19.865991+0700,103.195.142.108,8.8.8.8,16553,53,UDP,dns,,2030556604095139,wire/pcap,0,0,0,0,0,0.0,0,0,0,none,0,none,0,0,0,no_alert_unknown,no_alert_not_final_benign,-1,dns,port
2025-07-19T23:03:19.876696+0700,103.195.142.75,8.8.8.8,64818,53,UDP,dns,,2076531746131609,wire/pcap,0,0,0,0,0,0.0,0,0,0,none,0,none,0,0,0,no_alert_unknown,no_alert_not_final_benign,-1,dns,port
2025-07-19T23:03:19.876736+0700,103.195.142.75,8.8.8.8,17894,53,UDP,dns,,805505606503769,wire/pcap,0,0,0,0,0,0.0,0,0,0,none,0,none,0,0,0,no_alert_unknown,no_alert_not_final_benign,-1,dns,port
2025-07-19T23:03:19.894129+0700,103.195.142.74,118.98.44.20,60866,53,UDP,dns,,2151406753839841,wire/pcap,0,0,0,0,0,0.0,0,0,0,none,0,none,0,0,0,no_alert_unknown,no_alert_not_final_benign,-1,dns,port
2025-07-19T23:03:19.911013+0700,103.195.142.74,118.98.44.20,14763,53,UDP,dns,,2223922724660469,wire/pcap,0,0,0,0,0,0.0,0,0,0,none,0,none,0,0,0,no_alert_unknown,no_alert_not_final_benign,-1,dns,port
2025-07-19T23:03:19.911292+0700,103.195.142.74,118.98.44.20,36314,53,UDP,dns,,2225120202900960,wire/pcap,0,0,0,0,0,0.0,0,0,0,none,0,none,0,0,0,no_alert_unknown,no_alert_not_final_benign,-1,dns,port
2025-07-19T23:03:19.927935+0700,103.195.142.108,8.8.8.8,1900,53,UDP,dns,,1216074754602613,wire/pcap,0,0,0,0,0,0.0,0,0,0,none,0,none,0,0,0,no_alert_unknown,no_alert_not_final_benign,-1,dns,port
2025-07-19T23:03:19.932857+0700,103.195.142.74,118.98.44.50,39552,53,UDP,dns,,2036267141378846,wire/pcap,0,0,0,0,0,0.0,0,0,0,none,0,none,0,0,0,no_alert_unknown,no_alert_not_final_benign,-1,dns,port
2025-07-19T23:03:19.932943+0700,103.195.142.75,8.8.8.8,17573,53,UDP,dns,,2036638260232492,wire/pcap,0,0,0,0,0,0.0,0,0,0,none,0,none,0,0,0,no_alert_unknown,no_alert_not_final_benign,-1,dns,port
2025-07-19T23:03:19.935801+0700,103.195.142.109,87.98.154.119,53,53653,UDP,flow,failed,145413435822205,,1,1,0,1437,0,0.0,1,1437,0,none,0,none,0,0,0,no_alert_unknown,no_alert_not_final_benign,-1,dns,port
2025-07-19T23:03:19.936149+0700,103.195.142.74,118.98.44.20,18233,53,UDP,dns,,2050407877178702,wire/pcap,0,0,0,0,0,0.0,0,0,0,none,0,none,0,0,0,no_alert_unknown,no_alert_not_final_benign,-1,dns,port
2025-07-19T23:03:19.951441+0700,103.195.142.195,87.98.154.119,53,23547,UDP,flow,failed,14758261125691,,1,1,0,1437,0,0.0,1,1437,0,none,0,none,0,0,0,no_alert_unknown,no_alert_not_final_benign,-1,dns,port
2025-07-19T23:03:19.967450+0700,103.195.142.74,118.98.44.20,25084,53,UDP,dns,,2184844655724882,wire/pcap,0,0,0,0,0,0.0,0,0,0,none,0,none,0,0,0,no_alert_unknown,no_alert_not_final_benign,-1,dns,port
2025-07-19T23:03:19.972065+0700,103.195.142.2,172.70.204.10,53,31856,UDP,flow,failed,1958754068590694,,1,1,0,178,0,0.0,1,178,0,none,0,none,0,0,0,no_alert_unknown,no_alert_not_final_benign,-1,dns,port
2025-07-19T23:03:19.981048+0700,103.195.142.74,118.98.44.20,56633,53,UDP,dns,,2243246788948503,wire/pcap,0,0,0,0,0,0.0,0,0,0,none,0,none,0,0,0,no_alert_unknown,no_alert_not_final_benign,-1,dns,port
2025-07-19T23:03:19.992313+0700,103.195.142.74,118.98.44.100,31262,53,UDP,dns,,2010153506294679,wire/pcap,0,0,0,0,0,0.0,0,0,0,none,0,none,0,0,0,no_alert_unknown,no_alert_not_final_benign,-1,dns,port
2025-07-19T23:03:19.992437+0700,103.195.142.46,87.98.154.247,53,57284,UDP,flow,failed,1827932663565207,,1,3,0,4311,0,10.0,3,4311,0,none,0,none,0,0,0,no_alert_unknown,no_alert_not_final_benign,-1,dns,port
2025-07-19T23:03:20.002202+0700,103.195.142.74,202.134.0.155,14705,53,UDP,dns,,9460999169731,wire/pcap,0,0,0,0,0,0.0,0,0,0,none,0,none,0,0,0,no_alert_unknown,no_alert_not_final_benign,-1,dns,port
2025-07-19T23:03:20.002244+0700,103.195.142.74,118.98.44.20,25205,53,UDP,dns,,9638086468437,wire/pcap,0,0,0,0,0,0.0,0,0,0,none,0,none,0,0,0,no_alert_unknown,no_alert_not_final_benign,-1,dns,port
2025-07-19T23:03:20.009060+0700,103.195.142.75,8.8.8.8,8269,53,UDP,dns,,38916419511622,wire/pcap,0,0,0,0,0,0.0,0,0,0,none,0,none,0,0,0,no_alert_unknown,no_alert_not_final_benign,-1,dns,port
2025-07-19T23:03:20.019215+0700,103.195.142.74,118.98.44.20,12607,53,UDP,dns,,82531439133067,wire/pcap,0,0,0,0,0,0.0,0,0,0,none,0,none,0,0,0,no_alert_unknown,no_alert_not_final_benign,-1,dns,port
2025-07-19T23:03:20.020703+0700,103.195.142.74,118.98.44.100,50141,53,UDP,dns,,88920316527283,wire/pcap,0,0,0,0,0,0.0,0,0,0,none,0,none,0,0,0,no_alert_unknown,no_alert_not_final_benign,-1,dns,port
2025-07-19T23:03:20.024772+0700,103.195.142.74,118.98.44.50,16245,53,UDP,dns,,106398459098833,wire/pcap,0,0,0,0,0,0.0,0,0,0,none,0,none,0,0,0,no_alert_unknown,no_alert_not_final_benign,-1,dns,port
2025-07-19T23:03:20.037220+0700,103.195.142.74,118.98.44.50,28921,53,UDP,dns,,159861954315625,wire/pcap,0,0,0,0,0,0.0,0,0,0,none,0,none,0,0,0,no_alert_unknown,no_alert_not_final_benign,-1,dns,port
2025-07-19T23:03:20.042370+0700,103.195.142.74,118.98.44.20,52141,53,UDP,dns,,181978883808631,wire/pcap,0,0,0,0,0,0.0,0,0,0,none,0,none,0,0,0,no_alert_unknown,no_alert_not_final_benign,-1,dns,port
2025-07-19T23:03:20.072142+0700,103.195.142.74,202.134.0.155,51792,53,UDP,dns,,28375459248066,wire/pcap,0,0,0,0,0,0.0,0,0,0,none,0,none,0,0,0,no_alert_unknown,no_alert_not_final_benign,-1,dns,port
2025-07-19T23:03:20.087932+0700,103.195.142.74,202.134.0.155,46836,53,UDP,dns,,96192876741358,wire/pcap,0,0,0,0,0,0.0,0,0,0,none,0,none,0,0,0,no_alert_unknown,no_alert_not_final_benign,-1,dns,port
2025-07-19T23:03:20.103608+0700,103.195.142.74,118.98.44.50,28826,53,UDP,dns,,163520999734274,wire/pcap,0,0,0,0,0,0.0,0,0,0,none,0,none,0,0,0,no_alert_unknown,no_alert_not_final_benign,-1,dns,port
2025-07-19T23:03:20.106382+0700,103.195.142.74,202.134.0.155,13896,53,UDP,dns,,175434501321580,wire/pcap,0,0,0,0,0,0.0,0,0,0,none,0,none,0,0,0,no_alert_unknown,no_alert_not_final_benign,-1,dns,port
2025-07-19T23:03:20.106499+0700,103.195.142.2,51.38.107.75,53,11084,UDP,flow,failed,2174081561613426,,1,1,0,186,0,0.0,1,186,0,none,0,none,0,0,0,no_alert_unknown,no_alert_not_final_benign,-1,dns,port
2025-07-19T23:03:20.122270+0700,103.195.142.74,118.98.44.100,16884,53,UDP,dns,,243671034372114,wire/pcap,0,0,0,0,0,0.0,0,0,0,none,0,none,0,0,0,no_alert_unknown,no_alert_not_final_benign,-1,dns,port
2025-07-19T23:03:20.140495+0700,103.195.142.75,8.8.8.8,56910,53,UDP,dns,,40472948872503,wire/pcap,0,0,0,0,0,0.0,0,0,0,none,0,none,0,0,0,no_alert_unknown,no_alert_not_final_benign,-1,dns,port
2025-07-19T23:03:20.149289+0700,103.195.142.74,118.98.44.100,49481,53,UDP,dns,,78243511190455,wire/pcap,0,0,0,0,0,0.0,0,0,0,none,0,none,0,0,0,no_alert_unknown,no_alert_not_final_benign,-1,dns,port
2025-07-19T23:03:20.155354+0700,103.195.142.74,202.134.0.155,42550,53,UDP,dns,,104290711792766,wire/pcap,0,0,0,0,0,0.0,0,0,0,none,0,none,0,0,0,no_alert_unknown,no_alert_not_final_benign,-1,dns,port
2025-07-19T23:03:20.155439+0700,103.195.142.75,8.8.8.8,41102,53,UDP,dns,,104656288363838,wire/pcap,0,0,0,0,0,0.0,0,0,0,none,0,none,0,0,0,no_alert_unknown,no_alert_not_final_benign,-1,dns,port
2025-07-19T23:03:20.155550+0700,103.195.142.74,118.98.44.20,11925,53,UDP,dns,,105135156527712,wire/pcap,0,0,0,0,0,0.0,0,0,0,none,0,none,0,0,0,no_alert_unknown,no_alert_not_final_benign,-1,dns,port
2025-07-19T23:03:20.174976+0700,103.195.142.74,202.134.0.155,53664,53,UDP,dns,,188569250051370,wire/pcap,0,0,0,0,0,0.0,0,0,0,none,0,none,0,0,0,no_alert_unknown,no_alert_not_final_benign,-1,dns,port
2025-07-19T23:03:20.180806+0700,103.195.142.74,118.98.44.100,28726,53,UDP,dns,,213608571826542,wire/pcap,0,0,0,0,0,0.0,0,0,0,none,0,none,0,0,0,no_alert_unknown,no_alert_not_final_benign,-1,dns,port
2025-07-19T23:03:20.191874+0700,103.195.142.74,118.98.44.100,53059,53,UDP,dns,,261144811642769,wire/pcap,0,0,0,0,0,0.0,0,0,0,none,0,none,0,0,0,no_alert_unknown,no_alert_not_final_benign,-1,dns,port
2025-07-19T23:03:20.196502+0700,103.195.142.74,118.98.44.50,2304,53,UDP,dns,,281020082658379,wire/pcap,0,0,0,0,0,0.0,0,0,0,none,0,none,0,0,0,no_alert_unknown,no_alert_not_final_benign,-1,dns,port
2025-07-19T23:03:20.200120+0700,103.195.142.74,118.98.44.100,24018,53,UDP,dns,,15086830010982,wire/pcap,0,0,0,0,0,0.0,0,0,0,none,0,none,0,0,0,no_alert_unknown,no_alert_not_final_benign,-1,dns,port
2025-07-19T23:03:20.201885+0700,103.195.142.74,118.98.44.20,33360,53,UDP,dns,,22668036861453,wire/pcap,0,0,0,0,0,0.0,0,0,0,none,0,none,0,0,0,no_alert_unknown,no_alert_not_final_benign,-1,dns,port
2025-07-19T23:03:20.201984+0700,103.195.142.74,202.134.0.155,61811,53,UDP,dns,,23092814497770,wire/pcap,0,0,0,0,0,0.0,0,0,0,none,0,none,0,0,0,no_alert_unknown,no_alert_not_final_benign,-1,dns,port
2025-07-19T23:03:20.209480+0700,103.195.142.75,8.8.8.8,26860,53,UDP,dns,,55287061630619,wire/pcap,0,0,0,0,0,0.0,0,0,0,none,0,none,0,0,0,no_alert_unknown,no_alert_not_final_benign,-1,dns,port
2025-07-19T23:03:20.229193+0700,103.195.142.75,8.8.8.8,29490,53,UDP,dns,,139955195062898,wire/pcap,0,0,0,0,0,0.0,0,0,0,none,0,none,0,0,0,no_alert_unknown,no_alert_not_final_benign,-1,dns,port
2025-07-19T23:03:20.243684+0700,103.195.142.74,202.134.0.155,8470,53,UDP,dns,,202191208068960,wire/pcap,0,0,0,0,0,0.0,0,0,0,none,0,none,0,0,0,no_alert_unknown,no_alert_not_final_benign,-1,dns,port
2025-07-19T23:03:20.251425+0700,103.195.142.74,202.134.0.155,41405,53,UDP,dns,,235440180249492,wire/pcap,0,0,0,0,0,0.0,0,0,0,none,0,none,0,0,0,no_alert_unknown,no_alert_not_final_benign,-1,dns,port
2025-07-19T23:03:20.265406+0700,103.195.142.75,8.8.8.8,9905,53,UDP,dns,,14010412201680,wire/pcap,0,0,0,0,0,0.0,0,0,0,none,0,none,0,0,0,no_alert_unknown,no_alert_not_final_benign,-1,dns,port
2025-07-19T23:03:20.284800+0700,103.195.142.74,202.134.0.155,3906,53,UDP,dns,,97307691173738,wire/pcap,0,0,0,0,0,0.0,0,0,0,none,0,none,0,0,0,no_alert_unknown,no_alert_not_final_benign,-1,dns,port
2025-07-19T23:03:20.286790+0700,103.195.142.109,87.98.154.119,53,39582,UDP,flow,failed,1854751582314683,,1,1,0,1437,0,0.0,1,1437,0,none,0,none,0,0,0,no_alert_unknown,no_alert_not_final_benign,-1,dns,port
2025-07-19T23:03:20.292397+0700,103.195.142.74,118.98.44.50,34723,53,UDP,dns,,129937716755668,wire/pcap,0,0,0,0,0,0.0,0,0,0,none,0,none,0,0,0,no_alert_unknown,no_alert_not_final_benign,-1,dns,port
2025-07-19T23:03:20.297513+0700,103.195.142.74,118.98.44.20,26299,53,UDP,dns,,151911187319365,wire/pcap,0,0,0,0,0,0.0,0,0,0,none,0,none,0,0,0,no_alert_unknown,no_alert_not_final_benign,-1,dns,port
2025-07-19T23:03:20.297543+0700,103.195.142.75,8.8.8.8,50056,53,UDP,dns,,152038193704954,wire/pcap,0,0,0,0,0,0.0,0,0,0,none,0,none,0,0,0,no_alert_unknown,no_alert_not_final_benign,-1,dns,port
2025-07-19T23:03:20.297673+0700,103.195.142.74,118.98.44.100,59252,53,UDP,dns,,152597923475236,wire/pcap,0,0,0,0,0,0.0,0,0,0,none,0,none,0,0,0,no_alert_unknown,no_alert_not_final_benign,-1,dns,port
2025-07-19T23:03:20.297737+0700,103.195.142.74,202.134.0.155,59983,53,UDP,dns,,152870829133190,wire/pcap,0,0,0,0,0,0.0,0,0,0,none,0,none,0,0,0,no_alert_unknown,no_alert_not_final_benign,-1,dns,port
2025-07-19T23:03:20.301002+0700,103.195.142.74,118.98.44.20,15216,53,UDP,dns,,166895815355532,wire/pcap,0,0,0,0,0,0.0,0,0,0,none,0,none,0,0,0,no_alert_unknown,no_alert_not_final_benign,-1,dns,port
2025-07-19T23:03:20.310228+0700,103.195.142.75,118.98.44.100,7167,53,UDP,dns,,206519632655578,wire/pcap,0,0,0,0,0,0.0,0,0,0,none,0,none,0,0,0,no_alert_unknown,no_alert_not_final_benign,-1,dns,port
2025-07-19T23:03:20.310336+0700,103.195.142.74,118.98.44.100,34263,53,UDP,dns,,206985757778597,wire/pcap,0,0,0,0,0,0.0,0,0,0,none,0,none,0,0,0,no_alert_unknown,no_alert_not_final_benign,-1,dns,port
2025-07-19T23:03:20.310402+0700,103.195.142.74,202.134.0.155,36130,53,UDP,dns,,207268411487212,wire/pcap,0,0,0,0,0,0.0,0,0,0,none,0,none,0,0,0,no_alert_unknown,no_alert_not_final_benign,-1,dns,port
2025-07-19T23:03:20.318214+0700,103.195.142.74,118.98.44.50,57283,53,UDP,dns,,240820211172155,wire/pcap,0,0,0,0,0,0.0,0,0,0,none,0,none,0,0,0,no_alert_unknown,no_alert_not_final_benign,-1,dns,port
2025-07-19T23:03:20.337183+0700,103.195.142.74,118.98.44.50,29573,53,UDP,dns,,40815719758058,wire/pcap,0,0,0,0,0,0.0,0,0,0,none,0,none,0,0,0,no_alert_unknown,no_alert_not_final_benign,-1,dns,port
2025-07-19T23:03:20.340769+0700,103.195.142.74,118.98.44.100,36385,53,UDP,dns,,56221121442342,wire/pcap,0,0,0,0,0,0.0,0,0,0,none,0,none,0,0,0,no_alert_unknown,no_alert_not_final_benign,-1,dns,port
2025-07-19T23:03:20.350652+0700,103.195.142.74,118.98.44.50,60911,53,UDP,dns,,98666651778491,wire/pcap,0,0,0,0,0,0.0,0,0,0,none,0,none,0,0,0,no_alert_unknown,no_alert_not_final_benign,-1,dns,port
2025-07-19T23:03:20.373389+0700,103.195.142.74,202.134.0.155,57898,53,UDP,dns,,196319511724675,wire/pcap,0,0,0,0,0,0.0,0,0,0,none,0,none,0,0,0,no_alert_unknown,no_alert_not_final_benign,-1,dns,port
2025-07-19T23:03:20.386832+0700,103.195.142.74,202.134.0.155,30100,53,UDP,dns,,254057979389783,wire/pcap,0,0,0,0,0,0.0,0,0,0,none,0,none,0,0,0,no_alert_unknown,no_alert_not_final_benign,-1,dns,port
2025-07-19T23:03:20.388553+0700,103.195.142.74,202.134.0.155,48907,53,UDP,dns,,261449026804779,wire/pcap,0,0,0,0,0,0.0,0,0,0,none,0,none,0,0,0,no_alert_unknown,no_alert_not_final_benign,-1,dns,port
2025-07-19T23:03:20.392183+0700,103.195.142.75,50.116.34.34,7778,53,UDP,dns,,277039213012540,wire/pcap,0,0,0,0,0,0.0,0,0,0,none,0,none,0,0,0,no_alert_unknown,no_alert_not_final_benign,-1,dns,port
2025-07-19T23:03:20.394411+0700,103.195.142.74,50.116.34.34,7935,53,UDP,dns,,5133412713246,wire/pcap,0,0,0,0,0,0.0,0,0,0,none,0,none,0,0,0,no_alert_unknown,no_alert_not_final_benign,-1,dns,port
2025-07-19T23:03:20.395951+0700,103.195.142.74,118.98.44.100,63682,53,UDP,dns,,11749070308911,wire/pcap,0,0,0,0,0,0.0,0,0,0,none,0,none,0,0,0,no_alert_unknown,no_alert_not_final_benign,-1,dns,port
2025-07-19T23:03:20.412752+0700,103.195.142.75,50.116.34.34,44162,53,UDP,dns,,83907656840207,wire/pcap,0,0,0,0,0,0.0,0,0,0,none,0,none,0,0,0,no_alert_unknown,no_alert_not_final_benign,-1,dns,port
2025-07-19T23:03:20.415933+0700,103.195.142.74,118.98.44.20,51911,53,UDP,dns,,97569793985212,wire/pcap,0,0,0,0,0,0.0,0,0,0,none,0,none,0,0,0,no_alert_unknown,no_alert_not_final_benign,-1,dns,port
2025-07-19T23:03:20.423088+0700,103.195.142.74,202.134.0.155,10378,53,UDP,dns,,128300339529974,wire/pcap,0,0,0,0,0,0.0,0,0,0,none,0,none,0,0,0,no_alert_unknown,no_alert_not_final_benign,-1,dns,port
2025-07-19T23:03:20.445587+0700,103.195.142.74,202.134.0.155,58165,53,UDP,dns,,224932945721356,wire/pcap,0,0,0,0,0,0.0,0,0,0,none,0,none,0,0,0,no_alert_unknown,no_alert_not_final_benign,-1,dns,port
2025-07-19T23:03:20.448090+0700,103.195.142.75,8.8.8.8,49036,53,UDP,dns,,235682973593506,wire/pcap,0,0,0,0,0,0.0,0,0,0,none,0,none,0,0,0,no_alert_unknown,no_alert_not_final_benign,-1,dns,port
2025-07-19T23:03:20.455071+0700,103.195.142.75,8.8.8.8,50128,53,UDP,dns,,265665456555515,wire/pcap,0,0,0,0,0,0.0,0,0,0,none,0,none,0,0,0,no_alert_unknown,no_alert_not_final_benign,-1,dns,port
2025-07-19T23:03:20.477086+0700,103.195.142.74,202.134.0.155,62433,53,UDP,dns,,78745255824457,wire/pcap,0,0,0,0,0,0.0,0,0,0,none,0,none,0,0,0,no_alert_unknown,no_alert_not_final_benign,-1,dns,port
2025-07-19T23:03:20.499768+0700,103.195.142.75,8.8.8.8,22918,53,UDP,dns,,176165591543028,wire/pcap,0,0,0,0,0,0.0,0,0,0,none,0,none,0,0,0,no_alert_unknown,no_alert_not_final_benign,-1,dns,port
2025-07-19T23:03:20.499875+0700,103.195.142.74,118.98.44.20,54599,53,UDP,dns,,176623190029764,wire/pcap,0,0,0,0,0,0.0,0,0,0,none,0,none,0,0,0,no_alert_unknown,no_alert_not_final_benign,-1,dns,port
2025-07-19T23:03:20.525959+0700,103.195.142.74,118.98.44.100,10376,53,UDP,dns,,7177487278937,wire/pcap,0,0,0,0,0,0.0,0,0,0,none,0,none,0,0,0,no_alert_unknown,no_alert_not_final_benign,-1,dns,port
2025-07-19T23:03:20.552854+0700,103.195.142.74,118.98.44.20,33878,53,UDP,dns,,122692963145376,wire/pcap,0,0,0,0,0,0.0,0,0,0,none,0,none,0,0,0,no_alert_unknown,no_alert_not_final_benign,-1,dns,port
2025-07-19T23:03:20.585890+0700,103.195.142.74,118.98.44.50,50649,53,UDP,dns,,264580183003748,wire/pcap,0,0,0,0,0,0.0,0,0,0,none,0,none,0,0,0,no_alert_unknown,no_alert_not_final_benign,-1,dns,port
2025-07-19T23:03:20.593129+0700,103.195.142.74,118.98.44.50,52995,53,UDP,dns,,14195813238838,wire/pcap,0,0,0,0,0,0.0,0,0,0,none,0,none,0,0,0,no_alert_unknown,no_alert_not_final_benign,-1,dns,port
2025-07-19T23:03:20.601468+0700,103.195.142.74,118.98.44.100,31841,53,UDP,dns,,50013692990000,wire/pcap,0,0,0,0,0,0.0,0,0,0,none,0,none,0,0,0,no_alert_unknown,no_alert_not_final_benign,-1,dns,port
2025-07-19T23:03:20.605842+0700,103.195.142.74,202.134.0.155,50880,53,UDP,dns,,68798781512530,wire/pcap,0,0,0,0,0,0.0,0,0,0,none,0,none,0,0,0,no_alert_unknown,no_alert_not_final_benign,-1,dns,port
2025-07-19T23:03:20.605983+0700,103.195.142.75,8.8.8.8,18742,53,UDP,dns,,69405969677025,wire/pcap,0,0,0,0,0,0.0,0,0,0,none,0,none,0,0,0,no_alert_unknown,no_alert_not_final_benign,-1,dns,port
2025-07-19T23:03:20.617816+0700,103.195.142.74,118.98.44.20,27795,53,UDP,dns,,120227445460338,wire/pcap,0,0,0,0,0,0.0,0,0,0,none,0,none,0,0,0,no_alert_unknown,no_alert_not_final_benign,-1,dns,port
2025-07-19T23:03:20.623540+0700,103.195.142.74,202.134.0.155,35231,53,UDP,dns,,144812259068401,wire/pcap,0,0,0,0,0,0.0,0,0,0,none,0,none,0,0,0,no_alert_unknown,no_alert_not_final_benign,-1,dns,port
2025-07-19T23:03:20.639951+0700,103.195.142.109,87.98.154.119,53,20559,UDP,flow,failed,344259565906981,,1,1,0,1437,0,0.0,1,1437,0,none,0,none,0,0,0,no_alert_unknown,no_alert_not_final_benign,-1,dns,port
2025-07-19T23:03:20.641477+0700,103.195.142.74,202.134.0.155,39016,53,UDP,dns,,221848400819523,wire/pcap,0,0,0,0,0,0.0,0,0,0,none,0,none,0,0,0,no_alert_unknown,no_alert_not_final_benign,-1,dns,port
2025-07-19T23:03:20.641567+0700,103.195.142.75,8.8.8.8,40928,53,UDP,dns,,222237687157367,wire/pcap,0,0,0,0,0,0.0,0,0,0,none,0,none,0,0,0,no_alert_unknown,no_alert_not_final_benign,-1,dns,port
2025-07-19T23:03:20.653587+0700,103.195.142.74,118.98.44.100,11045,53,UDP,dns,,273863205874423,wire/pcap,0,0,0,0,0,0.0,0,0,0,none,0,none,0,0,0,no_alert_unknown,no_alert_not_final_benign,-1,dns,port
2025-07-19T23:03:20.654442+0700,103.195.142.74,118.98.44.20,12626,53,UDP,dns,,277534671830826,wire/pcap,0,0,0,0,0,0.0,0,0,0,none,0,none,0,0,0,no_alert_unknown,no_alert_not_final_benign,-1,dns,port
2025-07-19T23:03:20.664940+0700,103.195.142.74,118.98.44.20,3489,53,UDP,dns,,41149484980797,wire/pcap,0,0,0,0,0,0.0,0,0,0,none,0,none,0,0,0,no_alert_unknown,no_alert_not_final_benign,-1,dns,port
2025-07-19T23:03:20.667468+0700,103.195.142.74,118.98.44.20,30506,53,UDP,dns,,52003530196786,wire/pcap,0,0,0,0,0,0.0,0,0,0,none,0,none,0,0,0,no_alert_unknown,no_alert_not_final_benign,-1,dns,port
2025-07-19T23:03:20.667622+0700,103.195.142.74,118.98.44.20,61698,53,UDP,flow,dns,1644833380026162,,1,1,0,86,0,0.0,1,86,0,none,0,none,0,0,0,no_alert_unknown,no_alert_not_final_benign,-1,dns,app_proto+port
2025-07-19T23:03:20.667726+0700,103.195.142.74,202.134.0.155,25863,53,UDP,dns,,53113088721640,wire/pcap,0,0,0,0,0,0.0,0,0,0,none,0,none,0,0,0,no_alert_unknown,no_alert_not_final_benign,-1,dns,port
2025-07-19T23:03:20.689061+0700,103.195.142.109,87.98.154.119,53,49189,UDP,flow,failed,2101818598463072,,1,1,0,1437,0,0.0,1,1437,0,none,0,none,0,0,0,no_alert_unknown,no_alert_not_final_benign,-1,dns,port
2025-07-19T23:03:20.689201+0700,103.195.142.74,118.98.44.50,29746,53,UDP,flow,dns,1340098756122421,,1,1,0,223,0,0.0,1,223,0,none,0,none,0,0,0,no_alert_unknown,no_alert_not_final_benign,-1,dns,app_proto+port
2025-07-19T23:03:20.689250+0700,103.195.142.74,118.98.44.20,36966,53,UDP,flow,dns,162046782445382,,1,1,0,68,0,0.0,1,68,0,none,0,none,0,0,0,no_alert_unknown,no_alert_not_final_benign,-1,dns,app_proto+port
2025-07-19T23:03:20.689305+0700,103.195.142.83,87.98.154.117,53,12898,UDP,flow,failed,1836847057901416,,1,1,0,1190,0,0.0,1,1190,0,none,0,none,0,0,0,no_alert_unknown,no_alert_not_final_benign,-1,dns,port
2025-07-19T23:03:20.689335+0700,103.195.142.74,118.98.44.100,27829,53,UDP,flow,dns,2224067768522659,,1,1,0,86,0,0.0,1,86,0,none,0,none,0,0,0,no_alert_unknown,no_alert_not_final_benign,-1,dns,app_proto+port
2025-07-19T23:03:20.689357+0700,103.195.142.74,118.98.44.50,51395,53,UDP,flow,dns,1196288612014074,,1,1,0,82,0,0.0,1,82,0,none,0,none,0,0,0,no_alert_unknown,no_alert_not_final_benign,-1,dns,app_proto+port
2025-07-19T23:03:20.689471+0700,103.195.142.196,87.98.154.169,53,44747,UDP,flow,failed,1431415170701556,,1,1,0,1437,0,0.0,1,1437,0,none,0,none,0,0,0,no_alert_unknown,no_alert_not_final_benign,-1,dns,port
2025-07-19T23:03:20.689637+0700,103.195.142.2,74.125.74.150,53,48346,UDP,flow,failed,2015783508941076,,1,1,0,208,0,0.0,1,208,0,none,0,none,0,0,0,no_alert_unknown,no_alert_not_final_benign,-1,dns,port
2025-07-19T23:03:20.689658+0700,103.195.142.2,172.217.44.219,53,53028,UDP,flow,failed,1901115030739221,,1,1,0,172,0,0.0,1,172,0,none,0,none,0,0,0,no_alert_unknown,no_alert_not_final_benign,-1,dns,port
2025-07-19T23:03:20.689676+0700,103.195.142.196,87.98.154.85,53,62434,UDP,flow,failed,2022662487644463,,1,3,0,4311,0,9.0,3,4311,0,none,0,none,0,0,0,no_alert_unknown,no_alert_not_final_benign,-1,dns,port
2025-07-19T23:03:20.689695+0700,103.195.142.83,87.98.154.102,53,48006,UDP,flow,failed,2096418766494172,,1,1,0,1190,0,0.0,1,1190,0,none,0,none,0,0,0,no_alert_unknown,no_alert_not_final_benign,-1,dns,port
2025-07-19T23:03:20.689714+0700,103.195.142.165,87.98.154.77,53,52619,UDP,flow,failed,1431691728820728,,1,1,0,1437,0,0.0,1,1437,0,none,0,none,0,0,0,no_alert_unknown,no_alert_not_final_benign,-1,dns,port
2025-07-19T23:03:20.689732+0700,103.195.142.46,87.98.154.187,53,6508,UDP,flow,failed,1594879788817029,,1,1,0,1437,0,0.0,1,1437,0,none,0,none,0,0,0,no_alert_unknown,no_alert_not_final_benign,-1,dns,port
2025-07-19T23:03:20.689751+0700,103.195.142.74,118.98.44.100,57929,53,UDP,flow,dns,2147808238672572,,1,1,0,214,0,0.0,1,214,0,none,0,none,0,0,0,no_alert_unknown,no_alert_not_final_benign,-1,dns,app_proto+port
2025-07-19T23:03:20.689818+0700,103.195.142.74,118.98.44.50,3078,53,UDP,flow,dns,2057200071318235,,1,1,0,81,0,0.0,1,81,0,none,0,none,0,0,0,no_alert_unknown,no_alert_not_final_benign,-1,dns,app_proto+port
2025-07-19T23:03:20.689921+0700,103.195.142.83,87.98.154.218,53,5248,UDP,flow,failed,2078832969423742,,1,1,0,1190,0,0.0,1,1190,0,none,0,none,0,0,0,no_alert_unknown,no_alert_not_final_benign,-1,dns,port
2025-07-19T23:03:20.689964+0700,103.195.142.76,87.98.154.119,53,10973,UDP,flow,failed,2008992044325873,,1,1,0,1469,0,0.0,1,1469,0,none,0,none,0,0,0,no_alert_unknown,no_alert_not_final_benign,-1,dns,port
2025-07-19T23:03:20.690002+0700,103.195.142.109,87.98.154.45,53,51819,UDP,flow,failed,145927076093005,,1,1,0,1437,0,0.0,1,1437,0,none,0,none,0,0,0,no_alert_unknown,no_alert_not_final_benign,-1,dns,port
2025-07-19T23:03:20.690020+0700,103.195.142.109,87.98.154.119,53,64229,UDP,flow,failed,1160370551037036,,1,1,0,1437,0,0.0,1,1437,0,none,0,none,0,0,0,no_alert_unknown,no_alert_not_final_benign,-1,dns,port
2025-07-19T23:03:20.690039+0700,103.195.142.3,13.105.166.76,53,31157,UDP,flow,failed,277925637233774,,1,1,0,178,0,0.0,1,178,0,none,0,none,0,0,0,no_alert_unknown,no_alert_not_final_benign,-1,dns,port
2025-07-19T23:03:20.690063+0700,103.195.142.196,87.98.154.119,53,14754,UDP,flow,failed,1665295920635033,,1,1,0,1437,0,0.0,1,1437,0,none,0,none,0,0,0,no_alert_unknown,no_alert_not_final_benign,-1,dns,port
2025-07-19T23:03:20.690081+0700,103.195.142.195,87.98.154.60,53,39115,UDP,flow,failed,1987975167122626,,1,1,0,1437,0,0.0,1,1437,0,none,0,none,0,0,0,no_alert_unknown,no_alert_not_final_benign,-1,dns,port
2025-07-19T23:03:20.690139+0700,103.195.142.195,87.98.154.88,53,39446,UDP,flow,failed,2104982297418993,,1,1,0,1437,0,0.0,1,1437,0,none,0,none,0,0,0,no_alert_unknown,no_alert_not_final_benign,-1,dns,port
2025-07-19T23:03:20.690195+0700,103.195.142.74,50.28.32.153,12521,53,UDP,flow,dns,2188886713343243,,1,1,0,91,0,0.0,1,91,0,none,0,none,0,0,0,no_alert_unknown,no_alert_not_final_benign,-1,dns,app_proto+port
2025-07-19T23:03:20.690230+0700,103.195.142.76,87.98.154.182,53,51989,UDP,flow,failed,1126825263865125,,1,1,0,1469,0,0.0,1,1469,0,none,0,none,0,0,0,no_alert_unknown,no_alert_not_final_benign,-1,dns,port
2025-07-19T23:03:20.690284+0700,103.195.142.3,51.38.107.80,53,50525,UDP,flow,failed,2013144230829372,,1,1,0,186,0,0.0,1,186,0,none,0,none,0,0,0,no_alert_unknown,no_alert_not_final_benign,-1,dns,port
2025-07-19T23:03:20.690306+0700,103.195.142.74,202.134.0.155,47493,53,UDP,flow,dns,1264901097692537,,1,1,0,241,0,0.0,1,241,0,none,0,none,0,0,0,no_alert_unknown,no_alert_not_final_benign,-1,dns,app_proto+port
2025-07-19T23:03:20.690353+0700,103.195.142.74,118.98.44.100,58291,53,UDP,flow,dns,46403294764538,,1,1,0,211,0,0.0,1,211,0,none,0,none,0,0,0,no_alert_unknown,no_alert_not_final_benign,-1,dns,app_proto+port
2025-07-19T23:03:20.690387+0700,103.195.142.76,87.98.154.42,53,17915,UDP,flow,failed,229762414255646,,1,1,0,1469,0,0.0,1,1469,0,none,0,none,0,0,0,no_alert_unknown,no_alert_not_final_benign,-1,dns,port
2025-07-19T23:03:20.690461+0700,103.195.142.76,87.98.154.190,53,49364,UDP,flow,failed,154243343752764,,1,1,0,1469,0,0.0,1,1469,0,none,0,none,0,0,0,no_alert_unknown,no_alert_not_final_benign,-1,dns,port
2025-07-19T23:03:20.690483+0700,103.195.142.109,87.98.154.101,53,22205,UDP,flow,failed,1692135036788409,,1,1,0,1437,0,0.0,1,1437,0,none,0,none,0,0,0,no_alert_unknown,no_alert_not_final_benign,-1,dns,port
2025-07-19T23:03:20.690515+0700,103.195.142.76,87.98.154.246,53,12882,UDP,flow,failed,1319943976427275,,1,1,0,1469,0,0.0,1,1469,0,none,0,none,0,0,0,no_alert_unknown,no_alert_not_final_benign,-1,dns,port
2025-07-19T23:03:20.690536+0700,103.195.142.165,87.98.154.119,53,56529,UDP,flow,failed,2062693359984419,,1,1,0,1437,0,0.0,1,1437,0,none,0,none,0,0,0,no_alert_unknown,no_alert_not_final_benign,-1,dns,port
2025-07-19T23:03:20.690581+0700,103.195.142.46,87.98.154.131,53,12028,UDP,flow,failed,1987333025144647,,1,1,0,1437,0,0.0,1,1437,0,none,0,none,0,0,0,no_alert_unknown,no_alert_not_final_benign,-1,dns,port
2025-07-19T23:03:20.690710+0700,103.195.142.83,87.98.154.119,53,41157,UDP,flow,failed,1943634666954856,,1,1,0,1190,0,0.0,1,1190,0,none,0,none,0,0,0,no_alert_unknown,no_alert_not_final_benign,-1,dns,port
2025-07-19T23:03:20.690826+0700,103.195.142.109,87.98.154.9,53,25064,UDP,flow,failed,1904828799099046,,1,1,0,1437,0,0.0,1,1437,0,none,0,none,0,0,0,no_alert_unknown,no_alert_not_final_benign,-1,dns,port
2025-07-19T23:03:20.690869+0700,103.195.142.2,172.217.47.22,53,52836,UDP,flow,failed,1370784738418945,,1,1,0,221,0,0.0,1,221,0,none,0,none,0,0,0,no_alert_unknown,no_alert_not_final_benign,-1,dns,port
2025-07-19T23:03:20.690892+0700,103.195.142.74,202.134.0.155,53027,53,UDP,flow,dns,1248428138668305,,1,1,0,223,0,0.0,1,223,0,none,0,none,0,0,0,no_alert_unknown,no_alert_not_final_benign,-1,dns,app_proto+port
2025-07-19T23:03:20.690928+0700,103.195.142.83,87.98.154.119,53,2563,UDP,flow,failed,1623920551174423,,1,1,0,1190,0,0.0,1,1190,0,none,0,none,0,0,0,no_alert_unknown,no_alert_not_final_benign,-1,dns,port
2025-07-19T23:03:20.690964+0700,103.195.142.76,87.98.154.218,53,33952,UDP,flow,failed,2206870143869208,,1,1,0,1469,0,0.0,1,1469,0,none,0,none,0,0,0,no_alert_unknown,no_alert_not_final_benign,-1,dns,port
2025-07-19T23:03:20.691238+0700,103.195.142.109,87.98.154.119,53,25378,UDP,flow,failed,1575565075129036,,1,1,0,1437,0,0.0,1,1437,0,none,0,none,0,0,0,no_alert_unknown,no_alert_not_final_benign,-1,dns,port
2025-07-19T23:03:20.691257+0700,103.195.142.76,87.98.154.119,53,9470,UDP,flow,failed,2082732634973026,,1,1,0,1469,0,0.0,1,1469,0,none,0,none,0,0,0,no_alert_unknown,no_alert_not_final_benign,-1,dns,port
2025-07-19T23:03:20.691283+0700,103.195.142.195,87.98.154.119,53,12878,UDP,flow,failed,1391295220065177,,1,1,0,1437,0,0.0,1,1437,0,none,0,none,0,0,0,no_alert_unknown,no_alert_not_final_benign,-1,dns,port
2025-07-19T23:03:20.691303+0700,103.195.142.2,74.114.31.149,53,61836,UDP,flow,failed,2197677060498351,,1,1,0,200,0,0.0,1,200,0,none,0,none,0,0,0,no_alert_unknown,no_alert_not_final_benign,-1,dns,port
2025-07-19T23:03:20.691321+0700,103.195.142.74,118.98.44.20,24295,53,UDP,flow,dns,1768936465736650,,1,1,0,81,0,0.0,1,81,0,none,0,none,0,0,0,no_alert_unknown,no_alert_not_final_benign,-1,dns,app_proto+port
2025-07-19T23:03:20.691342+0700,103.195.142.74,118.98.44.20,21997,53,UDP,flow,dns,64177941619680,,1,1,0,223,0,0.0,1,223,0,none,0,none,0,0,0,no_alert_unknown,no_alert_not_final_benign,-1,dns,app_proto+port
2025-07-19T23:03:20.691362+0700,103.195.142.75,8.8.8.8,19137,53,UDP,flow,dns,1961531266343921,,1,1,0,88,0,0.0,1,88,0,none,0,none,0,0,0,no_alert_unknown,no_alert_not_final_benign,-1,dns,app_proto+port
2025-07-19T23:03:20.691434+0700,103.195.142.75,8.8.8.8,37451,53,UDP,flow,dns,1958573897655373,,1,1,0,232,0,0.0,1,232,0,none,0,none,0,0,0,no_alert_unknown,no_alert_not_final_benign,-1,dns,app_proto+port
2025-07-19T23:03:20.691477+0700,103.195.142.46,87.98.154.119,53,54155,UDP,flow,failed,1433999237555292,,1,1,0,1437,0,0.0,1,1437,0,none,0,none,0,0,0,no_alert_unknown,no_alert_not_final_benign,-1,dns,port
2025-07-19T23:03:20.691562+0700,103.195.142.75,8.8.8.8,17744,53,UDP,flow,dns,1849984845784481,,1,1,0,223,0,0.0,1,223,0,none,0,none,0,0,0,no_alert_unknown,no_alert_not_final_benign,-1,dns,app_proto+port
2025-07-19T23:03:20.691669+0700,103.195.142.75,8.8.8.8,49947,53,UDP,flow,dns,2079196571215334,,1,1,0,232,0,0.0,1,232,0,none,0,none,0,0,0,no_alert_unknown,no_alert_not_final_benign,-1,dns,app_proto+port
2025-07-19T23:03:20.691694+0700,103.195.142.3,180.241.233.87,53,18727,UDP,flow,failed,248485857699351,,1,1,0,127,0,0.0,1,127,0,none,0,none,0,0,0,no_alert_unknown,no_alert_not_final_benign,-1,dns,port
2025-07-19T23:03:20.691714+0700,103.195.142.46,87.98.154.103,53,46028,UDP,flow,failed,2244961466033706,,1,1,0,1437,0,0.0,1,1437,0,none,0,none,0,0,0,no_alert_unknown,no_alert_not_final_benign,-1,dns,port
2025-07-19T23:03:20.691732+0700,103.195.142.74,118.98.44.20,14036,53,UDP,flow,dns,231246641800845,,1,1,0,95,0,0.0,1,95,0,none,0,none,0,0,0,no_alert_unknown,no_alert_not_final_benign,-1,dns,app_proto+port
2025-07-19T23:03:20.691753+0700,103.195.142.196,87.98.154.253,53,48041,UDP,flow,failed,175132857378451,,1,1,0,1437,0,0.0,1,1437,0,none,0,none,0,0,0,no_alert_unknown,no_alert_not_final_benign,-1,dns,port
2025-07-19T23:03:20.691772+0700,103.195.142.2,66.185.123.244,53,33624,UDP,flow,failed,1455207298016992,,1,1,0,135,0,0.0,1,135,0,none,0,none,0,0,0,no_alert_unknown,no_alert_not_final_benign,-1,dns,port
2025-07-19T23:03:20.691906+0700,103.195.142.83,87.98.154.210,53,3140,UDP,flow,failed,171701851039746,,1,1,0,1190,0,0.0,1,1190,0,none,0,none,0,0,0,no_alert_unknown,no_alert_not_final_benign,-1,dns,port
2025-07-19T23:03:20.691936+0700,103.195.142.74,118.98.44.20,47903,53,UDP,flow,dns,1143530253625355,,1,1,0,77,0,0.0,1,77,0,none,0,none,0,0,0,no_alert_unknown,no_alert_not_final_benign,-1,dns,app_proto+port
2025-07-19T23:03:20.691956+0700,103.195.142.195,87.98.154.172,53,62702,UDP,flow,failed,1229214730528977,,1,1,0,1437,0,0.0,1,1437,0,none,0,none,0,0,0,no_alert_unknown,no_alert_not_final_benign,-1,dns,port
2025-07-19T23:03:20.691996+0700,103.195.142.74,202.134.0.155,8177,53,UDP,flow,dns,2163306329516300,,1,1,0,89,0,0.0,1,89,0,none,0,none,0,0,0,no_alert_unknown,no_alert_not_final_benign,-1,dns,app_proto+port
2025-07-19T23:03:20.692017+0700,103.195.142.75,208.74.121.116,42041,53,UDP,flow,dns,1565373552896301,,1,1,0,88,0,0.0,1,88,0,none,0,none,0,0,0,no_alert_unknown,no_alert_not_final_benign,-1,dns,app_proto+port
2025-07-19T23:03:20.692044+0700,103.195.142.74,118.98.44.100,39851,53,UDP,flow,dns,1961912658209075,,1,1,0,211,0,0.0,1,211,0,none,0,none,0,0,0,no_alert_unknown,no_alert_not_final_benign,-1,dns,app_proto+port
2025-07-19T23:03:20.692066+0700,103.195.142.74,118.98.44.20,7901,53,UDP,flow,dns,2201964862286140,,1,1,0,102,0,0.0,1,102,0,none,0,none,0,0,0,no_alert_unknown,no_alert_not_final_benign,-1,dns,app_proto+port
2025-07-19T23:03:20.692087+0700,103.195.142.75,8.8.8.8,4974,53,UDP,flow,dns,112216890976608,,1,1,0,89,0,0.0,1,89,0,none,0,none,0,0,0,no_alert_unknown,no_alert_not_final_benign,-1,dns,app_proto+port
2025-07-19T23:03:20.692135+0700,103.195.142.76,87.98.154.162,53,50111,UDP,flow,failed,994097803405681,,1,3,0,4407,0,9.0,3,4407,0,none,0,none,0,0,0,no_alert_unknown,no_alert_not_final_benign,-1,dns,port
2025-07-19T23:03:20.692209+0700,103.195.142.2,51.38.107.66,53,6514,UDP,flow,failed,2006205573605807,,1,1,0,186,0,0.0,1,186,0,none,0,none,0,0,0,no_alert_unknown,no_alert_not_final_benign,-1,dns,port
2025-07-19T23:03:20.692228+0700,103.195.142.75,8.8.8.8,45392,53,UDP,flow,dns,2070525704448493,,1,1,0,88,0,0.0,1,88,0,none,0,none,0,0,0,no_alert_unknown,no_alert_not_final_benign,-1,dns,app_proto+port
2025-07-19T23:03:20.692249+0700,103.195.142.195,87.98.154.119,53,28060,UDP,flow,failed,1275494102641140,,1,1,0,1437,0,0.0,1,1437,0,none,0,none,0,0,0,no_alert_unknown,no_alert_not_final_benign,-1,dns,port
2025-07-19T23:03:20.692401+0700,103.195.142.74,118.98.44.50,19918,53,UDP,flow,dns,1280436147563149,,1,1,0,79,0,0.0,1,79,0,none,0,none,0,0,0,no_alert_unknown,no_alert_not_final_benign,-1,dns,app_proto+port
2025-07-19T23:03:20.692451+0700,103.195.142.109,87.98.154.119,53,10555,UDP,flow,failed,2195838559562415,,1,1,0,1437,0,0.0,1,1437,0,none,0,none,0,0,0,no_alert_unknown,no_alert_not_final_benign,-1,dns,port
2025-07-19T23:03:20.692493+0700,103.195.142.74,118.98.44.20,53409,53,UDP,flow,dns,1194126079208232,,1,1,0,211,0,0.0,1,211,0,none,0,none,0,0,0,no_alert_unknown,no_alert_not_final_benign,-1,dns,app_proto+port
2025-07-19T23:03:20.692629+0700,103.195.142.75,8.8.8.8,39630,53,UDP,flow,dns,1246783606336461,,1,1,0,211,0,0.0,1,211,0,none,0,none,0,0,0,no_alert_unknown,no_alert_not_final_benign,-1,dns,app_proto+port
2025-07-19T23:03:20.692649+0700,103.195.142.74,202.134.0.155,50690,53,UDP,flow,dns,246555965762547,,1,1,0,223,0,0.0,1,223,0,none,0,none,0,0,0,no_alert_unknown,no_alert_not_final_benign,-1,dns,app_proto+port
2025-07-19T23:03:20.692669+0700,103.195.142.74,202.134.0.155,16518,53,UDP,flow,dns,2233307448978453,,1,1,0,214,0,0.0,1,214,0,none,0,none,0,0,0,no_alert_unknown,no_alert_not_final_benign,-1,dns,app_proto+port
2025-07-19T23:03:20.692689+0700,103.195.142.74,202.134.0.155,16100,53,UDP,flow,dns,2144473842691140,,1,1,0,214,0,0.0,1,214,0,none,0,none,0,0,0,no_alert_unknown,no_alert_not_final_benign,-1,dns,app_proto+port
2025-07-19T23:03:20.692713+0700,103.195.142.74,118.98.44.20,40473,53,UDP,flow,dns,1770899233877070,,1,1,0,223,0,0.0,1,223,0,none,0,none,0,0,0,no_alert_unknown,no_alert_not_final_benign,-1,dns,app_proto+port
2025-07-19T23:03:20.692733+0700,103.195.142.196,87.98.154.119,53,12677,UDP,flow,failed,1691238861745246,,1,1,0,1437,0,0.0,1,1437,0,none,0,none,0,0,0,no_alert_unknown,no_alert_not_final_benign,-1,dns,port
2025-07-19T23:03:20.692753+0700,103.195.142.74,118.98.44.100,32032,53,UDP,flow,dns,1470904739278097,,1,1,0,77,0,0.0,1,77,0,none,0,none,0,0,0,no_alert_unknown,no_alert_not_final_benign,-1,dns,app_proto+port
2025-07-19T23:03:20.692772+0700,103.195.142.74,118.98.44.50,43876,53,UDP,flow,dns,1286000697453915,,1,1,0,223,0,0.0,1,223,0,none,0,none,0,0,0,no_alert_unknown,no_alert_not_final_benign,-1,dns,app_proto+port
2025-07-19T23:03:20.692811+0700,103.195.142.74,118.98.44.100,50118,53,UDP,flow,dns,1948289254337908,,1,1,0,214,0,0.0,1,214,0,none,0,none,0,0,0,no_alert_unknown,no_alert_not_final_benign,-1,dns,app_proto+port
2025-07-19T23:03:20.692830+0700,103.195.142.196,87.98.154.137,53,54125,UDP,flow,failed,1243837022449044,,1,1,0,1437,0,0.0,1,1437,0,none,0,none,0,0,0,no_alert_unknown,no_alert_not_final_benign,-1,dns,port
2025-07-19T23:03:20.692849+0700,103.195.142.3,51.38.107.66,53,46558,UDP,flow,failed,2031183278419356,,1,1,0,135,0,0.0,1,135,0,none,0,none,0,0,0,no_alert_unknown,no_alert_not_final_benign,-1,dns,port
2025-07-19T23:03:20.692876+0700,103.195.142.76,87.98.154.119,53,17315,UDP,flow,failed,12131060919759,,1,1,0,1469,0,0.0,1,1469,0,none,0,none,0,0,0,no_alert_unknown,no_alert_not_final_benign,-1,dns,port
2025-07-19T23:03:20.692895+0700,103.195.142.74,118.98.44.50,55027,53,UDP,flow,dns,263848932388316,,1,1,0,214,0,0.0,1,214,0,none,0,none,0,0,0,no_alert_unknown,no_alert_not_final_benign,-1,dns,app_proto+port
2025-07-19T23:03:20.692977+0700,103.195.142.75,8.8.8.8,18847,53,UDP,flow,dns,2047841059057162,,1,1,0,88,0,0.0,1,88,0,none,0,none,0,0,0,no_alert_unknown,no_alert_not_final_benign,-1,dns,app_proto+port
2025-07-19T23:03:20.692999+0700,103.195.142.76,87.98.154.119,53,50286,UDP,flow,failed,1909118752960032,,1,1,0,1469,0,0.0,1,1469,0,none,0,none,0,0,0,no_alert_unknown,no_alert_not_final_benign,-1,dns,port
2025-07-19T23:03:20.693025+0700,103.195.142.74,118.98.44.50,15081,53,UDP,flow,dns,1295508362538534,,1,1,0,96,0,0.0,1,96,0,none,0,none,0,0,0,no_alert_unknown,no_alert_not_final_benign,-1,dns,app_proto+port
2025-07-19T23:03:20.693090+0700,103.195.142.196,87.98.154.119,53,62650,UDP,flow,failed,1895289270087376,,1,1,0,1437,0,0.0,1,1437,0,none,0,none,0,0,0,no_alert_unknown,no_alert_not_final_benign,-1,dns,port
2025-07-19T23:03:20.693212+0700,103.195.142.74,118.98.44.100,20011,53,UDP,flow,dns,2239442808844064,,1,1,0,211,0,0.0,1,211,0,none,0,none,0,0,0,no_alert_unknown,no_alert_not_final_benign,-1,dns,app_proto+port
2025-07-19T23:03:20.693264+0700,103.195.142.2,180.241.233.105,53,4175,UDP,flow,failed,248887982468988,,1,1,0,143,0,0.0,1,143,0,none,0,none,0,0,0,no_alert_unknown,no_alert_not_final_benign,-1,dns,port
2025-07-19T23:03:20.693284+0700,103.195.142.76,87.98.154.119,53,49020,UDP,flow,failed,2230596485033859,,1,1,0,1469,0,0.0,1,1469,0,none,0,none,0,0,0,no_alert_unknown,no_alert_not_final_benign,-1,dns,port
2025-07-19T23:03:20.693312+0700,103.195.142.74,118.98.44.100,30807,53,UDP,flow,dns,2025619472953305,,1,1,0,211,0,0.0,1,211,0,none,0,none,0,0,0,no_alert_unknown,no_alert_not_final_benign,-1,dns,app_proto+port
2025-07-19T23:03:20.693333+0700,103.195.142.3,51.38.107.80,53,2403,UDP,flow,failed,2031783387312134,,1,1,0,143,0,0.0,1,143,0,none,0,none,0,0,0,no_alert_unknown,no_alert_not_final_benign,-1,dns,port
2025-07-19T23:03:20.693389+0700,103.195.142.109,87.98.154.119,53,19433,UDP,flow,failed,1574628141215805,,1,1,0,1437,0,0.0,1,1437,0,none,0,none,0,0,0,no_alert_unknown,no_alert_not_final_benign,-1,dns,port
2025-07-19T23:03:20.693432+0700,103.195.142.74,118.98.44.100,46788,53,UDP,flow,dns,1420412234084559,,1,1,0,223,0,0.0,1,223,0,none,0,none,0,0,0,no_alert_unknown,no_alert_not_final_benign,-1,dns,app_proto+port
2025-07-19T23:03:20.693477+0700,103.195.142.195,87.98.154.119,53,36906,UDP,flow,failed,1364904524493101,,1,1,0,1437,0,0.0,1,1437,0,none,0,none,0,0,0,no_alert_unknown,no_alert_not_final_benign,-1,dns,port
2025-07-19T23:03:20.693503+0700,103.195.142.75,8.8.8.8,23010,53,UDP,flow,dns,1459620468732213,,1,1,0,74,0,0.0,1,74,0,none,0,none,0,0,0,no_alert_unknown,no_alert_not_final_benign,-1,dns,app_proto+port
2025-07-19T23:03:20.693579+0700,103.195.142.74,118.98.44.50,43598,53,UDP,flow,dns,1518309260308947,,1,1,0,78,0,0.0,1,78,0,none,0,none,0,0,0,no_alert_unknown,no_alert_not_final_benign,-1,dns,app_proto+port
2025-07-19T23:03:20.693645+0700,103.195.142.195,87.98.154.119,53,7136,UDP,flow,failed,1673761639936542,,1,1,0,1437,0,0.0,1,1437,0,none,0,none,0,0,0,no_alert_unknown,no_alert_not_final_benign,-1,dns,port
2025-07-19T23:03:20.693665+0700,103.195.142.109,87.98.154.119,53,62673,UDP,flow,failed,1761203938505271,,1,1,0,1437,0,0.0,1,1437,0,none,0,none,0,0,0,no_alert_unknown,no_alert_not_final_benign,-1,dns,port
2025-07-19T23:03:20.693685+0700,103.195.142.74,202.134.0.155,6274,53,UDP,flow,dns,1138584150586035,,1,1,0,68,0,0.0,1,68,0,none,0,none,0,0,0,no_alert_unknown,no_alert_not_final_benign,-1,dns,app_proto+port
2025-07-19T23:03:20.693742+0700,103.195.142.83,87.98.154.74,53,17292,UDP,flow,failed,223471340401350,,1,1,0,1190,0,0.0,1,1190,0,none,0,none,0,0,0,no_alert_unknown,no_alert_not_final_benign,-1,dns,port
2025-07-19T23:03:20.693775+0700,103.195.142.74,202.134.0.155,9658,53,UDP,flow,dns,1191781163643597,,1,1,0,223,0,0.0,1,223,0,none,0,none,0,0,0,no_alert_unknown,no_alert_not_final_benign,-1,dns,app_proto+port
2025-07-19T23:03:20.693795+0700,103.195.142.3,172.70.116.71,53,25863,UDP,flow,failed,1804877900329711,,1,1,0,193,0,0.0,1,193,0,none,0,none,0,0,0,no_alert_unknown,no_alert_not_final_benign,-1,dns,port
2025-07-19T23:03:20.693820+0700,103.195.142.195,87.98.154.172,53,19496,UDP,flow,failed,1195375170073335,,1,1,0,1437,0,0.0,1,1437,0,none,0,none,0,0,0,no_alert_unknown,no_alert_not_final_benign,-1,dns,port
2025-07-19T23:03:20.693881+0700,103.195.142.46,87.98.154.119,53,32300,UDP,flow,failed,134409701208949,,1,1,0,1437,0,0.0,1,1437,0,none,0,none,0,0,0,no_alert_unknown,no_alert_not_final_benign,-1,dns,port
2025-07-19T23:03:20.693921+0700,103.195.142.196,87.98.154.213,53,51022,UDP,flow,failed,1596723096105918,,1,1,0,1437,0,0.0,1,1437,0,none,0,none,0,0,0,no_alert_unknown,no_alert_not_final_benign,-1,dns,port
2025-07-19T23:03:20.693989+0700,103.195.142.83,87.98.154.119,53,42505,UDP,flow,failed,1761830801617996,,1,1,0,1190,0,0.0,1,1190,0,none,0,none,0,0,0,no_alert_unknown,no_alert_not_final_benign,-1,dns,port
2025-07-19T23:03:20.694008+0700,103.195.142.75,8.8.8.8,4299,53,UDP,flow,dns,2016901504676992,,1,1,0,68,0,0.0,1,68,0,none,0,none,0,0,0,no_alert_unknown,no_alert_not_final_benign,-1,dns,app_proto+port
2025-07-19T23:03:20.694028+0700,103.195.142.109,87.98.154.129,53,22915,UDP,flow,failed,1492020658156684,,1,1,0,1437,0,0.0,1,1437,0,none,0,none,0,0,0,no_alert_unknown,no_alert_not_final_benign,-1,dns,port
2025-07-19T23:03:20.694047+0700,103.195.142.196,87.98.154.119,53,60799,UDP,flow,failed,2001522159301815,,1,1,0,1437,0,0.0,1,1437,0,none,0,none,0,0,0,no_alert_unknown,no_alert_not_final_benign,-1,dns,port
2025-07-19T23:03:20.694065+0700,103.195.142.3,180.241.233.89,53,3367,UDP,flow,failed,25745582044358,,1,1,0,154,0,0.0,1,154,0,none,0,none,0,0,0,no_alert_unknown,no_alert_not_final_benign,-1,dns,port
2025-07-19T23:03:20.694084+0700,103.195.142.195,87.98.154.32,53,6881,UDP,flow,failed,1180945662325984,,1,1,0,1437,0,0.0,1,1437,0,none,0,none,0,0,0,no_alert_unknown,no_alert_not_final_benign,-1,dns,port
2025-07-19T23:03:20.694170+0700,103.195.142.165,87.98.154.119,53,38239,UDP,flow,failed,1469729638626669,,1,1,0,1437,0,0.0,1,1437,0,none,0,none,0,0,0,no_alert_unknown,no_alert_not_final_benign,-1,dns,port
2025-07-19T23:03:20.694189+0700,103.195.142.74,118.98.44.50,29068,53,UDP,flow,dns,1727383365399918,,1,1,0,211,0,0.0,1,211,0,none,0,none,0,0,0,no_alert_unknown,no_alert_not_final_benign,-1,dns,app_proto+port
2025-07-19T23:03:20.694209+0700,103.195.142.109,87.98.154.119,53,39375,UDP,flow,failed,1563910202897840,,1,1,0,1437,0,0.0,1,1437,0,none,0,none,0,0,0,no_alert_unknown,no_alert_not_final_benign,-1,dns,port
2025-07-19T23:03:20.694228+0700,103.195.142.74,118.98.44.50,48651,53,UDP,flow,dns,173516021282230,,1,1,0,79,0,0.0,1,79,0,none,0,none,0,0,0,no_alert_unknown,no_alert_not_final_benign,-1,dns,app_proto+port
2025-07-19T23:03:20.694288+0700,103.195.142.75,8.8.8.8,17928,53,UDP,flow,dns,1868838220838415,,1,1,0,223,0,0.0,1,223,0,none,0,none,0,0,0,no_alert_unknown,no_alert_not_final_benign,-1,dns,app_proto+port
2025-07-19T23:03:20.694312+0700,103.195.142.3,74.125.114.149,53,41633,UDP,flow,failed,1716973418821154,,1,1,0,207,0,0.0,1,207,0,none,0,none,0,0,0,no_alert_unknown,no_alert_not_final_benign,-1,dns,port
2025-07-19T23:03:20.694331+0700,103.195.142.76,87.98.154.119,53,31875,UDP,flow,failed,1157474860447321,,1,1,0,1469,0,0.0,1,1469,0,none,0,none,0,0,0,no_alert_unknown,no_alert_not_final_benign,-1,dns,port
2025-07-19T23:03:20.694372+0700,103.195.142.195,87.98.154.32,53,7220,UDP,flow,failed,2228145230100124,,1,1,0,1437,0,0.0,1,1437,0,none,0,none,0,0,0,no_alert_unknown,no_alert_not_final_benign,-1,dns,port
2025-07-19T23:03:20.694411+0700,103.195.142.75,8.8.8.8,55840,53,UDP,flow,dns,250918380549882,,1,1,0,74,0,0.0,1,74,0,none,0,none,0,0,0,no_alert_unknown,no_alert_not_final_benign,-1,dns,app_proto+port
2025-07-19T23:03:20.694463+0700,103.195.142.74,118.98.44.50,12571,53,UDP,flow,dns,2098207972636418,,1,1,0,196,0,0.0,1,196,0,none,0,none,0,0,0,no_alert_unknown,no_alert_not_final_benign,-1,dns,app_proto+port
2025-07-19T23:03:20.694483+0700,103.195.142.2,66.75.177.9,53,24138,UDP,flow,failed,2025276230711085,,1,1,0,181,0,0.0,1,181,0,none,0,none,0,0,0,no_alert_unknown,no_alert_not_final_benign,-1,dns,port
2025-07-19T23:03:20.694525+0700,103.195.142.76,87.98.154.246,53,42366,UDP,flow,failed,1516922086078282,,1,1,0,1469,0,0.0,1,1469,0,none,0,none,0,0,0,no_alert_unknown,no_alert_not_final_benign,-1,dns,port
2025-07-19T23:03:20.694543+0700,103.195.142.3,51.38.107.65,53,64825,UDP,flow,failed,1997867258787669,,1,1,0,154,0,0.0,1,154,0,none,0,none,0,0,0,no_alert_unknown,no_alert_not_final_benign,-1,dns,port
2025-07-19T23:03:20.694561+0700,103.195.142.74,202.134.0.155,35480,53,UDP,flow,dns,2168530972424042,,1,1,0,74,0,0.0,1,74,0,none,0,none,0,0,0,no_alert_unknown,no_alert_not_final_benign,-1,dns,app_proto+port
2025-07-19T23:03:20.694601+0700,103.195.142.76,87.98.154.218,53,25246,UDP,flow,failed,1586484857845719,,1,1,0,1469,0,0.0,1,1469,0,none,0,none,0,0,0,no_alert_unknown,no_alert_not_final_benign,-1,dns,port
2025-07-19T23:03:20.694624+0700,103.195.142.74,118.98.44.20,15851,53,UDP,flow,dns,1380107499190275,,1,1,0,77,0,0.0,1,77,0,none,0,none,0,0,0,no_alert_unknown,no_alert_not_final_benign,-1,dns,app_proto+port
2025-07-19T23:03:20.694667+0700,103.195.142.3,13.105.166.76,53,12653,UDP,flow,failed,250354368100398,,1,1,0,241,0,0.0,1,241,0,none,0,none,0,0,0,no_alert_unknown,no_alert_not_final_benign,-1,dns,port
2025-07-19T23:03:20.694705+0700,103.195.142.74,202.134.0.155,24721,53,UDP,flow,dns,2131814845036656,,1,1,0,68,0,0.0,1,68,0,none,0,none,0,0,0,no_alert_unknown,no_alert_not_final_benign,-1,dns,app_proto+port
2025-07-19T23:03:20.694725+0700,103.195.142.74,118.98.44.100,8651,53,UDP,flow,dns,1147886352382071,,1,1,0,68,0,0.0,1,68,0,none,0,none,0,0,0,no_alert_unknown,no_alert_not_final_benign,-1,dns,app_proto+port
2025-07-19T23:03:20.694765+0700,103.195.142.165,87.98.154.117,53,15969,UDP,flow,failed,2094917117917414,,1,1,0,1437,0,0.0,1,1437,0,none,0,none,0,0,0,no_alert_unknown,no_alert_not_final_benign,-1,dns,port
2025-07-19T23:03:20.694789+0700,103.195.142.74,118.98.44.100,29632,53,UDP,flow,dns,1672137832118534,,1,1,0,74,0,0.0,1,74,0,none,0,none,0,0,0,no_alert_unknown,no_alert_not_final_benign,-1,dns,app_proto+port
2025-07-19T23:03:20.694809+0700,103.195.142.83,87.98.154.119,53,36948,UDP,flow,failed,1220627271104853,,1,1,0,1190,0,0.0,1,1190,0,none,0,none,0,0,0,no_alert_unknown,no_alert_not_final_benign,-1,dns,port
2025-07-19T23:03:20.694827+0700,103.195.142.76,87.98.154.119,53,10696,UDP,flow,failed,1477494865836400,,1,1,0,1469,0,0.0,1,1469,0,none,0,none,0,0,0,no_alert_unknown,no_alert_not_final_benign,-1,dns,port
2025-07-19T23:03:20.694846+0700,103.195.142.76,87.98.154.22,53,51985,UDP,flow,failed,2033047044995440,,1,3,0,4407,0,9.0,3,4407,0,none,0,none,0,0,0,no_alert_unknown,no_alert_not_final_benign,-1,dns,port
2025-07-19T23:03:20.694887+0700,103.195.142.109,87.98.154.119,53,60823,UDP,flow,failed,1508408631736706,,1,1,0,1437,0,0.0,1,1437,0,none,0,none,0,0,0,no_alert_unknown,no_alert_not_final_benign,-1,dns,port
2025-07-19T23:03:20.694909+0700,103.195.142.196,87.98.154.161,53,44718,UDP,flow,failed,1964190924126636,,1,1,0,1437,0,0.0,1,1437,0,none,0,none,0,0,0,no_alert_unknown,no_alert_not_final_benign,-1,dns,port
2025-07-19T23:03:20.694939+0700,103.195.142.109,87.98.154.213,53,20657,UDP,flow,failed,1652881362369016,,1,1,0,1437,0,0.0,1,1437,0,none,0,none,0,0,0,no_alert_unknown,no_alert_not_final_benign,-1,dns,port
2025-07-19T23:03:20.694964+0700,103.195.142.196,87.98.154.197,53,16759,UDP,flow,failed,186438938835465,,1,1,0,1437,0,0.0,1,1437,0,none,0,none,0,0,0,no_alert_unknown,no_alert_not_final_benign,-1,dns,port
2025-07-19T23:03:20.694983+0700,103.195.142.46,87.98.154.119,53,9757,UDP,flow,failed,1129376642415127,,1,1,0,1437,0,0.0,1,1437,0,none,0,none,0,0,0,no_alert_unknown,no_alert_not_final_benign,-1,dns,port
2025-07-19T23:03:20.695001+0700,103.195.142.165,87.98.154.118,53,32314,UDP,flow,failed,171419784821315,,1,1,0,1437,0,0.0,1,1437,0,none,0,none,0,0,0,no_alert_unknown,no_alert_not_final_benign,-1,dns,port
2025-07-19T23:03:20.695043+0700,103.195.142.195,87.98.154.119,53,60619,UDP,flow,failed,258069033040510,,1,1,0,1437,0,0.0,1,1437,0,none,0,none,0,0,0,no_alert_unknown,no_alert_not_final_benign,-1,dns,port
2025-07-19T23:03:20.695062+0700,103.195.142.74,202.134.0.155,24090,53,UDP,flow,dns,1177445984418504,,1,1,0,78,0,0.0,1,78,0,none,0,none,0,0,0,no_alert_unknown,no_alert_not_final_benign,-1,dns,app_proto+port
2025-07-19T23:03:20.695119+0700,103.195.142.195,87.98.154.119,53,4347,UDP,flow,failed,2031110936705794,,1,1,0,1437,0,0.0,1,1437,0,none,0,none,0,0,0,no_alert_unknown,no_alert_not_final_benign,-1,dns,port
2025-07-19T23:03:20.695139+0700,103.195.142.76,87.98.154.134,53,7574,UDP,flow,failed,2203152320084777,,1,1,0,1469,0,0.0,1,1469,0,none,0,none,0,0,0,no_alert_unknown,no_alert_not_final_benign,-1,dns,port
2025-07-19T23:03:20.695177+0700,103.195.142.196,87.98.154.119,53,20203,UDP,flow,failed,1462431198329673,,1,1,0,1437,0,0.0,1,1437,0,none,0,none,0,0,0,no_alert_unknown,no_alert_not_final_benign,-1,dns,port
2025-07-19T23:03:20.695195+0700,103.195.142.196,87.98.154.119,53,50408,UDP,flow,failed,2125756479486833,,1,1,0,1437,0,0.0,1,1437,0,none,0,none,0,0,0,no_alert_unknown,no_alert_not_final_benign,-1,dns,port
2025-07-19T23:03:20.695213+0700,103.195.142.195,87.98.154.60,53,61786,UDP,flow,failed,1708656494033979,,1,1,0,1437,0,0.0,1,1437,0,none,0,none,0,0,0,no_alert_unknown,no_alert_not_final_benign,-1,dns,port
2025-07-19T23:03:20.695251+0700,103.195.142.165,87.98.154.225,53,56245,UDP,flow,failed,2153308437986400,,1,1,0,1437,0,0.0,1,1437,0,none,0,none,0,0,0,no_alert_unknown,no_alert_not_final_benign,-1,dns,port
2025-07-19T23:03:20.695275+0700,103.195.142.109,87.98.154.101,53,59721,UDP,flow,failed,101296622976114,,1,1,0,1437,0,0.0,1,1437,0,none,0,none,0,0,0,no_alert_unknown,no_alert_not_final_benign,-1,dns,port
2025-07-19T23:03:20.695294+0700,103.195.142.83,87.98.154.90,53,7037,UDP,flow,failed,1502554658028852,,1,1,0,1190,0,0.0,1,1190,0,none,0,none,0,0,0,no_alert_unknown,no_alert_not_final_benign,-1,dns,port
2025-07-19T23:03:20.695323+0700,103.195.142.74,118.98.44.50,59257,53,UDP,flow,dns,1947408040115524,,1,1,0,74,0,0.0,1,74,0,none,0,none,0,0,0,no_alert_unknown,no_alert_not_final_benign,-1,dns,app_proto+port
2025-07-19T23:03:20.695338+0700,103.195.142.74,202.134.0.155,25172,53,UDP,flow,dns,1753429431860641,,1,1,0,196,0,0.0,1,196,0,none,0,none,0,0,0,no_alert_unknown,no_alert_not_final_benign,-1,dns,app_proto+port
2025-07-19T23:03:20.695427+0700,103.195.142.83,87.98.154.158,53,12024,UDP,flow,failed,1426850153610834,,1,1,0,1190,0,0.0,1,1190,0,none,0,none,0,0,0,no_alert_unknown,no_alert_not_final_benign,-1,dns,port
2025-07-19T23:03:20.695440+0700,103.195.142.74,118.98.44.100,39255,53,UDP,flow,dns,1688698852130451,,1,1,0,78,0,0.0,1,78,0,none,0,none,0,0,0,no_alert_unknown,no_alert_not_final_benign,-1,dns,app_proto+port
2025-07-19T23:03:20.695453+0700,103.195.142.46,87.98.154.47,53,34222,UDP,flow,failed,100589723762330,,1,1,0,1437,0,0.0,1,1437,0,none,0,none,0,0,0,no_alert_unknown,no_alert_not_final_benign,-1,dns,port
2025-07-19T23:03:20.695466+0700,103.195.142.46,87.98.154.119,53,33024,UDP,flow,failed,5430075571881,,1,1,0,1437,0,0.0,1,1437,0,none,0,none,0,0,0,no_alert_unknown,no_alert_not_final_benign,-1,dns,port
2025-07-19T23:03:20.695493+0700,103.195.142.46,87.98.154.117,53,2879,UDP,flow,failed,1759230345723570,,1,1,0,1437,0,0.0,1,1437,0,none,0,none,0,0,0,no_alert_unknown,no_alert_not_final_benign,-1,dns,port
2025-07-19T23:03:20.695523+0700,103.195.142.74,118.98.44.20,8712,53,UDP,flow,dns,1666385005231837,,1,1,0,232,0,0.0,1,232,0,none,0,none,0,0,0,no_alert_unknown,no_alert_not_final_benign,-1,dns,app_proto+port
2025-07-19T23:03:20.695551+0700,103.195.142.74,118.98.44.100,18329,53,UDP,flow,dns,36120722325264,,1,1,0,223,0,0.0,1,223,0,none,0,none,0,0,0,no_alert_unknown,no_alert_not_final_benign,-1,dns,app_proto+port
2025-07-19T23:03:20.695577+0700,103.195.142.195,87.98.154.224,53,58641,UDP,flow,failed,1970565246205744,,1,1,0,1437,0,0.0,1,1437,0,none,0,none,0,0,0,no_alert_unknown,no_alert_not_final_benign,-1,dns,port
2025-07-19T23:03:20.695605+0700,103.195.142.74,202.134.0.155,22249,53,UDP,flow,dns,209528864685904,,1,1,0,74,0,0.0,1,74,0,none,0,none,0,0,0,no_alert_unknown,no_alert_not_final_benign,-1,dns,app_proto+port
2025-07-19T23:03:20.695622+0700,103.195.142.75,118.98.44.20,44724,53,UDP,flow,dns,1828450992045904,,1,1,0,81,0,0.0,1,81,0,none,0,none,0,0,0,no_alert_unknown,no_alert_not_final_benign,-1,dns,app_proto+port
2025-07-19T23:03:20.695636+0700,103.195.142.165,87.98.154.119,53,45612,UDP,flow,failed,1574575322808150,,1,1,0,1437,0,0.0,1,1437,0,none,0,none,0,0,0,no_alert_unknown,no_alert_not_final_benign,-1,dns,port
2025-07-19T23:03:20.695648+0700,103.195.142.165,87.98.154.25,53,48334,UDP,flow,failed,1550647889608639,,1,1,0,1437,0,0.0,1,1437,0,none,0,none,0,0,0,no_alert_unknown,no_alert_not_final_benign,-1,dns,port
2025-07-19T23:03:20.695661+0700,103.195.142.75,8.8.8.8,7096,53,UDP,flow,dns,1357151355453377,,1,1,0,211,0,0.0,1,211,0,none,0,none,0,0,0,no_alert_unknown,no_alert_not_final_benign,-1,dns,app_proto+port
2025-07-19T23:03:20.695674+0700,103.195.142.83,87.98.154.119,53,46304,UDP,flow,failed,1872132915838931,,1,1,0,1190,0,0.0,1,1190,0,none,0,none,0,0,0,no_alert_unknown,no_alert_not_final_benign,-1,dns,port
2025-07-19T23:03:20.695699+0700,103.195.142.74,202.134.0.155,7959,53,UDP,flow,dns,1884703413223415,,1,1,0,223,0,0.0,1,223,0,none,0,none,0,0,0,no_alert_unknown,no_alert_not_final_benign,-1,dns,app_proto+port
2025-07-19T23:03:20.695713+0700,103.195.142.74,202.134.0.155,46727,53,UDP,flow,dns,18098049237087,,1,1,0,68,0,0.0,1,68,0,none,0,none,0,0,0,no_alert_unknown,no_alert_not_final_benign,-1,dns,app_proto+port
2025-07-19T23:03:20.695743+0700,103.195.142.165,87.98.154.197,53,23860,UDP,flow,failed,31621165006982,,1,1,0,1437,0,0.0,1,1437,0,none,0,none,0,0,0,no_alert_unknown,no_alert_not_final_benign,-1,dns,port
2025-07-19T23:03:20.695755+0700,103.195.142.74,202.134.0.155,4222,53,UDP,flow,dns,1662606897102989,,1,1,0,74,0,0.0,1,74,0,none,0,none,0,0,0,no_alert_unknown,no_alert_not_final_benign,-1,dns,app_proto+port
2025-07-19T23:03:20.695768+0700,103.195.142.83,87.98.154.119,53,14557,UDP,flow,failed,202969313296527,,1,1,0,1190,0,0.0,1,1190,0,none,0,none,0,0,0,no_alert_unknown,no_alert_not_final_benign,-1,dns,port
2025-07-19T23:03:20.695843+0700,103.195.142.75,8.8.8.8,27392,53,UDP,flow,dns,2024443753644378,,1,1,0,88,0,0.0,1,88,0,none,0,none,0,0,0,no_alert_unknown,no_alert_not_final_benign,-1,dns,app_proto+port
2025-07-19T23:03:20.695856+0700,103.195.142.109,87.98.154.119,53,44157,UDP,flow,failed,201308157624687,,1,1,0,1437,0,0.0,1,1437,0,none,0,none,0,0,0,no_alert_unknown,no_alert_not_final_benign,-1,dns,port
2025-07-19T23:03:20.695883+0700,103.195.142.2,198.235.211.133,53,50914,UDP,flow,failed,1874791128088973,,1,1,0,184,0,0.0,1,184,0,none,0,none,0,0,0,no_alert_unknown,no_alert_not_final_benign,-1,dns,port
2025-07-19T23:03:20.695896+0700,103.195.142.83,87.98.154.130,53,55259,UDP,flow,failed,1425406811292154,,1,1,0,1190,0,0.0,1,1190,0,none,0,none,0,0,0,no_alert_unknown,no_alert_not_final_benign,-1,dns,port
2025-07-19T23:03:20.695927+0700,103.195.142.76,87.98.154.150,53,47998,UDP,flow,failed,1835613965697608,,1,1,0,1469,0,0.0,1,1469,0,none,0,none,0,0,0,no_alert_unknown,no_alert_not_final_benign,-1,dns,port
2025-07-19T23:03:20.695954+0700,103.195.142.165,87.98.154.61,53,52522,UDP,flow,failed,1884104452326024,,1,1,0,1437,0,0.0,1,1437,0,none,0,none,0,0,0,no_alert_unknown,no_alert_not_final_benign,-1,dns,port
2025-07-19T23:03:20.695966+0700,103.195.142.74,202.134.0.155,55640,53,UDP,flow,dns,1721802361455252,,1,1,0,74,0,0.0,1,74,0,none,0,none,0,0,0,no_alert_unknown,no_alert_not_final_benign,-1,dns,app_proto+port
2025-07-19T23:03:20.695980+0700,103.195.142.74,118.98.44.50,40810,53,UDP,flow,dns,1221137717117625,,1,1,0,214,0,0.0,1,214,0,none,0,none,0,0,0,no_alert_unknown,no_alert_not_final_benign,-1,dns,app_proto+port
2025-07-19T23:03:20.695994+0700,103.195.142.74,118.98.44.50,32819,53,UDP,flow,dns,1526922135192269,,1,1,0,232,0,0.0,1,232,0,none,0,none,0,0,0,no_alert_unknown,no_alert_not_final_benign,-1,dns,app_proto+port
2025-07-19T23:03:20.696007+0700,103.195.142.2,13.105.166.76,53,48572,UDP,flow,failed,276894370939614,,1,1,0,154,0,0.0,1,154,0,none,0,none,0,0,0,no_alert_unknown,no_alert_not_final_benign,-1,dns,port
2025-07-19T23:03:20.696068+0700,103.195.142.83,87.98.154.130,53,20596,UDP,flow,failed,58355409011740,,1,1,0,1190,0,0.0,1,1190,0,none,0,none,0,0,0,no_alert_unknown,no_alert_not_final_benign,-1,dns,port
2025-07-19T23:03:20.696132+0700,103.195.142.3,66.185.123.244,53,28754,UDP,flow,failed,1672765393716295,,1,1,0,127,0,0.0,1,127,0,none,0,none,0,0,0,no_alert_unknown,no_alert_not_final_benign,-1,dns,port
2025-07-19T23:03:20.696164+0700,103.195.142.76,87.98.154.218,53,32096,UDP,flow,failed,1865232552215706,,1,1,0,1469,0,0.0,1,1469,0,none,0,none,0,0,0,no_alert_unknown,no_alert_not_final_benign,-1,dns,port
2025-07-19T23:03:20.696176+0700,103.195.142.74,118.98.44.100,3360,53,UDP,flow,dns,1500299098834082,,1,1,0,211,0,0.0,1,211,0,none,0,none,0,0,0,no_alert_unknown,no_alert_not_final_benign,-1,dns,app_proto+port
2025-07-19T23:03:20.696190+0700,103.195.142.3,74.125.74.153,53,33853,UDP,flow,failed,1905090706195625,,1,1,0,212,0,0.0,1,212,0,none,0,none,0,0,0,no_alert_unknown,no_alert_not_final_benign,-1,dns,port
2025-07-19T23:03:20.696202+0700,103.195.142.74,118.98.44.50,63706,53,UDP,flow,dns,1732794551944362,,1,1,0,85,0,0.0,1,85,0,none,0,none,0,0,0,no_alert_unknown,no_alert_not_final_benign,-1,dns,app_proto+port
2025-07-19T23:03:20.696216+0700,103.195.142.3,172.253.4.20,53,62476,UDP,flow,failed,1192108365300933,,1,1,0,204,0,0.0,1,204,0,none,0,none,0,0,0,no_alert_unknown,no_alert_not_final_benign,-1,dns,port
2025-07-19T23:03:20.696229+0700,103.195.142.83,87.98.154.158,53,50812,UDP,flow,failed,1474078971118882,,1,1,0,1190,0,0.0,1,1190,0,none,0,none,0,0,0,no_alert_unknown,no_alert_not_final_benign,-1,dns,port
2025-07-19T23:03:20.696241+0700,103.195.142.76,87.98.154.119,53,3138,UDP,flow,failed,1280296753612095,,1,1,0,1469,0,0.0,1,1469,0,none,0,none,0,0,0,no_alert_unknown,no_alert_not_final_benign,-1,dns,port
2025-07-19T23:03:20.696270+0700,103.195.142.195,87.98.154.117,53,53612,UDP,flow,failed,11311842248115,,1,1,0,1437,0,0.0,1,1437,0,none,0,none,0,0,0,no_alert_unknown,no_alert_not_final_benign,-1,dns,port
2025-07-19T23:03:20.696282+0700,103.195.142.46,87.98.154.187,53,22621,UDP,flow,failed,1593551064974851,,1,1,0,1437,0,0.0,1,1437,0,none,0,none,0,0,0,no_alert_unknown,no_alert_not_final_benign,-1,dns,port
2025-07-19T23:03:20.696310+0700,103.195.142.3,172.70.116.71,53,52533,UDP,flow,failed,1302392096474672,,1,1,0,187,0,0.0,1,187,0,none,0,none,0,0,0,no_alert_unknown,no_alert_not_final_benign,-1,dns,port
2025-07-19T23:03:20.696323+0700,103.195.142.2,13.105.70.76,53,30584,UDP,flow,failed,190357651965522,,1,1,0,154,0,0.0,1,154,0,none,0,none,0,0,0,no_alert_unknown,no_alert_not_final_benign,-1,dns,port
2025-07-19T23:03:20.696335+0700,103.195.142.109,87.98.154.73,53,14603,UDP,flow,failed,1959635523192412,,1,1,0,1437,0,0.0,1,1437,0,none,0,none,0,0,0,no_alert_unknown,no_alert_not_final_benign,-1,dns,port
2025-07-19T23:03:20.696369+0700,103.195.142.74,118.98.44.50,43123,53,UDP,flow,dns,1986831441970802,,1,1,0,243,0,0.0,1,243,0,none,0,none,0,0,0,no_alert_unknown,no_alert_not_final_benign,-1,dns,app_proto+port
2025-07-19T23:03:20.696383+0700,103.195.142.196,87.98.154.169,53,48256,UDP,flow,failed,499474119968377,,1,1,0,1437,0,0.0,1,1437,0,none,0,none,0,0,0,no_alert_unknown,no_alert_not_final_benign,-1,dns,port
2025-07-19T23:03:20.696395+0700,103.195.142.165,87.98.154.173,53,35406,UDP,flow,failed,1350430955980535,,1,1,0,1437,0,0.0,1,1437,0,none,0,none,0,0,0,no_alert_unknown,no_alert_not_final_benign,-1,dns,port
2025-07-19T23:03:20.696422+0700,103.195.142.76,87.98.154.119,53,26657,UDP,flow,failed,405389524518652,,1,1,0,1469,0,0.0,1,1469,0,none,0,none,0,0,0,no_alert_unknown,no_alert_not_final_benign,-1,dns,port
2025-07-19T23:03:20.696434+0700,103.195.142.165,87.98.154.145,53,35033,UDP,flow,failed,1204112459941643,,1,1,0,1437,0,0.0,1,1437,0,none,0,none,0,0,0,no_alert_unknown,no_alert_not_final_benign,-1,dns,port
2025-07-19T23:03:20.696472+0700,103.195.142.3,74.125.74.150,53,49595,UDP,flow,failed,2102446388332369,,1,1,0,212,0,0.0,1,212,0,none,0,none,0,0,0,no_alert_unknown,no_alert_not_final_benign,-1,dns,port
2025-07-19T23:03:20.696485+0700,103.195.142.109,87.98.154.129,53,59666,UDP,flow,failed,2151912202749796,,1,1,0,1437,0,0.0,1,1437,0,none,0,none,0,0,0,no_alert_unknown,no_alert_not_final_benign,-1,dns,port
2025-07-19T23:03:20.696512+0700,103.195.142.74,202.134.0.155,53710,53,UDP,flow,dns,1930317986121635,,1,1,0,74,0,0.0,1,74,0,none,0,none,0,0,0,no_alert_unknown,no_alert_not_final_benign,-1,dns,app_proto+port
2025-07-19T23:03:20.696525+0700,103.195.142.76,87.98.154.46,53,32254,UDP,flow,failed,1464918306768825,,1,1,0,1469,0,0.0,1,1469,0,none,0,none,0,0,0,no_alert_unknown,no_alert_not_final_benign,-1,dns,port
2025-07-19T23:03:20.696554+0700,103.195.142.74,118.98.44.100,23409,53,UDP,flow,dns,2073499559118848,,1,1,0,89,0,0.0,1,89,0,none,0,none,0,0,0,no_alert_unknown,no_alert_not_final_benign,-1,dns,app_proto+port
2025-07-19T23:03:20.696567+0700,103.195.142.165,87.98.154.119,53,29217,UDP,flow,failed,1519155405899811,,1,1,0,1437,0,0.0,1,1437,0,none,0,none,0,0,0,no_alert_unknown,no_alert_not_final_benign,-1,dns,port
2025-07-19T23:03:20.696622+0700,103.195.142.3,13.105.70.76,53,27675,UDP,flow,failed,181593891129393,,1,1,0,178,0,0.0,1,178,0,none,0,none,0,0,0,no_alert_unknown,no_alert_not_final_benign,-1,dns,port
2025-07-19T23:03:20.696638+0700,103.195.142.196,87.98.154.197,53,40676,UDP,flow,failed,255200865732658,,1,1,0,1437,0,0.0,1,1437,0,none,0,none,0,0,0,no_alert_unknown,no_alert_not_final_benign,-1,dns,port
2025-07-19T23:03:20.696656+0700,103.195.142.76,87.98.154.246,53,27112,UDP,flow,failed,1706400976062569,,1,1,0,1469,0,0.0,1,1469,0,none,0,none,0,0,0,no_alert_unknown,no_alert_not_final_benign,-1,dns,port
2025-07-19T23:03:20.696678+0700,103.195.142.75,8.8.8.8,50409,53,UDP,flow,dns,414500518938764,,1,1,0,81,0,0.0,1,81,0,none,0,none,0,0,0,no_alert_unknown,no_alert_not_final_benign,-1,dns,app_proto+port
2025-07-19T23:03:20.696711+0700,103.195.142.74,202.134.0.155,56273,53,UDP,flow,dns,1980591319206073,,1,1,0,92,0,0.0,1,92,0,none,0,none,0,0,0,no_alert_unknown,no_alert_not_final_benign,-1,dns,app_proto+port
2025-07-19T23:03:20.696727+0700,103.195.142.165,87.98.154.89,53,63503,UDP,flow,failed,261780745472209,,1,1,0,1437,0,0.0,1,1437,0,none,0,none,0,0,0,no_alert_unknown,no_alert_not_final_benign,-1,dns,port
2025-07-19T23:03:20.696791+0700,103.195.142.76,87.98.154.78,53,24420,UDP,flow,failed,1415176582711637,,1,3,0,4407,0,10.0,3,4407,0,none,0,none,0,0,0,no_alert_unknown,no_alert_not_final_benign,-1,dns,port
2025-07-19T23:03:20.696805+0700,103.195.142.196,87.98.154.253,53,12748,UDP,flow,failed,1963858314643858,,1,1,0,1437,0,0.0,1,1437,0,none,0,none,0,0,0,no_alert_unknown,no_alert_not_final_benign,-1,dns,port
2025-07-19T23:03:20.705027+0700,103.195.142.74,118.98.44.50,1687,53,UDP,dns,,213321155292090,wire/pcap,0,0,0,0,0,0.0,0,0,0,none,0,none,0,0,0,no_alert_unknown,no_alert_not_final_benign,-1,dns,port
2025-07-19T23:03:20.707068+0700,103.195.142.74,118.98.44.20,3206,53,UDP,dns,,222086176771911,wire/pcap,0,0,0,0,0,0.0,0,0,0,none,0,none,0,0,0,no_alert_unknown,no_alert_not_final_benign,-1,dns,port
2025-07-19T23:03:20.707161+0700,103.195.142.74,118.98.44.50,39926,53,UDP,dns,,222484430057179,wire/pcap,0,0,0,0,0,0.0,0,0,0,none,0,none,0,0,0,no_alert_unknown,no_alert_not_final_benign,-1,dns,port
2025-07-19T23:03:20.707738+0700,103.195.142.74,118.98.44.100,17508,53,UDP,dns,,224964531770534,wire/pcap,0,0,0,0,0,0.0,0,0,0,none,0,none,0,0,0,no_alert_unknown,no_alert_not_final_benign,-1,dns,port
2025-07-19T23:03:20.729120+0700,103.195.142.74,118.98.44.100,43846,53,UDP,dns,,35322365837659,wire/pcap,0,0,0,0,0,0.0,0,0,0,none,0,none,0,0,0,no_alert_unknown,no_alert_not_final_benign,-1,dns,port
2025-07-19T23:03:20.732136+0700,103.195.142.74,202.134.0.155,52710,53,UDP,dns,,48278321003610,wire/pcap,0,0,0,0,0,0.0,0,0,0,none,0,none,0,0,0,no_alert_unknown,no_alert_not_final_benign,-1,dns,port
2025-07-19T23:03:20.736280+0700,103.195.142.74,118.98.44.100,23119,53,UDP,dns,,66074617458324,wire/pcap,0,0,0,0,0,0.0,0,0,0,none,0,none,0,0,0,no_alert_unknown,no_alert_not_final_benign,-1,dns,port
2025-07-19T23:03:20.761973+0700,103.195.142.75,50.116.34.34,32540,53,UDP,dns,,176427074700121,wire/pcap,0,0,0,0,0,0.0,0,0,0,none,0,none,0,0,0,no_alert_unknown,no_alert_not_final_benign,-1,dns,port
2025-07-19T23:03:20.762100+0700,103.195.142.74,118.98.44.20,4522,53,UDP,dns,,176971729138555,wire/pcap,0,0,0,0,0,0.0,0,0,0,none,0,none,0,0,0,no_alert_unknown,no_alert_not_final_benign,-1,dns,port
2025-07-19T23:03:20.770806+0700,103.195.142.74,118.98.44.50,55365,53,UDP,dns,,214364332972141,wire/pcap,0,0,0,0,0,0.0,0,0,0,none,0,none,0,0,0,no_alert_unknown,no_alert_not_final_benign,-1,dns,port
2025-07-19T23:03:20.774431+0700,103.195.142.74,118.98.44.20,34861,53,UDP,dns,,229935184452337,wire/pcap,0,0,0,0,0,0.0,0,0,0,none,0,none,0,0,0,no_alert_unknown,no_alert_not_final_benign,-1,dns,port
2025-07-19T23:03:20.795811+0700,103.195.142.74,202.134.0.155,61591,53,UDP,dns,,1376344977761997,wire/pcap,0,0,0,0,0,0.0,0,0,0,none,0,none,0,0,0,no_alert_unknown,no_alert_not_final_benign,-1,dns,port
2025-07-19T23:03:20.801983+0700,103.195.142.74,118.98.44.50,26876,53,UDP,dns,,66794837093675,wire/pcap,0,0,0,0,0,0.0,0,0,0,none,0,none,0,0,0,no_alert_unknown,no_alert_not_final_benign,-1,dns,port
2025-07-19T23:03:20.813060+0700,103.195.142.74,50.116.34.34,12691,53,UDP,dns,,114370027674979,wire/pcap,0,0,0,0,0,0.0,0,0,0,none,0,none,0,0,0,no_alert_unknown,no_alert_not_final_benign,-1,dns,port
2025-07-19T23:03:20.847006+0700,103.195.142.75,8.8.8.8,42861,53,UDP,dns,,260166411107341,wire/pcap,0,0,0,0,0,0.0,0,0,0,none,0,none,0,0,0,no_alert_unknown,no_alert_not_final_benign,-1,dns,port
2025-07-19T23:03:20.867272+0700,103.195.142.75,8.8.8.8,22239,53,UDP,dns,,65730903818353,wire/pcap,0,0,0,0,0,0.0,0,0,0,none,0,none,0,0,0,no_alert_unknown,no_alert_not_final_benign,-1,dns,port
2025-07-19T23:03:20.867351+0700,103.195.142.74,118.98.44.50,48480,53,UDP,dns,,66070615727810,wire/pcap,0,0,0,0,0,0.0,0,0,0,none,0,none,0,0,0,no_alert_unknown,no_alert_not_final_benign,-1,dns,port
2025-07-19T23:03:20.876926+0700,103.195.142.75,8.8.8.8,41515,53,UDP,dns,,107194722153244,wire/pcap,0,0,0,0,0,0.0,0,0,0,none,0,none,0,0,0,no_alert_unknown,no_alert_not_final_benign,-1,dns,port
2025-07-19T23:03:20.878281+0700,103.195.142.74,118.98.44.20,34767,53,UDP,dns,,113013697766982,wire/pcap,0,0,0,0,0,0.0,0,0,0,none,0,none,0,0,0,no_alert_unknown,no_alert_not_final_benign,-1,dns,port
2025-07-19T23:03:20.879878+0700,103.195.142.74,118.98.44.20,22737,53,UDP,dns,,119875523343704,wire/pcap,0,0,0,0,0,0.0,0,0,0,none,0,none,0,0,0,no_alert_unknown,no_alert_not_final_benign,-1,dns,port
2025-07-19T23:03:20.925087+0700,103.195.142.108,8.8.8.8,1900,53,UDP,dns,,1216074754602613,wire/pcap,0,0,0,0,0,0.0,0,0,0,none,0,none,0,0,0,no_alert_unknown,no_alert_not_final_benign,-1,dns,port
2025-07-19T23:03:20.953634+0700,103.195.142.74,202.134.0.155,36447,53,UDP,dns,,155177547992818,wire/pcap,0,0,0,0,0,0.0,0,0,0,none,0,none,0,0,0,no_alert_unknown,no_alert_not_final_benign,-1,dns,port
2025-07-19T23:03:20.970970+0700,103.195.142.74,118.98.44.20,46869,53,UDP,dns,,229635209292926,wire/pcap,0,0,0,0,0,0.0,0,0,0,none,0,none,0,0,0,no_alert_unknown,no_alert_not_final_benign,-1,dns,port
2025-07-19T23:03:20.974590+0700,103.195.142.74,202.134.0.155,52855,53,UDP,dns,,245184021523246,wire/pcap,0,0,0,0,0,0.0,0,0,0,none,0,none,0,0,0,no_alert_unknown,no_alert_not_final_benign,-1,dns,port
2025-07-19T23:03:20.977567+0700,103.195.142.74,202.134.0.155,56932,53,UDP,dns,,257968795914735,wire/pcap,0,0,0,0,0,0.0,0,0,0,none,0,none,0,0,0,no_alert_unknown,no_alert_not_final_benign,-1,dns,port
2025-07-19T23:03:20.979895+0700,103.195.142.75,8.8.8.8,32005,53,UDP,dns,,267970955224864,wire/pcap,0,0,0,0,0,0.0,0,0,0,none,0,none,0,0,0,no_alert_unknown,no_alert_not_final_benign,-1,dns,port
2025-07-19T23:03:20.979970+0700,103.195.142.74,118.98.44.100,15468,53,UDP,dns,,268291433948064,wire/pcap,0,0,0,0,0,0.0,0,0,0,none,0,none,0,0,0,no_alert_unknown,no_alert_not_final_benign,-1,dns,port
2025-07-19T23:03:20.980031+0700,103.195.142.74,118.98.44.20,31540,53,UDP,dns,,268551540394666,wire/pcap,0,0,0,0,0,0.0,0,0,0,none,0,none,0,0,0,no_alert_unknown,no_alert_not_final_benign,-1,dns,port
2025-07-19T23:03:21.000489+0700,103.195.142.2,18.140.177.102,53,50778,UDP,flow,failed,755199898264833,,1,1,0,190,0,0.0,1,190,0,none,0,none,0,0,0,no_alert_unknown,no_alert_not_final_benign,-1,dns,port
2025-07-19T23:03:21.001169+0700,103.195.142.75,8.8.8.8,15850,53,UDP,dns,,286497328693805,wire/pcap,0,0,0,0,0,0.0,0,0,0,none,0,none,0,0,0,no_alert_unknown,no_alert_not_final_benign,-1,dns,port
2025-07-19T23:03:21.009553+0700,103.195.142.74,202.134.0.155,18966,53,UDP,dns,,322505468263005,wire/pcap,0,0,0,0,0,0.0,0,0,0,none,0,none,0,0,0,no_alert_unknown,no_alert_not_final_benign,-1,dns,port
2025-07-19T23:03:21.016099+0700,103.195.142.74,202.134.0.155,40224,53,UDP,dns,,350621559078138,wire/pcap,0,0,0,0,0,0.0,0,0,0,none,0,none,0,0,0,no_alert_unknown,no_alert_not_final_benign,-1,dns,port
2025-07-19T23:03:21.019464+0700,103.195.142.75,34.8.196.142,16809,53,UDP,dns,,365072893126161,wire/pcap,0,0,0,0,0,0.0,0,0,0,none,0,none,0,0,0,no_alert_unknown,no_alert_not_final_benign,-1,dns,port
2025-07-19T23:03:21.021992+0700,103.195.142.75,8.8.8.8,57184,53,UDP,dns,,375930642632799,wire/pcap,0,0,0,0,0,0.0,0,0,0,none,0,none,0,0,0,no_alert_unknown,no_alert_not_final_benign,-1,dns,port
2025-07-19T23:03:21.035275+0700,103.195.142.74,118.98.44.20,50573,53,UDP,dns,,432980128479238,wire/pcap,0,0,0,0,0,0.0,0,0,0,none,0,none,0,0,0,no_alert_unknown,no_alert_not_final_benign,-1,dns,port
2025-07-19T23:03:21.038190+0700,103.195.142.83,87.98.154.119,53,55129,UDP,flow,failed,323692827590014,,1,1,0,1190,0,0.0,1,1190,0,none,0,none,0,0,0,no_alert_unknown,no_alert_not_final_benign,-1,dns,port
2025-07-19T23:03:21.038865+0700,103.195.142.75,8.8.8.8,49514,53,UDP,dns,,448399428599507,wire/pcap,0,0,0,0,0,0.0,0,0,0,none,0,none,0,0,0,no_alert_unknown,no_alert_not_final_benign,-1,dns,port
2025-07-19T23:03:21.046132+0700,103.195.142.74,34.8.38.57,6545,53,UDP,dns,,479613015760550,wire/pcap,0,0,0,0,0,0.0,0,0,0,none,0,none,0,0,0,no_alert_unknown,no_alert_not_final_benign,-1,dns,port
2025-07-19T23:03:21.053046+0700,103.195.142.83,87.98.154.186,53,10130,UDP,flow,failed,1851586463800881,,1,1,0,1190,0,0.0,1,1190,0,none,0,none,0,0,0,no_alert_unknown,no_alert_not_final_benign,-1,dns,port
2025-07-19T23:03:21.072441+0700,103.195.142.75,8.8.8.8,13159,53,UDP,dns,,311135008047878,wire/pcap,0,0,0,0,0,0.0,0,0,0,none,0,none,0,0,0,no_alert_unknown,no_alert_not_final_benign,-1,dns,port
2025-07-19T23:03:21.073413+0700,103.195.142.75,208.74.121.116,41728,53,UDP,dns,,315309636686252,wire/pcap,0,0,0,0,0,0.0,0,0,0,none,0,none,0,0,0,no_alert_unknown,no_alert_not_final_benign,-1,dns,port
2025-07-19T23:03:21.087479+0700,103.195.142.74,118.98.44.100,60885,53,UDP,dns,,375719461292120,wire/pcap,0,0,0,0,0,0.0,0,0,0,none,0,none,0,0,0,no_alert_unknown,no_alert_not_final_benign,-1,dns,port
2025-07-19T23:03:21.091239+0700,103.195.142.74,202.134.0.155,33806,53,UDP,dns,,391871260596695,wire/pcap,0,0,0,0,0,0.0,0,0,0,none,0,none,0,0,0,no_alert_unknown,no_alert_not_final_benign,-1,dns,port
2025-07-19T23:03:21.095489+0700,103.195.142.46,87.98.154.247,53,13401,UDP,flow,failed,568884025303229,,1,1,0,1437,0,0.0,1,1437,0,none,0,none,0,0,0,no_alert_unknown,no_alert_not_final_benign,-1,dns,port
2025-07-19T23:03:21.101915+0700,103.195.142.74,202.134.0.155,37304,53,UDP,dns,,437723663394372,wire/pcap,0,0,0,0,0,0.0,0,0,0,none,0,none,0,0,0,no_alert_unknown,no_alert_not_final_benign,-1,dns,port
2025-07-19T23:03:21.102088+0700,103.195.142.74,118.98.44.100,1494,53,UDP,dns,,438468283802493,wire/pcap,0,0,0,0,0,0.0,0,0,0,none,0,none,0,0,0,no_alert_unknown,no_alert_not_final_benign,-1,dns,port
2025-07-19T23:03:21.140456+0700,103.195.142.74,202.134.0.155,34828,53,UDP,dns,,321779102782759,wire/pcap,0,0,0,0,0,0.0,0,0,0,none,0,none,0,0,0,no_alert_unknown,no_alert_not_final_benign,-1,dns,port
2025-07-19T23:03:21.166333+0700,103.195.142.74,118.98.44.100,9906,53,UDP,dns,,432919984314752,wire/pcap,0,0,0,0,0,0.0,0,0,0,none,0,none,0,0,0,no_alert_unknown,no_alert_not_final_benign,-1,dns,port
2025-07-19T23:03:21.171849+0700,103.195.142.2,208.67.217.162,53,10238,UDP,flow,failed,481227022435966,,1,1,0,132,0,0.0,1,132,0,none,0,none,0,0,0,no_alert_unknown,no_alert_not_final_benign,-1,dns,port
2025-07-19T23:03:21.219383+0700,103.195.142.74,202.134.0.155,43718,53,UDP,dns,,379296849553451,wire/pcap,0,0,0,0,0,0.0,0,0,0,none,0,none,0,0,0,no_alert_unknown,no_alert_not_final_benign,-1,dns,port
2025-07-19T23:03:21.229196+0700,103.195.142.74,118.98.44.100,24583,53,UDP,dns,,421439603646308,wire/pcap,0,0,0,0,0,0.0,0,0,0,none,0,none,0,0,0,no_alert_unknown,no_alert_not_final_benign,-1,dns,port
2025-07-19T23:03:21.245145+0700,103.195.142.74,202.134.0.155,56473,53,UDP,dns,,489941891711864,wire/pcap,0,0,0,0,0,0.0,0,0,0,none,0,none,0,0,0,no_alert_unknown,no_alert_not_final_benign,-1,dns,port
2025-07-19T23:03:21.247936+0700,103.195.142.75,8.8.8.8,47915,53,UDP,dns,,501929479145075,wire/pcap,0,0,0,0,0,0.0,0,0,0,none,0,none,0,0,0,no_alert_unknown,no_alert_not_final_benign,-1,dns,port
2025-07-19T23:03:21.261973+0700,103.195.142.74,50.28.32.153,48601,53,UDP,flow,dns,144788325083531,,1,1,0,85,0,0.0,1,85,0,none,0,none,0,0,0,no_alert_unknown,no_alert_not_final_benign,-1,dns,app_proto+port
2025-07-19T23:03:21.306404+0700,103.195.142.75,8.8.8.8,19277,53,UDP,dns,,471573959348472,wire/pcap,0,0,0,0,0,0.0,0,0,0,none,0,none,0,0,0,no_alert_unknown,no_alert_not_final_benign,-1,dns,port
2025-07-19T23:03:21.320434+0700,103.195.142.74,118.98.44.20,55110,53,UDP,dns,,531830289314676,wire/pcap,0,0,0,0,0,0.0,0,0,0,none,0,none,0,0,0,no_alert_unknown,no_alert_not_final_benign,-1,dns,port
2025-07-19T23:03:21.350026+0700,103.195.142.74,202.134.0.155,47552,53,UDP,dns,,377454504585571,wire/pcap,0,0,0,0,0,0.0,0,0,0,none,0,none,0,0,0,no_alert_unknown,no_alert_not_final_benign,-1,dns,port
2025-07-19T23:03:21.354852+0700,103.195.142.74,118.98.44.20,56521,53,UDP,dns,,398180839001997,wire/pcap,0,0,0,0,0,0.0,0,0,0,none,0,none,0,0,0,no_alert_unknown,no_alert_not_final_benign,-1,dns,port
2025-07-19T23:03:21.359734+0700,103.195.142.74,202.134.0.155,59156,53,UDP,dns,,419148723863470,wire/pcap,0,0,0,0,0,0.0,0,0,0,none,0,none,0,0,0,no_alert_unknown,no_alert_not_final_benign,-1,dns,port
2025-07-19T23:03:21.366886+0700,103.195.142.74,118.98.44.20,13558,53,UDP,dns,,449865610791193,wire/pcap,0,0,0,0,0,0.0,0,0,0,none,0,none,0,0,0,no_alert_unknown,no_alert_not_final_benign,-1,dns,port
2025-07-19T23:03:21.367016+0700,103.195.142.165,87.98.154.117,53,8193,UDP,flow,failed,210337834830105,,1,1,0,1437,0,0.0,1,1437,0,none,0,none,0,0,0,no_alert_unknown,no_alert_not_final_benign,-1,dns,port
2025-07-19T23:03:21.372449+0700,103.195.142.74,118.98.44.20,31432,53,UDP,dns,,473757722969220,wire/pcap,0,0,0,0,0,0.0,0,0,0,none,0,none,0,0,0,no_alert_unknown,no_alert_not_final_benign,-1,dns,port
2025-07-19T23:03:21.395559+0700,103.195.142.75,8.8.8.8,9654,53,UDP,dns,,291538476598844,wire/pcap,0,0,0,0,0,0.0,0,0,0,none,0,none,0,0,0,no_alert_unknown,no_alert_not_final_benign,-1,dns,port
2025-07-19T23:03:21.395692+0700,103.195.142.74,202.134.0.155,39329,53,UDP,dns,,292113351841259,wire/pcap,0,0,0,0,0,0.0,0,0,0,none,0,none,0,0,0,no_alert_unknown,no_alert_not_final_benign,-1,dns,port
2025-07-19T23:03:21.395798+0700,103.195.142.74,118.98.44.50,38413,53,UDP,dns,,292564712745211,wire/pcap,0,0,0,0,0,0.0,0,0,0,none,0,none,0,0,0,no_alert_unknown,no_alert_not_final_benign,-1,dns,port
2025-07-19T23:03:21.395717+0700,103.195.142.74,118.98.44.100,56147,53,UDP,dns,,292220109893813,wire/pcap,0,0,0,0,0,0.0,0,0,0,none,0,none,0,0,0,no_alert_unknown,no_alert_not_final_benign,-1,dns,port
2025-07-19T23:03:21.400099+0700,103.195.142.75,50.116.34.34,48305,53,UDP,dns,,311039967723685,wire/pcap,0,0,0,0,0,0.0,0,0,0,none,0,none,0,0,0,no_alert_unknown,no_alert_not_final_benign,-1,dns,port
2025-07-19T23:03:21.416383+0700,103.195.142.74,118.98.44.50,47901,53,UDP,dns,,380980040047413,wire/pcap,0,0,0,0,0,0.0,0,0,0,none,0,none,0,0,0,no_alert_unknown,no_alert_not_final_benign,-1,dns,port
2025-07-19T23:03:21.445314+0700,103.195.142.74,118.98.44.100,52146,53,UDP,dns,,505238016276386,wire/pcap,0,0,0,0,0,0.0,0,0,0,none,0,none,0,0,0,no_alert_unknown,no_alert_not_final_benign,-1,dns,port
2025-07-19T23:03:21.445399+0700,103.195.142.74,118.98.44.100,49219,53,UDP,dns,,505601049223755,wire/pcap,0,0,0,0,0,0.0,0,0,0,none,0,none,0,0,0,no_alert_unknown,no_alert_not_final_benign,-1,dns,port
2025-07-19T23:03:21.458043+0700,103.195.142.74,118.98.44.50,51139,53,UDP,dns,,559905609576512,wire/pcap,0,0,0,0,0,0.0,0,0,0,none,0,none,0,0,0,no_alert_unknown,no_alert_not_final_benign,-1,dns,port
2025-07-19T23:03:21.458188+0700,103.195.142.74,118.98.44.20,27048,53,UDP,dns,,560530556346994,wire/pcap,0,0,0,0,0,0.0,0,0,0,none,0,none,0,0,0,no_alert_unknown,no_alert_not_final_benign,-1,dns,port
2025-07-19T23:03:21.465202+0700,103.195.142.74,118.98.44.50,19424,53,UDP,dns,,309181759411107,wire/pcap,0,0,0,0,0,0.0,0,0,0,none,0,none,0,0,0,no_alert_unknown,no_alert_not_final_benign,-1,dns,port
2025-07-19T23:03:21.466449+0700,103.195.142.74,118.98.44.50,56432,53,UDP,dns,,314537070064301,wire/pcap,0,0,0,0,0,0.0,0,0,0,none,0,none,0,0,0,no_alert_unknown,no_alert_not_final_benign,-1,dns,port
2025-07-19T23:03:21.482090+0700,103.195.142.76,87.98.154.250,53,58376,UDP,flow,failed,138456982512580,,1,3,0,4407,0,9.0,3,4407,0,none,0,none,0,0,0,no_alert_unknown,no_alert_not_final_benign,-1,dns,port
2025-07-19T23:03:21.487409+0700,103.195.142.46,87.98.154.117,53,22483,UDP,flow,failed,295014047127560,,1,1,0,1437,0,0.0,1,1437,0,none,0,none,0,0,0,no_alert_unknown,no_alert_not_final_benign,-1,dns,port
2025-07-19T23:03:21.497683+0700,103.195.142.74,118.98.44.20,47525,53,UDP,dns,,448682587887242,wire/pcap,0,0,0,0,0,0.0,0,0,0,none,0,none,0,0,0,no_alert_unknown,no_alert_not_final_benign,-1,dns,port
2025-07-19T23:03:21.500292+0700,103.195.142.75,8.8.8.8,21615,53,UDP,dns,,459890749791850,wire/pcap,0,0,0,0,0,0.0,0,0,0,none,0,none,0,0,0,no_alert_unknown,no_alert_not_final_benign,-1,dns,port
2025-07-19T23:03:21.502583+0700,103.195.142.74,118.98.44.20,53480,53,UDP,dns,,469728589532238,wire/pcap,0,0,0,0,0,0.0,0,0,0,none,0,none,0,0,0,no_alert_unknown,no_alert_not_final_benign,-1,dns,port
2025-07-19T23:03:21.518114+0700,103.195.142.74,202.134.0.155,7539,53,UDP,dns,,536436969650981,wire/pcap,0,0,0,0,0,0.0,0,0,0,none,0,none,0,0,0,no_alert_unknown,no_alert_not_final_benign,-1,dns,port
2025-07-19T23:03:21.525509+0700,103.195.142.74,118.98.44.100,28556,53,UDP,dns,,286719510168643,wire/pcap,0,0,0,0,0,0.0,0,0,0,none,0,none,0,0,0,no_alert_unknown,no_alert_not_final_benign,-1,dns,port
2025-07-19T23:03:21.525584+0700,103.195.142.75,8.8.8.8,53571,53,UDP,dns,,287043507835040,wire/pcap,0,0,0,0,0,0.0,0,0,0,none,0,none,0,0,0,no_alert_unknown,no_alert_not_final_benign,-1,dns,port
2025-07-19T23:03:21.538555+0700,103.195.142.74,118.98.44.50,52473,53,UDP,dns,,342754373976561,wire/pcap,0,0,0,0,0,0.0,0,0,0,none,0,none,0,0,0,no_alert_unknown,no_alert_not_final_benign,-1,dns,port
2025-07-19T23:03:21.541651+0700,103.195.142.74,118.98.44.20,50027,53,UDP,dns,,356052564761643,wire/pcap,0,0,0,0,0,0.0,0,0,0,none,0,none,0,0,0,no_alert_unknown,no_alert_not_final_benign,-1,dns,port
2025-07-19T23:03:21.551971+0700,103.195.142.74,118.98.44.50,11878,53,UDP,dns,,400373493168216,wire/pcap,0,0,0,0,0,0.0,0,0,0,none,0,none,0,0,0,no_alert_unknown,no_alert_not_final_benign,-1,dns,port
2025-07-19T23:03:21.561417+0700,103.195.142.75,8.8.8.8,56457,53,UDP,dns,,440944013941248,wire/pcap,0,0,0,0,0,0.0,0,0,0,none,0,none,0,0,0,no_alert_unknown,no_alert_not_final_benign,-1,dns,port
2025-07-19T23:03:21.572254+0700,103.195.142.74,118.98.44.20,24456,53,UDP,dns,,487489548663607,wire/pcap,0,0,0,0,0,0.0,0,0,0,none,0,none,0,0,0,no_alert_unknown,no_alert_not_final_benign,-1,dns,port
2025-07-19T23:03:21.573399+0700,103.195.142.74,118.98.44.50,18144,53,UDP,dns,,492405783792662,wire/pcap,0,0,0,0,0,0.0,0,0,0,none,0,none,0,0,0,no_alert_unknown,no_alert_not_final_benign,-1,dns,port
2025-07-19T23:03:21.588556+0700,103.195.142.75,8.8.8.8,47662,53,UDP,dns,,557506122444370,wire/pcap,0,0,0,0,0,0.0,0,0,0,none,0,none,0,0,0,no_alert_unknown,no_alert_not_final_benign,-1,dns,port
2025-07-19T23:03:21.595874+0700,103.195.142.75,50.116.34.34,28399,53,UDP,dns,,307461290798020,wire/pcap,0,0,0,0,0,0.0,0,0,0,none,0,none,0,0,0,no_alert_unknown,no_alert_not_final_benign,-1,dns,port
2025-07-19T23:03:21.610065+0700,103.195.142.74,118.98.44.100,6937,53,UDP,dns,,368410756045368,wire/pcap,0,0,0,0,0,0.0,0,0,0,none,0,none,0,0,0,no_alert_unknown,no_alert_not_final_benign,-1,dns,port
2025-07-19T23:03:21.616083+0700,103.195.142.74,118.98.44.50,36603,53,UDP,dns,,394257946409822,wire/pcap,0,0,0,0,0,0.0,0,0,0,none,0,none,0,0,0,no_alert_unknown,no_alert_not_final_benign,-1,dns,port
2025-07-19T23:03:21.654753+0700,103.195.142.75,8.8.8.8,43028,53,UDP,flow,dns,460089185579835,,1,1,0,78,0,0.0,1,78,0,none,0,none,0,0,0,no_alert_unknown,no_alert_not_final_benign,-1,dns,app_proto+port
2025-07-19T23:03:21.667974+0700,103.195.142.74,202.134.0.155,24207,53,UDP,dns,,335652664826739,wire/pcap,0,0,0,0,0,0.0,0,0,0,none,0,none,0,0,0,no_alert_unknown,no_alert_not_final_benign,-1,dns,port
2025-07-19T23:03:21.682546+0700,103.195.142.76,87.98.154.134,53,17069,UDP,flow,failed,395160478534096,,1,1,0,1469,0,0.0,1,1469,0,none,0,none,0,0,0,no_alert_unknown,no_alert_not_final_benign,-1,dns,port
2025-07-19T23:03:21.682617+0700,103.195.142.109,87.98.154.118,53,42736,UDP,flow,failed,1615401273510362,,1,1,0,1437,0,0.0,1,1437,0,none,0,none,0,0,0,no_alert_unknown,no_alert_not_final_benign,-1,dns,port
2025-07-19T23:03:21.682644+0700,103.195.142.196,87.98.154.49,53,45630,UDP,flow,failed,431987294915092,,1,1,0,1437,0,0.0,1,1437,0,none,0,none,0,0,0,no_alert_unknown,no_alert_not_final_benign,-1,dns,port
2025-07-19T23:03:21.682689+0700,103.195.142.196,87.98.154.119,53,44661,UDP,flow,failed,1642692913646130,,1,1,0,1437,0,0.0,1,1437,0,none,0,none,0,0,0,no_alert_unknown,no_alert_not_final_benign,-1,dns,port
2025-07-19T23:03:21.682787+0700,103.195.142.165,87.98.154.205,53,42165,UDP,flow,failed,1898837934524998,,1,3,0,4311,0,10.0,3,4311,0,none,0,none,0,0,0,no_alert_unknown,no_alert_not_final_benign,-1,dns,port
2025-07-19T23:03:21.682814+0700,103.195.142.83,87.98.154.119,53,60489,UDP,flow,failed,1638313879259781,,1,1,0,1190,0,0.0,1,1190,0,none,0,none,0,0,0,no_alert_unknown,no_alert_not_final_benign,-1,dns,port
2025-07-19T23:03:21.682848+0700,103.195.142.75,8.8.8.8,7937,53,UDP,flow,dns,1531080767490716,,1,1,0,78,0,0.0,1,78,0,none,0,none,0,0,0,no_alert_unknown,no_alert_not_final_benign,-1,dns,app_proto+port
2025-07-19T23:03:21.682912+0700,103.195.142.75,8.8.8.8,2725,53,UDP,flow,dns,150055029426943,,1,1,0,106,0,0.0,1,106,0,none,0,none,0,0,0,no_alert_unknown,no_alert_not_final_benign,-1,dns,app_proto+port
2025-07-19T23:03:21.682959+0700,103.195.142.196,87.98.154.119,53,39899,UDP,flow,failed,492713785412354,,1,1,0,1437,0,0.0,1,1437,0,none,0,none,0,0,0,no_alert_unknown,no_alert_not_final_benign,-1,dns,port
2025-07-19T23:03:21.682984+0700,103.195.142.83,87.98.154.18,53,54758,UDP,flow,failed,306764792711943,,1,1,0,1190,0,0.0,1,1190,0,none,0,none,0,0,0,no_alert_unknown,no_alert_not_final_benign,-1,dns,port
2025-07-19T23:03:21.683010+0700,103.195.142.74,118.98.44.100,49471,53,UDP,flow,dns,315359178640167,,1,1,0,95,0,0.0,1,95,0,none,0,none,0,0,0,no_alert_unknown,no_alert_not_final_benign,-1,dns,app_proto+port
2025-07-19T23:03:21.683032+0700,103.195.142.83,87.98.154.186,53,18919,UDP,flow,failed,1474188591025028,,1,1,0,1190,0,0.0,1,1190,0,none,0,none,0,0,0,no_alert_unknown,no_alert_not_final_benign,-1,dns,port
2025-07-19T23:03:21.683050+0700,103.195.142.165,87.98.154.5,53,38966,UDP,flow,failed,351758931184544,,1,1,0,1437,0,0.0,1,1437,0,none,0,none,0,0,0,no_alert_unknown,no_alert_not_final_benign,-1,dns,port
2025-07-19T23:03:21.683161+0700,103.195.142.109,87.98.154.245,53,27114,UDP,flow,failed,499095951363120,,1,1,0,1437,0,0.0,1,1437,0,none,0,none,0,0,0,no_alert_unknown,no_alert_not_final_benign,-1,dns,port
2025-07-19T23:03:21.683253+0700,103.195.142.165,87.98.154.33,53,20153,UDP,flow,failed,1178461463104627,,1,3,0,4311,0,9.0,3,4311,0,none,0,none,0,0,0,no_alert_unknown,no_alert_not_final_benign,-1,dns,port
2025-07-19T23:03:21.683272+0700,103.195.142.195,87.98.154.88,53,17545,UDP,flow,failed,2171699391090050,,1,1,0,1437,0,0.0,1,1437,0,none,0,none,0,0,0,no_alert_unknown,no_alert_not_final_benign,-1,dns,port
2025-07-19T23:03:21.683297+0700,103.195.142.109,87.98.154.245,53,9124,UDP,flow,failed,1595964166491538,,1,3,0,4311,0,10.0,3,4311,0,none,0,none,0,0,0,no_alert_unknown,no_alert_not_final_benign,-1,dns,port
2025-07-19T23:03:21.683432+0700,103.195.142.196,87.98.154.25,53,30410,UDP,flow,failed,1814194100030984,,1,1,0,1437,0,0.0,1,1437,0,none,0,none,0,0,0,no_alert_unknown,no_alert_not_final_benign,-1,dns,port
2025-07-19T23:03:21.683470+0700,103.195.142.196,87.98.154.109,53,20236,UDP,flow,failed,1097787520503352,,1,2,0,2874,0,2.0,2,2874,0,none,0,none,0,0,0,no_alert_unknown,no_alert_not_final_benign,-1,dns,port
2025-07-19T23:03:21.683531+0700,103.195.142.75,8.8.8.8,13239,53,UDP,flow,dns,2204374635564732,,1,1,0,196,0,0.0,1,196,0,none,0,none,0,0,0,no_alert_unknown,no_alert_not_final_benign,-1,dns,app_proto+port
2025-07-19T23:03:21.683552+0700,103.195.142.75,8.8.8.8,50944,53,UDP,flow,dns,2225023806656207,,1,1,0,82,0,0.0,1,82,0,none,0,none,0,0,0,no_alert_unknown,no_alert_not_final_benign,-1,dns,app_proto+port
2025-07-19T23:03:21.683572+0700,103.195.142.83,87.98.154.119,53,58877,UDP,flow,failed,1538925602262812,,1,1,0,1190,0,0.0,1,1190,0,none,0,none,0,0,0,no_alert_unknown,no_alert_not_final_benign,-1,dns,port
2025-07-19T23:03:21.683596+0700,103.195.142.46,87.98.154.119,53,17590,UDP,flow,failed,1481053627993886,,1,1,0,1437,0,0.0,1,1437,0,none,0,none,0,0,0,no_alert_unknown,no_alert_not_final_benign,-1,dns,port
2025-07-19T23:03:21.683615+0700,103.195.142.3,180.241.27.161,53,39205,UDP,flow,failed,2093260690214695,,1,1,0,132,0,0.0,1,132,0,none,0,none,0,0,0,no_alert_unknown,no_alert_not_final_benign,-1,dns,port
2025-07-19T23:03:21.683633+0700,103.195.142.75,8.8.8.8,55202,53,UDP,flow,dns,148375155363631,,1,1,0,80,0,0.0,1,80,0,none,0,none,0,0,0,no_alert_unknown,no_alert_not_final_benign,-1,dns,app_proto+port
2025-07-19T23:03:21.683675+0700,103.195.142.74,118.98.44.100,28589,53,UDP,flow,dns,1689319149719419,,1,1,0,78,0,0.0,1,78,0,none,0,none,0,0,0,no_alert_unknown,no_alert_not_final_benign,-1,dns,app_proto+port
2025-07-19T23:03:21.683715+0700,103.195.142.46,87.98.154.19,53,46534,UDP,flow,failed,336917125779407,,1,1,0,1437,0,0.0,1,1437,0,none,0,none,0,0,0,no_alert_unknown,no_alert_not_final_benign,-1,dns,port
2025-07-19T23:03:21.683733+0700,103.195.142.46,87.98.154.219,53,56087,UDP,flow,failed,2010706658578415,,1,3,0,4311,0,9.0,3,4311,0,none,0,none,0,0,0,no_alert_unknown,no_alert_not_final_benign,-1,dns,port
2025-07-19T23:03:21.683816+0700,103.195.142.2,172.253.2.27,53,51338,UDP,flow,failed,463485569585300,,1,1,0,214,0,0.0,1,214,0,none,0,none,0,0,0,no_alert_unknown,no_alert_not_final_benign,-1,dns,port
2025-07-19T23:03:21.683836+0700,103.195.142.46,87.98.154.119,53,14643,UDP,flow,failed,1977108490670230,,1,1,0,1437,0,0.0,1,1437,0,none,0,none,0,0,0,no_alert_unknown,no_alert_not_final_benign,-1,dns,port
2025-07-19T23:03:21.683925+0700,103.195.142.75,8.8.8.8,57973,53,UDP,flow,dns,398124421271843,,1,2,0,188,0,5.0,2,188,0,none,0,none,0,0,0,no_alert_unknown,no_alert_not_final_benign,-1,dns,app_proto+port
2025-07-19T23:03:21.684006+0700,103.195.142.74,118.98.44.50,9716,53,UDP,flow,dns,1775817454047695,,1,1,0,214,0,0.0,1,214,0,none,0,none,0,0,0,no_alert_unknown,no_alert_not_final_benign,-1,dns,app_proto+port
2025-07-19T23:03:21.684108+0700,103.195.142.75,8.8.8.8,60492,53,UDP,flow,dns,1844517259104824,,1,1,0,243,0,0.0,1,243,0,none,0,none,0,0,0,no_alert_unknown,no_alert_not_final_benign,-1,dns,app_proto+port
2025-07-19T23:03:21.684164+0700,103.195.142.83,87.98.154.46,53,28553,UDP,flow,failed,478068799230557,,1,1,0,1190,0,0.0,1,1190,0,none,0,none,0,0,0,no_alert_unknown,no_alert_not_final_benign,-1,dns,port
2025-07-19T23:03:21.684198+0700,103.195.142.196,87.98.154.119,53,32360,UDP,flow,failed,2055057074868873,,1,1,0,1437,0,0.0,1,1437,0,none,0,none,0,0,0,no_alert_unknown,no_alert_not_final_benign,-1,dns,port
2025-07-19T23:03:21.684219+0700,103.195.142.74,118.98.44.100,28517,53,UDP,flow,dns,209268215960222,,1,1,0,96,0,0.0,1,96,0,none,0,none,0,0,0,no_alert_unknown,no_alert_not_final_benign,-1,dns,app_proto+port
2025-07-19T23:03:21.684369+0700,103.195.142.46,87.98.154.119,53,57147,UDP,flow,failed,1542680501932879,,1,1,0,1437,0,0.0,1,1437,0,none,0,none,0,0,0,no_alert_unknown,no_alert_not_final_benign,-1,dns,port
2025-07-19T23:03:21.684409+0700,103.195.142.196,87.98.154.53,53,1502,UDP,flow,failed,1719080660554594,,1,1,0,1437,0,0.0,1,1437,0,none,0,none,0,0,0,no_alert_unknown,no_alert_not_final_benign,-1,dns,port
2025-07-19T23:03:21.684462+0700,103.195.142.165,87.98.154.119,53,14747,UDP,flow,failed,1764212383404941,,1,1,0,1437,0,0.0,1,1437,0,none,0,none,0,0,0,no_alert_unknown,no_alert_not_final_benign,-1,dns,port
2025-07-19T23:03:21.684482+0700,103.195.142.74,118.98.44.20,3774,53,UDP,flow,dns,1519943125488532,,1,1,0,78,0,0.0,1,78,0,none,0,none,0,0,0,no_alert_unknown,no_alert_not_final_benign,-1,dns,app_proto+port
2025-07-19T23:03:21.684557+0700,103.195.142.109,87.98.154.129,53,36379,UDP,flow,failed,1777792986633244,,1,1,0,1437,0,0.0,1,1437,0,none,0,none,0,0,0,no_alert_unknown,no_alert_not_final_benign,-1,dns,port
2025-07-19T23:03:21.684623+0700,103.195.142.196,87.98.154.119,53,48829,UDP,flow,failed,1752536216228924,,1,1,0,1437,0,0.0,1,1437,0,none,0,none,0,0,0,no_alert_unknown,no_alert_not_final_benign,-1,dns,port
2025-07-19T23:03:21.684691+0700,103.195.142.74,118.98.44.100,50394,53,UDP,flow,dns,1700970807940207,,1,1,0,232,0,0.0,1,232,0,none,0,none,0,0,0,no_alert_unknown,no_alert_not_final_benign,-1,dns,app_proto+port
2025-07-19T23:03:21.684712+0700,103.195.142.74,202.134.0.155,32187,53,UDP,flow,dns,2182229673759868,,1,1,0,110,0,0.0,1,110,0,none,0,none,0,0,0,no_alert_unknown,no_alert_not_final_benign,-1,dns,app_proto+port
2025-07-19T23:03:21.684732+0700,103.195.142.2,172.217.44.218,53,65196,UDP,flow,failed,2088355027801318,,1,1,0,241,0,0.0,1,241,0,none,0,none,0,0,0,no_alert_unknown,no_alert_not_final_benign,-1,dns,port
2025-07-19T23:03:21.684751+0700,103.195.142.3,51.38.107.76,53,42139,UDP,flow,failed,2162436194817325,,1,1,0,154,0,0.0,1,154,0,none,0,none,0,0,0,no_alert_unknown,no_alert_not_final_benign,-1,dns,port
2025-07-19T23:03:21.684864+0700,103.195.142.74,202.134.0.155,58313,53,UDP,flow,dns,393036788258208,,1,1,0,74,0,0.0,1,74,0,none,0,none,0,0,0,no_alert_unknown,no_alert_not_final_benign,-1,dns,app_proto+port
2025-07-19T23:03:21.684884+0700,103.195.142.74,118.98.44.20,15182,53,UDP,flow,dns,2049655582217641,,1,1,0,214,0,0.0,1,214,0,none,0,none,0,0,0,no_alert_unknown,no_alert_not_final_benign,-1,dns,app_proto+port
2025-07-19T23:03:21.684904+0700,103.195.142.195,87.98.154.204,53,26298,UDP,flow,failed,1748630054360631,,1,3,0,4311,0,10.0,3,4311,0,none,0,none,0,0,0,no_alert_unknown,no_alert_not_final_benign,-1,dns,port
2025-07-19T23:03:21.684923+0700,103.195.142.195,87.98.154.176,53,24206,UDP,flow,failed,2058317128455742,,1,2,0,2874,0,9.0,2,2874,0,none,0,none,0,0,0,no_alert_unknown,no_alert_not_final_benign,-1,dns,port
2025-07-19T23:03:21.684965+0700,103.195.142.3,198.41.238.98,53,32358,UDP,flow,failed,2129872943175292,,1,1,0,127,0,0.0,1,127,0,none,0,none,0,0,0,no_alert_unknown,no_alert_not_final_benign,-1,dns,port
2025-07-19T23:03:21.684991+0700,103.195.142.83,87.98.154.119,53,2485,UDP,flow,failed,562589044627079,,1,1,0,1190,0,0.0,1,1190,0,none,0,none,0,0,0,no_alert_unknown,no_alert_not_final_benign,-1,dns,port
2025-07-19T23:03:21.685054+0700,103.195.142.74,50.28.32.153,34700,53,UDP,flow,dns,1763744629773995,,1,1,0,85,0,0.0,1,85,0,none,0,none,0,0,0,no_alert_unknown,no_alert_not_final_benign,-1,dns,app_proto+port
2025-07-19T23:03:21.685074+0700,103.195.142.165,87.98.154.33,53,16516,UDP,flow,failed,417941507200805,,1,1,0,1437,0,0.0,1,1437,0,none,0,none,0,0,0,no_alert_unknown,no_alert_not_final_benign,-1,dns,port
2025-07-19T23:03:21.685105+0700,103.195.142.196,87.98.154.53,53,33207,UDP,flow,failed,1589810422470466,,1,1,0,1437,0,0.0,1,1437,0,none,0,none,0,0,0,no_alert_unknown,no_alert_not_final_benign,-1,dns,port
2025-07-19T23:03:21.685128+0700,103.195.142.83,87.98.154.119,53,34127,UDP,flow,failed,182226037823312,,1,1,0,1190,0,0.0,1,1190,0,none,0,none,0,0,0,no_alert_unknown,no_alert_not_final_benign,-1,dns,port
2025-07-19T23:03:21.685147+0700,103.195.142.46,87.98.154.119,53,61297,UDP,flow,failed,1719360443897769,,1,1,0,1437,0,0.0,1,1437,0,none,0,none,0,0,0,no_alert_unknown,no_alert_not_final_benign,-1,dns,port
2025-07-19T23:03:21.685187+0700,103.195.142.195,87.98.154.144,53,19119,UDP,flow,failed,1603697352759226,,1,1,0,1437,0,0.0,1,1437,0,none,0,none,0,0,0,no_alert_unknown,no_alert_not_final_benign,-1,dns,port
2025-07-19T23:03:21.685208+0700,103.195.142.195,87.98.154.119,53,12556,UDP,flow,failed,1819646990407628,,1,1,0,1437,0,0.0,1,1437,0,none,0,none,0,0,0,no_alert_unknown,no_alert_not_final_benign,-1,dns,port
2025-07-19T23:03:21.685309+0700,103.195.142.74,118.98.44.20,2323,53,UDP,flow,dns,1739633648850960,,1,1,0,83,0,0.0,1,83,0,none,0,none,0,0,0,no_alert_unknown,no_alert_not_final_benign,-1,dns,app_proto+port
2025-07-19T23:03:21.685355+0700,103.195.142.165,87.98.154.61,53,41063,UDP,flow,failed,2148944870430752,,1,1,0,1437,0,0.0,1,1437,0,none,0,none,0,0,0,no_alert_unknown,no_alert_not_final_benign,-1,dns,port
2025-07-19T23:03:21.685375+0700,103.195.142.74,118.98.44.50,48585,53,UDP,flow,dns,1844996530362435,,1,1,0,95,0,0.0,1,95,0,none,0,none,0,0,0,no_alert_unknown,no_alert_not_final_benign,-1,dns,app_proto+port
2025-07-19T23:03:21.685396+0700,103.195.142.76,87.98.154.78,53,11911,UDP,flow,failed,420037465856068,,1,1,0,1469,0,0.0,1,1469,0,none,0,none,0,0,0,no_alert_unknown,no_alert_not_final_benign,-1,dns,port
2025-07-19T23:03:21.685414+0700,103.195.142.74,118.98.44.50,25205,53,UDP,flow,dns,1523620499609725,,1,1,0,78,0,0.0,1,78,0,none,0,none,0,0,0,no_alert_unknown,no_alert_not_final_benign,-1,dns,app_proto+port
2025-07-19T23:03:21.685435+0700,103.195.142.83,87.98.154.119,53,1483,UDP,flow,failed,2221391175538815,,1,1,0,1190,0,0.0,1,1190,0,none,0,none,0,0,0,no_alert_unknown,no_alert_not_final_benign,-1,dns,port
2025-07-19T23:03:21.685477+0700,103.195.142.2,180.241.233.86,53,33095,UDP,flow,failed,26798060067095,,1,1,0,154,0,0.0,1,154,0,none,0,none,0,0,0,no_alert_unknown,no_alert_not_final_benign,-1,dns,port
2025-07-19T23:03:21.685564+0700,103.195.142.74,118.98.44.50,55866,53,UDP,flow,dns,212944286177628,,1,2,0,204,0,7.0,2,204,0,none,0,none,0,0,0,no_alert_unknown,no_alert_not_final_benign,-1,dns,app_proto+port
2025-07-19T23:03:21.685584+0700,103.195.142.74,202.134.0.155,65377,53,UDP,flow,dns,1844666552670585,,1,1,0,68,0,0.0,1,68,0,none,0,none,0,0,0,no_alert_unknown,no_alert_not_final_benign,-1,dns,app_proto+port
2025-07-19T23:03:21.685603+0700,103.195.142.75,8.8.8.8,48552,53,UDP,flow,dns,1786543043041662,,1,1,0,232,0,0.0,1,232,0,none,0,none,0,0,0,no_alert_unknown,no_alert_not_final_benign,-1,dns,app_proto+port
2025-07-19T23:03:21.685728+0700,103.195.142.74,118.98.44.100,49899,53,UDP,flow,dns,1959593059605108,,1,1,0,214,0,0.0,1,214,0,none,0,none,0,0,0,no_alert_unknown,no_alert_not_final_benign,-1,dns,app_proto+port
2025-07-19T23:03:21.685764+0700,103.195.142.74,34.8.38.57,49735,53,UDP,flow,dns,105651978033831,,1,1,0,234,0,0.0,1,234,0,none,0,none,0,0,0,no_alert_unknown,no_alert_not_final_benign,-1,dns,app_proto+port
2025-07-19T23:03:21.685819+0700,103.195.142.75,8.8.8.8,4285,53,UDP,flow,dns,1726648411413200,,1,1,0,214,0,0.0,1,214,0,none,0,none,0,0,0,no_alert_unknown,no_alert_not_final_benign,-1,dns,app_proto+port
2025-07-19T23:03:21.685844+0700,103.195.142.74,118.98.44.100,2085,53,UDP,flow,dns,1570846981937932,,1,1,0,72,0,0.0,1,72,0,none,0,none,0,0,0,no_alert_unknown,no_alert_not_final_benign,-1,dns,app_proto+port
2025-07-19T23:03:21.685865+0700,103.195.142.74,118.98.44.50,15716,53,UDP,flow,dns,2098250707622693,,1,1,0,100,0,0.0,1,100,0,none,0,none,0,0,0,no_alert_unknown,no_alert_not_final_benign,-1,dns,app_proto+port
2025-07-19T23:03:21.685887+0700,103.195.142.109,87.98.154.17,53,28586,UDP,flow,failed,1314210214959933,,1,3,0,4311,0,10.0,3,4311,0,none,0,none,0,0,0,no_alert_unknown,no_alert_not_final_benign,-1,dns,port
2025-07-19T23:03:21.685907+0700,103.195.142.74,118.98.44.20,8164,53,UDP,flow,dns,2201898632338251,,1,1,0,88,0,0.0,1,88,0,none,0,none,0,0,0,no_alert_unknown,no_alert_not_final_benign,-1,dns,app_proto+port
2025-07-19T23:03:21.685947+0700,103.195.142.195,87.98.154.119,53,58178,UDP,flow,failed,1923707636865872,,1,1,0,1437,0,0.0,1,1437,0,none,0,none,0,0,0,no_alert_unknown,no_alert_not_final_benign,-1,dns,port
2025-07-19T23:03:21.685973+0700,103.195.142.75,8.8.8.8,64603,53,UDP,flow,dns,1737096377195357,,1,1,0,214,0,0.0,1,214,0,none,0,none,0,0,0,no_alert_unknown,no_alert_not_final_benign,-1,dns,app_proto+port
2025-07-19T23:03:21.686013+0700,103.195.142.109,87.98.154.119,53,16285,UDP,flow,failed,1713595704073153,,1,1,0,1437,0,0.0,1,1437,0,none,0,none,0,0,0,no_alert_unknown,no_alert_not_final_benign,-1,dns,port
2025-07-19T23:03:21.686107+0700,103.195.142.76,87.98.154.38,53,49115,UDP,flow,failed,497099371699291,,1,1,0,1469,0,0.0,1,1469,0,none,0,none,0,0,0,no_alert_unknown,no_alert_not_final_benign,-1,dns,port
2025-07-19T23:03:21.686131+0700,103.195.142.74,118.98.44.100,16522,53,UDP,flow,dns,293267251321990,,1,1,0,112,0,0.0,1,112,0,none,0,none,0,0,0,no_alert_unknown,no_alert_not_final_benign,-1,dns,app_proto+port
2025-07-19T23:03:21.686173+0700,103.195.142.2,172.70.116.71,53,43265,UDP,flow,failed,1886655032843408,,1,1,0,194,0,0.0,1,194,0,none,0,none,0,0,0,no_alert_unknown,no_alert_not_final_benign,-1,dns,port
2025-07-19T23:03:21.686198+0700,103.195.142.46,87.98.154.119,53,6117,UDP,flow,failed,1998039075118290,,1,1,0,1437,0,0.0,1,1437,0,none,0,none,0,0,0,no_alert_unknown,no_alert_not_final_benign,-1,dns,port
2025-07-19T23:03:21.686254+0700,103.195.142.75,8.8.8.8,37502,53,UDP,flow,dns,1811715034176765,,1,1,0,91,0,0.0,1,91,0,none,0,none,0,0,0,no_alert_unknown,no_alert_not_final_benign,-1,dns,app_proto+port
2025-07-19T23:03:21.686278+0700,103.195.142.46,87.98.154.163,53,59701,UDP,flow,failed,482121632242950,,1,1,0,1437,0,0.0,1,1437,0,none,0,none,0,0,0,no_alert_unknown,no_alert_not_final_benign,-1,dns,port
2025-07-19T23:03:21.686504+0700,103.195.142.196,87.98.154.119,53,1314,UDP,flow,failed,1436888507145874,,1,1,0,1437,0,0.0,1,1437,0,none,0,none,0,0,0,no_alert_unknown,no_alert_not_final_benign,-1,dns,port
2025-07-19T23:03:21.686523+0700,103.195.142.75,8.8.8.8,47426,53,UDP,flow,dns,438426617437953,,1,1,0,232,0,0.0,1,232,0,none,0,none,0,0,0,no_alert_unknown,no_alert_not_final_benign,-1,dns,app_proto+port
2025-07-19T23:03:21.686542+0700,103.195.142.83,87.98.154.117,53,55618,UDP,flow,failed,2134759149920030,,1,1,0,1190,0,0.0,1,1190,0,none,0,none,0,0,0,no_alert_unknown,no_alert_not_final_benign,-1,dns,port
2025-07-19T23:03:21.686602+0700,103.195.142.75,8.8.8.8,41798,53,UDP,flow,dns,1626017947311987,,1,1,0,214,0,0.0,1,214,0,none,0,none,0,0,0,no_alert_unknown,no_alert_not_final_benign,-1,dns,app_proto+port
2025-07-19T23:03:21.686648+0700,103.195.142.46,87.98.154.159,53,57714,UDP,flow,failed,1987473327972297,,1,1,0,1437,0,0.0,1,1437,0,none,0,none,0,0,0,no_alert_unknown,no_alert_not_final_benign,-1,dns,port
2025-07-19T23:03:21.686667+0700,103.195.142.74,202.134.0.155,10674,53,UDP,flow,dns,501850842521655,,1,1,0,196,0,0.0,1,196,0,none,0,none,0,0,0,no_alert_unknown,no_alert_not_final_benign,-1,dns,app_proto+port
2025-07-19T23:03:21.686687+0700,103.195.142.76,87.98.154.154,53,29501,UDP,flow,failed,1614656865951799,,1,1,0,1469,0,0.0,1,1469,0,none,0,none,0,0,0,no_alert_unknown,no_alert_not_final_benign,-1,dns,port
2025-07-19T23:03:21.686706+0700,103.195.142.74,202.134.0.155,40336,53,UDP,flow,dns,394277872066619,,1,1,0,88,0,0.0,1,88,0,none,0,none,0,0,0,no_alert_unknown,no_alert_not_final_benign,-1,dns,app_proto+port
2025-07-19T23:03:21.686817+0700,103.195.142.196,87.98.154.133,53,26701,UDP,flow,failed,2029915907285134,,1,1,0,1437,0,0.0,1,1437,0,none,0,none,0,0,0,no_alert_unknown,no_alert_not_final_benign,-1,dns,port
2025-07-19T23:03:21.686836+0700,103.195.142.76,87.98.154.162,53,24095,UDP,flow,failed,1982770701590671,,1,1,0,1469,0,0.0,1,1469,0,none,0,none,0,0,0,no_alert_unknown,no_alert_not_final_benign,-1,dns,port
2025-07-19T23:03:21.686854+0700,103.195.142.83,87.98.154.38,53,23598,UDP,flow,failed,1827958421708951,,1,1,0,1190,0,0.0,1,1190,0,none,0,none,0,0,0,no_alert_unknown,no_alert_not_final_benign,-1,dns,port
2025-07-19T23:03:21.686872+0700,103.195.142.74,118.98.44.20,2312,53,UDP,flow,dns,2184140647293297,,1,1,0,80,0,0.0,1,80,0,none,0,none,0,0,0,no_alert_unknown,no_alert_not_final_benign,-1,dns,app_proto+port
2025-07-19T23:03:21.686916+0700,103.195.142.83,87.98.154.238,53,60673,UDP,flow,failed,79930345251239,,1,1,0,1190,0,0.0,1,1190,0,none,0,none,0,0,0,no_alert_unknown,no_alert_not_final_benign,-1,dns,port
2025-07-19T23:03:21.686934+0700,103.195.142.2,13.105.166.77,53,15627,UDP,flow,failed,48182924206545,,1,1,0,154,0,0.0,1,154,0,none,0,none,0,0,0,no_alert_unknown,no_alert_not_final_benign,-1,dns,port
2025-07-19T23:03:21.686957+0700,103.195.142.3,13.105.166.77,53,29547,UDP,flow,failed,161616317702615,,1,1,0,127,0,0.0,1,127,0,none,0,none,0,0,0,no_alert_unknown,no_alert_not_final_benign,-1,dns,port
2025-07-19T23:03:21.686976+0700,103.195.142.46,87.98.154.159,53,34759,UDP,flow,failed,1595570921529832,,1,1,0,1437,0,0.0,1,1437,0,none,0,none,0,0,0,no_alert_unknown,no_alert_not_final_benign,-1,dns,port
2025-07-19T23:03:21.687015+0700,103.195.142.109,87.98.154.101,53,36675,UDP,flow,failed,2174173375554068,,1,1,0,1437,0,0.0,1,1437,0,none,0,none,0,0,0,no_alert_unknown,no_alert_not_final_benign,-1,dns,port
2025-07-19T23:03:21.687034+0700,103.195.142.165,87.98.154.119,53,17260,UDP,flow,failed,90196715299375,,1,1,0,1437,0,0.0,1,1437,0,none,0,none,0,0,0,no_alert_unknown,no_alert_not_final_benign,-1,dns,port
2025-07-19T23:03:21.687052+0700,103.195.142.3,51.38.107.76,53,48921,UDP,flow,failed,2162839026000559,,1,1,0,186,0,0.0,1,186,0,none,0,none,0,0,0,no_alert_unknown,no_alert_not_final_benign,-1,dns,port
2025-07-19T23:03:21.687089+0700,103.195.142.196,87.98.154.119,53,6325,UDP,flow,failed,218637171221264,,1,1,0,1437,0,0.0,1,1437,0,none,0,none,0,0,0,no_alert_unknown,no_alert_not_final_benign,-1,dns,port
2025-07-19T23:03:21.687146+0700,103.195.142.76,87.98.154.119,53,37650,UDP,flow,failed,1661950466450217,,1,1,0,1469,0,0.0,1,1469,0,none,0,none,0,0,0,no_alert_unknown,no_alert_not_final_benign,-1,dns,port
2025-07-19T23:03:21.687188+0700,103.195.142.3,51.38.107.65,53,3220,UDP,flow,failed,2025392251396971,,1,1,0,135,0,0.0,1,135,0,none,0,none,0,0,0,no_alert_unknown,no_alert_not_final_benign,-1,dns,port
2025-07-19T23:03:21.687209+0700,103.195.142.2,172.69.21.94,53,52521,UDP,flow,failed,1710879297561534,,1,1,0,154,0,0.0,1,154,0,none,0,none,0,0,0,no_alert_unknown,no_alert_not_final_benign,-1,dns,port
2025-07-19T23:03:21.687261+0700,103.195.142.75,8.8.8.8,61486,53,UDP,flow,dns,1430532100711365,,1,1,0,78,0,0.0,1,78,0,none,0,none,0,0,0,no_alert_unknown,no_alert_not_final_benign,-1,dns,app_proto+port
2025-07-19T23:03:21.687286+0700,103.195.142.165,87.98.154.119,53,4873,UDP,flow,failed,448051032679378,,1,1,0,1437,0,0.0,1,1437,0,none,0,none,0,0,0,no_alert_unknown,no_alert_not_final_benign,-1,dns,port
2025-07-19T23:03:21.687333+0700,103.195.142.195,87.98.154.32,53,53134,UDP,flow,failed,140593020527638,,1,1,0,1437,0,0.0,1,1437,0,none,0,none,0,0,0,no_alert_unknown,no_alert_not_final_benign,-1,dns,port
2025-07-19T23:03:21.687376+0700,103.195.142.74,118.98.44.100,42730,53,UDP,flow,dns,2146768798868554,,1,1,0,85,0,0.0,1,85,0,none,0,none,0,0,0,no_alert_unknown,no_alert_not_final_benign,-1,dns,app_proto+port
2025-07-19T23:03:21.687406+0700,103.195.142.196,87.98.154.119,53,49560,UDP,flow,failed,1938254221010013,,1,1,0,1437,0,0.0,1,1437,0,none,0,none,0,0,0,no_alert_unknown,no_alert_not_final_benign,-1,dns,port
2025-07-19T23:03:21.687505+0700,103.195.142.74,118.98.44.20,4184,53,UDP,flow,dns,2124223420294430,,1,1,0,243,0,0.0,1,243,0,none,0,none,0,0,0,no_alert_unknown,no_alert_not_final_benign,-1,dns,app_proto+port
2025-07-19T23:03:21.687526+0700,103.195.142.74,118.98.44.50,62758,53,UDP,flow,dns,91602403386683,,1,1,0,74,0,0.0,1,74,0,none,0,none,0,0,0,no_alert_unknown,no_alert_not_final_benign,-1,dns,app_proto+port
2025-07-19T23:03:21.687570+0700,103.195.142.165,87.98.154.145,53,10231,UDP,flow,failed,1440754537063744,,1,1,0,1437,0,0.0,1,1437,0,none,0,none,0,0,0,no_alert_unknown,no_alert_not_final_benign,-1,dns,port
2025-07-19T23:03:21.687653+0700,103.195.142.165,87.98.154.119,53,43507,UDP,flow,failed,2176241777304979,,1,1,0,1437,0,0.0,1,1437,0,none,0,none,0,0,0,no_alert_unknown,no_alert_not_final_benign,-1,dns,port
2025-07-19T23:03:21.687671+0700,103.195.142.74,202.134.0.155,16134,53,UDP,flow,dns,496686174692811,,1,1,0,243,0,0.0,1,243,0,none,0,none,0,0,0,no_alert_unknown,no_alert_not_final_benign,-1,dns,app_proto+port
2025-07-19T23:03:21.687697+0700,103.195.142.83,87.98.154.10,53,14229,UDP,flow,failed,2133660957533652,,1,1,0,1190,0,0.0,1,1190,0,none,0,none,0,0,0,no_alert_unknown,no_alert_not_final_benign,-1,dns,port
2025-07-19T23:03:21.687716+0700,103.195.142.46,87.98.154.119,53,62341,UDP,flow,failed,57235925427682,,1,1,0,1437,0,0.0,1,1437,0,none,0,none,0,0,0,no_alert_unknown,no_alert_not_final_benign,-1,dns,port
2025-07-19T23:03:21.687735+0700,103.195.142.74,118.98.44.50,32056,53,UDP,flow,dns,1499970477024859,,1,1,0,105,0,0.0,1,105,0,none,0,none,0,0,0,no_alert_unknown,no_alert_not_final_benign,-1,dns,app_proto+port
2025-07-19T23:03:21.687754+0700,103.195.142.165,87.98.154.119,53,56540,UDP,flow,failed,416928713598568,,1,1,0,1437,0,0.0,1,1437,0,none,0,none,0,0,0,no_alert_unknown,no_alert_not_final_benign,-1,dns,port
2025-07-19T23:03:21.687795+0700,103.195.142.109,87.98.154.17,53,35044,UDP,flow,failed,413685074880139,,1,1,0,1437,0,0.0,1,1437,0,none,0,none,0,0,0,no_alert_unknown,no_alert_not_final_benign,-1,dns,port
2025-07-19T23:03:21.687843+0700,103.195.142.74,202.134.0.155,6879,53,UDP,flow,dns,142893726099192,,1,1,0,77,0,0.0,1,77,0,none,0,none,0,0,0,no_alert_unknown,no_alert_not_final_benign,-1,dns,app_proto+port
2025-07-19T23:03:21.687907+0700,103.195.142.76,87.98.154.119,53,39999,UDP,flow,failed,509215241201510,,1,1,0,1469,0,0.0,1,1469,0,none,0,none,0,0,0,no_alert_unknown,no_alert_not_final_benign,-1,dns,port
2025-07-19T23:03:21.687926+0700,103.195.142.74,118.98.44.20,52558,53,UDP,flow,dns,2147259362830236,,1,1,0,214,0,0.0,1,214,0,none,0,none,0,0,0,no_alert_unknown,no_alert_not_final_benign,-1,dns,app_proto+port
2025-07-19T23:03:21.687992+0700,103.195.142.196,87.98.154.113,53,9931,UDP,flow,failed,1889959776741372,,1,1,0,1437,0,0.0,1,1437,0,none,0,none,0,0,0,no_alert_unknown,no_alert_not_final_benign,-1,dns,port
2025-07-19T23:03:21.688050+0700,103.195.142.196,87.98.154.25,53,3199,UDP,flow,failed,2228464510298209,,1,1,0,1437,0,0.0,1,1437,0,none,0,none,0,0,0,no_alert_unknown,no_alert_not_final_benign,-1,dns,port
2025-07-19T23:03:21.688117+0700,103.195.142.83,87.98.154.119,53,49874,UDP,flow,failed,259654561949905,,1,1,0,1190,0,0.0,1,1190,0,none,0,none,0,0,0,no_alert_unknown,no_alert_not_final_benign,-1,dns,port
2025-07-19T23:03:21.688161+0700,103.195.142.165,87.98.154.119,53,18843,UDP,flow,failed,140216169261310,,1,1,0,1437,0,0.0,1,1437,0,none,0,none,0,0,0,no_alert_unknown,no_alert_not_final_benign,-1,dns,port
2025-07-19T23:03:21.688293+0700,103.195.142.3,162.158.188.82,53,52981,UDP,flow,failed,1961661401459079,,1,1,0,135,0,0.0,1,135,0,none,0,none,0,0,0,no_alert_unknown,no_alert_not_final_benign,-1,dns,port
2025-07-19T23:03:21.688332+0700,103.195.142.46,87.98.154.119,53,53826,UDP,flow,failed,1456977398852029,,1,1,0,1437,0,0.0,1,1437,0,none,0,none,0,0,0,no_alert_unknown,no_alert_not_final_benign,-1,dns,port
2025-07-19T23:03:21.688357+0700,103.195.142.165,87.98.154.117,53,22533,UDP,flow,failed,1738428658543069,,1,1,0,1437,0,0.0,1,1437,0,none,0,none,0,0,0,no_alert_unknown,no_alert_not_final_benign,-1,dns,port
2025-07-19T23:03:21.688376+0700,103.195.142.74,202.134.0.155,18167,53,UDP,flow,dns,72873799182847,,1,1,0,88,0,0.0,1,88,0,none,0,none,0,0,0,no_alert_unknown,no_alert_not_final_benign,-1,dns,app_proto+port
2025-07-19T23:03:21.688396+0700,103.195.142.83,87.98.154.102,53,53925,UDP,flow,failed,1923462147729920,,1,1,0,1190,0,0.0,1,1190,0,none,0,none,0,0,0,no_alert_unknown,no_alert_not_final_benign,-1,dns,port
2025-07-19T23:03:21.688436+0700,103.195.142.74,118.98.44.50,11050,53,UDP,flow,dns,2200668163467819,,1,1,0,214,0,0.0,1,214,0,none,0,none,0,0,0,no_alert_unknown,no_alert_not_final_benign,-1,dns,app_proto+port
2025-07-19T23:03:21.688456+0700,103.195.142.74,202.134.0.155,65235,53,UDP,flow,dns,167368918886989,,1,1,0,214,0,0.0,1,214,0,none,0,none,0,0,0,no_alert_unknown,no_alert_not_final_benign,-1,dns,app_proto+port
2025-07-19T23:03:21.688475+0700,103.195.142.76,87.98.154.190,53,34421,UDP,flow,failed,2206424679311986,,1,1,0,1469,0,0.0,1,1469,0,none,0,none,0,0,0,no_alert_unknown,no_alert_not_final_benign,-1,dns,port
2025-07-19T23:03:21.688494+0700,103.195.142.74,118.98.44.50,59503,53,UDP,flow,dns,306463406353141,,1,1,0,223,0,0.0,1,223,0,none,0,none,0,0,0,no_alert_unknown,no_alert_not_final_benign,-1,dns,app_proto+port
2025-07-19T23:03:21.688541+0700,103.195.142.3,13.105.68.212,53,20526,UDP,flow,failed,266075290135316,,1,1,0,180,0,0.0,1,180,0,none,0,none,0,0,0,no_alert_unknown,no_alert_not_final_benign,-1,dns,port
2025-07-19T23:03:21.688560+0700,103.195.142.109,87.98.154.129,53,51101,UDP,flow,failed,1784879896587130,,1,1,0,1437,0,0.0,1,1437,0,none,0,none,0,0,0,no_alert_unknown,no_alert_not_final_benign,-1,dns,port
2025-07-19T23:03:21.688597+0700,103.195.142.46,87.98.154.118,53,30414,UDP,flow,failed,1623599058054423,,1,1,0,1437,0,0.0,1,1437,0,none,0,none,0,0,0,no_alert_unknown,no_alert_not_final_benign,-1,dns,port
2025-07-19T23:03:21.688615+0700,103.195.142.165,87.98.154.89,53,25027,UDP,flow,failed,2081029368638767,,1,1,0,1437,0,0.0,1,1437,0,none,0,none,0,0,0,no_alert_unknown,no_alert_not_final_benign,-1,dns,port
2025-07-19T23:03:21.688654+0700,103.195.142.74,118.98.44.50,34372,53,UDP,flow,dns,113023303740848,,1,1,0,68,0,0.0,1,68,0,none,0,none,0,0,0,no_alert_unknown,no_alert_not_final_benign,-1,dns,app_proto+port
2025-07-19T23:03:21.688679+0700,103.195.142.74,118.98.44.20,31687,53,UDP,flow,dns,541484721499624,,1,1,0,74,0,0.0,1,74,0,none,0,none,0,0,0,no_alert_unknown,no_alert_not_final_benign,-1,dns,app_proto+port
2025-07-19T23:03:21.688718+0700,103.195.142.75,118.98.44.20,51966,53,UDP,flow,dns,1988748862156393,,1,1,0,211,0,0.0,1,211,0,none,0,none,0,0,0,no_alert_unknown,no_alert_not_final_benign,-1,dns,app_proto+port
2025-07-19T23:03:21.688738+0700,103.195.142.109,87.98.154.217,53,56830,UDP,flow,failed,1840007308177015,,1,1,0,1437,0,0.0,1,1437,0,none,0,none,0,0,0,no_alert_unknown,no_alert_not_final_benign,-1,dns,port
2025-07-19T23:03:21.688756+0700,103.195.142.75,8.8.8.8,59381,53,UDP,flow,dns,91356058611338,,1,1,0,223,0,0.0,1,223,0,none,0,none,0,0,0,no_alert_unknown,no_alert_not_final_benign,-1,dns,app_proto+port
2025-07-19T23:03:21.688775+0700,103.195.142.165,87.98.154.118,53,3577,UDP,flow,failed,1504276827008689,,1,1,0,1437,0,0.0,1,1437,0,none,0,none,0,0,0,no_alert_unknown,no_alert_not_final_benign,-1,dns,port
2025-07-19T23:03:21.688794+0700,103.195.142.165,87.98.154.119,53,5440,UDP,flow,failed,1800539925376802,,1,1,0,1437,0,0.0,1,1437,0,none,0,none,0,0,0,no_alert_unknown,no_alert_not_final_benign,-1,dns,port
2025-07-19T23:03:21.688812+0700,103.195.142.75,118.98.44.50,30703,53,UDP,flow,dns,91393762652025,,1,1,0,223,0,0.0,1,223,0,none,0,none,0,0,0,no_alert_unknown,no_alert_not_final_benign,-1,dns,app_proto+port
2025-07-19T23:03:21.688858+0700,103.195.142.74,118.98.44.100,49195,53,UDP,flow,dns,266944862547914,,1,1,0,214,0,0.0,1,214,0,none,0,none,0,0,0,no_alert_unknown,no_alert_not_final_benign,-1,dns,app_proto+port
2025-07-19T23:03:21.688898+0700,103.195.142.195,87.98.154.119,53,21304,UDP,flow,failed,275363417092048,,1,1,0,1437,0,0.0,1,1437,0,none,0,none,0,0,0,no_alert_unknown,no_alert_not_final_benign,-1,dns,port
2025-07-19T23:03:21.688917+0700,103.195.142.165,87.98.154.119,53,53294,UDP,flow,failed,1801848804732911,,1,1,0,1437,0,0.0,1,1437,0,none,0,none,0,0,0,no_alert_unknown,no_alert_not_final_benign,-1,dns,port
2025-07-19T23:03:21.688937+0700,103.195.142.76,87.98.154.106,53,5213,UDP,flow,failed,1354303516569589,,1,3,0,4407,0,10.0,3,4407,0,none,0,none,0,0,0,no_alert_unknown,no_alert_not_final_benign,-1,dns,port
2025-07-19T23:03:21.688955+0700,103.195.142.74,118.98.44.100,38012,53,UDP,flow,dns,1871587056676895,,1,1,0,223,0,0.0,1,223,0,none,0,none,0,0,0,no_alert_unknown,no_alert_not_final_benign,-1,dns,app_proto+port
2025-07-19T23:03:21.689005+0700,103.195.142.46,87.98.154.119,53,7127,UDP,flow,failed,1940059894182015,,1,1,0,1437,0,0.0,1,1437,0,none,0,none,0,0,0,no_alert_unknown,no_alert_not_final_benign,-1,dns,port
2025-07-19T23:03:21.689066+0700,103.195.142.46,87.98.154.131,53,2016,UDP,flow,failed,1756178757382320,,1,1,0,1437,0,0.0,1,1437,0,none,0,none,0,0,0,no_alert_unknown,no_alert_not_final_benign,-1,dns,port
2025-07-19T23:03:21.689084+0700,103.195.142.109,87.98.154.119,53,31636,UDP,flow,failed,286636426588344,,1,1,0,1437,0,0.0,1,1437,0,none,0,none,0,0,0,no_alert_unknown,no_alert_not_final_benign,-1,dns,port
2025-07-19T23:03:21.689188+0700,103.195.142.74,118.98.44.50,40777,53,UDP,flow,dns,2242607962976509,,1,1,0,214,0,0.0,1,214,0,none,0,none,0,0,0,no_alert_unknown,no_alert_not_final_benign,-1,dns,app_proto+port
2025-07-19T23:03:21.689233+0700,103.195.142.195,87.98.154.119,53,32981,UDP,flow,failed,2247743122567479,,1,1,0,1437,0,0.0,1,1437,0,none,0,none,0,0,0,no_alert_unknown,no_alert_not_final_benign,-1,dns,port
2025-07-19T23:03:21.689252+0700,103.195.142.31,8.8.8.8,10169,53,UDP,flow,dns,1678235511026009,,1,1,0,88,0,0.0,1,88,0,none,0,none,0,0,0,no_alert_unknown,no_alert_not_final_benign,-1,dns,app_proto+port
2025-07-19T23:03:21.689295+0700,103.195.142.74,118.98.44.20,17092,53,UDP,flow,dns,2175090216530328,,1,1,0,75,0,0.0,1,75,0,none,0,none,0,0,0,no_alert_unknown,no_alert_not_final_benign,-1,dns,app_proto+port
2025-07-19T23:03:21.689314+0700,103.195.142.74,118.98.44.50,6721,53,UDP,flow,dns,407420734009814,,1,1,0,241,0,0.0,1,241,0,none,0,none,0,0,0,no_alert_unknown,no_alert_not_final_benign,-1,dns,app_proto+port
2025-07-19T23:03:21.689401+0700,103.195.142.165,87.98.154.173,53,6093,UDP,flow,failed,1612774332887719,,1,1,0,1437,0,0.0,1,1437,0,none,0,none,0,0,0,no_alert_unknown,no_alert_not_final_benign,-1,dns,port
2025-07-19T23:03:21.689534+0700,103.195.142.109,87.98.154.185,53,51276,UDP,flow,failed,1439533087781795,,1,1,0,1437,0,0.0,1,1437,0,none,0,none,0,0,0,no_alert_unknown,no_alert_not_final_benign,-1,dns,port
2025-07-19T23:03:21.689575+0700,103.195.142.74,69.16.230.48,3553,53,UDP,flow,dns,1978384753095642,,1,1,0,141,0,0.0,1,141,0,none,0,none,0,0,0,no_alert_unknown,no_alert_not_final_benign,-1,dns,app_proto+port
2025-07-19T23:03:21.689595+0700,103.195.142.76,87.98.154.162,53,46877,UDP,flow,failed,376326777861111,,1,1,0,1469,0,0.0,1,1469,0,none,0,none,0,0,0,no_alert_unknown,no_alert_not_final_benign,-1,dns,port
2025-07-19T23:03:21.689614+0700,103.195.142.3,13.105.80.79,53,35242,UDP,flow,failed,2085598069716004,,1,1,0,178,0,0.0,1,178,0,none,0,none,0,0,0,no_alert_unknown,no_alert_not_final_benign,-1,dns,port
2025-07-19T23:03:21.689632+0700,103.195.142.3,51.38.107.66,53,38356,UDP,flow,failed,2006315093849132,,1,1,0,154,0,0.0,1,154,0,none,0,none,0,0,0,no_alert_unknown,no_alert_not_final_benign,-1,dns,port
2025-07-19T23:03:21.689720+0700,103.195.142.83,87.98.154.134,53,8166,UDP,flow,failed,529145068647571,,1,1,0,1190,0,0.0,1,1190,0,none,0,none,0,0,0,no_alert_unknown,no_alert_not_final_benign,-1,dns,port
2025-07-19T23:03:21.689761+0700,103.195.142.165,87.98.154.119,53,41266,UDP,flow,failed,1871877869139143,,1,1,0,1437,0,0.0,1,1437,0,none,0,none,0,0,0,no_alert_unknown,no_alert_not_final_benign,-1,dns,port
2025-07-19T23:03:21.689779+0700,103.195.142.109,87.98.154.157,53,41189,UDP,flow,failed,1491698370933968,,1,1,0,1437,0,0.0,1,1437,0,none,0,none,0,0,0,no_alert_unknown,no_alert_not_final_benign,-1,dns,port
2025-07-19T23:03:21.689798+0700,103.195.142.196,87.98.154.185,53,41643,UDP,flow,failed,1901942276617468,,1,1,0,1437,0,0.0,1,1437,0,none,0,none,0,0,0,no_alert_unknown,no_alert_not_final_benign,-1,dns,port
2025-07-19T23:03:21.689816+0700,103.195.142.76,87.98.154.118,53,23670,UDP,flow,failed,141179353429251,,1,1,0,1469,0,0.0,1,1469,0,none,0,none,0,0,0,no_alert_unknown,no_alert_not_final_benign,-1,dns,port
2025-07-19T23:03:21.689845+0700,103.195.142.196,87.98.154.119,53,56756,UDP,flow,failed,99624871261448,,1,1,0,1437,0,0.0,1,1437,0,none,0,none,0,0,0,no_alert_unknown,no_alert_not_final_benign,-1,dns,port
2025-07-19T23:03:21.689864+0700,103.195.142.74,118.98.44.50,57595,53,UDP,flow,dns,2241888773403957,,1,1,0,82,0,0.0,1,82,0,none,0,none,0,0,0,no_alert_unknown,no_alert_not_final_benign,-1,dns,app_proto+port
2025-07-19T23:03:21.689883+0700,103.195.142.109,87.98.154.119,53,50612,UDP,flow,failed,294731613861194,,1,1,0,1437,0,0.0,1,1437,0,none,0,none,0,0,0,no_alert_unknown,no_alert_not_final_benign,-1,dns,port
2025-07-19T23:03:21.689902+0700,103.195.142.83,87.98.154.46,53,8136,UDP,flow,failed,508998880458063,,1,1,0,1190,0,0.0,1,1190,0,none,0,none,0,0,0,no_alert_unknown,no_alert_not_final_benign,-1,dns,port
2025-07-19T23:03:21.689942+0700,103.195.142.3,13.105.70.76,53,65368,UDP,flow,failed,500179285636437,,1,1,0,135,0,0.0,1,135,0,none,0,none,0,0,0,no_alert_unknown,no_alert_not_final_benign,-1,dns,port
2025-07-19T23:03:21.689966+0700,103.195.142.109,87.98.154.157,53,13380,UDP,flow,failed,1931726483813776,,1,1,0,1437,0,0.0,1,1437,0,none,0,none,0,0,0,no_alert_unknown,no_alert_not_final_benign,-1,dns,port
2025-07-19T23:03:21.690005+0700,103.195.142.109,87.98.154.61,53,10158,UDP,flow,failed,1739166567822753,,1,1,0,1437,0,0.0,1,1437,0,none,0,none,0,0,0,no_alert_unknown,no_alert_not_final_benign,-1,dns,port
2025-07-19T23:03:21.690044+0700,103.195.142.76,87.98.154.78,53,50449,UDP,flow,failed,1577364217198013,,1,1,0,1469,0,0.0,1,1469,0,none,0,none,0,0,0,no_alert_unknown,no_alert_not_final_benign,-1,dns,port
2025-07-19T23:03:21.690067+0700,103.195.142.31,8.8.8.8,9268,53,UDP,flow,dns,1844422867416511,,1,1,0,89,0,0.0,1,89,0,none,0,none,0,0,0,no_alert_unknown,no_alert_not_final_benign,-1,dns,app_proto+port
2025-07-19T23:03:21.690137+0700,103.195.142.83,87.98.154.119,53,17621,UDP,flow,failed,1927671941952965,,1,1,0,1190,0,0.0,1,1190,0,none,0,none,0,0,0,no_alert_unknown,no_alert_not_final_benign,-1,dns,port
2025-07-19T23:03:21.690159+0700,103.195.142.74,118.98.44.50,7446,53,UDP,flow,dns,255987214644816,,1,1,0,223,0,0.0,1,223,0,none,0,none,0,0,0,no_alert_unknown,no_alert_not_final_benign,-1,dns,app_proto+port
2025-07-19T23:03:21.690199+0700,103.195.142.75,8.8.8.8,60380,53,UDP,flow,dns,1550742165321400,,1,1,0,88,0,0.0,1,88,0,none,0,none,0,0,0,no_alert_unknown,no_alert_not_final_benign,-1,dns,app_proto+port
2025-07-19T23:03:21.690240+0700,103.195.142.196,87.98.154.225,53,47436,UDP,flow,failed,1986094177515243,,1,1,0,1437,0,0.0,1,1437,0,none,0,none,0,0,0,no_alert_unknown,no_alert_not_final_benign,-1,dns,port
2025-07-19T23:03:21.690266+0700,103.195.142.83,87.98.154.119,53,46707,UDP,flow,failed,225780464678740,,1,1,0,1190,0,0.0,1,1190,0,none,0,none,0,0,0,no_alert_unknown,no_alert_not_final_benign,-1,dns,port
2025-07-19T23:03:21.690285+0700,103.195.142.2,208.67.217.167,53,44944,UDP,flow,failed,809743310190428,,1,1,0,132,0,0.0,1,132,0,none,0,none,0,0,0,no_alert_unknown,no_alert_not_final_benign,-1,dns,port
2025-07-19T23:03:21.716163+0700,103.195.142.74,118.98.44.50,33992,53,UDP,flow,dns,748919607220200,,1,1,0,80,0,0.0,1,80,0,none,0,none,0,0,0,no_alert_unknown,no_alert_not_final_benign,-1,dns,app_proto+port
2025-07-19T23:03:21.758080+0700,103.195.142.74,118.98.44.100,27880,53,UDP,dns,,441182227285197,wire/pcap,0,0,0,0,0,0.0,0,0,0,none,0,none,0,0,0,no_alert_unknown,no_alert_not_final_benign,-1,dns,port
2025-07-19T23:03:21.763003+0700,103.195.142.74,118.98.44.100,3532,53,UDP,dns,,462323819506990,wire/pcap,0,0,0,0,0,0.0,0,0,0,none,0,none,0,0,0,no_alert_unknown,no_alert_not_final_benign,-1,dns,port
2025-07-19T23:03:21.763397+0700,103.195.142.74,118.98.44.100,44873,53,UDP,dns,,464019096434566,wire/pcap,0,0,0,0,0,0.0,0,0,0,none,0,none,0,0,0,no_alert_unknown,no_alert_not_final_benign,-1,dns,port
2025-07-19T23:03:21.777427+0700,103.195.142.74,118.98.44.100,61236,53,UDP,dns,,524274124376709,wire/pcap,0,0,0,0,0,0.0,0,0,0,none,0,none,0,0,0,no_alert_unknown,no_alert_not_final_benign,-1,dns,port
2025-07-19T23:03:21.803671+0700,103.195.142.74,202.134.0.155,27999,53,UDP,dns,,355517825215768,wire/pcap,0,0,0,0,0,0.0,0,0,0,none,0,none,0,0,0,no_alert_unknown,no_alert_not_final_benign,-1,dns,port
2025-07-19T23:03:21.820609+0700,103.195.142.75,8.8.8.8,26214,53,UDP,dns,,428264808832868,wire/pcap,0,0,0,0,0,0.0,0,0,0,none,0,none,0,0,0,no_alert_unknown,no_alert_not_final_benign,-1,dns,port
2025-07-19T23:03:21.820792+0700,103.195.142.74,118.98.44.20,11364,53,UDP,dns,,429053059497983,wire/pcap,0,0,0,0,0,0.0,0,0,0,none,0,none,0,0,0,no_alert_unknown,no_alert_not_final_benign,-1,dns,port
2025-07-19T23:03:21.821042+0700,103.195.142.74,118.98.44.100,55548,53,UDP,dns,,430126173219329,wire/pcap,0,0,0,0,0,0.0,0,0,0,none,0,none,0,0,0,no_alert_unknown,no_alert_not_final_benign,-1,dns,port
2025-07-19T23:03:21.821190+0700,103.195.142.74,118.98.44.50,61390,53,UDP,dns,,430760186807055,wire/pcap,0,0,0,0,0,0.0,0,0,0,none,0,none,0,0,0,no_alert_unknown,no_alert_not_final_benign,-1,dns,port
2025-07-19T23:03:21.821222+0700,103.195.142.74,118.98.44.100,50831,53,UDP,dns,,430901125602621,wire/pcap,0,0,0,0,0,0.0,0,0,0,none,0,none,0,0,0,no_alert_unknown,no_alert_not_final_benign,-1,dns,port
2025-07-19T23:03:21.857115+0700,103.195.142.74,118.98.44.100,46225,53,UDP,dns,,303582262770151,wire/pcap,0,0,0,0,0,0.0,0,0,0,none,0,none,0,0,0,no_alert_unknown,no_alert_not_final_benign,-1,dns,port
2025-07-19T23:03:21.865275+0700,103.195.142.74,118.98.44.50,52793,53,UDP,dns,,338628877888086,wire/pcap,0,0,0,0,0,0.0,0,0,0,none,0,none,0,0,0,no_alert_unknown,no_alert_not_final_benign,-1,dns,port
2025-07-19T23:03:21.878496+0700,103.195.142.74,118.98.44.50,62230,53,UDP,dns,,395414720710368,wire/pcap,0,0,0,0,0,0.0,0,0,0,none,0,none,0,0,0,no_alert_unknown,no_alert_not_final_benign,-1,dns,port
2025-07-19T23:03:21.906532+0700,103.195.142.74,118.98.44.20,15227,53,UDP,dns,,515827710623800,wire/pcap,0,0,0,0,0,0.0,0,0,0,none,0,none,0,0,0,no_alert_unknown,no_alert_not_final_benign,-1,dns,port
2025-07-19T23:03:21.906499+0700,103.195.142.74,118.98.44.100,29131,53,UDP,dns,,515684704491638,wire/pcap,0,0,0,0,0,0.0,0,0,0,none,0,none,0,0,0,no_alert_unknown,no_alert_not_final_benign,-1,dns,port
2025-07-19T23:03:21.928889+0700,103.195.142.108,8.8.8.8,1900,53,UDP,dns,,1216074754602613,wire/pcap,0,0,0,0,0,0.0,0,0,0,none,0,none,0,0,0,no_alert_unknown,no_alert_not_final_benign,-1,dns,port
2025-07-19T23:03:21.948848+0700,103.195.142.74,185.67.45.232,6708,53,UDP,dns,,416100528356963,wire/pcap,0,0,0,0,0,0.0,0,0,0,none,0,none,0,0,0,no_alert_unknown,no_alert_not_final_benign,-1,dns,port
2025-07-19T23:03:21.952981+0700,103.185.193.21,1.1.1.1,53435,53,UDP,dns,,433850850875427,wire/pcap,0,0,0,0,0,0.0,0,0,0,none,0,none,0,0,0,no_alert_unknown,no_alert_not_final_benign,-1,dns,port
2025-07-19T23:03:21.953504+0700,103.195.142.74,202.134.0.155,53873,53,UDP,dns,,436095162346666,wire/pcap,0,0,0,0,0,0.0,0,0,0,none,0,none,0,0,0,no_alert_unknown,no_alert_not_final_benign,-1,dns,port
2025-07-19T23:03:21.953608+0700,103.195.142.75,8.8.8.8,48412,53,UDP,dns,,436541836497442,wire/pcap,0,0,0,0,0,0.0,0,0,0,none,0,none,0,0,0,no_alert_unknown,no_alert_not_final_benign,-1,dns,port
2025-07-19T23:03:21.969412+0700,103.195.142.74,185.67.45.232,36257,53,UDP,dns,,504418647354671,wire/pcap,0,0,0,0,0,0.0,0,0,0,none,0,none,0,0,0,no_alert_unknown,no_alert_not_final_benign,-1,dns,port
2025-07-19T23:03:21.994770+0700,103.195.142.74,118.98.44.20,3748,53,UDP,dns,,331855843692472,wire/pcap,0,0,0,0,0,0.0,0,0,0,none,0,none,0,0,0,no_alert_unknown,no_alert_not_final_benign,-1,dns,port
2025-07-19T23:03:22.007675+0700,103.195.142.74,118.98.44.50,38036,53,UDP,dns,,595916767124137,wire/pcap,0,0,0,0,0,0.0,0,0,0,none,0,none,0,0,0,no_alert_unknown,no_alert_not_final_benign,-1,dns,port
2025-07-19T23:03:22.019378+0700,103.195.142.75,8.8.8.8,34943,53,UDP,dns,,646182092728391,wire/pcap,0,0,0,0,0,0.0,0,0,0,none,0,none,0,0,0,no_alert_unknown,no_alert_not_final_benign,-1,dns,port
2025-07-19T23:03:22.024616+0700,103.195.142.75,208.74.124.194,52505,53,UDP,dns,,668677015186293,wire/pcap,0,0,0,0,0,0.0,0,0,0,none,0,none,0,0,0,no_alert_unknown,no_alert_not_final_benign,-1,dns,port
2025-07-19T23:03:22.032030+0700,103.195.142.74,118.98.44.20,23224,53,UDP,dns,,700518830814891,wire/pcap,0,0,0,0,0,0.0,0,0,0,none,0,none,0,0,0,no_alert_unknown,no_alert_not_final_benign,-1,dns,port
2025-07-19T23:03:22.032290+0700,103.195.142.74,118.98.44.100,65534,53,UDP,dns,,701635321289466,wire/pcap,0,0,0,0,0,0.0,0,0,0,none,0,none,0,0,0,no_alert_unknown,no_alert_not_final_benign,-1,dns,port
2025-07-19T23:03:22.063463+0700,103.195.142.75,8.8.8.8,4729,53,UDP,dns,,835524880238691,wire/pcap,0,0,0,0,0,0.0,0,0,0,none,0,none,0,0,0,no_alert_unknown,no_alert_not_final_benign,-1,dns,port
2025-07-19T23:03:22.070362+0700,103.195.142.74,118.98.44.100,8221,53,UDP,dns,,583680417971462,wire/pcap,0,0,0,0,0,0.0,0,0,0,none,0,none,0,0,0,no_alert_unknown,no_alert_not_final_benign,-1,dns,port
2025-07-19T23:03:22.077147+0700,103.195.142.74,202.134.0.155,22540,53,UDP,dns,,612820781525857,wire/pcap,0,0,0,0,0,0.0,0,0,0,none,0,none,0,0,0,no_alert_unknown,no_alert_not_final_benign,-1,dns,port
2025-07-19T23:03:22.077308+0700,103.195.142.74,118.98.44.20,55356,53,UDP,dns,,613510551178836,wire/pcap,0,0,0,0,0,0.0,0,0,0,none,0,none,0,0,0,no_alert_unknown,no_alert_not_final_benign,-1,dns,port
2025-07-19T23:03:22.101184+0700,103.195.142.74,202.134.0.155,10211,53,UDP,dns,,716057094859555,wire/pcap,0,0,0,0,0,0.0,0,0,0,none,0,none,0,0,0,no_alert_unknown,no_alert_not_final_benign,-1,dns,port
2025-07-19T23:03:22.101334+0700,103.195.142.74,118.98.44.50,19101,53,UDP,dns,,716702175449819,wire/pcap,0,0,0,0,0,0.0,0,0,0,none,0,none,0,0,0,no_alert_unknown,no_alert_not_final_benign,-1,dns,port
2025-07-19T23:03:22.101334+0700,103.195.142.74,202.134.0.155,50601,53,UDP,dns,,716704983154082,wire/pcap,0,0,0,0,0,0.0,0,0,0,none,0,none,0,0,0,no_alert_unknown,no_alert_not_final_benign,-1,dns,port
2025-07-19T23:03:22.118476+0700,103.195.142.74,202.134.0.155,8653,53,UDP,dns,,790325782024518,wire/pcap,0,0,0,0,0,0.0,0,0,0,none,0,none,0,0,0,no_alert_unknown,no_alert_not_final_benign,-1,dns,port
2025-07-19T23:03:22.124268+0700,103.195.142.74,118.98.44.100,28196,53,UDP,dns,,815204474754581,wire/pcap,0,0,0,0,0,0.0,0,0,0,none,0,none,0,0,0,no_alert_unknown,no_alert_not_final_benign,-1,dns,port
2025-07-19T23:03:22.136035+0700,103.195.142.74,118.98.44.50,43352,53,UDP,dns,,584268736515521,wire/pcap,0,0,0,0,0,0.0,0,0,0,none,0,none,0,0,0,no_alert_unknown,no_alert_not_final_benign,-1,dns,port
2025-07-19T23:03:22.136951+0700,103.195.142.74,118.98.44.20,36140,53,UDP,dns,,588201710333054,wire/pcap,0,0,0,0,0,0.0,0,0,0,none,0,none,0,0,0,no_alert_unknown,no_alert_not_final_benign,-1,dns,port
2025-07-19T23:03:22.170128+0700,103.195.142.74,118.98.44.100,63128,53,UDP,dns,,730695260218296,wire/pcap,0,0,0,0,0,0.0,0,0,0,none,0,none,0,0,0,no_alert_unknown,no_alert_not_final_benign,-1,dns,port
2025-07-19T23:03:22.172626+0700,103.195.142.75,8.8.8.8,46970,53,UDP,dns,,741423598999385,wire/pcap,0,0,0,0,0,0.0,0,0,0,none,0,none,0,0,0,no_alert_unknown,no_alert_not_final_benign,-1,dns,port
2025-07-19T23:03:22.200124+0700,103.195.142.74,118.98.44.20,37857,53,UDP,dns,,578054450361171,wire/pcap,0,0,0,0,0,0.0,0,0,0,none,0,none,0,0,0,no_alert_unknown,no_alert_not_final_benign,-1,dns,port
2025-07-19T23:03:22.207486+0700,103.195.142.74,118.98.44.50,17037,53,UDP,flow,dns,612962636307705,,1,1,0,223,0,0.0,1,223,0,none,0,none,0,0,0,no_alert_unknown,no_alert_not_final_benign,-1,dns,app_proto+port
2025-07-19T23:03:22.216009+0700,103.195.142.74,34.8.38.57,11966,53,UDP,dns,,646277281792059,wire/pcap,0,0,0,0,0,0.0,0,0,0,none,0,none,0,0,0,no_alert_unknown,no_alert_not_final_benign,-1,dns,port
2025-07-19T23:03:22.220547+0700,103.195.142.74,118.98.44.20,61635,53,UDP,dns,,665769778452199,wire/pcap,0,0,0,0,0,0.0,0,0,0,none,0,none,0,0,0,no_alert_unknown,no_alert_not_final_benign,-1,dns,port
2025-07-19T23:03:22.242357+0700,103.195.142.74,34.8.196.142,25590,53,UDP,dns,,759443265368122,wire/pcap,0,0,0,0,0,0.0,0,0,0,none,0,none,0,0,0,no_alert_unknown,no_alert_not_final_benign,-1,dns,port
2025-07-19T23:03:22.268480+0700,103.195.142.74,118.98.44.50,23619,53,UDP,dns,,590166640500539,wire/pcap,0,0,0,0,0,0.0,0,0,0,none,0,none,0,0,0,no_alert_unknown,no_alert_not_final_benign,-1,dns,port
2025-07-19T23:03:22.291496+0700,103.195.142.75,50.28.32.155,57555,53,UDP,dns,,689016324352581,wire/pcap,0,0,0,0,0,0.0,0,0,0,none,0,none,0,0,0,no_alert_unknown,no_alert_not_final_benign,-1,dns,port
2025-07-19T23:03:22.301979+0700,103.195.142.74,118.98.44.20,41223,53,UDP,dns,,734042439811701,wire/pcap,0,0,0,0,0,0.0,0,0,0,none,0,none,0,0,0,no_alert_unknown,no_alert_not_final_benign,-1,dns,port
2025-07-19T23:03:22.305793+0700,103.195.142.74,118.98.44.20,7849,53,UDP,dns,,750421096451755,wire/pcap,0,0,0,0,0,0.0,0,0,0,none,0,none,0,0,0,no_alert_unknown,no_alert_not_final_benign,-1,dns,port
2025-07-19T23:03:22.329691+0700,103.195.142.74,118.98.44.20,41375,53,UDP,dns,,571587457896075,wire/pcap,0,0,0,0,0,0.0,0,0,0,none,0,none,0,0,0,no_alert_unknown,no_alert_not_final_benign,-1,dns,port
2025-07-19T23:03:22.329821+0700,103.195.142.74,118.98.44.100,64145,53,UDP,dns,,572148452618436,wire/pcap,0,0,0,0,0,0.0,0,0,0,none,0,none,0,0,0,no_alert_unknown,no_alert_not_final_benign,-1,dns,port
2025-07-19T23:03:22.331911+0700,103.195.142.74,202.134.0.155,10586,53,UDP,dns,,581125885221057,wire/pcap,0,0,0,0,0,0.0,0,0,0,none,0,none,0,0,0,no_alert_unknown,no_alert_not_final_benign,-1,dns,port
2025-07-19T23:03:22.341634+0700,103.195.142.74,202.134.0.155,7141,53,UDP,dns,,622884021129851,wire/pcap,0,0,0,0,0,0.0,0,0,0,none,0,none,0,0,0,no_alert_unknown,no_alert_not_final_benign,-1,dns,port
2025-07-19T23:03:22.355910+0700,103.195.142.46,87.98.154.119,53,34585,UDP,flow,failed,632951263606422,,1,1,0,1437,0,0.0,1,1437,0,none,0,none,0,0,0,no_alert_unknown,no_alert_not_final_benign,-1,dns,port
2025-07-19T23:03:22.376109+0700,103.195.142.75,8.8.8.8,59183,53,UDP,dns,,770952913447064,wire/pcap,0,0,0,0,0,0.0,0,0,0,none,0,none,0,0,0,no_alert_unknown,no_alert_not_final_benign,-1,dns,port
2025-07-19T23:03:22.389661+0700,103.195.142.75,8.8.8.8,52259,53,UDP,dns,,829157042855411,wire/pcap,0,0,0,0,0,0.0,0,0,0,none,0,none,0,0,0,no_alert_unknown,no_alert_not_final_benign,-1,dns,port
2025-07-19T23:03:22.400604+0700,103.195.142.74,118.98.44.50,37416,53,UDP,dns,,594684313617536,wire/pcap,0,0,0,0,0,0.0,0,0,0,none,0,none,0,0,0,no_alert_unknown,no_alert_not_final_benign,-1,dns,port
2025-07-19T23:03:22.437000+0700,103.195.142.74,118.98.44.50,5569,53,UDP,dns,,751002559277942,wire/pcap,0,0,0,0,0,0.0,0,0,0,none,0,none,0,0,0,no_alert_unknown,no_alert_not_final_benign,-1,dns,port
2025-07-19T23:03:22.497748+0700,103.195.142.75,8.8.8.8,31120,53,UDP,flow,dns,1033647110441518,,1,1,0,88,0,0.0,1,88,0,none,0,none,0,0,0,no_alert_unknown,no_alert_not_final_benign,-1,dns,app_proto+port
2025-07-19T23:03:22.498606+0700,103.195.142.74,118.98.44.50,54346,53,UDP,dns,,734121799346628,wire/pcap,0,0,0,0,0,0.0,0,0,0,none,0,none,0,0,0,no_alert_unknown,no_alert_not_final_benign,-1,dns,port
2025-07-19T23:03:22.560103+0700,103.195.142.74,118.98.44.20,20915,53,UDP,dns,,716774423381410,wire/pcap,0,0,0,0,0,0.0,0,0,0,none,0,none,0,0,0,no_alert_unknown,no_alert_not_final_benign,-1,dns,port
2025-07-19T23:03:22.582153+0700,103.195.142.75,50.28.32.155,54679,53,UDP,dns,,811479904300699,wire/pcap,0,0,0,0,0,0.0,0,0,0,none,0,none,0,0,0,no_alert_unknown,no_alert_not_final_benign,-1,dns,port
2025-07-19T23:03:22.590666+0700,103.195.142.74,118.98.44.100,56481,53,UDP,dns,,566567771476763,wire/pcap,0,0,0,0,0,0.0,0,0,0,none,0,none,0,0,0,no_alert_unknown,no_alert_not_final_benign,-1,dns,port
2025-07-19T23:03:22.590782+0700,103.195.142.74,202.134.0.155,28429,53,UDP,dns,,567066974492452,wire/pcap,0,0,0,0,0,0.0,0,0,0,none,0,none,0,0,0,no_alert_unknown,no_alert_not_final_benign,-1,dns,port
2025-07-19T23:03:22.596380+0700,103.195.142.74,118.98.44.50,7499,53,UDP,dns,,591111474178039,wire/pcap,0,0,0,0,0,0.0,0,0,0,none,0,none,0,0,0,no_alert_unknown,no_alert_not_final_benign,-1,dns,port
2025-07-19T23:03:22.596754+0700,103.195.142.74,118.98.44.100,58489,53,UDP,dns,,592715692930788,wire/pcap,0,0,0,0,0,0.0,0,0,0,none,0,none,0,0,0,no_alert_unknown,no_alert_not_final_benign,-1,dns,port
2025-07-19T23:03:22.609486+0700,103.195.142.74,118.98.44.100,25540,53,UDP,dns,,647400826806801,wire/pcap,0,0,0,0,0,0.0,0,0,0,none,0,none,0,0,0,no_alert_unknown,no_alert_not_final_benign,-1,dns,port
2025-07-19T23:03:22.609559+0700,103.195.142.74,118.98.44.20,53662,53,UDP,dns,,647714270996669,wire/pcap,0,0,0,0,0,0.0,0,0,0,none,0,none,0,0,0,no_alert_unknown,no_alert_not_final_benign,-1,dns,port
2025-07-19T23:03:22.613558+0700,103.195.142.74,118.98.44.100,10642,53,UDP,dns,,664889683647223,wire/pcap,0,0,0,0,0,0.0,0,0,0,none,0,none,0,0,0,no_alert_unknown,no_alert_not_final_benign,-1,dns,port
2025-07-19T23:03:22.625754+0700,103.195.142.74,8.8.8.8,9475,53,UDP,dns,,717268463826934,wire/pcap,0,0,0,0,0,0.0,0,0,0,none,0,none,0,0,0,no_alert_unknown,no_alert_not_final_benign,-1,dns,port
2025-07-19T23:03:22.673014+0700,103.195.142.74,118.98.44.100,42927,53,UDP,dns,,638776818843087,wire/pcap,0,0,0,0,0,0.0,0,0,0,none,0,none,0,0,0,no_alert_unknown,no_alert_not_final_benign,-1,dns,port
2025-07-19T23:03:22.676202+0700,103.195.142.195,87.98.154.116,53,32221,UDP,flow,failed,1529949859412038,,1,1,0,1437,0,0.0,1,1437,0,none,0,none,0,0,0,no_alert_unknown,no_alert_not_final_benign,-1,dns,port
2025-07-19T23:03:22.676250+0700,103.195.142.195,87.98.154.52,53,59780,UDP,flow,failed,1577567959316734,,1,1,0,1437,0,0.0,1,1437,0,none,0,none,0,0,0,no_alert_unknown,no_alert_not_final_benign,-1,dns,port
2025-07-19T23:03:22.676274+0700,103.195.142.165,87.98.154.119,53,42726,UDP,flow,failed,149339889465638,,1,1,0,1437,0,0.0,1,1437,0,none,0,none,0,0,0,no_alert_unknown,no_alert_not_final_benign,-1,dns,port
2025-07-19T23:03:22.676293+0700,103.195.142.109,87.98.154.73,53,57032,UDP,flow,failed,2224892861282621,,1,1,0,1437,0,0.0,1,1437,0,none,0,none,0,0,0,no_alert_unknown,no_alert_not_final_benign,-1,dns,port
2025-07-19T23:03:22.676328+0700,103.195.142.46,87.98.154.103,53,9695,UDP,flow,failed,28752633329986,,1,1,0,1437,0,0.0,1,1437,0,none,0,none,0,0,0,no_alert_unknown,no_alert_not_final_benign,-1,dns,port
2025-07-19T23:03:22.676347+0700,103.195.142.109,87.98.154.17,53,31283,UDP,flow,failed,14061938669961,,1,1,0,1437,0,0.0,1,1437,0,none,0,none,0,0,0,no_alert_unknown,no_alert_not_final_benign,-1,dns,port
2025-07-19T23:03:22.676389+0700,103.195.142.196,87.98.154.253,53,18696,UDP,flow,failed,1985108553497016,,1,1,0,1437,0,0.0,1,1437,0,none,0,none,0,0,0,no_alert_unknown,no_alert_not_final_benign,-1,dns,port
2025-07-19T23:03:22.676408+0700,103.195.142.75,8.8.8.8,61651,53,UDP,flow,dns,1999729283299834,,1,1,0,243,0,0.0,1,243,0,none,0,none,0,0,0,no_alert_unknown,no_alert_not_final_benign,-1,dns,app_proto+port
2025-07-19T23:03:22.676478+0700,103.195.142.83,87.98.154.74,53,15304,UDP,flow,failed,141663309920763,,1,1,0,1190,0,0.0,1,1190,0,none,0,none,0,0,0,no_alert_unknown,no_alert_not_final_benign,-1,dns,port
2025-07-19T23:03:22.676520+0700,103.195.142.109,87.98.154.119,53,34710,UDP,flow,failed,533788417718818,,1,1,0,1437,0,0.0,1,1437,0,none,0,none,0,0,0,no_alert_unknown,no_alert_not_final_benign,-1,dns,port
2025-07-19T23:03:22.676540+0700,103.195.142.165,87.98.154.233,53,51205,UDP,flow,failed,1524023406033458,,1,3,0,4311,0,10.0,3,4311,0,none,0,none,0,0,0,no_alert_unknown,no_alert_not_final_benign,-1,dns,port
2025-07-19T23:03:22.676588+0700,103.195.142.74,118.98.44.20,16833,53,UDP,flow,dns,1896143854893696,,1,1,0,74,0,0.0,1,74,0,none,0,none,0,0,0,no_alert_unknown,no_alert_not_final_benign,-1,dns,app_proto+port
2025-07-19T23:03:22.676609+0700,103.195.142.195,87.98.154.32,53,61622,UDP,flow,failed,1530456715164295,,1,1,0,1437,0,0.0,1,1437,0,none,0,none,0,0,0,no_alert_unknown,no_alert_not_final_benign,-1,dns,port
2025-07-19T23:03:22.676628+0700,103.195.142.75,8.8.8.8,59938,53,UDP,flow,dns,49887136840333,,1,1,0,223,0,0.0,1,223,0,none,0,none,0,0,0,no_alert_unknown,no_alert_not_final_benign,-1,dns,app_proto+port
2025-07-19T23:03:22.676648+0700,103.195.142.74,202.134.0.155,36374,53,UDP,flow,dns,172600422169231,,1,1,0,102,0,0.0,1,102,0,none,0,none,0,0,0,no_alert_unknown,no_alert_not_final_benign,-1,dns,app_proto+port
2025-07-19T23:03:22.676668+0700,103.195.142.109,87.98.154.119,53,45132,UDP,flow,failed,1588708752947895,,1,1,0,1437,0,0.0,1,1437,0,none,0,none,0,0,0,no_alert_unknown,no_alert_not_final_benign,-1,dns,port
2025-07-19T23:03:22.676731+0700,103.195.142.75,8.8.8.8,24132,53,UDP,flow,dns,2124896900479745,,1,1,0,232,0,0.0,1,232,0,none,0,none,0,0,0,no_alert_unknown,no_alert_not_final_benign,-1,dns,app_proto+port
2025-07-19T23:03:22.676751+0700,103.195.142.76,87.98.154.106,53,20641,UDP,flow,failed,360740160011010,,1,1,0,1469,0,0.0,1,1469,0,none,0,none,0,0,0,no_alert_unknown,no_alert_not_final_benign,-1,dns,port
2025-07-19T23:03:22.676816+0700,103.195.142.165,87.98.154.119,53,52520,UDP,flow,failed,1457279822592776,,1,1,0,1437,0,0.0,1,1437,0,none,0,none,0,0,0,no_alert_unknown,no_alert_not_final_benign,-1,dns,port
2025-07-19T23:03:22.676837+0700,103.195.142.74,118.98.44.20,32988,53,UDP,flow,dns,1995601714412304,,1,1,0,68,0,0.0,1,68,0,none,0,none,0,0,0,no_alert_unknown,no_alert_not_final_benign,-1,dns,app_proto+port
2025-07-19T23:03:22.676859+0700,103.195.142.74,118.98.44.20,40562,53,UDP,flow,dns,2035021093927723,,1,1,0,68,0,0.0,1,68,0,none,0,none,0,0,0,no_alert_unknown,no_alert_not_final_benign,-1,dns,app_proto+port
2025-07-19T23:03:22.676910+0700,103.195.142.76,87.98.154.222,53,63375,UDP,flow,failed,182620248079193,,1,3,0,4407,0,10.0,3,4407,0,none,0,none,0,0,0,no_alert_unknown,no_alert_not_final_benign,-1,dns,port
2025-07-19T23:03:22.676973+0700,103.195.142.75,8.8.8.8,29512,53,UDP,flow,dns,424201354935197,,1,1,0,214,0,0.0,1,214,0,none,0,none,0,0,0,no_alert_unknown,no_alert_not_final_benign,-1,dns,app_proto+port
2025-07-19T23:03:22.677018+0700,103.195.142.83,87.98.154.117,53,13365,UDP,flow,failed,280827383184304,,1,1,0,1190,0,0.0,1,1190,0,none,0,none,0,0,0,no_alert_unknown,no_alert_not_final_benign,-1,dns,port
2025-07-19T23:03:22.677039+0700,103.195.142.83,87.98.154.119,53,63478,UDP,flow,failed,1816119128488959,,1,1,0,1190,0,0.0,1,1190,0,none,0,none,0,0,0,no_alert_unknown,no_alert_not_final_benign,-1,dns,port
2025-07-19T23:03:22.677139+0700,103.195.142.74,118.98.44.20,8430,53,UDP,flow,dns,519058753125395,,1,1,0,80,0,0.0,1,80,0,none,0,none,0,0,0,no_alert_unknown,no_alert_not_final_benign,-1,dns,app_proto+port
2025-07-19T23:03:22.677171+0700,103.195.142.83,87.98.154.162,53,63875,UDP,flow,failed,45931157388343,,1,3,0,3570,0,10.0,3,3570,0,none,0,none,0,0,0,no_alert_unknown,no_alert_not_final_benign,-1,dns,port
2025-07-19T23:03:22.677191+0700,103.195.142.74,118.98.44.50,15408,53,UDP,flow,dns,646490255588427,,1,1,0,74,0,0.0,1,74,0,none,0,none,0,0,0,no_alert_unknown,no_alert_not_final_benign,-1,dns,app_proto+port
2025-07-19T23:03:22.677371+0700,103.195.142.75,8.8.8.8,63995,53,UDP,flow,dns,2107333107252441,,1,1,0,232,0,0.0,1,232,0,none,0,none,0,0,0,no_alert_unknown,no_alert_not_final_benign,-1,dns,app_proto+port
2025-07-19T23:03:22.677393+0700,103.195.142.2,212.65.140.147,53,51152,UDP,flow,failed,1770724799347980,,1,1,0,163,0,0.0,1,163,0,none,0,none,0,0,0,no_alert_unknown,no_alert_not_final_benign,-1,dns,port
2025-07-19T23:03:22.677431+0700,103.195.142.195,87.98.154.120,53,22067,UDP,flow,failed,407430464666944,,1,1,0,1437,0,0.0,1,1437,0,none,0,none,0,0,0,no_alert_unknown,no_alert_not_final_benign,-1,dns,port
2025-07-19T23:03:22.677472+0700,103.195.142.196,87.98.154.119,53,40941,UDP,flow,failed,581713754258895,,1,1,0,1437,0,0.0,1,1437,0,none,0,none,0,0,0,no_alert_unknown,no_alert_not_final_benign,-1,dns,port
2025-07-19T23:03:22.677515+0700,103.195.142.76,87.98.154.117,53,40172,UDP,flow,failed,1992131350035998,,1,1,0,1469,0,0.0,1,1469,0,none,0,none,0,0,0,no_alert_unknown,no_alert_not_final_benign,-1,dns,port
2025-07-19T23:03:22.677533+0700,103.195.142.74,202.134.0.155,55954,53,UDP,flow,dns,312022601956903,,1,1,0,85,0,0.0,1,85,0,none,0,none,0,0,0,no_alert_unknown,no_alert_not_final_benign,-1,dns,app_proto+port
2025-07-19T23:03:22.677554+0700,103.195.142.75,8.8.8.8,64496,53,UDP,flow,dns,748205268860464,,1,1,0,211,0,0.0,1,211,0,none,0,none,0,0,0,no_alert_unknown,no_alert_not_final_benign,-1,dns,app_proto+port
2025-07-19T23:03:22.677574+0700,103.195.142.2,198.41.238.98,53,51986,UDP,flow,failed,2014989070892593,,1,1,0,131,0,0.0,1,131,0,none,0,none,0,0,0,no_alert_unknown,no_alert_not_final_benign,-1,dns,port
2025-07-19T23:03:22.677646+0700,103.195.142.3,51.38.107.65,53,2591,UDP,flow,failed,1997090408824397,,1,1,0,186,0,0.0,1,186,0,none,0,none,0,0,0,no_alert_unknown,no_alert_not_final_benign,-1,dns,port
2025-07-19T23:03:22.677667+0700,103.195.142.196,87.98.154.119,53,54997,UDP,flow,failed,1796999003962966,,1,1,0,1437,0,0.0,1,1437,0,none,0,none,0,0,0,no_alert_unknown,no_alert_not_final_benign,-1,dns,port
2025-07-19T23:03:22.677686+0700,103.195.142.196,87.98.154.113,53,21019,UDP,flow,failed,625405381508727,,1,1,0,1437,0,0.0,1,1437,0,none,0,none,0,0,0,no_alert_unknown,no_alert_not_final_benign,-1,dns,port
2025-07-19T23:03:22.677704+0700,103.195.142.195,87.98.154.232,53,33649,UDP,flow,failed,1435104238698129,,1,3,0,4311,0,10.0,3,4311,0,none,0,none,0,0,0,no_alert_unknown,no_alert_not_final_benign,-1,dns,port
2025-07-19T23:03:22.677746+0700,103.195.142.109,87.98.154.117,53,45951,UDP,flow,failed,1891961804947140,,1,1,0,1437,0,0.0,1,1437,0,none,0,none,0,0,0,no_alert_unknown,no_alert_not_final_benign,-1,dns,port
2025-07-19T23:03:22.677802+0700,103.195.142.46,87.98.154.247,53,27204,UDP,flow,failed,1950311455129389,,1,1,0,1437,0,0.0,1,1437,0,none,0,none,0,0,0,no_alert_unknown,no_alert_not_final_benign,-1,dns,port
2025-07-19T23:03:22.677843+0700,103.195.142.196,87.98.154.197,53,18327,UDP,flow,failed,323109117296482,,1,1,0,1437,0,0.0,1,1437,0,none,0,none,0,0,0,no_alert_unknown,no_alert_not_final_benign,-1,dns,port
2025-07-19T23:03:22.677884+0700,103.195.142.109,87.98.154.119,53,52123,UDP,flow,failed,153909639053339,,1,1,0,1437,0,0.0,1,1437,0,none,0,none,0,0,0,no_alert_unknown,no_alert_not_final_benign,-1,dns,port
2025-07-19T23:03:22.678026+0700,103.195.142.75,8.8.8.8,3405,53,UDP,flow,dns,439720327119044,,1,1,0,91,0,0.0,1,91,0,none,0,none,0,0,0,no_alert_unknown,no_alert_not_final_benign,-1,dns,app_proto+port
2025-07-19T23:03:22.678047+0700,103.195.142.75,8.8.8.8,24895,53,UDP,flow,dns,614714913718518,,1,1,0,88,0,0.0,1,88,0,none,0,none,0,0,0,no_alert_unknown,no_alert_not_final_benign,-1,dns,app_proto+port
2025-07-19T23:03:22.678067+0700,103.195.142.46,87.98.154.19,53,5506,UDP,flow,failed,1857495166353669,,1,1,0,1437,0,0.0,1,1437,0,none,0,none,0,0,0,no_alert_unknown,no_alert_not_final_benign,-1,dns,port
2025-07-19T23:03:22.678085+0700,103.195.142.74,118.98.44.50,12870,53,UDP,flow,dns,2020622368244028,,1,1,0,232,0,0.0,1,232,0,none,0,none,0,0,0,no_alert_unknown,no_alert_not_final_benign,-1,dns,app_proto+port
2025-07-19T23:03:22.678163+0700,103.195.142.3,51.38.107.76,53,31193,UDP,flow,failed,4105020113298,,1,1,0,186,0,0.0,1,186,0,none,0,none,0,0,0,no_alert_unknown,no_alert_not_final_benign,-1,dns,port
2025-07-19T23:03:22.678211+0700,103.195.142.74,118.98.44.50,6320,53,UDP,flow,dns,2056732340584958,,1,1,0,81,0,0.0,1,81,0,none,0,none,0,0,0,no_alert_unknown,no_alert_not_final_benign,-1,dns,app_proto+port
2025-07-19T23:03:22.678247+0700,103.195.142.83,87.98.154.246,53,49761,UDP,flow,failed,323633815028243,,1,1,0,1190,0,0.0,1,1190,0,none,0,none,0,0,0,no_alert_unknown,no_alert_not_final_benign,-1,dns,port
2025-07-19T23:03:22.678271+0700,103.195.142.108,8.8.8.8,31220,53,UDP,flow,dns,2068924709274136,,1,1,0,68,0,0.0,1,68,0,none,0,none,0,0,0,no_alert_unknown,no_alert_not_final_benign,-1,dns,app_proto+port
2025-07-19T23:03:22.678305+0700,103.195.142.74,202.134.0.155,44859,53,UDP,flow,dns,634941750182483,,1,1,0,68,0,0.0,1,68,0,none,0,none,0,0,0,no_alert_unknown,no_alert_not_final_benign,-1,dns,app_proto+port
2025-07-19T23:03:22.678326+0700,103.195.142.74,202.134.0.155,10623,53,UDP,flow,dns,2090915299787361,,1,1,0,78,0,0.0,1,78,0,none,0,none,0,0,0,no_alert_unknown,no_alert_not_final_benign,-1,dns,app_proto+port
2025-07-19T23:03:22.678347+0700,103.195.142.109,87.98.154.161,53,44756,UDP,flow,failed,61177139298928,,1,1,0,1437,0,0.0,1,1437,0,none,0,none,0,0,0,no_alert_unknown,no_alert_not_final_benign,-1,dns,port
2025-07-19T23:03:22.678394+0700,103.195.142.2,74.63.24.239,53,35351,UDP,flow,failed,282624739115702,,1,1,0,178,0,0.0,1,178,0,none,0,none,0,0,0,no_alert_unknown,no_alert_not_final_benign,-1,dns,port
2025-07-19T23:03:22.678413+0700,103.195.142.2,18.140.177.102,53,36855,UDP,flow,failed,275774399447769,,1,1,0,178,0,0.0,1,178,0,none,0,none,0,0,0,no_alert_unknown,no_alert_not_final_benign,-1,dns,port
2025-07-19T23:03:22.678432+0700,103.195.142.74,118.98.44.100,13834,53,UDP,flow,dns,687515018330852,,1,1,0,74,0,0.0,1,74,0,none,0,none,0,0,0,no_alert_unknown,no_alert_not_final_benign,-1,dns,app_proto+port
2025-07-19T23:03:22.678475+0700,103.195.142.46,87.98.154.119,53,26325,UDP,flow,failed,325006215349028,,1,1,0,1437,0,0.0,1,1437,0,none,0,none,0,0,0,no_alert_unknown,no_alert_not_final_benign,-1,dns,port
2025-07-19T23:03:22.678521+0700,103.195.142.74,118.98.44.100,30252,53,UDP,flow,dns,2148013745177403,,1,1,0,74,0,0.0,1,74,0,none,0,none,0,0,0,no_alert_unknown,no_alert_not_final_benign,-1,dns,app_proto+port
2025-07-19T23:03:22.678541+0700,103.195.142.76,87.98.154.162,53,33288,UDP,flow,failed,1705518231454548,,1,1,0,1469,0,0.0,1,1469,0,none,0,none,0,0,0,no_alert_unknown,no_alert_not_final_benign,-1,dns,port
2025-07-19T23:03:22.678597+0700,103.195.142.165,87.98.154.5,53,11712,UDP,flow,failed,1250878536614813,,1,3,0,4311,0,10.0,3,4311,0,none,0,none,0,0,0,no_alert_unknown,no_alert_not_final_benign,-1,dns,port
2025-07-19T23:03:22.678654+0700,103.195.142.74,118.98.44.20,27047,53,UDP,flow,dns,2205498977813484,,1,1,0,89,0,0.0,1,89,0,none,0,none,0,0,0,no_alert_unknown,no_alert_not_final_benign,-1,dns,app_proto+port
2025-07-19T23:03:22.678760+0700,103.195.142.2,172.217.44.219,53,57804,UDP,flow,failed,1845451747230781,,1,1,0,165,0,0.0,1,165,0,none,0,none,0,0,0,no_alert_unknown,no_alert_not_final_benign,-1,dns,port
2025-07-19T23:03:22.678860+0700,103.195.142.196,87.98.154.169,53,31100,UDP,flow,failed,78734994572441,,1,1,0,1437,0,0.0,1,1437,0,none,0,none,0,0,0,no_alert_unknown,no_alert_not_final_benign,-1,dns,port
2025-07-19T23:03:22.678879+0700,103.195.142.3,198.235.210.142,53,39406,UDP,flow,failed,1829777426285743,,1,1,0,173,0,0.0,1,173,0,none,0,none,0,0,0,no_alert_unknown,no_alert_not_final_benign,-1,dns,port
2025-07-19T23:03:22.678920+0700,103.195.142.2,172.253.236.220,53,50825,UDP,flow,failed,1960283257963778,,1,1,0,237,0,0.0,1,237,0,none,0,none,0,0,0,no_alert_unknown,no_alert_not_final_benign,-1,dns,port
2025-07-19T23:03:22.678939+0700,103.195.142.196,87.98.154.119,53,19286,UDP,flow,failed,784792596317508,,1,1,0,1437,0,0.0,1,1437,0,none,0,none,0,0,0,no_alert_unknown,no_alert_not_final_benign,-1,dns,port
2025-07-19T23:03:22.678981+0700,103.195.142.165,87.98.154.119,53,2520,UDP,flow,failed,1824051262785007,,1,1,0,1437,0,0.0,1,1437,0,none,0,none,0,0,0,no_alert_unknown,no_alert_not_final_benign,-1,dns,port
2025-07-19T23:03:22.679001+0700,103.195.142.195,87.98.154.119,53,40778,UDP,flow,failed,1783004367554073,,1,1,0,1437,0,0.0,1,1437,0,none,0,none,0,0,0,no_alert_unknown,no_alert_not_final_benign,-1,dns,port
2025-07-19T23:03:22.679019+0700,103.195.142.76,87.98.154.119,53,54947,UDP,flow,failed,674363344881232,,1,1,0,1469,0,0.0,1,1469,0,none,0,none,0,0,0,no_alert_unknown,no_alert_not_final_benign,-1,dns,port
2025-07-19T23:03:22.679061+0700,103.195.142.83,87.98.154.119,53,60698,UDP,flow,failed,2199401056175707,,1,1,0,1190,0,0.0,1,1190,0,none,0,none,0,0,0,no_alert_unknown,no_alert_not_final_benign,-1,dns,port
2025-07-19T23:03:22.679079+0700,103.195.142.83,87.98.154.102,53,1792,UDP,flow,failed,2157772625217135,,1,1,0,1190,0,0.0,1,1190,0,none,0,none,0,0,0,no_alert_unknown,no_alert_not_final_benign,-1,dns,port
2025-07-19T23:03:22.679136+0700,103.195.142.165,87.98.154.177,53,18759,UDP,flow,failed,2087388907767434,,1,1,0,1437,0,0.0,1,1437,0,none,0,none,0,0,0,no_alert_unknown,no_alert_not_final_benign,-1,dns,port
2025-07-19T23:03:22.679241+0700,103.195.142.74,202.134.0.155,58854,53,UDP,flow,dns,368613495277261,,1,1,0,214,0,0.0,1,214,0,none,0,none,0,0,0,no_alert_unknown,no_alert_not_final_benign,-1,dns,app_proto+port
2025-07-19T23:03:22.679261+0700,103.195.142.76,87.98.154.119,53,32756,UDP,flow,failed,1887881603385134,,1,1,0,1469,0,0.0,1,1469,0,none,0,none,0,0,0,no_alert_unknown,no_alert_not_final_benign,-1,dns,port
2025-07-19T23:03:22.679320+0700,103.195.142.165,87.98.154.119,53,48209,UDP,flow,failed,1921076601423693,,1,1,0,1437,0,0.0,1,1437,0,none,0,none,0,0,0,no_alert_unknown,no_alert_not_final_benign,-1,dns,port
2025-07-19T23:03:22.679458+0700,103.195.142.75,8.8.8.8,15149,53,UDP,flow,dns,752347186726995,,1,1,0,214,0,0.0,1,214,0,none,0,none,0,0,0,no_alert_unknown,no_alert_not_final_benign,-1,dns,app_proto+port
2025-07-19T23:03:22.679481+0700,103.195.142.76,87.98.154.119,53,14040,UDP,flow,failed,639904358991983,,1,1,0,1469,0,0.0,1,1469,0,none,0,none,0,0,0,no_alert_unknown,no_alert_not_final_benign,-1,dns,port
2025-07-19T23:03:22.679502+0700,103.195.142.75,8.8.8.8,15886,53,UDP,flow,dns,1778270296803445,,1,1,0,130,0,0.0,1,130,0,none,0,none,0,0,0,no_alert_unknown,no_alert_not_final_benign,-1,dns,app_proto+port
2025-07-19T23:03:22.679565+0700,103.195.142.195,87.98.154.119,53,7883,UDP,flow,failed,284163615557822,,1,1,0,1437,0,0.0,1,1437,0,none,0,none,0,0,0,no_alert_unknown,no_alert_not_final_benign,-1,dns,port
2025-07-19T23:03:22.679583+0700,103.195.142.76,87.98.154.190,53,45882,UDP,flow,failed,1722565966760172,,1,1,0,1469,0,0.0,1,1469,0,none,0,none,0,0,0,no_alert_unknown,no_alert_not_final_benign,-1,dns,port
2025-07-19T23:03:22.679623+0700,103.195.142.74,118.98.44.100,29227,53,UDP,flow,dns,302977798179064,,1,1,0,223,0,0.0,1,223,0,none,0,none,0,0,0,no_alert_unknown,no_alert_not_final_benign,-1,dns,app_proto+port
2025-07-19T23:03:22.679649+0700,103.195.142.195,87.98.154.119,53,18354,UDP,flow,failed,45044504660251,,1,1,0,1437,0,0.0,1,1437,0,none,0,none,0,0,0,no_alert_unknown,no_alert_not_final_benign,-1,dns,port
2025-07-19T23:03:22.679668+0700,103.195.142.75,8.8.8.8,18109,53,UDP,flow,dns,2105583334263070,,1,1,0,214,0,0.0,1,214,0,none,0,none,0,0,0,no_alert_unknown,no_alert_not_final_benign,-1,dns,app_proto+port
2025-07-19T23:03:22.679689+0700,103.195.142.2,13.105.166.76,53,59366,UDP,flow,failed,265038942308695,,1,1,0,153,0,0.0,1,153,0,none,0,none,0,0,0,no_alert_unknown,no_alert_not_final_benign,-1,dns,port
2025-07-19T23:03:22.679728+0700,103.195.142.46,87.98.154.118,53,64073,UDP,flow,failed,400851024611736,,1,1,0,1437,0,0.0,1,1437,0,none,0,none,0,0,0,no_alert_unknown,no_alert_not_final_benign,-1,dns,port
2025-07-19T23:03:22.679788+0700,103.195.142.74,118.98.44.100,29210,53,UDP,flow,dns,1947209905211862,,1,1,0,75,0,0.0,1,75,0,none,0,none,0,0,0,no_alert_unknown,no_alert_not_final_benign,-1,dns,app_proto+port
2025-07-19T23:03:22.679828+0700,103.195.142.46,87.98.154.75,53,54410,UDP,flow,failed,325928974420469,,1,1,0,1437,0,0.0,1,1437,0,none,0,none,0,0,0,no_alert_unknown,no_alert_not_final_benign,-1,dns,port
2025-07-19T23:03:22.679869+0700,103.195.142.195,87.98.154.4,53,20502,UDP,flow,failed,516693253360170,,1,1,0,1437,0,0.0,1,1437,0,none,0,none,0,0,0,no_alert_unknown,no_alert_not_final_benign,-1,dns,port
2025-07-19T23:03:22.679888+0700,103.195.142.83,87.98.154.158,53,6314,UDP,flow,failed,2085500217330223,,1,1,0,1190,0,0.0,1,1190,0,none,0,none,0,0,0,no_alert_unknown,no_alert_not_final_benign,-1,dns,port
2025-07-19T23:03:22.679907+0700,103.195.142.74,50.28.104.44,61359,53,UDP,flow,dns,586460118977095,,1,1,0,130,0,0.0,1,130,0,none,0,none,0,0,0,no_alert_unknown,no_alert_not_final_benign,-1,dns,app_proto+port
2025-07-19T23:03:22.679933+0700,103.195.142.74,118.98.44.50,50527,53,UDP,flow,dns,438256933669490,,1,1,0,85,0,0.0,1,85,0,none,0,none,0,0,0,no_alert_unknown,no_alert_not_final_benign,-1,dns,app_proto+port
2025-07-19T23:03:22.679972+0700,103.195.142.76,87.98.154.119,53,23307,UDP,flow,failed,697610493823618,,1,1,0,1469,0,0.0,1,1469,0,none,0,none,0,0,0,no_alert_unknown,no_alert_not_final_benign,-1,dns,port
2025-07-19T23:03:22.680013+0700,103.195.142.83,87.98.154.74,53,2491,UDP,flow,failed,2130097880894178,,1,1,0,1190,0,0.0,1,1190,0,none,0,none,0,0,0,no_alert_unknown,no_alert_not_final_benign,-1,dns,port
2025-07-19T23:03:22.680083+0700,103.195.142.196,87.98.154.119,53,2658,UDP,flow,failed,261016593763157,,1,1,0,1437,0,0.0,1,1437,0,none,0,none,0,0,0,no_alert_unknown,no_alert_not_final_benign,-1,dns,port
2025-07-19T23:03:22.680262+0700,103.195.142.74,118.98.44.20,40761,53,UDP,flow,dns,1823209603337203,,1,1,0,84,0,0.0,1,84,0,none,0,none,0,0,0,no_alert_unknown,no_alert_not_final_benign,-1,dns,app_proto+port
2025-07-19T23:03:22.680282+0700,103.195.142.76,87.98.154.119,53,13006,UDP,flow,failed,473402056576009,,1,1,0,1469,0,0.0,1,1469,0,none,0,none,0,0,0,no_alert_unknown,no_alert_not_final_benign,-1,dns,port
2025-07-19T23:03:22.680324+0700,103.195.142.165,87.98.154.149,53,40398,UDP,flow,failed,258342829427753,,1,1,0,1437,0,0.0,1,1437,0,none,0,none,0,0,0,no_alert_unknown,no_alert_not_final_benign,-1,dns,port
2025-07-19T23:03:22.680342+0700,103.195.142.2,13.105.70.76,53,29854,UDP,flow,failed,375369401699458,,1,1,0,298,0,0.0,1,298,0,none,0,none,0,0,0,no_alert_unknown,no_alert_not_final_benign,-1,dns,port
2025-07-19T23:03:22.680410+0700,103.195.142.196,87.98.154.119,53,38093,UDP,flow,failed,2039547169934508,,1,1,0,1437,0,0.0,1,1437,0,none,0,none,0,0,0,no_alert_unknown,no_alert_not_final_benign,-1,dns,port
2025-07-19T23:03:22.680473+0700,103.195.142.74,118.98.44.100,56897,53,UDP,flow,dns,1832557201591558,,1,1,0,223,0,0.0,1,223,0,none,0,none,0,0,0,no_alert_unknown,no_alert_not_final_benign,-1,dns,app_proto+port
2025-07-19T23:03:22.680495+0700,103.195.142.195,87.98.154.116,53,32667,UDP,flow,failed,1840767576902927,,1,1,0,1437,0,0.0,1,1437,0,none,0,none,0,0,0,no_alert_unknown,no_alert_not_final_benign,-1,dns,port
2025-07-19T23:03:22.680582+0700,103.195.142.74,118.98.44.50,16735,53,UDP,flow,dns,2221768559693127,,1,1,0,211,0,0.0,1,211,0,none,0,none,0,0,0,no_alert_unknown,no_alert_not_final_benign,-1,dns,app_proto+port
2025-07-19T23:03:22.680604+0700,103.195.142.3,51.38.107.76,53,16584,UDP,flow,failed,29716078595490,,1,1,0,143,0,0.0,1,143,0,none,0,none,0,0,0,no_alert_unknown,no_alert_not_final_benign,-1,dns,port
2025-07-19T23:03:22.680625+0700,103.195.142.74,118.98.44.100,28459,53,UDP,flow,dns,659721533590998,,1,1,0,214,0,0.0,1,214,0,none,0,none,0,0,0,no_alert_unknown,no_alert_not_final_benign,-1,dns,app_proto+port
2025-07-19T23:03:22.680707+0700,103.195.142.74,118.98.44.50,17201,53,UDP,flow,dns,224771483504195,,1,1,0,76,0,0.0,1,76,0,none,0,none,0,0,0,no_alert_unknown,no_alert_not_final_benign,-1,dns,app_proto+port
2025-07-19T23:03:22.680770+0700,103.195.142.2,172.253.2.29,53,44779,UDP,flow,failed,514485139279490,,1,1,0,214,0,0.0,1,214,0,none,0,none,0,0,0,no_alert_unknown,no_alert_not_final_benign,-1,dns,port
2025-07-19T23:03:22.680791+0700,103.195.142.74,118.98.44.50,30144,53,UDP,flow,dns,244796125744936,,1,1,0,74,0,0.0,1,74,0,none,0,none,0,0,0,no_alert_unknown,no_alert_not_final_benign,-1,dns,app_proto+port
2025-07-19T23:03:22.680812+0700,103.195.142.46,87.98.154.47,53,61914,UDP,flow,failed,341190211080069,,1,1,0,1437,0,0.0,1,1437,0,none,0,none,0,0,0,no_alert_unknown,no_alert_not_final_benign,-1,dns,port
2025-07-19T23:03:22.680870+0700,103.195.142.83,87.98.154.119,53,50753,UDP,flow,failed,350344896778232,,1,1,0,1190,0,0.0,1,1190,0,none,0,none,0,0,0,no_alert_unknown,no_alert_not_final_benign,-1,dns,port
2025-07-19T23:03:22.680903+0700,103.195.142.75,8.8.8.8,62171,53,UDP,flow,dns,696968376553489,,1,1,0,124,0,0.0,1,124,0,none,0,none,0,0,0,no_alert_unknown,no_alert_not_final_benign,-1,dns,app_proto+port
2025-07-19T23:03:22.680949+0700,103.195.142.195,87.98.154.196,53,48498,UDP,flow,failed,148239195115732,,1,1,0,1437,0,0.0,1,1437,0,none,0,none,0,0,0,no_alert_unknown,no_alert_not_final_benign,-1,dns,port
2025-07-19T23:03:22.680998+0700,103.195.142.74,118.98.44.20,22095,53,UDP,flow,dns,1769418502050016,,1,1,0,79,0,0.0,1,79,0,none,0,none,0,0,0,no_alert_unknown,no_alert_not_final_benign,-1,dns,app_proto+port
2025-07-19T23:03:22.681037+0700,103.195.142.2,74.125.74.157,53,33006,UDP,flow,failed,1928043312386363,,1,1,0,212,0,0.0,1,212,0,none,0,none,0,0,0,no_alert_unknown,no_alert_not_final_benign,-1,dns,port
2025-07-19T23:03:22.681077+0700,103.195.142.195,87.98.154.119,53,44673,UDP,flow,failed,2203494445551958,,1,1,0,1437,0,0.0,1,1437,0,none,0,none,0,0,0,no_alert_unknown,no_alert_not_final_benign,-1,dns,port
2025-07-19T23:03:22.681095+0700,103.195.142.3,13.105.166.77,53,40866,UDP,flow,failed,53424172765574,,1,1,0,154,0,0.0,1,154,0,none,0,none,0,0,0,no_alert_unknown,no_alert_not_final_benign,-1,dns,port
2025-07-19T23:03:22.681126+0700,103.195.142.83,87.98.154.119,53,26290,UDP,flow,failed,2028420431483335,,1,1,0,1190,0,0.0,1,1190,0,none,0,none,0,0,0,no_alert_unknown,no_alert_not_final_benign,-1,dns,port
2025-07-19T23:03:22.681150+0700,103.195.142.74,50.28.104.44,8135,53,UDP,flow,dns,702088310034933,,1,1,0,85,0,0.0,1,85,0,none,0,none,0,0,0,no_alert_unknown,no_alert_not_final_benign,-1,dns,app_proto+port
2025-07-19T23:03:22.681170+0700,103.195.142.196,87.98.154.119,53,53547,UDP,flow,failed,549700575695370,,1,1,0,1437,0,0.0,1,1437,0,none,0,none,0,0,0,no_alert_unknown,no_alert_not_final_benign,-1,dns,port
2025-07-19T23:03:22.681229+0700,103.195.142.165,87.98.154.119,53,32265,UDP,flow,failed,703829364511428,,1,1,0,1437,0,0.0,1,1437,0,none,0,none,0,0,0,no_alert_unknown,no_alert_not_final_benign,-1,dns,port
2025-07-19T23:03:22.681248+0700,103.195.142.74,202.134.0.155,39209,53,UDP,flow,dns,247198037906131,,1,1,0,214,0,0.0,1,214,0,none,0,none,0,0,0,no_alert_unknown,no_alert_not_final_benign,-1,dns,app_proto+port
2025-07-19T23:03:22.681284+0700,103.195.142.196,87.98.154.57,53,15406,UDP,flow,failed,218780302971697,,1,1,0,1437,0,0.0,1,1437,0,none,0,none,0,0,0,no_alert_unknown,no_alert_not_final_benign,-1,dns,port
2025-07-19T23:03:22.681302+0700,103.195.142.74,69.16.230.48,47315,53,UDP,flow,dns,348045317903175,,1,1,0,85,0,0.0,1,85,0,none,0,none,0,0,0,no_alert_unknown,no_alert_not_final_benign,-1,dns,app_proto+port
2025-07-19T23:03:22.681341+0700,103.195.142.46,87.98.154.119,53,33856,UDP,flow,failed,446285494162473,,1,1,0,1437,0,0.0,1,1437,0,none,0,none,0,0,0,no_alert_unknown,no_alert_not_final_benign,-1,dns,port
2025-07-19T23:03:22.681357+0700,103.195.142.83,87.98.154.119,53,2536,UDP,flow,failed,2232477881996385,,1,1,0,1190,0,0.0,1,1190,0,none,0,none,0,0,0,no_alert_unknown,no_alert_not_final_benign,-1,dns,port
2025-07-19T23:03:22.681372+0700,103.195.142.196,87.98.154.117,53,9040,UDP,flow,failed,34715801621604,,1,1,0,1437,0,0.0,1,1437,0,none,0,none,0,0,0,no_alert_unknown,no_alert_not_final_benign,-1,dns,port
2025-07-19T23:03:22.681393+0700,103.195.142.74,202.134.0.155,32741,53,UDP,flow,dns,2145749097190524,,1,1,0,211,0,0.0,1,211,0,none,0,none,0,0,0,no_alert_unknown,no_alert_not_final_benign,-1,dns,app_proto+port
2025-07-19T23:03:22.681429+0700,103.195.142.83,87.98.154.102,53,48943,UDP,flow,failed,94065390851235,,1,1,0,1190,0,0.0,1,1190,0,none,0,none,0,0,0,no_alert_unknown,no_alert_not_final_benign,-1,dns,port
2025-07-19T23:03:22.681470+0700,103.195.142.3,172.70.92.24,53,28513,UDP,flow,failed,661365764396236,,1,1,0,129,0,0.0,1,129,0,none,0,none,0,0,0,no_alert_unknown,no_alert_not_final_benign,-1,dns,port
2025-07-19T23:03:22.681528+0700,103.195.142.75,8.8.8.8,54826,53,UDP,flow,dns,1779942719952122,,1,1,0,86,0,0.0,1,86,0,none,0,none,0,0,0,no_alert_unknown,no_alert_not_final_benign,-1,dns,app_proto+port
2025-07-19T23:03:22.681563+0700,103.195.142.196,87.98.154.105,53,19659,UDP,flow,failed,216745582007565,,1,1,0,1437,0,0.0,1,1437,0,none,0,none,0,0,0,no_alert_unknown,no_alert_not_final_benign,-1,dns,port
2025-07-19T23:03:22.681580+0700,103.195.142.196,87.98.154.141,53,61358,UDP,flow,failed,1675198616376597,,1,3,0,4311,0,10.0,3,4311,0,none,0,none,0,0,0,no_alert_unknown,no_alert_not_final_benign,-1,dns,port
2025-07-19T23:03:22.681616+0700,103.195.142.75,8.8.8.8,14851,53,UDP,flow,dns,1849520190461294,,1,1,0,241,0,0.0,1,241,0,none,0,none,0,0,0,no_alert_unknown,no_alert_not_final_benign,-1,dns,app_proto+port
2025-07-19T23:03:22.681633+0700,103.195.142.31,8.8.8.8,13386,53,UDP,flow,dns,238118222042587,,1,1,0,84,0,0.0,1,84,0,none,0,none,0,0,0,no_alert_unknown,no_alert_not_final_benign,-1,dns,app_proto+port
2025-07-19T23:03:22.681649+0700,103.195.142.74,118.98.44.100,35325,53,UDP,flow,dns,784597481428515,,1,1,0,86,0,0.0,1,86,0,none,0,none,0,0,0,no_alert_unknown,no_alert_not_final_benign,-1,dns,app_proto+port
2025-07-19T23:03:22.681683+0700,103.195.142.74,202.134.0.155,48848,53,UDP,flow,dns,123732176410166,,1,1,0,97,0,0.0,1,97,0,none,0,none,0,0,0,no_alert_unknown,no_alert_not_final_benign,-1,dns,app_proto+port
2025-07-19T23:03:22.681700+0700,103.195.142.165,87.98.154.119,53,4646,UDP,flow,failed,76255118366264,,1,1,0,1437,0,0.0,1,1437,0,none,0,none,0,0,0,no_alert_unknown,no_alert_not_final_benign,-1,dns,port
2025-07-19T23:03:22.681736+0700,103.195.142.2,172.253.238.156,53,61167,UDP,flow,failed,1789777384052332,,1,1,0,295,0,0.0,1,295,0,none,0,none,0,0,0,no_alert_unknown,no_alert_not_final_benign,-1,dns,port
2025-07-19T23:03:22.681752+0700,103.195.142.165,87.98.154.119,53,24462,UDP,flow,failed,1939461351020144,,1,1,0,1437,0,0.0,1,1437,0,none,0,none,0,0,0,no_alert_unknown,no_alert_not_final_benign,-1,dns,port
2025-07-19T23:03:22.681786+0700,103.195.142.74,118.98.44.100,27610,53,UDP,flow,dns,1828416956602069,,1,1,0,77,0,0.0,1,77,0,none,0,none,0,0,0,no_alert_unknown,no_alert_not_final_benign,-1,dns,app_proto+port
2025-07-19T23:03:22.681803+0700,103.195.142.74,202.134.0.155,41730,53,UDP,flow,dns,272938234419008,,1,1,0,88,0,0.0,1,88,0,none,0,none,0,0,0,no_alert_unknown,no_alert_not_final_benign,-1,dns,app_proto+port
2025-07-19T23:03:22.681819+0700,103.195.142.74,118.98.44.20,24435,53,UDP,flow,dns,49891661322080,,1,1,0,74,0,0.0,1,74,0,none,0,none,0,0,0,no_alert_unknown,no_alert_not_final_benign,-1,dns,app_proto+port
2025-07-19T23:03:22.681836+0700,103.195.142.74,118.98.44.20,48279,53,UDP,flow,dns,598788030666612,,1,1,0,214,0,0.0,1,214,0,none,0,none,0,0,0,no_alert_unknown,no_alert_not_final_benign,-1,dns,app_proto+port
2025-07-19T23:03:22.681960+0700,103.195.142.74,202.134.0.155,4099,53,UDP,flow,dns,269042329524262,,1,1,0,74,0,0.0,1,74,0,none,0,none,0,0,0,no_alert_unknown,no_alert_not_final_benign,-1,dns,app_proto+port
2025-07-19T23:03:22.682003+0700,103.195.142.2,13.105.68.212,53,26443,UDP,flow,failed,1788129767266489,,1,1,0,180,0,0.0,1,180,0,none,0,none,0,0,0,no_alert_unknown,no_alert_not_final_benign,-1,dns,port
2025-07-19T23:03:22.682134+0700,103.195.142.76,87.98.154.222,53,14917,UDP,flow,failed,531749968025947,,1,1,0,1469,0,0.0,1,1469,0,none,0,none,0,0,0,no_alert_unknown,no_alert_not_final_benign,-1,dns,port
2025-07-19T23:03:22.682151+0700,103.195.142.76,87.98.154.117,53,53232,UDP,flow,failed,745227718957447,,1,1,0,1469,0,0.0,1,1469,0,none,0,none,0,0,0,no_alert_unknown,no_alert_not_final_benign,-1,dns,port
2025-07-19T23:03:22.682169+0700,103.195.142.165,87.98.154.177,53,33773,UDP,flow,failed,2234726940678574,,1,3,0,4311,0,9.0,3,4311,0,none,0,none,0,0,0,no_alert_unknown,no_alert_not_final_benign,-1,dns,port
2025-07-19T23:03:22.682185+0700,103.195.142.76,87.98.154.119,53,24482,UDP,flow,failed,782119009655308,,1,1,0,1469,0,0.0,1,1469,0,none,0,none,0,0,0,no_alert_unknown,no_alert_not_final_benign,-1,dns,port
2025-07-19T23:03:22.682201+0700,103.195.142.74,118.98.44.20,52247,53,UDP,flow,dns,82105201072663,,1,1,0,91,0,0.0,1,91,0,none,0,none,0,0,0,no_alert_unknown,no_alert_not_final_benign,-1,dns,app_proto+port
2025-07-19T23:03:22.682217+0700,103.195.142.74,202.134.0.155,64719,53,UDP,flow,dns,688177735015027,,1,1,0,214,0,0.0,1,214,0,none,0,none,0,0,0,no_alert_unknown,no_alert_not_final_benign,-1,dns,app_proto+port
2025-07-19T23:03:22.682234+0700,103.195.142.195,87.98.154.136,53,27688,UDP,flow,failed,705893643590273,,1,1,0,1437,0,0.0,1,1437,0,none,0,none,0,0,0,no_alert_unknown,no_alert_not_final_benign,-1,dns,port
2025-07-19T23:03:22.682250+0700,103.195.142.46,87.98.154.47,53,46153,UDP,flow,failed,538842421664389,,1,1,0,1437,0,0.0,1,1437,0,none,0,none,0,0,0,no_alert_unknown,no_alert_not_final_benign,-1,dns,port
2025-07-19T23:03:22.682265+0700,103.195.142.74,118.98.44.100,53337,53,UDP,flow,dns,2224722787834525,,1,1,0,104,0,0.0,1,104,0,none,0,none,0,0,0,no_alert_unknown,no_alert_not_final_benign,-1,dns,app_proto+port
2025-07-19T23:03:22.682282+0700,103.195.142.75,8.8.8.8,14978,53,UDP,flow,dns,1381798403381983,,1,2,0,456,0,4.0,2,456,0,none,0,none,0,0,0,no_alert_unknown,no_alert_not_final_benign,-1,dns,app_proto+port
2025-07-19T23:03:22.682320+0700,103.195.142.109,87.98.154.118,53,48190,UDP,flow,failed,825259945434003,,1,1,0,1437,0,0.0,1,1437,0,none,0,none,0,0,0,no_alert_unknown,no_alert_not_final_benign,-1,dns,port
2025-07-19T23:03:22.682373+0700,103.195.142.74,69.16.230.48,9388,53,UDP,flow,dns,366923876670448,,1,1,0,91,0,0.0,1,91,0,none,0,none,0,0,0,no_alert_unknown,no_alert_not_final_benign,-1,dns,app_proto+port
2025-07-19T23:03:22.682405+0700,103.195.142.76,87.98.154.117,53,60701,UDP,flow,failed,47407004851218,,1,1,0,1469,0,0.0,1,1469,0,none,0,none,0,0,0,no_alert_unknown,no_alert_not_final_benign,-1,dns,port
2025-07-19T23:03:22.682456+0700,103.195.142.76,87.98.154.119,53,29549,UDP,flow,failed,308078724783242,,1,1,0,1469,0,0.0,1,1469,0,none,0,none,0,0,0,no_alert_unknown,no_alert_not_final_benign,-1,dns,port
2025-07-19T23:03:22.682489+0700,103.195.142.75,8.8.8.8,41004,53,UDP,flow,dns,1717725899267215,,1,1,0,93,0,0.0,1,93,0,none,0,none,0,0,0,no_alert_unknown,no_alert_not_final_benign,-1,dns,app_proto+port
2025-07-19T23:03:22.682580+0700,103.195.142.46,87.98.154.119,53,47242,UDP,flow,failed,2160852873976997,,1,1,0,1437,0,0.0,1,1437,0,none,0,none,0,0,0,no_alert_unknown,no_alert_not_final_benign,-1,dns,port
2025-07-19T23:03:22.682625+0700,103.195.142.74,118.98.44.100,12433,53,UDP,flow,dns,1966861815454934,,1,1,0,178,0,0.0,1,178,0,none,0,none,0,0,0,no_alert_unknown,no_alert_not_final_benign,-1,dns,app_proto+port
2025-07-19T23:03:22.682642+0700,103.195.142.165,87.98.154.119,53,56896,UDP,flow,failed,612337604238584,,1,1,0,1437,0,0.0,1,1437,0,none,0,none,0,0,0,no_alert_unknown,no_alert_not_final_benign,-1,dns,port
2025-07-19T23:03:22.682722+0700,103.195.142.195,87.98.154.20,53,26602,UDP,flow,failed,1911325988691360,,1,1,0,1437,0,0.0,1,1437,0,none,0,none,0,0,0,no_alert_unknown,no_alert_not_final_benign,-1,dns,port
2025-07-19T23:03:22.682772+0700,103.195.142.3,66.75.177.12,53,49545,UDP,flow,failed,1806602695614113,,1,1,0,138,0,0.0,1,138,0,none,0,none,0,0,0,no_alert_unknown,no_alert_not_final_benign,-1,dns,port
2025-07-19T23:03:22.682788+0700,103.195.142.74,202.134.0.155,53507,53,UDP,flow,dns,1939062104661672,,1,1,0,223,0,0.0,1,223,0,none,0,none,0,0,0,no_alert_unknown,no_alert_not_final_benign,-1,dns,app_proto+port
2025-07-19T23:03:22.682804+0700,103.195.142.195,87.98.154.119,53,37961,UDP,flow,failed,1889248801070766,,1,1,0,1437,0,0.0,1,1437,0,none,0,none,0,0,0,no_alert_unknown,no_alert_not_final_benign,-1,dns,port
2025-07-19T23:03:22.682820+0700,103.195.142.74,202.134.0.155,14006,53,UDP,flow,dns,626366845099698,,1,1,0,74,0,0.0,1,74,0,none,0,none,0,0,0,no_alert_unknown,no_alert_not_final_benign,-1,dns,app_proto+port
2025-07-19T23:03:22.682840+0700,103.195.142.74,118.98.44.20,49681,53,UDP,flow,dns,326897150533369,,1,1,0,73,0,0.0,1,73,0,none,0,none,0,0,0,no_alert_unknown,no_alert_not_final_benign,-1,dns,app_proto+port
2025-07-19T23:03:22.682875+0700,103.195.142.74,118.98.44.100,62362,53,UDP,flow,dns,1817583836274432,,1,1,0,120,0,0.0,1,120,0,none,0,none,0,0,0,no_alert_unknown,no_alert_not_final_benign,-1,dns,app_proto+port
2025-07-19T23:03:22.682892+0700,103.195.142.74,118.98.44.50,39098,53,UDP,flow,dns,2138965747375894,,1,1,0,68,0,0.0,1,68,0,none,0,none,0,0,0,no_alert_unknown,no_alert_not_final_benign,-1,dns,app_proto+port
2025-07-19T23:03:22.682928+0700,103.195.142.75,8.8.8.8,6935,53,UDP,flow,dns,1459880404459328,,1,2,0,176,0,5.0,2,176,0,none,0,none,0,0,0,no_alert_unknown,no_alert_not_final_benign,-1,dns,app_proto+port
2025-07-19T23:03:22.682944+0700,103.195.142.75,8.8.8.8,49976,53,UDP,flow,dns,2101078354108232,,1,1,0,87,0,0.0,1,87,0,none,0,none,0,0,0,no_alert_unknown,no_alert_not_final_benign,-1,dns,app_proto+port
2025-07-19T23:03:22.682983+0700,103.195.142.165,87.98.154.119,53,36119,UDP,flow,failed,1808339459448810,,1,1,0,1437,0,0.0,1,1437,0,none,0,none,0,0,0,no_alert_unknown,no_alert_not_final_benign,-1,dns,port
2025-07-19T23:03:22.682999+0700,103.195.142.2,13.105.166.76,53,40753,UDP,flow,failed,105246481915888,,1,1,0,127,0,0.0,1,127,0,none,0,none,0,0,0,no_alert_unknown,no_alert_not_final_benign,-1,dns,port
2025-07-19T23:03:22.683014+0700,103.195.142.195,87.98.154.119,53,12973,UDP,flow,failed,2093512080760824,,1,1,0,1437,0,0.0,1,1437,0,none,0,none,0,0,0,no_alert_unknown,no_alert_not_final_benign,-1,dns,port
2025-07-19T23:03:22.683046+0700,103.195.142.109,87.98.154.45,53,24812,UDP,flow,failed,2175549908590694,,1,1,0,1437,0,0.0,1,1437,0,none,0,none,0,0,0,no_alert_unknown,no_alert_not_final_benign,-1,dns,port
2025-07-19T23:03:22.683061+0700,103.195.142.46,87.98.154.119,53,35044,UDP,flow,failed,584560150585475,,1,1,0,1437,0,0.0,1,1437,0,none,0,none,0,0,0,no_alert_unknown,no_alert_not_final_benign,-1,dns,port
2025-07-19T23:03:22.683094+0700,103.195.142.76,87.98.154.119,53,41664,UDP,flow,failed,683141755248776,,1,1,0,1469,0,0.0,1,1469,0,none,0,none,0,0,0,no_alert_unknown,no_alert_not_final_benign,-1,dns,port
2025-07-19T23:03:22.683128+0700,103.195.142.74,202.134.0.155,4289,53,UDP,flow,dns,2030274688065734,,1,1,0,243,0,0.0,1,243,0,none,0,none,0,0,0,no_alert_unknown,no_alert_not_final_benign,-1,dns,app_proto+port
2025-07-19T23:03:22.683165+0700,103.195.142.195,87.98.154.232,53,2735,UDP,flow,failed,799186008416629,,1,1,0,1437,0,0.0,1,1437,0,none,0,none,0,0,0,no_alert_unknown,no_alert_not_final_benign,-1,dns,port
2025-07-19T23:03:22.683181+0700,103.195.142.2,172.217.32.144,53,40075,UDP,flow,failed,797695102427526,,1,1,0,160,0,0.0,1,160,0,none,0,none,0,0,0,no_alert_unknown,no_alert_not_final_benign,-1,dns,port
2025-07-19T23:03:22.683196+0700,103.195.142.109,87.98.154.117,53,57588,UDP,flow,failed,569748426531339,,1,1,0,1437,0,0.0,1,1437,0,none,0,none,0,0,0,no_alert_unknown,no_alert_not_final_benign,-1,dns,port
2025-07-19T23:03:22.683229+0700,103.195.142.46,87.98.154.119,53,32290,UDP,flow,failed,1746605197763167,,1,1,0,1437,0,0.0,1,1437,0,none,0,none,0,0,0,no_alert_unknown,no_alert_not_final_benign,-1,dns,port
2025-07-19T23:03:22.683282+0700,103.195.142.46,87.98.154.119,53,6451,UDP,flow,failed,342454721454839,,1,1,0,1437,0,0.0,1,1437,0,none,0,none,0,0,0,no_alert_unknown,no_alert_not_final_benign,-1,dns,port
2025-07-19T23:03:22.683297+0700,103.195.142.46,87.98.154.119,53,34017,UDP,flow,failed,679776019620694,,1,1,0,1437,0,0.0,1,1437,0,none,0,none,0,0,0,no_alert_unknown,no_alert_not_final_benign,-1,dns,port
2025-07-19T23:03:22.683346+0700,103.195.142.109,87.98.154.217,53,9013,UDP,flow,failed,533701147239302,,1,1,0,1437,0,0.0,1,1437,0,none,0,none,0,0,0,no_alert_unknown,no_alert_not_final_benign,-1,dns,port
2025-07-19T23:03:22.683361+0700,103.195.142.74,118.98.44.20,53538,53,UDP,flow,dns,828904180032391,,1,1,0,74,0,0.0,1,74,0,none,0,none,0,0,0,no_alert_unknown,no_alert_not_final_benign,-1,dns,app_proto+port
2025-07-19T23:03:22.683398+0700,103.195.142.196,87.98.154.253,53,14206,UDP,flow,failed,1787371724481565,,1,1,0,1437,0,0.0,1,1437,0,none,0,none,0,0,0,no_alert_unknown,no_alert_not_final_benign,-1,dns,port
2025-07-19T23:03:22.683489+0700,103.195.142.76,87.98.154.119,53,42530,UDP,flow,failed,71881211061407,,1,1,0,1469,0,0.0,1,1469,0,none,0,none,0,0,0,no_alert_unknown,no_alert_not_final_benign,-1,dns,port
2025-07-19T23:03:22.683506+0700,103.195.142.74,118.98.44.100,65068,53,UDP,flow,dns,444927376958635,,1,2,0,204,0,7.0,2,204,0,none,0,none,0,0,0,no_alert_unknown,no_alert_not_final_benign,-1,dns,app_proto+port
2025-07-19T23:03:22.683540+0700,103.195.142.46,87.98.154.159,53,52392,UDP,flow,failed,1858745628239095,,1,1,0,1437,0,0.0,1,1437,0,none,0,none,0,0,0,no_alert_unknown,no_alert_not_final_benign,-1,dns,port
2025-07-19T23:03:22.683556+0700,103.195.142.74,118.98.44.20,59391,53,UDP,flow,dns,2029158288794905,,1,1,0,214,0,0.0,1,214,0,none,0,none,0,0,0,no_alert_unknown,no_alert_not_final_benign,-1,dns,app_proto+port
2025-07-19T23:03:22.683573+0700,103.195.142.74,118.98.44.20,14614,53,UDP,flow,dns,346636644525368,,1,1,0,214,0,0.0,1,214,0,none,0,none,0,0,0,no_alert_unknown,no_alert_not_final_benign,-1,dns,app_proto+port
2025-07-19T23:03:22.683609+0700,103.195.142.109,87.98.154.189,53,1231,UDP,flow,failed,1974890923238750,,1,3,0,4311,0,9.0,3,4311,0,none,0,none,0,0,0,no_alert_unknown,no_alert_not_final_benign,-1,dns,port
2025-07-19T23:03:22.683666+0700,103.195.142.2,13.105.68.212,53,40281,UDP,flow,failed,686341106247071,,1,1,0,180,0,0.0,1,180,0,none,0,none,0,0,0,no_alert_unknown,no_alert_not_final_benign,-1,dns,port
2025-07-19T23:03:22.683682+0700,103.195.142.76,87.98.154.50,53,17491,UDP,flow,failed,615872785556908,,1,1,0,1469,0,0.0,1,1469,0,none,0,none,0,0,0,no_alert_unknown,no_alert_not_final_benign,-1,dns,port
2025-07-19T23:03:22.683698+0700,103.195.142.74,118.98.44.100,40829,53,UDP,flow,dns,2116492039431597,,1,1,0,74,0,0.0,1,74,0,none,0,none,0,0,0,no_alert_unknown,no_alert_not_final_benign,-1,dns,app_proto+port
2025-07-19T23:03:22.683715+0700,103.195.142.3,208.67.217.167,53,3508,UDP,flow,failed,642723218138583,,1,1,0,132,0,0.0,1,132,0,none,0,none,0,0,0,no_alert_unknown,no_alert_not_final_benign,-1,dns,port
2025-07-19T23:03:22.683731+0700,103.195.142.74,202.134.0.155,9139,53,UDP,flow,dns,599586360272372,,1,1,0,107,0,0.0,1,107,0,none,0,none,0,0,0,no_alert_unknown,no_alert_not_final_benign,-1,dns,app_proto+port
2025-07-19T23:03:22.683784+0700,103.195.142.195,87.98.154.119,53,26051,UDP,flow,failed,829449073075734,,1,1,0,1437,0,0.0,1,1437,0,none,0,none,0,0,0,no_alert_unknown,no_alert_not_final_benign,-1,dns,port
2025-07-19T23:03:22.683799+0700,103.195.142.31,8.8.8.8,16312,53,UDP,flow,dns,2111794600617510,,1,1,0,75,0,0.0,1,75,0,none,0,none,0,0,0,no_alert_unknown,no_alert_not_final_benign,-1,dns,app_proto+port
2025-07-19T23:03:22.683835+0700,103.195.142.75,8.8.8.8,58549,53,UDP,flow,dns,302713021998921,,1,1,0,68,0,0.0,1,68,0,none,0,none,0,0,0,no_alert_unknown,no_alert_not_final_benign,-1,dns,app_proto+port
2025-07-19T23:03:22.683944+0700,103.195.142.195,87.98.154.119,53,52913,UDP,flow,failed,269383333324793,,1,1,0,1437,0,0.0,1,1437,0,none,0,none,0,0,0,no_alert_unknown,no_alert_not_final_benign,-1,dns,port
2025-07-19T23:03:22.683959+0700,103.195.142.76,87.98.154.242,53,25201,UDP,flow,failed,548323160565796,,1,1,0,1469,0,0.0,1,1469,0,none,0,none,0,0,0,no_alert_unknown,no_alert_not_final_benign,-1,dns,port
2025-07-19T23:03:22.683979+0700,103.195.142.196,87.98.154.119,53,8097,UDP,flow,failed,2248498196064338,,1,1,0,1437,0,0.0,1,1437,0,none,0,none,0,0,0,no_alert_unknown,no_alert_not_final_benign,-1,dns,port
2025-07-19T23:03:22.684014+0700,103.195.142.2,74.125.74.144,53,33896,UDP,flow,failed,47676173461649,,1,1,0,208,0,0.0,1,208,0,none,0,none,0,0,0,no_alert_unknown,no_alert_not_final_benign,-1,dns,port
2025-07-19T23:03:22.684030+0700,103.195.142.109,87.98.154.118,53,59068,UDP,flow,failed,1947972326271161,,1,1,0,1437,0,0.0,1,1437,0,none,0,none,0,0,0,no_alert_unknown,no_alert_not_final_benign,-1,dns,port
2025-07-19T23:03:22.684046+0700,103.195.142.109,87.98.154.245,53,14986,UDP,flow,failed,568210772207811,,1,1,0,1437,0,0.0,1,1437,0,none,0,none,0,0,0,no_alert_unknown,no_alert_not_final_benign,-1,dns,port
2025-07-19T23:03:22.688606+0700,103.195.142.74,202.134.0.155,38523,53,UDP,dns,,705740615740478,wire/pcap,0,0,0,0,0,0.0,0,0,0,none,0,none,0,0,0,no_alert_unknown,no_alert_not_final_benign,-1,dns,port
2025-07-19T23:03:22.698023+0700,103.195.142.75,8.8.8.8,59382,53,UDP,dns,,746186225069038,wire/pcap,0,0,0,0,0,0.0,0,0,0,none,0,none,0,0,0,no_alert_unknown,no_alert_not_final_benign,-1,dns,port
2025-07-19T23:03:22.754807+0700,103.195.142.75,8.8.8.8,10618,53,UDP,dns,,708597763323318,wire/pcap,0,0,0,0,0,0.0,0,0,0,none,0,none,0,0,0,no_alert_unknown,no_alert_not_final_benign,-1,dns,port
2025-07-19T23:03:22.774045+0700,103.195.142.75,8.8.8.8,20414,53,UDP,dns,,791225808933581,wire/pcap,0,0,0,0,0,0.0,0,0,0,none,0,none,0,0,0,no_alert_unknown,no_alert_not_final_benign,-1,dns,port
2025-07-19T23:03:22.791146+0700,103.195.142.74,118.98.44.100,22693,53,UDP,dns,,583198301621192,wire/pcap,0,0,0,0,0,0.0,0,0,0,none,0,none,0,0,0,no_alert_unknown,no_alert_not_final_benign,-1,dns,port
2025-07-19T23:03:22.816452+0700,103.195.142.74,118.98.44.100,10477,53,UDP,dns,,691886678322398,wire/pcap,0,0,0,0,0,0.0,0,0,0,none,0,none,0,0,0,no_alert_unknown,no_alert_not_final_benign,-1,dns,port
2025-07-19T23:03:22.816601+0700,103.195.142.75,8.8.8.8,46273,53,UDP,dns,,692527697572467,wire/pcap,0,0,0,0,0,0.0,0,0,0,none,0,none,0,0,0,no_alert_unknown,no_alert_not_final_benign,-1,dns,port
2025-07-19T23:03:22.832200+0700,103.195.142.74,118.98.44.50,42435,53,UDP,dns,,759522420862203,wire/pcap,0,0,0,0,0,0.0,0,0,0,none,0,none,0,0,0,no_alert_unknown,no_alert_not_final_benign,-1,dns,port
2025-07-19T23:03:22.846150+0700,103.195.142.75,8.8.8.8,47316,53,UDP,dns,,819438366950209,wire/pcap,0,0,0,0,0,0.0,0,0,0,none,0,none,0,0,0,no_alert_unknown,no_alert_not_final_benign,-1,dns,port
2025-07-19T23:03:22.901960+0700,103.195.142.74,118.98.44.50,23430,53,UDP,dns,,777667423239883,wire/pcap,0,0,0,0,0,0.0,0,0,0,none,0,none,0,0,0,no_alert_unknown,no_alert_not_final_benign,-1,dns,port
2025-07-19T23:03:22.922745+0700,103.195.142.108,8.8.8.8,1900,53,UDP,dns,,1216074754602613,wire/pcap,0,0,0,0,0,0.0,0,0,0,none,0,none,0,0,0,no_alert_unknown,no_alert_not_final_benign,-1,dns,port
2025-07-19T23:03:22.929652+0700,103.195.142.75,50.28.32.155,41885,53,UDP,dns,,615128894693255,wire/pcap,0,0,0,0,0,0.0,0,0,0,none,0,none,0,0,0,no_alert_unknown,no_alert_not_final_benign,-1,dns,port
2025-07-19T23:03:22.964875+0700,103.195.142.74,118.98.44.100,38626,53,UDP,dns,,766409675974523,wire/pcap,0,0,0,0,0,0.0,0,0,0,none,0,none,0,0,0,no_alert_unknown,no_alert_not_final_benign,-1,dns,port
2025-07-19T23:03:23.001750+0700,103.195.142.75,8.8.8.8,11483,53,UDP,dns,,851941944730679,wire/pcap,0,0,0,0,0,0.0,0,0,0,none,0,none,0,0,0,no_alert_unknown,no_alert_not_final_benign,-1,dns,port
2025-07-19T23:03:23.040917+0700,103.195.142.74,118.98.44.100,56417,53,UDP,dns,,1020166371764038,wire/pcap,0,0,0,0,0,0.0,0,0,0,none,0,none,0,0,0,no_alert_unknown,no_alert_not_final_benign,-1,dns,port
2025-07-19T23:03:23.072495+0700,103.195.142.74,118.98.44.20,63915,53,UDP,dns,,874315979289137,wire/pcap,0,0,0,0,0,0.0,0,0,0,none,0,none,0,0,0,no_alert_unknown,no_alert_not_final_benign,-1,dns,port
2025-07-19T23:03:23.088652+0700,103.195.142.75,69.16.230.48,35093,53,UDP,dns,,943711163098909,wire/pcap,0,0,0,0,0,0.0,0,0,0,none,0,none,0,0,0,no_alert_unknown,no_alert_not_final_benign,-1,dns,port
2025-07-19T23:03:23.095502+0700,103.195.142.74,202.134.0.155,13338,53,UDP,dns,,973131135854520,wire/pcap,0,0,0,0,0,0.0,0,0,0,none,0,none,0,0,0,no_alert_unknown,no_alert_not_final_benign,-1,dns,port
2025-07-19T23:03:23.100656+0700,103.195.142.74,118.98.44.50,47135,53,UDP,dns,,995266240598728,wire/pcap,0,0,0,0,0,0.0,0,0,0,none,0,none,0,0,0,no_alert_unknown,no_alert_not_final_benign,-1,dns,port
2025-07-19T23:03:23.101020+0700,103.195.142.74,118.98.44.100,16610,53,UDP,dns,,996829862585579,wire/pcap,0,0,0,0,0,0.0,0,0,0,none,0,none,0,0,0,no_alert_unknown,no_alert_not_final_benign,-1,dns,port
2025-07-19T23:03:23.125433+0700,103.195.142.74,185.67.45.232,64029,53,UDP,dns,,1101680882394456,wire/pcap,0,0,0,0,0,0.0,0,0,0,none,0,none,0,0,0,no_alert_unknown,no_alert_not_final_benign,-1,dns,port
2025-07-19T23:03:23.130630+0700,103.195.142.74,118.98.44.100,55684,53,UDP,dns,,1124003495701330,wire/pcap,0,0,0,0,0,0.0,0,0,0,none,0,none,0,0,0,no_alert_unknown,no_alert_not_final_benign,-1,dns,port
2025-07-19T23:03:23.130769+0700,103.195.142.74,202.134.0.155,36938,53,UDP,dns,,1124598853869297,wire/pcap,0,0,0,0,0,0.0,0,0,0,none,0,none,0,0,0,no_alert_unknown,no_alert_not_final_benign,-1,dns,port
2025-07-19T23:03:23.140457+0700,103.195.142.75,8.8.8.8,42978,53,UDP,dns,,884733968879580,wire/pcap,0,0,0,0,0,0.0,0,0,0,none,0,none,0,0,0,no_alert_unknown,no_alert_not_final_benign,-1,dns,port
2025-07-19T23:03:23.153499+0700,103.195.142.74,118.98.44.20,16567,53,UDP,dns,,940749010617811,wire/pcap,0,0,0,0,0,0.0,0,0,0,none,0,none,0,0,0,no_alert_unknown,no_alert_not_final_benign,-1,dns,port
2025-07-19T23:03:23.155267+0700,103.195.142.75,8.8.8.8,9316,53,UDP,dns,,948345022819336,wire/pcap,0,0,0,0,0,0.0,0,0,0,none,0,none,0,0,0,no_alert_unknown,no_alert_not_final_benign,-1,dns,port
2025-07-19T23:03:23.163915+0700,103.195.142.75,8.8.8.8,13207,53,UDP,dns,,985484905363513,wire/pcap,0,0,0,0,0,0.0,0,0,0,none,0,none,0,0,0,no_alert_unknown,no_alert_not_final_benign,-1,dns,port
2025-07-19T23:03:23.244765+0700,103.195.142.46,87.98.154.99,53,16612,UDP,flow,failed,1151107294197858,,1,1,0,1437,0,0.0,1,1437,0,none,0,none,0,0,0,no_alert_unknown,no_alert_not_final_benign,-1,dns,port
2025-07-19T23:03:23.262916+0700,103.195.142.74,118.98.44.50,29032,53,UDP,dns,,847743877751809,wire/pcap,0,0,0,0,0,0.0,0,0,0,none,0,none,0,0,0,no_alert_unknown,no_alert_not_final_benign,-1,dns,port
2025-07-19T23:03:23.263810+0700,103.195.142.74,202.134.0.155,30393,53,UDP,dns,,851584498310415,wire/pcap,0,0,0,0,0,0.0,0,0,0,none,0,none,0,0,0,no_alert_unknown,no_alert_not_final_benign,-1,dns,port
2025-07-19T23:03:23.285066+0700,103.195.142.74,118.98.44.50,15373,53,UDP,dns,,942877372961327,wire/pcap,0,0,0,0,0,0.0,0,0,0,none,0,none,0,0,0,no_alert_unknown,no_alert_not_final_benign,-1,dns,port
2025-07-19T23:03:23.285148+0700,103.195.142.74,118.98.44.20,36684,53,UDP,dns,,943230428770701,wire/pcap,0,0,0,0,0,0.0,0,0,0,none,0,none,0,0,0,no_alert_unknown,no_alert_not_final_benign,-1,dns,port
2025-07-19T23:03:23.318064+0700,103.195.142.74,118.98.44.20,46975,53,UDP,dns,,1084602121707805,wire/pcap,0,0,0,0,0,0.0,0,0,0,none,0,none,0,0,0,no_alert_unknown,no_alert_not_final_benign,-1,dns,port
2025-07-19T23:03:23.356438+0700,103.195.142.75,8.8.8.8,42591,53,UDP,dns,,967941608428783,wire/pcap,0,0,0,0,0,0.0,0,0,0,none,0,none,0,0,0,no_alert_unknown,no_alert_not_final_benign,-1,dns,port
2025-07-19T23:03:23.398624+0700,103.195.142.74,118.98.44.20,42733,53,UDP,flow,dns,859058296752559,,1,1,0,232,0,0.0,1,232,0,none,0,none,0,0,0,no_alert_unknown,no_alert_not_final_benign,-1,dns,app_proto+port
2025-07-19T23:03:23.422730+0700,103.195.142.74,118.98.44.100,2973,53,UDP,dns,,971188225548292,wire/pcap,0,0,0,0,0,0.0,0,0,0,none,0,none,0,0,0,no_alert_unknown,no_alert_not_final_benign,-1,dns,port
2025-07-19T23:03:23.456986+0700,103.195.142.74,118.98.44.100,8057,53,UDP,dns,,1118315409532202,wire/pcap,0,0,0,0,0,0.0,0,0,0,none,0,none,0,0,0,no_alert_unknown,no_alert_not_final_benign,-1,dns,port
2025-07-19T23:03:23.457064+0700,103.195.142.74,118.98.44.50,25557,53,UDP,dns,,1118653375056585,wire/pcap,0,0,0,0,0,0.0,0,0,0,none,0,none,0,0,0,no_alert_unknown,no_alert_not_final_benign,-1,dns,port
2025-07-19T23:03:23.463826+0700,103.195.142.83,87.98.154.119,53,45253,UDP,flow,failed,653062082760705,,1,1,0,1190,0,0.0,1,1190,0,none,0,none,0,0,0,no_alert_unknown,no_alert_not_final_benign,-1,dns,port
2025-07-19T23:03:23.468683+0700,103.195.142.74,118.98.44.20,62018,53,UDP,dns,,887080595234332,wire/pcap,0,0,0,0,0,0.0,0,0,0,none,0,none,0,0,0,no_alert_unknown,no_alert_not_final_benign,-1,dns,port
2025-07-19T23:03:23.492535+0700,103.195.142.74,202.134.0.155,55006,53,UDP,dns,,989525915928889,wire/pcap,0,0,0,0,0,0.0,0,0,0,none,0,none,0,0,0,no_alert_unknown,no_alert_not_final_benign,-1,dns,port
2025-07-19T23:03:23.515627+0700,103.195.142.75,8.8.8.8,28184,53,UDP,dns,,1088704865366110,wire/pcap,0,0,0,0,0,0.0,0,0,0,none,0,none,0,0,0,no_alert_unknown,no_alert_not_final_benign,-1,dns,port
2025-07-19T23:03:23.518385+0700,103.195.142.165,87.98.154.121,53,60174,UDP,flow,failed,297706375574583,,1,1,0,1437,0,0.0,1,1437,0,none,0,none,0,0,0,no_alert_unknown,no_alert_not_final_benign,-1,dns,port
2025-07-19T23:03:23.537409+0700,103.195.142.74,118.98.44.20,56724,53,UDP,dns,,900782131716791,wire/pcap,0,0,0,0,0,0.0,0,0,0,none,0,none,0,0,0,no_alert_unknown,no_alert_not_final_benign,-1,dns,port
2025-07-19T23:03:23.542324+0700,103.195.142.46,87.98.154.119,53,20099,UDP,flow,failed,47065360068495,,1,1,0,1437,0,0.0,1,1437,0,none,0,none,0,0,0,no_alert_unknown,no_alert_not_final_benign,-1,dns,port
2025-07-19T23:03:23.557445+0700,103.195.142.74,202.134.0.155,21749,53,UDP,dns,,986836734238125,wire/pcap,0,0,0,0,0,0.0,0,0,0,none,0,none,0,0,0,no_alert_unknown,no_alert_not_final_benign,-1,dns,port
2025-07-19T23:03:23.580468+0700,103.195.142.74,118.98.44.50,36866,53,UDP,dns,,1085720156117323,wire/pcap,0,0,0,0,0,0.0,0,0,0,none,0,none,0,0,0,no_alert_unknown,no_alert_not_final_benign,-1,dns,port
2025-07-19T23:03:23.606260+0700,103.195.142.75,8.8.8.8,34881,53,UDP,dns,,915018407584267,wire/pcap,0,0,0,0,0,0.0,0,0,0,none,0,none,0,0,0,no_alert_unknown,no_alert_not_final_benign,-1,dns,port
2025-07-19T23:03:23.606383+0700,103.195.142.74,118.98.44.50,16150,53,UDP,dns,,915545534604136,wire/pcap,0,0,0,0,0,0.0,0,0,0,none,0,none,0,0,0,no_alert_unknown,no_alert_not_final_benign,-1,dns,port
2025-07-19T23:03:23.606482+0700,103.195.142.74,202.134.0.155,36397,53,UDP,dns,,915972274135079,wire/pcap,0,0,0,0,0,0.0,0,0,0,none,0,none,0,0,0,no_alert_unknown,no_alert_not_final_benign,-1,dns,port
2025-07-19T23:03:23.617203+0700,103.195.142.75,8.8.8.8,52373,53,UDP,dns,,962020438087776,wire/pcap,0,0,0,0,0,0.0,0,0,0,none,0,none,0,0,0,no_alert_unknown,no_alert_not_final_benign,-1,dns,port
2025-07-19T23:03:23.617302+0700,103.195.142.75,8.8.8.8,16988,53,UDP,dns,,962443141675597,wire/pcap,0,0,0,0,0,0.0,0,0,0,none,0,none,0,0,0,no_alert_unknown,no_alert_not_final_benign,-1,dns,port
2025-07-19T23:03:23.619975+0700,103.195.142.74,202.134.0.155,11196,53,UDP,dns,,973925957715380,wire/pcap,0,0,0,0,0,0.0,0,0,0,none,0,none,0,0,0,no_alert_unknown,no_alert_not_final_benign,-1,dns,port
2025-07-19T23:03:23.642574+0700,103.195.142.74,118.98.44.20,64660,53,UDP,dns,,1070988510151314,wire/pcap,0,0,0,0,0,0.0,0,0,0,none,0,none,0,0,0,no_alert_unknown,no_alert_not_final_benign,-1,dns,port
2025-07-19T23:03:23.642647+0700,103.195.142.74,118.98.44.100,5896,53,UDP,dns,,1071300744742353,wire/pcap,0,0,0,0,0,0.0,0,0,0,none,0,none,0,0,0,no_alert_unknown,no_alert_not_final_benign,-1,dns,port
2025-07-19T23:03:23.642750+0700,103.195.142.74,118.98.44.100,25344,53,UDP,dns,,1071740664936536,wire/pcap,0,0,0,0,0,0.0,0,0,0,none,0,none,0,0,0,no_alert_unknown,no_alert_not_final_benign,-1,dns,port
2025-07-19T23:03:23.669755+0700,103.195.142.76,87.98.154.119,53,51191,UDP,flow,failed,524281421113602,,1,1,0,1469,0,0.0,1,1469,0,none,0,none,0,0,0,no_alert_unknown,no_alert_not_final_benign,-1,dns,port
2025-07-19T23:03:23.669802+0700,103.195.142.165,87.98.154.117,53,22880,UDP,flow,failed,491093221386655,,1,1,0,1437,0,0.0,1,1437,0,none,0,none,0,0,0,no_alert_unknown,no_alert_not_final_benign,-1,dns,port
2025-07-19T23:03:23.669836+0700,103.195.142.109,87.98.154.181,53,35184,UDP,flow,failed,284634775693760,,1,1,0,1437,0,0.0,1,1437,0,none,0,none,0,0,0,no_alert_unknown,no_alert_not_final_benign,-1,dns,port
2025-07-19T23:03:23.669855+0700,103.195.142.165,87.98.154.205,53,43235,UDP,flow,failed,1776459461241348,,1,1,0,1437,0,0.0,1,1437,0,none,0,none,0,0,0,no_alert_unknown,no_alert_not_final_benign,-1,dns,port
2025-07-19T23:03:23.669873+0700,103.195.142.74,69.16.230.48,22493,53,UDP,flow,dns,2093708039039520,,1,1,0,85,0,0.0,1,85,0,none,0,none,0,0,0,no_alert_unknown,no_alert_not_final_benign,-1,dns,app_proto+port
2025-07-19T23:03:23.669895+0700,103.195.142.109,87.98.154.105,53,6869,UDP,flow,failed,454172769004093,,1,3,0,4311,0,10.0,3,4311,0,none,0,none,0,0,0,no_alert_unknown,no_alert_not_final_benign,-1,dns,port
2025-07-19T23:03:23.669953+0700,103.195.142.3,13.105.166.76,53,52559,UDP,flow,failed,275160646232783,,1,1,0,154,0,0.0,1,154,0,none,0,none,0,0,0,no_alert_unknown,no_alert_not_final_benign,-1,dns,port
2025-07-19T23:03:23.670033+0700,103.195.142.74,118.98.44.100,52999,53,UDP,flow,dns,179388997184263,,1,1,0,105,0,0.0,1,105,0,none,0,none,0,0,0,no_alert_unknown,no_alert_not_final_benign,-1,dns,app_proto+port
2025-07-19T23:03:23.670079+0700,103.195.142.3,51.38.107.66,53,50832,UDP,flow,failed,2052469393009422,,1,1,0,127,0,0.0,1,127,0,none,0,none,0,0,0,no_alert_unknown,no_alert_not_final_benign,-1,dns,port
2025-07-19T23:03:23.670108+0700,103.195.142.46,87.98.154.107,53,54756,UDP,flow,failed,583303044475685,,1,1,0,1437,0,0.0,1,1437,0,none,0,none,0,0,0,no_alert_unknown,no_alert_not_final_benign,-1,dns,port
2025-07-19T23:03:23.670177+0700,103.195.142.195,87.98.154.36,53,5171,UDP,flow,failed,1042410055150480,,1,1,0,1437,0,0.0,1,1437,0,none,0,none,0,0,0,no_alert_unknown,no_alert_not_final_benign,-1,dns,port
2025-07-19T23:03:23.670195+0700,103.195.142.3,13.79.121.252,53,63481,UDP,flow,failed,219316786768808,,1,1,0,314,0,0.0,1,314,0,none,0,none,0,0,0,no_alert_unknown,no_alert_not_final_benign,-1,dns,port
2025-07-19T23:03:23.670214+0700,103.195.142.83,87.98.154.246,53,43896,UDP,flow,failed,912713327520699,,1,1,0,1190,0,0.0,1,1190,0,none,0,none,0,0,0,no_alert_unknown,no_alert_not_final_benign,-1,dns,port
2025-07-19T23:03:23.670272+0700,103.195.142.75,8.8.8.8,59717,53,UDP,flow,dns,2201757876366436,,1,1,0,102,0,0.0,1,102,0,none,0,none,0,0,0,no_alert_unknown,no_alert_not_final_benign,-1,dns,app_proto+port
2025-07-19T23:03:23.670390+0700,103.195.142.195,87.98.154.176,53,2192,UDP,flow,failed,2200215539821731,,1,1,0,1437,0,0.0,1,1437,0,none,0,none,0,0,0,no_alert_unknown,no_alert_not_final_benign,-1,dns,port
2025-07-19T23:03:23.670412+0700,103.195.142.83,87.98.154.106,53,49689,UDP,flow,failed,808597219519677,,1,1,0,1190,0,0.0,1,1190,0,none,0,none,0,0,0,no_alert_unknown,no_alert_not_final_benign,-1,dns,port
2025-07-19T23:03:23.670436+0700,103.195.142.74,202.134.0.155,39153,53,UDP,flow,dns,1804803910347971,,1,1,0,96,0,0.0,1,96,0,none,0,none,0,0,0,no_alert_unknown,no_alert_not_final_benign,-1,dns,app_proto+port
2025-07-19T23:03:23.670527+0700,103.195.142.165,87.98.154.165,53,25975,UDP,flow,failed,794011142270298,,1,1,0,1437,0,0.0,1,1437,0,none,0,none,0,0,0,no_alert_unknown,no_alert_not_final_benign,-1,dns,port
2025-07-19T23:03:23.670546+0700,103.195.142.196,87.98.154.141,53,11630,UDP,flow,failed,776447907081582,,1,1,0,1437,0,0.0,1,1437,0,none,0,none,0,0,0,no_alert_unknown,no_alert_not_final_benign,-1,dns,port
2025-07-19T23:03:23.670592+0700,103.195.142.74,202.134.0.155,38545,53,UDP,flow,dns,1869859511086683,,1,1,0,223,0,0.0,1,223,0,none,0,none,0,0,0,no_alert_unknown,no_alert_not_final_benign,-1,dns,app_proto+port
2025-07-19T23:03:23.670758+0700,103.195.142.76,87.98.154.119,53,57810,UDP,flow,failed,1896374464622390,,1,1,0,1469,0,0.0,1,1469,0,none,0,none,0,0,0,no_alert_unknown,no_alert_not_final_benign,-1,dns,port
2025-07-19T23:03:23.670777+0700,103.195.142.195,87.98.154.119,53,1215,UDP,flow,failed,950642513358665,,1,1,0,1437,0,0.0,1,1437,0,none,0,none,0,0,0,no_alert_unknown,no_alert_not_final_benign,-1,dns,port
2025-07-19T23:03:23.670811+0700,103.195.142.74,118.98.44.100,31693,53,UDP,flow,dns,916335454531402,,1,1,0,82,0,0.0,1,82,0,none,0,none,0,0,0,no_alert_unknown,no_alert_not_final_benign,-1,dns,app_proto+port
2025-07-19T23:03:23.671058+0700,103.195.142.74,8.8.8.8,1533,53,UDP,flow,dns,626436743376987,,1,1,0,80,0,0.0,1,80,0,none,0,none,0,0,0,no_alert_unknown,no_alert_not_final_benign,-1,dns,app_proto+port
2025-07-19T23:03:23.671145+0700,103.195.142.196,87.98.154.119,53,19280,UDP,flow,failed,972706463625481,,1,1,0,1437,0,0.0,1,1437,0,none,0,none,0,0,0,no_alert_unknown,no_alert_not_final_benign,-1,dns,port
2025-07-19T23:03:23.671165+0700,103.195.142.46,87.98.154.191,53,6827,UDP,flow,failed,184553103372578,,1,1,0,1437,0,0.0,1,1437,0,none,0,none,0,0,0,no_alert_unknown,no_alert_not_final_benign,-1,dns,port
2025-07-19T23:03:23.671207+0700,103.195.142.195,87.98.154.32,53,4972,UDP,flow,failed,528270630072635,,1,1,0,1437,0,0.0,1,1437,0,none,0,none,0,0,0,no_alert_unknown,no_alert_not_final_benign,-1,dns,port
2025-07-19T23:03:23.671232+0700,103.195.142.165,87.98.154.141,53,21509,UDP,flow,failed,310052709019985,,1,1,0,1437,0,0.0,1,1437,0,none,0,none,0,0,0,no_alert_unknown,no_alert_not_final_benign,-1,dns,port
2025-07-19T23:03:23.671269+0700,103.195.142.3,51.38.107.76,53,44346,UDP,flow,failed,2180390098973066,,1,1,0,135,0,0.0,1,135,0,none,0,none,0,0,0,no_alert_unknown,no_alert_not_final_benign,-1,dns,port
2025-07-19T23:03:23.671288+0700,103.195.142.109,87.98.154.119,53,47173,UDP,flow,failed,795197698421157,,1,1,0,1437,0,0.0,1,1437,0,none,0,none,0,0,0,no_alert_unknown,no_alert_not_final_benign,-1,dns,port
2025-07-19T23:03:23.671329+0700,103.195.142.74,118.98.44.100,27145,53,UDP,flow,dns,91157846962734,,1,1,0,243,0,0.0,1,243,0,none,0,none,0,0,0,no_alert_unknown,no_alert_not_final_benign,-1,dns,app_proto+port
2025-07-19T23:03:23.671348+0700,103.195.142.46,87.98.154.135,53,14542,UDP,flow,failed,525654621565492,,1,3,0,4311,0,10.0,3,4311,0,none,0,none,0,0,0,no_alert_unknown,no_alert_not_final_benign,-1,dns,port
2025-07-19T23:03:23.671367+0700,103.195.142.2,13.105.166.77,53,6646,UDP,flow,failed,51859253310046,,1,1,0,178,0,0.0,1,178,0,none,0,none,0,0,0,no_alert_unknown,no_alert_not_final_benign,-1,dns,port
2025-07-19T23:03:23.671397+0700,103.195.142.2,208.67.217.161,53,19383,UDP,flow,failed,1085334865523388,,1,1,0,132,0,0.0,1,132,0,none,0,none,0,0,0,no_alert_unknown,no_alert_not_final_benign,-1,dns,port
2025-07-19T23:03:23.671416+0700,103.195.142.196,87.98.154.117,53,2959,UDP,flow,failed,2129182952731358,,1,1,0,1437,0,0.0,1,1437,0,none,0,none,0,0,0,no_alert_unknown,no_alert_not_final_benign,-1,dns,port
2025-07-19T23:03:23.671450+0700,103.195.142.74,118.98.44.100,43147,53,UDP,flow,dns,886825379377887,,1,2,0,204,0,7.0,2,204,0,none,0,none,0,0,0,no_alert_unknown,no_alert_not_final_benign,-1,dns,app_proto+port
2025-07-19T23:03:23.671487+0700,103.195.142.74,118.98.44.50,52803,53,UDP,flow,dns,658917402424037,,1,2,0,168,0,1.0,2,168,0,none,0,none,0,0,0,no_alert_unknown,no_alert_not_final_benign,-1,dns,app_proto+port
2025-07-19T23:03:23.671523+0700,103.195.142.74,202.134.0.155,3401,53,UDP,flow,dns,80028038738733,,1,1,0,232,0,0.0,1,232,0,none,0,none,0,0,0,no_alert_unknown,no_alert_not_final_benign,-1,dns,app_proto+port
2025-07-19T23:03:23.671641+0700,103.195.142.109,87.98.154.73,53,15396,UDP,flow,failed,280342402904972,,1,1,0,1437,0,0.0,1,1437,0,none,0,none,0,0,0,no_alert_unknown,no_alert_not_final_benign,-1,dns,port
2025-07-19T23:03:23.671730+0700,103.195.142.74,50.28.32.153,50330,53,UDP,flow,dns,608474139538330,,1,1,0,91,0,0.0,1,91,0,none,0,none,0,0,0,no_alert_unknown,no_alert_not_final_benign,-1,dns,app_proto+port
2025-07-19T23:03:23.671759+0700,103.195.142.46,87.98.154.11,53,10307,UDP,flow,failed,1990362420556716,,1,1,0,1437,0,0.0,1,1437,0,none,0,none,0,0,0,no_alert_unknown,no_alert_not_final_benign,-1,dns,port
2025-07-19T23:03:23.671806+0700,103.195.142.83,87.98.154.46,53,17495,UDP,flow,failed,790399703856165,,1,1,0,1190,0,0.0,1,1190,0,none,0,none,0,0,0,no_alert_unknown,no_alert_not_final_benign,-1,dns,port
2025-07-19T23:03:23.671846+0700,103.195.142.74,118.98.44.50,59206,53,UDP,flow,dns,1063492250907801,,1,1,0,77,0,0.0,1,77,0,none,0,none,0,0,0,no_alert_unknown,no_alert_not_final_benign,-1,dns,app_proto+port
2025-07-19T23:03:23.671881+0700,103.195.142.74,118.98.44.100,36847,53,UDP,flow,dns,749306369815859,,1,1,0,68,0,0.0,1,68,0,none,0,none,0,0,0,no_alert_unknown,no_alert_not_final_benign,-1,dns,app_proto+port
2025-07-19T23:03:23.671919+0700,103.195.142.196,87.98.154.119,53,46266,UDP,flow,failed,2072147697677626,,1,1,0,1437,0,0.0,1,1437,0,none,0,none,0,0,0,no_alert_unknown,no_alert_not_final_benign,-1,dns,port
2025-07-19T23:03:23.671968+0700,103.195.142.109,87.98.154.17,53,8537,UDP,flow,failed,447642485601606,,1,1,0,1437,0,0.0,1,1437,0,none,0,none,0,0,0,no_alert_unknown,no_alert_not_final_benign,-1,dns,port
2025-07-19T23:03:23.672011+0700,103.195.142.196,87.98.154.101,53,21153,UDP,flow,failed,392893079565650,,1,1,0,1437,0,0.0,1,1437,0,none,0,none,0,0,0,no_alert_unknown,no_alert_not_final_benign,-1,dns,port
2025-07-19T23:03:23.672162+0700,103.195.142.83,87.98.154.119,53,14011,UDP,flow,failed,619927355340191,,1,1,0,1190,0,0.0,1,1190,0,none,0,none,0,0,0,no_alert_unknown,no_alert_not_final_benign,-1,dns,port
2025-07-19T23:03:23.672181+0700,103.195.142.75,216.38.8.120,1641,53,UDP,flow,dns,273383902557620,,1,1,0,85,0,0.0,1,85,0,none,0,none,0,0,0,no_alert_unknown,no_alert_not_final_benign,-1,dns,app_proto+port
2025-07-19T23:03:23.672262+0700,103.195.142.75,8.8.8.8,32837,53,UDP,flow,dns,846322089277016,,1,1,0,77,0,0.0,1,77,0,none,0,none,0,0,0,no_alert_unknown,no_alert_not_final_benign,-1,dns,app_proto+port
2025-07-19T23:03:23.672329+0700,103.195.142.46,87.98.154.131,53,17596,UDP,flow,failed,2177755093808755,,1,1,0,1437,0,0.0,1,1437,0,none,0,none,0,0,0,no_alert_unknown,no_alert_not_final_benign,-1,dns,port
2025-07-19T23:03:23.672364+0700,103.195.142.165,87.98.154.205,53,15089,UDP,flow,failed,673313292236408,,1,1,0,1437,0,0.0,1,1437,0,none,0,none,0,0,0,no_alert_unknown,no_alert_not_final_benign,-1,dns,port
2025-07-19T23:03:23.672384+0700,103.195.142.76,87.98.154.119,53,3192,UDP,flow,failed,66376642541219,,1,1,0,1469,0,0.0,1,1469,0,none,0,none,0,0,0,no_alert_unknown,no_alert_not_final_benign,-1,dns,port
2025-07-19T23:03:23.672414+0700,103.195.142.2,74.63.24.236,53,61935,UDP,flow,failed,951891383498444,,1,1,0,178,0,0.0,1,178,0,none,0,none,0,0,0,no_alert_unknown,no_alert_not_final_benign,-1,dns,port
2025-07-19T23:03:23.672434+0700,103.195.142.76,87.98.154.78,53,26823,UDP,flow,failed,758057539221203,,1,1,0,1469,0,0.0,1,1469,0,none,0,none,0,0,0,no_alert_unknown,no_alert_not_final_benign,-1,dns,port
2025-07-19T23:03:23.672453+0700,103.195.142.74,202.134.0.155,4737,53,UDP,flow,dns,879279363143419,,1,1,0,74,0,0.0,1,74,0,none,0,none,0,0,0,no_alert_unknown,no_alert_not_final_benign,-1,dns,app_proto+port
2025-07-19T23:03:23.672497+0700,103.195.142.3,74.178.91.56,53,59800,UDP,flow,failed,223092883732251,,1,1,0,537,0,0.0,1,537,0,none,0,none,0,0,0,no_alert_unknown,no_alert_not_final_benign,-1,dns,port
2025-07-19T23:03:23.672535+0700,103.195.142.196,87.98.154.118,53,51924,UDP,flow,failed,925553054201654,,1,1,0,1437,0,0.0,1,1437,0,none,0,none,0,0,0,no_alert_unknown,no_alert_not_final_benign,-1,dns,port
2025-07-19T23:03:23.672599+0700,103.195.142.195,87.98.154.88,53,23074,UDP,flow,failed,136918172645305,,1,1,0,1437,0,0.0,1,1437,0,none,0,none,0,0,0,no_alert_unknown,no_alert_not_final_benign,-1,dns,port
2025-07-19T23:03:23.672627+0700,103.195.142.74,202.134.0.155,3433,53,UDP,dns,,918588880910903,wire/pcap,0,0,0,0,0,0.0,0,0,0,none,0,none,0,0,0,no_alert_unknown,no_alert_not_final_benign,-1,dns,port
2025-07-19T23:03:23.672715+0700,103.195.142.83,87.98.154.18,53,52628,UDP,flow,failed,1022838440212501,,1,1,0,1190,0,0.0,1,1190,0,none,0,none,0,0,0,no_alert_unknown,no_alert_not_final_benign,-1,dns,port
2025-07-19T23:03:23.672737+0700,103.195.142.74,118.98.44.20,62657,53,UDP,flow,dns,642489608386609,,1,1,0,74,0,0.0,1,74,0,none,0,none,0,0,0,no_alert_unknown,no_alert_not_final_benign,-1,dns,app_proto+port
2025-07-19T23:03:23.672938+0700,103.195.142.83,87.98.154.246,53,2543,UDP,flow,failed,1871549848435025,,1,3,0,3570,0,9.0,3,3570,0,none,0,none,0,0,0,no_alert_unknown,no_alert_not_final_benign,-1,dns,port
2025-07-19T23:03:23.672964+0700,103.195.142.76,87.98.154.119,53,40562,UDP,flow,failed,2209528916031829,,1,1,0,1469,0,0.0,1,1469,0,none,0,none,0,0,0,no_alert_unknown,no_alert_not_final_benign,-1,dns,port
2025-07-19T23:03:23.672834+0700,103.195.142.75,118.98.44.50,26860,53,UDP,dns,,919475563474564,wire/pcap,0,0,0,0,0,0.0,0,0,0,none,0,none,0,0,0,no_alert_unknown,no_alert_not_final_benign,-1,dns,port
2025-07-19T23:03:23.673012+0700,103.195.142.196,87.98.154.119,53,30186,UDP,flow,failed,235410275711326,,1,1,0,1437,0,0.0,1,1437,0,none,0,none,0,0,0,no_alert_unknown,no_alert_not_final_benign,-1,dns,port
2025-07-19T23:03:23.673128+0700,103.195.142.165,87.98.154.89,53,29268,UDP,flow,failed,1979403816614261,,1,1,0,1437,0,0.0,1,1437,0,none,0,none,0,0,0,no_alert_unknown,no_alert_not_final_benign,-1,dns,port
2025-07-19T23:03:23.673159+0700,103.195.142.74,118.98.44.50,61066,53,UDP,flow,dns,465507801840032,,1,1,0,102,0,0.0,1,102,0,none,0,none,0,0,0,no_alert_unknown,no_alert_not_final_benign,-1,dns,app_proto+port
2025-07-19T23:03:23.673231+0700,103.195.142.74,118.98.44.50,22962,53,UDP,flow,dns,2219476049607119,,1,1,0,86,0,0.0,1,86,0,none,0,none,0,0,0,no_alert_unknown,no_alert_not_final_benign,-1,dns,app_proto+port
2025-07-19T23:03:23.673280+0700,103.195.142.46,87.98.154.219,53,56216,UDP,flow,failed,1979384389777876,,1,1,0,1437,0,0.0,1,1437,0,none,0,none,0,0,0,no_alert_unknown,no_alert_not_final_benign,-1,dns,port
2025-07-19T23:03:23.673400+0700,103.195.142.74,118.98.44.50,40092,53,UDP,flow,dns,564993658206760,,1,1,0,80,0,0.0,1,80,0,none,0,none,0,0,0,no_alert_unknown,no_alert_not_final_benign,-1,dns,app_proto+port
2025-07-19T23:03:23.673428+0700,103.195.142.74,118.98.44.20,41938,53,UDP,flow,dns,980072949889628,,1,1,0,89,0,0.0,1,89,0,none,0,none,0,0,0,no_alert_unknown,no_alert_not_final_benign,-1,dns,app_proto+port
2025-07-19T23:03:23.673474+0700,103.195.142.74,118.98.44.20,25904,53,UDP,flow,dns,353103870376572,,1,1,0,243,0,0.0,1,243,0,none,0,none,0,0,0,no_alert_unknown,no_alert_not_final_benign,-1,dns,app_proto+port
2025-07-19T23:03:23.673525+0700,103.195.142.74,202.134.0.155,14175,53,UDP,flow,dns,346225022024406,,1,1,0,88,0,0.0,1,88,0,none,0,none,0,0,0,no_alert_unknown,no_alert_not_final_benign,-1,dns,app_proto+port
2025-07-19T23:03:23.673569+0700,103.195.142.76,87.98.154.22,53,50028,UDP,flow,failed,657519510239993,,1,1,0,1469,0,0.0,1,1469,0,none,0,none,0,0,0,no_alert_unknown,no_alert_not_final_benign,-1,dns,port
2025-07-19T23:03:23.673593+0700,103.195.142.196,87.98.154.169,53,60769,UDP,flow,failed,806957527481105,,1,1,0,1437,0,0.0,1,1437,0,none,0,none,0,0,0,no_alert_unknown,no_alert_not_final_benign,-1,dns,port
2025-07-19T23:03:23.673612+0700,103.195.142.3,172.217.32.157,53,61947,UDP,flow,failed,919948689292052,,1,1,0,216,0,0.0,1,216,0,none,0,none,0,0,0,no_alert_unknown,no_alert_not_final_benign,-1,dns,port
2025-07-19T23:03:23.673630+0700,103.195.142.3,208.67.217.162,53,62609,UDP,flow,failed,892901137333152,,1,1,0,159,0,0.0,1,159,0,none,0,none,0,0,0,no_alert_unknown,no_alert_not_final_benign,-1,dns,port
2025-07-19T23:03:23.673649+0700,103.195.142.46,87.98.154.117,53,25518,UDP,flow,failed,676055283415970,,1,1,0,1437,0,0.0,1,1437,0,none,0,none,0,0,0,no_alert_unknown,no_alert_not_final_benign,-1,dns,port
2025-07-19T23:03:23.673668+0700,103.195.142.46,87.98.154.119,53,38176,UDP,flow,failed,90963788381133,,1,1,0,1437,0,0.0,1,1437,0,none,0,none,0,0,0,no_alert_unknown,no_alert_not_final_benign,-1,dns,port
2025-07-19T23:03:23.673686+0700,103.195.142.2,180.241.27.222,53,18157,UDP,flow,failed,2105856868301818,,1,1,0,132,0,0.0,1,132,0,none,0,none,0,0,0,no_alert_unknown,no_alert_not_final_benign,-1,dns,port
2025-07-19T23:03:23.673705+0700,103.195.142.74,118.98.44.50,20149,53,UDP,flow,dns,394141911694489,,1,1,0,130,0,0.0,1,130,0,none,0,none,0,0,0,no_alert_unknown,no_alert_not_final_benign,-1,dns,app_proto+port
2025-07-19T23:03:23.673725+0700,103.195.142.195,87.98.154.119,53,55556,UDP,flow,failed,333667759373474,,1,1,0,1437,0,0.0,1,1437,0,none,0,none,0,0,0,no_alert_unknown,no_alert_not_final_benign,-1,dns,port
2025-07-19T23:03:23.673761+0700,103.195.142.83,87.98.154.74,53,11233,UDP,flow,failed,562041978698995,,1,1,0,1190,0,0.0,1,1190,0,none,0,none,0,0,0,no_alert_unknown,no_alert_not_final_benign,-1,dns,port
2025-07-19T23:03:23.673782+0700,103.195.142.74,202.134.0.155,4612,53,UDP,flow,dns,125863174683894,,1,1,0,88,0,0.0,1,88,0,none,0,none,0,0,0,no_alert_unknown,no_alert_not_final_benign,-1,dns,app_proto+port
2025-07-19T23:03:23.673871+0700,103.195.142.196,87.98.154.119,53,47465,UDP,flow,failed,32528529243433,,1,1,0,1437,0,0.0,1,1437,0,none,0,none,0,0,0,no_alert_unknown,no_alert_not_final_benign,-1,dns,port
2025-07-19T23:03:23.673892+0700,103.195.142.165,87.98.154.119,53,23530,UDP,flow,failed,404355321576879,,1,1,0,1437,0,0.0,1,1437,0,none,0,none,0,0,0,no_alert_unknown,no_alert_not_final_benign,-1,dns,port
2025-07-19T23:03:23.673912+0700,103.195.142.3,13.105.166.76,53,54840,UDP,flow,failed,99891376176673,,1,1,0,135,0,0.0,1,135,0,none,0,none,0,0,0,no_alert_unknown,no_alert_not_final_benign,-1,dns,port
2025-07-19T23:03:23.673977+0700,103.195.142.196,87.98.154.1,53,52947,UDP,flow,failed,482661656903202,,1,3,0,4311,0,10.0,3,4311,0,none,0,none,0,0,0,no_alert_unknown,no_alert_not_final_benign,-1,dns,port
2025-07-19T23:03:23.674000+0700,103.195.142.165,87.98.154.119,53,61765,UDP,flow,failed,2134743960206917,,1,1,0,1437,0,0.0,1,1437,0,none,0,none,0,0,0,no_alert_unknown,no_alert_not_final_benign,-1,dns,port
2025-07-19T23:03:23.674019+0700,103.195.142.83,87.98.154.162,53,8468,UDP,flow,failed,411164515057325,,1,1,0,1190,0,0.0,1,1190,0,none,0,none,0,0,0,no_alert_unknown,no_alert_not_final_benign,-1,dns,port
2025-07-19T23:03:23.674038+0700,103.195.142.3,180.241.233.97,53,14883,UDP,flow,failed,248434982600368,,1,1,0,135,0,0.0,1,135,0,none,0,none,0,0,0,no_alert_unknown,no_alert_not_final_benign,-1,dns,port
2025-07-19T23:03:23.674159+0700,103.195.142.2,13.105.68.209,53,21054,UDP,flow,failed,2202786620391253,,1,1,0,178,0,0.0,1,178,0,none,0,none,0,0,0,no_alert_unknown,no_alert_not_final_benign,-1,dns,port
2025-07-19T23:03:23.674178+0700,103.195.142.83,87.98.154.246,53,30040,UDP,flow,failed,592272355442607,,1,1,0,1190,0,0.0,1,1190,0,none,0,none,0,0,0,no_alert_unknown,no_alert_not_final_benign,-1,dns,port
2025-07-19T23:03:23.674196+0700,103.195.142.46,87.98.154.119,53,13182,UDP,flow,failed,928428038569932,,1,1,0,1437,0,0.0,1,1437,0,none,0,none,0,0,0,no_alert_unknown,no_alert_not_final_benign,-1,dns,port
2025-07-19T23:03:23.674233+0700,103.195.142.3,208.67.217.167,53,52701,UDP,flow,failed,832641807499233,,1,1,0,159,0,0.0,1,159,0,none,0,none,0,0,0,no_alert_unknown,no_alert_not_final_benign,-1,dns,port
2025-07-19T23:03:23.674261+0700,103.195.142.46,87.98.154.191,53,53845,UDP,flow,failed,1044279772921865,,1,1,0,1437,0,0.0,1,1437,0,none,0,none,0,0,0,no_alert_unknown,no_alert_not_final_benign,-1,dns,port
2025-07-19T23:03:23.674280+0700,103.195.142.196,87.98.154.169,53,8145,UDP,flow,failed,542435315171351,,1,1,0,1437,0,0.0,1,1437,0,none,0,none,0,0,0,no_alert_unknown,no_alert_not_final_benign,-1,dns,port
2025-07-19T23:03:23.674298+0700,103.195.142.83,87.98.154.119,53,5453,UDP,flow,failed,381751216193660,,1,1,0,1190,0,0.0,1,1190,0,none,0,none,0,0,0,no_alert_unknown,no_alert_not_final_benign,-1,dns,port
2025-07-19T23:03:23.674317+0700,103.195.142.75,216.38.8.120,34465,53,UDP,flow,dns,208333762936977,,1,1,0,91,0,0.0,1,91,0,none,0,none,0,0,0,no_alert_unknown,no_alert_not_final_benign,-1,dns,app_proto+port
2025-07-19T23:03:23.674336+0700,103.195.142.196,87.98.154.118,53,5958,UDP,flow,failed,636919748640984,,1,1,0,1437,0,0.0,1,1437,0,none,0,none,0,0,0,no_alert_unknown,no_alert_not_final_benign,-1,dns,port
2025-07-19T23:03:23.674355+0700,103.195.142.74,50.28.102.86,45972,53,UDP,flow,dns,655890999754991,,1,1,0,141,0,0.0,1,141,0,none,0,none,0,0,0,no_alert_unknown,no_alert_not_final_benign,-1,dns,app_proto+port
2025-07-19T23:03:23.674395+0700,103.195.142.76,87.98.154.106,53,17856,UDP,flow,failed,170322371887471,,1,1,0,1469,0,0.0,1,1469,0,none,0,none,0,0,0,no_alert_unknown,no_alert_not_final_benign,-1,dns,port
2025-07-19T23:03:23.674480+0700,103.195.142.74,118.98.44.50,42810,53,UDP,flow,dns,1085373047128479,,1,1,0,68,0,0.0,1,68,0,none,0,none,0,0,0,no_alert_unknown,no_alert_not_final_benign,-1,dns,app_proto+port
2025-07-19T23:03:23.674547+0700,103.195.142.109,87.98.154.118,53,53887,UDP,flow,failed,25825031569864,,1,1,0,1437,0,0.0,1,1437,0,none,0,none,0,0,0,no_alert_unknown,no_alert_not_final_benign,-1,dns,port
2025-07-19T23:03:23.674567+0700,103.195.142.195,87.98.154.4,53,60547,UDP,flow,failed,25033367241165,,1,1,0,1437,0,0.0,1,1437,0,none,0,none,0,0,0,no_alert_unknown,no_alert_not_final_benign,-1,dns,port
2025-07-19T23:03:23.674607+0700,103.195.142.3,13.105.166.77,53,13024,UDP,flow,failed,255060072350162,,1,1,0,154,0,0.0,1,154,0,none,0,none,0,0,0,no_alert_unknown,no_alert_not_final_benign,-1,dns,port
2025-07-19T23:03:23.674625+0700,103.195.142.165,87.98.154.119,53,36841,UDP,flow,failed,1112489298444842,,1,1,0,1437,0,0.0,1,1437,0,none,0,none,0,0,0,no_alert_unknown,no_alert_not_final_benign,-1,dns,port
2025-07-19T23:03:23.674725+0700,103.195.142.74,202.134.0.155,41623,53,UDP,flow,dns,1874977533149800,,1,2,0,204,0,5.0,2,204,0,none,0,none,0,0,0,no_alert_unknown,no_alert_not_final_benign,-1,dns,app_proto+port
2025-07-19T23:03:23.674770+0700,103.195.142.3,208.67.217.161,53,43594,UDP,flow,failed,1087775659541269,,1,1,0,175,0,0.0,1,175,0,none,0,none,0,0,0,no_alert_unknown,no_alert_not_final_benign,-1,dns,port
2025-07-19T23:03:23.674788+0700,103.195.142.165,87.98.154.117,53,41444,UDP,flow,failed,179047620231964,,1,1,0,1437,0,0.0,1,1437,0,none,0,none,0,0,0,no_alert_unknown,no_alert_not_final_benign,-1,dns,port
2025-07-19T23:03:23.674807+0700,103.195.142.165,87.98.154.193,53,24593,UDP,flow,failed,504896259965751,,1,1,0,1437,0,0.0,1,1437,0,none,0,none,0,0,0,no_alert_unknown,no_alert_not_final_benign,-1,dns,port
2025-07-19T23:03:23.674825+0700,103.195.142.83,87.98.154.119,53,40779,UDP,flow,failed,493812635681621,,1,1,0,1190,0,0.0,1,1190,0,none,0,none,0,0,0,no_alert_unknown,no_alert_not_final_benign,-1,dns,port
2025-07-19T23:03:23.674870+0700,103.195.142.165,87.98.154.169,53,54439,UDP,flow,failed,537535218140056,,1,1,0,1437,0,0.0,1,1437,0,none,0,none,0,0,0,no_alert_unknown,no_alert_not_final_benign,-1,dns,port
2025-07-19T23:03:23.674890+0700,103.195.142.75,8.8.8.8,54810,53,UDP,flow,dns,407724804227998,,1,1,0,223,0,0.0,1,223,0,none,0,none,0,0,0,no_alert_unknown,no_alert_not_final_benign,-1,dns,app_proto+port
2025-07-19T23:03:23.674920+0700,103.195.142.109,87.98.154.119,53,14637,UDP,flow,failed,882408930624617,,1,1,0,1437,0,0.0,1,1437,0,none,0,none,0,0,0,no_alert_unknown,no_alert_not_final_benign,-1,dns,port
2025-07-19T23:03:23.674964+0700,103.195.142.74,118.98.44.20,19661,53,UDP,flow,dns,768087529243845,,1,1,0,68,0,0.0,1,68,0,none,0,none,0,0,0,no_alert_unknown,no_alert_not_final_benign,-1,dns,app_proto+port
2025-07-19T23:03:23.675055+0700,103.195.142.46,87.98.154.119,53,27168,UDP,flow,failed,2036287528781118,,1,1,0,1437,0,0.0,1,1437,0,none,0,none,0,0,0,no_alert_unknown,no_alert_not_final_benign,-1,dns,port
2025-07-19T23:03:23.675077+0700,103.195.142.165,87.98.154.118,53,63568,UDP,flow,failed,263042983216462,,1,1,0,1437,0,0.0,1,1437,0,none,0,none,0,0,0,no_alert_unknown,no_alert_not_final_benign,-1,dns,port
2025-07-19T23:03:23.675160+0700,103.195.142.165,87.98.154.119,53,1252,UDP,flow,failed,1109480142882145,,1,1,0,1437,0,0.0,1,1437,0,none,0,none,0,0,0,no_alert_unknown,no_alert_not_final_benign,-1,dns,port
2025-07-19T23:03:23.675205+0700,103.195.142.3,180.241.27.60,53,64749,UDP,flow,failed,2109700033430895,,1,1,0,132,0,0.0,1,132,0,none,0,none,0,0,0,no_alert_unknown,no_alert_not_final_benign,-1,dns,port
2025-07-19T23:03:23.675232+0700,103.195.142.165,87.98.154.5,53,45887,UDP,flow,failed,220679915259275,,1,1,0,1437,0,0.0,1,1437,0,none,0,none,0,0,0,no_alert_unknown,no_alert_not_final_benign,-1,dns,port
2025-07-19T23:03:23.675250+0700,103.195.142.2,51.38.107.65,53,14260,UDP,flow,failed,2019568005629397,,1,1,0,127,0,0.0,1,127,0,none,0,none,0,0,0,no_alert_unknown,no_alert_not_final_benign,-1,dns,port
2025-07-19T23:03:23.675269+0700,103.195.142.2,13.105.70.76,53,27824,UDP,flow,failed,186274511144414,,1,1,0,154,0,0.0,1,154,0,none,0,none,0,0,0,no_alert_unknown,no_alert_not_final_benign,-1,dns,port
2025-07-19T23:03:23.675349+0700,103.195.142.75,8.8.8.8,12736,53,UDP,flow,dns,2232747880695457,,1,1,0,86,0,0.0,1,86,0,none,0,none,0,0,0,no_alert_unknown,no_alert_not_final_benign,-1,dns,app_proto+port
2025-07-19T23:03:23.675375+0700,103.195.142.74,69.16.230.48,39076,53,UDP,flow,dns,431749309351661,,1,1,0,85,0,0.0,1,85,0,none,0,none,0,0,0,no_alert_unknown,no_alert_not_final_benign,-1,dns,app_proto+port
2025-07-19T23:03:23.675416+0700,103.195.142.3,208.67.217.169,53,2681,UDP,flow,failed,690086792087342,,1,1,0,132,0,0.0,1,132,0,none,0,none,0,0,0,no_alert_unknown,no_alert_not_final_benign,-1,dns,port
2025-07-19T23:03:23.675458+0700,103.195.142.74,118.98.44.20,22383,53,UDP,flow,dns,546656297699149,,1,1,0,68,0,0.0,1,68,0,none,0,none,0,0,0,no_alert_unknown,no_alert_not_final_benign,-1,dns,app_proto+port
2025-07-19T23:03:23.675477+0700,103.195.142.3,208.67.217.186,53,35407,UDP,flow,failed,718790716573537,,1,1,0,132,0,0.0,1,132,0,none,0,none,0,0,0,no_alert_unknown,no_alert_not_final_benign,-1,dns,port
2025-07-19T23:03:23.675522+0700,103.195.142.195,87.98.154.119,53,50640,UDP,flow,failed,951965795239789,,1,1,0,1437,0,0.0,1,1437,0,none,0,none,0,0,0,no_alert_unknown,no_alert_not_final_benign,-1,dns,port
2025-07-19T23:03:23.675541+0700,103.195.142.46,87.98.154.119,53,58283,UDP,flow,failed,1009395207587696,,1,1,0,1437,0,0.0,1,1437,0,none,0,none,0,0,0,no_alert_unknown,no_alert_not_final_benign,-1,dns,port
2025-07-19T23:03:23.675578+0700,103.195.142.76,87.98.154.119,53,35253,UDP,flow,failed,94847029167991,,1,1,0,1469,0,0.0,1,1469,0,none,0,none,0,0,0,no_alert_unknown,no_alert_not_final_benign,-1,dns,port
2025-07-19T23:03:23.675597+0700,103.195.142.195,87.98.154.119,53,45763,UDP,flow,failed,891575995287500,,1,1,0,1437,0,0.0,1,1437,0,none,0,none,0,0,0,no_alert_unknown,no_alert_not_final_benign,-1,dns,port
2025-07-19T23:03:23.675615+0700,103.195.142.109,87.98.154.119,53,33430,UDP,flow,failed,605493400586194,,1,1,0,1437,0,0.0,1,1437,0,none,0,none,0,0,0,no_alert_unknown,no_alert_not_final_benign,-1,dns,port
2025-07-19T23:03:23.675698+0700,103.195.142.195,87.98.154.248,53,21951,UDP,flow,failed,2166914110081127,,1,1,0,1437,0,0.0,1,1437,0,none,0,none,0,0,0,no_alert_unknown,no_alert_not_final_benign,-1,dns,port
2025-07-19T23:03:23.675721+0700,103.195.142.195,87.98.154.176,53,51416,UDP,flow,failed,778264144267379,,1,1,0,1437,0,0.0,1,1437,0,none,0,none,0,0,0,no_alert_unknown,no_alert_not_final_benign,-1,dns,port
2025-07-19T23:03:23.675753+0700,103.195.142.74,202.134.0.155,20015,53,UDP,flow,dns,919190361688229,,1,1,0,81,0,0.0,1,81,0,none,0,none,0,0,0,no_alert_unknown,no_alert_not_final_benign,-1,dns,app_proto+port
2025-07-19T23:03:23.675788+0700,103.195.142.75,136.243.75.67,23516,53,UDP,flow,dns,612023281141959,,1,1,0,85,0,0.0,1,85,0,none,0,none,0,0,0,no_alert_unknown,no_alert_not_final_benign,-1,dns,app_proto+port
2025-07-19T23:03:23.675816+0700,103.195.142.76,87.98.154.119,53,58117,UDP,flow,failed,844635341342928,,1,1,0,1469,0,0.0,1,1469,0,none,0,none,0,0,0,no_alert_unknown,no_alert_not_final_benign,-1,dns,port
2025-07-19T23:03:23.675834+0700,103.195.142.74,118.98.44.100,50964,53,UDP,flow,dns,944892209809618,,1,1,0,88,0,0.0,1,88,0,none,0,none,0,0,0,no_alert_unknown,no_alert_not_final_benign,-1,dns,app_proto+port
2025-07-19T23:03:23.675875+0700,103.195.142.74,202.134.0.155,33215,53,UDP,flow,dns,1088325355849974,,1,1,0,74,0,0.0,1,74,0,none,0,none,0,0,0,no_alert_unknown,no_alert_not_final_benign,-1,dns,app_proto+port
2025-07-19T23:03:23.675897+0700,103.195.142.2,172.70.116.71,53,22513,UDP,flow,failed,297190437964037,,1,1,0,126,0,0.0,1,126,0,none,0,none,0,0,0,no_alert_unknown,no_alert_not_final_benign,-1,dns,port
2025-07-19T23:03:23.675958+0700,103.195.142.74,118.98.44.20,62216,53,UDP,flow,dns,1987188081314179,,1,1,0,77,0,0.0,1,77,0,none,0,none,0,0,0,no_alert_unknown,no_alert_not_final_benign,-1,dns,app_proto+port
2025-07-19T23:03:23.675979+0700,103.195.142.195,87.98.154.148,53,31651,UDP,flow,failed,54762410953144,,1,3,0,4311,0,9.0,3,4311,0,none,0,none,0,0,0,no_alert_unknown,no_alert_not_final_benign,-1,dns,port
2025-07-19T23:03:23.676125+0700,103.195.142.75,8.8.8.8,53989,53,UDP,flow,dns,57221553081017,,1,1,0,74,0,0.0,1,74,0,none,0,none,0,0,0,no_alert_unknown,no_alert_not_final_benign,-1,dns,app_proto+port
2025-07-19T23:03:23.676146+0700,103.195.142.74,118.98.44.50,38945,53,UDP,flow,dns,679262834608921,,1,1,0,223,0,0.0,1,223,0,none,0,none,0,0,0,no_alert_unknown,no_alert_not_final_benign,-1,dns,app_proto+port
2025-07-19T23:03:23.676184+0700,103.195.142.74,118.98.44.100,63878,53,UDP,flow,dns,719051125705564,,1,1,0,223,0,0.0,1,223,0,none,0,none,0,0,0,no_alert_unknown,no_alert_not_final_benign,-1,dns,app_proto+port
2025-07-19T23:03:23.676225+0700,103.195.142.196,87.98.154.119,53,19277,UDP,flow,failed,27730300783591,,1,1,0,1437,0,0.0,1,1437,0,none,0,none,0,0,0,no_alert_unknown,no_alert_not_final_benign,-1,dns,port
2025-07-19T23:03:23.676249+0700,103.195.142.74,118.98.44.20,32716,53,UDP,flow,dns,581023731371013,,1,1,0,68,0,0.0,1,68,0,none,0,none,0,0,0,no_alert_unknown,no_alert_not_final_benign,-1,dns,app_proto+port
2025-07-19T23:03:23.676332+0700,103.195.142.196,87.98.154.85,53,64082,UDP,flow,failed,827031227944087,,1,1,0,1437,0,0.0,1,1437,0,none,0,none,0,0,0,no_alert_unknown,no_alert_not_final_benign,-1,dns,port
2025-07-19T23:03:23.676374+0700,103.195.142.75,8.8.8.8,48407,53,UDP,flow,dns,654077250129104,,1,1,0,232,0,0.0,1,232,0,none,0,none,0,0,0,no_alert_unknown,no_alert_not_final_benign,-1,dns,app_proto+port
2025-07-19T23:03:23.676396+0700,103.195.142.109,87.98.154.119,53,64436,UDP,flow,failed,42230656224464,,1,1,0,1437,0,0.0,1,1437,0,none,0,none,0,0,0,no_alert_unknown,no_alert_not_final_benign,-1,dns,port
2025-07-19T23:03:23.676415+0700,103.195.142.74,118.98.44.50,31912,53,UDP,flow,dns,2098774664170741,,1,1,0,100,0,0.0,1,100,0,none,0,none,0,0,0,no_alert_unknown,no_alert_not_final_benign,-1,dns,app_proto+port
2025-07-19T23:03:23.676468+0700,103.195.142.76,87.98.154.50,53,2281,UDP,flow,failed,1717728148868374,,1,3,0,4407,0,10.0,3,4407,0,none,0,none,0,0,0,no_alert_unknown,no_alert_not_final_benign,-1,dns,port
2025-07-19T23:03:23.676489+0700,103.195.142.165,87.98.154.119,53,52924,UDP,flow,failed,1978423808773481,,1,1,0,1437,0,0.0,1,1437,0,none,0,none,0,0,0,no_alert_unknown,no_alert_not_final_benign,-1,dns,port
2025-07-19T23:03:23.676510+0700,103.195.142.2,208.67.217.165,53,57683,UDP,flow,failed,984185528995212,,1,1,0,132,0,0.0,1,132,0,none,0,none,0,0,0,no_alert_unknown,no_alert_not_final_benign,-1,dns,port
2025-07-19T23:03:23.676529+0700,103.195.142.74,202.134.0.155,41353,53,UDP,flow,dns,906421288717765,,1,1,0,68,0,0.0,1,68,0,none,0,none,0,0,0,no_alert_unknown,no_alert_not_final_benign,-1,dns,app_proto+port
2025-07-19T23:03:23.676550+0700,103.195.142.195,87.98.154.119,53,53672,UDP,flow,failed,2244068523331054,,1,1,0,1437,0,0.0,1,1437,0,none,0,none,0,0,0,no_alert_unknown,no_alert_not_final_benign,-1,dns,port
2025-07-19T23:03:23.676574+0700,103.195.142.196,87.98.154.119,53,38693,UDP,flow,failed,399571651481095,,1,1,0,1437,0,0.0,1,1437,0,none,0,none,0,0,0,no_alert_unknown,no_alert_not_final_benign,-1,dns,port
2025-07-19T23:03:23.676592+0700,103.195.142.74,118.98.44.100,43850,53,UDP,flow,dns,923074597441045,,1,1,0,80,0,0.0,1,80,0,none,0,none,0,0,0,no_alert_unknown,no_alert_not_final_benign,-1,dns,app_proto+port
2025-07-19T23:03:23.676666+0700,103.195.142.196,87.98.154.113,53,27965,UDP,flow,failed,1724149352124105,,1,3,0,4311,0,9.0,3,4311,0,none,0,none,0,0,0,no_alert_unknown,no_alert_not_final_benign,-1,dns,port
2025-07-19T23:03:23.676756+0700,103.195.142.76,87.98.154.119,53,35042,UDP,flow,failed,2006526274719548,,1,1,0,1469,0,0.0,1,1469,0,none,0,none,0,0,0,no_alert_unknown,no_alert_not_final_benign,-1,dns,port
2025-07-19T23:03:23.676807+0700,103.195.142.109,87.98.154.161,53,21666,UDP,flow,failed,938074795757422,,1,1,0,1437,0,0.0,1,1437,0,none,0,none,0,0,0,no_alert_unknown,no_alert_not_final_benign,-1,dns,port
2025-07-19T23:03:23.676836+0700,103.195.142.165,87.98.154.61,53,10300,UDP,flow,failed,403104158535593,,1,1,0,1437,0,0.0,1,1437,0,none,0,none,0,0,0,no_alert_unknown,no_alert_not_final_benign,-1,dns,port
2025-07-19T23:03:23.676932+0700,103.195.142.76,87.98.154.134,53,14985,UDP,flow,failed,35204938158084,,1,1,0,1469,0,0.0,1,1469,0,none,0,none,0,0,0,no_alert_unknown,no_alert_not_final_benign,-1,dns,port
2025-07-19T23:03:23.676968+0700,103.195.142.109,87.98.154.45,53,44012,UDP,flow,failed,74852602171442,,1,1,0,1437,0,0.0,1,1437,0,none,0,none,0,0,0,no_alert_unknown,no_alert_not_final_benign,-1,dns,port
2025-07-19T23:03:23.676987+0700,103.195.142.46,87.98.154.119,53,40033,UDP,flow,failed,1083738700468299,,1,1,0,1437,0,0.0,1,1437,0,none,0,none,0,0,0,no_alert_unknown,no_alert_not_final_benign,-1,dns,port
2025-07-19T23:03:23.677024+0700,103.195.142.2,172.253.236.221,53,62566,UDP,flow,failed,797847852896432,,1,1,0,151,0,0.0,1,151,0,none,0,none,0,0,0,no_alert_unknown,no_alert_not_final_benign,-1,dns,port
2025-07-19T23:03:23.677043+0700,103.195.142.76,87.98.154.119,53,38423,UDP,flow,failed,350723766309104,,1,1,0,1469,0,0.0,1,1469,0,none,0,none,0,0,0,no_alert_unknown,no_alert_not_final_benign,-1,dns,port
2025-07-19T23:03:23.677061+0700,103.195.142.196,87.98.154.1,53,46382,UDP,flow,failed,546426114494737,,1,1,0,1437,0,0.0,1,1437,0,none,0,none,0,0,0,no_alert_unknown,no_alert_not_final_benign,-1,dns,port
2025-07-19T23:03:23.677080+0700,103.195.142.109,87.98.154.119,53,22936,UDP,flow,failed,2021787188023603,,1,1,0,1437,0,0.0,1,1437,0,none,0,none,0,0,0,no_alert_unknown,no_alert_not_final_benign,-1,dns,port
2025-07-19T23:03:23.677107+0700,103.195.142.74,118.98.44.100,11081,53,UDP,flow,dns,587658355233089,,1,1,0,92,0,0.0,1,92,0,none,0,none,0,0,0,no_alert_unknown,no_alert_not_final_benign,-1,dns,app_proto+port
2025-07-19T23:03:23.677138+0700,103.195.142.74,118.98.44.100,38695,53,UDP,flow,dns,514281455243628,,1,1,0,84,0,0.0,1,84,0,none,0,none,0,0,0,no_alert_unknown,no_alert_not_final_benign,-1,dns,app_proto+port
2025-07-19T23:03:23.677159+0700,103.195.142.74,118.98.44.20,13172,53,UDP,flow,dns,786524696760743,,1,1,0,223,0,0.0,1,223,0,none,0,none,0,0,0,no_alert_unknown,no_alert_not_final_benign,-1,dns,app_proto+port
2025-07-19T23:03:23.677219+0700,103.195.142.74,118.98.44.20,11679,53,UDP,flow,dns,705026251838037,,1,1,0,232,0,0.0,1,232,0,none,0,none,0,0,0,no_alert_unknown,no_alert_not_final_benign,-1,dns,app_proto+port
2025-07-19T23:03:23.677283+0700,103.195.142.195,87.98.154.119,53,33262,UDP,flow,failed,232005935321804,,1,1,0,1437,0,0.0,1,1437,0,none,0,none,0,0,0,no_alert_unknown,no_alert_not_final_benign,-1,dns,port
2025-07-19T23:03:23.677330+0700,103.195.142.46,87.98.154.118,53,39620,UDP,flow,failed,2111148174037778,,1,1,0,1437,0,0.0,1,1437,0,none,0,none,0,0,0,no_alert_unknown,no_alert_not_final_benign,-1,dns,port
2025-07-19T23:03:23.677348+0700,103.195.142.76,87.98.154.119,53,23915,UDP,flow,failed,587970827932471,,1,1,0,1469,0,0.0,1,1469,0,none,0,none,0,0,0,no_alert_unknown,no_alert_not_final_benign,-1,dns,port
2025-07-19T23:03:23.677389+0700,103.195.142.109,87.98.154.119,53,54688,UDP,flow,failed,2007350269268814,,1,1,0,1437,0,0.0,1,1437,0,none,0,none,0,0,0,no_alert_unknown,no_alert_not_final_benign,-1,dns,port
2025-07-19T23:03:23.677430+0700,103.195.142.74,118.98.44.20,55251,53,UDP,flow,dns,254005721781138,,1,1,0,68,0,0.0,1,68,0,none,0,none,0,0,0,no_alert_unknown,no_alert_not_final_benign,-1,dns,app_proto+port
2025-07-19T23:03:23.677455+0700,103.195.142.2,13.105.68.211,53,5221,UDP,flow,failed,2065791565386653,,1,1,0,178,0,0.0,1,178,0,none,0,none,0,0,0,no_alert_unknown,no_alert_not_final_benign,-1,dns,port
2025-07-19T23:03:23.677474+0700,103.195.142.3,208.67.217.167,53,54466,UDP,flow,failed,818343601066963,,1,1,0,159,0,0.0,1,159,0,none,0,none,0,0,0,no_alert_unknown,no_alert_not_final_benign,-1,dns,port
2025-07-19T23:03:23.677493+0700,103.195.142.196,87.98.154.141,53,59979,UDP,flow,failed,1003878450090964,,1,1,0,1437,0,0.0,1,1437,0,none,0,none,0,0,0,no_alert_unknown,no_alert_not_final_benign,-1,dns,port
2025-07-19T23:03:23.677533+0700,103.195.142.46,87.98.154.119,53,4296,UDP,flow,failed,733495420015638,,1,1,0,1437,0,0.0,1,1437,0,none,0,none,0,0,0,no_alert_unknown,no_alert_not_final_benign,-1,dns,port
2025-07-19T23:03:23.677572+0700,103.195.142.76,87.98.154.106,53,63721,UDP,flow,failed,640028162020429,,1,1,0,1469,0,0.0,1,1469,0,none,0,none,0,0,0,no_alert_unknown,no_alert_not_final_benign,-1,dns,port
2025-07-19T23:03:23.677640+0700,103.195.142.74,118.98.44.100,40374,53,UDP,flow,dns,777527239595142,,1,1,0,232,0,0.0,1,232,0,none,0,none,0,0,0,no_alert_unknown,no_alert_not_final_benign,-1,dns,app_proto+port
2025-07-19T23:03:23.677686+0700,103.195.142.195,87.98.154.192,53,56878,UDP,flow,failed,367079225644250,,1,1,0,1437,0,0.0,1,1437,0,none,0,none,0,0,0,no_alert_unknown,no_alert_not_final_benign,-1,dns,port
2025-07-19T23:03:23.677704+0700,103.195.142.74,118.98.44.50,11789,53,UDP,flow,dns,937873948497193,,1,1,0,68,0,0.0,1,68,0,none,0,none,0,0,0,no_alert_unknown,no_alert_not_final_benign,-1,dns,app_proto+port
2025-07-19T23:03:23.677724+0700,103.185.193.21,1.1.1.1,50664,53,UDP,flow,dns,927156582831450,,1,2,0,316,0,0.0,2,316,0,none,0,none,0,0,0,no_alert_unknown,no_alert_not_final_benign,-1,dns,app_proto+port
2025-07-19T23:03:23.677749+0700,103.195.142.196,87.98.154.201,53,46006,UDP,flow,failed,1090570601387385,,1,1,0,1437,0,0.0,1,1437,0,none,0,none,0,0,0,no_alert_unknown,no_alert_not_final_benign,-1,dns,port
2025-07-19T23:03:23.677769+0700,103.195.142.74,118.98.44.20,6755,53,UDP,flow,dns,2013261241669034,,1,1,0,68,0,0.0,1,68,0,none,0,none,0,0,0,no_alert_unknown,no_alert_not_final_benign,-1,dns,app_proto+port
2025-07-19T23:03:23.677788+0700,103.195.142.195,87.98.154.119,53,56241,UDP,flow,failed,1120455307515342,,1,1,0,1437,0,0.0,1,1437,0,none,0,none,0,0,0,no_alert_unknown,no_alert_not_final_benign,-1,dns,port
2025-07-19T23:03:23.677807+0700,103.195.142.46,87.98.154.119,53,5961,UDP,flow,failed,2241396733793778,,1,1,0,1437,0,0.0,1,1437,0,none,0,none,0,0,0,no_alert_unknown,no_alert_not_final_benign,-1,dns,port
2025-07-19T23:03:23.677847+0700,103.195.142.74,118.98.44.100,42631,53,UDP,flow,dns,79611306792458,,1,1,0,85,0,0.0,1,85,0,none,0,none,0,0,0,no_alert_unknown,no_alert_not_final_benign,-1,dns,app_proto+port
2025-07-19T23:03:23.677867+0700,103.195.142.74,118.98.44.20,57833,53,UDP,flow,dns,791467585000972,,1,1,0,88,0,0.0,1,88,0,none,0,none,0,0,0,no_alert_unknown,no_alert_not_final_benign,-1,dns,app_proto+port
2025-07-19T23:03:23.677887+0700,103.195.142.46,87.98.154.191,53,11480,UDP,flow,failed,65718283753112,,1,3,0,4311,0,9.0,3,4311,0,none,0,none,0,0,0,no_alert_unknown,no_alert_not_final_benign,-1,dns,port
2025-07-19T23:03:23.677953+0700,103.195.142.74,118.98.44.20,36201,53,UDP,flow,dns,620785680209589,,1,1,0,223,0,0.0,1,223,0,none,0,none,0,0,0,no_alert_unknown,no_alert_not_final_benign,-1,dns,app_proto+port
2025-07-19T23:03:23.677973+0700,103.195.142.196,87.98.154.119,53,10069,UDP,flow,failed,12294021273353,,1,1,0,1437,0,0.0,1,1437,0,none,0,none,0,0,0,no_alert_unknown,no_alert_not_final_benign,-1,dns,port
2025-07-19T23:03:23.677992+0700,103.195.142.74,118.98.44.50,9188,53,UDP,flow,dns,1093749782566691,,1,1,0,82,0,0.0,1,82,0,none,0,none,0,0,0,no_alert_unknown,no_alert_not_final_benign,-1,dns,app_proto+port
2025-07-19T23:03:23.678050+0700,103.195.142.165,87.98.154.33,53,17722,UDP,flow,failed,2113948371015555,,1,1,0,1437,0,0.0,1,1437,0,none,0,none,0,0,0,no_alert_unknown,no_alert_not_final_benign,-1,dns,port
2025-07-19T23:03:23.678074+0700,103.195.142.76,87.98.154.119,53,2146,UDP,flow,failed,55810372491153,,1,1,0,1469,0,0.0,1,1469,0,none,0,none,0,0,0,no_alert_unknown,no_alert_not_final_benign,-1,dns,port
2025-07-19T23:03:23.678093+0700,103.195.142.74,118.98.44.20,8895,53,UDP,flow,dns,979291582912430,,1,1,0,88,0,0.0,1,88,0,none,0,none,0,0,0,no_alert_unknown,no_alert_not_final_benign,-1,dns,app_proto+port
2025-07-19T23:03:23.690735+0700,103.195.142.74,118.98.44.20,59607,53,UDP,dns,,996360209749504,wire/pcap,0,0,0,0,0,0.0,0,0,0,none,0,none,0,0,0,no_alert_unknown,no_alert_not_final_benign,-1,dns,port
2025-07-19T23:03:23.704456+0700,103.195.142.74,118.98.44.100,2583,53,UDP,dns,,1055294331389719,wire/pcap,0,0,0,0,0,0.0,0,0,0,none,0,none,0,0,0,no_alert_unknown,no_alert_not_final_benign,-1,dns,port
2025-07-19T23:03:23.745211+0700,103.195.142.74,202.134.0.155,61516,53,UDP,dns,,948858965210077,wire/pcap,0,0,0,0,0,0.0,0,0,0,none,0,none,0,0,0,no_alert_unknown,no_alert_not_final_benign,-1,dns,port
2025-07-19T23:03:23.814672+0700,103.195.142.74,202.134.0.155,43349,53,UDP,dns,,965716696961869,wire/pcap,0,0,0,0,0,0.0,0,0,0,none,0,none,0,0,0,no_alert_unknown,no_alert_not_final_benign,-1,dns,port
2025-07-19T23:03:23.814733+0700,103.195.142.74,202.134.0.155,26116,53,UDP,dns,,965979574910586,wire/pcap,0,0,0,0,0,0.0,0,0,0,none,0,none,0,0,0,no_alert_unknown,no_alert_not_final_benign,-1,dns,port
2025-07-19T23:03:23.845751+0700,103.195.142.74,118.98.44.100,15212,53,UDP,dns,,1099200117982163,wire/pcap,0,0,0,0,0,0.0,0,0,0,none,0,none,0,0,0,no_alert_unknown,no_alert_not_final_benign,-1,dns,port
2025-07-19T23:03:23.845760+0700,103.195.142.74,118.98.44.100,60053,53,UDP,dns,,1099240641923758,wire/pcap,0,0,0,0,0,0.0,0,0,0,none,0,none,0,0,0,no_alert_unknown,no_alert_not_final_benign,-1,dns,port
2025-07-19T23:03:23.854575+0700,103.195.142.75,185.67.45.231,36160,53,UDP,dns,,855624120854646,wire/pcap,0,0,0,0,0,0.0,0,0,0,none,0,none,0,0,0,no_alert_unknown,no_alert_not_final_benign,-1,dns,port
2025-07-19T23:03:23.865570+0700,103.195.142.46,87.98.154.75,53,19358,UDP,flow,failed,223279350058696,,1,1,0,1437,0,0.0,1,1437,0,none,0,none,0,0,0,no_alert_unknown,no_alert_not_final_benign,-1,dns,port
2025-07-19T23:03:23.897537+0700,103.195.142.74,118.98.44.100,31489,53,UDP,dns,,1040142465455385,wire/pcap,0,0,0,0,0,0.0,0,0,0,none,0,none,0,0,0,no_alert_unknown,no_alert_not_final_benign,-1,dns,port
2025-07-19T23:03:23.897657+0700,103.195.142.74,118.98.44.100,62943,53,UDP,dns,,1040661693773949,wire/pcap,0,0,0,0,0,0.0,0,0,0,none,0,none,0,0,0,no_alert_unknown,no_alert_not_final_benign,-1,dns,port
2025-07-19T23:03:23.900901+0700,103.195.142.75,8.8.8.8,3228,53,UDP,dns,,1054593081431660,wire/pcap,0,0,0,0,0,0.0,0,0,0,none,0,none,0,0,0,no_alert_unknown,no_alert_not_final_benign,-1,dns,port
2025-07-19T23:03:23.903824+0700,103.195.142.74,118.98.44.50,52918,53,UDP,dns,,1067148537881790,wire/pcap,0,0,0,0,0,0.0,0,0,0,none,0,none,0,0,0,no_alert_unknown,no_alert_not_final_benign,-1,dns,port
2025-07-19T23:03:23.913617+0700,103.195.142.74,118.98.44.50,28257,53,UDP,dns,,1109208827929940,wire/pcap,0,0,0,0,0,0.0,0,0,0,none,0,none,0,0,0,no_alert_unknown,no_alert_not_final_benign,-1,dns,port
2025-07-19T23:03:23.923522+0700,103.195.142.108,8.8.8.8,1900,53,UDP,dns,,1216074754602613,wire/pcap,0,0,0,0,0,0.0,0,0,0,none,0,none,0,0,0,no_alert_unknown,no_alert_not_final_benign,-1,dns,port
2025-07-19T23:03:23.946787+0700,103.195.142.74,202.134.0.155,8668,53,UDP,dns,,970195627113814,wire/pcap,0,0,0,0,0,0.0,0,0,0,none,0,none,0,0,0,no_alert_unknown,no_alert_not_final_benign,-1,dns,port
2025-07-19T23:03:23.946889+0700,103.195.142.74,118.98.44.100,18200,53,UDP,dns,,970632549433220,wire/pcap,0,0,0,0,0,0.0,0,0,0,none,0,none,0,0,0,no_alert_unknown,no_alert_not_final_benign,-1,dns,port
2025-07-19T23:03:23.969079+0700,103.195.142.74,118.98.44.100,54832,53,UDP,dns,,1065937882278804,wire/pcap,0,0,0,0,0,0.0,0,0,0,none,0,none,0,0,0,no_alert_unknown,no_alert_not_final_benign,-1,dns,port
2025-07-19T23:03:23.993417+0700,103.195.142.75,8.8.8.8,64746,53,UDP,dns,,888997737290849,wire/pcap,0,0,0,0,0,0.0,0,0,0,none,0,none,0,0,0,no_alert_unknown,no_alert_not_final_benign,-1,dns,port
2025-07-19T23:03:23.995132+0700,103.195.142.75,8.8.8.8,48013,53,UDP,dns,,896362064851686,wire/pcap,0,0,0,0,0,0.0,0,0,0,none,0,none,0,0,0,no_alert_unknown,no_alert_not_final_benign,-1,dns,port
2025-07-19T23:03:23.996218+0700,103.195.142.74,118.98.44.20,37958,53,UDP,dns,,901025932908971,wire/pcap,0,0,0,0,0,0.0,0,0,0,none,0,none,0,0,0,no_alert_unknown,no_alert_not_final_benign,-1,dns,port
2025-07-19T23:03:23.996764+0700,103.195.142.74,202.134.0.155,40906,53,UDP,dns,,903372277378386,wire/pcap,0,0,0,0,0,0.0,0,0,0,none,0,none,0,0,0,no_alert_unknown,no_alert_not_final_benign,-1,dns,port
2025-07-19T23:03:24.015562+0700,103.195.142.74,118.98.44.50,50070,53,UDP,dns,,1192739590139838,wire/pcap,0,0,0,0,0,0.0,0,0,0,none,0,none,0,0,0,no_alert_unknown,no_alert_not_final_benign,-1,dns,port
2025-07-19T23:03:24.041820+0700,103.195.142.74,118.98.44.50,48105,53,UDP,dns,,1305516046645777,wire/pcap,0,0,0,0,0,0.0,0,0,0,none,0,none,0,0,0,no_alert_unknown,no_alert_not_final_benign,-1,dns,port
2025-07-19T23:03:24.041875+0700,103.195.142.74,118.98.44.50,10172,53,UDP,dns,,1305754595253548,wire/pcap,0,0,0,0,0,0.0,0,0,0,none,0,none,0,0,0,no_alert_unknown,no_alert_not_final_benign,-1,dns,port
2025-07-19T23:03:24.047549+0700,103.195.142.75,8.8.8.8,21247,53,UDP,dns,,1330123945571867,wire/pcap,0,0,0,0,0,0.0,0,0,0,none,0,none,0,0,0,no_alert_unknown,no_alert_not_final_benign,-1,dns,port
2025-07-19T23:03:24.065379+0700,103.195.142.74,118.98.44.20,10887,53,UDP,dns,,1406701180964184,wire/pcap,0,0,0,0,0,0.0,0,0,0,none,0,none,0,0,0,no_alert_unknown,no_alert_not_final_benign,-1,dns,port
2025-07-19T23:03:24.065418+0700,103.195.142.74,202.134.0.155,56469,53,UDP,dns,,1406871149657246,wire/pcap,0,0,0,0,0,0.0,0,0,0,none,0,none,0,0,0,no_alert_unknown,no_alert_not_final_benign,-1,dns,port
2025-07-19T23:03:24.073646+0700,103.195.142.74,202.134.0.155,19481,53,UDP,dns,,1160735705830542,wire/pcap,0,0,0,0,0,0.0,0,0,0,none,0,none,0,0,0,no_alert_unknown,no_alert_not_final_benign,-1,dns,port
2025-07-19T23:03:24.085838+0700,103.195.142.109,87.98.154.119,53,50771,UDP,flow,failed,1244480735289912,,1,1,0,1437,0,0.0,1,1437,0,none,0,none,0,0,0,no_alert_unknown,no_alert_not_final_benign,-1,dns,port
2025-07-19T23:03:24.096321+0700,103.195.142.74,118.98.44.20,37285,53,UDP,dns,,1258123122214257,wire/pcap,0,0,0,0,0,0.0,0,0,0,none,0,none,0,0,0,no_alert_unknown,no_alert_not_final_benign,-1,dns,port
2025-07-19T23:03:24.100556+0700,103.195.142.75,8.8.8.8,29612,53,UDP,dns,,1276311100293331,wire/pcap,0,0,0,0,0,0.0,0,0,0,none,0,none,0,0,0,no_alert_unknown,no_alert_not_final_benign,-1,dns,port
2025-07-19T23:03:24.106169+0700,103.195.142.108,8.8.8.8,2928,53,UDP,dns,,1300417904558201,wire/pcap,0,0,0,0,0,0.0,0,0,0,none,0,none,0,0,0,no_alert_unknown,no_alert_not_final_benign,-1,dns,port
2025-07-19T23:03:24.115508+0700,103.195.142.74,118.98.44.100,60125,53,UDP,dns,,1340529808944877,wire/pcap,0,0,0,0,0,0.0,0,0,0,none,0,none,0,0,0,no_alert_unknown,no_alert_not_final_benign,-1,dns,port
2025-07-19T23:03:24.115674+0700,103.195.142.74,118.98.44.100,60125,53,UDP,flow,dns,1152079528898285,,1,1,0,88,0,0.0,1,88,0,none,0,none,0,0,0,no_alert_unknown,no_alert_not_final_benign,-1,dns,app_proto+port
2025-07-19T23:03:24.133604+0700,103.195.142.74,118.98.44.100,39039,53,UDP,dns,,1136776011971051,wire/pcap,0,0,0,0,0,0.0,0,0,0,none,0,none,0,0,0,no_alert_unknown,no_alert_not_final_benign,-1,dns,port
2025-07-19T23:03:24.154367+0700,103.195.142.74,202.134.0.155,4368,53,UDP,dns,,1225954925517658,wire/pcap,0,0,0,0,0,0.0,0,0,0,none,0,none,0,0,0,no_alert_unknown,no_alert_not_final_benign,-1,dns,port
2025-07-19T23:03:24.157352+0700,103.195.142.74,202.134.0.155,4445,53,UDP,flow,dns,1394317949093757,,1,1,0,74,0,0.0,1,74,0,none,0,none,0,0,0,no_alert_unknown,no_alert_not_final_benign,-1,dns,app_proto+port
2025-07-19T23:03:24.158400+0700,103.195.142.74,118.98.44.50,53218,53,UDP,dns,,1243275021792980,wire/pcap,0,0,0,0,0,0.0,0,0,0,none,0,none,0,0,0,no_alert_unknown,no_alert_not_final_benign,-1,dns,port
2025-07-19T23:03:24.195572+0700,103.195.142.75,8.8.8.8,41794,53,UDP,dns,,1402926759555469,wire/pcap,0,0,0,0,0,0.0,0,0,0,none,0,none,0,0,0,no_alert_unknown,no_alert_not_final_benign,-1,dns,port
2025-07-19T23:03:24.208941+0700,103.195.142.75,8.8.8.8,41025,53,UDP,dns,,1178871414693027,wire/pcap,0,0,0,0,0,0.0,0,0,0,none,0,none,0,0,0,no_alert_unknown,no_alert_not_final_benign,-1,dns,port
2025-07-19T23:03:24.212990+0700,103.195.142.74,118.98.44.20,27363,53,UDP,dns,,1196262607808355,wire/pcap,0,0,0,0,0,0.0,0,0,0,none,0,none,0,0,0,no_alert_unknown,no_alert_not_final_benign,-1,dns,port
2025-07-19T23:03:24.213102+0700,103.195.142.74,202.134.0.155,63517,53,UDP,dns,,1196741307858458,wire/pcap,0,0,0,0,0,0.0,0,0,0,none,0,none,0,0,0,no_alert_unknown,no_alert_not_final_benign,-1,dns,port
2025-07-19T23:03:24.252653+0700,103.195.142.75,8.8.8.8,35394,53,UDP,dns,,1366612351057394,wire/pcap,0,0,0,0,0,0.0,0,0,0,none,0,none,0,0,0,no_alert_unknown,no_alert_not_final_benign,-1,dns,port
2025-07-19T23:03:24.284594+0700,103.195.142.75,8.8.8.8,19249,53,UDP,dns,,1222322141937030,wire/pcap,0,0,0,0,0,0.0,0,0,0,none,0,none,0,0,0,no_alert_unknown,no_alert_not_final_benign,-1,dns,port
2025-07-19T23:03:24.294606+0700,103.195.142.75,8.8.8.8,41467,53,UDP,dns,,1265327155981303,wire/pcap,0,0,0,0,0,0.0,0,0,0,none,0,none,0,0,0,no_alert_unknown,no_alert_not_final_benign,-1,dns,port
2025-07-19T23:03:24.306466+0700,103.195.142.109,87.98.154.245,53,32979,UDP,flow,failed,765734122091799,,1,1,0,1437,0,0.0,1,1437,0,none,0,none,0,0,0,no_alert_unknown,no_alert_not_final_benign,-1,dns,port
2025-07-19T23:03:24.320617+0700,103.195.142.74,118.98.44.50,25876,53,UDP,dns,,1377041492958663,wire/pcap,0,0,0,0,0,0.0,0,0,0,none,0,none,0,0,0,no_alert_unknown,no_alert_not_final_benign,-1,dns,port
2025-07-19T23:03:24.391925+0700,103.195.142.74,118.98.44.20,59843,53,UDP,dns,,1401831329557199,wire/pcap,0,0,0,0,0,0.0,0,0,0,none,0,none,0,0,0,no_alert_unknown,no_alert_not_final_benign,-1,dns,port
2025-07-19T23:03:24.397641+0700,103.195.142.74,118.98.44.100,10363,53,UDP,dns,,1144908121904414,wire/pcap,0,0,0,0,0,0.0,0,0,0,none,0,none,0,0,0,no_alert_unknown,no_alert_not_final_benign,-1,dns,port
2025-07-19T23:03:24.405716+0700,103.195.142.74,118.98.44.50,56411,53,UDP,dns,,1179591210537425,wire/pcap,0,0,0,0,0,0.0,0,0,0,none,0,none,0,0,0,no_alert_unknown,no_alert_not_final_benign,-1,dns,port
2025-07-19T23:03:24.416280+0700,103.195.142.74,118.98.44.20,9271,53,UDP,dns,,1224962170204039,wire/pcap,0,0,0,0,0,0.0,0,0,0,none,0,none,0,0,0,no_alert_unknown,no_alert_not_final_benign,-1,dns,port
2025-07-19T23:03:24.418656+0700,103.195.142.75,8.8.8.8,49428,53,UDP,dns,,1235164663038853,wire/pcap,0,0,0,0,0,0.0,0,0,0,none,0,none,0,0,0,no_alert_unknown,no_alert_not_final_benign,-1,dns,port
2025-07-19T23:03:24.456663+0700,103.195.142.75,8.8.8.8,21467,53,UDP,dns,,1398404418970796,wire/pcap,0,0,0,0,0,0.0,0,0,0,none,0,none,0,0,0,no_alert_unknown,no_alert_not_final_benign,-1,dns,port
2025-07-19T23:03:24.474875+0700,103.195.142.75,8.8.8.8,42112,53,UDP,dns,,1195148668406517,wire/pcap,0,0,0,0,0,0.0,0,0,0,none,0,none,0,0,0,no_alert_unknown,no_alert_not_final_benign,-1,dns,port
2025-07-19T23:03:24.492629+0700,103.195.142.75,185.67.45.231,54977,53,UDP,dns,,1271402402913716,wire/pcap,0,0,0,0,0,0.0,0,0,0,none,0,none,0,0,0,no_alert_unknown,no_alert_not_final_benign,-1,dns,port
2025-07-19T23:03:24.541807+0700,103.195.142.3,208.67.217.164,53,4394,UDP,flow,failed,1673110222459781,,1,1,0,159,0,0.0,1,159,0,none,0,none,0,0,0,no_alert_unknown,no_alert_not_final_benign,-1,dns,port
2025-07-19T23:03:24.543298+0700,103.195.142.109,87.98.154.119,53,8815,UDP,flow,failed,1189972217314325,,1,1,0,1437,0,0.0,1,1437,0,none,0,none,0,0,0,no_alert_unknown,no_alert_not_final_benign,-1,dns,port
2025-07-19T23:03:24.572039+0700,103.195.142.74,118.98.44.50,39928,53,UDP,dns,,1330989160493980,wire/pcap,0,0,0,0,0,0.0,0,0,0,none,0,none,0,0,0,no_alert_unknown,no_alert_not_final_benign,-1,dns,port
2025-07-19T23:03:24.572141+0700,103.195.142.74,118.98.44.50,64204,53,UDP,dns,,1331430273960661,wire/pcap,0,0,0,0,0,0.0,0,0,0,none,0,none,0,0,0,no_alert_unknown,no_alert_not_final_benign,-1,dns,port
2025-07-19T23:03:24.580814+0700,103.195.142.74,118.98.44.50,42546,53,UDP,dns,,1368678728899965,wire/pcap,0,0,0,0,0,0.0,0,0,0,none,0,none,0,0,0,no_alert_unknown,no_alert_not_final_benign,-1,dns,port
2025-07-19T23:03:24.581298+0700,103.195.142.74,118.98.44.20,40357,53,UDP,dns,,1370756124648548,wire/pcap,0,0,0,0,0,0.0,0,0,0,none,0,none,0,0,0,no_alert_unknown,no_alert_not_final_benign,-1,dns,port
2025-07-19T23:03:24.581753+0700,103.195.142.74,118.98.44.50,61057,53,UDP,dns,,1372711988035175,wire/pcap,0,0,0,0,0,0.0,0,0,0,none,0,none,0,0,0,no_alert_unknown,no_alert_not_final_benign,-1,dns,port
2025-07-19T23:03:24.631168+0700,103.195.142.74,118.98.44.50,54691,53,UDP,dns,,1303474095459323,wire/pcap,0,0,0,0,0,0.0,0,0,0,none,0,none,0,0,0,no_alert_unknown,no_alert_not_final_benign,-1,dns,port
2025-07-19T23:03:24.631170+0700,103.195.142.75,8.8.8.8,27285,53,UDP,dns,,1303482431101252,wire/pcap,0,0,0,0,0,0.0,0,0,0,none,0,none,0,0,0,no_alert_unknown,no_alert_not_final_benign,-1,dns,port
2025-07-19T23:03:24.631301+0700,103.195.142.74,202.134.0.155,53548,53,UDP,flow,dns,991112395688955,,1,1,0,85,0,0.0,1,85,0,none,0,none,0,0,0,no_alert_unknown,no_alert_not_final_benign,-1,dns,app_proto+port
2025-07-19T23:03:24.631366+0700,103.195.142.74,118.98.44.20,45847,53,UDP,dns,,1304324575366521,wire/pcap,0,0,0,0,0,0.0,0,0,0,none,0,none,0,0,0,no_alert_unknown,no_alert_not_final_benign,-1,dns,port
2025-07-19T23:03:24.642503+0700,103.195.142.75,8.8.8.8,8074,53,UDP,dns,,1352155186749858,wire/pcap,0,0,0,0,0,0.0,0,0,0,none,0,none,0,0,0,no_alert_unknown,no_alert_not_final_benign,-1,dns,port
2025-07-19T23:03:24.663069+0700,103.195.142.75,8.8.8.8,18458,53,UDP,flow,dns,35708984449083,,1,1,0,89,0,0.0,1,89,0,none,0,none,0,0,0,no_alert_unknown,no_alert_not_final_benign,-1,dns,app_proto+port
2025-07-19T23:03:24.663169+0700,103.195.142.74,50.28.104.44,53276,53,UDP,flow,dns,921646889588816,,1,1,0,91,0,0.0,1,91,0,none,0,none,0,0,0,no_alert_unknown,no_alert_not_final_benign,-1,dns,app_proto+port
2025-07-19T23:03:24.663222+0700,103.195.142.165,87.98.154.177,53,43602,UDP,flow,failed,1030522219092323,,1,1,0,1437,0,0.0,1,1437,0,none,0,none,0,0,0,no_alert_unknown,no_alert_not_final_benign,-1,dns,port
2025-07-19T23:03:24.663263+0700,103.195.142.76,87.98.154.50,53,64004,UDP,flow,failed,917329012611669,,1,1,0,1469,0,0.0,1,1469,0,none,0,none,0,0,0,no_alert_unknown,no_alert_not_final_benign,-1,dns,port
2025-07-19T23:03:24.663344+0700,103.195.142.76,87.98.154.22,53,46145,UDP,flow,failed,1363478047054430,,1,1,0,1469,0,0.0,1,1469,0,none,0,none,0,0,0,no_alert_unknown,no_alert_not_final_benign,-1,dns,port
2025-07-19T23:03:24.663405+0700,103.195.142.75,216.38.8.120,39590,53,UDP,flow,dns,189827653589676,,1,1,0,85,0,0.0,1,85,0,none,0,none,0,0,0,no_alert_unknown,no_alert_not_final_benign,-1,dns,app_proto+port
2025-07-19T23:03:24.663463+0700,103.195.142.74,50.28.104.44,65076,53,UDP,flow,dns,1365013881051884,,1,1,0,85,0,0.0,1,85,0,none,0,none,0,0,0,no_alert_unknown,no_alert_not_final_benign,-1,dns,app_proto+port
2025-07-19T23:03:24.663487+0700,103.195.142.74,118.98.44.50,2576,53,UDP,flow,dns,609095289428811,,1,1,0,74,0,0.0,1,74,0,none,0,none,0,0,0,no_alert_unknown,no_alert_not_final_benign,-1,dns,app_proto+port
2025-07-19T23:03:24.663508+0700,103.195.142.196,87.98.154.141,53,58049,UDP,flow,failed,332922914560895,,1,1,0,1437,0,0.0,1,1437,0,none,0,none,0,0,0,no_alert_unknown,no_alert_not_final_benign,-1,dns,port
2025-07-19T23:03:24.663531+0700,103.195.142.195,87.98.154.119,53,36891,UDP,flow,failed,538732990978985,,1,1,0,1437,0,0.0,1,1437,0,none,0,none,0,0,0,no_alert_unknown,no_alert_not_final_benign,-1,dns,port
2025-07-19T23:03:24.663670+0700,103.195.142.74,118.98.44.50,61112,53,UDP,flow,dns,2088524829777001,,1,1,0,78,0,0.0,1,78,0,none,0,none,0,0,0,no_alert_unknown,no_alert_not_final_benign,-1,dns,app_proto+port
2025-07-19T23:03:24.663715+0700,103.195.142.2,51.38.107.66,53,38681,UDP,flow,failed,2006618176969874,,1,1,0,154,0,0.0,1,154,0,none,0,none,0,0,0,no_alert_unknown,no_alert_not_final_benign,-1,dns,port
2025-07-19T23:03:24.663833+0700,103.195.142.74,202.134.0.155,48043,53,UDP,flow,dns,171003960319208,,1,1,0,102,0,0.0,1,102,0,none,0,none,0,0,0,no_alert_unknown,no_alert_not_final_benign,-1,dns,app_proto+port
2025-07-19T23:03:24.663854+0700,103.195.142.3,51.38.107.80,53,27340,UDP,flow,failed,2013575194107155,,1,1,0,154,0,0.0,1,154,0,none,0,none,0,0,0,no_alert_unknown,no_alert_not_final_benign,-1,dns,port
2025-07-19T23:03:24.663896+0700,103.195.142.74,202.134.0.155,63132,53,UDP,flow,dns,2207768296185154,,1,1,0,106,0,0.0,1,106,0,none,0,none,0,0,0,no_alert_unknown,no_alert_not_final_benign,-1,dns,app_proto+port
2025-07-19T23:03:24.663917+0700,103.195.142.196,87.98.154.119,53,19589,UDP,flow,failed,833873644641608,,1,1,0,1437,0,0.0,1,1437,0,none,0,none,0,0,0,no_alert_unknown,no_alert_not_final_benign,-1,dns,port
2025-07-19T23:03:24.663936+0700,103.195.142.74,50.28.104.44,64248,53,UDP,flow,dns,1277245896351067,,1,1,0,80,0,0.0,1,80,0,none,0,none,0,0,0,no_alert_unknown,no_alert_not_final_benign,-1,dns,app_proto+port
2025-07-19T23:03:24.664006+0700,103.195.142.109,87.98.154.45,53,61507,UDP,flow,failed,551472991984999,,1,1,0,1437,0,0.0,1,1437,0,none,0,none,0,0,0,no_alert_unknown,no_alert_not_final_benign,-1,dns,port
2025-07-19T23:03:24.664025+0700,103.195.142.3,13.105.70.76,53,59694,UDP,flow,failed,499165174455679,,1,1,0,127,0,0.0,1,127,0,none,0,none,0,0,0,no_alert_unknown,no_alert_not_final_benign,-1,dns,port
2025-07-19T23:03:24.664118+0700,103.195.142.75,45.79.197.241,36747,53,UDP,flow,dns,851926076841501,,1,1,0,74,0,0.0,1,74,0,none,0,none,0,0,0,no_alert_unknown,no_alert_not_final_benign,-1,dns,app_proto+port
2025-07-19T23:03:24.664139+0700,103.195.142.74,202.134.0.155,15395,53,UDP,flow,dns,684852756504122,,1,1,0,68,0,0.0,1,68,0,none,0,none,0,0,0,no_alert_unknown,no_alert_not_final_benign,-1,dns,app_proto+port
2025-07-19T23:03:24.664226+0700,103.195.142.74,118.98.44.20,58505,53,UDP,flow,dns,102157209591442,,1,1,0,83,0,0.0,1,83,0,none,0,none,0,0,0,no_alert_unknown,no_alert_not_final_benign,-1,dns,app_proto+port
2025-07-19T23:03:24.664246+0700,103.195.142.46,87.98.154.117,53,29527,UDP,flow,failed,395478716800695,,1,1,0,1437,0,0.0,1,1437,0,none,0,none,0,0,0,no_alert_unknown,no_alert_not_final_benign,-1,dns,port
2025-07-19T23:03:24.664281+0700,103.195.142.46,87.98.154.219,53,52402,UDP,flow,failed,577129975406284,,1,1,0,1437,0,0.0,1,1437,0,none,0,none,0,0,0,no_alert_unknown,no_alert_not_final_benign,-1,dns,port
2025-07-19T23:03:24.664302+0700,103.195.142.196,87.98.154.77,53,14659,UDP,flow,failed,172383412051690,,1,1,0,1437,0,0.0,1,1437,0,none,0,none,0,0,0,no_alert_unknown,no_alert_not_final_benign,-1,dns,port
2025-07-19T23:03:24.664391+0700,103.195.142.76,87.98.154.119,53,19396,UDP,flow,failed,140180255170288,,1,1,0,1469,0,0.0,1,1469,0,none,0,none,0,0,0,no_alert_unknown,no_alert_not_final_benign,-1,dns,port
2025-07-19T23:03:24.664440+0700,103.195.142.74,118.98.44.20,8497,53,UDP,flow,dns,1124777814286143,,1,2,0,204,0,7.0,2,204,0,none,0,none,0,0,0,no_alert_unknown,no_alert_not_final_benign,-1,dns,app_proto+port
2025-07-19T23:03:24.664479+0700,103.195.142.74,118.98.44.20,11719,53,UDP,flow,dns,899126789431204,,1,1,0,79,0,0.0,1,79,0,none,0,none,0,0,0,no_alert_unknown,no_alert_not_final_benign,-1,dns,app_proto+port
2025-07-19T23:03:24.664499+0700,103.195.142.3,69.30.209.16,53,37079,UDP,flow,failed,1156765617119152,,1,1,0,174,0,0.0,1,174,0,none,0,none,0,0,0,no_alert_unknown,no_alert_not_final_benign,-1,dns,port
2025-07-19T23:03:24.664532+0700,103.195.142.74,118.98.44.20,51884,53,UDP,flow,dns,506444370501605,,1,1,0,84,0,0.0,1,84,0,none,0,none,0,0,0,no_alert_unknown,no_alert_not_final_benign,-1,dns,app_proto+port
2025-07-19T23:03:24.664553+0700,103.195.142.74,118.98.44.100,42854,53,UDP,flow,dns,443266038063078,,1,1,0,243,0,0.0,1,243,0,none,0,none,0,0,0,no_alert_unknown,no_alert_not_final_benign,-1,dns,app_proto+port
2025-07-19T23:03:24.664572+0700,103.195.142.83,87.98.154.154,53,61412,UDP,flow,failed,639234097307647,,1,1,0,1190,0,0.0,1,1190,0,none,0,none,0,0,0,no_alert_unknown,no_alert_not_final_benign,-1,dns,port
2025-07-19T23:03:24.664596+0700,103.195.142.3,208.67.217.169,53,31262,UDP,flow,failed,913604893564950,,1,1,0,132,0,0.0,1,132,0,none,0,none,0,0,0,no_alert_unknown,no_alert_not_final_benign,-1,dns,port
2025-07-19T23:03:24.664656+0700,103.195.142.165,87.98.154.121,53,36619,UDP,flow,failed,9050054877271,,1,3,0,4311,0,10.0,3,4311,0,none,0,none,0,0,0,no_alert_unknown,no_alert_not_final_benign,-1,dns,port
2025-07-19T23:03:24.664714+0700,103.195.142.2,18.140.177.102,53,19773,UDP,flow,failed,754225503822008,,1,1,0,147,0,0.0,1,147,0,none,0,none,0,0,0,no_alert_unknown,no_alert_not_final_benign,-1,dns,port
2025-07-19T23:03:24.664794+0700,103.195.142.3,208.67.217.162,53,50641,UDP,flow,failed,712240867402118,,1,1,0,159,0,0.0,1,159,0,none,0,none,0,0,0,no_alert_unknown,no_alert_not_final_benign,-1,dns,port
2025-07-19T23:03:24.664850+0700,103.195.142.195,87.98.154.8,53,6574,UDP,flow,failed,1379829289017765,,1,1,0,1437,0,0.0,1,1437,0,none,0,none,0,0,0,no_alert_unknown,no_alert_not_final_benign,-1,dns,port
2025-07-19T23:03:24.664885+0700,103.195.142.46,87.98.154.119,53,56683,UDP,flow,failed,2042243006554533,,1,1,0,1437,0,0.0,1,1437,0,none,0,none,0,0,0,no_alert_unknown,no_alert_not_final_benign,-1,dns,port
2025-07-19T23:03:24.664953+0700,103.195.142.46,87.98.154.119,53,32882,UDP,flow,failed,19901358957044,,1,1,0,1437,0,0.0,1,1437,0,none,0,none,0,0,0,no_alert_unknown,no_alert_not_final_benign,-1,dns,port
2025-07-19T23:03:24.664996+0700,103.195.142.2,74.63.24.239,53,27246,UDP,flow,failed,388156562498114,,1,1,0,127,0,0.0,1,127,0,none,0,none,0,0,0,no_alert_unknown,no_alert_not_final_benign,-1,dns,port
2025-07-19T23:03:24.665060+0700,103.195.142.195,87.98.154.64,53,58321,UDP,flow,failed,793420833972943,,1,1,0,1437,0,0.0,1,1437,0,none,0,none,0,0,0,no_alert_unknown,no_alert_not_final_benign,-1,dns,port
2025-07-19T23:03:24.665080+0700,103.195.142.46,87.98.154.239,53,47241,UDP,flow,failed,183450894885625,,1,1,0,1437,0,0.0,1,1437,0,none,0,none,0,0,0,no_alert_unknown,no_alert_not_final_benign,-1,dns,port
2025-07-19T23:03:24.665107+0700,103.195.142.83,87.98.154.118,53,25961,UDP,flow,failed,2174622080721687,,1,1,0,1190,0,0.0,1,1190,0,none,0,none,0,0,0,no_alert_unknown,no_alert_not_final_benign,-1,dns,port
2025-07-19T23:03:24.665138+0700,103.195.142.75,8.8.8.8,29310,53,UDP,flow,dns,874769131463461,,1,2,0,456,0,4.0,2,456,0,none,0,none,0,0,0,no_alert_unknown,no_alert_not_final_benign,-1,dns,app_proto+port
2025-07-19T23:03:24.665159+0700,103.195.142.76,87.98.154.250,53,9446,UDP,flow,failed,245358383555382,,1,1,0,1469,0,0.0,1,1469,0,none,0,none,0,0,0,no_alert_unknown,no_alert_not_final_benign,-1,dns,port
2025-07-19T23:03:24.665178+0700,103.195.142.74,118.98.44.50,6492,53,UDP,flow,dns,346660441777053,,1,1,0,74,0,0.0,1,74,0,none,0,none,0,0,0,no_alert_unknown,no_alert_not_final_benign,-1,dns,app_proto+port
2025-07-19T23:03:24.665213+0700,103.195.142.195,87.98.154.119,53,35708,UDP,flow,failed,1396781547348906,,1,1,0,1437,0,0.0,1,1437,0,none,0,none,0,0,0,no_alert_unknown,no_alert_not_final_benign,-1,dns,port
2025-07-19T23:03:24.665251+0700,103.195.142.109,87.98.154.119,53,3391,UDP,flow,failed,1406946739708844,,1,1,0,1437,0,0.0,1,1437,0,none,0,none,0,0,0,no_alert_unknown,no_alert_not_final_benign,-1,dns,port
2025-07-19T23:03:24.665376+0700,103.195.142.165,87.98.154.149,53,32894,UDP,flow,failed,203406805460285,,1,3,0,4311,0,9.0,3,4311,0,none,0,none,0,0,0,no_alert_unknown,no_alert_not_final_benign,-1,dns,port
2025-07-19T23:03:24.665426+0700,103.195.142.74,118.98.44.100,54529,53,UDP,flow,dns,319570503558637,,1,1,0,74,0,0.0,1,74,0,none,0,none,0,0,0,no_alert_unknown,no_alert_not_final_benign,-1,dns,app_proto+port
2025-07-19T23:03:24.665461+0700,103.195.142.165,87.98.154.177,53,58616,UDP,flow,failed,687583213348365,,1,1,0,1437,0,0.0,1,1437,0,none,0,none,0,0,0,no_alert_unknown,no_alert_not_final_benign,-1,dns,port
2025-07-19T23:03:24.665480+0700,103.195.142.195,87.98.154.119,53,27547,UDP,flow,failed,570745532540451,,1,1,0,1437,0,0.0,1,1437,0,none,0,none,0,0,0,no_alert_unknown,no_alert_not_final_benign,-1,dns,port
2025-07-19T23:03:24.665527+0700,103.195.142.74,118.98.44.50,16846,53,UDP,flow,dns,1374749380994669,,1,2,0,295,0,16.0,2,295,0,none,0,none,0,0,0,no_alert_unknown,no_alert_not_final_benign,-1,dns,app_proto+port
2025-07-19T23:03:24.665590+0700,103.195.142.75,8.8.8.8,27470,53,UDP,flow,dns,479951513413315,,1,1,0,84,0,0.0,1,84,0,none,0,none,0,0,0,no_alert_unknown,no_alert_not_final_benign,-1,dns,app_proto+port
2025-07-19T23:03:24.665638+0700,103.195.142.74,118.98.44.50,35399,53,UDP,flow,dns,189478943286992,,1,1,0,223,0,0.0,1,223,0,none,0,none,0,0,0,no_alert_unknown,no_alert_not_final_benign,-1,dns,app_proto+port
2025-07-19T23:03:24.665681+0700,103.195.142.74,118.98.44.50,52337,53,UDP,flow,dns,1339426648123103,,1,1,0,112,0,0.0,1,112,0,none,0,none,0,0,0,no_alert_unknown,no_alert_not_final_benign,-1,dns,app_proto+port
2025-07-19T23:03:24.665701+0700,103.195.142.74,202.134.0.155,21143,53,UDP,flow,dns,541860095813431,,1,1,0,241,0,0.0,1,241,0,none,0,none,0,0,0,no_alert_unknown,no_alert_not_final_benign,-1,dns,app_proto+port
2025-07-19T23:03:24.665721+0700,103.195.142.109,87.98.154.119,53,56390,UDP,flow,failed,777616126928723,,1,1,0,1437,0,0.0,1,1437,0,none,0,none,0,0,0,no_alert_unknown,no_alert_not_final_benign,-1,dns,port
2025-07-19T23:03:24.665739+0700,103.195.142.46,87.98.154.119,53,13239,UDP,flow,failed,837176589314006,,1,1,0,1437,0,0.0,1,1437,0,none,0,none,0,0,0,no_alert_unknown,no_alert_not_final_benign,-1,dns,port
2025-07-19T23:03:24.665758+0700,103.195.142.74,118.98.44.100,10258,53,UDP,flow,dns,1225634788501490,,1,1,0,89,0,0.0,1,89,0,none,0,none,0,0,0,no_alert_unknown,no_alert_not_final_benign,-1,dns,app_proto+port
2025-07-19T23:03:24.665778+0700,103.195.142.74,118.98.44.100,6661,53,UDP,flow,dns,475363144198166,,1,1,0,223,0,0.0,1,223,0,none,0,none,0,0,0,no_alert_unknown,no_alert_not_final_benign,-1,dns,app_proto+port
2025-07-19T23:03:24.665802+0700,103.195.142.196,87.98.154.113,53,11697,UDP,flow,failed,336600022214684,,1,1,0,1437,0,0.0,1,1437,0,none,0,none,0,0,0,no_alert_unknown,no_alert_not_final_benign,-1,dns,port
2025-07-19T23:03:24.665821+0700,103.195.142.195,87.98.154.148,53,15232,UDP,flow,failed,982842764126307,,1,1,0,1437,0,0.0,1,1437,0,none,0,none,0,0,0,no_alert_unknown,no_alert_not_final_benign,-1,dns,port
2025-07-19T23:03:24.665840+0700,103.195.142.74,118.98.44.100,14694,53,UDP,flow,dns,25135863130252,,1,1,0,214,0,0.0,1,214,0,none,0,none,0,0,0,no_alert_unknown,no_alert_not_final_benign,-1,dns,app_proto+port
2025-07-19T23:03:24.665921+0700,103.195.142.83,87.98.154.119,53,14462,UDP,flow,failed,212701459605772,,1,1,0,1190,0,0.0,1,1190,0,none,0,none,0,0,0,no_alert_unknown,no_alert_not_final_benign,-1,dns,port
2025-07-19T23:03:24.666014+0700,103.195.142.75,136.243.75.67,62529,53,UDP,flow,dns,854728356882733,,1,1,0,85,0,0.0,1,85,0,none,0,none,0,0,0,no_alert_unknown,no_alert_not_final_benign,-1,dns,app_proto+port
2025-07-19T23:03:24.666034+0700,103.195.142.74,202.134.0.155,58149,53,UDP,flow,dns,345950645086535,,1,1,0,95,0,0.0,1,95,0,none,0,none,0,0,0,no_alert_unknown,no_alert_not_final_benign,-1,dns,app_proto+port
2025-07-19T23:03:24.666054+0700,103.195.142.74,118.98.44.50,8361,53,UDP,flow,dns,908721505986958,,1,1,0,232,0,0.0,1,232,0,none,0,none,0,0,0,no_alert_unknown,no_alert_not_final_benign,-1,dns,app_proto+port
2025-07-19T23:03:24.666073+0700,103.195.142.3,13.105.68.204,53,30865,UDP,flow,failed,1039841937222076,,1,1,0,181,0,0.0,1,181,0,none,0,none,0,0,0,no_alert_unknown,no_alert_not_final_benign,-1,dns,port
2025-07-19T23:03:24.666126+0700,103.195.142.74,202.134.0.155,41504,53,UDP,flow,dns,734644728719877,,1,1,0,108,0,0.0,1,108,0,none,0,none,0,0,0,no_alert_unknown,no_alert_not_final_benign,-1,dns,app_proto+port
2025-07-19T23:03:24.666175+0700,103.195.142.74,118.98.44.100,53983,53,UDP,flow,dns,1004681491933736,,1,1,0,74,0,0.0,1,74,0,none,0,none,0,0,0,no_alert_unknown,no_alert_not_final_benign,-1,dns,app_proto+port
2025-07-19T23:03:24.666239+0700,103.195.142.2,208.67.217.186,53,38352,UDP,flow,failed,588021595138646,,1,1,0,132,0,0.0,1,132,0,none,0,none,0,0,0,no_alert_unknown,no_alert_not_final_benign,-1,dns,port
2025-07-19T23:03:24.666282+0700,103.195.142.74,202.134.0.155,16366,53,UDP,flow,dns,456820928637594,,1,1,0,85,0,0.0,1,85,0,none,0,none,0,0,0,no_alert_unknown,no_alert_not_final_benign,-1,dns,app_proto+port
2025-07-19T23:03:24.666304+0700,103.195.142.83,87.98.154.190,53,14471,UDP,flow,failed,115508450716317,,1,1,0,1190,0,0.0,1,1190,0,none,0,none,0,0,0,no_alert_unknown,no_alert_not_final_benign,-1,dns,port
2025-07-19T23:03:24.666325+0700,103.195.142.74,118.98.44.50,21673,53,UDP,flow,dns,773739571669694,,1,1,0,214,0,0.0,1,214,0,none,0,none,0,0,0,no_alert_unknown,no_alert_not_final_benign,-1,dns,app_proto+port
2025-07-19T23:03:24.666355+0700,103.195.142.75,8.8.8.8,61601,53,UDP,flow,dns,1383448998931146,,1,1,0,83,0,0.0,1,83,0,none,0,none,0,0,0,no_alert_unknown,no_alert_not_final_benign,-1,dns,app_proto+port
2025-07-19T23:03:24.666398+0700,103.195.142.75,34.8.196.142,48349,53,UDP,flow,dns,217031230581492,,1,1,0,234,0,0.0,1,234,0,none,0,none,0,0,0,no_alert_unknown,no_alert_not_final_benign,-1,dns,app_proto+port
2025-07-19T23:03:24.666440+0700,103.195.142.75,8.8.8.8,62593,53,UDP,flow,dns,509514974259971,,1,1,0,74,0,0.0,1,74,0,none,0,none,0,0,0,no_alert_unknown,no_alert_not_final_benign,-1,dns,app_proto+port
2025-07-19T23:03:24.666464+0700,103.195.142.3,208.67.217.161,53,35571,UDP,flow,failed,925918669794075,,1,1,0,132,0,0.0,1,132,0,none,0,none,0,0,0,no_alert_unknown,no_alert_not_final_benign,-1,dns,port
2025-07-19T23:03:24.666483+0700,103.195.142.109,87.98.154.161,53,21566,UDP,flow,failed,1336101727333183,,1,1,0,1437,0,0.0,1,1437,0,none,0,none,0,0,0,no_alert_unknown,no_alert_not_final_benign,-1,dns,port
2025-07-19T23:03:24.666501+0700,103.195.142.74,118.98.44.100,58170,53,UDP,flow,dns,669201739705299,,1,1,0,81,0,0.0,1,81,0,none,0,none,0,0,0,no_alert_unknown,no_alert_not_final_benign,-1,dns,app_proto+port
2025-07-19T23:03:24.666543+0700,103.195.142.196,87.98.154.117,53,24492,UDP,flow,failed,334851711855615,,1,1,0,1437,0,0.0,1,1437,0,none,0,none,0,0,0,no_alert_unknown,no_alert_not_final_benign,-1,dns,port
2025-07-19T23:03:24.666586+0700,103.195.142.3,208.67.217.186,53,28505,UDP,flow,failed,1104084240526374,,1,1,0,159,0,0.0,1,159,0,none,0,none,0,0,0,no_alert_unknown,no_alert_not_final_benign,-1,dns,port
2025-07-19T23:03:24.666625+0700,103.195.142.3,13.105.166.77,53,20907,UDP,flow,failed,73994963283027,,1,1,0,135,0,0.0,1,135,0,none,0,none,0,0,0,no_alert_unknown,no_alert_not_final_benign,-1,dns,port
2025-07-19T23:03:24.666643+0700,103.195.142.196,87.98.154.119,53,22713,UDP,flow,failed,293694261390446,,1,1,0,1437,0,0.0,1,1437,0,none,0,none,0,0,0,no_alert_unknown,no_alert_not_final_benign,-1,dns,port
2025-07-19T23:03:24.666662+0700,103.195.142.83,87.98.154.218,53,24822,UDP,flow,failed,2188596653747328,,1,3,0,3570,0,9.0,3,3570,0,none,0,none,0,0,0,no_alert_unknown,no_alert_not_final_benign,-1,dns,port
2025-07-19T23:03:24.666708+0700,103.195.142.109,87.98.154.119,53,9555,UDP,flow,failed,1200395652197517,,1,1,0,1437,0,0.0,1,1437,0,none,0,none,0,0,0,no_alert_unknown,no_alert_not_final_benign,-1,dns,port
2025-07-19T23:03:24.666727+0700,103.195.142.74,118.98.44.50,40414,53,UDP,flow,dns,168855698369698,,1,1,0,83,0,0.0,1,83,0,none,0,none,0,0,0,no_alert_unknown,no_alert_not_final_benign,-1,dns,app_proto+port
2025-07-19T23:03:24.666747+0700,103.195.142.74,118.98.44.20,28612,53,UDP,flow,dns,1340000734047580,,1,1,0,74,0,0.0,1,74,0,none,0,none,0,0,0,no_alert_unknown,no_alert_not_final_benign,-1,dns,app_proto+port
2025-07-19T23:03:24.666773+0700,103.195.142.3,172.253.223.218,53,60897,UDP,flow,failed,1200783912037724,,1,1,0,188,0,0.0,1,188,0,none,0,none,0,0,0,no_alert_unknown,no_alert_not_final_benign,-1,dns,port
2025-07-19T23:03:24.666792+0700,103.195.142.2,208.67.217.165,53,51619,UDP,flow,failed,1197682285309281,,1,1,0,175,0,0.0,1,175,0,none,0,none,0,0,0,no_alert_unknown,no_alert_not_final_benign,-1,dns,port
2025-07-19T23:03:24.666810+0700,103.195.142.196,87.98.154.245,53,53708,UDP,flow,failed,1291905631219062,,1,1,0,1437,0,0.0,1,1437,0,none,0,none,0,0,0,no_alert_unknown,no_alert_not_final_benign,-1,dns,port
2025-07-19T23:03:24.666847+0700,103.195.142.109,87.98.154.119,53,22934,UDP,flow,failed,571215622073792,,1,1,0,1437,0,0.0,1,1437,0,none,0,none,0,0,0,no_alert_unknown,no_alert_not_final_benign,-1,dns,port
2025-07-19T23:03:24.666875+0700,103.195.142.195,87.98.154.117,53,19391,UDP,flow,failed,1302133247340000,,1,1,0,1437,0,0.0,1,1437,0,none,0,none,0,0,0,no_alert_unknown,no_alert_not_final_benign,-1,dns,port
2025-07-19T23:03:24.666916+0700,103.195.142.2,208.69.33.57,53,24979,UDP,flow,failed,1048166786559606,,1,1,0,181,0,0.0,1,181,0,none,0,none,0,0,0,no_alert_unknown,no_alert_not_final_benign,-1,dns,port
2025-07-19T23:03:24.666934+0700,103.195.142.165,87.98.154.5,53,24125,UDP,flow,failed,665513546182268,,1,1,0,1437,0,0.0,1,1437,0,none,0,none,0,0,0,no_alert_unknown,no_alert_not_final_benign,-1,dns,port
2025-07-19T23:03:24.666953+0700,103.195.142.74,118.98.44.100,60666,53,UDP,flow,dns,409775573266044,,1,1,0,88,0,0.0,1,88,0,none,0,none,0,0,0,no_alert_unknown,no_alert_not_final_benign,-1,dns,app_proto+port
2025-07-19T23:03:24.666973+0700,103.195.142.109,87.98.154.119,53,41119,UDP,flow,failed,796111264837255,,1,1,0,1437,0,0.0,1,1437,0,none,0,none,0,0,0,no_alert_unknown,no_alert_not_final_benign,-1,dns,port
2025-07-19T23:03:24.667035+0700,103.195.142.74,202.134.0.155,23932,53,UDP,flow,dns,440748752137955,,1,1,0,68,0,0.0,1,68,0,none,0,none,0,0,0,no_alert_unknown,no_alert_not_final_benign,-1,dns,app_proto+port
2025-07-19T23:03:24.667056+0700,103.195.142.74,118.98.44.100,36735,53,UDP,flow,dns,1043185108217602,,1,1,0,232,0,0.0,1,232,0,none,0,none,0,0,0,no_alert_unknown,no_alert_not_final_benign,-1,dns,app_proto+port
2025-07-19T23:03:24.667075+0700,103.195.142.74,118.98.44.20,10678,53,UDP,flow,dns,1146659915263752,,1,1,0,141,0,0.0,1,141,0,none,0,none,0,0,0,no_alert_unknown,no_alert_not_final_benign,-1,dns,app_proto+port
2025-07-19T23:03:24.667095+0700,103.195.142.46,87.98.154.118,53,59046,UDP,flow,failed,649680539053887,,1,1,0,1437,0,0.0,1,1437,0,none,0,none,0,0,0,no_alert_unknown,no_alert_not_final_benign,-1,dns,port
2025-07-19T23:03:24.667126+0700,103.195.142.165,87.98.154.5,53,5875,UDP,flow,failed,391368042770249,,1,1,0,1437,0,0.0,1,1437,0,none,0,none,0,0,0,no_alert_unknown,no_alert_not_final_benign,-1,dns,port
2025-07-19T23:03:24.667167+0700,103.195.142.74,185.67.45.231,60307,53,UDP,flow,dns,393815782289318,,1,1,0,85,0,0.0,1,85,0,none,0,none,0,0,0,no_alert_unknown,no_alert_not_final_benign,-1,dns,app_proto+port
2025-07-19T23:03:24.667187+0700,103.195.142.75,8.8.8.8,29557,53,UDP,flow,dns,434105676361664,,1,1,0,68,0,0.0,1,68,0,none,0,none,0,0,0,no_alert_unknown,no_alert_not_final_benign,-1,dns,app_proto+port
2025-07-19T23:03:24.667213+0700,103.195.142.46,87.98.154.119,53,3741,UDP,flow,failed,652191901446106,,1,1,0,1437,0,0.0,1,1437,0,none,0,none,0,0,0,no_alert_unknown,no_alert_not_final_benign,-1,dns,port
2025-07-19T23:03:24.667232+0700,103.195.142.74,118.98.44.20,41950,53,UDP,flow,dns,66779671195652,,1,1,0,91,0,0.0,1,91,0,none,0,none,0,0,0,no_alert_unknown,no_alert_not_final_benign,-1,dns,app_proto+port
2025-07-19T23:03:24.667252+0700,103.195.142.74,118.98.44.20,15938,53,UDP,flow,dns,1151274068635678,,1,1,0,76,0,0.0,1,76,0,none,0,none,0,0,0,no_alert_unknown,no_alert_not_final_benign,-1,dns,app_proto+port
2025-07-19T23:03:24.667383+0700,103.195.142.196,87.98.154.85,53,30645,UDP,flow,failed,1112983700730038,,1,1,0,1437,0,0.0,1,1437,0,none,0,none,0,0,0,no_alert_unknown,no_alert_not_final_benign,-1,dns,port
2025-07-19T23:03:24.667403+0700,103.195.142.195,87.98.154.118,53,24236,UDP,flow,failed,894588736663763,,1,1,0,1437,0,0.0,1,1437,0,none,0,none,0,0,0,no_alert_unknown,no_alert_not_final_benign,-1,dns,port
2025-07-19T23:03:24.667455+0700,103.195.142.74,202.134.0.155,42357,53,UDP,flow,dns,1389432890487037,,1,1,0,76,0,0.0,1,76,0,none,0,none,0,0,0,no_alert_unknown,no_alert_not_final_benign,-1,dns,app_proto+port
2025-07-19T23:03:24.667475+0700,103.195.142.75,45.79.197.241,11118,53,UDP,flow,dns,1270043581378867,,1,1,0,74,0,0.0,1,74,0,none,0,none,0,0,0,no_alert_unknown,no_alert_not_final_benign,-1,dns,app_proto+port
2025-07-19T23:03:24.667574+0700,103.195.142.74,202.134.0.155,14720,53,UDP,flow,dns,983236359254415,,1,1,0,74,0,0.0,1,74,0,none,0,none,0,0,0,no_alert_unknown,no_alert_not_final_benign,-1,dns,app_proto+port
2025-07-19T23:03:24.667604+0700,103.195.142.165,87.98.154.119,53,34064,UDP,flow,failed,740957455151507,,1,1,0,1437,0,0.0,1,1437,0,none,0,none,0,0,0,no_alert_unknown,no_alert_not_final_benign,-1,dns,port
2025-07-19T23:03:24.667624+0700,103.195.142.83,87.98.154.106,53,8793,UDP,flow,failed,650993364464025,,1,3,0,3570,0,9.0,3,3570,0,none,0,none,0,0,0,no_alert_unknown,no_alert_not_final_benign,-1,dns,port
2025-07-19T23:03:24.667643+0700,103.195.142.196,87.98.154.21,53,54835,UDP,flow,failed,665265653772698,,1,1,0,1437,0,0.0,1,1437,0,none,0,none,0,0,0,no_alert_unknown,no_alert_not_final_benign,-1,dns,port
2025-07-19T23:03:24.667690+0700,103.195.142.83,87.98.154.119,53,23030,UDP,flow,failed,511674238661078,,1,1,0,1190,0,0.0,1,1190,0,none,0,none,0,0,0,no_alert_unknown,no_alert_not_final_benign,-1,dns,port
2025-07-19T23:03:24.667709+0700,103.195.142.46,87.98.154.163,53,24012,UDP,flow,failed,425226785747493,,1,2,0,2874,0,9.0,2,2874,0,none,0,none,0,0,0,no_alert_unknown,no_alert_not_final_benign,-1,dns,port
2025-07-19T23:03:24.667745+0700,103.195.142.2,208.67.217.167,53,32715,UDP,flow,failed,792201962615344,,1,1,0,175,0,0.0,1,175,0,none,0,none,0,0,0,no_alert_unknown,no_alert_not_final_benign,-1,dns,port
2025-07-19T23:03:24.667766+0700,103.195.142.74,118.98.44.20,47897,53,UDP,flow,dns,350715805725280,,1,1,0,91,0,0.0,1,91,0,none,0,none,0,0,0,no_alert_unknown,no_alert_not_final_benign,-1,dns,app_proto+port
2025-07-19T23:03:24.667800+0700,103.195.142.74,118.98.44.100,59290,53,UDP,flow,dns,76402743800476,,1,1,0,85,0,0.0,1,85,0,none,0,none,0,0,0,no_alert_unknown,no_alert_not_final_benign,-1,dns,app_proto+port
2025-07-19T23:03:24.667823+0700,103.195.142.109,87.98.154.105,53,59555,UDP,flow,failed,471169914925725,,1,1,0,1437,0,0.0,1,1437,0,none,0,none,0,0,0,no_alert_unknown,no_alert_not_final_benign,-1,dns,port
2025-07-19T23:03:24.667848+0700,103.195.142.165,87.98.154.149,53,6988,UDP,flow,failed,1285350239531728,,1,1,0,1437,0,0.0,1,1437,0,none,0,none,0,0,0,no_alert_unknown,no_alert_not_final_benign,-1,dns,port
2025-07-19T23:03:24.667867+0700,103.195.142.109,87.98.154.119,53,34780,UDP,flow,failed,311770040791765,,1,1,0,1437,0,0.0,1,1437,0,none,0,none,0,0,0,no_alert_unknown,no_alert_not_final_benign,-1,dns,port
2025-07-19T23:03:24.667885+0700,103.195.142.196,87.98.154.29,53,20001,UDP,flow,failed,203053969470188,,1,3,0,4311,0,10.0,3,4311,0,none,0,none,0,0,0,no_alert_unknown,no_alert_not_final_benign,-1,dns,port
2025-07-19T23:03:24.667904+0700,103.195.142.165,87.98.154.119,53,7548,UDP,flow,failed,1016325154698025,,1,1,0,1437,0,0.0,1,1437,0,none,0,none,0,0,0,no_alert_unknown,no_alert_not_final_benign,-1,dns,port
2025-07-19T23:03:24.667922+0700,103.195.142.109,87.98.154.119,53,47070,UDP,flow,failed,434032460854087,,1,1,0,1437,0,0.0,1,1437,0,none,0,none,0,0,0,no_alert_unknown,no_alert_not_final_benign,-1,dns,port
2025-07-19T23:03:24.667940+0700,103.195.142.3,208.67.217.162,53,35702,UDP,flow,failed,821331179696997,,1,1,0,175,0,0.0,1,175,0,none,0,none,0,0,0,no_alert_unknown,no_alert_not_final_benign,-1,dns,port
2025-07-19T23:03:24.667958+0700,103.195.142.109,87.98.154.117,53,60593,UDP,flow,failed,1113190834926467,,1,1,0,1437,0,0.0,1,1437,0,none,0,none,0,0,0,no_alert_unknown,no_alert_not_final_benign,-1,dns,port
2025-07-19T23:03:24.667976+0700,103.195.142.3,13.66.200.178,53,61660,UDP,flow,failed,954051095262101,,1,1,0,170,0,0.0,1,170,0,none,0,none,0,0,0,no_alert_unknown,no_alert_not_final_benign,-1,dns,port
2025-07-19T23:03:24.668000+0700,103.195.142.165,87.98.154.233,53,16549,UDP,flow,failed,435684524520474,,1,1,0,1437,0,0.0,1,1437,0,none,0,none,0,0,0,no_alert_unknown,no_alert_not_final_benign,-1,dns,port
2025-07-19T23:03:24.668019+0700,103.195.142.195,87.98.154.117,53,36321,UDP,flow,failed,37898797020197,,1,1,0,1437,0,0.0,1,1437,0,none,0,none,0,0,0,no_alert_unknown,no_alert_not_final_benign,-1,dns,port
2025-07-19T23:03:24.668058+0700,103.195.142.109,87.98.154.133,53,14693,UDP,flow,failed,357591130272878,,1,1,0,1437,0,0.0,1,1437,0,none,0,none,0,0,0,no_alert_unknown,no_alert_not_final_benign,-1,dns,port
2025-07-19T23:03:24.668077+0700,103.195.142.109,87.98.154.119,53,43650,UDP,flow,failed,221165556036762,,1,1,0,1437,0,0.0,1,1437,0,none,0,none,0,0,0,no_alert_unknown,no_alert_not_final_benign,-1,dns,port
2025-07-19T23:03:24.668159+0700,103.195.142.196,87.98.154.29,53,58718,UDP,flow,failed,422781906744545,,1,1,0,1437,0,0.0,1,1437,0,none,0,none,0,0,0,no_alert_unknown,no_alert_not_final_benign,-1,dns,port
2025-07-19T23:03:24.668178+0700,103.195.142.165,87.98.154.119,53,6499,UDP,flow,failed,97227314263283,,1,1,0,1437,0,0.0,1,1437,0,none,0,none,0,0,0,no_alert_unknown,no_alert_not_final_benign,-1,dns,port
2025-07-19T23:03:24.668196+0700,103.195.142.74,202.134.0.155,11514,53,UDP,flow,dns,628839739323678,,1,1,0,214,0,0.0,1,214,0,none,0,none,0,0,0,no_alert_unknown,no_alert_not_final_benign,-1,dns,app_proto+port
2025-07-19T23:03:24.668215+0700,103.195.142.74,118.98.44.50,62979,53,UDP,flow,dns,721615718479161,,1,1,0,93,0,0.0,1,93,0,none,0,none,0,0,0,no_alert_unknown,no_alert_not_final_benign,-1,dns,app_proto+port
2025-07-19T23:03:24.668235+0700,103.195.142.74,118.98.44.100,54558,53,UDP,flow,dns,1075569680020794,,1,1,0,105,0,0.0,1,105,0,none,0,none,0,0,0,no_alert_unknown,no_alert_not_final_benign,-1,dns,app_proto+port
2025-07-19T23:03:24.668254+0700,103.195.142.74,202.134.0.155,32293,53,UDP,flow,dns,1055883232048456,,1,1,0,97,0,0.0,1,97,0,none,0,none,0,0,0,no_alert_unknown,no_alert_not_final_benign,-1,dns,app_proto+port
2025-07-19T23:03:24.668275+0700,103.195.142.74,118.98.44.50,49200,53,UDP,flow,dns,488641470428502,,1,1,0,109,0,0.0,1,109,0,none,0,none,0,0,0,no_alert_unknown,no_alert_not_final_benign,-1,dns,app_proto+port
2025-07-19T23:03:24.668295+0700,103.195.142.46,87.98.154.183,53,18472,UDP,flow,failed,660332444480859,,1,1,0,1437,0,0.0,1,1437,0,none,0,none,0,0,0,no_alert_unknown,no_alert_not_final_benign,-1,dns,port
2025-07-19T23:03:24.668326+0700,103.195.142.3,208.67.217.165,53,23998,UDP,flow,failed,1369674329650529,,1,1,0,159,0,0.0,1,159,0,none,0,none,0,0,0,no_alert_unknown,no_alert_not_final_benign,-1,dns,port
2025-07-19T23:03:24.668365+0700,103.195.142.74,118.98.44.20,21338,53,UDP,flow,dns,588264431973784,,1,1,0,92,0,0.0,1,92,0,none,0,none,0,0,0,no_alert_unknown,no_alert_not_final_benign,-1,dns,app_proto+port
2025-07-19T23:03:24.668411+0700,103.195.142.75,8.8.8.8,52894,53,UDP,flow,dns,1114893131609622,,1,1,0,88,0,0.0,1,88,0,none,0,none,0,0,0,no_alert_unknown,no_alert_not_final_benign,-1,dns,app_proto+port
2025-07-19T23:03:24.668454+0700,103.195.142.74,118.98.44.20,35200,53,UDP,flow,dns,470686274188860,,1,1,0,74,0,0.0,1,74,0,none,0,none,0,0,0,no_alert_unknown,no_alert_not_final_benign,-1,dns,app_proto+port
2025-07-19T23:03:24.668506+0700,103.195.142.46,87.98.154.119,53,39826,UDP,flow,failed,62581041690255,,1,1,0,1437,0,0.0,1,1437,0,none,0,none,0,0,0,no_alert_unknown,no_alert_not_final_benign,-1,dns,port
2025-07-19T23:03:24.668600+0700,103.195.142.75,8.8.8.8,46519,53,UDP,flow,dns,759783918630555,,1,1,0,68,0,0.0,1,68,0,none,0,none,0,0,0,no_alert_unknown,no_alert_not_final_benign,-1,dns,app_proto+port
2025-07-19T23:03:24.668621+0700,103.195.142.109,87.98.154.119,53,63684,UDP,flow,failed,501160303556283,,1,1,0,1437,0,0.0,1,1437,0,none,0,none,0,0,0,no_alert_unknown,no_alert_not_final_benign,-1,dns,port
2025-07-19T23:03:24.668667+0700,103.195.142.46,87.98.154.119,53,46617,UDP,flow,failed,1259274302289619,,1,1,0,1437,0,0.0,1,1437,0,none,0,none,0,0,0,no_alert_unknown,no_alert_not_final_benign,-1,dns,port
2025-07-19T23:03:24.668707+0700,103.195.142.74,202.134.0.155,40255,53,UDP,flow,dns,1284702574245674,,1,1,0,82,0,0.0,1,82,0,none,0,none,0,0,0,no_alert_unknown,no_alert_not_final_benign,-1,dns,app_proto+port
2025-07-19T23:03:24.668727+0700,103.195.142.83,87.98.154.46,53,29328,UDP,flow,failed,65637021808485,,1,1,0,1190,0,0.0,1,1190,0,none,0,none,0,0,0,no_alert_unknown,no_alert_not_final_benign,-1,dns,port
2025-07-19T23:03:24.668764+0700,103.195.142.75,216.38.8.120,20451,53,UDP,flow,dns,219886282831849,,1,1,0,130,0,0.0,1,130,0,none,0,none,0,0,0,no_alert_unknown,no_alert_not_final_benign,-1,dns,app_proto+port
2025-07-19T23:03:24.668784+0700,103.195.142.76,87.98.154.50,53,54236,UDP,flow,failed,1043432897411112,,1,1,0,1469,0,0.0,1,1469,0,none,0,none,0,0,0,no_alert_unknown,no_alert_not_final_benign,-1,dns,port
2025-07-19T23:03:24.668807+0700,103.195.142.74,118.98.44.20,29754,53,UDP,flow,dns,949008525129798,,1,1,0,80,0,0.0,1,80,0,none,0,none,0,0,0,no_alert_unknown,no_alert_not_final_benign,-1,dns,app_proto+port
2025-07-19T23:03:24.668864+0700,103.195.142.83,87.98.154.134,53,61641,UDP,flow,failed,350605575288925,,1,3,0,3570,0,10.0,3,3570,0,none,0,none,0,0,0,no_alert_unknown,no_alert_not_final_benign,-1,dns,port
2025-07-19T23:03:24.668877+0700,103.195.142.75,8.8.8.8,20638,53,UDP,flow,dns,493701040666740,,1,1,0,223,0,0.0,1,223,0,none,0,none,0,0,0,no_alert_unknown,no_alert_not_final_benign,-1,dns,app_proto+port
2025-07-19T23:03:24.668980+0700,103.195.142.165,87.98.154.119,53,56585,UDP,flow,failed,133292194691357,,1,1,0,1437,0,0.0,1,1437,0,none,0,none,0,0,0,no_alert_unknown,no_alert_not_final_benign,-1,dns,port
2025-07-19T23:03:24.668994+0700,103.195.142.46,87.98.154.51,53,59320,UDP,flow,failed,1153046338500985,,1,1,0,1437,0,0.0,1,1437,0,none,0,none,0,0,0,no_alert_unknown,no_alert_not_final_benign,-1,dns,port
2025-07-19T23:03:24.669023+0700,103.195.142.109,87.98.154.133,53,8131,UDP,flow,failed,107979345852822,,1,3,0,4311,0,10.0,3,4311,0,none,0,none,0,0,0,no_alert_unknown,no_alert_not_final_benign,-1,dns,port
2025-07-19T23:03:24.669040+0700,103.195.142.76,87.98.154.134,53,27120,UDP,flow,failed,264281691421088,,1,1,0,1469,0,0.0,1,1469,0,none,0,none,0,0,0,no_alert_unknown,no_alert_not_final_benign,-1,dns,port
2025-07-19T23:03:24.669054+0700,103.195.142.109,87.98.154.118,53,2786,UDP,flow,failed,1131364427135421,,1,1,0,1437,0,0.0,1,1437,0,none,0,none,0,0,0,no_alert_unknown,no_alert_not_final_benign,-1,dns,port
2025-07-19T23:03:24.669067+0700,103.195.142.195,87.98.154.64,53,63097,UDP,flow,failed,1431669684664793,,1,2,0,2874,0,7.0,2,2874,0,none,0,none,0,0,0,no_alert_unknown,no_alert_not_final_benign,-1,dns,port
2025-07-19T23:03:24.669080+0700,103.195.142.165,87.98.154.9,53,25218,UDP,flow,failed,1232532814264808,,1,1,0,1437,0,0.0,1,1437,0,none,0,none,0,0,0,no_alert_unknown,no_alert_not_final_benign,-1,dns,port
2025-07-19T23:03:24.669093+0700,103.195.142.196,87.98.154.57,53,1421,UDP,flow,failed,1030257673206297,,1,2,0,2874,0,6.0,2,2874,0,none,0,none,0,0,0,no_alert_unknown,no_alert_not_final_benign,-1,dns,port
2025-07-19T23:03:24.669115+0700,103.195.142.109,87.98.154.77,53,1363,UDP,flow,failed,763088346118698,,1,1,0,1437,0,0.0,1,1437,0,none,0,none,0,0,0,no_alert_unknown,no_alert_not_final_benign,-1,dns,port
2025-07-19T23:03:24.669128+0700,103.195.142.76,87.98.154.119,53,20384,UDP,flow,failed,1025511253047868,,1,1,0,1469,0,0.0,1,1469,0,none,0,none,0,0,0,no_alert_unknown,no_alert_not_final_benign,-1,dns,port
2025-07-19T23:03:24.669141+0700,103.195.142.46,87.98.154.119,53,16576,UDP,flow,failed,919297401715274,,1,1,0,1437,0,0.0,1,1437,0,none,0,none,0,0,0,no_alert_unknown,no_alert_not_final_benign,-1,dns,port
2025-07-19T23:03:24.669219+0700,103.195.142.74,118.98.44.20,27667,53,UDP,flow,dns,152016437213883,,1,1,0,223,0,0.0,1,223,0,none,0,none,0,0,0,no_alert_unknown,no_alert_not_final_benign,-1,dns,app_proto+port
2025-07-19T23:03:24.669233+0700,103.195.142.74,202.134.0.155,59329,53,UDP,flow,dns,1017044161231583,,1,1,0,211,0,0.0,1,211,0,none,0,none,0,0,0,no_alert_unknown,no_alert_not_final_benign,-1,dns,app_proto+port
2025-07-19T23:03:24.669247+0700,103.195.142.83,87.98.154.119,53,39912,UDP,flow,failed,486880038910708,,1,1,0,1190,0,0.0,1,1190,0,none,0,none,0,0,0,no_alert_unknown,no_alert_not_final_benign,-1,dns,port
2025-07-19T23:03:24.669321+0700,103.195.142.3,202.152.254.19,53,10238,UDP,flow,failed,1271576292653849,,1,1,0,127,0,0.0,1,127,0,none,0,none,0,0,0,no_alert_unknown,no_alert_not_final_benign,-1,dns,port
2025-07-19T23:03:24.669335+0700,103.195.142.75,8.8.8.8,18137,53,UDP,flow,dns,631784531852073,,1,1,0,223,0,0.0,1,223,0,none,0,none,0,0,0,no_alert_unknown,no_alert_not_final_benign,-1,dns,app_proto+port
2025-07-19T23:03:24.669349+0700,103.195.142.74,118.98.44.20,11227,53,UDP,flow,dns,197634360245044,,1,1,0,214,0,0.0,1,214,0,none,0,none,0,0,0,no_alert_unknown,no_alert_not_final_benign,-1,dns,app_proto+port
2025-07-19T23:03:24.669416+0700,103.195.142.74,118.98.44.100,13513,53,UDP,flow,dns,751214524070823,,1,1,0,81,0,0.0,1,81,0,none,0,none,0,0,0,no_alert_unknown,no_alert_not_final_benign,-1,dns,app_proto+port
2025-07-19T23:03:24.669430+0700,103.195.142.74,118.98.44.20,62249,53,UDP,flow,dns,466104323570651,,1,1,0,74,0,0.0,1,74,0,none,0,none,0,0,0,no_alert_unknown,no_alert_not_final_benign,-1,dns,app_proto+port
2025-07-19T23:03:24.669461+0700,103.195.142.3,202.152.254.19,53,10233,UDP,flow,failed,1270414410808308,,1,1,0,135,0,0.0,1,135,0,none,0,none,0,0,0,no_alert_unknown,no_alert_not_final_benign,-1,dns,port
2025-07-19T23:03:24.669489+0700,103.195.142.74,118.98.44.100,12112,53,UDP,flow,dns,796828445408268,,1,1,0,223,0,0.0,1,223,0,none,0,none,0,0,0,no_alert_unknown,no_alert_not_final_benign,-1,dns,app_proto+port
2025-07-19T23:03:24.669503+0700,103.195.142.74,118.98.44.50,49620,53,UDP,flow,dns,1261106705955869,,1,1,0,88,0,0.0,1,88,0,none,0,none,0,0,0,no_alert_unknown,no_alert_not_final_benign,-1,dns,app_proto+port
2025-07-19T23:03:24.669538+0700,103.195.142.196,87.98.154.225,53,15027,UDP,flow,failed,56560322313255,,1,1,0,1437,0,0.0,1,1437,0,none,0,none,0,0,0,no_alert_unknown,no_alert_not_final_benign,-1,dns,port
2025-07-19T23:03:24.669551+0700,103.195.142.195,87.98.154.204,53,39899,UDP,flow,failed,785416730803319,,1,1,0,1437,0,0.0,1,1437,0,none,0,none,0,0,0,no_alert_unknown,no_alert_not_final_benign,-1,dns,port
2025-07-19T23:03:24.669595+0700,103.195.142.76,87.98.154.119,53,63451,UDP,flow,failed,396125697113474,,1,1,0,1469,0,0.0,1,1469,0,none,0,none,0,0,0,no_alert_unknown,no_alert_not_final_benign,-1,dns,port
2025-07-19T23:03:24.669608+0700,103.195.142.74,118.98.44.100,10746,53,UDP,flow,dns,90864143072658,,1,1,0,74,0,0.0,1,74,0,none,0,none,0,0,0,no_alert_unknown,no_alert_not_final_benign,-1,dns,app_proto+port
2025-07-19T23:03:24.669623+0700,103.195.142.109,87.98.154.161,53,12904,UDP,flow,failed,6834572328347,,1,2,0,2874,0,9.0,2,2874,0,none,0,none,0,0,0,no_alert_unknown,no_alert_not_final_benign,-1,dns,port
2025-07-19T23:03:24.669640+0700,103.195.142.46,87.98.154.19,53,40795,UDP,flow,failed,700215724506543,,1,1,0,1437,0,0.0,1,1437,0,none,0,none,0,0,0,no_alert_unknown,no_alert_not_final_benign,-1,dns,port
2025-07-19T23:03:24.669654+0700,103.195.142.196,87.98.154.119,53,6672,UDP,flow,failed,380390559743423,,1,1,0,1437,0,0.0,1,1437,0,none,0,none,0,0,0,no_alert_unknown,no_alert_not_final_benign,-1,dns,port
2025-07-19T23:03:24.669697+0700,103.195.142.165,87.98.154.117,53,53047,UDP,flow,failed,1064438043475525,,1,1,0,1437,0,0.0,1,1437,0,none,0,none,0,0,0,no_alert_unknown,no_alert_not_final_benign,-1,dns,port
2025-07-19T23:03:24.669740+0700,103.195.142.74,118.98.44.50,1593,53,UDP,flow,dns,637216951008950,,1,1,0,232,0,0.0,1,232,0,none,0,none,0,0,0,no_alert_unknown,no_alert_not_final_benign,-1,dns,app_proto+port
2025-07-19T23:03:24.669755+0700,103.195.142.2,74.63.24.239,53,29338,UDP,flow,failed,562074192674527,,1,1,0,135,0,0.0,1,135,0,none,0,none,0,0,0,no_alert_unknown,no_alert_not_final_benign,-1,dns,port
2025-07-19T23:03:24.669769+0700,103.195.142.109,87.98.154.119,53,31268,UDP,flow,failed,1158914377875168,,1,1,0,1437,0,0.0,1,1437,0,none,0,none,0,0,0,no_alert_unknown,no_alert_not_final_benign,-1,dns,port
2025-07-19T23:03:24.669798+0700,103.195.142.75,8.8.8.8,52510,53,UDP,flow,dns,440236807847660,,1,1,0,68,0,0.0,1,68,0,none,0,none,0,0,0,no_alert_unknown,no_alert_not_final_benign,-1,dns,app_proto+port
2025-07-19T23:03:24.669812+0700,103.195.142.109,87.98.154.217,53,41426,UDP,flow,failed,1146681184714508,,1,1,0,1437,0,0.0,1,1437,0,none,0,none,0,0,0,no_alert_unknown,no_alert_not_final_benign,-1,dns,port
2025-07-19T23:03:24.669826+0700,103.195.142.76,87.98.154.166,53,47335,UDP,flow,failed,651795998474021,,1,1,0,1469,0,0.0,1,1469,0,none,0,none,0,0,0,no_alert_unknown,no_alert_not_final_benign,-1,dns,port
2025-07-19T23:03:24.669858+0700,103.195.142.3,208.67.217.186,53,7018,UDP,flow,failed,1275966295801722,,1,1,0,159,0,0.0,1,159,0,none,0,none,0,0,0,no_alert_unknown,no_alert_not_final_benign,-1,dns,port
2025-07-19T23:03:24.669872+0700,103.195.142.74,202.134.0.155,58094,53,UDP,flow,dns,1374645606514594,,1,1,0,74,0,0.0,1,74,0,none,0,none,0,0,0,no_alert_unknown,no_alert_not_final_benign,-1,dns,app_proto+port
2025-07-19T23:03:24.669886+0700,103.195.142.83,87.98.154.119,53,5099,UDP,flow,failed,692622660763569,,1,1,0,1190,0,0.0,1,1190,0,none,0,none,0,0,0,no_alert_unknown,no_alert_not_final_benign,-1,dns,port
2025-07-19T23:03:24.669916+0700,103.195.142.76,87.98.154.78,53,33790,UDP,flow,failed,858056081702865,,1,1,0,1469,0,0.0,1,1469,0,none,0,none,0,0,0,no_alert_unknown,no_alert_not_final_benign,-1,dns,port
2025-07-19T23:03:24.669929+0700,103.195.142.195,87.98.154.204,53,61965,UDP,flow,failed,928598292791251,,1,1,0,1437,0,0.0,1,1437,0,none,0,none,0,0,0,no_alert_unknown,no_alert_not_final_benign,-1,dns,port
2025-07-19T23:03:24.669943+0700,103.195.142.46,87.98.154.127,53,31530,UDP,flow,failed,917116089696232,,1,1,0,1437,0,0.0,1,1437,0,none,0,none,0,0,0,no_alert_unknown,no_alert_not_final_benign,-1,dns,port
2025-07-19T23:03:24.669991+0700,103.195.142.75,45.79.197.241,9918,53,UDP,flow,dns,1068663739088967,,1,1,0,80,0,0.0,1,80,0,none,0,none,0,0,0,no_alert_unknown,no_alert_not_final_benign,-1,dns,app_proto+port
2025-07-19T23:03:24.670005+0700,103.195.142.75,69.39.238.37,65525,53,UDP,flow,dns,1094431558959243,,1,1,0,85,0,0.0,1,85,0,none,0,none,0,0,0,no_alert_unknown,no_alert_not_final_benign,-1,dns,app_proto+port
2025-07-19T23:03:24.670065+0700,103.195.142.165,87.98.154.37,53,9688,UDP,flow,failed,964761155829986,,1,1,0,1437,0,0.0,1,1437,0,none,0,none,0,0,0,no_alert_unknown,no_alert_not_final_benign,-1,dns,port
2025-07-19T23:03:24.670152+0700,103.195.142.165,87.98.154.113,53,22266,UDP,flow,failed,771064063754786,,1,1,0,1437,0,0.0,1,1437,0,none,0,none,0,0,0,no_alert_unknown,no_alert_not_final_benign,-1,dns,port
2025-07-19T23:03:24.670165+0700,103.195.142.74,118.98.44.20,27780,53,UDP,flow,dns,38901882257963,,1,1,0,214,0,0.0,1,214,0,none,0,none,0,0,0,no_alert_unknown,no_alert_not_final_benign,-1,dns,app_proto+port
2025-07-19T23:03:24.670186+0700,103.195.142.83,87.98.154.190,53,30292,UDP,flow,failed,1983565621330486,,1,3,0,3570,0,10.0,3,3570,0,none,0,none,0,0,0,no_alert_unknown,no_alert_not_final_benign,-1,dns,port
2025-07-19T23:03:24.670217+0700,103.195.142.165,87.98.154.37,53,55497,UDP,flow,failed,975588563780195,,1,3,0,4311,0,9.0,3,4311,0,none,0,none,0,0,0,no_alert_unknown,no_alert_not_final_benign,-1,dns,port
2025-07-19T23:03:24.670231+0700,103.195.142.3,13.105.164.205,53,63543,UDP,flow,failed,1343222110913129,,1,1,0,181,0,0.0,1,181,0,none,0,none,0,0,0,no_alert_unknown,no_alert_not_final_benign,-1,dns,port
2025-07-19T23:03:24.670258+0700,103.195.142.83,87.98.154.119,53,8994,UDP,flow,failed,276779010916993,,1,1,0,1190,0,0.0,1,1190,0,none,0,none,0,0,0,no_alert_unknown,no_alert_not_final_benign,-1,dns,port
2025-07-19T23:03:24.670320+0700,103.195.142.46,87.98.154.103,53,51570,UDP,flow,failed,308555275404247,,1,1,0,1437,0,0.0,1,1437,0,none,0,none,0,0,0,no_alert_unknown,no_alert_not_final_benign,-1,dns,port
2025-07-19T23:03:24.670334+0700,103.195.142.74,202.134.0.155,26101,53,UDP,flow,dns,558103116088297,,1,1,0,241,0,0.0,1,241,0,none,0,none,0,0,0,no_alert_unknown,no_alert_not_final_benign,-1,dns,app_proto+port
2025-07-19T23:03:24.670359+0700,103.195.142.74,136.243.75.67,43188,53,UDP,flow,dns,218890199729146,,1,1,0,85,0,0.0,1,85,0,none,0,none,0,0,0,no_alert_unknown,no_alert_not_final_benign,-1,dns,app_proto+port
2025-07-19T23:03:24.670378+0700,103.195.142.74,202.134.0.155,52544,53,UDP,flow,dns,1340963636020262,,1,1,0,223,0,0.0,1,223,0,none,0,none,0,0,0,no_alert_unknown,no_alert_not_final_benign,-1,dns,app_proto+port
2025-07-19T23:03:24.670393+0700,103.195.142.74,202.134.0.155,17599,53,UDP,flow,dns,709854578115667,,1,1,0,74,0,0.0,1,74,0,none,0,none,0,0,0,no_alert_unknown,no_alert_not_final_benign,-1,dns,app_proto+port
2025-07-19T23:03:24.670430+0700,103.195.142.196,87.98.154.119,53,16223,UDP,flow,failed,310433104233627,,1,1,0,1437,0,0.0,1,1437,0,none,0,none,0,0,0,no_alert_unknown,no_alert_not_final_benign,-1,dns,port
2025-07-19T23:03:24.670444+0700,103.195.142.165,87.98.154.33,53,28284,UDP,flow,failed,28074927948965,,1,1,0,1437,0,0.0,1,1437,0,none,0,none,0,0,0,no_alert_unknown,no_alert_not_final_benign,-1,dns,port
2025-07-19T23:03:24.670458+0700,103.195.142.75,8.8.8.8,16255,53,UDP,flow,dns,1032688146547882,,1,1,0,74,0,0.0,1,74,0,none,0,none,0,0,0,no_alert_unknown,no_alert_not_final_benign,-1,dns,app_proto+port
2025-07-19T23:03:24.670472+0700,103.195.142.74,118.98.44.20,32962,53,UDP,flow,dns,835913939453101,,1,1,0,120,0,0.0,1,120,0,none,0,none,0,0,0,no_alert_unknown,no_alert_not_final_benign,-1,dns,app_proto+port
2025-07-19T23:03:24.670519+0700,103.195.142.195,87.98.154.119,53,27293,UDP,flow,failed,667965180445899,,1,1,0,1437,0,0.0,1,1437,0,none,0,none,0,0,0,no_alert_unknown,no_alert_not_final_benign,-1,dns,port
2025-07-19T23:03:24.670579+0700,103.195.142.74,202.134.0.155,7815,53,UDP,flow,dns,615085944571133,,1,1,0,223,0,0.0,1,223,0,none,0,none,0,0,0,no_alert_unknown,no_alert_not_final_benign,-1,dns,app_proto+port
2025-07-19T23:03:24.670594+0700,103.195.142.2,180.241.233.104,53,3367,UDP,flow,failed,26860377965881,,1,1,0,186,0,0.0,1,186,0,none,0,none,0,0,0,no_alert_unknown,no_alert_not_final_benign,-1,dns,port
2025-07-19T23:03:24.670623+0700,103.195.142.74,118.98.44.100,7129,53,UDP,flow,dns,1064060269462917,,1,1,0,243,0,0.0,1,243,0,none,0,none,0,0,0,no_alert_unknown,no_alert_not_final_benign,-1,dns,app_proto+port
2025-07-19T23:03:24.670656+0700,103.195.142.75,8.8.8.8,12306,53,UDP,flow,dns,782034327012822,,1,1,0,68,0,0.0,1,68,0,none,0,none,0,0,0,no_alert_unknown,no_alert_not_final_benign,-1,dns,app_proto+port
2025-07-19T23:03:24.670702+0700,103.195.142.165,87.98.154.118,53,57643,UDP,flow,failed,491712430507550,,1,1,0,1437,0,0.0,1,1437,0,none,0,none,0,0,0,no_alert_unknown,no_alert_not_final_benign,-1,dns,port
2025-07-19T23:03:24.670715+0700,103.195.142.74,118.98.44.50,48012,53,UDP,flow,dns,1013901854475843,,1,1,0,78,0,0.0,1,78,0,none,0,none,0,0,0,no_alert_unknown,no_alert_not_final_benign,-1,dns,app_proto+port
2025-07-19T23:03:24.670731+0700,103.195.142.74,69.16.230.48,26483,53,UDP,flow,dns,504921214125678,,1,1,0,85,0,0.0,1,85,0,none,0,none,0,0,0,no_alert_unknown,no_alert_not_final_benign,-1,dns,app_proto+port
2025-07-19T23:03:24.670791+0700,103.195.142.83,87.98.154.119,53,24684,UDP,flow,failed,16565100971811,,1,1,0,1190,0,0.0,1,1190,0,none,0,none,0,0,0,no_alert_unknown,no_alert_not_final_benign,-1,dns,port
2025-07-19T23:03:24.670821+0700,103.195.142.165,87.98.154.177,53,38711,UDP,flow,failed,1184375980066657,,1,1,0,1437,0,0.0,1,1437,0,none,0,none,0,0,0,no_alert_unknown,no_alert_not_final_benign,-1,dns,port
2025-07-19T23:03:24.670852+0700,103.195.142.109,87.98.154.209,53,53252,UDP,flow,failed,124793350424445,,1,1,0,1437,0,0.0,1,1437,0,none,0,none,0,0,0,no_alert_unknown,no_alert_not_final_benign,-1,dns,port
2025-07-19T23:03:24.670866+0700,103.195.142.75,8.8.8.8,36528,53,UDP,flow,dns,906275140634538,,1,1,0,74,0,0.0,1,74,0,none,0,none,0,0,0,no_alert_unknown,no_alert_not_final_benign,-1,dns,app_proto+port
2025-07-19T23:03:24.670975+0700,103.195.142.76,87.98.154.119,53,1442,UDP,flow,failed,377363051546640,,1,1,0,1469,0,0.0,1,1469,0,none,0,none,0,0,0,no_alert_unknown,no_alert_not_final_benign,-1,dns,port
2025-07-19T23:03:24.670999+0700,103.195.142.196,87.98.154.57,53,3971,UDP,flow,failed,1187761362274380,,1,1,0,1437,0,0.0,1,1437,0,none,0,none,0,0,0,no_alert_unknown,no_alert_not_final_benign,-1,dns,port
2025-07-19T23:03:24.671105+0700,103.195.142.195,87.98.154.140,53,9187,UDP,flow,failed,390724525066432,,1,1,0,1437,0,0.0,1,1437,0,none,0,none,0,0,0,no_alert_unknown,no_alert_not_final_benign,-1,dns,port
2025-07-19T23:03:24.694806+0700,103.195.142.75,8.8.8.8,40208,53,UDP,dns,,1295322651603765,wire/pcap,0,0,0,0,0,0.0,0,0,0,none,0,none,0,0,0,no_alert_unknown,no_alert_not_final_benign,-1,dns,port
2025-07-19T23:03:24.706300+0700,103.195.142.74,118.98.44.100,48999,53,UDP,dns,,1344689283853463,wire/pcap,0,0,0,0,0,0.0,0,0,0,none,0,none,0,0,0,no_alert_unknown,no_alert_not_final_benign,-1,dns,port
2025-07-19T23:03:24.745428+0700,103.195.142.74,118.98.44.100,11505,53,UDP,dns,,1231267616658964,wire/pcap,0,0,0,0,0,0.0,0,0,0,none,0,none,0,0,0,no_alert_unknown,no_alert_not_final_benign,-1,dns,port
2025-07-19T23:03:24.768068+0700,103.195.142.75,185.67.45.231,50832,53,UDP,dns,,1328505469005923,wire/pcap,0,0,0,0,0,0.0,0,0,0,none,0,none,0,0,0,no_alert_unknown,no_alert_not_final_benign,-1,dns,port
2025-07-19T23:03:24.788014+0700,103.195.142.74,118.98.44.50,22786,53,UDP,dns,,1132698352850784,wire/pcap,0,0,0,0,0,0.0,0,0,0,none,0,none,0,0,0,no_alert_unknown,no_alert_not_final_benign,-1,dns,port
2025-07-19T23:03:24.843314+0700,103.195.142.74,118.98.44.50,23786,53,UDP,flow,dns,1624159305345014,,1,1,0,80,0,0.0,1,80,0,none,0,none,0,0,0,no_alert_unknown,no_alert_not_final_benign,-1,dns,app_proto+port
2025-07-19T23:03:24.877041+0700,103.195.142.74,202.134.0.155,34174,53,UDP,dns,,1233588263069273,wire/pcap,0,0,0,0,0,0.0,0,0,0,none,0,none,0,0,0,no_alert_unknown,no_alert_not_final_benign,-1,dns,port
2025-07-19T23:03:24.877131+0700,103.195.142.74,118.98.44.20,26698,53,UDP,dns,,1233976168336424,wire/pcap,0,0,0,0,0,0.0,0,0,0,none,0,none,0,0,0,no_alert_unknown,no_alert_not_final_benign,-1,dns,port
2025-07-19T23:03:24.913154+0700,103.195.142.74,118.98.44.20,17539,53,UDP,dns,,1388693130857554,wire/pcap,0,0,0,0,0,0.0,0,0,0,none,0,none,0,0,0,no_alert_unknown,no_alert_not_final_benign,-1,dns,port
2025-07-19T23:03:24.920768+0700,103.195.142.108,8.8.8.8,1900,53,UDP,dns,,1216074754602613,wire/pcap,0,0,0,0,0,0.0,0,0,0,none,0,none,0,0,0,no_alert_unknown,no_alert_not_final_benign,-1,dns,port
2025-07-19T23:03:24.960456+0700,103.195.142.74,118.98.44.20,65095,53,UDP,dns,,1310380898790257,wire/pcap,0,0,0,0,0,0.0,0,0,0,none,0,none,0,0,0,no_alert_unknown,no_alert_not_final_benign,-1,dns,port
2025-07-19T23:03:24.982178+0700,103.195.142.74,202.134.0.155,60550,53,UDP,flow,dns,1389646050633742,,1,1,0,86,0,0.0,1,86,0,none,0,none,0,0,0,no_alert_unknown,no_alert_not_final_benign,-1,dns,app_proto+port
2025-07-19T23:03:24.985599+0700,103.195.142.74,118.98.44.50,7641,53,UDP,dns,,1136894623400152,wire/pcap,0,0,0,0,0,0.0,0,0,0,none,0,none,0,0,0,no_alert_unknown,no_alert_not_final_benign,-1,dns,port
2025-07-19T23:03:25.000500+0700,103.195.142.165,87.98.154.119,53,9911,UDP,flow,failed,1704772322266998,,1,1,0,1437,0,0.0,1,1437,0,none,0,none,0,0,0,no_alert_unknown,no_alert_not_final_benign,-1,dns,port
2025-07-19T23:03:25.043646+0700,103.195.142.76,87.98.154.119,53,58581,UDP,flow,failed,1726606804412955,,1,1,0,1469,0,0.0,1,1469,0,none,0,none,0,0,0,no_alert_unknown,no_alert_not_final_benign,-1,dns,port
2025-07-19T23:03:25.052690+0700,103.195.142.74,202.134.0.155,14171,53,UDP,dns,,1633677679820625,wire/pcap,0,0,0,0,0,0.0,0,0,0,none,0,none,0,0,0,no_alert_unknown,no_alert_not_final_benign,-1,dns,port
2025-07-19T23:03:25.055822+0700,103.195.142.83,87.98.154.78,53,62772,UDP,flow,failed,976184429441762,,1,3,0,3570,0,9.0,3,3570,0,none,0,none,0,0,0,no_alert_unknown,no_alert_not_final_benign,-1,dns,port
2025-07-19T23:03:25.063900+0700,103.195.142.74,118.98.44.50,59805,53,UDP,dns,,1681823393761021,wire/pcap,0,0,0,0,0,0.0,0,0,0,none,0,none,0,0,0,no_alert_unknown,no_alert_not_final_benign,-1,dns,port
2025-07-19T23:03:25.068761+0700,103.195.142.74,118.98.44.20,5745,53,UDP,dns,,1421226181457176,wire/pcap,0,0,0,0,0,0.0,0,0,0,none,0,none,0,0,0,no_alert_unknown,no_alert_not_final_benign,-1,dns,port
2025-07-19T23:03:25.072684+0700,103.195.142.74,118.98.44.100,61784,53,UDP,dns,,1438078909958442,wire/pcap,0,0,0,0,0,0.0,0,0,0,none,0,none,0,0,0,no_alert_unknown,no_alert_not_final_benign,-1,dns,port
2025-07-19T23:03:25.076413+0700,103.195.142.75,8.8.8.8,10960,53,UDP,dns,,1454094248004433,wire/pcap,0,0,0,0,0,0.0,0,0,0,none,0,none,0,0,0,no_alert_unknown,no_alert_not_final_benign,-1,dns,port
2025-07-19T23:03:25.093270+0700,103.195.142.74,118.98.44.50,2123,53,UDP,dns,,1526494982113680,wire/pcap,0,0,0,0,0,0.0,0,0,0,none,0,none,0,0,0,no_alert_unknown,no_alert_not_final_benign,-1,dns,port
2025-07-19T23:03:25.097019+0700,103.195.142.74,202.134.0.155,29746,53,UDP,dns,,1542597239281560,wire/pcap,0,0,0,0,0,0.0,0,0,0,none,0,none,0,0,0,no_alert_unknown,no_alert_not_final_benign,-1,dns,port
2025-07-19T23:03:25.127565+0700,103.195.142.75,8.8.8.8,53695,53,UDP,dns,,1673788095157913,wire/pcap,0,0,0,0,0,0.0,0,0,0,none,0,none,0,0,0,no_alert_unknown,no_alert_not_final_benign,-1,dns,port
2025-07-19T23:03:25.128267+0700,103.195.142.74,118.98.44.50,32705,53,UDP,dns,,1676803064346399,wire/pcap,0,0,0,0,0,0.0,0,0,0,none,0,none,0,0,0,no_alert_unknown,no_alert_not_final_benign,-1,dns,port
2025-07-19T23:03:25.130031+0700,103.195.142.74,118.98.44.20,11906,53,UDP,dns,,1684381041628859,wire/pcap,0,0,0,0,0,0.0,0,0,0,none,0,none,0,0,0,no_alert_unknown,no_alert_not_final_benign,-1,dns,port
2025-07-19T23:03:25.130014+0700,103.195.142.74,118.98.44.20,3478,53,UDP,dns,,1684308431851354,wire/pcap,0,0,0,0,0,0.0,0,0,0,none,0,none,0,0,0,no_alert_unknown,no_alert_not_final_benign,-1,dns,port
2025-07-19T23:03:25.130738+0700,103.195.142.75,8.8.8.8,20859,53,UDP,dns,,1687418599674502,wire/pcap,0,0,0,0,0,0.0,0,0,0,none,0,none,0,0,0,no_alert_unknown,no_alert_not_final_benign,-1,dns,port
2025-07-19T23:03:25.154061+0700,103.195.142.74,118.98.44.100,9714,53,UDP,dns,,1506114732469481,wire/pcap,0,0,0,0,0,0.0,0,0,0,none,0,none,0,0,0,no_alert_unknown,no_alert_not_final_benign,-1,dns,port
2025-07-19T23:03:25.165796+0700,103.195.142.74,118.98.44.50,30967,53,UDP,dns,,1556515012321324,wire/pcap,0,0,0,0,0,0.0,0,0,0,none,0,none,0,0,0,no_alert_unknown,no_alert_not_final_benign,-1,dns,port
2025-07-19T23:03:25.171421+0700,103.195.142.75,8.8.8.8,54810,53,UDP,dns,,1580676077798302,wire/pcap,0,0,0,0,0,0.0,0,0,0,none,0,none,0,0,0,no_alert_unknown,no_alert_not_final_benign,-1,dns,port
2025-07-19T23:03:25.171613+0700,103.195.142.75,8.8.8.8,28522,53,UDP,dns,,1581501447296378,wire/pcap,0,0,0,0,0,0.0,0,0,0,none,0,none,0,0,0,no_alert_unknown,no_alert_not_final_benign,-1,dns,port
2025-07-19T23:03:25.199903+0700,103.195.142.74,118.98.44.100,20314,53,UDP,dns,,1421529505247161,wire/pcap,0,0,0,0,0,0.0,0,0,0,none,0,none,0,0,0,no_alert_unknown,no_alert_not_final_benign,-1,dns,port
2025-07-19T23:03:25.226283+0700,103.195.142.74,202.134.0.155,63422,53,UDP,dns,,1534830086665949,wire/pcap,0,0,0,0,0,0.0,0,0,0,none,0,none,0,0,0,no_alert_unknown,no_alert_not_final_benign,-1,dns,port
2025-07-19T23:03:25.268444+0700,103.195.142.74,118.98.44.50,60237,53,UDP,dns,,1434437453726900,wire/pcap,0,0,0,0,0,0.0,0,0,0,none,0,none,0,0,0,no_alert_unknown,no_alert_not_final_benign,-1,dns,port
2025-07-19T23:03:25.277355+0700,103.195.142.74,202.134.0.155,24358,53,UDP,dns,,1472707852174324,wire/pcap,0,0,0,0,0,0.0,0,0,0,none,0,none,0,0,0,no_alert_unknown,no_alert_not_final_benign,-1,dns,port
2025-07-19T23:03:25.290747+0700,103.195.142.74,118.98.44.100,21167,53,UDP,dns,,1530226871381651,wire/pcap,0,0,0,0,0,0.0,0,0,0,none,0,none,0,0,0,no_alert_unknown,no_alert_not_final_benign,-1,dns,port
2025-07-19T23:03:25.300124+0700,103.195.142.75,8.8.8.8,37866,53,UDP,dns,,1570499407532537,wire/pcap,0,0,0,0,0,0.0,0,0,0,none,0,none,0,0,0,no_alert_unknown,no_alert_not_final_benign,-1,dns,port
2025-07-19T23:03:25.317172+0700,103.195.142.74,118.98.44.50,46534,53,UDP,dns,,1643721668195237,wire/pcap,0,0,0,0,0,0.0,0,0,0,none,0,none,0,0,0,no_alert_unknown,no_alert_not_final_benign,-1,dns,port
2025-07-19T23:03:25.320925+0700,103.195.142.74,118.98.44.20,13035,53,UDP,dns,,1659839004458279,wire/pcap,0,0,0,0,0,0.0,0,0,0,none,0,none,0,0,0,no_alert_unknown,no_alert_not_final_benign,-1,dns,port
2025-07-19T23:03:25.326396+0700,103.195.142.74,118.98.44.50,4853,53,UDP,dns,,1683335785074824,wire/pcap,0,0,0,0,0,0.0,0,0,0,none,0,none,0,0,0,no_alert_unknown,no_alert_not_final_benign,-1,dns,port
2025-07-19T23:03:25.355490+0700,103.195.142.74,118.98.44.50,13908,53,UDP,dns,,1526818553749200,wire/pcap,0,0,0,0,0,0.0,0,0,0,none,0,none,0,0,0,no_alert_unknown,no_alert_not_final_benign,-1,dns,port
2025-07-19T23:03:25.362425+0700,103.195.142.74,118.98.44.100,57606,53,UDP,dns,,1556603795935852,wire/pcap,0,0,0,0,0,0.0,0,0,0,none,0,none,0,0,0,no_alert_unknown,no_alert_not_final_benign,-1,dns,port
2025-07-19T23:03:25.388756+0700,103.195.142.74,118.98.44.20,2471,53,UDP,dns,,1669698598171362,wire/pcap,0,0,0,0,0,0.0,0,0,0,none,0,none,0,0,0,no_alert_unknown,no_alert_not_final_benign,-1,dns,port
2025-07-19T23:03:25.388847+0700,103.195.142.74,118.98.44.50,11999,53,UDP,dns,,1670089233649824,wire/pcap,0,0,0,0,0,0.0,0,0,0,none,0,none,0,0,0,no_alert_unknown,no_alert_not_final_benign,-1,dns,port
2025-07-19T23:03:25.398596+0700,103.195.142.74,202.134.0.155,31490,53,UDP,dns,,1430482934013610,wire/pcap,0,0,0,0,0,0.0,0,0,0,none,0,none,0,0,0,no_alert_unknown,no_alert_not_final_benign,-1,dns,port
2025-07-19T23:03:25.414870+0700,103.195.142.109,87.98.154.69,53,25063,UDP,flow,failed,1322160471981669,,1,1,0,1437,0,0.0,1,1437,0,none,0,none,0,0,0,no_alert_unknown,no_alert_not_final_benign,-1,dns,port
2025-07-19T23:03:25.425424+0700,103.195.142.74,118.98.44.50,58600,53,UDP,dns,,1545708731877553,wire/pcap,0,0,0,0,0,0.0,0,0,0,none,0,none,0,0,0,no_alert_unknown,no_alert_not_final_benign,-1,dns,port
2025-07-19T23:03:25.425764+0700,103.195.142.74,202.134.0.155,14960,53,UDP,dns,,1547170603369155,wire/pcap,0,0,0,0,0,0.0,0,0,0,none,0,none,0,0,0,no_alert_unknown,no_alert_not_final_benign,-1,dns,port
2025-07-19T23:03:25.430016+0700,103.195.142.75,8.8.8.8,8659,53,UDP,dns,,1565430782653665,wire/pcap,0,0,0,0,0,0.0,0,0,0,none,0,none,0,0,0,no_alert_unknown,no_alert_not_final_benign,-1,dns,port
2025-07-19T23:03:25.432898+0700,103.195.142.74,185.67.45.232,30044,53,UDP,dns,,1577809386712512,wire/pcap,0,0,0,0,0,0.0,0,0,0,none,0,none,0,0,0,no_alert_unknown,no_alert_not_final_benign,-1,dns,port
2025-07-19T23:03:25.448707+0700,103.195.142.74,202.134.0.155,34890,53,UDP,dns,,1645708968712485,wire/pcap,0,0,0,0,0,0.0,0,0,0,none,0,none,0,0,0,no_alert_unknown,no_alert_not_final_benign,-1,dns,port
2025-07-19T23:03:25.449645+0700,103.195.142.74,202.134.0.155,6708,53,UDP,dns,,1649737631744482,wire/pcap,0,0,0,0,0,0.0,0,0,0,none,0,none,0,0,0,no_alert_unknown,no_alert_not_final_benign,-1,dns,port
2025-07-19T23:03:25.452023+0700,103.195.142.74,118.98.44.50,14478,53,UDP,dns,,1659953164660361,wire/pcap,0,0,0,0,0,0.0,0,0,0,none,0,none,0,0,0,no_alert_unknown,no_alert_not_final_benign,-1,dns,port
2025-07-19T23:03:25.456256+0700,103.195.142.74,118.98.44.100,52166,53,UDP,dns,,1678131091010009,wire/pcap,0,0,0,0,0,0.0,0,0,0,none,0,none,0,0,0,no_alert_unknown,no_alert_not_final_benign,-1,dns,port
2025-07-19T23:03:25.472391+0700,103.195.142.74,118.98.44.20,55611,53,UDP,dns,,1465954383061586,wire/pcap,0,0,0,0,0,0.0,0,0,0,none,0,none,0,0,0,no_alert_unknown,no_alert_not_final_benign,-1,dns,port
2025-07-19T23:03:25.482660+0700,103.195.142.74,118.98.44.20,2229,53,UDP,dns,,1510061334249582,wire/pcap,0,0,0,0,0,0.0,0,0,0,none,0,none,0,0,0,no_alert_unknown,no_alert_not_final_benign,-1,dns,port
2025-07-19T23:03:25.489397+0700,103.195.142.196,87.98.154.29,53,56224,UDP,flow,failed,1494262949486025,,1,1,0,1437,0,0.0,1,1437,0,none,0,none,0,0,0,no_alert_unknown,no_alert_not_final_benign,-1,dns,port
2025-07-19T23:03:25.495391+0700,103.195.142.74,118.98.44.50,34364,53,UDP,dns,,1564740212002934,wire/pcap,0,0,0,0,0,0.0,0,0,0,none,0,none,0,0,0,no_alert_unknown,no_alert_not_final_benign,-1,dns,port
2025-07-19T23:03:25.506900+0700,103.195.142.74,118.98.44.50,35005,53,UDP,dns,,1614169176449240,wire/pcap,0,0,0,0,0,0.0,0,0,0,none,0,none,0,0,0,no_alert_unknown,no_alert_not_final_benign,-1,dns,port
2025-07-19T23:03:25.510634+0700,103.195.142.83,87.98.154.117,53,22401,UDP,flow,failed,1614788199918923,,1,1,0,1190,0,0.0,1,1190,0,none,0,none,0,0,0,no_alert_unknown,no_alert_not_final_benign,-1,dns,port
2025-07-19T23:03:25.548974+0700,103.195.142.74,202.134.0.155,33535,53,UDP,dns,,1513401912209796,wire/pcap,0,0,0,0,0,0.0,0,0,0,none,0,none,0,0,0,no_alert_unknown,no_alert_not_final_benign,-1,dns,port
2025-07-19T23:03:25.548996+0700,103.195.142.74,118.98.44.50,35124,53,UDP,dns,,1513496991544044,wire/pcap,0,0,0,0,0,0.0,0,0,0,none,0,none,0,0,0,no_alert_unknown,no_alert_not_final_benign,-1,dns,port
2025-07-19T23:03:25.557345+0700,103.195.142.74,50.28.104.44,32090,53,UDP,dns,,1549356174732404,wire/pcap,0,0,0,0,0,0.0,0,0,0,none,0,none,0,0,0,no_alert_unknown,no_alert_not_final_benign,-1,dns,port
2025-07-19T23:03:25.610604+0700,103.195.142.74,202.134.0.155,64935,53,UDP,flow,dns,1465549883245782,,1,1,0,99,0,0.0,1,99,0,none,0,none,0,0,0,no_alert_unknown,no_alert_not_final_benign,-1,dns,app_proto+port
2025-07-19T23:03:25.640347+0700,103.195.142.74,202.134.0.155,6719,53,UDP,dns,,1624371100480071,wire/pcap,0,0,0,0,0,0.0,0,0,0,none,0,none,0,0,0,no_alert_unknown,no_alert_not_final_benign,-1,dns,port
2025-07-19T23:03:25.640412+0700,103.195.142.74,118.98.44.20,32688,53,UDP,dns,,1624652244846749,wire/pcap,0,0,0,0,0,0.0,0,0,0,none,0,none,0,0,0,no_alert_unknown,no_alert_not_final_benign,-1,dns,port
2025-07-19T23:03:25.656494+0700,103.195.142.74,118.98.44.50,2645,53,UDP,flow,dns,110368110446810,,1,1,0,73,0,0.0,1,73,0,none,0,none,0,0,0,no_alert_unknown,no_alert_not_final_benign,-1,dns,app_proto+port
2025-07-19T23:03:25.656581+0700,103.195.142.109,87.98.154.65,53,53483,UDP,flow,failed,1474046502144284,,1,1,0,1437,0,0.0,1,1437,0,none,0,none,0,0,0,no_alert_unknown,no_alert_not_final_benign,-1,dns,port
2025-07-19T23:03:25.656701+0700,103.195.142.74,202.134.0.155,14860,53,UDP,flow,dns,969819463780657,,1,1,0,79,0,0.0,1,79,0,none,0,none,0,0,0,no_alert_unknown,no_alert_not_final_benign,-1,dns,app_proto+port
2025-07-19T23:03:25.656725+0700,103.195.142.3,208.67.217.169,53,30928,UDP,flow,failed,1049740956109166,,1,1,0,159,0,0.0,1,159,0,none,0,none,0,0,0,no_alert_unknown,no_alert_not_final_benign,-1,dns,port
2025-07-19T23:03:25.656747+0700,103.195.142.46,87.98.154.118,53,47420,UDP,flow,failed,1676657119758726,,1,1,0,1437,0,0.0,1,1437,0,none,0,none,0,0,0,no_alert_unknown,no_alert_not_final_benign,-1,dns,port
2025-07-19T23:03:25.656777+0700,103.195.142.2,172.70.116.71,53,49632,UDP,flow,failed,716601704286633,,1,1,0,172,0,0.0,1,172,0,none,0,none,0,0,0,no_alert_unknown,no_alert_not_final_benign,-1,dns,port
2025-07-19T23:03:25.656809+0700,103.195.142.76,87.98.154.78,53,47538,UDP,flow,failed,616078906984877,,1,1,0,1469,0,0.0,1,1469,0,none,0,none,0,0,0,no_alert_unknown,no_alert_not_final_benign,-1,dns,port
2025-07-19T23:03:25.656829+0700,103.195.142.75,8.8.8.8,40982,53,UDP,flow,dns,1382027386587587,,1,1,0,89,0,0.0,1,89,0,none,0,none,0,0,0,no_alert_unknown,no_alert_not_final_benign,-1,dns,app_proto+port
2025-07-19T23:03:25.656878+0700,103.195.142.74,202.134.0.155,32502,53,UDP,flow,dns,719271751682638,,1,1,0,223,0,0.0,1,223,0,none,0,none,0,0,0,no_alert_unknown,no_alert_not_final_benign,-1,dns,app_proto+port
2025-07-19T23:03:25.656899+0700,103.195.142.109,87.98.154.233,53,37488,UDP,flow,failed,53089991952983,,1,1,0,1437,0,0.0,1,1437,0,none,0,none,0,0,0,no_alert_unknown,no_alert_not_final_benign,-1,dns,port
2025-07-19T23:03:25.657000+0700,103.195.142.195,87.98.154.119,53,49194,UDP,flow,failed,524363273570924,,1,1,0,1437,0,0.0,1,1437,0,none,0,none,0,0,0,no_alert_unknown,no_alert_not_final_benign,-1,dns,port
2025-07-19T23:03:25.657067+0700,103.195.142.109,87.98.154.119,53,38138,UDP,flow,failed,900045526633157,,1,1,0,1437,0,0.0,1,1437,0,none,0,none,0,0,0,no_alert_unknown,no_alert_not_final_benign,-1,dns,port
2025-07-19T23:03:25.657224+0700,103.195.142.74,202.134.0.155,34072,53,UDP,flow,dns,737099599153931,,1,1,0,84,0,0.0,1,84,0,none,0,none,0,0,0,no_alert_unknown,no_alert_not_final_benign,-1,dns,app_proto+port
2025-07-19T23:03:25.657255+0700,103.195.142.165,87.98.154.117,53,26811,UDP,flow,failed,1187959240166162,,1,1,0,1437,0,0.0,1,1437,0,none,0,none,0,0,0,no_alert_unknown,no_alert_not_final_benign,-1,dns,port
2025-07-19T23:03:25.657363+0700,103.195.142.109,87.98.154.153,53,20438,UDP,flow,failed,352642581564201,,1,1,0,1437,0,0.0,1,1437,0,none,0,none,0,0,0,no_alert_unknown,no_alert_not_final_benign,-1,dns,port
2025-07-19T23:03:25.657407+0700,103.195.142.195,87.98.154.32,53,22928,UDP,flow,failed,188565532019521,,1,1,0,1437,0,0.0,1,1437,0,none,0,none,0,0,0,no_alert_unknown,no_alert_not_final_benign,-1,dns,port
2025-07-19T23:03:25.657472+0700,103.195.142.75,8.8.8.8,34598,53,UDP,flow,dns,662135246064474,,1,1,0,223,0,0.0,1,223,0,none,0,none,0,0,0,no_alert_unknown,no_alert_not_final_benign,-1,dns,app_proto+port
2025-07-19T23:03:25.657529+0700,103.195.142.75,8.8.8.8,56106,53,UDP,flow,dns,1612936806566785,,1,2,0,401,0,29.0,2,401,0,none,0,none,0,0,0,no_alert_unknown,no_alert_not_final_benign,-1,dns,app_proto+port
2025-07-19T23:03:25.657571+0700,103.195.142.76,87.98.154.117,53,21147,UDP,flow,failed,119050147171259,,1,1,0,1469,0,0.0,1,1469,0,none,0,none,0,0,0,no_alert_unknown,no_alert_not_final_benign,-1,dns,port
2025-07-19T23:03:25.657609+0700,103.195.142.109,87.98.154.17,53,57481,UDP,flow,failed,706076502428704,,1,1,0,1437,0,0.0,1,1437,0,none,0,none,0,0,0,no_alert_unknown,no_alert_not_final_benign,-1,dns,port
2025-07-19T23:03:25.657648+0700,103.195.142.195,87.98.154.119,53,11430,UDP,flow,failed,1931440383560791,,1,2,0,2874,0,6.0,2,2874,0,none,0,none,0,0,0,no_alert_unknown,no_alert_not_final_benign,-1,dns,port
2025-07-19T23:03:25.657666+0700,103.195.142.74,202.134.0.155,56522,53,UDP,flow,dns,508337798876325,,1,1,0,83,0,0.0,1,83,0,none,0,none,0,0,0,no_alert_unknown,no_alert_not_final_benign,-1,dns,app_proto+port
2025-07-19T23:03:25.657691+0700,103.195.142.46,87.98.154.119,53,12347,UDP,flow,failed,382839575448770,,1,1,0,1437,0,0.0,1,1437,0,none,0,none,0,0,0,no_alert_unknown,no_alert_not_final_benign,-1,dns,port
2025-07-19T23:03:25.657710+0700,103.195.142.109,87.98.154.161,53,57805,UDP,flow,failed,1402563278048470,,1,1,0,1437,0,0.0,1,1437,0,none,0,none,0,0,0,no_alert_unknown,no_alert_not_final_benign,-1,dns,port
2025-07-19T23:03:25.657751+0700,103.195.142.74,118.98.44.50,43907,53,UDP,flow,dns,727952289860831,,1,1,0,214,0,0.0,1,214,0,none,0,none,0,0,0,no_alert_unknown,no_alert_not_final_benign,-1,dns,app_proto+port
2025-07-19T23:03:25.657771+0700,103.195.142.46,87.98.154.211,53,52650,UDP,flow,failed,464269787696352,,1,1,0,1437,0,0.0,1,1437,0,none,0,none,0,0,0,no_alert_unknown,no_alert_not_final_benign,-1,dns,port
2025-07-19T23:03:25.657812+0700,103.195.142.109,87.98.154.119,53,63228,UDP,flow,failed,209659044793676,,1,1,0,1437,0,0.0,1,1437,0,none,0,none,0,0,0,no_alert_unknown,no_alert_not_final_benign,-1,dns,port
2025-07-19T23:03:25.657837+0700,103.195.142.196,87.98.154.119,53,40411,UDP,flow,failed,1602182976671073,,1,1,0,1437,0,0.0,1,1437,0,none,0,none,0,0,0,no_alert_unknown,no_alert_not_final_benign,-1,dns,port
2025-07-19T23:03:25.657857+0700,103.195.142.74,118.98.44.20,1143,53,UDP,flow,dns,976415899618679,,1,1,0,80,0,0.0,1,80,0,none,0,none,0,0,0,no_alert_unknown,no_alert_not_final_benign,-1,dns,app_proto+port
2025-07-19T23:03:25.657890+0700,103.195.142.75,8.8.8.8,47611,53,UDP,flow,dns,898488817257922,,1,1,0,79,0,0.0,1,79,0,none,0,none,0,0,0,no_alert_unknown,no_alert_not_final_benign,-1,dns,app_proto+port
2025-07-19T23:03:25.657961+0700,103.195.142.3,71.243.1.11,53,33070,UDP,flow,failed,1530199187951147,,1,1,0,132,0,0.0,1,132,0,none,0,none,0,0,0,no_alert_unknown,no_alert_not_final_benign,-1,dns,port
2025-07-19T23:03:25.658007+0700,103.195.142.74,50.116.34.34,11631,53,UDP,flow,dns,426921269825141,,1,1,0,85,0,0.0,1,85,0,none,0,none,0,0,0,no_alert_unknown,no_alert_not_final_benign,-1,dns,app_proto+port
2025-07-19T23:03:25.658029+0700,103.195.142.76,87.98.154.238,53,2475,UDP,flow,failed,565127293603450,,1,1,0,1469,0,0.0,1,1469,0,none,0,none,0,0,0,no_alert_unknown,no_alert_not_final_benign,-1,dns,port
2025-07-19T23:03:25.658049+0700,103.195.142.165,87.98.154.119,53,48421,UDP,flow,failed,717326499155605,,1,1,0,1437,0,0.0,1,1437,0,none,0,none,0,0,0,no_alert_unknown,no_alert_not_final_benign,-1,dns,port
2025-07-19T23:03:25.658090+0700,103.195.142.83,87.98.154.126,53,11864,UDP,flow,failed,864126197993170,,1,1,0,1190,0,0.0,1,1190,0,none,0,none,0,0,0,no_alert_unknown,no_alert_not_final_benign,-1,dns,port
2025-07-19T23:03:25.658152+0700,103.195.142.74,118.98.44.100,57726,53,UDP,flow,dns,322730201157391,,1,1,0,68,0,0.0,1,68,0,none,0,none,0,0,0,no_alert_unknown,no_alert_not_final_benign,-1,dns,app_proto+port
2025-07-19T23:03:25.658172+0700,103.195.142.196,87.98.154.229,53,36693,UDP,flow,failed,565588634341159,,1,1,0,1437,0,0.0,1,1437,0,none,0,none,0,0,0,no_alert_unknown,no_alert_not_final_benign,-1,dns,port
2025-07-19T23:03:25.658191+0700,103.195.142.75,216.38.8.120,3560,53,UDP,flow,dns,543575573434206,,1,1,0,85,0,0.0,1,85,0,none,0,none,0,0,0,no_alert_unknown,no_alert_not_final_benign,-1,dns,app_proto+port
2025-07-19T23:03:25.658211+0700,103.195.142.195,87.98.154.148,53,40676,UDP,flow,failed,124112150695795,,1,1,0,1437,0,0.0,1,1437,0,none,0,none,0,0,0,no_alert_unknown,no_alert_not_final_benign,-1,dns,port
2025-07-19T23:03:25.658229+0700,103.195.142.2,208.67.217.167,53,62109,UDP,flow,failed,777800220249972,,1,1,0,132,0,0.0,1,132,0,none,0,none,0,0,0,no_alert_unknown,no_alert_not_final_benign,-1,dns,port
2025-07-19T23:03:25.658303+0700,103.195.142.196,87.98.154.45,53,61680,UDP,flow,failed,711267348942813,,1,1,0,1437,0,0.0,1,1437,0,none,0,none,0,0,0,no_alert_unknown,no_alert_not_final_benign,-1,dns,port
2025-07-19T23:03:25.658326+0700,103.195.142.2,13.105.166.77,53,58884,UDP,flow,failed,40817704407007,,1,1,0,366,0,0.0,1,366,0,none,0,none,0,0,0,no_alert_unknown,no_alert_not_final_benign,-1,dns,port
2025-07-19T23:03:25.658347+0700,103.195.142.76,87.98.154.194,53,19476,UDP,flow,failed,347521395298275,,1,1,0,1469,0,0.0,1,1469,0,none,0,none,0,0,0,no_alert_unknown,no_alert_not_final_benign,-1,dns,port
2025-07-19T23:03:25.658417+0700,103.195.142.196,87.98.154.119,53,47539,UDP,flow,failed,1331044734898167,,1,1,0,1437,0,0.0,1,1437,0,none,0,none,0,0,0,no_alert_unknown,no_alert_not_final_benign,-1,dns,port
2025-07-19T23:03:25.658479+0700,103.195.142.46,87.98.154.75,53,25804,UDP,flow,failed,277726155542582,,1,1,0,1437,0,0.0,1,1437,0,none,0,none,0,0,0,no_alert_unknown,no_alert_not_final_benign,-1,dns,port
2025-07-19T23:03:25.658509+0700,103.195.142.3,208.67.217.91,53,53488,UDP,flow,failed,1595314930618423,,1,1,0,159,0,0.0,1,159,0,none,0,none,0,0,0,no_alert_unknown,no_alert_not_final_benign,-1,dns,port
2025-07-19T23:03:25.658528+0700,103.195.142.196,87.98.154.119,53,26692,UDP,flow,failed,796175667138628,,1,1,0,1437,0,0.0,1,1437,0,none,0,none,0,0,0,no_alert_unknown,no_alert_not_final_benign,-1,dns,port
2025-07-19T23:03:25.658570+0700,103.195.142.165,87.98.154.149,53,49489,UDP,flow,failed,1326876134903917,,1,1,0,1437,0,0.0,1,1437,0,none,0,none,0,0,0,no_alert_unknown,no_alert_not_final_benign,-1,dns,port
2025-07-19T23:03:25.658588+0700,103.195.142.46,87.98.154.118,53,20175,UDP,flow,failed,1235578000806015,,1,1,0,1437,0,0.0,1,1437,0,none,0,none,0,0,0,no_alert_unknown,no_alert_not_final_benign,-1,dns,port
2025-07-19T23:03:25.658629+0700,103.195.142.76,87.98.154.119,53,43908,UDP,flow,failed,119088376942794,,1,1,0,1469,0,0.0,1,1469,0,none,0,none,0,0,0,no_alert_unknown,no_alert_not_final_benign,-1,dns,port
2025-07-19T23:03:25.658676+0700,103.195.142.74,118.98.44.50,12891,53,UDP,flow,dns,752547867955424,,1,1,0,74,0,0.0,1,74,0,none,0,none,0,0,0,no_alert_unknown,no_alert_not_final_benign,-1,dns,app_proto+port
2025-07-19T23:03:25.658697+0700,103.195.142.75,45.79.197.241,62030,53,UDP,flow,dns,1176840414007544,,1,1,0,91,0,0.0,1,91,0,none,0,none,0,0,0,no_alert_unknown,no_alert_not_final_benign,-1,dns,app_proto+port
2025-07-19T23:03:25.658717+0700,103.195.142.74,118.98.44.50,8990,53,UDP,flow,dns,1040084228739342,,1,1,0,86,0,0.0,1,86,0,none,0,none,0,0,0,no_alert_unknown,no_alert_not_final_benign,-1,dns,app_proto+port
2025-07-19T23:03:25.658737+0700,103.195.142.74,118.98.44.20,27009,53,UDP,flow,dns,768391045353751,,1,1,0,214,0,0.0,1,214,0,none,0,none,0,0,0,no_alert_unknown,no_alert_not_final_benign,-1,dns,app_proto+port
2025-07-19T23:03:25.658832+0700,103.195.142.74,47.118.199.213,47618,53,UDP,flow,dns,100587903619419,,1,1,0,92,0,0.0,1,92,0,none,0,none,0,0,0,no_alert_unknown,no_alert_not_final_benign,-1,dns,app_proto+port
2025-07-19T23:03:25.658904+0700,103.195.142.195,87.98.154.119,53,42831,UDP,flow,failed,671791772832123,,1,1,0,1437,0,0.0,1,1437,0,none,0,none,0,0,0,no_alert_unknown,no_alert_not_final_benign,-1,dns,port
2025-07-19T23:03:25.658926+0700,103.195.142.196,87.98.154.217,53,14702,UDP,flow,failed,1589040757576146,,1,1,0,1437,0,0.0,1,1437,0,none,0,none,0,0,0,no_alert_unknown,no_alert_not_final_benign,-1,dns,port
2025-07-19T23:03:25.658945+0700,103.195.142.76,87.98.154.119,53,3454,UDP,flow,failed,1419911339086313,,1,1,0,1469,0,0.0,1,1469,0,none,0,none,0,0,0,no_alert_unknown,no_alert_not_final_benign,-1,dns,port
2025-07-19T23:03:25.658975+0700,103.195.142.46,87.98.154.119,53,38421,UDP,flow,failed,10258297950744,,1,1,0,1437,0,0.0,1,1437,0,none,0,none,0,0,0,no_alert_unknown,no_alert_not_final_benign,-1,dns,port
2025-07-19T23:03:25.659014+0700,103.195.142.46,87.98.154.179,53,14083,UDP,flow,failed,1004619486564932,,1,1,0,1437,0,0.0,1,1437,0,none,0,none,0,0,0,no_alert_unknown,no_alert_not_final_benign,-1,dns,port
2025-07-19T23:03:25.659130+0700,103.195.142.195,87.98.154.119,53,63983,UDP,flow,failed,215047042863767,,1,1,0,1437,0,0.0,1,1437,0,none,0,none,0,0,0,no_alert_unknown,no_alert_not_final_benign,-1,dns,port
2025-07-19T23:03:25.659149+0700,103.195.142.74,118.98.44.50,51529,53,UDP,flow,dns,1176772161409787,,1,1,0,223,0,0.0,1,223,0,none,0,none,0,0,0,no_alert_unknown,no_alert_not_final_benign,-1,dns,app_proto+port
2025-07-19T23:03:25.659193+0700,103.195.142.74,136.243.75.67,45862,53,UDP,flow,dns,256071199003413,,1,1,0,85,0,0.0,1,85,0,none,0,none,0,0,0,no_alert_unknown,no_alert_not_final_benign,-1,dns,app_proto+port
2025-07-19T23:03:25.659213+0700,103.195.142.74,202.134.0.155,14420,53,UDP,flow,dns,1272453364159279,,1,1,0,74,0,0.0,1,74,0,none,0,none,0,0,0,no_alert_unknown,no_alert_not_final_benign,-1,dns,app_proto+port
2025-07-19T23:03:25.659239+0700,103.195.142.74,118.98.44.50,18432,53,UDP,flow,dns,1347607882076997,,1,1,0,82,0,0.0,1,82,0,none,0,none,0,0,0,no_alert_unknown,no_alert_not_final_benign,-1,dns,app_proto+port
2025-07-19T23:03:25.659259+0700,103.195.142.83,87.98.154.117,53,19539,UDP,flow,failed,929379292320662,,1,1,0,1190,0,0.0,1,1190,0,none,0,none,0,0,0,no_alert_unknown,no_alert_not_final_benign,-1,dns,port
2025-07-19T23:03:25.659279+0700,103.195.142.3,74.63.24.236,53,57054,UDP,flow,failed,901004166992875,,1,1,0,154,0,0.0,1,154,0,none,0,none,0,0,0,no_alert_unknown,no_alert_not_final_benign,-1,dns,port
2025-07-19T23:03:25.659297+0700,103.195.142.83,87.98.154.119,53,8249,UDP,flow,failed,1303503123485697,,1,1,0,1190,0,0.0,1,1190,0,none,0,none,0,0,0,no_alert_unknown,no_alert_not_final_benign,-1,dns,port
2025-07-19T23:03:25.659372+0700,103.195.142.76,87.98.154.119,53,44676,UDP,flow,failed,790099297539100,,1,1,0,1469,0,0.0,1,1469,0,none,0,none,0,0,0,no_alert_unknown,no_alert_not_final_benign,-1,dns,port
2025-07-19T23:03:25.659433+0700,103.195.142.165,87.98.154.93,53,51698,UDP,flow,failed,614011645498442,,1,1,0,1437,0,0.0,1,1437,0,none,0,none,0,0,0,no_alert_unknown,no_alert_not_final_benign,-1,dns,port
2025-07-19T23:03:25.659455+0700,103.195.142.3,13.105.68.207,53,63257,UDP,flow,failed,1658030592857200,,1,1,0,154,0,0.0,1,154,0,none,0,none,0,0,0,no_alert_unknown,no_alert_not_final_benign,-1,dns,port
2025-07-19T23:03:25.659492+0700,103.195.142.196,87.98.154.117,53,27742,UDP,flow,failed,924830577300617,,1,1,0,1437,0,0.0,1,1437,0,none,0,none,0,0,0,no_alert_unknown,no_alert_not_final_benign,-1,dns,port
2025-07-19T23:03:25.659511+0700,103.195.142.195,87.98.154.119,53,16616,UDP,flow,failed,574879472784543,,1,1,0,1437,0,0.0,1,1437,0,none,0,none,0,0,0,no_alert_unknown,no_alert_not_final_benign,-1,dns,port
2025-07-19T23:03:25.659591+0700,103.195.142.74,202.134.0.155,10145,53,UDP,flow,dns,680622209996074,,1,1,0,74,0,0.0,1,74,0,none,0,none,0,0,0,no_alert_unknown,no_alert_not_final_benign,-1,dns,app_proto+port
2025-07-19T23:03:25.659613+0700,103.195.142.2,208.67.217.170,53,11537,UDP,flow,failed,1460769937921345,,1,1,0,132,0,0.0,1,132,0,none,0,none,0,0,0,no_alert_unknown,no_alert_not_final_benign,-1,dns,port
2025-07-19T23:03:25.659632+0700,103.195.142.109,87.98.154.119,53,54533,UDP,flow,failed,470100433671517,,1,1,0,1437,0,0.0,1,1437,0,none,0,none,0,0,0,no_alert_unknown,no_alert_not_final_benign,-1,dns,port
2025-07-19T23:03:25.659664+0700,103.195.142.74,50.28.104.44,55774,53,UDP,flow,dns,1258539011315041,,1,1,0,74,0,0.0,1,74,0,none,0,none,0,0,0,no_alert_unknown,no_alert_not_final_benign,-1,dns,app_proto+port
2025-07-19T23:03:25.659692+0700,103.195.142.83,87.98.154.119,53,51245,UDP,flow,failed,592428680648080,,1,1,0,1190,0,0.0,1,1190,0,none,0,none,0,0,0,no_alert_unknown,no_alert_not_final_benign,-1,dns,port
2025-07-19T23:03:25.659711+0700,103.195.142.3,208.67.217.162,53,52759,UDP,flow,failed,331459351385489,,1,1,0,132,0,0.0,1,132,0,none,0,none,0,0,0,no_alert_unknown,no_alert_not_final_benign,-1,dns,port
2025-07-19T23:03:25.659730+0700,103.195.142.83,87.98.154.119,53,53586,UDP,flow,failed,1253974100317606,,1,1,0,1190,0,0.0,1,1190,0,none,0,none,0,0,0,no_alert_unknown,no_alert_not_final_benign,-1,dns,port
2025-07-19T23:03:25.659749+0700,103.195.142.3,208.67.217.168,53,13548,UDP,flow,failed,1010987256026696,,1,1,0,132,0,0.0,1,132,0,none,0,none,0,0,0,no_alert_unknown,no_alert_not_final_benign,-1,dns,port
2025-07-19T23:03:25.659788+0700,103.195.142.2,172.71.249.86,53,12092,UDP,flow,failed,969487102088786,,1,1,0,181,0,0.0,1,181,0,none,0,none,0,0,0,no_alert_unknown,no_alert_not_final_benign,-1,dns,port
2025-07-19T23:03:25.659852+0700,103.195.142.76,87.98.154.250,53,14056,UDP,flow,failed,1251801878664965,,1,1,0,1469,0,0.0,1,1469,0,none,0,none,0,0,0,no_alert_unknown,no_alert_not_final_benign,-1,dns,port
2025-07-19T23:03:25.659871+0700,103.195.142.74,118.98.44.20,17932,53,UDP,flow,dns,1501406917269257,,1,1,0,232,0,0.0,1,232,0,none,0,none,0,0,0,no_alert_unknown,no_alert_not_final_benign,-1,dns,app_proto+port
2025-07-19T23:03:25.659891+0700,103.195.142.196,87.98.154.117,53,32333,UDP,flow,failed,996672250812254,,1,1,0,1437,0,0.0,1,1437,0,none,0,none,0,0,0,no_alert_unknown,no_alert_not_final_benign,-1,dns,port
2025-07-19T23:03:25.659932+0700,103.195.142.46,87.98.154.219,53,60423,UDP,flow,failed,1170594838910838,,1,1,0,1437,0,0.0,1,1437,0,none,0,none,0,0,0,no_alert_unknown,no_alert_not_final_benign,-1,dns,port
2025-07-19T23:03:25.659951+0700,103.195.142.165,87.98.154.119,53,5669,UDP,flow,failed,840473589225337,,1,1,0,1437,0,0.0,1,1437,0,none,0,none,0,0,0,no_alert_unknown,no_alert_not_final_benign,-1,dns,port
2025-07-19T23:03:25.659969+0700,103.195.142.109,87.98.154.217,53,8892,UDP,flow,failed,881752257697669,,1,1,0,1437,0,0.0,1,1437,0,none,0,none,0,0,0,no_alert_unknown,no_alert_not_final_benign,-1,dns,port
2025-07-19T23:03:25.660031+0700,103.195.142.74,118.98.44.100,45465,53,UDP,flow,dns,317734121478266,,1,1,0,80,0,0.0,1,80,0,none,0,none,0,0,0,no_alert_unknown,no_alert_not_final_benign,-1,dns,app_proto+port
2025-07-19T23:03:25.660072+0700,103.195.142.46,87.98.154.119,53,59905,UDP,flow,failed,415578399611123,,1,1,0,1437,0,0.0,1,1437,0,none,0,none,0,0,0,no_alert_unknown,no_alert_not_final_benign,-1,dns,port
2025-07-19T23:03:25.660123+0700,103.195.142.46,87.98.154.135,53,41089,UDP,flow,failed,811397671786774,,1,1,0,1437,0,0.0,1,1437,0,none,0,none,0,0,0,no_alert_unknown,no_alert_not_final_benign,-1,dns,port
2025-07-19T23:03:25.660189+0700,103.195.142.74,118.98.44.20,8029,53,UDP,flow,dns,1532142278449608,,1,1,0,77,0,0.0,1,77,0,none,0,none,0,0,0,no_alert_unknown,no_alert_not_final_benign,-1,dns,app_proto+port
2025-07-19T23:03:25.660232+0700,103.195.142.196,87.98.154.119,53,25685,UDP,flow,failed,636958887156231,,1,1,0,1437,0,0.0,1,1437,0,none,0,none,0,0,0,no_alert_unknown,no_alert_not_final_benign,-1,dns,port
2025-07-19T23:03:25.660251+0700,103.195.142.83,87.98.154.119,53,22499,UDP,flow,failed,976567976041013,,1,1,0,1190,0,0.0,1,1190,0,none,0,none,0,0,0,no_alert_unknown,no_alert_not_final_benign,-1,dns,port
2025-07-19T23:03:25.660269+0700,103.195.142.195,87.98.154.60,53,48844,UDP,flow,failed,543489708956277,,1,1,0,1437,0,0.0,1,1437,0,none,0,none,0,0,0,no_alert_unknown,no_alert_not_final_benign,-1,dns,port
2025-07-19T23:03:25.660288+0700,103.195.142.195,87.98.154.168,53,32851,UDP,flow,failed,365417608616579,,1,1,0,1437,0,0.0,1,1437,0,none,0,none,0,0,0,no_alert_unknown,no_alert_not_final_benign,-1,dns,port
2025-07-19T23:03:25.660338+0700,103.195.142.74,118.98.44.20,15081,53,UDP,flow,dns,866706318596770,,1,1,0,79,0,0.0,1,79,0,none,0,none,0,0,0,no_alert_unknown,no_alert_not_final_benign,-1,dns,app_proto+port
2025-07-19T23:03:25.660359+0700,103.195.142.74,118.98.44.20,8957,53,UDP,flow,dns,334277715139262,,1,1,0,223,0,0.0,1,223,0,none,0,none,0,0,0,no_alert_unknown,no_alert_not_final_benign,-1,dns,app_proto+port
2025-07-19T23:03:25.660379+0700,103.195.142.83,87.98.154.190,53,32928,UDP,flow,failed,1186048434215636,,1,1,0,1190,0,0.0,1,1190,0,none,0,none,0,0,0,no_alert_unknown,no_alert_not_final_benign,-1,dns,port
2025-07-19T23:03:25.660397+0700,103.195.142.165,87.98.154.119,53,37016,UDP,flow,failed,457031723948760,,1,1,0,1437,0,0.0,1,1437,0,none,0,none,0,0,0,no_alert_unknown,no_alert_not_final_benign,-1,dns,port
2025-07-19T23:03:25.660415+0700,103.195.142.74,118.98.44.20,29237,53,UDP,flow,dns,1392956341197579,,1,1,0,74,0,0.0,1,74,0,none,0,none,0,0,0,no_alert_unknown,no_alert_not_final_benign,-1,dns,app_proto+port
2025-07-19T23:03:25.660435+0700,103.195.142.75,8.8.8.8,42827,53,UDP,flow,dns,646825434323766,,1,1,0,80,0,0.0,1,80,0,none,0,none,0,0,0,no_alert_unknown,no_alert_not_final_benign,-1,dns,app_proto+port
2025-07-19T23:03:25.660455+0700,103.195.142.196,87.98.154.201,53,11493,UDP,flow,failed,883506331360063,,1,3,0,4311,0,9.0,3,4311,0,none,0,none,0,0,0,no_alert_unknown,no_alert_not_final_benign,-1,dns,port
2025-07-19T23:03:25.660473+0700,103.195.142.195,87.98.154.232,53,43049,UDP,flow,failed,535622338452368,,1,1,0,1437,0,0.0,1,1437,0,none,0,none,0,0,0,no_alert_unknown,no_alert_not_final_benign,-1,dns,port
2025-07-19T23:03:25.660496+0700,103.195.142.195,87.98.154.0,53,14941,UDP,flow,failed,1671583299574695,,1,1,0,1437,0,0.0,1,1437,0,none,0,none,0,0,0,no_alert_unknown,no_alert_not_final_benign,-1,dns,port
2025-07-19T23:03:25.660515+0700,103.195.142.74,118.98.44.100,49454,53,UDP,flow,dns,658731438218169,,1,1,0,74,0,0.0,1,74,0,none,0,none,0,0,0,no_alert_unknown,no_alert_not_final_benign,-1,dns,app_proto+port
2025-07-19T23:03:25.660535+0700,103.195.142.74,118.98.44.50,50289,53,UDP,flow,dns,838571149728724,,1,1,0,120,0,0.0,1,120,0,none,0,none,0,0,0,no_alert_unknown,no_alert_not_final_benign,-1,dns,app_proto+port
2025-07-19T23:03:25.660555+0700,103.195.142.195,87.98.154.119,53,23511,UDP,flow,failed,1561553685093419,,1,1,0,1437,0,0.0,1,1437,0,none,0,none,0,0,0,no_alert_unknown,no_alert_not_final_benign,-1,dns,port
2025-07-19T23:03:25.660573+0700,103.195.142.74,202.134.0.155,50829,53,UDP,flow,dns,556596433427514,,1,1,0,81,0,0.0,1,81,0,none,0,none,0,0,0,no_alert_unknown,no_alert_not_final_benign,-1,dns,app_proto+port
2025-07-19T23:03:25.660617+0700,103.195.142.74,118.98.44.100,28225,53,UDP,flow,dns,1003608568405134,,1,1,0,68,0,0.0,1,68,0,none,0,none,0,0,0,no_alert_unknown,no_alert_not_final_benign,-1,dns,app_proto+port
2025-07-19T23:03:25.660661+0700,103.195.142.195,87.98.154.117,53,6524,UDP,flow,failed,325227323301123,,1,1,0,1437,0,0.0,1,1437,0,none,0,none,0,0,0,no_alert_unknown,no_alert_not_final_benign,-1,dns,port
2025-07-19T23:03:25.660680+0700,103.195.142.75,8.8.8.8,42078,53,UDP,flow,dns,1420316414287153,,1,1,0,94,0,0.0,1,94,0,none,0,none,0,0,0,no_alert_unknown,no_alert_not_final_benign,-1,dns,app_proto+port
2025-07-19T23:03:25.660719+0700,103.195.142.196,87.98.154.119,53,51078,UDP,flow,failed,1325144475147595,,1,1,0,1437,0,0.0,1,1437,0,none,0,none,0,0,0,no_alert_unknown,no_alert_not_final_benign,-1,dns,port
2025-07-19T23:03:25.660791+0700,103.195.142.83,87.98.154.182,53,37748,UDP,flow,failed,476677110537640,,1,1,0,1190,0,0.0,1,1190,0,none,0,none,0,0,0,no_alert_unknown,no_alert_not_final_benign,-1,dns,port
2025-07-19T23:03:25.660866+0700,103.195.142.165,87.98.154.119,53,5197,UDP,flow,failed,760253628784258,,1,1,0,1437,0,0.0,1,1437,0,none,0,none,0,0,0,no_alert_unknown,no_alert_not_final_benign,-1,dns,port
2025-07-19T23:03:25.660885+0700,103.195.142.196,87.98.154.57,53,23127,UDP,flow,failed,1013273200664345,,1,1,0,1437,0,0.0,1,1437,0,none,0,none,0,0,0,no_alert_unknown,no_alert_not_final_benign,-1,dns,port
2025-07-19T23:03:25.660922+0700,103.195.142.75,8.8.8.8,24668,53,UDP,flow,dns,1475060824776492,,1,1,0,81,0,0.0,1,81,0,none,0,none,0,0,0,no_alert_unknown,no_alert_not_final_benign,-1,dns,app_proto+port
2025-07-19T23:03:25.660943+0700,103.195.142.195,87.98.154.112,53,49393,UDP,flow,failed,605719889551150,,1,1,0,1437,0,0.0,1,1437,0,none,0,none,0,0,0,no_alert_unknown,no_alert_not_final_benign,-1,dns,port
2025-07-19T23:03:25.661001+0700,103.195.142.46,87.98.154.151,53,44670,UDP,flow,failed,1067511311867732,,1,1,0,1437,0,0.0,1,1437,0,none,0,none,0,0,0,no_alert_unknown,no_alert_not_final_benign,-1,dns,port
2025-07-19T23:03:25.661020+0700,103.195.142.76,87.98.154.117,53,50694,UDP,flow,failed,1131905383309181,,1,1,0,1469,0,0.0,1,1469,0,none,0,none,0,0,0,no_alert_unknown,no_alert_not_final_benign,-1,dns,port
2025-07-19T23:03:25.661135+0700,103.195.142.109,87.98.154.119,53,6816,UDP,flow,failed,1067131828019152,,1,1,0,1437,0,0.0,1,1437,0,none,0,none,0,0,0,no_alert_unknown,no_alert_not_final_benign,-1,dns,port
2025-07-19T23:03:25.661198+0700,103.195.142.74,118.98.44.20,63470,53,UDP,flow,dns,929413275885608,,1,1,0,80,0,0.0,1,80,0,none,0,none,0,0,0,no_alert_unknown,no_alert_not_final_benign,-1,dns,app_proto+port
2025-07-19T23:03:25.661242+0700,103.195.142.76,87.98.154.119,53,37227,UDP,flow,failed,1096862379319421,,1,1,0,1469,0,0.0,1,1469,0,none,0,none,0,0,0,no_alert_unknown,no_alert_not_final_benign,-1,dns,port
2025-07-19T23:03:25.661281+0700,103.195.142.76,87.98.154.106,53,33479,UDP,flow,failed,315064394883289,,1,1,0,1469,0,0.0,1,1469,0,none,0,none,0,0,0,no_alert_unknown,no_alert_not_final_benign,-1,dns,port
2025-07-19T23:03:25.661306+0700,103.195.142.195,87.98.154.119,53,2464,UDP,flow,failed,1411183551553770,,1,1,0,1437,0,0.0,1,1437,0,none,0,none,0,0,0,no_alert_unknown,no_alert_not_final_benign,-1,dns,port
2025-07-19T23:03:25.661345+0700,103.195.142.74,118.98.44.100,31907,53,UDP,flow,dns,601694297891105,,1,1,0,107,0,0.0,1,107,0,none,0,none,0,0,0,no_alert_unknown,no_alert_not_final_benign,-1,dns,app_proto+port
2025-07-19T23:03:25.661365+0700,103.195.142.165,87.98.154.65,53,9871,UDP,flow,failed,1581781743018302,,1,1,0,1437,0,0.0,1,1437,0,none,0,none,0,0,0,no_alert_unknown,no_alert_not_final_benign,-1,dns,port
2025-07-19T23:03:25.661384+0700,103.195.142.196,87.98.154.119,53,26079,UDP,flow,failed,1307795196322156,,1,1,0,1437,0,0.0,1,1437,0,none,0,none,0,0,0,no_alert_unknown,no_alert_not_final_benign,-1,dns,port
2025-07-19T23:03:25.661470+0700,103.195.142.165,87.98.154.119,53,63124,UDP,flow,failed,1010352621527605,,1,1,0,1437,0,0.0,1,1437,0,none,0,none,0,0,0,no_alert_unknown,no_alert_not_final_benign,-1,dns,port
2025-07-19T23:03:25.661489+0700,103.195.142.75,8.8.8.8,17748,53,UDP,flow,dns,138850795758143,,1,2,0,176,0,5.0,2,176,0,none,0,none,0,0,0,no_alert_unknown,no_alert_not_final_benign,-1,dns,app_proto+port
2025-07-19T23:03:25.661509+0700,103.195.142.3,172.70.204.10,53,37280,UDP,flow,failed,900027420615267,,1,1,0,129,0,0.0,1,129,0,none,0,none,0,0,0,no_alert_unknown,no_alert_not_final_benign,-1,dns,port
2025-07-19T23:03:25.661528+0700,103.195.142.75,8.8.8.8,46735,53,UDP,flow,dns,442342610543242,,1,1,0,89,0,0.0,1,89,0,none,0,none,0,0,0,no_alert_unknown,no_alert_not_final_benign,-1,dns,app_proto+port
2025-07-19T23:03:25.661570+0700,103.195.142.74,50.28.104.44,46130,53,UDP,flow,dns,1342234450830020,,1,1,0,74,0,0.0,1,74,0,none,0,none,0,0,0,no_alert_unknown,no_alert_not_final_benign,-1,dns,app_proto+port
2025-07-19T23:03:25.661590+0700,103.195.142.3,208.67.217.171,53,61953,UDP,flow,failed,1138200652325593,,1,1,0,132,0,0.0,1,132,0,none,0,none,0,0,0,no_alert_unknown,no_alert_not_final_benign,-1,dns,port
2025-07-19T23:03:25.661690+0700,103.195.142.3,13.105.68.213,53,56658,UDP,flow,failed,1631466914227125,,1,1,0,181,0,0.0,1,181,0,none,0,none,0,0,0,no_alert_unknown,no_alert_not_final_benign,-1,dns,port
2025-07-19T23:03:25.661714+0700,103.195.142.74,118.98.44.20,15394,53,UDP,flow,dns,1617649595098073,,1,1,0,78,0,0.0,1,78,0,none,0,none,0,0,0,no_alert_unknown,no_alert_not_final_benign,-1,dns,app_proto+port
2025-07-19T23:03:25.661660+0700,103.195.142.74,118.98.44.20,41999,53,UDP,dns,,1434433179476873,wire/pcap,0,0,0,0,0,0.0,0,0,0,none,0,none,0,0,0,no_alert_unknown,no_alert_not_final_benign,-1,dns,port
2025-07-19T23:03:25.661735+0700,103.195.142.74,202.134.0.155,34183,53,UDP,flow,dns,828721574487064,,1,1,0,74,0,0.0,1,74,0,none,0,none,0,0,0,no_alert_unknown,no_alert_not_final_benign,-1,dns,app_proto+port
2025-07-19T23:03:25.661756+0700,103.195.142.74,202.134.0.155,6796,53,UDP,flow,dns,1462430001177635,,1,1,0,75,0,0.0,1,75,0,none,0,none,0,0,0,no_alert_unknown,no_alert_not_final_benign,-1,dns,app_proto+port
2025-07-19T23:03:25.661817+0700,103.195.142.196,87.98.154.117,53,59593,UDP,flow,failed,1302676612883623,,1,1,0,1437,0,0.0,1,1437,0,none,0,none,0,0,0,no_alert_unknown,no_alert_not_final_benign,-1,dns,port
2025-07-19T23:03:25.661835+0700,103.195.142.195,87.98.154.84,53,14030,UDP,flow,failed,876768121955513,,1,1,0,1437,0,0.0,1,1437,0,none,0,none,0,0,0,no_alert_unknown,no_alert_not_final_benign,-1,dns,port
2025-07-19T23:03:25.661854+0700,103.195.142.75,8.8.8.8,40122,53,UDP,flow,dns,1163398867297525,,1,1,0,84,0,0.0,1,84,0,none,0,none,0,0,0,no_alert_unknown,no_alert_not_final_benign,-1,dns,app_proto+port
2025-07-19T23:03:25.661960+0700,103.195.142.74,118.98.44.100,13675,53,UDP,flow,dns,1135789860300157,,1,1,0,88,0,0.0,1,88,0,none,0,none,0,0,0,no_alert_unknown,no_alert_not_final_benign,-1,dns,app_proto+port
2025-07-19T23:03:25.661989+0700,103.195.142.196,87.98.154.119,53,20389,UDP,flow,failed,286965607540112,,1,1,0,1437,0,0.0,1,1437,0,none,0,none,0,0,0,no_alert_unknown,no_alert_not_final_benign,-1,dns,port
2025-07-19T23:03:25.662029+0700,103.195.142.74,118.98.44.100,24691,53,UDP,flow,dns,870099588195735,,1,1,0,78,0,0.0,1,78,0,none,0,none,0,0,0,no_alert_unknown,no_alert_not_final_benign,-1,dns,app_proto+port
2025-07-19T23:03:25.662152+0700,103.195.142.83,87.98.154.206,53,32689,UDP,flow,failed,433154884543985,,1,1,0,1190,0,0.0,1,1190,0,none,0,none,0,0,0,no_alert_unknown,no_alert_not_final_benign,-1,dns,port
2025-07-19T23:03:25.662195+0700,103.195.142.83,87.98.154.18,53,62512,UDP,flow,failed,617324280587788,,1,1,0,1190,0,0.0,1,1190,0,none,0,none,0,0,0,no_alert_unknown,no_alert_not_final_benign,-1,dns,port
2025-07-19T23:03:25.662213+0700,103.195.142.195,87.98.154.120,53,6319,UDP,flow,failed,1489882392340031,,1,1,0,1437,0,0.0,1,1437,0,none,0,none,0,0,0,no_alert_unknown,no_alert_not_final_benign,-1,dns,port
2025-07-19T23:03:25.662283+0700,103.195.142.75,8.8.8.8,30087,53,UDP,flow,dns,475827220948671,,1,1,0,88,0,0.0,1,88,0,none,0,none,0,0,0,no_alert_unknown,no_alert_not_final_benign,-1,dns,app_proto+port
2025-07-19T23:03:25.662303+0700,103.195.142.74,118.98.44.50,29903,53,UDP,flow,dns,719970765154127,,1,1,0,87,0,0.0,1,87,0,none,0,none,0,0,0,no_alert_unknown,no_alert_not_final_benign,-1,dns,app_proto+port
2025-07-19T23:03:25.662346+0700,103.195.142.3,13.105.68.213,53,11592,UDP,flow,failed,1214118799517733,,1,1,0,181,0,0.0,1,181,0,none,0,none,0,0,0,no_alert_unknown,no_alert_not_final_benign,-1,dns,port
2025-07-19T23:03:25.662365+0700,103.195.142.83,87.98.154.218,53,17238,UDP,flow,failed,797301194664088,,1,1,0,1190,0,0.0,1,1190,0,none,0,none,0,0,0,no_alert_unknown,no_alert_not_final_benign,-1,dns,port
2025-07-19T23:03:25.662425+0700,103.195.142.46,87.98.154.119,53,10009,UDP,flow,failed,485962462767458,,1,1,0,1437,0,0.0,1,1437,0,none,0,none,0,0,0,no_alert_unknown,no_alert_not_final_benign,-1,dns,port
2025-07-19T23:03:25.662466+0700,103.195.142.75,216.38.8.120,12093,53,UDP,flow,dns,925294577035731,,1,1,0,85,0,0.0,1,85,0,none,0,none,0,0,0,no_alert_unknown,no_alert_not_final_benign,-1,dns,app_proto+port
2025-07-19T23:03:25.662557+0700,103.195.142.76,87.98.154.250,53,10443,UDP,flow,failed,1573865299028552,,1,1,0,1469,0,0.0,1,1469,0,none,0,none,0,0,0,no_alert_unknown,no_alert_not_final_benign,-1,dns,port
2025-07-19T23:03:25.662576+0700,103.195.142.74,118.98.44.50,23117,53,UDP,flow,dns,1684177767541349,,1,1,0,142,0,0.0,1,142,0,none,0,none,0,0,0,no_alert_unknown,no_alert_not_final_benign,-1,dns,app_proto+port
2025-07-19T23:03:25.662596+0700,103.195.142.165,87.98.154.118,53,12735,UDP,flow,failed,1032162541939351,,1,1,0,1437,0,0.0,1,1437,0,none,0,none,0,0,0,no_alert_unknown,no_alert_not_final_benign,-1,dns,port
2025-07-19T23:03:25.662635+0700,103.195.142.74,118.98.44.50,52188,53,UDP,flow,dns,1386808804092636,,1,1,0,86,0,0.0,1,86,0,none,0,none,0,0,0,no_alert_unknown,no_alert_not_final_benign,-1,dns,app_proto+port
2025-07-19T23:03:25.662655+0700,103.195.142.74,202.134.0.155,35785,53,UDP,flow,dns,1338726374812398,,1,1,0,232,0,0.0,1,232,0,none,0,none,0,0,0,no_alert_unknown,no_alert_not_final_benign,-1,dns,app_proto+port
2025-07-19T23:03:25.662675+0700,103.195.142.3,208.67.217.171,53,19791,UDP,flow,failed,1485866000034603,,1,1,0,159,0,0.0,1,159,0,none,0,none,0,0,0,no_alert_unknown,no_alert_not_final_benign,-1,dns,port
2025-07-19T23:03:25.662699+0700,103.195.142.74,118.98.44.50,45571,53,UDP,flow,dns,863277705112366,,1,1,0,79,0,0.0,1,79,0,none,0,none,0,0,0,no_alert_unknown,no_alert_not_final_benign,-1,dns,app_proto+port
2025-07-19T23:03:25.662742+0700,103.195.142.83,87.98.154.70,53,61611,UDP,flow,failed,1171509722393458,,1,1,0,1190,0,0.0,1,1190,0,none,0,none,0,0,0,no_alert_unknown,no_alert_not_final_benign,-1,dns,port
2025-07-19T23:03:25.662760+0700,103.195.142.83,87.98.154.119,53,40197,UDP,flow,failed,1592787537406848,,1,1,0,1190,0,0.0,1,1190,0,none,0,none,0,0,0,no_alert_unknown,no_alert_not_final_benign,-1,dns,port
2025-07-19T23:03:25.662779+0700,103.195.142.76,87.98.154.119,53,33777,UDP,flow,failed,1109142761024405,,1,1,0,1469,0,0.0,1,1469,0,none,0,none,0,0,0,no_alert_unknown,no_alert_not_final_benign,-1,dns,port
2025-07-19T23:03:25.662797+0700,103.195.142.196,87.98.154.113,53,29010,UDP,flow,failed,977620233268135,,1,1,0,1437,0,0.0,1,1437,0,none,0,none,0,0,0,no_alert_unknown,no_alert_not_final_benign,-1,dns,port
2025-07-19T23:03:25.662816+0700,103.195.142.83,87.98.154.246,53,63884,UDP,flow,failed,1228499966077884,,1,1,0,1190,0,0.0,1,1190,0,none,0,none,0,0,0,no_alert_unknown,no_alert_not_final_benign,-1,dns,port
2025-07-19T23:03:25.662901+0700,103.195.142.74,118.98.44.100,27638,53,UDP,flow,dns,903591398517827,,1,1,0,81,0,0.0,1,81,0,none,0,none,0,0,0,no_alert_unknown,no_alert_not_final_benign,-1,dns,app_proto+port
2025-07-19T23:03:25.662951+0700,103.195.142.74,118.98.44.100,11753,53,UDP,flow,dns,630129291406432,,1,1,0,214,0,0.0,1,214,0,none,0,none,0,0,0,no_alert_unknown,no_alert_not_final_benign,-1,dns,app_proto+port
2025-07-19T23:03:25.662973+0700,103.195.142.74,118.98.44.100,24268,53,UDP,flow,dns,1328860148968731,,1,1,0,74,0,0.0,1,74,0,none,0,none,0,0,0,no_alert_unknown,no_alert_not_final_benign,-1,dns,app_proto+port
2025-07-19T23:03:25.663002+0700,103.195.142.74,118.98.44.100,50061,53,UDP,flow,dns,1386074304195892,,1,1,0,76,0,0.0,1,76,0,none,0,none,0,0,0,no_alert_unknown,no_alert_not_final_benign,-1,dns,app_proto+port
2025-07-19T23:03:25.663069+0700,103.195.142.196,87.98.154.119,53,59789,UDP,flow,failed,316248864697760,,1,1,0,1437,0,0.0,1,1437,0,none,0,none,0,0,0,no_alert_unknown,no_alert_not_final_benign,-1,dns,port
2025-07-19T23:03:25.663087+0700,103.195.142.196,87.98.154.119,53,48218,UDP,flow,failed,1237447264808411,,1,1,0,1437,0,0.0,1,1437,0,none,0,none,0,0,0,no_alert_unknown,no_alert_not_final_benign,-1,dns,port
2025-07-19T23:03:25.663121+0700,103.195.142.196,87.98.154.29,53,60244,UDP,flow,failed,1410339195563486,,1,1,0,1437,0,0.0,1,1437,0,none,0,none,0,0,0,no_alert_unknown,no_alert_not_final_benign,-1,dns,port
2025-07-19T23:03:25.663182+0700,103.195.142.76,87.98.154.119,53,61350,UDP,flow,failed,1397300619947607,,1,1,0,1469,0,0.0,1,1469,0,none,0,none,0,0,0,no_alert_unknown,no_alert_not_final_benign,-1,dns,port
2025-07-19T23:03:25.663245+0700,103.195.142.196,87.98.154.119,53,26209,UDP,flow,failed,360921256930909,,1,1,0,1437,0,0.0,1,1437,0,none,0,none,0,0,0,no_alert_unknown,no_alert_not_final_benign,-1,dns,port
2025-07-19T23:03:25.663321+0700,103.195.142.76,87.98.154.194,53,29343,UDP,flow,failed,519286877302405,,1,3,0,4407,0,10.0,3,4407,0,none,0,none,0,0,0,no_alert_unknown,no_alert_not_final_benign,-1,dns,port
2025-07-19T23:03:25.663340+0700,103.195.142.75,8.8.8.8,12770,53,UDP,flow,dns,709331075837579,,1,1,0,223,0,0.0,1,223,0,none,0,none,0,0,0,no_alert_unknown,no_alert_not_final_benign,-1,dns,app_proto+port
2025-07-19T23:03:25.663359+0700,103.195.142.165,87.98.154.119,53,8304,UDP,flow,failed,553412025495228,,1,1,0,1437,0,0.0,1,1437,0,none,0,none,0,0,0,no_alert_unknown,no_alert_not_final_benign,-1,dns,port
2025-07-19T23:03:25.663378+0700,103.195.142.74,118.98.44.100,27684,53,UDP,flow,dns,1202619479338814,,1,1,0,74,0,0.0,1,74,0,none,0,none,0,0,0,no_alert_unknown,no_alert_not_final_benign,-1,dns,app_proto+port
2025-07-19T23:03:25.663398+0700,103.195.142.165,87.98.154.119,53,25061,UDP,flow,failed,850543359274870,,1,1,0,1437,0,0.0,1,1437,0,none,0,none,0,0,0,no_alert_unknown,no_alert_not_final_benign,-1,dns,port
2025-07-19T23:03:25.663416+0700,103.195.142.3,13.105.68.212,53,36666,UDP,flow,failed,1639261306072957,,1,1,0,180,0,0.0,1,180,0,none,0,none,0,0,0,no_alert_unknown,no_alert_not_final_benign,-1,dns,port
2025-07-19T23:03:25.663435+0700,103.195.142.76,87.98.154.14,53,8999,UDP,flow,failed,474087419719549,,1,1,0,1469,0,0.0,1,1469,0,none,0,none,0,0,0,no_alert_unknown,no_alert_not_final_benign,-1,dns,port
2025-07-19T23:03:25.663453+0700,103.195.142.195,87.98.154.120,53,21754,UDP,flow,failed,1216367032774536,,1,1,0,1437,0,0.0,1,1437,0,none,0,none,0,0,0,no_alert_unknown,no_alert_not_final_benign,-1,dns,port
2025-07-19T23:03:25.663476+0700,103.195.142.74,118.98.44.50,64256,53,UDP,flow,dns,676563522269082,,1,1,0,89,0,0.0,1,89,0,none,0,none,0,0,0,no_alert_unknown,no_alert_not_final_benign,-1,dns,app_proto+port
2025-07-19T23:03:25.663496+0700,103.195.142.195,87.98.154.92,53,25241,UDP,flow,failed,1358541644279784,,1,2,0,2874,0,7.0,2,2874,0,none,0,none,0,0,0,no_alert_unknown,no_alert_not_final_benign,-1,dns,port
2025-07-19T23:03:25.663515+0700,103.195.142.74,118.98.44.50,49083,53,UDP,flow,dns,831376261492719,,1,1,0,223,0,0.0,1,223,0,none,0,none,0,0,0,no_alert_unknown,no_alert_not_final_benign,-1,dns,app_proto+port
2025-07-19T23:03:25.663556+0700,103.195.142.74,118.98.44.50,15683,53,UDP,flow,dns,1151948092321835,,1,1,0,211,0,0.0,1,211,0,none,0,none,0,0,0,no_alert_unknown,no_alert_not_final_benign,-1,dns,app_proto+port
2025-07-19T23:03:25.663576+0700,103.195.142.76,87.98.154.10,53,49384,UDP,flow,failed,776153300578351,,1,1,0,1469,0,0.0,1,1469,0,none,0,none,0,0,0,no_alert_unknown,no_alert_not_final_benign,-1,dns,port
2025-07-19T23:03:25.663615+0700,103.195.142.75,8.8.8.8,44719,53,UDP,flow,dns,496734534545521,,1,1,0,243,0,0.0,1,243,0,none,0,none,0,0,0,no_alert_unknown,no_alert_not_final_benign,-1,dns,app_proto+port
2025-07-19T23:03:25.663657+0700,103.195.142.74,118.98.44.50,54986,53,UDP,flow,dns,877088475689248,,1,1,0,74,0,0.0,1,74,0,none,0,none,0,0,0,no_alert_unknown,no_alert_not_final_benign,-1,dns,app_proto+port
2025-07-19T23:03:25.663718+0700,103.195.142.74,118.98.44.20,25730,53,UDP,flow,dns,1270365216944542,,1,1,0,74,0,0.0,1,74,0,none,0,none,0,0,0,no_alert_unknown,no_alert_not_final_benign,-1,dns,app_proto+port
2025-07-19T23:03:25.663738+0700,103.195.142.76,87.98.154.119,53,44991,UDP,flow,failed,1002148824854952,,1,1,0,1469,0,0.0,1,1469,0,none,0,none,0,0,0,no_alert_unknown,no_alert_not_final_benign,-1,dns,port
2025-07-19T23:03:25.663784+0700,103.195.142.74,202.134.0.155,64332,53,UDP,flow,dns,752213550477752,,1,1,0,223,0,0.0,1,223,0,none,0,none,0,0,0,no_alert_unknown,no_alert_not_final_benign,-1,dns,app_proto+port
2025-07-19T23:03:25.663824+0700,103.195.142.83,87.98.154.18,53,26831,UDP,flow,failed,777222635368908,,1,1,0,1190,0,0.0,1,1190,0,none,0,none,0,0,0,no_alert_unknown,no_alert_not_final_benign,-1,dns,port
2025-07-19T23:03:25.663843+0700,103.195.142.75,8.8.8.8,10073,53,UDP,flow,dns,1298029714911727,,1,1,0,108,0,0.0,1,108,0,none,0,none,0,0,0,no_alert_unknown,no_alert_not_final_benign,-1,dns,app_proto+port
2025-07-19T23:03:25.663886+0700,103.195.142.75,8.8.8.8,43352,53,UDP,flow,dns,1635009617900090,,1,1,0,96,0,0.0,1,96,0,none,0,none,0,0,0,no_alert_unknown,no_alert_not_final_benign,-1,dns,app_proto+port
2025-07-19T23:03:25.663911+0700,103.195.142.83,87.98.154.119,53,2913,UDP,flow,failed,1209298971767380,,1,1,0,1190,0,0.0,1,1190,0,none,0,none,0,0,0,no_alert_unknown,no_alert_not_final_benign,-1,dns,port
2025-07-19T23:03:25.663930+0700,103.195.142.46,87.98.154.119,53,55214,UDP,flow,failed,296837865058912,,1,1,0,1437,0,0.0,1,1437,0,none,0,none,0,0,0,no_alert_unknown,no_alert_not_final_benign,-1,dns,port
2025-07-19T23:03:25.663948+0700,103.195.142.3,208.67.217.186,53,42119,UDP,flow,failed,733962423022179,,1,1,0,132,0,0.0,1,132,0,none,0,none,0,0,0,no_alert_unknown,no_alert_not_final_benign,-1,dns,port
2025-07-19T23:03:25.663967+0700,103.195.142.2,172.70.116.71,53,19215,UDP,flow,failed,693392861606516,,1,1,0,181,0,0.0,1,181,0,none,0,none,0,0,0,no_alert_unknown,no_alert_not_final_benign,-1,dns,port
2025-07-19T23:03:25.664005+0700,103.195.142.74,118.98.44.100,20043,53,UDP,flow,dns,879602220511938,,1,1,0,80,0,0.0,1,80,0,none,0,none,0,0,0,no_alert_unknown,no_alert_not_final_benign,-1,dns,app_proto+port
2025-07-19T23:03:25.664268+0700,103.195.142.2,208.67.217.171,53,63063,UDP,flow,failed,1502886745191318,,1,1,0,132,0,0.0,1,132,0,none,0,none,0,0,0,no_alert_unknown,no_alert_not_final_benign,-1,dns,port
2025-07-19T23:03:25.664287+0700,103.195.142.74,202.134.0.155,59545,53,UDP,flow,dns,867102818743234,,1,1,0,74,0,0.0,1,74,0,none,0,none,0,0,0,no_alert_unknown,no_alert_not_final_benign,-1,dns,app_proto+port
2025-07-19T23:03:25.664307+0700,103.195.142.46,87.98.154.247,53,55146,UDP,flow,failed,1013055021953991,,1,1,0,1437,0,0.0,1,1437,0,none,0,none,0,0,0,no_alert_unknown,no_alert_not_final_benign,-1,dns,port
2025-07-19T23:03:25.664331+0700,103.195.142.3,208.67.217.186,53,57780,UDP,flow,failed,950302263129034,,1,1,0,175,0,0.0,1,175,0,none,0,none,0,0,0,no_alert_unknown,no_alert_not_final_benign,-1,dns,port
2025-07-19T23:03:25.664350+0700,103.195.142.74,118.98.44.50,52094,53,UDP,flow,dns,1311670515053583,,1,2,0,204,0,9.0,2,204,0,none,0,none,0,0,0,no_alert_unknown,no_alert_not_final_benign,-1,dns,app_proto+port
2025-07-19T23:03:25.664370+0700,103.195.142.46,87.98.154.119,53,49740,UDP,flow,failed,1025022632375313,,1,1,0,1437,0,0.0,1,1437,0,none,0,none,0,0,0,no_alert_unknown,no_alert_not_final_benign,-1,dns,port
2025-07-19T23:03:25.664389+0700,103.195.142.74,202.134.0.155,30360,53,UDP,flow,dns,923017962304619,,1,1,0,223,0,0.0,1,223,0,none,0,none,0,0,0,no_alert_unknown,no_alert_not_final_benign,-1,dns,app_proto+port
2025-07-19T23:03:25.664408+0700,103.195.142.74,118.98.44.100,30679,53,UDP,flow,dns,1037583890298002,,1,1,0,88,0,0.0,1,88,0,none,0,none,0,0,0,no_alert_unknown,no_alert_not_final_benign,-1,dns,app_proto+port
2025-07-19T23:03:25.664428+0700,103.195.142.75,8.8.8.8,50645,53,UDP,flow,dns,1492389086737576,,1,1,0,211,0,0.0,1,211,0,none,0,none,0,0,0,no_alert_unknown,no_alert_not_final_benign,-1,dns,app_proto+port
2025-07-19T23:03:25.664447+0700,103.195.142.109,87.98.154.119,53,58525,UDP,flow,failed,492950113531130,,1,1,0,1437,0,0.0,1,1437,0,none,0,none,0,0,0,no_alert_unknown,no_alert_not_final_benign,-1,dns,port
2025-07-19T23:03:25.664466+0700,103.195.142.195,87.98.154.148,53,64346,UDP,flow,failed,1169704487073066,,1,1,0,1437,0,0.0,1,1437,0,none,0,none,0,0,0,no_alert_unknown,no_alert_not_final_benign,-1,dns,port
2025-07-19T23:03:25.664499+0700,103.195.142.83,87.98.154.119,53,6360,UDP,flow,failed,530180630951215,,1,1,0,1190,0,0.0,1,1190,0,none,0,none,0,0,0,no_alert_unknown,no_alert_not_final_benign,-1,dns,port
2025-07-19T23:03:25.664543+0700,103.195.142.3,74.63.24.236,53,51023,UDP,flow,failed,983848120005937,,1,1,0,154,0,0.0,1,154,0,none,0,none,0,0,0,no_alert_unknown,no_alert_not_final_benign,-1,dns,port
2025-07-19T23:03:25.664622+0700,103.195.142.74,118.98.44.20,10860,53,UDP,flow,dns,796912955798906,,1,2,0,204,0,8.0,2,204,0,none,0,none,0,0,0,no_alert_unknown,no_alert_not_final_benign,-1,dns,app_proto+port
2025-07-19T23:03:25.664738+0700,103.195.142.74,118.98.44.50,55127,53,UDP,flow,dns,760602972960257,,1,1,0,232,0,0.0,1,232,0,none,0,none,0,0,0,no_alert_unknown,no_alert_not_final_benign,-1,dns,app_proto+port
2025-07-19T23:03:25.664764+0700,103.195.142.74,118.98.44.100,39254,53,UDP,flow,dns,1628747766216254,,1,1,0,211,0,0.0,1,211,0,none,0,none,0,0,0,no_alert_unknown,no_alert_not_final_benign,-1,dns,app_proto+port
2025-07-19T23:03:25.664786+0700,103.195.142.74,118.98.44.100,11387,53,UDP,flow,dns,1296319921436247,,1,1,0,86,0,0.0,1,86,0,none,0,none,0,0,0,no_alert_unknown,no_alert_not_final_benign,-1,dns,app_proto+port
2025-07-19T23:03:25.664829+0700,103.195.142.83,87.98.154.119,53,36494,UDP,flow,failed,1329729291073235,,1,1,0,1190,0,0.0,1,1190,0,none,0,none,0,0,0,no_alert_unknown,no_alert_not_final_benign,-1,dns,port
2025-07-19T23:03:25.664890+0700,103.195.142.165,87.98.154.119,53,11641,UDP,flow,failed,1432510653576933,,1,1,0,1437,0,0.0,1,1437,0,none,0,none,0,0,0,no_alert_unknown,no_alert_not_final_benign,-1,dns,port
2025-07-19T23:03:25.665188+0700,103.195.142.109,87.98.154.49,53,58244,UDP,flow,failed,1021244883974276,,1,1,0,1437,0,0.0,1,1437,0,none,0,none,0,0,0,no_alert_unknown,no_alert_not_final_benign,-1,dns,port
2025-07-19T23:03:25.665209+0700,103.195.142.195,87.98.154.119,53,28196,UDP,flow,failed,924909566343305,,1,1,0,1437,0,0.0,1,1437,0,none,0,none,0,0,0,no_alert_unknown,no_alert_not_final_benign,-1,dns,port
2025-07-19T23:03:25.665228+0700,103.195.142.195,87.98.154.148,53,16829,UDP,flow,failed,1158435276306574,,1,1,0,1437,0,0.0,1,1437,0,none,0,none,0,0,0,no_alert_unknown,no_alert_not_final_benign,-1,dns,port
2025-07-19T23:03:25.665246+0700,103.195.142.196,87.98.154.119,53,41127,UDP,flow,failed,1120222150899875,,1,1,0,1437,0,0.0,1,1437,0,none,0,none,0,0,0,no_alert_unknown,no_alert_not_final_benign,-1,dns,port
2025-07-19T23:03:25.665293+0700,103.195.142.46,87.98.154.19,53,36854,UDP,flow,failed,838595786815733,,1,1,0,1437,0,0.0,1,1437,0,none,0,none,0,0,0,no_alert_unknown,no_alert_not_final_benign,-1,dns,port
2025-07-19T23:03:25.665341+0700,103.195.142.46,87.98.154.191,53,1477,UDP,flow,failed,1176053136144652,,1,1,0,1437,0,0.0,1,1437,0,none,0,none,0,0,0,no_alert_unknown,no_alert_not_final_benign,-1,dns,port
2025-07-19T23:03:25.665381+0700,103.195.142.83,87.98.154.119,53,33944,UDP,flow,failed,1556205588363650,,1,1,0,1190,0,0.0,1,1190,0,none,0,none,0,0,0,no_alert_unknown,no_alert_not_final_benign,-1,dns,port
2025-07-19T23:03:25.665399+0700,103.195.142.3,172.70.116.71,53,56922,UDP,flow,failed,751586036398500,,1,1,0,126,0,0.0,1,126,0,none,0,none,0,0,0,no_alert_unknown,no_alert_not_final_benign,-1,dns,port
2025-07-19T23:03:25.666261+0700,103.195.142.74,118.98.44.100,48511,53,UDP,dns,,1454197717468203,wire/pcap,0,0,0,0,0,0.0,0,0,0,none,0,none,0,0,0,no_alert_unknown,no_alert_not_final_benign,-1,dns,port
2025-07-19T23:03:25.674043+0700,103.195.142.75,8.8.8.8,44190,53,UDP,dns,,1487621778011048,wire/pcap,0,0,0,0,0,0.0,0,0,0,none,0,none,0,0,0,no_alert_unknown,no_alert_not_final_benign,-1,dns,port
2025-07-19T23:03:25.729184+0700,103.195.142.74,118.98.44.100,14975,53,UDP,dns,,1442972441117813,wire/pcap,0,0,0,0,0,0.0,0,0,0,none,0,none,0,0,0,no_alert_unknown,no_alert_not_final_benign,-1,dns,port
2025-07-19T23:03:25.755363+0700,103.195.142.74,118.98.44.50,48494,53,UDP,dns,,1555413642963790,wire/pcap,0,0,0,0,0,0.0,0,0,0,none,0,none,0,0,0,no_alert_unknown,no_alert_not_final_benign,-1,dns,port
2025-07-19T23:03:25.800346+0700,103.195.142.74,118.98.44.20,6542,53,UDP,dns,,1467138434215553,wire/pcap,0,0,0,0,0,0.0,0,0,0,none,0,none,0,0,0,no_alert_unknown,no_alert_not_final_benign,-1,dns,port
2025-07-19T23:03:25.810452+0700,103.195.142.74,202.134.0.155,40183,53,UDP,dns,,1510542175840324,wire/pcap,0,0,0,0,0,0.0,0,0,0,none,0,none,0,0,0,no_alert_unknown,no_alert_not_final_benign,-1,dns,port
2025-07-19T23:03:25.844837+0700,103.195.142.74,118.98.44.100,47186,53,UDP,dns,,1658226163958843,wire/pcap,0,0,0,0,0,0.0,0,0,0,none,0,none,0,0,0,no_alert_unknown,no_alert_not_final_benign,-1,dns,port
2025-07-19T23:03:25.903662+0700,103.195.142.74,69.39.238.36,46729,53,UDP,dns,,1629402069823170,wire/pcap,0,0,0,0,0,0.0,0,0,0,none,0,none,0,0,0,no_alert_unknown,no_alert_not_final_benign,-1,dns,port
2025-07-19T23:03:25.907795+0700,103.195.142.74,118.98.44.100,48874,53,UDP,dns,,1647152850168826,wire/pcap,0,0,0,0,0,0.0,0,0,0,none,0,none,0,0,0,no_alert_unknown,no_alert_not_final_benign,-1,dns,port
2025-07-19T23:03:25.919875+0700,103.195.142.74,202.134.0.155,7165,53,UDP,dns,,1417562219367143,wire/pcap,0,0,0,0,0,0.0,0,0,0,none,0,none,0,0,0,no_alert_unknown,no_alert_not_final_benign,-1,dns,port
2025-07-19T23:03:25.920021+0700,103.195.142.74,118.98.44.50,43516,53,UDP,dns,,1418188560798737,wire/pcap,0,0,0,0,0,0.0,0,0,0,none,0,none,0,0,0,no_alert_unknown,no_alert_not_final_benign,-1,dns,port
2025-07-19T23:03:25.920900+0700,103.195.142.108,8.8.8.8,1900,53,UDP,dns,,1216074754602613,wire/pcap,0,0,0,0,0,0.0,0,0,0,none,0,none,0,0,0,no_alert_unknown,no_alert_not_final_benign,-1,dns,port
2025-07-19T23:03:25.954707+0700,103.195.142.74,118.98.44.50,29923,53,UDP,dns,,1567163495400204,wire/pcap,0,0,0,0,0,0.0,0,0,0,none,0,none,0,0,0,no_alert_unknown,no_alert_not_final_benign,-1,dns,port
2025-07-19T23:03:25.989545+0700,103.195.142.74,118.98.44.20,42537,53,UDP,dns,,1435314480517207,wire/pcap,0,0,0,0,0,0.0,0,0,0,none,0,none,0,0,0,no_alert_unknown,no_alert_not_final_benign,-1,dns,port
2025-07-19T23:03:25.994997+0700,103.195.142.74,34.8.38.57,2913,53,UDP,dns,,1458730359618445,wire/pcap,0,0,0,0,0,0.0,0,0,0,none,0,none,0,0,0,no_alert_unknown,no_alert_not_final_benign,-1,dns,port
2025-07-19T23:03:25.995740+0700,103.195.142.75,8.8.8.8,24553,53,UDP,dns,,1461922886291233,wire/pcap,0,0,0,0,0,0.0,0,0,0,none,0,none,0,0,0,no_alert_unknown,no_alert_not_final_benign,-1,dns,port
2025-07-19T23:03:25.997394+0700,103.195.142.75,8.8.8.8,31464,53,UDP,dns,,1469028377307298,wire/pcap,0,0,0,0,0,0.0,0,0,0,none,0,none,0,0,0,no_alert_unknown,no_alert_not_final_benign,-1,dns,port
2025-07-19T23:03:26.021105+0700,103.195.142.75,34.8.196.142,63374,53,UDP,dns,,1779497495991735,wire/pcap,0,0,0,0,0,0.0,0,0,0,none,0,none,0,0,0,no_alert_unknown,no_alert_not_final_benign,-1,dns,port
2025-07-19T23:03:26.028187+0700,103.195.142.74,118.98.44.20,35141,53,UDP,dns,,1809912212170727,wire/pcap,0,0,0,0,0,0.0,0,0,0,none,0,none,0,0,0,no_alert_unknown,no_alert_not_final_benign,-1,dns,port
2025-07-19T23:03:26.033863+0700,103.195.142.74,118.98.44.100,32514,53,UDP,dns,,1834294155041190,wire/pcap,0,0,0,0,0,0.0,0,0,0,none,0,none,0,0,0,no_alert_unknown,no_alert_not_final_benign,-1,dns,port
2025-07-19T23:03:26.043050+0700,103.195.142.74,118.98.44.100,25914,53,UDP,dns,,1873751475919844,wire/pcap,0,0,0,0,0,0.0,0,0,0,none,0,none,0,0,0,no_alert_unknown,no_alert_not_final_benign,-1,dns,port
2025-07-19T23:03:26.045847+0700,103.195.142.74,118.98.44.20,37765,53,UDP,dns,,1885761847352649,wire/pcap,0,0,0,0,0,0.0,0,0,0,none,0,none,0,0,0,no_alert_unknown,no_alert_not_final_benign,-1,dns,port
2025-07-19T23:03:26.046304+0700,103.195.142.75,8.8.8.8,31670,53,UDP,dns,,1887725023927749,wire/pcap,0,0,0,0,0,0.0,0,0,0,none,0,none,0,0,0,no_alert_unknown,no_alert_not_final_benign,-1,dns,port
2025-07-19T23:03:26.047769+0700,103.195.142.75,8.8.8.8,50176,53,UDP,dns,,1894019835515581,wire/pcap,0,0,0,0,0,0.0,0,0,0,none,0,none,0,0,0,no_alert_unknown,no_alert_not_final_benign,-1,dns,port
2025-07-19T23:03:26.049802+0700,103.195.142.165,87.98.154.118,53,31213,UDP,flow,failed,2098341035099020,,1,1,0,1437,0,0.0,1,1437,0,none,0,none,0,0,0,no_alert_unknown,no_alert_not_final_benign,-1,dns,port
2025-07-19T23:03:26.051184+0700,103.195.142.74,118.98.44.100,27472,53,UDP,dns,,1908687181942676,wire/pcap,0,0,0,0,0,0.0,0,0,0,none,0,none,0,0,0,no_alert_unknown,no_alert_not_final_benign,-1,dns,port
2025-07-19T23:03:26.051271+0700,103.195.142.74,202.134.0.155,43504,53,UDP,dns,,1909058163551528,wire/pcap,0,0,0,0,0,0.0,0,0,0,none,0,none,0,0,0,no_alert_unknown,no_alert_not_final_benign,-1,dns,port
2025-07-19T23:03:26.063171+0700,103.195.142.74,202.134.0.155,33215,53,UDP,dns,,1960169357199606,wire/pcap,0,0,0,0,0,0.0,0,0,0,none,0,none,0,0,0,no_alert_unknown,no_alert_not_final_benign,-1,dns,port
2025-07-19T23:03:26.070962+0700,103.195.142.74,185.67.45.232,60814,53,UDP,dns,,1712155994659358,wire/pcap,0,0,0,0,0,0.0,0,0,0,none,0,none,0,0,0,no_alert_unknown,no_alert_not_final_benign,-1,dns,port
2025-07-19T23:03:26.073309+0700,103.195.142.75,8.8.8.8,10723,53,UDP,dns,,1722237402171352,wire/pcap,0,0,0,0,0,0.0,0,0,0,none,0,none,0,0,0,no_alert_unknown,no_alert_not_final_benign,-1,dns,port
2025-07-19T23:03:26.097762+0700,103.195.142.74,118.98.44.50,53529,53,UDP,dns,,1827263625147211,wire/pcap,0,0,0,0,0,0.0,0,0,0,none,0,none,0,0,0,no_alert_unknown,no_alert_not_final_benign,-1,dns,port
2025-07-19T23:03:26.098164+0700,103.195.142.75,8.8.8.8,62443,53,UDP,dns,,1828987549359383,wire/pcap,0,0,0,0,0,0.0,0,0,0,none,0,none,0,0,0,no_alert_unknown,no_alert_not_final_benign,-1,dns,port
2025-07-19T23:03:26.100440+0700,103.195.142.74,50.116.34.34,37446,53,UDP,dns,,1838761726132271,wire/pcap,0,0,0,0,0,0.0,0,0,0,none,0,none,0,0,0,no_alert_unknown,no_alert_not_final_benign,-1,dns,port
2025-07-19T23:03:26.112101+0700,103.195.142.75,8.8.8.8,32053,53,UDP,dns,,1888845808378111,wire/pcap,0,0,0,0,0,0.0,0,0,0,none,0,none,0,0,0,no_alert_unknown,no_alert_not_final_benign,-1,dns,port
2025-07-19T23:03:26.175097+0700,103.195.142.74,118.98.44.50,31901,53,UDP,dns,,1877937584362960,wire/pcap,0,0,0,0,0,0.0,0,0,0,none,0,none,0,0,0,no_alert_unknown,no_alert_not_final_benign,-1,dns,port
2025-07-19T23:03:26.175137+0700,103.195.142.74,118.98.44.50,21336,53,UDP,dns,,1878108072419225,wire/pcap,0,0,0,0,0,0.0,0,0,0,none,0,none,0,0,0,no_alert_unknown,no_alert_not_final_benign,-1,dns,port
2025-07-19T23:03:26.197885+0700,103.195.142.195,87.98.154.64,53,53058,UDP,flow,failed,2096604494596069,,1,1,0,1437,0,0.0,1,1437,0,none,0,none,0,0,0,no_alert_unknown,no_alert_not_final_benign,-1,dns,port
2025-07-19T23:03:26.208855+0700,103.195.142.74,50.28.102.86,32620,53,UDP,dns,,1741454257383642,wire/pcap,0,0,0,0,0,0.0,0,0,0,none,0,none,0,0,0,no_alert_unknown,no_alert_not_final_benign,-1,dns,port
2025-07-19T23:03:26.218702+0700,103.195.142.74,118.98.44.20,3519,53,UDP,dns,,1783746651357183,wire/pcap,0,0,0,0,0,0.0,0,0,0,none,0,none,0,0,0,no_alert_unknown,no_alert_not_final_benign,-1,dns,port
2025-07-19T23:03:26.230694+0700,103.195.142.74,202.134.0.155,18112,53,UDP,dns,,1835249616663263,wire/pcap,0,0,0,0,0,0.0,0,0,0,none,0,none,0,0,0,no_alert_unknown,no_alert_not_final_benign,-1,dns,port
2025-07-19T23:03:26.269440+0700,103.195.142.76,87.98.154.119,53,36378,UDP,flow,failed,1999424590168207,,1,1,0,1469,0,0.0,1,1469,0,none,0,none,0,0,0,no_alert_unknown,no_alert_not_final_benign,-1,dns,port
2025-07-19T23:03:26.275129+0700,103.195.142.75,8.8.8.8,6541,53,UDP,dns,,1744621308629821,wire/pcap,0,0,0,0,0,0.0,0,0,0,none,0,none,0,0,0,no_alert_unknown,no_alert_not_final_benign,-1,dns,port
2025-07-19T23:03:26.281790+0700,103.195.142.75,8.8.8.8,17500,53,UDP,dns,,1773232238646162,wire/pcap,0,0,0,0,0,0.0,0,0,0,none,0,none,0,0,0,no_alert_unknown,no_alert_not_final_benign,-1,dns,port
2025-07-19T23:03:26.295574+0700,103.195.142.74,118.98.44.50,52536,53,UDP,dns,,1832432272082460,wire/pcap,0,0,0,0,0,0.0,0,0,0,none,0,none,0,0,0,no_alert_unknown,no_alert_not_final_benign,-1,dns,port
2025-07-19T23:03:26.297646+0700,103.195.142.74,202.134.0.155,2101,53,UDP,dns,,1841333806738745,wire/pcap,0,0,0,0,0,0.0,0,0,0,none,0,none,0,0,0,no_alert_unknown,no_alert_not_final_benign,-1,dns,port
2025-07-19T23:03:26.320005+0700,103.195.142.74,118.98.44.100,47178,53,UDP,dns,,1937363504740233,wire/pcap,0,0,0,0,0,0.0,0,0,0,none,0,none,0,0,0,no_alert_unknown,no_alert_not_final_benign,-1,dns,port
2025-07-19T23:03:26.320066+0700,103.195.142.74,118.98.44.50,38092,53,UDP,dns,,1937626083217332,wire/pcap,0,0,0,0,0,0.0,0,0,0,none,0,none,0,0,0,no_alert_unknown,no_alert_not_final_benign,-1,dns,port
2025-07-19T23:03:26.321901+0700,103.195.142.75,8.8.8.8,22875,53,UDP,flow,dns,1854652662421705,,1,1,0,106,0,0.0,1,106,0,none,0,none,0,0,0,no_alert_unknown,no_alert_not_final_benign,-1,dns,app_proto+port
2025-07-19T23:03:26.346290+0700,103.195.142.74,216.38.8.121,59203,53,UDP,dns,,1768781121928145,wire/pcap,0,0,0,0,0,0.0,0,0,0,none,0,none,0,0,0,no_alert_unknown,no_alert_not_final_benign,-1,dns,port
2025-07-19T23:03:26.350332+0700,103.195.142.75,8.8.8.8,16955,53,UDP,dns,,1786142315201036,wire/pcap,0,0,0,0,0,0.0,0,0,0,none,0,none,0,0,0,no_alert_unknown,no_alert_not_final_benign,-1,dns,port
2025-07-19T23:03:26.357438+0700,103.195.142.74,118.98.44.100,27295,53,UDP,dns,,1816661501410325,wire/pcap,0,0,0,0,0,0.0,0,0,0,none,0,none,0,0,0,no_alert_unknown,no_alert_not_final_benign,-1,dns,port
2025-07-19T23:03:26.367522+0700,103.195.142.165,87.98.154.253,53,15788,UDP,flow,failed,1791602023151551,,1,1,0,1437,0,0.0,1,1437,0,none,0,none,0,0,0,no_alert_unknown,no_alert_not_final_benign,-1,dns,port
2025-07-19T23:03:26.395200+0700,103.195.142.74,202.134.0.155,22969,53,UDP,dns,,1697374850681776,wire/pcap,0,0,0,0,0,0.0,0,0,0,none,0,none,0,0,0,no_alert_unknown,no_alert_not_final_benign,-1,dns,port
2025-07-19T23:03:26.418612+0700,103.195.142.74,50.28.32.153,47486,53,UDP,dns,,1797926566511886,wire/pcap,0,0,0,0,0,0.0,0,0,0,none,0,none,0,0,0,no_alert_unknown,no_alert_not_final_benign,-1,dns,port
2025-07-19T23:03:26.420713+0700,103.195.142.74,118.98.44.20,47328,53,UDP,dns,,1806952849166393,wire/pcap,0,0,0,0,0,0.0,0,0,0,none,0,none,0,0,0,no_alert_unknown,no_alert_not_final_benign,-1,dns,port
2025-07-19T23:03:26.455113+0700,103.195.142.74,118.98.44.100,55070,53,UDP,dns,,1954697087611314,wire/pcap,0,0,0,0,0,0.0,0,0,0,none,0,none,0,0,0,no_alert_unknown,no_alert_not_final_benign,-1,dns,port
2025-07-19T23:03:26.456996+0700,103.195.142.74,118.98.44.50,14562,53,UDP,dns,,1962786361983489,wire/pcap,0,0,0,0,0,0.0,0,0,0,none,0,none,0,0,0,no_alert_unknown,no_alert_not_final_benign,-1,dns,port
2025-07-19T23:03:26.470335+0700,103.195.142.74,118.98.44.100,60059,53,UDP,dns,,1738601671202932,wire/pcap,0,0,0,0,0,0.0,0,0,0,none,0,none,0,0,0,no_alert_unknown,no_alert_not_final_benign,-1,dns,port
2025-07-19T23:03:26.470476+0700,103.195.142.74,202.134.0.155,55305,53,UDP,dns,,1739206137669867,wire/pcap,0,0,0,0,0,0.0,0,0,0,none,0,none,0,0,0,no_alert_unknown,no_alert_not_final_benign,-1,dns,port
2025-07-19T23:03:26.473680+0700,103.195.142.74,118.98.44.50,55711,53,UDP,dns,,1752967342765480,wire/pcap,0,0,0,0,0,0.0,0,0,0,none,0,none,0,0,0,no_alert_unknown,no_alert_not_final_benign,-1,dns,port
2025-07-19T23:03:26.475497+0700,103.195.142.74,118.98.44.20,5737,53,UDP,dns,,1760769958232400,wire/pcap,0,0,0,0,0,0.0,0,0,0,none,0,none,0,0,0,no_alert_unknown,no_alert_not_final_benign,-1,dns,port
2025-07-19T23:03:26.477869+0700,103.195.142.74,118.98.44.100,46144,53,UDP,dns,,1770958685842323,wire/pcap,0,0,0,0,0,0.0,0,0,0,none,0,none,0,0,0,no_alert_unknown,no_alert_not_final_benign,-1,dns,port
2025-07-19T23:03:26.478291+0700,103.195.142.74,118.98.44.20,10408,53,UDP,dns,,1772772663851115,wire/pcap,0,0,0,0,0,0.0,0,0,0,none,0,none,0,0,0,no_alert_unknown,no_alert_not_final_benign,-1,dns,port
2025-07-19T23:03:26.485952+0700,103.195.142.239,8.8.8.8,59931,53,UDP,dns,,1984056319393614,wire/pcap,0,0,0,0,0,0.0,0,0,0,none,0,none,0,0,0,no_alert_unknown,no_alert_not_final_benign,-1,dns,port
2025-07-19T23:03:26.486310+0700,103.195.142.74,118.98.44.50,44383,53,UDP,dns,,1807211378027069,wire/pcap,0,0,0,0,0,0.0,0,0,0,none,0,none,0,0,0,no_alert_unknown,no_alert_not_final_benign,-1,dns,port
2025-07-19T23:03:26.489905+0700,103.195.142.74,202.134.0.155,13934,53,UDP,dns,,1822653549418156,wire/pcap,0,0,0,0,0,0.0,0,0,0,none,0,none,0,0,0,no_alert_unknown,no_alert_not_final_benign,-1,dns,port
2025-07-19T23:03:26.509632+0700,103.195.142.74,202.134.0.155,10877,53,UDP,dns,,1907378506715871,wire/pcap,0,0,0,0,0,0.0,0,0,0,none,0,none,0,0,0,no_alert_unknown,no_alert_not_final_benign,-1,dns,port
2025-07-19T23:03:26.519619+0700,103.195.142.74,118.98.44.100,26269,53,UDP,dns,,1950274043152975,wire/pcap,0,0,0,0,0,0.0,0,0,0,none,0,none,0,0,0,no_alert_unknown,no_alert_not_final_benign,-1,dns,port
2025-07-19T23:03:26.531168+0700,103.195.142.74,118.98.44.50,41290,53,UDP,dns,,1718400357656187,wire/pcap,0,0,0,0,0,0.0,0,0,0,none,0,none,0,0,0,no_alert_unknown,no_alert_not_final_benign,-1,dns,port
2025-07-19T23:03:26.534721+0700,103.195.142.74,118.98.44.50,14924,53,UDP,dns,,1733663327714552,wire/pcap,0,0,0,0,0,0.0,0,0,0,none,0,none,0,0,0,no_alert_unknown,no_alert_not_final_benign,-1,dns,port
2025-07-19T23:03:26.535123+0700,103.195.142.74,202.134.0.155,63480,53,UDP,dns,,1735386121634643,wire/pcap,0,0,0,0,0,0.0,0,0,0,none,0,none,0,0,0,no_alert_unknown,no_alert_not_final_benign,-1,dns,port
2025-07-19T23:03:26.550066+0700,103.195.142.74,202.134.0.155,55486,53,UDP,dns,,1799566764198633,wire/pcap,0,0,0,0,0,0.0,0,0,0,none,0,none,0,0,0,no_alert_unknown,no_alert_not_final_benign,-1,dns,port
2025-07-19T23:03:26.550848+0700,103.195.142.75,8.8.8.8,56750,53,UDP,dns,,1802926716943916,wire/pcap,0,0,0,0,0,0.0,0,0,0,none,0,none,0,0,0,no_alert_unknown,no_alert_not_final_benign,-1,dns,port
2025-07-19T23:03:26.558996+0700,103.195.142.74,118.98.44.50,48507,53,UDP,dns,,1837923437243110,wire/pcap,0,0,0,0,0,0.0,0,0,0,none,0,none,0,0,0,no_alert_unknown,no_alert_not_final_benign,-1,dns,port
2025-07-19T23:03:26.563976+0700,103.195.142.74,202.134.0.155,54644,53,UDP,dns,,1859308990919058,wire/pcap,0,0,0,0,0,0.0,0,0,0,none,0,none,0,0,0,no_alert_unknown,no_alert_not_final_benign,-1,dns,port
2025-07-19T23:03:26.565981+0700,103.195.142.74,202.134.0.155,51743,53,UDP,dns,,1867923629114128,wire/pcap,0,0,0,0,0,0.0,0,0,0,none,0,none,0,0,0,no_alert_unknown,no_alert_not_final_benign,-1,dns,port
2025-07-19T23:03:26.604808+0700,103.195.142.74,118.98.44.20,56445,53,UDP,dns,,1753209338796475,wire/pcap,0,0,0,0,0,0.0,0,0,0,none,0,none,0,0,0,no_alert_unknown,no_alert_not_final_benign,-1,dns,port
2025-07-19T23:03:26.604809+0700,103.195.142.74,118.98.44.50,23640,53,UDP,dns,,1753212680043925,wire/pcap,0,0,0,0,0,0.0,0,0,0,none,0,none,0,0,0,no_alert_unknown,no_alert_not_final_benign,-1,dns,port
2025-07-19T23:03:26.618262+0700,103.195.142.74,118.98.44.20,30655,53,UDP,flow,dns,2127000678832976,,1,1,0,74,0,0.0,1,74,0,none,0,none,0,0,0,no_alert_unknown,no_alert_not_final_benign,-1,dns,app_proto+port
2025-07-19T23:03:26.620882+0700,103.195.142.74,118.98.44.20,5963,53,UDP,dns,,1822247054162532,wire/pcap,0,0,0,0,0,0.0,0,0,0,none,0,none,0,0,0,no_alert_unknown,no_alert_not_final_benign,-1,dns,port
2025-07-19T23:03:26.628884+0700,103.195.142.75,8.8.8.8,44917,53,UDP,dns,,1856612907993410,wire/pcap,0,0,0,0,0,0.0,0,0,0,none,0,none,0,0,0,no_alert_unknown,no_alert_not_final_benign,-1,dns,port
2025-07-19T23:03:26.643832+0700,103.195.142.74,118.98.44.100,55947,53,UDP,dns,,1920814124093658,wire/pcap,0,0,0,0,0,0.0,0,0,0,none,0,none,0,0,0,no_alert_unknown,no_alert_not_final_benign,-1,dns,port
2025-07-19T23:03:26.649864+0700,103.195.142.109,87.98.154.189,53,56990,UDP,flow,failed,726225394448858,,1,1,0,1437,0,0.0,1,1437,0,none,0,none,0,0,0,no_alert_unknown,no_alert_not_final_benign,-1,dns,port
2025-07-19T23:03:26.649934+0700,103.195.142.3,13.105.166.76,53,15306,UDP,flow,failed,342314990680556,,1,1,0,197,0,0.0,1,197,0,none,0,none,0,0,0,no_alert_unknown,no_alert_not_final_benign,-1,dns,port
2025-07-19T23:03:26.649991+0700,103.195.142.75,8.8.8.8,25030,53,UDP,flow,dns,1542838314580484,,1,1,0,96,0,0.0,1,96,0,none,0,none,0,0,0,no_alert_unknown,no_alert_not_final_benign,-1,dns,app_proto+port
2025-07-19T23:03:26.650147+0700,103.195.142.74,118.98.44.20,62506,53,UDP,flow,dns,1467299159063157,,1,1,0,77,0,0.0,1,77,0,none,0,none,0,0,0,no_alert_unknown,no_alert_not_final_benign,-1,dns,app_proto+port
2025-07-19T23:03:26.650221+0700,103.195.142.3,208.67.217.161,53,34437,UDP,flow,failed,1087052660062874,,1,1,0,159,0,0.0,1,159,0,none,0,none,0,0,0,no_alert_unknown,no_alert_not_final_benign,-1,dns,port
2025-07-19T23:03:26.650276+0700,103.195.142.74,118.98.44.50,9705,53,UDP,flow,dns,718358345464503,,1,1,0,93,0,0.0,1,93,0,none,0,none,0,0,0,no_alert_unknown,no_alert_not_final_benign,-1,dns,app_proto+port
2025-07-19T23:03:26.650328+0700,103.195.142.74,118.98.44.100,16954,53,UDP,flow,dns,1122532638243515,,1,1,0,78,0,0.0,1,78,0,none,0,none,0,0,0,no_alert_unknown,no_alert_not_final_benign,-1,dns,app_proto+port
2025-07-19T23:03:26.650521+0700,103.195.142.74,118.98.44.50,5238,53,UDP,flow,dns,1583902172691293,,1,1,0,214,0,0.0,1,214,0,none,0,none,0,0,0,no_alert_unknown,no_alert_not_final_benign,-1,dns,app_proto+port
2025-07-19T23:03:26.650542+0700,103.195.142.74,202.134.0.155,27104,53,UDP,flow,dns,1291861470198626,,1,1,0,90,0,0.0,1,90,0,none,0,none,0,0,0,no_alert_unknown,no_alert_not_final_benign,-1,dns,app_proto+port
2025-07-19T23:03:26.650563+0700,103.195.142.76,87.98.154.22,53,47775,UDP,flow,failed,890220264012678,,1,1,0,1469,0,0.0,1,1469,0,none,0,none,0,0,0,no_alert_unknown,no_alert_not_final_benign,-1,dns,port
2025-07-19T23:03:26.650583+0700,103.195.142.74,118.98.44.20,19578,53,UDP,flow,dns,862474925947792,,1,1,0,74,0,0.0,1,74,0,none,0,none,0,0,0,no_alert_unknown,no_alert_not_final_benign,-1,dns,app_proto+port
2025-07-19T23:03:26.650604+0700,103.195.142.74,202.134.0.155,30273,53,UDP,flow,dns,570156554107801,,1,1,0,211,0,0.0,1,211,0,none,0,none,0,0,0,no_alert_unknown,no_alert_not_final_benign,-1,dns,app_proto+port
2025-07-19T23:03:26.650644+0700,103.195.142.46,87.98.154.71,53,34088,UDP,flow,failed,1652594366921627,,1,1,0,1437,0,0.0,1,1437,0,none,0,none,0,0,0,no_alert_unknown,no_alert_not_final_benign,-1,dns,port
2025-07-19T23:03:26.650686+0700,103.195.142.2,13.105.68.213,53,36301,UDP,flow,failed,1491018123557852,,1,1,0,181,0,0.0,1,181,0,none,0,none,0,0,0,no_alert_unknown,no_alert_not_final_benign,-1,dns,port
2025-07-19T23:03:26.650725+0700,103.195.142.195,87.98.154.119,53,35375,UDP,flow,failed,498629535185906,,1,1,0,1437,0,0.0,1,1437,0,none,0,none,0,0,0,no_alert_unknown,no_alert_not_final_benign,-1,dns,port
2025-07-19T23:03:26.650777+0700,103.195.142.74,202.134.0.155,45748,53,UDP,flow,dns,1617928344747034,,1,1,0,88,0,0.0,1,88,0,none,0,none,0,0,0,no_alert_unknown,no_alert_not_final_benign,-1,dns,app_proto+port
2025-07-19T23:03:26.650802+0700,103.195.142.74,118.98.44.100,12533,53,UDP,flow,dns,1124895957302381,,1,1,0,74,0,0.0,1,74,0,none,0,none,0,0,0,no_alert_unknown,no_alert_not_final_benign,-1,dns,app_proto+port
2025-07-19T23:03:26.650822+0700,103.195.142.46,87.98.154.235,53,22576,UDP,flow,failed,459860015299703,,1,1,0,1437,0,0.0,1,1437,0,none,0,none,0,0,0,no_alert_unknown,no_alert_not_final_benign,-1,dns,port
2025-07-19T23:03:26.650974+0700,103.195.142.109,87.98.154.249,53,64377,UDP,flow,failed,1579125193227453,,1,1,0,1437,0,0.0,1,1437,0,none,0,none,0,0,0,no_alert_unknown,no_alert_not_final_benign,-1,dns,port
2025-07-19T23:03:26.651077+0700,103.195.142.75,8.8.8.8,15082,53,UDP,flow,dns,857964183469328,,1,1,0,232,0,0.0,1,232,0,none,0,none,0,0,0,no_alert_unknown,no_alert_not_final_benign,-1,dns,app_proto+port
2025-07-19T23:03:26.651113+0700,103.195.142.74,118.98.44.20,64302,53,UDP,flow,dns,1115209528229181,,1,1,0,243,0,0.0,1,243,0,none,0,none,0,0,0,no_alert_unknown,no_alert_not_final_benign,-1,dns,app_proto+port
2025-07-19T23:03:26.651194+0700,103.195.142.195,87.98.154.119,53,49530,UDP,flow,failed,1687153052400974,,1,1,0,1437,0,0.0,1,1437,0,none,0,none,0,0,0,no_alert_unknown,no_alert_not_final_benign,-1,dns,port
2025-07-19T23:03:26.651215+0700,103.195.142.195,87.98.154.119,53,14883,UDP,flow,failed,281568592706902,,1,1,0,1437,0,0.0,1,1437,0,none,0,none,0,0,0,no_alert_unknown,no_alert_not_final_benign,-1,dns,port
2025-07-19T23:03:26.651235+0700,103.195.142.74,118.98.44.100,63222,53,UDP,flow,dns,1526442557357466,,1,1,0,223,0,0.0,1,223,0,none,0,none,0,0,0,no_alert_unknown,no_alert_not_final_benign,-1,dns,app_proto+port
2025-07-19T23:03:26.651258+0700,103.195.142.76,87.98.154.119,53,8323,UDP,flow,failed,1800007409974697,,1,1,0,1469,0,0.0,1,1469,0,none,0,none,0,0,0,no_alert_unknown,no_alert_not_final_benign,-1,dns,port
2025-07-19T23:03:26.651335+0700,103.195.142.74,118.98.44.100,12061,53,UDP,flow,dns,869038227570193,,1,1,0,78,0,0.0,1,78,0,none,0,none,0,0,0,no_alert_unknown,no_alert_not_final_benign,-1,dns,app_proto+port
2025-07-19T23:03:26.651355+0700,103.195.142.3,208.67.217.91,53,31135,UDP,flow,failed,1346611922583124,,1,1,0,132,0,0.0,1,132,0,none,0,none,0,0,0,no_alert_unknown,no_alert_not_final_benign,-1,dns,port
2025-07-19T23:03:26.651380+0700,103.195.142.74,118.98.44.50,21390,53,UDP,flow,dns,1449167677603416,,1,1,0,84,0,0.0,1,84,0,none,0,none,0,0,0,no_alert_unknown,no_alert_not_final_benign,-1,dns,app_proto+port
2025-07-19T23:03:26.651466+0700,103.195.142.74,118.98.44.50,55488,53,UDP,flow,dns,468112514793111,,1,1,0,214,0,0.0,1,214,0,none,0,none,0,0,0,no_alert_unknown,no_alert_not_final_benign,-1,dns,app_proto+port
2025-07-19T23:03:26.651652+0700,103.195.142.74,118.98.44.100,37925,53,UDP,flow,dns,1442681195183971,,1,1,0,74,0,0.0,1,74,0,none,0,none,0,0,0,no_alert_unknown,no_alert_not_final_benign,-1,dns,app_proto+port
2025-07-19T23:03:26.651710+0700,103.195.142.74,69.39.238.36,59604,53,UDP,flow,dns,1479066677723159,,1,1,0,74,0,0.0,1,74,0,none,0,none,0,0,0,no_alert_unknown,no_alert_not_final_benign,-1,dns,app_proto+port
2025-07-19T23:03:26.651777+0700,103.195.142.76,87.98.154.138,53,23339,UDP,flow,failed,1122776684150843,,1,3,0,4407,0,9.0,3,4407,0,none,0,none,0,0,0,no_alert_unknown,no_alert_not_final_benign,-1,dns,port
2025-07-19T23:03:26.651797+0700,103.195.142.46,87.98.154.135,53,25646,UDP,flow,failed,1726877907992690,,1,1,0,1437,0,0.0,1,1437,0,none,0,none,0,0,0,no_alert_unknown,no_alert_not_final_benign,-1,dns,port
2025-07-19T23:03:26.651837+0700,103.195.142.74,118.98.44.20,33110,53,UDP,flow,dns,1269329888067744,,1,1,0,74,0,0.0,1,74,0,none,0,none,0,0,0,no_alert_unknown,no_alert_not_final_benign,-1,dns,app_proto+port
2025-07-19T23:03:26.651857+0700,103.195.142.195,87.98.154.119,53,41553,UDP,flow,failed,1240606587535522,,1,1,0,1437,0,0.0,1,1437,0,none,0,none,0,0,0,no_alert_unknown,no_alert_not_final_benign,-1,dns,port
2025-07-19T23:03:26.651920+0700,103.195.142.195,87.98.154.64,53,5744,UDP,flow,failed,1664061602447601,,1,1,0,1437,0,0.0,1,1437,0,none,0,none,0,0,0,no_alert_unknown,no_alert_not_final_benign,-1,dns,port
2025-07-19T23:03:26.651938+0700,103.195.142.74,118.98.44.100,27995,53,UDP,flow,dns,393664250888448,,1,1,0,74,0,0.0,1,74,0,none,0,none,0,0,0,no_alert_unknown,no_alert_not_final_benign,-1,dns,app_proto+port
2025-07-19T23:03:26.651981+0700,103.195.142.74,202.134.0.155,25200,53,UDP,flow,dns,653921834090878,,1,1,0,214,0,0.0,1,214,0,none,0,none,0,0,0,no_alert_unknown,no_alert_not_final_benign,-1,dns,app_proto+port
2025-07-19T23:03:26.652000+0700,103.195.142.196,87.98.154.119,53,8875,UDP,flow,failed,1663585462567331,,1,1,0,1437,0,0.0,1,1437,0,none,0,none,0,0,0,no_alert_unknown,no_alert_not_final_benign,-1,dns,port
2025-07-19T23:03:26.652040+0700,103.195.142.196,87.98.154.119,53,62184,UDP,flow,failed,1029944836342288,,1,1,0,1437,0,0.0,1,1437,0,none,0,none,0,0,0,no_alert_unknown,no_alert_not_final_benign,-1,dns,port
2025-07-19T23:03:26.652120+0700,103.195.142.75,8.8.8.8,37595,53,UDP,flow,dns,1685426074141268,,1,1,0,77,0,0.0,1,77,0,none,0,none,0,0,0,no_alert_unknown,no_alert_not_final_benign,-1,dns,app_proto+port
2025-07-19T23:03:26.652141+0700,103.195.142.196,87.98.154.118,53,8722,UDP,flow,failed,1636625243947625,,1,1,0,1437,0,0.0,1,1437,0,none,0,none,0,0,0,no_alert_unknown,no_alert_not_final_benign,-1,dns,port
2025-07-19T23:03:26.652222+0700,103.195.142.74,118.98.44.20,2253,53,UDP,flow,dns,1090035499516535,,1,1,0,78,0,0.0,1,78,0,none,0,none,0,0,0,no_alert_unknown,no_alert_not_final_benign,-1,dns,app_proto+port
2025-07-19T23:03:26.652247+0700,103.195.142.83,87.98.154.117,53,44230,UDP,flow,failed,327606013575887,,1,1,0,1190,0,0.0,1,1190,0,none,0,none,0,0,0,no_alert_unknown,no_alert_not_final_benign,-1,dns,port
2025-07-19T23:03:26.652289+0700,103.195.142.83,87.98.154.119,53,37738,UDP,flow,failed,1825422973846306,,1,1,0,1190,0,0.0,1,1190,0,none,0,none,0,0,0,no_alert_unknown,no_alert_not_final_benign,-1,dns,port
2025-07-19T23:03:26.652350+0700,103.195.142.74,118.98.44.50,30145,53,UDP,flow,dns,1709644913886079,,1,1,0,68,0,0.0,1,68,0,none,0,none,0,0,0,no_alert_unknown,no_alert_not_final_benign,-1,dns,app_proto+port
2025-07-19T23:03:26.652399+0700,103.195.142.109,87.98.154.119,53,58632,UDP,flow,failed,1465820761932761,,1,1,0,1437,0,0.0,1,1437,0,none,0,none,0,0,0,no_alert_unknown,no_alert_not_final_benign,-1,dns,port
2025-07-19T23:03:26.652438+0700,103.195.142.76,87.98.154.119,53,13427,UDP,flow,failed,1728354185233428,,1,1,0,1469,0,0.0,1,1469,0,none,0,none,0,0,0,no_alert_unknown,no_alert_not_final_benign,-1,dns,port
2025-07-19T23:03:26.652456+0700,103.195.142.2,172.70.145.175,53,32684,UDP,flow,failed,1087046697600025,,1,1,0,129,0,0.0,1,129,0,none,0,none,0,0,0,no_alert_unknown,no_alert_not_final_benign,-1,dns,port
2025-07-19T23:03:26.652475+0700,103.195.142.46,87.98.154.247,53,36325,UDP,flow,failed,896578282767390,,1,1,0,1437,0,0.0,1,1437,0,none,0,none,0,0,0,no_alert_unknown,no_alert_not_final_benign,-1,dns,port
2025-07-19T23:03:26.652498+0700,103.195.142.195,87.98.154.204,53,46622,UDP,flow,failed,1065547794203687,,1,1,0,1437,0,0.0,1,1437,0,none,0,none,0,0,0,no_alert_unknown,no_alert_not_final_benign,-1,dns,port
2025-07-19T23:03:26.652517+0700,103.195.142.46,87.98.154.119,53,28056,UDP,flow,failed,869563141964846,,1,1,0,1437,0,0.0,1,1437,0,none,0,none,0,0,0,no_alert_unknown,no_alert_not_final_benign,-1,dns,port
2025-07-19T23:03:26.652554+0700,103.195.142.74,202.134.0.155,39943,53,UDP,flow,dns,1384642987410515,,1,1,0,83,0,0.0,1,83,0,none,0,none,0,0,0,no_alert_unknown,no_alert_not_final_benign,-1,dns,app_proto+port
2025-07-19T23:03:26.652595+0700,103.195.142.195,87.98.154.4,53,32671,UDP,flow,failed,478397339059333,,1,1,0,1437,0,0.0,1,1437,0,none,0,none,0,0,0,no_alert_unknown,no_alert_not_final_benign,-1,dns,port
2025-07-19T23:03:26.652613+0700,103.195.142.83,87.98.154.190,53,31336,UDP,flow,failed,1003839003018375,,1,1,0,1190,0,0.0,1,1190,0,none,0,none,0,0,0,no_alert_unknown,no_alert_not_final_benign,-1,dns,port
2025-07-19T23:03:26.652632+0700,103.195.142.74,118.98.44.100,25553,53,UDP,flow,dns,475910644483241,,1,1,0,74,0,0.0,1,74,0,none,0,none,0,0,0,no_alert_unknown,no_alert_not_final_benign,-1,dns,app_proto+port
2025-07-19T23:03:26.652657+0700,103.195.142.74,118.98.44.100,19879,53,UDP,flow,dns,1391110224331949,,1,1,0,79,0,0.0,1,79,0,none,0,none,0,0,0,no_alert_unknown,no_alert_not_final_benign,-1,dns,app_proto+port
2025-07-19T23:03:26.652722+0700,103.195.142.196,87.98.154.119,53,41043,UDP,flow,failed,1286201796773099,,1,1,0,1437,0,0.0,1,1437,0,none,0,none,0,0,0,no_alert_unknown,no_alert_not_final_benign,-1,dns,port
2025-07-19T23:03:26.652741+0700,103.195.142.46,87.98.154.79,53,35644,UDP,flow,failed,852529712055539,,1,1,0,1437,0,0.0,1,1437,0,none,0,none,0,0,0,no_alert_unknown,no_alert_not_final_benign,-1,dns,port
2025-07-19T23:03:26.652760+0700,103.195.142.109,87.98.154.118,53,33382,UDP,flow,failed,553207316989189,,1,1,0,1437,0,0.0,1,1437,0,none,0,none,0,0,0,no_alert_unknown,no_alert_not_final_benign,-1,dns,port
2025-07-19T23:03:26.652778+0700,103.195.142.83,87.98.154.118,53,4703,UDP,flow,failed,967265513817356,,1,1,0,1190,0,0.0,1,1190,0,none,0,none,0,0,0,no_alert_unknown,no_alert_not_final_benign,-1,dns,port
2025-07-19T23:03:26.652796+0700,103.195.142.83,87.98.154.119,53,26058,UDP,flow,failed,1876360832599327,,1,1,0,1190,0,0.0,1,1190,0,none,0,none,0,0,0,no_alert_unknown,no_alert_not_final_benign,-1,dns,port
2025-07-19T23:03:26.652866+0700,103.195.142.3,208.67.217.164,53,45571,UDP,flow,failed,1658847645910451,,1,1,0,159,0,0.0,1,159,0,none,0,none,0,0,0,no_alert_unknown,no_alert_not_final_benign,-1,dns,port
2025-07-19T23:03:26.652884+0700,103.195.142.74,118.98.44.50,43631,53,UDP,flow,dns,862540269667775,,1,1,0,102,0,0.0,1,102,0,none,0,none,0,0,0,no_alert_unknown,no_alert_not_final_benign,-1,dns,app_proto+port
2025-07-19T23:03:26.652904+0700,103.195.142.74,202.134.0.155,57582,53,UDP,flow,dns,1485357672744385,,1,1,0,91,0,0.0,1,91,0,none,0,none,0,0,0,no_alert_unknown,no_alert_not_final_benign,-1,dns,app_proto+port
2025-07-19T23:03:26.652924+0700,103.195.142.3,192.187.107.2,53,34241,UDP,flow,failed,1316655659795943,,1,1,0,163,0,0.0,1,163,0,none,0,none,0,0,0,no_alert_unknown,no_alert_not_final_benign,-1,dns,port
2025-07-19T23:03:26.652970+0700,103.195.142.74,118.98.44.100,58446,53,UDP,flow,dns,1015465294480982,,1,1,0,78,0,0.0,1,78,0,none,0,none,0,0,0,no_alert_unknown,no_alert_not_final_benign,-1,dns,app_proto+port
2025-07-19T23:03:26.652992+0700,103.195.142.74,118.98.44.20,20719,53,UDP,flow,dns,1616406650668635,,1,1,0,78,0,0.0,1,78,0,none,0,none,0,0,0,no_alert_unknown,no_alert_not_final_benign,-1,dns,app_proto+port
2025-07-19T23:03:26.653046+0700,103.195.142.195,87.98.154.236,53,17550,UDP,flow,failed,1238429705946970,,1,3,0,4311,0,10.0,3,4311,0,none,0,none,0,0,0,no_alert_unknown,no_alert_not_final_benign,-1,dns,port
2025-07-19T23:03:26.653087+0700,103.195.142.3,172.253.244.146,53,52553,UDP,flow,failed,1318281813411704,,1,1,0,202,0,0.0,1,202,0,none,0,none,0,0,0,no_alert_unknown,no_alert_not_final_benign,-1,dns,port
2025-07-19T23:03:26.653127+0700,103.195.142.75,8.8.8.8,6406,53,UDP,flow,dns,962501264197532,,1,1,0,68,0,0.0,1,68,0,none,0,none,0,0,0,no_alert_unknown,no_alert_not_final_benign,-1,dns,app_proto+port
2025-07-19T23:03:26.653171+0700,103.195.142.196,87.98.154.119,53,10242,UDP,flow,failed,695560208107574,,1,1,0,1437,0,0.0,1,1437,0,none,0,none,0,0,0,no_alert_unknown,no_alert_not_final_benign,-1,dns,port
2025-07-19T23:03:26.653191+0700,103.195.142.196,87.98.154.119,53,62442,UDP,flow,failed,688594666834080,,1,1,0,1437,0,0.0,1,1437,0,none,0,none,0,0,0,no_alert_unknown,no_alert_not_final_benign,-1,dns,port
2025-07-19T23:03:26.653284+0700,103.195.142.109,87.98.154.245,53,51364,UDP,flow,failed,931644908685498,,1,1,0,1437,0,0.0,1,1437,0,none,0,none,0,0,0,no_alert_unknown,no_alert_not_final_benign,-1,dns,port
2025-07-19T23:03:26.653303+0700,103.195.142.196,87.98.154.173,53,61022,UDP,flow,failed,1178973593127131,,1,3,0,4311,0,9.0,3,4311,0,none,0,none,0,0,0,no_alert_unknown,no_alert_not_final_benign,-1,dns,port
2025-07-19T23:03:26.653322+0700,103.195.142.83,87.98.154.98,53,34191,UDP,flow,failed,1400935878609149,,1,1,0,1190,0,0.0,1,1190,0,none,0,none,0,0,0,no_alert_unknown,no_alert_not_final_benign,-1,dns,port
2025-07-19T23:03:26.653378+0700,103.195.142.165,87.98.154.119,53,47252,UDP,flow,failed,972000869140862,,1,1,0,1437,0,0.0,1,1437,0,none,0,none,0,0,0,no_alert_unknown,no_alert_not_final_benign,-1,dns,port
2025-07-19T23:03:26.653397+0700,103.195.142.74,118.98.44.50,40011,53,UDP,flow,dns,1113441717307782,,1,1,0,68,0,0.0,1,68,0,none,0,none,0,0,0,no_alert_unknown,no_alert_not_final_benign,-1,dns,app_proto+port
2025-07-19T23:03:26.653444+0700,103.195.142.3,208.67.217.165,53,65389,UDP,flow,failed,1118034791680416,,1,1,0,132,0,0.0,1,132,0,none,0,none,0,0,0,no_alert_unknown,no_alert_not_final_benign,-1,dns,port
2025-07-19T23:03:26.653535+0700,103.195.142.75,8.8.8.8,43634,53,UDP,flow,dns,637116307130917,,1,2,0,456,0,4.0,2,456,0,none,0,none,0,0,0,no_alert_unknown,no_alert_not_final_benign,-1,dns,app_proto+port
2025-07-19T23:03:26.653615+0700,103.195.142.74,202.134.0.155,5804,53,UDP,flow,dns,694648244390516,,1,1,0,124,0,0.0,1,124,0,none,0,none,0,0,0,no_alert_unknown,no_alert_not_final_benign,-1,dns,app_proto+port
2025-07-19T23:03:26.653697+0700,103.195.142.76,87.98.154.214,53,59375,UDP,flow,failed,766981632936738,,1,1,0,1469,0,0.0,1,1469,0,none,0,none,0,0,0,no_alert_unknown,no_alert_not_final_benign,-1,dns,port
2025-07-19T23:03:26.653761+0700,103.195.142.74,118.98.44.50,33878,53,UDP,flow,dns,1447619278785383,,1,1,0,84,0,0.0,1,84,0,none,0,none,0,0,0,no_alert_unknown,no_alert_not_final_benign,-1,dns,app_proto+port
2025-07-19T23:03:26.653782+0700,103.195.142.2,13.105.164.204,53,40216,UDP,flow,failed,1491110282906542,,1,1,0,181,0,0.0,1,181,0,none,0,none,0,0,0,no_alert_unknown,no_alert_not_final_benign,-1,dns,port
2025-07-19T23:03:26.653800+0700,103.195.142.2,208.67.217.168,53,40632,UDP,flow,failed,878070097431476,,1,1,0,132,0,0.0,1,132,0,none,0,none,0,0,0,no_alert_unknown,no_alert_not_final_benign,-1,dns,port
2025-07-19T23:03:26.653840+0700,103.195.142.165,87.98.154.119,53,26854,UDP,flow,failed,1881425100721201,,1,1,0,1437,0,0.0,1,1437,0,none,0,none,0,0,0,no_alert_unknown,no_alert_not_final_benign,-1,dns,port
2025-07-19T23:03:26.653859+0700,103.195.142.46,87.98.154.119,53,1324,UDP,flow,failed,1631001850334358,,1,1,0,1437,0,0.0,1,1437,0,none,0,none,0,0,0,no_alert_unknown,no_alert_not_final_benign,-1,dns,port
2025-07-19T23:03:26.653877+0700,103.195.142.76,87.98.154.118,53,20690,UDP,flow,failed,1028413482454174,,1,1,0,1469,0,0.0,1,1469,0,none,0,none,0,0,0,no_alert_unknown,no_alert_not_final_benign,-1,dns,port
2025-07-19T23:03:26.653903+0700,103.195.142.195,87.98.154.232,53,18750,UDP,flow,failed,587404552293663,,1,1,0,1437,0,0.0,1,1437,0,none,0,none,0,0,0,no_alert_unknown,no_alert_not_final_benign,-1,dns,port
2025-07-19T23:03:26.653947+0700,103.195.142.83,87.98.154.119,53,41505,UDP,flow,failed,881546287959413,,1,1,0,1190,0,0.0,1,1190,0,none,0,none,0,0,0,no_alert_unknown,no_alert_not_final_benign,-1,dns,port
2025-07-19T23:03:26.653965+0700,103.195.142.83,87.98.154.119,53,56499,UDP,flow,failed,949058764262790,,1,1,0,1190,0,0.0,1,1190,0,none,0,none,0,0,0,no_alert_unknown,no_alert_not_final_benign,-1,dns,port
2025-07-19T23:03:26.653984+0700,103.195.142.46,87.98.154.135,53,48579,UDP,flow,failed,1879557913824711,,1,1,0,1437,0,0.0,1,1437,0,none,0,none,0,0,0,no_alert_unknown,no_alert_not_final_benign,-1,dns,port
2025-07-19T23:03:26.654002+0700,103.195.142.3,208.67.217.169,53,12341,UDP,flow,failed,916755336121806,,1,1,0,175,0,0.0,1,175,0,none,0,none,0,0,0,no_alert_unknown,no_alert_not_final_benign,-1,dns,port
2025-07-19T23:03:26.654026+0700,103.195.142.75,8.8.8.8,59019,53,UDP,flow,dns,809025612140018,,1,1,0,243,0,0.0,1,243,0,none,0,none,0,0,0,no_alert_unknown,no_alert_not_final_benign,-1,dns,app_proto+port
2025-07-19T23:03:26.654047+0700,103.195.142.195,87.98.154.28,53,1456,UDP,flow,failed,1592561330736651,,1,1,0,1437,0,0.0,1,1437,0,none,0,none,0,0,0,no_alert_unknown,no_alert_not_final_benign,-1,dns,port
2025-07-19T23:03:26.654066+0700,103.195.142.196,87.98.154.119,53,16845,UDP,flow,failed,882615586770473,,1,1,0,1437,0,0.0,1,1437,0,none,0,none,0,0,0,no_alert_unknown,no_alert_not_final_benign,-1,dns,port
2025-07-19T23:03:26.654085+0700,103.195.142.3,208.67.217.162,53,31510,UDP,flow,failed,837463317859915,,1,1,0,132,0,0.0,1,132,0,none,0,none,0,0,0,no_alert_unknown,no_alert_not_final_benign,-1,dns,port
2025-07-19T23:03:26.654138+0700,103.195.142.109,87.98.154.221,53,53232,UDP,flow,failed,1657501514911357,,1,1,0,1437,0,0.0,1,1437,0,none,0,none,0,0,0,no_alert_unknown,no_alert_not_final_benign,-1,dns,port
2025-07-19T23:03:26.654206+0700,103.195.142.31,8.8.8.8,30584,53,UDP,flow,dns,1018034892426913,,1,2,0,291,0,0.0,2,291,0,none,0,none,0,0,0,no_alert_unknown,no_alert_not_final_benign,-1,dns,app_proto+port
2025-07-19T23:03:26.654249+0700,103.195.142.195,87.98.154.108,53,9471,UDP,flow,failed,991974508580611,,1,1,0,1437,0,0.0,1,1437,0,none,0,none,0,0,0,no_alert_unknown,no_alert_not_final_benign,-1,dns,port
2025-07-19T23:03:26.654267+0700,103.195.142.75,8.8.8.8,37651,53,UDP,flow,dns,1395513150459692,,1,1,0,77,0,0.0,1,77,0,none,0,none,0,0,0,no_alert_unknown,no_alert_not_final_benign,-1,dns,app_proto+port
2025-07-19T23:03:26.654306+0700,103.195.142.195,87.98.154.119,53,8498,UDP,flow,failed,826404166619063,,1,1,0,1437,0,0.0,1,1437,0,none,0,none,0,0,0,no_alert_unknown,no_alert_not_final_benign,-1,dns,port
2025-07-19T23:03:26.654324+0700,103.195.142.195,87.98.154.92,53,6634,UDP,flow,failed,710763718234051,,1,1,0,1437,0,0.0,1,1437,0,none,0,none,0,0,0,no_alert_unknown,no_alert_not_final_benign,-1,dns,port
2025-07-19T23:03:26.654367+0700,103.195.142.3,208.67.217.170,53,7395,UDP,flow,failed,1613847307866115,,1,1,0,132,0,0.0,1,132,0,none,0,none,0,0,0,no_alert_unknown,no_alert_not_final_benign,-1,dns,port
2025-07-19T23:03:26.654386+0700,103.195.142.76,87.98.154.119,53,7044,UDP,flow,failed,1652106380365865,,1,1,0,1469,0,0.0,1,1469,0,none,0,none,0,0,0,no_alert_unknown,no_alert_not_final_benign,-1,dns,port
2025-07-19T23:03:26.654405+0700,103.195.142.2,208.67.217.170,53,2041,UDP,flow,failed,1689902607487034,,1,1,0,132,0,0.0,1,132,0,none,0,none,0,0,0,no_alert_unknown,no_alert_not_final_benign,-1,dns,port
2025-07-19T23:03:26.654423+0700,103.195.142.165,87.98.154.237,53,18807,UDP,flow,failed,1514921806057557,,1,1,0,1437,0,0.0,1,1437,0,none,0,none,0,0,0,no_alert_unknown,no_alert_not_final_benign,-1,dns,port
2025-07-19T23:03:26.654465+0700,103.195.142.165,87.98.154.121,53,29291,UDP,flow,failed,1543453580578981,,1,1,0,1437,0,0.0,1,1437,0,none,0,none,0,0,0,no_alert_unknown,no_alert_not_final_benign,-1,dns,port
2025-07-19T23:03:26.654512+0700,103.195.142.46,87.98.154.119,53,45909,UDP,flow,failed,1427035141230781,,1,1,0,1437,0,0.0,1,1437,0,none,0,none,0,0,0,no_alert_unknown,no_alert_not_final_benign,-1,dns,port
2025-07-19T23:03:26.654556+0700,103.195.142.74,118.98.44.50,9447,53,UDP,flow,dns,846369314951418,,1,1,0,110,0,0.0,1,110,0,none,0,none,0,0,0,no_alert_unknown,no_alert_not_final_benign,-1,dns,app_proto+port
2025-07-19T23:03:26.654576+0700,103.195.142.2,13.105.80.81,53,46959,UDP,flow,failed,848935805768013,,1,1,0,181,0,0.0,1,181,0,none,0,none,0,0,0,no_alert_unknown,no_alert_not_final_benign,-1,dns,port
2025-07-19T23:03:26.654600+0700,103.195.142.76,87.98.154.119,53,48813,UDP,flow,failed,686252760224147,,1,1,0,1469,0,0.0,1,1469,0,none,0,none,0,0,0,no_alert_unknown,no_alert_not_final_benign,-1,dns,port
2025-07-19T23:03:26.654619+0700,103.195.142.74,69.39.238.36,30597,53,UDP,flow,dns,1536473335714274,,1,1,0,85,0,0.0,1,85,0,none,0,none,0,0,0,no_alert_unknown,no_alert_not_final_benign,-1,dns,app_proto+port
2025-07-19T23:03:26.654639+0700,103.195.142.196,87.98.154.119,53,52845,UDP,flow,failed,833437991490080,,1,1,0,1437,0,0.0,1,1437,0,none,0,none,0,0,0,no_alert_unknown,no_alert_not_final_benign,-1,dns,port
2025-07-19T23:03:26.654676+0700,103.195.142.74,118.98.44.20,12549,53,UDP,flow,dns,1736054941668006,,1,1,0,91,0,0.0,1,91,0,none,0,none,0,0,0,no_alert_unknown,no_alert_not_final_benign,-1,dns,app_proto+port
2025-07-19T23:03:26.654696+0700,103.195.142.74,118.98.44.50,13528,53,UDP,flow,dns,592038562615975,,1,1,0,68,0,0.0,1,68,0,none,0,none,0,0,0,no_alert_unknown,no_alert_not_final_benign,-1,dns,app_proto+port
2025-07-19T23:03:26.654736+0700,103.195.142.31,8.8.8.8,55388,53,UDP,flow,dns,1868128086250276,,1,1,0,86,0,0.0,1,86,0,none,0,none,0,0,0,no_alert_unknown,no_alert_not_final_benign,-1,dns,app_proto+port
2025-07-19T23:03:26.654776+0700,103.195.142.195,87.98.154.176,53,5619,UDP,flow,failed,861357589320489,,1,1,0,1437,0,0.0,1,1437,0,none,0,none,0,0,0,no_alert_unknown,no_alert_not_final_benign,-1,dns,port
2025-07-19T23:03:26.654813+0700,103.195.142.165,87.98.154.85,53,64029,UDP,flow,failed,1018443861054271,,1,1,0,1437,0,0.0,1,1437,0,none,0,none,0,0,0,no_alert_unknown,no_alert_not_final_benign,-1,dns,port
2025-07-19T23:03:26.654877+0700,103.195.142.74,118.98.44.100,5233,53,UDP,flow,dns,1475282578428806,,1,1,0,88,0,0.0,1,88,0,none,0,none,0,0,0,no_alert_unknown,no_alert_not_final_benign,-1,dns,app_proto+port
2025-07-19T23:03:26.654897+0700,103.195.142.46,87.98.154.119,53,63655,UDP,flow,failed,1479979467133854,,1,1,0,1437,0,0.0,1,1437,0,none,0,none,0,0,0,no_alert_unknown,no_alert_not_final_benign,-1,dns,port
2025-07-19T23:03:26.654922+0700,103.195.142.74,118.98.44.50,22619,53,UDP,flow,dns,1632898067059649,,1,1,0,243,0,0.0,1,243,0,none,0,none,0,0,0,no_alert_unknown,no_alert_not_final_benign,-1,dns,app_proto+port
2025-07-19T23:03:26.654942+0700,103.195.142.83,87.98.154.119,53,46944,UDP,flow,failed,1265218475119606,,1,1,0,1190,0,0.0,1,1190,0,none,0,none,0,0,0,no_alert_unknown,no_alert_not_final_benign,-1,dns,port
2025-07-19T23:03:26.654982+0700,103.195.142.74,118.98.44.50,40995,53,UDP,flow,dns,1040834135184428,,1,1,0,78,0,0.0,1,78,0,none,0,none,0,0,0,no_alert_unknown,no_alert_not_final_benign,-1,dns,app_proto+port
2025-07-19T23:03:26.655025+0700,103.195.142.83,87.98.154.119,53,2843,UDP,flow,failed,1424465588376746,,1,1,0,1190,0,0.0,1,1190,0,none,0,none,0,0,0,no_alert_unknown,no_alert_not_final_benign,-1,dns,port
2025-07-19T23:03:26.655117+0700,103.195.142.46,87.98.154.163,53,22932,UDP,flow,failed,1598217848345997,,1,1,0,1437,0,0.0,1,1437,0,none,0,none,0,0,0,no_alert_unknown,no_alert_not_final_benign,-1,dns,port
2025-07-19T23:03:26.655159+0700,103.195.142.74,118.98.44.100,39819,53,UDP,flow,dns,1256194688079333,,1,1,0,134,0,0.0,1,134,0,none,0,none,0,0,0,no_alert_unknown,no_alert_not_final_benign,-1,dns,app_proto+port
2025-07-19T23:03:26.655179+0700,103.195.142.75,45.79.197.241,33917,53,UDP,flow,dns,1049672804324846,,1,1,0,74,0,0.0,1,74,0,none,0,none,0,0,0,no_alert_unknown,no_alert_not_final_benign,-1,dns,app_proto+port
2025-07-19T23:03:26.655194+0700,103.195.142.76,87.98.154.222,53,5901,UDP,flow,failed,1378726006674930,,1,1,0,1469,0,0.0,1,1469,0,none,0,none,0,0,0,no_alert_unknown,no_alert_not_final_benign,-1,dns,port
2025-07-19T23:03:26.655208+0700,103.195.142.109,87.98.154.217,53,54353,UDP,flow,failed,826557606516240,,1,1,0,1437,0,0.0,1,1437,0,none,0,none,0,0,0,no_alert_unknown,no_alert_not_final_benign,-1,dns,port
2025-07-19T23:03:26.655223+0700,103.195.142.83,87.98.154.14,53,37188,UDP,flow,failed,1942791120868892,,1,1,0,1190,0,0.0,1,1190,0,none,0,none,0,0,0,no_alert_unknown,no_alert_not_final_benign,-1,dns,port
2025-07-19T23:03:26.655237+0700,103.195.142.74,118.98.44.50,61427,53,UDP,flow,dns,908065273599591,,1,1,0,86,0,0.0,1,86,0,none,0,none,0,0,0,no_alert_unknown,no_alert_not_final_benign,-1,dns,app_proto+port
2025-07-19T23:03:26.655286+0700,103.195.142.74,118.98.44.100,22017,53,UDP,flow,dns,1394666936981180,,1,1,0,80,0,0.0,1,80,0,none,0,none,0,0,0,no_alert_unknown,no_alert_not_final_benign,-1,dns,app_proto+port
2025-07-19T23:03:26.655305+0700,103.195.142.3,180.241.27.253,53,20814,UDP,flow,failed,1385995687024330,,1,1,0,138,0,0.0,1,138,0,none,0,none,0,0,0,no_alert_unknown,no_alert_not_final_benign,-1,dns,port
2025-07-19T23:03:26.655319+0700,103.195.142.74,118.98.44.20,5176,53,UDP,flow,dns,1381186855491299,,1,1,0,89,0,0.0,1,89,0,none,0,none,0,0,0,no_alert_unknown,no_alert_not_final_benign,-1,dns,app_proto+port
2025-07-19T23:03:26.655335+0700,103.195.142.196,87.98.154.221,53,18298,UDP,flow,failed,1401098334361316,,1,1,0,1437,0,0.0,1,1437,0,none,0,none,0,0,0,no_alert_unknown,no_alert_not_final_benign,-1,dns,port
2025-07-19T23:03:26.655349+0700,103.195.142.195,87.98.154.148,53,12763,UDP,flow,failed,1423677871544059,,1,1,0,1437,0,0.0,1,1437,0,none,0,none,0,0,0,no_alert_unknown,no_alert_not_final_benign,-1,dns,port
2025-07-19T23:03:26.655363+0700,103.195.142.195,87.98.154.4,53,6728,UDP,flow,failed,758227934304017,,1,1,0,1437,0,0.0,1,1437,0,none,0,none,0,0,0,no_alert_unknown,no_alert_not_final_benign,-1,dns,port
2025-07-19T23:03:26.655395+0700,103.195.142.76,87.98.154.119,53,33012,UDP,flow,failed,997938254239523,,1,1,0,1469,0,0.0,1,1469,0,none,0,none,0,0,0,no_alert_unknown,no_alert_not_final_benign,-1,dns,port
2025-07-19T23:03:26.655410+0700,103.195.142.109,87.98.154.49,53,42747,UDP,flow,failed,1045481809368917,,1,3,0,4311,0,9.0,3,4311,0,none,0,none,0,0,0,no_alert_unknown,no_alert_not_final_benign,-1,dns,port
2025-07-19T23:03:26.655428+0700,103.195.142.165,87.98.154.119,53,45743,UDP,flow,failed,1671078783735639,,1,1,0,1437,0,0.0,1,1437,0,none,0,none,0,0,0,no_alert_unknown,no_alert_not_final_benign,-1,dns,port
2025-07-19T23:03:26.655495+0700,103.195.142.31,8.8.8.8,36049,53,UDP,flow,dns,1888655554107454,,1,1,0,86,0,0.0,1,86,0,none,0,none,0,0,0,no_alert_unknown,no_alert_not_final_benign,-1,dns,app_proto+port
2025-07-19T23:03:26.655533+0700,103.195.142.195,87.98.154.119,53,8445,UDP,flow,failed,629347680704617,,1,1,0,1437,0,0.0,1,1437,0,none,0,none,0,0,0,no_alert_unknown,no_alert_not_final_benign,-1,dns,port
2025-07-19T23:03:26.655547+0700,103.195.142.109,87.98.154.125,53,30473,UDP,flow,failed,565347685554291,,1,1,0,1437,0,0.0,1,1437,0,none,0,none,0,0,0,no_alert_unknown,no_alert_not_final_benign,-1,dns,port
2025-07-19T23:03:26.655562+0700,103.195.142.3,208.67.217.161,53,48418,UDP,flow,failed,1071288305375349,,1,1,0,159,0,0.0,1,159,0,none,0,none,0,0,0,no_alert_unknown,no_alert_not_final_benign,-1,dns,port
2025-07-19T23:03:26.655609+0700,103.195.142.74,202.134.0.155,35220,53,UDP,flow,dns,1838609733638388,,1,1,0,74,0,0.0,1,74,0,none,0,none,0,0,0,no_alert_unknown,no_alert_not_final_benign,-1,dns,app_proto+port
2025-07-19T23:03:26.655625+0700,103.195.142.46,87.98.154.119,53,37053,UDP,flow,failed,780055502510380,,1,1,0,1437,0,0.0,1,1437,0,none,0,none,0,0,0,no_alert_unknown,no_alert_not_final_benign,-1,dns,port
2025-07-19T23:03:26.655640+0700,103.195.142.74,202.134.0.155,48419,53,UDP,flow,dns,818422252099932,,1,1,0,132,0,0.0,1,132,0,none,0,none,0,0,0,no_alert_unknown,no_alert_not_final_benign,-1,dns,app_proto+port
2025-07-19T23:03:26.655659+0700,103.195.142.74,118.98.44.20,46260,53,UDP,flow,dns,1020742461741480,,1,1,0,223,0,0.0,1,223,0,none,0,none,0,0,0,no_alert_unknown,no_alert_not_final_benign,-1,dns,app_proto+port
2025-07-19T23:03:26.655763+0700,103.195.142.165,87.98.154.119,53,48745,UDP,flow,failed,1407279090227903,,1,1,0,1437,0,0.0,1,1437,0,none,0,none,0,0,0,no_alert_unknown,no_alert_not_final_benign,-1,dns,port
2025-07-19T23:03:26.655777+0700,103.195.142.74,202.134.0.155,24991,53,UDP,flow,dns,1112187388091099,,1,1,0,83,0,0.0,1,83,0,none,0,none,0,0,0,no_alert_unknown,no_alert_not_final_benign,-1,dns,app_proto+port
2025-07-19T23:03:26.655793+0700,103.195.142.196,87.98.154.249,53,36655,UDP,flow,failed,865291574238076,,1,1,0,1437,0,0.0,1,1437,0,none,0,none,0,0,0,no_alert_unknown,no_alert_not_final_benign,-1,dns,port
2025-07-19T23:03:26.655807+0700,103.195.142.76,87.98.154.222,53,51648,UDP,flow,failed,1611213438245761,,1,1,0,1469,0,0.0,1,1469,0,none,0,none,0,0,0,no_alert_unknown,no_alert_not_final_benign,-1,dns,port
2025-07-19T23:03:26.655822+0700,103.195.142.2,74.63.24.236,53,41307,UDP,flow,failed,927885121280995,,1,1,0,154,0,0.0,1,154,0,none,0,none,0,0,0,no_alert_unknown,no_alert_not_final_benign,-1,dns,port
2025-07-19T23:03:26.655836+0700,103.195.142.46,87.98.154.119,53,46018,UDP,flow,failed,1386197353421849,,1,1,0,1437,0,0.0,1,1437,0,none,0,none,0,0,0,no_alert_unknown,no_alert_not_final_benign,-1,dns,port
2025-07-19T23:03:26.655922+0700,103.195.142.195,87.98.154.120,53,50119,UDP,flow,failed,206283567652055,,1,3,0,4311,0,10.0,3,4311,0,none,0,none,0,0,0,no_alert_unknown,no_alert_not_final_benign,-1,dns,port
2025-07-19T23:03:26.655980+0700,103.195.142.46,87.98.154.119,53,41474,UDP,flow,failed,1866845714242994,,1,1,0,1437,0,0.0,1,1437,0,none,0,none,0,0,0,no_alert_unknown,no_alert_not_final_benign,-1,dns,port
2025-07-19T23:03:26.655998+0700,103.195.142.74,202.134.0.155,13969,53,UDP,flow,dns,1340955869306294,,1,1,0,79,0,0.0,1,79,0,none,0,none,0,0,0,no_alert_unknown,no_alert_not_final_benign,-1,dns,app_proto+port
2025-07-19T23:03:26.656046+0700,103.195.142.109,87.98.154.119,53,63417,UDP,flow,failed,1467958733102786,,1,1,0,1437,0,0.0,1,1437,0,none,0,none,0,0,0,no_alert_unknown,no_alert_not_final_benign,-1,dns,port
2025-07-19T23:03:26.656060+0700,103.195.142.76,87.98.154.119,53,35239,UDP,flow,failed,1280906498203381,,1,1,0,1469,0,0.0,1,1469,0,none,0,none,0,0,0,no_alert_unknown,no_alert_not_final_benign,-1,dns,port
2025-07-19T23:03:26.656074+0700,103.195.142.46,87.98.154.119,53,43708,UDP,flow,failed,1059260001017630,,1,1,0,1437,0,0.0,1,1437,0,none,0,none,0,0,0,no_alert_unknown,no_alert_not_final_benign,-1,dns,port
2025-07-19T23:03:26.656114+0700,103.195.142.3,74.63.24.236,53,61701,UDP,flow,failed,1070798985027432,,1,1,0,154,0,0.0,1,154,0,none,0,none,0,0,0,no_alert_unknown,no_alert_not_final_benign,-1,dns,port
2025-07-19T23:03:26.656133+0700,103.195.142.31,8.8.8.8,41064,53,UDP,flow,dns,1809348522205049,,1,1,0,143,0,0.0,1,143,0,none,0,none,0,0,0,no_alert_unknown,no_alert_not_final_benign,-1,dns,app_proto+port
2025-07-19T23:03:26.656149+0700,103.195.142.74,118.98.44.50,50631,53,UDP,flow,dns,736647560552331,,1,1,0,108,0,0.0,1,108,0,none,0,none,0,0,0,no_alert_unknown,no_alert_not_final_benign,-1,dns,app_proto+port
2025-07-19T23:03:26.656164+0700,103.195.142.3,208.67.217.170,53,7041,UDP,flow,failed,1695523309805458,,1,1,0,175,0,0.0,1,175,0,none,0,none,0,0,0,no_alert_unknown,no_alert_not_final_benign,-1,dns,port
2025-07-19T23:03:26.656178+0700,103.195.142.165,87.98.154.233,53,40956,UDP,flow,failed,663887822970840,,1,1,0,1437,0,0.0,1,1437,0,none,0,none,0,0,0,no_alert_unknown,no_alert_not_final_benign,-1,dns,port
2025-07-19T23:03:26.656192+0700,103.195.142.46,87.98.154.19,53,36504,UDP,flow,failed,1046144572907567,,1,1,0,1437,0,0.0,1,1437,0,none,0,none,0,0,0,no_alert_unknown,no_alert_not_final_benign,-1,dns,port
2025-07-19T23:03:26.656207+0700,103.195.142.46,87.98.154.79,53,25091,UDP,flow,failed,902914242240560,,1,3,0,4311,0,10.0,3,4311,0,none,0,none,0,0,0,no_alert_unknown,no_alert_not_final_benign,-1,dns,port
2025-07-19T23:03:26.656221+0700,103.195.142.196,87.98.154.119,53,3858,UDP,flow,failed,1135186805317723,,1,1,0,1437,0,0.0,1,1437,0,none,0,none,0,0,0,no_alert_unknown,no_alert_not_final_benign,-1,dns,port
2025-07-19T23:03:26.656270+0700,103.195.142.165,87.98.154.119,53,42129,UDP,flow,failed,1650516477010105,,1,1,0,1437,0,0.0,1,1437,0,none,0,none,0,0,0,no_alert_unknown,no_alert_not_final_benign,-1,dns,port
2025-07-19T23:03:26.656300+0700,103.195.142.76,87.98.154.158,53,14097,UDP,flow,failed,1217418582024432,,1,1,0,1469,0,0.0,1,1469,0,none,0,none,0,0,0,no_alert_unknown,no_alert_not_final_benign,-1,dns,port
2025-07-19T23:03:26.656314+0700,103.195.142.46,87.98.154.191,53,32722,UDP,flow,failed,1271023668355327,,1,1,0,1437,0,0.0,1,1437,0,none,0,none,0,0,0,no_alert_unknown,no_alert_not_final_benign,-1,dns,port
2025-07-19T23:03:26.656345+0700,103.195.142.165,87.98.154.119,53,20135,UDP,flow,failed,823383028261216,,1,1,0,1437,0,0.0,1,1437,0,none,0,none,0,0,0,no_alert_unknown,no_alert_not_final_benign,-1,dns,port
2025-07-19T23:03:26.656359+0700,103.195.142.74,202.134.0.155,32055,53,UDP,flow,dns,722863159828838,,1,1,0,232,0,0.0,1,232,0,none,0,none,0,0,0,no_alert_unknown,no_alert_not_final_benign,-1,dns,app_proto+port
2025-07-19T23:03:26.656378+0700,103.195.142.3,93.17.128.193,53,45599,UDP,flow,failed,1744666804019593,,1,1,0,602,0,0.0,1,602,0,none,0,none,0,0,0,no_alert_unknown,no_alert_not_final_benign,-1,dns,port
2025-07-19T23:03:26.656392+0700,103.195.142.76,87.98.154.119,53,50645,UDP,flow,failed,1497202443542958,,1,1,0,1469,0,0.0,1,1469,0,none,0,none,0,0,0,no_alert_unknown,no_alert_not_final_benign,-1,dns,port
2025-07-19T23:03:26.656423+0700,103.195.142.109,87.98.154.119,53,55419,UDP,flow,failed,907287854899688,,1,1,0,1437,0,0.0,1,1437,0,none,0,none,0,0,0,no_alert_unknown,no_alert_not_final_benign,-1,dns,port
2025-07-19T23:03:26.656437+0700,103.195.142.75,8.8.8.8,34156,53,UDP,flow,dns,1505286207300089,,1,1,0,109,0,0.0,1,109,0,none,0,none,0,0,0,no_alert_unknown,no_alert_not_final_benign,-1,dns,app_proto+port
2025-07-19T23:03:26.656453+0700,103.195.142.3,208.67.217.169,53,57810,UDP,flow,failed,1243805571670588,,1,1,0,159,0,0.0,1,159,0,none,0,none,0,0,0,no_alert_unknown,no_alert_not_final_benign,-1,dns,port
2025-07-19T23:03:26.656467+0700,103.195.142.74,202.134.0.155,18662,53,UDP,flow,dns,1256432029721165,,1,1,0,88,0,0.0,1,88,0,none,0,none,0,0,0,no_alert_unknown,no_alert_not_final_benign,-1,dns,app_proto+port
2025-07-19T23:03:26.656553+0700,103.195.142.83,87.98.154.119,53,4620,UDP,flow,failed,803686349202277,,1,1,0,1190,0,0.0,1,1190,0,none,0,none,0,0,0,no_alert_unknown,no_alert_not_final_benign,-1,dns,port
2025-07-19T23:03:26.656567+0700,103.195.142.83,87.98.154.22,53,8853,UDP,flow,failed,1386667656340367,,1,3,0,3570,0,10.0,3,3570,0,none,0,none,0,0,0,no_alert_unknown,no_alert_not_final_benign,-1,dns,port
2025-07-19T23:03:26.656581+0700,103.195.142.75,208.74.124.194,48538,53,UDP,flow,dns,1737348545766304,,1,1,0,88,0,0.0,1,88,0,none,0,none,0,0,0,no_alert_unknown,no_alert_not_final_benign,-1,dns,app_proto+port
2025-07-19T23:03:26.656618+0700,103.195.142.165,87.98.154.9,53,62642,UDP,flow,failed,1255239770104756,,1,3,0,4311,0,9.0,3,4311,0,none,0,none,0,0,0,no_alert_unknown,no_alert_not_final_benign,-1,dns,port
2025-07-19T23:03:26.656633+0700,103.195.142.74,118.98.44.50,34857,53,UDP,flow,dns,1260904705745990,,1,1,0,223,0,0.0,1,223,0,none,0,none,0,0,0,no_alert_unknown,no_alert_not_final_benign,-1,dns,app_proto+port
2025-07-19T23:03:26.656649+0700,103.195.142.74,118.98.44.100,43828,53,UDP,flow,dns,1418887221535841,,1,1,0,80,0,0.0,1,80,0,none,0,none,0,0,0,no_alert_unknown,no_alert_not_final_benign,-1,dns,app_proto+port
2025-07-19T23:03:26.656664+0700,103.195.142.2,208.67.217.171,53,15198,UDP,flow,failed,1487683125568765,,1,1,0,175,0,0.0,1,175,0,none,0,none,0,0,0,no_alert_unknown,no_alert_not_final_benign,-1,dns,port
2025-07-19T23:03:26.656678+0700,103.195.142.165,87.98.154.81,53,11442,UDP,flow,failed,1148887321076993,,1,1,0,1437,0,0.0,1,1437,0,none,0,none,0,0,0,no_alert_unknown,no_alert_not_final_benign,-1,dns,port
2025-07-19T23:03:26.656693+0700,103.195.142.74,202.134.0.155,37244,53,UDP,flow,dns,745124005340434,,1,1,0,81,0,0.0,1,81,0,none,0,none,0,0,0,no_alert_unknown,no_alert_not_final_benign,-1,dns,app_proto+port
2025-07-19T23:03:26.656708+0700,103.195.142.74,202.134.0.155,44217,53,UDP,flow,dns,1272348353422642,,1,1,0,74,0,0.0,1,74,0,none,0,none,0,0,0,no_alert_unknown,no_alert_not_final_benign,-1,dns,app_proto+port
2025-07-19T23:03:26.656723+0700,103.195.142.2,74.63.24.236,53,32498,UDP,flow,failed,982858473006408,,1,1,0,154,0,0.0,1,154,0,none,0,none,0,0,0,no_alert_unknown,no_alert_not_final_benign,-1,dns,port
2025-07-19T23:03:26.656741+0700,103.195.142.109,87.98.154.21,53,14049,UDP,flow,failed,1319177633523021,,1,1,0,1437,0,0.0,1,1437,0,none,0,none,0,0,0,no_alert_unknown,no_alert_not_final_benign,-1,dns,port
2025-07-19T23:03:26.656755+0700,103.195.142.46,87.98.154.119,53,7065,UDP,flow,failed,916847280383351,,1,1,0,1437,0,0.0,1,1437,0,none,0,none,0,0,0,no_alert_unknown,no_alert_not_final_benign,-1,dns,port
2025-07-19T23:03:26.656813+0700,103.195.142.74,118.98.44.50,55435,53,UDP,flow,dns,1312019396289994,,1,2,0,204,0,8.0,2,204,0,none,0,none,0,0,0,no_alert_unknown,no_alert_not_final_benign,-1,dns,app_proto+port
2025-07-19T23:03:26.656829+0700,103.195.142.74,118.98.44.50,64521,53,UDP,flow,dns,1574043978622442,,1,1,0,68,0,0.0,1,68,0,none,0,none,0,0,0,no_alert_unknown,no_alert_not_final_benign,-1,dns,app_proto+port
2025-07-19T23:03:26.656859+0700,103.195.142.3,13.105.68.207,53,42403,UDP,flow,failed,1937444416448004,,1,1,0,135,0,0.0,1,135,0,none,0,none,0,0,0,no_alert_unknown,no_alert_not_final_benign,-1,dns,port
2025-07-19T23:03:26.656881+0700,103.195.142.83,87.98.154.119,53,38143,UDP,flow,failed,949675527235134,,1,1,0,1190,0,0.0,1,1190,0,none,0,none,0,0,0,no_alert_unknown,no_alert_not_final_benign,-1,dns,port
2025-07-19T23:03:26.656898+0700,103.195.142.74,118.98.44.100,4081,53,UDP,flow,dns,1224182098028150,,1,1,0,89,0,0.0,1,89,0,none,0,none,0,0,0,no_alert_unknown,no_alert_not_final_benign,-1,dns,app_proto+port
2025-07-19T23:03:26.656913+0700,103.195.142.83,87.98.154.119,53,54540,UDP,flow,failed,1832862238697083,,1,1,0,1190,0,0.0,1,1190,0,none,0,none,0,0,0,no_alert_unknown,no_alert_not_final_benign,-1,dns,port
2025-07-19T23:03:26.656929+0700,103.195.142.109,87.98.154.119,53,40825,UDP,flow,failed,1614112042641025,,1,1,0,1437,0,0.0,1,1437,0,none,0,none,0,0,0,no_alert_unknown,no_alert_not_final_benign,-1,dns,port
2025-07-19T23:03:26.656978+0700,103.195.142.165,87.98.154.233,53,42051,UDP,flow,failed,882152230086401,,1,1,0,1437,0,0.0,1,1437,0,none,0,none,0,0,0,no_alert_unknown,no_alert_not_final_benign,-1,dns,port
2025-07-19T23:03:26.657010+0700,103.195.142.196,87.98.154.85,53,6674,UDP,flow,failed,891930471622477,,1,1,0,1437,0,0.0,1,1437,0,none,0,none,0,0,0,no_alert_unknown,no_alert_not_final_benign,-1,dns,port
2025-07-19T23:03:26.657096+0700,103.195.142.74,118.98.44.20,14641,53,UDP,flow,dns,1378804731930764,,1,1,0,70,0,0.0,1,70,0,none,0,none,0,0,0,no_alert_unknown,no_alert_not_final_benign,-1,dns,app_proto+port
2025-07-19T23:03:26.657121+0700,103.195.142.196,87.98.154.85,53,37115,UDP,flow,failed,1249790705264823,,1,1,0,1437,0,0.0,1,1437,0,none,0,none,0,0,0,no_alert_unknown,no_alert_not_final_benign,-1,dns,port
2025-07-19T23:03:26.657135+0700,103.195.142.74,69.39.238.36,42656,53,UDP,flow,dns,1769096529045723,,1,1,0,91,0,0.0,1,91,0,none,0,none,0,0,0,no_alert_unknown,no_alert_not_final_benign,-1,dns,app_proto+port
2025-07-19T23:03:26.657151+0700,103.195.142.108,8.8.8.8,29847,53,UDP,flow,dns,1049114669213925,,1,1,0,68,0,0.0,1,68,0,none,0,none,0,0,0,no_alert_unknown,no_alert_not_final_benign,-1,dns,app_proto+port
2025-07-19T23:03:26.657167+0700,103.195.142.165,87.98.154.65,53,34567,UDP,flow,failed,664126486079750,,1,1,0,1437,0,0.0,1,1437,0,none,0,none,0,0,0,no_alert_unknown,no_alert_not_final_benign,-1,dns,port
2025-07-19T23:03:26.657181+0700,103.195.142.46,87.98.154.207,53,16843,UDP,flow,failed,752129597892892,,1,1,0,1437,0,0.0,1,1437,0,none,0,none,0,0,0,no_alert_unknown,no_alert_not_final_benign,-1,dns,port
2025-07-19T23:03:26.657200+0700,103.195.142.195,87.98.154.152,53,59860,UDP,flow,failed,2020733680478512,,1,1,0,1437,0,0.0,1,1437,0,none,0,none,0,0,0,no_alert_unknown,no_alert_not_final_benign,-1,dns,port
2025-07-19T23:03:26.657246+0700,103.195.142.74,202.134.0.155,3940,53,UDP,flow,dns,1952549399423347,,1,1,0,80,0,0.0,1,80,0,none,0,none,0,0,0,no_alert_unknown,no_alert_not_final_benign,-1,dns,app_proto+port
2025-07-19T23:03:26.657276+0700,103.195.142.196,87.98.154.119,53,33523,UDP,flow,failed,1830325709695390,,1,1,0,1437,0,0.0,1,1437,0,none,0,none,0,0,0,no_alert_unknown,no_alert_not_final_benign,-1,dns,port
2025-07-19T23:03:26.670288+0700,103.195.142.74,202.134.0.155,22911,53,UDP,dns,,1752967264589625,wire/pcap,0,0,0,0,0,0.0,0,0,0,none,0,none,0,0,0,no_alert_unknown,no_alert_not_final_benign,-1,dns,port
2025-07-19T23:03:26.670439+0700,103.195.142.74,118.98.44.50,27785,53,UDP,dns,,1753617209302433,wire/pcap,0,0,0,0,0,0.0,0,0,0,none,0,none,0,0,0,no_alert_unknown,no_alert_not_final_benign,-1,dns,port
2025-07-19T23:03:26.670454+0700,103.195.142.74,118.98.44.100,38183,53,UDP,dns,,1753679728482560,wire/pcap,0,0,0,0,0,0.0,0,0,0,none,0,none,0,0,0,no_alert_unknown,no_alert_not_final_benign,-1,dns,port
2025-07-19T23:03:26.687726+0700,103.195.142.74,118.98.44.100,19929,53,UDP,dns,,1827864388062591,wire/pcap,0,0,0,0,0,0.0,0,0,0,none,0,none,0,0,0,no_alert_unknown,no_alert_not_final_benign,-1,dns,port
2025-07-19T23:03:26.687902+0700,103.195.142.75,8.8.8.8,44120,53,UDP,dns,,1828617462279902,wire/pcap,0,0,0,0,0,0.0,0,0,0,none,0,none,0,0,0,no_alert_unknown,no_alert_not_final_benign,-1,dns,port
2025-07-19T23:03:26.715833+0700,103.195.142.74,118.98.44.100,1875,53,UDP,dns,,1948579676631585,wire/pcap,0,0,0,0,0,0.0,0,0,0,none,0,none,0,0,0,no_alert_unknown,no_alert_not_final_benign,-1,dns,port
2025-07-19T23:03:26.716053+0700,103.195.142.74,118.98.44.100,31529,53,UDP,flow,dns,2129655173296673,,1,1,0,223,0,0.0,1,223,0,none,0,none,0,0,0,no_alert_unknown,no_alert_not_final_benign,-1,dns,app_proto+port
2025-07-19T23:03:26.829485+0700,103.195.142.109,87.98.154.49,53,17737,UDP,flow,failed,2122751757358422,,1,1,0,1437,0,0.0,1,1437,0,none,0,none,0,0,0,no_alert_unknown,no_alert_not_final_benign,-1,dns,port
2025-07-19T23:03:26.838559+0700,103.195.142.74,202.134.0.155,25150,53,UDP,dns,,1912734126120589,wire/pcap,0,0,0,0,0,0.0,0,0,0,none,0,none,0,0,0,no_alert_unknown,no_alert_not_final_benign,-1,dns,port
2025-07-19T23:03:26.842291+0700,103.195.142.46,87.98.154.79,53,44261,UDP,flow,failed,1734230898467055,,1,1,0,1437,0,0.0,1,1437,0,none,0,none,0,0,0,no_alert_unknown,no_alert_not_final_benign,-1,dns,port
2025-07-19T23:03:26.857287+0700,103.195.142.74,118.98.44.50,16472,53,UDP,dns,,1711696808249917,wire/pcap,0,0,0,0,0,0.0,0,0,0,none,0,none,0,0,0,no_alert_unknown,no_alert_not_final_benign,-1,dns,port
2025-07-19T23:03:26.863664+0700,103.195.142.74,202.134.0.155,49776,53,UDP,dns,,1739085119821812,wire/pcap,0,0,0,0,0,0.0,0,0,0,none,0,none,0,0,0,no_alert_unknown,no_alert_not_final_benign,-1,dns,port
2025-07-19T23:03:26.867614+0700,103.195.142.74,118.98.44.20,28871,53,UDP,dns,,1756049870089348,wire/pcap,0,0,0,0,0,0.0,0,0,0,none,0,none,0,0,0,no_alert_unknown,no_alert_not_final_benign,-1,dns,port
2025-07-19T23:03:26.875000+0700,103.195.142.74,118.98.44.20,64195,53,UDP,dns,,1787774583085497,wire/pcap,0,0,0,0,0,0.0,0,0,0,none,0,none,0,0,0,no_alert_unknown,no_alert_not_final_benign,-1,dns,port
2025-07-19T23:03:26.897788+0700,103.195.142.196,87.98.154.201,53,50425,UDP,flow,failed,1946897013297255,,1,1,0,1437,0,0.0,1,1437,0,none,0,none,0,0,0,no_alert_unknown,no_alert_not_final_benign,-1,dns,port
2025-07-19T23:03:26.925363+0700,103.195.142.108,8.8.8.8,1900,53,UDP,dns,,1216074754602613,wire/pcap,0,0,0,0,0,0.0,0,0,0,none,0,none,0,0,0,no_alert_unknown,no_alert_not_final_benign,-1,dns,port
2025-07-19T23:03:26.972296+0700,103.195.142.75,8.8.8.8,3137,53,UDP,dns,,1924183613386832,wire/pcap,0,0,0,0,0,0.0,0,0,0,none,0,none,0,0,0,no_alert_unknown,no_alert_not_final_benign,-1,dns,port
2025-07-19T23:03:26.997204+0700,103.195.142.74,118.98.44.50,21575,53,UDP,dns,,1749686611440047,wire/pcap,0,0,0,0,0,0.0,0,0,0,none,0,none,0,0,0,no_alert_unknown,no_alert_not_final_benign,-1,dns,port
2025-07-19T23:03:26.997287+0700,103.195.142.74,118.98.44.20,59193,53,UDP,dns,,1750041456942260,wire/pcap,0,0,0,0,0,0.0,0,0,0,none,0,none,0,0,0,no_alert_unknown,no_alert_not_final_benign,-1,dns,port
2025-07-19T23:03:26.997364+0700,103.195.142.74,118.98.44.100,7363,53,UDP,dns,,1750373318574000,wire/pcap,0,0,0,0,0,0.0,0,0,0,none,0,none,0,0,0,no_alert_unknown,no_alert_not_final_benign,-1,dns,port
2025-07-19T23:03:26.997457+0700,103.195.142.75,8.8.8.8,50869,53,UDP,dns,,1750773333836245,wire/pcap,0,0,0,0,0,0.0,0,0,0,none,0,none,0,0,0,no_alert_unknown,no_alert_not_final_benign,-1,dns,port
2025-07-19T23:03:27.014755+0700,103.195.142.74,202.134.0.155,6920,53,UDP,dns,,2033701102521596,wire/pcap,0,0,0,0,0,0.0,0,0,0,none,0,none,0,0,0,no_alert_unknown,no_alert_not_final_benign,-1,dns,port
2025-07-19T23:03:27.014981+0700,103.195.142.74,202.134.0.155,45495,53,UDP,dns,,2034671600479714,wire/pcap,0,0,0,0,0,0.0,0,0,0,none,0,none,0,0,0,no_alert_unknown,no_alert_not_final_benign,-1,dns,port
2025-07-19T23:03:27.019627+0700,103.195.142.74,50.28.104.44,53434,53,UDP,dns,,2054626118642965,wire/pcap,0,0,0,0,0,0.0,0,0,0,none,0,none,0,0,0,no_alert_unknown,no_alert_not_final_benign,-1,dns,port
2025-07-19T23:03:27.020982+0700,103.195.142.74,118.98.44.50,12765,53,UDP,dns,,2060444254689880,wire/pcap,0,0,0,0,0,0.0,0,0,0,none,0,none,0,0,0,no_alert_unknown,no_alert_not_final_benign,-1,dns,port
2025-07-19T23:03:27.028294+0700,103.195.142.74,202.134.0.155,5532,53,UDP,dns,,2091850875200972,wire/pcap,0,0,0,0,0,0.0,0,0,0,none,0,none,0,0,0,no_alert_unknown,no_alert_not_final_benign,-1,dns,port
2025-07-19T23:03:27.044178+0700,103.195.142.74,118.98.44.20,7598,53,UDP,dns,,2160070358456309,wire/pcap,0,0,0,0,0,0.0,0,0,0,none,0,none,0,0,0,no_alert_unknown,no_alert_not_final_benign,-1,dns,port
2025-07-19T23:03:27.057407+0700,103.195.142.75,8.8.8.8,48676,53,UDP,dns,,2216889233227204,wire/pcap,0,0,0,0,0,0.0,0,0,0,none,0,none,0,0,0,no_alert_unknown,no_alert_not_final_benign,-1,dns,port
2025-07-19T23:03:27.057542+0700,103.195.142.74,118.98.44.50,58121,53,UDP,dns,,2217465978673105,wire/pcap,0,0,0,0,0,0.0,0,0,0,none,0,none,0,0,0,no_alert_unknown,no_alert_not_final_benign,-1,dns,port
2025-07-19T23:03:27.057591+0700,103.195.142.74,202.134.0.155,16601,53,UDP,dns,,2217678770890351,wire/pcap,0,0,0,0,0,0.0,0,0,0,none,0,none,0,0,0,no_alert_unknown,no_alert_not_final_benign,-1,dns,port
2025-07-19T23:03:27.057780+0700,103.195.142.74,118.98.44.50,43831,53,UDP,dns,,2218491930471116,wire/pcap,0,0,0,0,0,0.0,0,0,0,none,0,none,0,0,0,no_alert_unknown,no_alert_not_final_benign,-1,dns,port
2025-07-19T23:03:27.067045+0700,103.195.142.74,118.98.44.100,27698,53,UDP,dns,,1976808074063433,wire/pcap,0,0,0,0,0,0.0,0,0,0,none,0,none,0,0,0,no_alert_unknown,no_alert_not_final_benign,-1,dns,port
2025-07-19T23:03:27.069232+0700,103.195.142.74,118.98.44.20,42075,53,UDP,flow,dns,1157051319208021,,1,1,0,223,0,0.0,1,223,0,none,0,none,0,0,0,no_alert_unknown,no_alert_not_final_benign,-1,dns,app_proto+port
2025-07-19T23:03:27.072155+0700,103.195.142.74,118.98.44.100,53153,53,UDP,dns,,1998757096975445,wire/pcap,0,0,0,0,0,0.0,0,0,0,none,0,none,0,0,0,no_alert_unknown,no_alert_not_final_benign,-1,dns,port
2025-07-19T23:03:27.075458+0700,103.195.142.75,69.39.238.37,37850,53,UDP,dns,,2012941096665419,wire/pcap,0,0,0,0,0,0.0,0,0,0,none,0,none,0,0,0,no_alert_unknown,no_alert_not_final_benign,-1,dns,port
2025-07-19T23:03:27.091151+0700,103.195.142.74,202.134.0.155,42066,53,UDP,dns,,2080341869223186,wire/pcap,0,0,0,0,0,0.0,0,0,0,none,0,none,0,0,0,no_alert_unknown,no_alert_not_final_benign,-1,dns,port
2025-07-19T23:03:27.091252+0700,103.195.142.74,118.98.44.50,20231,53,UDP,dns,,2080777247680885,wire/pcap,0,0,0,0,0,0.0,0,0,0,none,0,none,0,0,0,no_alert_unknown,no_alert_not_final_benign,-1,dns,port
2025-07-19T23:03:27.095839+0700,103.195.142.74,202.134.0.155,3636,53,UDP,dns,,2100475334012723,wire/pcap,0,0,0,0,0,0.0,0,0,0,none,0,none,0,0,0,no_alert_unknown,no_alert_not_final_benign,-1,dns,port
2025-07-19T23:03:27.103012+0700,103.195.142.74,118.98.44.20,32106,53,UDP,dns,,2131285238213094,wire/pcap,0,0,0,0,0,0.0,0,0,0,none,0,none,0,0,0,no_alert_unknown,no_alert_not_final_benign,-1,dns,port
2025-07-19T23:03:27.103200+0700,103.195.142.74,118.98.44.20,54510,53,UDP,dns,,2132094366137707,wire/pcap,0,0,0,0,0,0.0,0,0,0,none,0,none,0,0,0,no_alert_unknown,no_alert_not_final_benign,-1,dns,port
2025-07-19T23:03:27.107700+0700,103.195.142.75,69.39.238.37,18453,53,UDP,dns,,2151421982520448,wire/pcap,0,0,0,0,0,0.0,0,0,0,none,0,none,0,0,0,no_alert_unknown,no_alert_not_final_benign,-1,dns,port
2025-07-19T23:03:27.127006+0700,103.195.142.74,118.98.44.50,45520,53,UDP,dns,,2234338408855921,wire/pcap,0,0,0,0,0,0.0,0,0,0,none,0,none,0,0,0,no_alert_unknown,no_alert_not_final_benign,-1,dns,port
2025-07-19T23:03:27.153188+0700,103.195.142.74,118.98.44.50,2701,53,UDP,dns,,2065314996329869,wire/pcap,0,0,0,0,0,0.0,0,0,0,none,0,none,0,0,0,no_alert_unknown,no_alert_not_final_benign,-1,dns,port
2025-07-19T23:03:27.195616+0700,103.195.142.74,34.8.38.57,52752,53,UDP,dns,,2247543361129305,wire/pcap,0,0,0,0,0,0.0,0,0,0,none,0,none,0,0,0,no_alert_unknown,no_alert_not_final_benign,-1,dns,port
2025-07-19T23:03:27.197642+0700,103.195.142.74,118.98.44.100,56282,53,UDP,dns,,1974768446263803,wire/pcap,0,0,0,0,0,0.0,0,0,0,none,0,none,0,0,0,no_alert_unknown,no_alert_not_final_benign,-1,dns,port
2025-07-19T23:03:27.210830+0700,103.195.142.74,202.134.0.155,13372,53,UDP,dns,,2031411550510648,wire/pcap,0,0,0,0,0,0.0,0,0,0,none,0,none,0,0,0,no_alert_unknown,no_alert_not_final_benign,-1,dns,port
2025-07-19T23:03:27.222038+0700,103.195.142.74,34.8.196.142,18605,53,UDP,dns,,2079548361095443,wire/pcap,0,0,0,0,0,0.0,0,0,0,none,0,none,0,0,0,no_alert_unknown,no_alert_not_final_benign,-1,dns,port
2025-07-19T23:03:27.248647+0700,103.195.142.75,8.8.8.8,41297,53,UDP,dns,,2193832517502127,wire/pcap,0,0,0,0,0,0.0,0,0,0,none,0,none,0,0,0,no_alert_unknown,no_alert_not_final_benign,-1,dns,port
2025-07-19T23:03:27.269246+0700,103.195.142.74,118.98.44.100,65092,53,UDP,dns,,2000828394195936,wire/pcap,0,0,0,0,0,0.0,0,0,0,none,0,none,0,0,0,no_alert_unknown,no_alert_not_final_benign,-1,dns,port
2025-07-19T23:03:27.269322+0700,103.195.142.74,118.98.44.20,64440,53,UDP,dns,,2001157311950512,wire/pcap,0,0,0,0,0,0.0,0,0,0,none,0,none,0,0,0,no_alert_unknown,no_alert_not_final_benign,-1,dns,port
2025-07-19T23:03:27.298057+0700,103.195.142.75,69.39.238.37,58137,53,UDP,dns,,2124573324489428,wire/pcap,0,0,0,0,0,0.0,0,0,0,none,0,none,0,0,0,no_alert_unknown,no_alert_not_final_benign,-1,dns,port
2025-07-19T23:03:27.311303+0700,103.195.142.74,118.98.44.20,15233,53,UDP,dns,,2181464144862787,wire/pcap,0,0,0,0,0,0.0,0,0,0,none,0,none,0,0,0,no_alert_unknown,no_alert_not_final_benign,-1,dns,port
2025-07-19T23:03:27.320474+0700,103.195.142.74,118.98.44.50,58721,53,UDP,dns,,2220851246504920,wire/pcap,0,0,0,0,0,0.0,0,0,0,none,0,none,0,0,0,no_alert_unknown,no_alert_not_final_benign,-1,dns,port
2025-07-19T23:03:27.326040+0700,103.195.142.74,118.98.44.20,37920,53,UDP,dns,,2244758725581382,wire/pcap,0,0,0,0,0,0.0,0,0,0,none,0,none,0,0,0,no_alert_unknown,no_alert_not_final_benign,-1,dns,port
2025-07-19T23:03:27.357272+0700,103.195.142.196,87.98.154.229,53,32493,UDP,flow,failed,145048916949913,,1,1,0,1437,0,0.0,1,1437,0,none,0,none,0,0,0,no_alert_unknown,no_alert_not_final_benign,-1,dns,port
2025-07-19T23:03:27.357495+0700,103.195.142.74,118.98.44.100,36400,53,UDP,dns,,2098381399512643,wire/pcap,0,0,0,0,0,0.0,0,0,0,none,0,none,0,0,0,no_alert_unknown,no_alert_not_final_benign,-1,dns,port
2025-07-19T23:03:27.390489+0700,103.195.142.74,118.98.44.20,6097,53,UDP,dns,,2240088369803583,wire/pcap,0,0,0,0,0,0.0,0,0,0,none,0,none,0,0,0,no_alert_unknown,no_alert_not_final_benign,-1,dns,port
2025-07-19T23:03:27.420680+0700,103.195.142.75,8.8.8.8,21960,53,UDP,dns,,2088284422557396,wire/pcap,0,0,0,0,0,0.0,0,0,0,none,0,none,0,0,0,no_alert_unknown,no_alert_not_final_benign,-1,dns,port
2025-07-19T23:03:27.420863+0700,103.195.142.74,118.98.44.50,31725,53,UDP,dns,,2089068545158714,wire/pcap,0,0,0,0,0,0.0,0,0,0,none,0,none,0,0,0,no_alert_unknown,no_alert_not_final_benign,-1,dns,port
2025-07-19T23:03:27.450347+0700,103.195.142.75,8.8.8.8,33353,53,UDP,dns,,2215704600184497,wire/pcap,0,0,0,0,0,0.0,0,0,0,none,0,none,0,0,0,no_alert_unknown,no_alert_not_final_benign,-1,dns,port
2025-07-19T23:03:27.457165+0700,103.195.142.74,118.98.44.100,42209,53,UDP,dns,,2244987900705500,wire/pcap,0,0,0,0,0,0.0,0,0,0,none,0,none,0,0,0,no_alert_unknown,no_alert_not_final_benign,-1,dns,port
2025-07-19T23:03:27.496070+0700,103.195.142.75,8.8.8.8,38452,53,UDP,dns,,2130606980371621,wire/pcap,0,0,0,0,0,0.0,0,0,0,none,0,none,0,0,0,no_alert_unknown,no_alert_not_final_benign,-1,dns,port
2025-07-19T23:03:27.504884+0700,103.195.142.74,185.67.45.232,6107,53,UDP,dns,,2168463931524840,wire/pcap,0,0,0,0,0,0.0,0,0,0,none,0,none,0,0,0,no_alert_unknown,no_alert_not_final_benign,-1,dns,port
2025-07-19T23:03:27.518852+0700,103.195.142.74,118.98.44.100,12255,53,UDP,dns,,2228455674307521,wire/pcap,0,0,0,0,0,0.0,0,0,0,none,0,none,0,0,0,no_alert_unknown,no_alert_not_final_benign,-1,dns,port
2025-07-19T23:03:27.519057+0700,103.195.142.74,202.134.0.155,34506,53,UDP,dns,,2229336218179546,wire/pcap,0,0,0,0,0,0.0,0,0,0,none,0,none,0,0,0,no_alert_unknown,no_alert_not_final_benign,-1,dns,port
2025-07-19T23:03:27.522931+0700,103.195.142.74,118.98.44.100,34864,53,UDP,dns,,2245973018317280,wire/pcap,0,0,0,0,0,0.0,0,0,0,none,0,none,0,0,0,no_alert_unknown,no_alert_not_final_benign,-1,dns,port
2025-07-19T23:03:27.557995+0700,103.195.142.74,185.67.45.231,42666,53,UDP,dns,,2115098688538998,wire/pcap,0,0,0,0,0,0.0,0,0,0,none,0,none,0,0,0,no_alert_unknown,no_alert_not_final_benign,-1,dns,port
2025-07-19T23:03:27.561795+0700,103.195.142.74,118.98.44.100,56735,53,UDP,dns,,2131419317631366,wire/pcap,0,0,0,0,0,0.0,0,0,0,none,0,none,0,0,0,no_alert_unknown,no_alert_not_final_benign,-1,dns,port
2025-07-19T23:03:27.589800+0700,103.195.142.75,8.8.8.8,7803,53,UDP,dns,,2251700572078320,wire/pcap,0,0,0,0,0,0.0,0,0,0,none,0,none,0,0,0,no_alert_unknown,no_alert_not_final_benign,-1,dns,port
2025-07-19T23:03:27.608106+0700,103.195.142.74,118.98.44.100,47990,53,UDP,dns,,2048845800564025,wire/pcap,0,0,0,0,0,0.0,0,0,0,none,0,none,0,0,0,no_alert_unknown,no_alert_not_final_benign,-1,dns,port
2025-07-19T23:03:27.608156+0700,103.195.142.74,118.98.44.100,1485,53,UDP,dns,,1737875674940932,wire/pcap,0,0,0,0,0,0.0,0,0,0,none,0,none,0,0,0,no_alert_unknown,no_alert_not_final_benign,-1,dns,port
2025-07-19T23:03:27.616475+0700,103.195.142.75,8.8.8.8,15404,53,UDP,dns,,2084792385058447,wire/pcap,0,0,0,0,0,0.0,0,0,0,none,0,none,0,0,0,no_alert_unknown,no_alert_not_final_benign,-1,dns,port
2025-07-19T23:03:27.620589+0700,103.195.142.75,69.39.238.37,25207,53,UDP,dns,,2102462402174010,wire/pcap,0,0,0,0,0,0.0,0,0,0,none,0,none,0,0,0,no_alert_unknown,no_alert_not_final_benign,-1,dns,port
2025-07-19T23:03:27.643326+0700,103.195.142.2,108.136.122.64,53,5776,UDP,flow,failed,2217842008975982,,1,1,0,127,0,0.0,1,127,0,none,0,none,0,0,0,no_alert_unknown,no_alert_not_final_benign,-1,dns,port
2025-07-19T23:03:27.643396+0700,103.195.142.165,87.98.154.119,53,21258,UDP,flow,failed,871131073669772,,1,1,0,1437,0,0.0,1,1437,0,none,0,none,0,0,0,no_alert_unknown,no_alert_not_final_benign,-1,dns,port
2025-07-19T23:03:27.643552+0700,103.195.142.165,87.98.154.233,53,27595,UDP,flow,failed,772624910117679,,1,1,0,1437,0,0.0,1,1437,0,none,0,none,0,0,0,no_alert_unknown,no_alert_not_final_benign,-1,dns,port
2025-07-19T23:03:27.643571+0700,103.195.142.165,87.98.154.37,53,32914,UDP,flow,failed,2053228292401994,,1,1,0,1437,0,0.0,1,1437,0,none,0,none,0,0,0,no_alert_unknown,no_alert_not_final_benign,-1,dns,port
2025-07-19T23:03:27.643600+0700,103.195.142.109,87.98.154.161,53,44636,UDP,flow,failed,1671081710447477,,1,1,0,1437,0,0.0,1,1437,0,none,0,none,0,0,0,no_alert_unknown,no_alert_not_final_benign,-1,dns,port
2025-07-19T23:03:27.643746+0700,103.195.142.165,87.98.154.119,53,9101,UDP,flow,failed,1426702395763618,,1,1,0,1437,0,0.0,1,1437,0,none,0,none,0,0,0,no_alert_unknown,no_alert_not_final_benign,-1,dns,port
2025-07-19T23:03:27.643973+0700,103.195.142.46,87.98.154.219,53,49090,UDP,flow,failed,1339111346007071,,1,1,0,1437,0,0.0,1,1437,0,none,0,none,0,0,0,no_alert_unknown,no_alert_not_final_benign,-1,dns,port
2025-07-19T23:03:27.644001+0700,103.195.142.109,87.98.154.97,53,48614,UDP,flow,failed,1102886873787444,,1,1,0,1437,0,0.0,1,1437,0,none,0,none,0,0,0,no_alert_unknown,no_alert_not_final_benign,-1,dns,port
2025-07-19T23:03:27.644021+0700,103.195.142.83,87.98.154.78,53,24644,UDP,flow,failed,1098712741833814,,1,1,0,1190,0,0.0,1,1190,0,none,0,none,0,0,0,no_alert_unknown,no_alert_not_final_benign,-1,dns,port
2025-07-19T23:03:27.644039+0700,103.195.142.75,8.8.8.8,25012,53,UDP,flow,dns,1585600545352794,,1,2,0,450,0,5.0,2,450,0,none,0,none,0,0,0,no_alert_unknown,no_alert_not_final_benign,-1,dns,app_proto+port
2025-07-19T23:03:27.644061+0700,103.195.142.165,87.98.154.65,53,9141,UDP,flow,failed,2048945405357168,,1,1,0,1437,0,0.0,1,1437,0,none,0,none,0,0,0,no_alert_unknown,no_alert_not_final_benign,-1,dns,port
2025-07-19T23:03:27.644080+0700,103.195.142.109,87.98.154.249,53,26502,UDP,flow,failed,1131536306400390,,1,3,0,4311,0,10.0,3,4311,0,none,0,none,0,0,0,no_alert_unknown,no_alert_not_final_benign,-1,dns,port
2025-07-19T23:03:27.644164+0700,103.195.142.75,8.8.8.8,12746,53,UDP,flow,dns,979069577260209,,1,1,0,74,0,0.0,1,74,0,none,0,none,0,0,0,no_alert_unknown,no_alert_not_final_benign,-1,dns,app_proto+port
2025-07-19T23:03:27.644190+0700,103.195.142.74,118.98.44.50,2911,53,UDP,flow,dns,1294742707039411,,1,1,0,86,0,0.0,1,86,0,none,0,none,0,0,0,no_alert_unknown,no_alert_not_final_benign,-1,dns,app_proto+port
2025-07-19T23:03:27.644226+0700,103.195.142.76,87.98.154.110,53,19703,UDP,flow,failed,1188975421287615,,1,1,0,1469,0,0.0,1,1469,0,none,0,none,0,0,0,no_alert_unknown,no_alert_not_final_benign,-1,dns,port
2025-07-19T23:03:27.644248+0700,103.195.142.74,118.98.44.20,3906,53,UDP,flow,dns,1210437590314183,,1,1,0,139,0,0.0,1,139,0,none,0,none,0,0,0,no_alert_unknown,no_alert_not_final_benign,-1,dns,app_proto+port
2025-07-19T23:03:27.644279+0700,103.195.142.46,87.98.154.219,53,22636,UDP,flow,failed,1472268906065145,,1,1,0,1437,0,0.0,1,1437,0,none,0,none,0,0,0,no_alert_unknown,no_alert_not_final_benign,-1,dns,port
2025-07-19T23:03:27.644303+0700,103.195.142.165,87.98.154.119,53,42442,UDP,flow,failed,1130053178027440,,1,1,0,1437,0,0.0,1,1437,0,none,0,none,0,0,0,no_alert_unknown,no_alert_not_final_benign,-1,dns,port
2025-07-19T23:03:27.644346+0700,103.195.142.76,87.98.154.250,53,56421,UDP,flow,failed,1118274779344435,,1,1,0,1469,0,0.0,1,1469,0,none,0,none,0,0,0,no_alert_unknown,no_alert_not_final_benign,-1,dns,port
2025-07-19T23:03:27.644370+0700,103.195.142.74,118.98.44.50,51627,53,UDP,flow,dns,922727701933629,,1,1,0,85,0,0.0,1,85,0,none,0,none,0,0,0,no_alert_unknown,no_alert_not_final_benign,-1,dns,app_proto+port
2025-07-19T23:03:27.644412+0700,103.195.142.74,118.98.44.50,46039,53,UDP,flow,dns,1131869291867770,,1,1,0,77,0,0.0,1,77,0,none,0,none,0,0,0,no_alert_unknown,no_alert_not_final_benign,-1,dns,app_proto+port
2025-07-19T23:03:27.644456+0700,103.195.142.76,87.98.154.119,53,27382,UDP,flow,failed,1097496493092494,,1,1,0,1469,0,0.0,1,1469,0,none,0,none,0,0,0,no_alert_unknown,no_alert_not_final_benign,-1,dns,port
2025-07-19T23:03:27.644502+0700,103.195.142.46,87.98.154.47,53,52827,UDP,flow,failed,833489040371405,,1,1,0,1437,0,0.0,1,1437,0,none,0,none,0,0,0,no_alert_unknown,no_alert_not_final_benign,-1,dns,port
2025-07-19T23:03:27.644521+0700,103.195.142.195,87.98.154.92,53,63495,UDP,flow,failed,1761436023647966,,1,1,0,1437,0,0.0,1,1437,0,none,0,none,0,0,0,no_alert_unknown,no_alert_not_final_benign,-1,dns,port
2025-07-19T23:03:27.644539+0700,103.195.142.46,87.98.154.23,53,61534,UDP,flow,failed,1419862297800441,,1,1,0,1437,0,0.0,1,1437,0,none,0,none,0,0,0,no_alert_unknown,no_alert_not_final_benign,-1,dns,port
2025-07-19T23:03:27.644558+0700,103.195.142.165,87.98.154.93,53,60129,UDP,flow,failed,1780116778249991,,1,1,0,1437,0,0.0,1,1437,0,none,0,none,0,0,0,no_alert_unknown,no_alert_not_final_benign,-1,dns,port
2025-07-19T23:03:27.644576+0700,103.195.142.74,118.98.44.100,18285,53,UDP,flow,dns,1380193348415262,,1,1,0,70,0,0.0,1,70,0,none,0,none,0,0,0,no_alert_unknown,no_alert_not_final_benign,-1,dns,app_proto+port
2025-07-19T23:03:27.644597+0700,103.195.142.76,87.98.154.186,53,7170,UDP,flow,failed,990886609153827,,1,1,0,1469,0,0.0,1,1469,0,none,0,none,0,0,0,no_alert_unknown,no_alert_not_final_benign,-1,dns,port
2025-07-19T23:03:27.644615+0700,103.195.142.74,118.98.44.50,7231,53,UDP,flow,dns,1632373384474413,,1,1,0,77,0,0.0,1,77,0,none,0,none,0,0,0,no_alert_unknown,no_alert_not_final_benign,-1,dns,app_proto+port
2025-07-19T23:03:27.644648+0700,103.195.142.165,87.98.154.57,53,25355,UDP,flow,failed,1246157754855269,,1,1,0,1437,0,0.0,1,1437,0,none,0,none,0,0,0,no_alert_unknown,no_alert_not_final_benign,-1,dns,port
2025-07-19T23:03:27.644887+0700,103.195.142.2,208.67.217.169,53,61296,UDP,flow,failed,839729994657749,,1,1,0,132,0,0.0,1,132,0,none,0,none,0,0,0,no_alert_unknown,no_alert_not_final_benign,-1,dns,port
2025-07-19T23:03:27.644984+0700,103.195.142.195,87.98.154.118,53,54069,UDP,flow,failed,1248279271174105,,1,1,0,1437,0,0.0,1,1437,0,none,0,none,0,0,0,no_alert_unknown,no_alert_not_final_benign,-1,dns,port
2025-07-19T23:03:27.645067+0700,103.195.142.3,208.67.217.182,53,32772,UDP,flow,failed,1741945874542662,,1,1,0,159,0,0.0,1,159,0,none,0,none,0,0,0,no_alert_unknown,no_alert_not_final_benign,-1,dns,port
2025-07-19T23:03:27.645128+0700,103.195.142.74,118.98.44.20,11377,53,UDP,flow,dns,1475755715195081,,1,1,0,232,0,0.0,1,232,0,none,0,none,0,0,0,no_alert_unknown,no_alert_not_final_benign,-1,dns,app_proto+port
2025-07-19T23:03:27.645149+0700,103.195.142.2,65.154.226.165,53,22896,UDP,flow,failed,2038766596583634,,1,1,0,139,0,0.0,1,139,0,none,0,none,0,0,0,no_alert_unknown,no_alert_not_final_benign,-1,dns,port
2025-07-19T23:03:27.645224+0700,103.195.142.74,118.98.44.100,29029,53,UDP,flow,dns,1340339899461927,,1,1,0,214,0,0.0,1,214,0,none,0,none,0,0,0,no_alert_unknown,no_alert_not_final_benign,-1,dns,app_proto+port
2025-07-19T23:03:27.645260+0700,103.195.142.165,87.98.154.119,53,35592,UDP,flow,failed,2193556383199565,,1,1,0,1437,0,0.0,1,1437,0,none,0,none,0,0,0,no_alert_unknown,no_alert_not_final_benign,-1,dns,port
2025-07-19T23:03:27.645300+0700,103.195.142.46,87.98.154.155,53,29502,UDP,flow,failed,690628278612306,,1,1,0,1437,0,0.0,1,1437,0,none,0,none,0,0,0,no_alert_unknown,no_alert_not_final_benign,-1,dns,port
2025-07-19T23:03:27.645324+0700,103.195.142.165,87.98.154.119,53,64384,UDP,flow,failed,659206257111388,,1,1,0,1437,0,0.0,1,1437,0,none,0,none,0,0,0,no_alert_unknown,no_alert_not_final_benign,-1,dns,port
2025-07-19T23:03:27.645360+0700,103.195.142.46,87.98.154.119,53,40303,UDP,flow,failed,802507282641271,,1,1,0,1437,0,0.0,1,1437,0,none,0,none,0,0,0,no_alert_unknown,no_alert_not_final_benign,-1,dns,port
2025-07-19T23:03:27.645397+0700,103.195.142.74,118.98.44.50,3507,53,UDP,flow,dns,1368533892526480,,1,1,0,74,0,0.0,1,74,0,none,0,none,0,0,0,no_alert_unknown,no_alert_not_final_benign,-1,dns,app_proto+port
2025-07-19T23:03:27.645420+0700,103.195.142.74,118.98.44.20,23765,53,UDP,flow,dns,1038844083630529,,1,1,0,93,0,0.0,1,93,0,none,0,none,0,0,0,no_alert_unknown,no_alert_not_final_benign,-1,dns,app_proto+port
2025-07-19T23:03:27.645441+0700,103.195.142.74,118.98.44.50,22910,53,UDP,flow,dns,1041269547659717,,1,1,0,78,0,0.0,1,78,0,none,0,none,0,0,0,no_alert_unknown,no_alert_not_final_benign,-1,dns,app_proto+port
2025-07-19T23:03:27.645491+0700,103.195.142.76,87.98.154.119,53,2673,UDP,flow,failed,1740976539628044,,1,1,0,1469,0,0.0,1,1469,0,none,0,none,0,0,0,no_alert_unknown,no_alert_not_final_benign,-1,dns,port
2025-07-19T23:03:27.645511+0700,103.195.142.196,87.98.154.141,53,11900,UDP,flow,failed,633809012126302,,1,1,0,1437,0,0.0,1,1437,0,none,0,none,0,0,0,no_alert_unknown,no_alert_not_final_benign,-1,dns,port
2025-07-19T23:03:27.645529+0700,103.195.142.109,87.98.154.77,53,9166,UDP,flow,failed,734800662622863,,1,3,0,4311,0,9.0,3,4311,0,none,0,none,0,0,0,no_alert_unknown,no_alert_not_final_benign,-1,dns,port
2025-07-19T23:03:27.645548+0700,103.195.142.46,87.98.154.118,53,30677,UDP,flow,failed,1690257896436414,,1,1,0,1437,0,0.0,1,1437,0,none,0,none,0,0,0,no_alert_unknown,no_alert_not_final_benign,-1,dns,port
2025-07-19T23:03:27.645566+0700,103.195.142.74,118.98.44.20,17094,53,UDP,flow,dns,1388253237277397,,1,1,0,79,0,0.0,1,79,0,none,0,none,0,0,0,no_alert_unknown,no_alert_not_final_benign,-1,dns,app_proto+port
2025-07-19T23:03:27.645587+0700,103.195.142.83,87.98.154.118,53,18828,UDP,flow,failed,911849268966116,,1,1,0,1190,0,0.0,1,1190,0,none,0,none,0,0,0,no_alert_unknown,no_alert_not_final_benign,-1,dns,port
2025-07-19T23:03:27.645687+0700,103.195.142.3,208.69.33.57,53,21070,UDP,flow,failed,914512053203716,,1,1,0,181,0,0.0,1,181,0,none,0,none,0,0,0,no_alert_unknown,no_alert_not_final_benign,-1,dns,port
2025-07-19T23:03:27.645708+0700,103.195.142.109,87.98.154.119,53,17875,UDP,flow,failed,2081070278898444,,1,1,0,1437,0,0.0,1,1437,0,none,0,none,0,0,0,no_alert_unknown,no_alert_not_final_benign,-1,dns,port
2025-07-19T23:03:27.645750+0700,103.195.142.76,87.98.154.119,53,5563,UDP,flow,failed,1327270334755636,,1,1,0,1469,0,0.0,1,1469,0,none,0,none,0,0,0,no_alert_unknown,no_alert_not_final_benign,-1,dns,port
2025-07-19T23:03:27.645808+0700,103.195.142.196,87.98.154.119,53,44235,UDP,flow,failed,1975460137005919,,1,1,0,1437,0,0.0,1,1437,0,none,0,none,0,0,0,no_alert_unknown,no_alert_not_final_benign,-1,dns,port
2025-07-19T23:03:27.645828+0700,103.195.142.75,216.38.8.120,9657,53,UDP,flow,dns,1488398805037940,,1,1,0,85,0,0.0,1,85,0,none,0,none,0,0,0,no_alert_unknown,no_alert_not_final_benign,-1,dns,app_proto+port
2025-07-19T23:03:27.645856+0700,103.195.142.74,118.98.44.20,21134,53,UDP,flow,dns,577711543808909,,1,1,0,88,0,0.0,1,88,0,none,0,none,0,0,0,no_alert_unknown,no_alert_not_final_benign,-1,dns,app_proto+port
2025-07-19T23:03:27.645878+0700,103.195.142.165,87.98.154.119,53,52060,UDP,flow,failed,1239833664025529,,1,1,0,1437,0,0.0,1,1437,0,none,0,none,0,0,0,no_alert_unknown,no_alert_not_final_benign,-1,dns,port
2025-07-19T23:03:27.645938+0700,103.195.142.46,87.98.154.163,53,57494,UDP,flow,failed,1251835424994275,,1,1,0,1437,0,0.0,1,1437,0,none,0,none,0,0,0,no_alert_unknown,no_alert_not_final_benign,-1,dns,port
2025-07-19T23:03:27.645962+0700,103.195.142.76,87.98.154.119,53,64126,UDP,flow,failed,2053196914488324,,1,1,0,1469,0,0.0,1,1469,0,none,0,none,0,0,0,no_alert_unknown,no_alert_not_final_benign,-1,dns,port
2025-07-19T23:03:27.645996+0700,103.195.142.109,87.98.154.177,53,21271,UDP,flow,failed,595590461650024,,1,1,0,1437,0,0.0,1,1437,0,none,0,none,0,0,0,no_alert_unknown,no_alert_not_final_benign,-1,dns,port
2025-07-19T23:03:27.646029+0700,103.195.142.76,87.98.154.119,53,50510,UDP,flow,failed,937764872516715,,1,1,0,1469,0,0.0,1,1469,0,none,0,none,0,0,0,no_alert_unknown,no_alert_not_final_benign,-1,dns,port
2025-07-19T23:03:27.646068+0700,103.195.142.75,8.8.8.8,50384,53,UDP,flow,dns,1877483627345020,,1,1,0,68,0,0.0,1,68,0,none,0,none,0,0,0,no_alert_unknown,no_alert_not_final_benign,-1,dns,app_proto+port
2025-07-19T23:03:27.646088+0700,103.195.142.196,87.98.154.118,53,54302,UDP,flow,failed,1972371082507426,,1,1,0,1437,0,0.0,1,1437,0,none,0,none,0,0,0,no_alert_unknown,no_alert_not_final_benign,-1,dns,port
2025-07-19T23:03:27.646120+0700,103.195.142.109,87.98.154.189,53,40344,UDP,flow,failed,1109020001301694,,1,1,0,1437,0,0.0,1,1437,0,none,0,none,0,0,0,no_alert_unknown,no_alert_not_final_benign,-1,dns,port
2025-07-19T23:03:27.646170+0700,103.195.142.74,202.134.0.155,42041,53,UDP,flow,dns,741764358600004,,1,1,0,90,0,0.0,1,90,0,none,0,none,0,0,0,no_alert_unknown,no_alert_not_final_benign,-1,dns,app_proto+port
2025-07-19T23:03:27.646211+0700,103.195.142.109,87.98.154.119,53,43094,UDP,flow,failed,582016320140707,,1,1,0,1437,0,0.0,1,1437,0,none,0,none,0,0,0,no_alert_unknown,no_alert_not_final_benign,-1,dns,port
2025-07-19T23:03:27.646230+0700,103.195.142.2,208.67.217.165,53,44537,UDP,flow,failed,999403348424105,,1,1,0,132,0,0.0,1,132,0,none,0,none,0,0,0,no_alert_unknown,no_alert_not_final_benign,-1,dns,port
2025-07-19T23:03:27.646317+0700,103.195.142.74,202.134.0.155,2616,53,UDP,flow,dns,2234752654243358,,1,1,0,86,0,0.0,1,86,0,none,0,none,0,0,0,no_alert_unknown,no_alert_not_final_benign,-1,dns,app_proto+port
2025-07-19T23:03:27.646337+0700,103.195.142.74,118.98.44.20,19956,53,UDP,flow,dns,186250886706720,,1,2,0,204,0,6.0,2,204,0,none,0,none,0,0,0,no_alert_unknown,no_alert_not_final_benign,-1,dns,app_proto+port
2025-07-19T23:03:27.646358+0700,103.195.142.74,118.98.44.20,48720,53,UDP,flow,dns,1734530519135782,,1,1,0,79,0,0.0,1,79,0,none,0,none,0,0,0,no_alert_unknown,no_alert_not_final_benign,-1,dns,app_proto+port
2025-07-19T23:03:27.646423+0700,103.195.142.109,87.98.154.119,53,25078,UDP,flow,failed,1828933023954657,,1,1,0,1437,0,0.0,1,1437,0,none,0,none,0,0,0,no_alert_unknown,no_alert_not_final_benign,-1,dns,port
2025-07-19T23:03:27.646449+0700,103.195.142.165,87.98.154.118,53,62097,UDP,flow,failed,1351471026730803,,1,1,0,1437,0,0.0,1,1437,0,none,0,none,0,0,0,no_alert_unknown,no_alert_not_final_benign,-1,dns,port
2025-07-19T23:03:27.646487+0700,103.195.142.196,87.98.154.119,53,2915,UDP,flow,failed,1695203948754822,,1,1,0,1437,0,0.0,1,1437,0,none,0,none,0,0,0,no_alert_unknown,no_alert_not_final_benign,-1,dns,port
2025-07-19T23:03:27.646506+0700,103.195.142.74,118.98.44.100,3365,53,UDP,flow,dns,936707915511693,,1,1,0,74,0,0.0,1,74,0,none,0,none,0,0,0,no_alert_unknown,no_alert_not_final_benign,-1,dns,app_proto+port
2025-07-19T23:03:27.646526+0700,103.195.142.83,87.98.154.122,53,41893,UDP,flow,failed,1259725910308764,,1,1,0,1190,0,0.0,1,1190,0,none,0,none,0,0,0,no_alert_unknown,no_alert_not_final_benign,-1,dns,port
2025-07-19T23:03:27.646588+0700,103.195.142.83,87.98.154.218,53,5201,UDP,flow,failed,1243304086075694,,1,1,0,1190,0,0.0,1,1190,0,none,0,none,0,0,0,no_alert_unknown,no_alert_not_final_benign,-1,dns,port
2025-07-19T23:03:27.646628+0700,103.195.142.46,87.98.154.107,53,63204,UDP,flow,failed,1968077699807610,,1,1,0,1437,0,0.0,1,1437,0,none,0,none,0,0,0,no_alert_unknown,no_alert_not_final_benign,-1,dns,port
2025-07-19T23:03:27.646647+0700,103.195.142.2,208.69.33.57,53,65099,UDP,flow,failed,1038903747344776,,1,1,0,181,0,0.0,1,181,0,none,0,none,0,0,0,no_alert_unknown,no_alert_not_final_benign,-1,dns,port
2025-07-19T23:03:27.646665+0700,103.195.142.196,87.98.154.109,53,60627,UDP,flow,failed,2212089799702943,,1,1,0,1437,0,0.0,1,1437,0,none,0,none,0,0,0,no_alert_unknown,no_alert_not_final_benign,-1,dns,port
2025-07-19T23:03:27.646684+0700,103.195.142.46,87.98.154.117,53,22385,UDP,flow,failed,1429293340752313,,1,1,0,1437,0,0.0,1,1437,0,none,0,none,0,0,0,no_alert_unknown,no_alert_not_final_benign,-1,dns,port
2025-07-19T23:03:27.646732+0700,103.195.142.196,87.98.154.118,53,24128,UDP,flow,failed,1204390889716231,,1,1,0,1437,0,0.0,1,1437,0,none,0,none,0,0,0,no_alert_unknown,no_alert_not_final_benign,-1,dns,port
2025-07-19T23:03:27.646774+0700,103.195.142.76,87.98.154.22,53,6730,UDP,flow,failed,995985923897879,,1,1,0,1469,0,0.0,1,1469,0,none,0,none,0,0,0,no_alert_unknown,no_alert_not_final_benign,-1,dns,port
2025-07-19T23:03:27.646793+0700,103.195.142.83,87.98.154.119,53,31234,UDP,flow,failed,1253840135387729,,1,1,0,1190,0,0.0,1,1190,0,none,0,none,0,0,0,no_alert_unknown,no_alert_not_final_benign,-1,dns,port
2025-07-19T23:03:27.646811+0700,103.195.142.109,87.98.154.133,53,8406,UDP,flow,failed,1889289226680927,,1,1,0,1437,0,0.0,1,1437,0,none,0,none,0,0,0,no_alert_unknown,no_alert_not_final_benign,-1,dns,port
2025-07-19T23:03:27.646830+0700,103.195.142.195,87.98.154.119,53,3563,UDP,flow,failed,1205359150299746,,1,1,0,1437,0,0.0,1,1437,0,none,0,none,0,0,0,no_alert_unknown,no_alert_not_final_benign,-1,dns,port
2025-07-19T23:03:27.646874+0700,103.195.142.2,208.67.217.161,53,51900,UDP,flow,failed,1058922396842826,,1,1,0,132,0,0.0,1,132,0,none,0,none,0,0,0,no_alert_unknown,no_alert_not_final_benign,-1,dns,port
2025-07-19T23:03:27.646894+0700,103.195.142.165,87.98.154.119,53,20899,UDP,flow,failed,1850489776503710,,1,1,0,1437,0,0.0,1,1437,0,none,0,none,0,0,0,no_alert_unknown,no_alert_not_final_benign,-1,dns,port
2025-07-19T23:03:27.646912+0700,103.195.142.83,87.98.154.162,53,36305,UDP,flow,failed,1520195664411584,,1,1,0,1190,0,0.0,1,1190,0,none,0,none,0,0,0,no_alert_unknown,no_alert_not_final_benign,-1,dns,port
2025-07-19T23:03:27.646949+0700,103.195.142.165,87.98.154.119,53,15017,UDP,flow,failed,1697062862715924,,1,1,0,1437,0,0.0,1,1437,0,none,0,none,0,0,0,no_alert_unknown,no_alert_not_final_benign,-1,dns,port
2025-07-19T23:03:27.646987+0700,103.195.142.109,87.98.154.119,53,49973,UDP,flow,failed,1941236561804352,,1,1,0,1437,0,0.0,1,1437,0,none,0,none,0,0,0,no_alert_unknown,no_alert_not_final_benign,-1,dns,port
2025-07-19T23:03:27.647005+0700,103.195.142.195,87.98.154.119,53,45056,UDP,flow,failed,995266398911554,,1,1,0,1437,0,0.0,1,1437,0,none,0,none,0,0,0,no_alert_unknown,no_alert_not_final_benign,-1,dns,port
2025-07-19T23:03:27.647051+0700,103.195.142.3,208.67.217.165,53,21394,UDP,flow,failed,1176986481917084,,1,1,0,175,0,0.0,1,175,0,none,0,none,0,0,0,no_alert_unknown,no_alert_not_final_benign,-1,dns,port
2025-07-19T23:03:27.647089+0700,103.195.142.3,74.63.24.236,53,20474,UDP,flow,failed,1171926233644227,,1,1,0,135,0,0.0,1,135,0,none,0,none,0,0,0,no_alert_unknown,no_alert_not_final_benign,-1,dns,port
2025-07-19T23:03:27.647120+0700,103.195.142.74,118.98.44.100,3143,53,UDP,flow,dns,1362633382558940,,1,1,0,79,0,0.0,1,79,0,none,0,none,0,0,0,no_alert_unknown,no_alert_not_final_benign,-1,dns,app_proto+port
2025-07-19T23:03:27.647141+0700,103.195.142.3,208.67.217.165,53,10354,UDP,flow,failed,982797260618973,,1,1,0,132,0,0.0,1,132,0,none,0,none,0,0,0,no_alert_unknown,no_alert_not_final_benign,-1,dns,port
2025-07-19T23:03:27.647178+0700,103.195.142.196,87.98.154.119,53,49450,UDP,flow,failed,2194094467448123,,1,1,0,1437,0,0.0,1,1437,0,none,0,none,0,0,0,no_alert_unknown,no_alert_not_final_benign,-1,dns,port
2025-07-19T23:03:27.647242+0700,103.195.142.165,87.98.154.177,53,13853,UDP,flow,failed,1401230383381858,,1,1,0,1437,0,0.0,1,1437,0,none,0,none,0,0,0,no_alert_unknown,no_alert_not_final_benign,-1,dns,port
2025-07-19T23:03:27.647261+0700,103.195.142.3,208.67.217.164,53,55701,UDP,flow,failed,1159307671895404,,1,1,0,132,0,0.0,1,132,0,none,0,none,0,0,0,no_alert_unknown,no_alert_not_final_benign,-1,dns,port
2025-07-19T23:03:27.647279+0700,103.195.142.195,87.98.154.119,53,14517,UDP,flow,failed,1156502591962476,,1,1,0,1437,0,0.0,1,1437,0,none,0,none,0,0,0,no_alert_unknown,no_alert_not_final_benign,-1,dns,port
2025-07-19T23:03:27.647298+0700,103.195.142.2,208.67.217.171,53,65225,UDP,flow,failed,1273204260142488,,1,1,0,132,0,0.0,1,132,0,none,0,none,0,0,0,no_alert_unknown,no_alert_not_final_benign,-1,dns,port
2025-07-19T23:03:27.647316+0700,103.195.142.74,50.116.34.34,15550,53,UDP,flow,dns,1177960510717338,,1,1,0,85,0,0.0,1,85,0,none,0,none,0,0,0,no_alert_unknown,no_alert_not_final_benign,-1,dns,app_proto+port
2025-07-19T23:03:27.647363+0700,103.195.142.74,118.98.44.100,37930,53,UDP,flow,dns,1463237505514958,,1,1,0,214,0,0.0,1,214,0,none,0,none,0,0,0,no_alert_unknown,no_alert_not_final_benign,-1,dns,app_proto+port
2025-07-19T23:03:27.647406+0700,103.195.142.74,202.134.0.155,18943,53,UDP,flow,dns,1934289159192065,,1,1,0,68,0,0.0,1,68,0,none,0,none,0,0,0,no_alert_unknown,no_alert_not_final_benign,-1,dns,app_proto+port
2025-07-19T23:03:27.647426+0700,103.195.142.74,118.98.44.20,62039,53,UDP,flow,dns,1756207158001229,,1,1,0,77,0,0.0,1,77,0,none,0,none,0,0,0,no_alert_unknown,no_alert_not_final_benign,-1,dns,app_proto+port
2025-07-19T23:03:27.647446+0700,103.195.142.109,87.98.154.121,53,15413,UDP,flow,failed,946231334993513,,1,1,0,1437,0,0.0,1,1437,0,none,0,none,0,0,0,no_alert_unknown,no_alert_not_final_benign,-1,dns,port
2025-07-19T23:03:27.647485+0700,103.195.142.83,87.98.154.119,53,62010,UDP,flow,failed,1559049727835874,,1,1,0,1190,0,0.0,1,1190,0,none,0,none,0,0,0,no_alert_unknown,no_alert_not_final_benign,-1,dns,port
2025-07-19T23:03:27.647567+0700,103.195.142.2,13.105.68.207,53,48879,UDP,flow,failed,1512836314431373,,1,1,0,127,0,0.0,1,127,0,none,0,none,0,0,0,no_alert_unknown,no_alert_not_final_benign,-1,dns,port
2025-07-19T23:03:27.647604+0700,103.195.142.74,118.98.44.20,12487,53,UDP,flow,dns,1269854434557911,,1,1,0,74,0,0.0,1,74,0,none,0,none,0,0,0,no_alert_unknown,no_alert_not_final_benign,-1,dns,app_proto+port
2025-07-19T23:03:27.647671+0700,103.195.142.109,87.98.154.119,53,6099,UDP,flow,failed,1743984944939051,,1,1,0,1437,0,0.0,1,1437,0,none,0,none,0,0,0,no_alert_unknown,no_alert_not_final_benign,-1,dns,port
2025-07-19T23:03:27.647689+0700,103.195.142.83,87.98.154.119,53,23374,UDP,flow,failed,1522482161319992,,1,1,0,1190,0,0.0,1,1190,0,none,0,none,0,0,0,no_alert_unknown,no_alert_not_final_benign,-1,dns,port
2025-07-19T23:03:27.647708+0700,103.195.142.165,87.98.154.229,53,51875,UDP,flow,failed,1799592668495930,,1,1,0,1437,0,0.0,1,1437,0,none,0,none,0,0,0,no_alert_unknown,no_alert_not_final_benign,-1,dns,port
2025-07-19T23:03:27.647749+0700,103.195.142.3,202.152.254.19,53,10231,UDP,flow,failed,1157908239810668,,1,1,0,138,0,0.0,1,138,0,none,0,none,0,0,0,no_alert_unknown,no_alert_not_final_benign,-1,dns,port
2025-07-19T23:03:27.647767+0700,103.195.142.165,87.98.154.1,53,52320,UDP,flow,failed,1527355013136497,,1,1,0,1437,0,0.0,1,1437,0,none,0,none,0,0,0,no_alert_unknown,no_alert_not_final_benign,-1,dns,port
2025-07-19T23:03:27.647786+0700,103.195.142.46,87.98.154.95,53,14431,UDP,flow,failed,1592944391291054,,1,1,0,1437,0,0.0,1,1437,0,none,0,none,0,0,0,no_alert_unknown,no_alert_not_final_benign,-1,dns,port
2025-07-19T23:03:27.647805+0700,103.195.142.74,118.98.44.100,50587,53,UDP,flow,dns,1295346352718102,,1,1,0,99,0,0.0,1,99,0,none,0,none,0,0,0,no_alert_unknown,no_alert_not_final_benign,-1,dns,app_proto+port
2025-07-19T23:03:27.647853+0700,103.195.142.195,87.98.154.232,53,36567,UDP,flow,failed,966836761723211,,1,1,0,1437,0,0.0,1,1437,0,none,0,none,0,0,0,no_alert_unknown,no_alert_not_final_benign,-1,dns,port
2025-07-19T23:03:27.647872+0700,103.195.142.74,118.98.44.20,45218,53,UDP,flow,dns,1448887850369363,,1,1,0,84,0,0.0,1,84,0,none,0,none,0,0,0,no_alert_unknown,no_alert_not_final_benign,-1,dns,app_proto+port
2025-07-19T23:03:27.647892+0700,103.195.142.195,87.98.154.119,53,51422,UDP,flow,failed,1501747899335082,,1,1,0,1437,0,0.0,1,1437,0,none,0,none,0,0,0,no_alert_unknown,no_alert_not_final_benign,-1,dns,port
2025-07-19T23:03:27.647911+0700,103.195.142.46,87.98.154.119,53,17828,UDP,flow,failed,1265148726280626,,1,1,0,1437,0,0.0,1,1437,0,none,0,none,0,0,0,no_alert_unknown,no_alert_not_final_benign,-1,dns,port
2025-07-19T23:03:27.647950+0700,103.195.142.75,8.8.8.8,52228,53,UDP,flow,dns,2242751346246115,,1,2,0,456,0,4.0,2,456,0,none,0,none,0,0,0,no_alert_unknown,no_alert_not_final_benign,-1,dns,app_proto+port
2025-07-19T23:03:27.647975+0700,103.195.142.195,87.98.154.119,53,58083,UDP,flow,failed,2164261792317995,,1,1,0,1437,0,0.0,1,1437,0,none,0,none,0,0,0,no_alert_unknown,no_alert_not_final_benign,-1,dns,port
2025-07-19T23:03:27.648017+0700,103.195.142.83,87.98.154.218,53,62569,UDP,flow,failed,905678490894957,,1,1,0,1190,0,0.0,1,1190,0,none,0,none,0,0,0,no_alert_unknown,no_alert_not_final_benign,-1,dns,port
2025-07-19T23:03:27.648054+0700,103.195.142.83,87.98.154.119,53,39394,UDP,flow,failed,854993851712144,,1,1,0,1190,0,0.0,1,1190,0,none,0,none,0,0,0,no_alert_unknown,no_alert_not_final_benign,-1,dns,port
2025-07-19T23:03:27.648091+0700,103.195.142.3,192.178.36.29,53,43203,UDP,flow,failed,2055597762085642,,1,1,0,222,0,0.0,1,222,0,none,0,none,0,0,0,no_alert_unknown,no_alert_not_final_benign,-1,dns,port
2025-07-19T23:03:27.648147+0700,103.195.142.75,8.8.8.8,41034,53,UDP,flow,dns,1861973646705526,,1,1,0,223,0,0.0,1,223,0,none,0,none,0,0,0,no_alert_unknown,no_alert_not_final_benign,-1,dns,app_proto+port
2025-07-19T23:03:27.648190+0700,103.195.142.75,8.8.8.8,10750,53,UDP,flow,dns,1024107995202493,,1,1,0,75,0,0.0,1,75,0,none,0,none,0,0,0,no_alert_unknown,no_alert_not_final_benign,-1,dns,app_proto+port
2025-07-19T23:03:27.648209+0700,103.195.142.195,87.98.154.118,53,30056,UDP,flow,failed,1908932698440713,,1,1,0,1437,0,0.0,1,1437,0,none,0,none,0,0,0,no_alert_unknown,no_alert_not_final_benign,-1,dns,port
2025-07-19T23:03:27.648228+0700,103.195.142.83,87.98.154.22,53,16737,UDP,flow,failed,1664760876237844,,1,1,0,1190,0,0.0,1,1190,0,none,0,none,0,0,0,no_alert_unknown,no_alert_not_final_benign,-1,dns,port
2025-07-19T23:03:27.648269+0700,103.195.142.31,9.9.9.9,30584,53,UDP,flow,dns,1018530767176803,,1,2,0,403,0,0.0,2,403,0,none,0,none,0,0,0,no_alert_unknown,no_alert_not_final_benign,-1,dns,app_proto+port
2025-07-19T23:03:27.648293+0700,103.195.142.74,118.98.44.20,1349,53,UDP,flow,dns,901818375734411,,1,1,0,74,0,0.0,1,74,0,none,0,none,0,0,0,no_alert_unknown,no_alert_not_final_benign,-1,dns,app_proto+port
2025-07-19T23:03:27.648335+0700,103.195.142.195,87.98.154.176,53,39494,UDP,flow,failed,1275345086842013,,1,1,0,1437,0,0.0,1,1437,0,none,0,none,0,0,0,no_alert_unknown,no_alert_not_final_benign,-1,dns,port
2025-07-19T23:03:27.648376+0700,103.195.142.74,118.98.44.50,26872,53,UDP,flow,dns,1749149154346168,,1,1,0,132,0,0.0,1,132,0,none,0,none,0,0,0,no_alert_unknown,no_alert_not_final_benign,-1,dns,app_proto+port
2025-07-19T23:03:27.648401+0700,103.195.142.2,74.63.24.236,53,32948,UDP,flow,failed,1332336533964004,,1,1,0,135,0,0.0,1,135,0,none,0,none,0,0,0,no_alert_unknown,no_alert_not_final_benign,-1,dns,port
2025-07-19T23:03:27.648499+0700,103.195.142.165,87.98.154.119,53,12376,UDP,flow,failed,1767468931024141,,1,1,0,1437,0,0.0,1,1437,0,none,0,none,0,0,0,no_alert_unknown,no_alert_not_final_benign,-1,dns,port
2025-07-19T23:03:27.648520+0700,103.195.142.83,87.98.154.119,53,20402,UDP,flow,failed,936710368855355,,1,1,0,1190,0,0.0,1,1190,0,none,0,none,0,0,0,no_alert_unknown,no_alert_not_final_benign,-1,dns,port
2025-07-19T23:03:27.648539+0700,103.195.142.195,87.98.154.119,53,61594,UDP,flow,failed,1064426583360838,,1,1,0,1437,0,0.0,1,1437,0,none,0,none,0,0,0,no_alert_unknown,no_alert_not_final_benign,-1,dns,port
2025-07-19T23:03:27.648557+0700,103.195.142.165,87.98.154.119,53,33243,UDP,flow,failed,2066254180255065,,1,1,0,1437,0,0.0,1,1437,0,none,0,none,0,0,0,no_alert_unknown,no_alert_not_final_benign,-1,dns,port
2025-07-19T23:03:27.648575+0700,103.195.142.75,8.8.8.8,2496,53,UDP,flow,dns,2025394572887394,,1,1,0,223,0,0.0,1,223,0,none,0,none,0,0,0,no_alert_unknown,no_alert_not_final_benign,-1,dns,app_proto+port
2025-07-19T23:03:27.648601+0700,103.195.142.75,45.79.197.241,23050,53,UDP,flow,dns,1932754348606818,,1,1,0,85,0,0.0,1,85,0,none,0,none,0,0,0,no_alert_unknown,no_alert_not_final_benign,-1,dns,app_proto+port
2025-07-19T23:03:27.648621+0700,103.195.142.196,87.98.154.229,53,52022,UDP,flow,failed,1424718681671064,,1,2,0,2874,0,6.0,2,2874,0,none,0,none,0,0,0,no_alert_unknown,no_alert_not_final_benign,-1,dns,port
2025-07-19T23:03:27.648639+0700,103.195.142.74,118.98.44.20,46074,53,UDP,flow,dns,1182556284323256,,1,1,0,79,0,0.0,1,79,0,none,0,none,0,0,0,no_alert_unknown,no_alert_not_final_benign,-1,dns,app_proto+port
2025-07-19T23:03:27.648659+0700,103.195.142.74,118.98.44.100,12070,53,UDP,flow,dns,1318036661142969,,1,1,0,68,0,0.0,1,68,0,none,0,none,0,0,0,no_alert_unknown,no_alert_not_final_benign,-1,dns,app_proto+port
2025-07-19T23:03:27.648678+0700,103.195.142.165,87.98.154.9,53,54070,UDP,flow,failed,2007341273384403,,1,1,0,1437,0,0.0,1,1437,0,none,0,none,0,0,0,no_alert_unknown,no_alert_not_final_benign,-1,dns,port
2025-07-19T23:03:27.648746+0700,103.195.142.74,202.134.0.155,16654,53,UDP,flow,dns,854840625661508,,1,1,0,74,0,0.0,1,74,0,none,0,none,0,0,0,no_alert_unknown,no_alert_not_final_benign,-1,dns,app_proto+port
2025-07-19T23:03:27.648766+0700,103.195.142.196,87.98.154.193,53,44331,UDP,flow,failed,1134866491967050,,1,1,0,1437,0,0.0,1,1437,0,none,0,none,0,0,0,no_alert_unknown,no_alert_not_final_benign,-1,dns,port
2025-07-19T23:03:27.648784+0700,103.195.142.74,118.98.44.50,36178,53,UDP,flow,dns,1006701398394472,,1,1,0,84,0,0.0,1,84,0,none,0,none,0,0,0,no_alert_unknown,no_alert_not_final_benign,-1,dns,app_proto+port
2025-07-19T23:03:27.648804+0700,103.195.142.195,87.98.154.200,53,31300,UDP,flow,failed,2202667090445962,,1,1,0,1437,0,0.0,1,1437,0,none,0,none,0,0,0,no_alert_unknown,no_alert_not_final_benign,-1,dns,port
2025-07-19T23:03:27.648822+0700,103.195.142.2,172.70.116.71,53,19981,UDP,flow,failed,2083441190962939,,1,1,0,159,0,0.0,1,159,0,none,0,none,0,0,0,no_alert_unknown,no_alert_not_final_benign,-1,dns,port
2025-07-19T23:03:27.648841+0700,103.195.142.165,87.98.154.225,53,1989,UDP,flow,failed,2068085372028706,,1,1,0,1437,0,0.0,1,1437,0,none,0,none,0,0,0,no_alert_unknown,no_alert_not_final_benign,-1,dns,port
2025-07-19T23:03:27.648860+0700,103.195.142.74,118.98.44.50,22849,53,UDP,flow,dns,931192029185835,,1,1,0,79,0,0.0,1,79,0,none,0,none,0,0,0,no_alert_unknown,no_alert_not_final_benign,-1,dns,app_proto+port
2025-07-19T23:03:27.648879+0700,103.195.142.2,208.67.217.182,53,44839,UDP,flow,failed,1719572487472955,,1,1,0,132,0,0.0,1,132,0,none,0,none,0,0,0,no_alert_unknown,no_alert_not_final_benign,-1,dns,port
2025-07-19T23:03:27.648924+0700,103.195.142.76,87.98.154.194,53,43717,UDP,flow,failed,1755897620531050,,1,1,0,1469,0,0.0,1,1469,0,none,0,none,0,0,0,no_alert_unknown,no_alert_not_final_benign,-1,dns,port
2025-07-19T23:03:27.648942+0700,103.195.142.75,8.8.8.8,32596,53,UDP,flow,dns,922083069527945,,1,1,0,86,0,0.0,1,86,0,none,0,none,0,0,0,no_alert_unknown,no_alert_not_final_benign,-1,dns,app_proto+port
2025-07-19T23:03:27.648962+0700,103.195.142.3,69.171.249.133,53,12030,UDP,flow,failed,2239702071314374,,1,1,0,174,0,0.0,1,174,0,none,0,none,0,0,0,no_alert_unknown,no_alert_not_final_benign,-1,dns,port
2025-07-19T23:03:27.648981+0700,103.195.142.109,87.98.154.119,53,43351,UDP,flow,failed,1455751939295187,,1,1,0,1437,0,0.0,1,1437,0,none,0,none,0,0,0,no_alert_unknown,no_alert_not_final_benign,-1,dns,port
2025-07-19T23:03:27.649020+0700,103.195.142.196,87.98.154.89,53,28407,UDP,flow,failed,1718243929098230,,1,1,0,1437,0,0.0,1,1437,0,none,0,none,0,0,0,no_alert_unknown,no_alert_not_final_benign,-1,dns,port
2025-07-19T23:03:27.649039+0700,103.195.142.2,3.26.81.53,53,34827,UDP,flow,failed,1813460470073358,,1,1,0,175,0,0.0,1,175,0,none,0,none,0,0,0,no_alert_unknown,no_alert_not_final_benign,-1,dns,port
2025-07-19T23:03:27.649062+0700,103.195.142.196,87.98.154.1,53,20386,UDP,flow,failed,1787363003598884,,1,1,0,1437,0,0.0,1,1437,0,none,0,none,0,0,0,no_alert_unknown,no_alert_not_final_benign,-1,dns,port
2025-07-19T23:03:27.649081+0700,103.195.142.74,118.98.44.50,17955,53,UDP,flow,dns,1297586728601647,,1,1,0,99,0,0.0,1,99,0,none,0,none,0,0,0,no_alert_unknown,no_alert_not_final_benign,-1,dns,app_proto+port
2025-07-19T23:03:27.649136+0700,103.195.142.74,118.98.44.100,58040,53,UDP,flow,dns,1016588904958065,,1,1,0,80,0,0.0,1,80,0,none,0,none,0,0,0,no_alert_unknown,no_alert_not_final_benign,-1,dns,app_proto+port
2025-07-19T23:03:27.649156+0700,103.195.142.83,87.98.154.117,53,33938,UDP,flow,failed,1947615475009651,,1,1,0,1190,0,0.0,1,1190,0,none,0,none,0,0,0,no_alert_unknown,no_alert_not_final_benign,-1,dns,port
2025-07-19T23:03:27.649175+0700,103.195.142.195,87.98.154.119,53,22565,UDP,flow,failed,1303373454772412,,1,1,0,1437,0,0.0,1,1437,0,none,0,none,0,0,0,no_alert_unknown,no_alert_not_final_benign,-1,dns,port
2025-07-19T23:03:27.649212+0700,103.195.142.196,87.98.154.119,53,49576,UDP,flow,failed,2232221440674041,,1,1,0,1437,0,0.0,1,1437,0,none,0,none,0,0,0,no_alert_unknown,no_alert_not_final_benign,-1,dns,port
2025-07-19T23:03:27.649261+0700,103.195.142.109,87.98.154.117,53,19182,UDP,flow,failed,2196583084984593,,1,1,0,1437,0,0.0,1,1437,0,none,0,none,0,0,0,no_alert_unknown,no_alert_not_final_benign,-1,dns,port
2025-07-19T23:03:27.649342+0700,103.195.142.74,118.98.44.100,5048,53,UDP,flow,dns,1466058013673928,,1,1,0,211,0,0.0,1,211,0,none,0,none,0,0,0,no_alert_unknown,no_alert_not_final_benign,-1,dns,app_proto+port
2025-07-19T23:03:27.649362+0700,103.195.142.76,87.98.154.250,53,47768,UDP,flow,failed,1296940817058270,,1,1,0,1469,0,0.0,1,1469,0,none,0,none,0,0,0,no_alert_unknown,no_alert_not_final_benign,-1,dns,port
2025-07-19T23:03:27.649430+0700,103.195.142.83,87.98.154.218,53,19419,UDP,flow,failed,1061412075407930,,1,1,0,1190,0,0.0,1,1190,0,none,0,none,0,0,0,no_alert_unknown,no_alert_not_final_benign,-1,dns,port
2025-07-19T23:03:27.649482+0700,103.195.142.109,87.98.154.119,53,54692,UDP,flow,failed,1527395724757576,,1,1,0,1437,0,0.0,1,1437,0,none,0,none,0,0,0,no_alert_unknown,no_alert_not_final_benign,-1,dns,port
2025-07-19T23:03:27.649577+0700,103.195.142.74,202.134.0.155,35063,53,UDP,flow,dns,1538524929723138,,1,1,0,107,0,0.0,1,107,0,none,0,none,0,0,0,no_alert_unknown,no_alert_not_final_benign,-1,dns,app_proto+port
2025-07-19T23:03:27.649690+0700,103.195.142.2,46.38.225.230,53,25365,UDP,flow,failed,2072765976611655,,1,1,0,201,0,0.0,1,201,0,none,0,none,0,0,0,no_alert_unknown,no_alert_not_final_benign,-1,dns,port
2025-07-19T23:03:27.649736+0700,103.195.142.74,118.98.44.100,40971,53,UDP,flow,dns,1356579819096923,,1,1,0,74,0,0.0,1,74,0,none,0,none,0,0,0,no_alert_unknown,no_alert_not_final_benign,-1,dns,app_proto+port
2025-07-19T23:03:27.649757+0700,103.195.142.76,87.98.154.119,53,55875,UDP,flow,failed,1688346728795087,,1,1,0,1469,0,0.0,1,1469,0,none,0,none,0,0,0,no_alert_unknown,no_alert_not_final_benign,-1,dns,port
2025-07-19T23:03:27.649827+0700,103.195.142.76,87.98.154.110,53,48615,UDP,flow,failed,1175257817615364,,1,3,0,4407,0,9.0,3,4407,0,none,0,none,0,0,0,no_alert_unknown,no_alert_not_final_benign,-1,dns,port
2025-07-19T23:03:27.649907+0700,103.195.142.83,87.98.154.106,53,12159,UDP,flow,failed,2164336909618431,,1,1,0,1190,0,0.0,1,1190,0,none,0,none,0,0,0,no_alert_unknown,no_alert_not_final_benign,-1,dns,port
2025-07-19T23:03:27.649925+0700,103.195.142.165,87.98.154.205,53,7340,UDP,flow,failed,847674612911405,,1,1,0,1437,0,0.0,1,1437,0,none,0,none,0,0,0,no_alert_unknown,no_alert_not_final_benign,-1,dns,port
2025-07-19T23:03:27.649968+0700,103.195.142.74,118.98.44.20,31097,53,UDP,flow,dns,1311861945011593,,1,1,0,68,0,0.0,1,68,0,none,0,none,0,0,0,no_alert_unknown,no_alert_not_final_benign,-1,dns,app_proto+port
2025-07-19T23:03:27.650008+0700,103.195.142.2,182.1.160.138,53,27717,TCP,flow,,1787019751722399,,1,5,0,402,0,0.0,5,402,0,none,0,none,0,0,0,no_alert_unknown,no_alert_not_final_benign,-1,dns,port
2025-07-19T23:03:27.650031+0700,103.195.142.74,118.98.44.20,3738,53,UDP,flow,dns,1543488936545696,,1,1,0,79,0,0.0,1,79,0,none,0,none,0,0,0,no_alert_unknown,no_alert_not_final_benign,-1,dns,app_proto+port
2025-07-19T23:03:27.650051+0700,103.195.142.74,118.98.44.50,45196,53,UDP,flow,dns,1336861731130809,,1,1,0,100,0,0.0,1,100,0,none,0,none,0,0,0,no_alert_unknown,no_alert_not_final_benign,-1,dns,app_proto+port
2025-07-19T23:03:27.650092+0700,103.195.142.76,87.98.154.130,53,25514,UDP,flow,failed,1465425720315354,,1,1,0,1469,0,0.0,1,1469,0,none,0,none,0,0,0,no_alert_unknown,no_alert_not_final_benign,-1,dns,port
2025-07-19T23:03:27.650150+0700,103.195.142.74,118.98.44.20,10779,53,UDP,flow,dns,1076137910996533,,1,1,0,74,0,0.0,1,74,0,none,0,none,0,0,0,no_alert_unknown,no_alert_not_final_benign,-1,dns,app_proto+port
2025-07-19T23:03:27.650170+0700,103.195.142.3,208.67.217.171,53,19082,UDP,flow,failed,1469851667926598,,1,1,0,159,0,0.0,1,159,0,none,0,none,0,0,0,no_alert_unknown,no_alert_not_final_benign,-1,dns,port
2025-07-19T23:03:27.650188+0700,103.195.142.109,87.98.154.165,53,8832,UDP,flow,failed,1971204064808560,,1,1,0,1437,0,0.0,1,1437,0,none,0,none,0,0,0,no_alert_unknown,no_alert_not_final_benign,-1,dns,port
2025-07-19T23:03:27.650207+0700,103.195.142.195,87.98.154.208,53,29296,UDP,flow,failed,1481415161679483,,1,3,0,4311,0,10.0,3,4311,0,none,0,none,0,0,0,no_alert_unknown,no_alert_not_final_benign,-1,dns,port
2025-07-19T23:03:27.650225+0700,103.195.142.196,87.98.154.119,53,38582,UDP,flow,failed,1891559589875374,,1,1,0,1437,0,0.0,1,1437,0,none,0,none,0,0,0,no_alert_unknown,no_alert_not_final_benign,-1,dns,port
2025-07-19T23:03:27.650244+0700,103.195.142.196,87.98.154.118,53,49141,UDP,flow,failed,1297988890922676,,1,1,0,1437,0,0.0,1,1437,0,none,0,none,0,0,0,no_alert_unknown,no_alert_not_final_benign,-1,dns,port
2025-07-19T23:03:27.650262+0700,103.195.142.195,87.98.154.56,53,50999,UDP,flow,failed,1390994858708757,,1,1,0,1437,0,0.0,1,1437,0,none,0,none,0,0,0,no_alert_unknown,no_alert_not_final_benign,-1,dns,port
2025-07-19T23:03:27.650285+0700,103.195.142.76,87.98.154.166,53,19362,UDP,flow,failed,2043722578267959,,1,1,0,1469,0,0.0,1,1469,0,none,0,none,0,0,0,no_alert_unknown,no_alert_not_final_benign,-1,dns,port
2025-07-19T23:03:27.650304+0700,103.195.142.74,202.134.0.155,48667,53,UDP,flow,dns,1576104160464701,,1,1,0,211,0,0.0,1,211,0,none,0,none,0,0,0,no_alert_unknown,no_alert_not_final_benign,-1,dns,app_proto+port
2025-07-19T23:03:27.650345+0700,103.195.142.76,87.98.154.138,53,32209,UDP,flow,failed,909101349474196,,1,1,0,1469,0,0.0,1,1469,0,none,0,none,0,0,0,no_alert_unknown,no_alert_not_final_benign,-1,dns,port
2025-07-19T23:03:27.650386+0700,103.195.142.74,118.98.44.100,32545,53,UDP,flow,dns,1751727591264210,,1,1,0,68,0,0.0,1,68,0,none,0,none,0,0,0,no_alert_unknown,no_alert_not_final_benign,-1,dns,app_proto+port
2025-07-19T23:03:27.650407+0700,103.195.142.75,8.8.8.8,2997,53,UDP,flow,dns,1380730993184745,,1,1,0,70,0,0.0,1,70,0,none,0,none,0,0,0,no_alert_unknown,no_alert_not_final_benign,-1,dns,app_proto+port
2025-07-19T23:03:27.650467+0700,103.195.142.2,208.67.217.168,53,15034,UDP,flow,failed,870710275805211,,1,1,0,132,0,0.0,1,132,0,none,0,none,0,0,0,no_alert_unknown,no_alert_not_final_benign,-1,dns,port
2025-07-19T23:03:27.650516+0700,103.195.142.83,87.98.154.162,53,42504,UDP,flow,failed,1955889850486886,,1,1,0,1190,0,0.0,1,1190,0,none,0,none,0,0,0,no_alert_unknown,no_alert_not_final_benign,-1,dns,port
2025-07-19T23:03:27.650536+0700,103.195.142.74,202.134.0.155,59160,53,UDP,flow,dns,1339812918726819,,1,1,0,79,0,0.0,1,79,0,none,0,none,0,0,0,no_alert_unknown,no_alert_not_final_benign,-1,dns,app_proto+port
2025-07-19T23:03:27.650584+0700,103.195.142.165,87.98.154.119,53,26384,UDP,flow,failed,1127216997732644,,1,1,0,1437,0,0.0,1,1437,0,none,0,none,0,0,0,no_alert_unknown,no_alert_not_final_benign,-1,dns,port
2025-07-19T23:03:27.650602+0700,103.195.142.109,87.98.154.119,53,3424,UDP,flow,failed,1954092466180460,,1,1,0,1437,0,0.0,1,1437,0,none,0,none,0,0,0,no_alert_unknown,no_alert_not_final_benign,-1,dns,port
2025-07-19T23:03:27.650642+0700,103.195.142.195,87.98.154.119,53,23206,UDP,flow,failed,2173304091709854,,1,1,0,1437,0,0.0,1,1437,0,none,0,none,0,0,0,no_alert_unknown,no_alert_not_final_benign,-1,dns,port
2025-07-19T23:03:27.650690+0700,103.195.142.75,8.8.8.8,56036,53,UDP,flow,dns,748185450254765,,1,3,0,264,0,33.0,3,264,0,none,0,none,0,0,0,no_alert_unknown,no_alert_not_final_benign,-1,dns,app_proto+port
2025-07-19T23:03:27.650719+0700,103.195.142.3,208.67.217.170,53,60215,UDP,flow,failed,1847197946352252,,1,1,0,159,0,0.0,1,159,0,none,0,none,0,0,0,no_alert_unknown,no_alert_not_final_benign,-1,dns,port
2025-07-19T23:03:27.650738+0700,103.195.142.109,87.98.154.119,53,49264,UDP,flow,failed,2112036120498842,,1,1,0,1437,0,0.0,1,1437,0,none,0,none,0,0,0,no_alert_unknown,no_alert_not_final_benign,-1,dns,port
2025-07-19T23:03:27.650757+0700,103.195.142.46,87.98.154.51,53,44994,UDP,flow,failed,1227428546810532,,1,3,0,4311,0,9.0,3,4311,0,none,0,none,0,0,0,no_alert_unknown,no_alert_not_final_benign,-1,dns,port
2025-07-19T23:03:27.650795+0700,103.195.142.74,202.134.0.155,3638,53,UDP,flow,dns,1601707394667330,,1,1,0,77,0,0.0,1,77,0,none,0,none,0,0,0,no_alert_unknown,no_alert_not_final_benign,-1,dns,app_proto+port
2025-07-19T23:03:27.650869+0700,103.195.142.196,87.98.154.119,53,31101,UDP,flow,failed,951575989851086,,1,1,0,1437,0,0.0,1,1437,0,none,0,none,0,0,0,no_alert_unknown,no_alert_not_final_benign,-1,dns,port
2025-07-19T23:03:27.650911+0700,103.195.142.2,93.17.128.193,53,45599,UDP,flow,failed,1969490990732298,,1,1,0,266,0,0.0,1,266,0,none,0,none,0,0,0,no_alert_unknown,no_alert_not_final_benign,-1,dns,port
2025-07-19T23:03:27.651024+0700,103.195.142.83,87.98.154.250,53,39618,UDP,flow,failed,1453258194818136,,1,1,0,1190,0,0.0,1,1190,0,none,0,none,0,0,0,no_alert_unknown,no_alert_not_final_benign,-1,dns,port
2025-07-19T23:03:27.651063+0700,103.195.142.75,8.8.8.8,33828,53,UDP,flow,dns,1443440599045218,,1,1,0,71,0,0.0,1,71,0,none,0,none,0,0,0,no_alert_unknown,no_alert_not_final_benign,-1,dns,app_proto+port
2025-07-19T23:03:27.651087+0700,103.195.142.109,87.98.154.119,53,63710,UDP,flow,failed,1120784395932909,,1,1,0,1437,0,0.0,1,1437,0,none,0,none,0,0,0,no_alert_unknown,no_alert_not_final_benign,-1,dns,port
2025-07-19T23:03:27.651148+0700,103.195.142.109,87.98.154.119,53,6860,UDP,flow,failed,1777300856640765,,1,1,0,1437,0,0.0,1,1437,0,none,0,none,0,0,0,no_alert_unknown,no_alert_not_final_benign,-1,dns,port
2025-07-19T23:03:27.651166+0700,103.195.142.83,87.98.154.106,53,14017,UDP,flow,failed,2214113051743497,,1,1,0,1190,0,0.0,1,1190,0,none,0,none,0,0,0,no_alert_unknown,no_alert_not_final_benign,-1,dns,port
2025-07-19T23:03:27.651185+0700,103.195.142.46,87.98.154.119,53,54129,UDP,flow,failed,2127421634712869,,1,1,0,1437,0,0.0,1,1437,0,none,0,none,0,0,0,no_alert_unknown,no_alert_not_final_benign,-1,dns,port
2025-07-19T23:03:27.651203+0700,103.195.142.75,8.8.8.8,10808,53,UDP,flow,dns,1379964182336827,,1,1,0,66,0,0.0,1,66,0,none,0,none,0,0,0,no_alert_unknown,no_alert_not_final_benign,-1,dns,app_proto+port
2025-07-19T23:03:27.651291+0700,103.195.142.46,87.98.154.67,53,62124,UDP,flow,failed,1889127977522560,,1,1,0,1437,0,0.0,1,1437,0,none,0,none,0,0,0,no_alert_unknown,no_alert_not_final_benign,-1,dns,port
2025-07-19T23:03:27.651310+0700,103.195.142.2,208.67.217.91,53,49466,UDP,flow,failed,1437677206967766,,1,1,0,132,0,0.0,1,132,0,none,0,none,0,0,0,no_alert_unknown,no_alert_not_final_benign,-1,dns,port
2025-07-19T23:03:27.651328+0700,103.195.142.109,87.98.154.21,53,62798,UDP,flow,failed,1343534542100050,,1,3,0,4311,0,9.0,3,4311,0,none,0,none,0,0,0,no_alert_unknown,no_alert_not_final_benign,-1,dns,port
2025-07-19T23:03:27.651414+0700,103.195.142.76,87.98.154.119,53,39629,UDP,flow,failed,1169320310478473,,1,1,0,1469,0,0.0,1,1469,0,none,0,none,0,0,0,no_alert_unknown,no_alert_not_final_benign,-1,dns,port
2025-07-19T23:03:27.651455+0700,103.195.142.46,87.98.154.119,53,3167,UDP,flow,failed,2207675825657520,,1,1,0,1437,0,0.0,1,1437,0,none,0,none,0,0,0,no_alert_unknown,no_alert_not_final_benign,-1,dns,port
2025-07-19T23:03:27.651476+0700,103.195.142.31,8.8.8.8,42978,53,UDP,flow,dns,1889961142064914,,1,1,0,101,0,0.0,1,101,0,none,0,none,0,0,0,no_alert_unknown,no_alert_not_final_benign,-1,dns,app_proto+port
2025-07-19T23:03:27.651559+0700,103.195.142.76,87.98.154.119,53,58464,UDP,flow,failed,924793312646993,,1,1,0,1469,0,0.0,1,1469,0,none,0,none,0,0,0,no_alert_unknown,no_alert_not_final_benign,-1,dns,port
2025-07-19T23:03:27.651577+0700,103.195.142.195,87.98.154.176,53,42161,UDP,flow,failed,1427627486156651,,1,1,0,1437,0,0.0,1,1437,0,none,0,none,0,0,0,no_alert_unknown,no_alert_not_final_benign,-1,dns,port
2025-07-19T23:03:27.651596+0700,103.195.142.165,87.98.154.93,53,32413,UDP,flow,failed,360534304364438,,1,3,0,4311,0,10.0,3,4311,0,none,0,none,0,0,0,no_alert_unknown,no_alert_not_final_benign,-1,dns,port
2025-07-19T23:03:27.651640+0700,103.195.142.76,87.98.154.118,53,5519,UDP,flow,failed,1759148044785592,,1,1,0,1469,0,0.0,1,1469,0,none,0,none,0,0,0,no_alert_unknown,no_alert_not_final_benign,-1,dns,port
2025-07-19T23:03:27.651658+0700,103.195.142.196,87.98.154.119,53,16443,UDP,flow,failed,1667176809174989,,1,1,0,1437,0,0.0,1,1437,0,none,0,none,0,0,0,no_alert_unknown,no_alert_not_final_benign,-1,dns,port
2025-07-19T23:03:27.651677+0700,103.195.142.74,118.98.44.100,12166,53,UDP,flow,dns,950996336646204,,1,1,0,73,0,0.0,1,73,0,none,0,none,0,0,0,no_alert_unknown,no_alert_not_final_benign,-1,dns,app_proto+port
2025-07-19T23:03:27.651697+0700,103.195.142.74,118.98.44.50,39440,53,UDP,flow,dns,1818462726985877,,1,1,0,86,0,0.0,1,86,0,none,0,none,0,0,0,no_alert_unknown,no_alert_not_final_benign,-1,dns,app_proto+port
2025-07-19T23:03:27.651717+0700,103.195.142.75,8.8.8.8,33826,53,UDP,flow,dns,1270421831096470,,1,1,0,214,0,0.0,1,214,0,none,0,none,0,0,0,no_alert_unknown,no_alert_not_final_benign,-1,dns,app_proto+port
2025-07-19T23:03:27.651737+0700,103.195.142.83,87.98.154.50,53,27033,UDP,flow,failed,1089523761354942,,1,3,0,3570,0,10.0,3,3570,0,none,0,none,0,0,0,no_alert_unknown,no_alert_not_final_benign,-1,dns,port
2025-07-19T23:03:27.651802+0700,103.195.142.196,87.98.154.119,53,44996,UDP,flow,failed,1900374986135866,,1,1,0,1437,0,0.0,1,1437,0,none,0,none,0,0,0,no_alert_unknown,no_alert_not_final_benign,-1,dns,port
2025-07-19T23:03:27.651820+0700,103.195.142.195,87.98.154.119,53,28839,UDP,flow,failed,2029814296353092,,1,1,0,1437,0,0.0,1,1437,0,none,0,none,0,0,0,no_alert_unknown,no_alert_not_final_benign,-1,dns,port
2025-07-19T23:03:27.651839+0700,103.195.142.46,87.98.154.247,53,7073,UDP,flow,failed,1279971140049237,,1,1,0,1437,0,0.0,1,1437,0,none,0,none,0,0,0,no_alert_unknown,no_alert_not_final_benign,-1,dns,port
2025-07-19T23:03:27.651901+0700,103.195.142.196,87.98.154.119,53,25085,UDP,flow,failed,1106339589921196,,1,1,0,1437,0,0.0,1,1437,0,none,0,none,0,0,0,no_alert_unknown,no_alert_not_final_benign,-1,dns,port
2025-07-19T23:03:27.651924+0700,103.195.142.75,8.8.8.8,6097,53,UDP,flow,dns,184237008361935,,1,1,0,79,0,0.0,1,79,0,none,0,none,0,0,0,no_alert_unknown,no_alert_not_final_benign,-1,dns,app_proto+port
2025-07-19T23:03:27.651965+0700,103.195.142.196,87.98.154.119,53,40950,UDP,flow,failed,1623734636845539,,1,1,0,1437,0,0.0,1,1437,0,none,0,none,0,0,0,no_alert_unknown,no_alert_not_final_benign,-1,dns,port
2025-07-19T23:03:27.652022+0700,103.195.142.109,87.98.154.117,53,47837,UDP,flow,failed,1568818277325345,,1,1,0,1437,0,0.0,1,1437,0,none,0,none,0,0,0,no_alert_unknown,no_alert_not_final_benign,-1,dns,port
2025-07-19T23:03:27.652063+0700,103.195.142.109,87.98.154.241,53,60056,UDP,flow,failed,1874972772014698,,1,1,0,1437,0,0.0,1,1437,0,none,0,none,0,0,0,no_alert_unknown,no_alert_not_final_benign,-1,dns,port
2025-07-19T23:03:27.652091+0700,103.195.142.83,87.98.154.50,53,32532,UDP,flow,failed,2188735859595938,,1,1,0,1190,0,0.0,1,1190,0,none,0,none,0,0,0,no_alert_unknown,no_alert_not_final_benign,-1,dns,port
2025-07-19T23:03:27.652123+0700,103.195.142.196,87.98.154.119,53,13192,UDP,flow,failed,1301960601508515,,1,1,0,1437,0,0.0,1,1437,0,none,0,none,0,0,0,no_alert_unknown,no_alert_not_final_benign,-1,dns,port
2025-07-19T23:03:27.652164+0700,103.195.142.109,87.98.154.189,53,33221,UDP,flow,failed,1010264131181344,,1,1,0,1437,0,0.0,1,1437,0,none,0,none,0,0,0,no_alert_unknown,no_alert_not_final_benign,-1,dns,port
2025-07-19T23:03:27.652203+0700,103.195.142.195,87.98.154.119,53,28819,UDP,flow,failed,1644821789940576,,1,1,0,1437,0,0.0,1,1437,0,none,0,none,0,0,0,no_alert_unknown,no_alert_not_final_benign,-1,dns,port
2025-07-19T23:03:27.652221+0700,103.195.142.165,87.98.154.205,53,54557,UDP,flow,failed,1355887617383264,,1,1,0,1437,0,0.0,1,1437,0,none,0,none,0,0,0,no_alert_unknown,no_alert_not_final_benign,-1,dns,port
2025-07-19T23:03:27.652264+0700,103.195.142.46,87.98.154.23,53,50854,UDP,flow,failed,179101680212862,,1,1,0,1437,0,0.0,1,1437,0,none,0,none,0,0,0,no_alert_unknown,no_alert_not_final_benign,-1,dns,port
2025-07-19T23:03:27.652283+0700,103.195.142.196,87.98.154.201,53,7040,UDP,flow,failed,1992561505016708,,1,1,0,1437,0,0.0,1,1437,0,none,0,none,0,0,0,no_alert_unknown,no_alert_not_final_benign,-1,dns,port
2025-07-19T23:03:27.652301+0700,103.195.142.3,208.67.217.91,53,11772,UDP,flow,failed,1587654430890906,,1,1,0,132,0,0.0,1,132,0,none,0,none,0,0,0,no_alert_unknown,no_alert_not_final_benign,-1,dns,port
2025-07-19T23:03:27.652319+0700,103.195.142.109,87.98.154.133,53,42181,UDP,flow,failed,1153977883565063,,1,1,0,1437,0,0.0,1,1437,0,none,0,none,0,0,0,no_alert_unknown,no_alert_not_final_benign,-1,dns,port
2025-07-19T23:03:27.652359+0700,103.195.142.165,87.98.154.29,53,8092,UDP,flow,failed,1470994622061587,,1,1,0,1437,0,0.0,1,1437,0,none,0,none,0,0,0,no_alert_unknown,no_alert_not_final_benign,-1,dns,port
2025-07-19T23:03:27.652588+0700,103.195.142.46,87.98.154.119,53,27534,UDP,flow,failed,1995107962920130,,1,1,0,1437,0,0.0,1,1437,0,none,0,none,0,0,0,no_alert_unknown,no_alert_not_final_benign,-1,dns,port
2025-07-19T23:03:27.652646+0700,103.195.142.83,87.98.154.78,53,22760,UDP,flow,failed,1971327073000674,,1,1,0,1190,0,0.0,1,1190,0,none,0,none,0,0,0,no_alert_unknown,no_alert_not_final_benign,-1,dns,port
2025-07-19T23:03:27.652668+0700,103.195.142.75,8.8.8.8,12213,53,UDP,flow,dns,2100459440708854,,1,1,0,68,0,0.0,1,68,0,none,0,none,0,0,0,no_alert_unknown,no_alert_not_final_benign,-1,dns,app_proto+port
2025-07-19T23:03:27.652689+0700,103.195.142.74,118.98.44.50,8704,53,UDP,flow,dns,1676822107921659,,1,1,0,77,0,0.0,1,77,0,none,0,none,0,0,0,no_alert_unknown,no_alert_not_final_benign,-1,dns,app_proto+port
2025-07-19T23:03:27.652709+0700,103.195.142.76,87.98.154.119,53,44718,UDP,flow,failed,947551553854731,,1,1,0,1469,0,0.0,1,1469,0,none,0,none,0,0,0,no_alert_unknown,no_alert_not_final_benign,-1,dns,port
2025-07-19T23:03:27.652728+0700,103.195.142.74,118.98.44.20,43463,53,UDP,flow,dns,971095024934163,,1,1,0,75,0,0.0,1,75,0,none,0,none,0,0,0,no_alert_unknown,no_alert_not_final_benign,-1,dns,app_proto+port
2025-07-19T23:03:27.652775+0700,103.195.142.165,87.98.154.121,53,18647,UDP,flow,failed,1131860186635553,,1,1,0,1437,0,0.0,1,1437,0,none,0,none,0,0,0,no_alert_unknown,no_alert_not_final_benign,-1,dns,port
2025-07-19T23:03:27.652794+0700,103.195.142.109,87.98.154.119,53,27210,UDP,flow,failed,1752437594791267,,1,1,0,1437,0,0.0,1,1437,0,none,0,none,0,0,0,no_alert_unknown,no_alert_not_final_benign,-1,dns,port
2025-07-19T23:03:27.652833+0700,103.195.142.74,202.134.0.155,51387,53,UDP,flow,dns,1568748472704371,,1,1,0,214,0,0.0,1,214,0,none,0,none,0,0,0,no_alert_unknown,no_alert_not_final_benign,-1,dns,app_proto+port
2025-07-19T23:03:27.652899+0700,103.195.142.74,50.28.104.44,43591,53,UDP,flow,dns,897698963660263,,1,1,0,85,0,0.0,1,85,0,none,0,none,0,0,0,no_alert_unknown,no_alert_not_final_benign,-1,dns,app_proto+port
2025-07-19T23:03:27.652924+0700,103.195.142.83,87.98.154.162,53,25323,UDP,flow,failed,1255317124816368,,1,1,0,1190,0,0.0,1,1190,0,none,0,none,0,0,0,no_alert_unknown,no_alert_not_final_benign,-1,dns,port
2025-07-19T23:03:27.652943+0700,103.195.142.74,202.134.0.155,41817,53,UDP,flow,dns,241689987522035,,1,1,0,82,0,0.0,1,82,0,none,0,none,0,0,0,no_alert_unknown,no_alert_not_final_benign,-1,dns,app_proto+port
2025-07-19T23:03:27.652963+0700,103.195.142.74,118.98.44.20,52176,53,UDP,flow,dns,1392074092649972,,1,1,0,214,0,0.0,1,214,0,none,0,none,0,0,0,no_alert_unknown,no_alert_not_final_benign,-1,dns,app_proto+port
2025-07-19T23:03:27.713581+0700,103.195.142.75,69.39.238.37,18879,53,UDP,dns,,2220386146985494,wire/pcap,0,0,0,0,0,0.0,0,0,0,none,0,none,0,0,0,no_alert_unknown,no_alert_not_final_benign,-1,dns,port
2025-07-19T23:03:27.750914+0700,103.195.142.74,202.134.0.155,4855,53,UDP,dns,,2099254637493481,wire/pcap,0,0,0,0,0,0.0,0,0,0,none,0,none,0,0,0,no_alert_unknown,no_alert_not_final_benign,-1,dns,port
2025-07-19T23:03:27.752568+0700,103.195.142.83,87.98.154.119,53,33808,UDP,flow,failed,1599573345528670,,1,1,0,1190,0,0.0,1,1190,0,none,0,none,0,0,0,no_alert_unknown,no_alert_not_final_benign,-1,dns,port
2025-07-19T23:03:27.819670+0700,103.195.142.74,118.98.44.100,2989,53,UDP,dns,,2113081602075125,wire/pcap,0,0,0,0,0,0.0,0,0,0,none,0,none,0,0,0,no_alert_unknown,no_alert_not_final_benign,-1,dns,port
2025-07-19T23:03:27.866424+0700,103.195.142.74,118.98.44.20,33299,53,UDP,dns,,2032416422748595,wire/pcap,0,0,0,0,0,0.0,0,0,0,none,0,none,0,0,0,no_alert_unknown,no_alert_not_final_benign,-1,dns,port
2025-07-19T23:03:27.881494+0700,103.195.142.74,118.98.44.20,41050,53,UDP,dns,,2097140847729676,wire/pcap,0,0,0,0,0,0.0,0,0,0,none,0,none,0,0,0,no_alert_unknown,no_alert_not_final_benign,-1,dns,port
2025-07-19T23:03:27.902828+0700,103.195.142.74,118.98.44.100,4491,53,UDP,dns,,2188770490037797,wire/pcap,0,0,0,0,0,0.0,0,0,0,none,0,none,0,0,0,no_alert_unknown,no_alert_not_final_benign,-1,dns,port
2025-07-19T23:03:27.911996+0700,103.195.142.74,118.98.44.100,39492,53,UDP,dns,,2228146587125567,wire/pcap,0,0,0,0,0,0.0,0,0,0,none,0,none,0,0,0,no_alert_unknown,no_alert_not_final_benign,-1,dns,port
2025-07-19T23:03:27.927479+0700,103.195.142.74,118.98.44.20,43014,53,UDP,dns,,2013167411978107,wire/pcap,0,0,0,0,0,0.0,0,0,0,none,0,none,0,0,0,no_alert_unknown,no_alert_not_final_benign,-1,dns,port
2025-07-19T23:03:27.927586+0700,103.195.142.74,202.134.0.155,44548,53,UDP,dns,,2013628065672676,wire/pcap,0,0,0,0,0,0.0,0,0,0,none,0,none,0,0,0,no_alert_unknown,no_alert_not_final_benign,-1,dns,port
2025-07-19T23:03:27.928778+0700,103.195.142.108,8.8.8.8,1900,53,UDP,dns,,1216074754602613,wire/pcap,0,0,0,0,0,0.0,0,0,0,none,0,none,0,0,0,no_alert_unknown,no_alert_not_final_benign,-1,dns,port
2025-07-19T23:03:27.933117+0700,103.195.142.74,118.98.44.100,27509,53,UDP,dns,,2037382451860831,wire/pcap,0,0,0,0,0,0.0,0,0,0,none,0,none,0,0,0,no_alert_unknown,no_alert_not_final_benign,-1,dns,port
2025-07-19T23:03:27.943118+0700,103.195.142.74,202.134.0.155,45951,53,UDP,dns,,2080340393836198,wire/pcap,0,0,0,0,0,0.0,0,0,0,none,0,none,0,0,0,no_alert_unknown,no_alert_not_final_benign,-1,dns,port
2025-07-19T23:03:27.951451+0700,103.195.142.75,8.8.8.8,47134,53,UDP,dns,,2116128285191182,wire/pcap,0,0,0,0,0,0.0,0,0,0,none,0,none,0,0,0,no_alert_unknown,no_alert_not_final_benign,-1,dns,port
2025-07-19T23:03:27.990958+0700,103.195.142.75,69.39.238.37,60255,53,UDP,dns,,2004334043618413,wire/pcap,0,0,0,0,0,0.0,0,0,0,none,0,none,0,0,0,no_alert_unknown,no_alert_not_final_benign,-1,dns,port
2025-07-19T23:03:28.003731+0700,103.195.142.74,118.98.44.100,55896,53,UDP,dns,,16026857670112,wire/pcap,0,0,0,0,0,0.0,0,0,0,none,0,none,0,0,0,no_alert_unknown,no_alert_not_final_benign,-1,dns,port
2025-07-19T23:03:28.027060+0700,103.195.142.74,118.98.44.100,11670,53,UDP,dns,,116225858806919,wire/pcap,0,0,0,0,0,0.0,0,0,0,none,0,none,0,0,0,no_alert_unknown,no_alert_not_final_benign,-1,dns,port
2025-07-19T23:03:28.028204+0700,103.195.142.74,118.98.44.20,44524,53,UDP,dns,,121135843021694,wire/pcap,0,0,0,0,0,0.0,0,0,0,none,0,none,0,0,0,no_alert_unknown,no_alert_not_final_benign,-1,dns,port
2025-07-19T23:03:28.028344+0700,103.195.142.75,8.8.8.8,54578,53,UDP,flow,dns,411794666787710,,1,1,0,81,0,0.0,1,81,0,none,0,none,0,0,0,no_alert_unknown,no_alert_not_final_benign,-1,dns,app_proto+port
2025-07-19T23:03:28.028322+0700,103.195.142.74,118.98.44.100,25128,53,UDP,dns,,121643202403115,wire/pcap,0,0,0,0,0,0.0,0,0,0,none,0,none,0,0,0,no_alert_unknown,no_alert_not_final_benign,-1,dns,port
2025-07-19T23:03:28.047849+0700,103.195.142.74,202.134.0.155,62553,53,UDP,dns,,205510202115664,wire/pcap,0,0,0,0,0,0.0,0,0,0,none,0,none,0,0,0,no_alert_unknown,no_alert_not_final_benign,-1,dns,port
2025-07-19T23:03:28.047939+0700,103.195.142.74,118.98.44.100,7248,53,UDP,dns,,205897978803366,wire/pcap,0,0,0,0,0,0.0,0,0,0,none,0,none,0,0,0,no_alert_unknown,no_alert_not_final_benign,-1,dns,port
2025-07-19T23:03:28.053350+0700,103.195.142.74,118.98.44.20,51590,53,UDP,dns,,229138759815750,wire/pcap,0,0,0,0,0,0.0,0,0,0,none,0,none,0,0,0,no_alert_unknown,no_alert_not_final_benign,-1,dns,port
2025-07-19T23:03:28.063344+0700,103.195.142.74,118.98.44.100,33105,53,UDP,dns,,272061681898371,wire/pcap,0,0,0,0,0,0.0,0,0,0,none,0,none,0,0,0,no_alert_unknown,no_alert_not_final_benign,-1,dns,port
2025-07-19T23:03:28.066795+0700,103.195.142.74,118.98.44.100,23157,53,UDP,dns,,5410347227230,wire/pcap,0,0,0,0,0,0.0,0,0,0,none,0,none,0,0,0,no_alert_unknown,no_alert_not_final_benign,-1,dns,port
2025-07-19T23:03:28.066921+0700,103.195.142.74,118.98.44.100,5750,53,UDP,dns,,5950470539689,wire/pcap,0,0,0,0,0,0.0,0,0,0,none,0,none,0,0,0,no_alert_unknown,no_alert_not_final_benign,-1,dns,port
2025-07-19T23:03:28.070584+0700,103.195.142.74,118.98.44.20,25827,53,UDP,dns,,21683655251354,wire/pcap,0,0,0,0,0,0.0,0,0,0,none,0,none,0,0,0,no_alert_unknown,no_alert_not_final_benign,-1,dns,port
2025-07-19T23:03:28.073707+0700,103.195.142.75,8.8.8.8,64236,53,UDP,dns,,35097589266608,wire/pcap,0,0,0,0,0,0.0,0,0,0,none,0,none,0,0,0,no_alert_unknown,no_alert_not_final_benign,-1,dns,port
2025-07-19T23:03:28.076261+0700,103.195.142.74,118.98.44.50,27198,53,UDP,dns,,46065199486693,wire/pcap,0,0,0,0,0,0.0,0,0,0,none,0,none,0,0,0,no_alert_unknown,no_alert_not_final_benign,-1,dns,port
2025-07-19T23:03:28.081849+0700,103.195.142.74,118.98.44.20,26176,53,UDP,dns,,70067644265920,wire/pcap,0,0,0,0,0,0.0,0,0,0,none,0,none,0,0,0,no_alert_unknown,no_alert_not_final_benign,-1,dns,port
2025-07-19T23:03:28.094846+0700,103.195.142.74,118.98.44.50,32023,53,UDP,dns,,125885899325257,wire/pcap,0,0,0,0,0,0.0,0,0,0,none,0,none,0,0,0,no_alert_unknown,no_alert_not_final_benign,-1,dns,port
2025-07-19T23:03:28.105851+0700,103.195.142.74,202.134.0.155,51744,53,UDP,dns,,173152514765628,wire/pcap,0,0,0,0,0,0.0,0,0,0,none,0,none,0,0,0,no_alert_unknown,no_alert_not_final_benign,-1,dns,port
2025-07-19T23:03:28.106073+0700,103.195.142.74,118.98.44.100,27960,53,UDP,dns,,174108347374780,wire/pcap,0,0,0,0,0,0.0,0,0,0,none,0,none,0,0,0,no_alert_unknown,no_alert_not_final_benign,-1,dns,port
2025-07-19T23:03:28.112955+0700,103.195.142.74,202.134.0.155,30110,53,UDP,dns,,203666525513682,wire/pcap,0,0,0,0,0,0.0,0,0,0,none,0,none,0,0,0,no_alert_unknown,no_alert_not_final_benign,-1,dns,port
2025-07-19T23:03:28.128685+0700,103.195.142.74,118.98.44.100,49472,53,UDP,dns,,271226793411867,wire/pcap,0,0,0,0,0,0.0,0,0,0,none,0,none,0,0,0,no_alert_unknown,no_alert_not_final_benign,-1,dns,port
2025-07-19T23:03:28.131901+0700,103.195.142.75,8.8.8.8,24591,53,UDP,dns,,3560821669625,wire/pcap,0,0,0,0,0,0.0,0,0,0,none,0,none,0,0,0,no_alert_unknown,no_alert_not_final_benign,-1,dns,port
2025-07-19T23:03:28.131974+0700,103.195.142.74,118.98.44.100,17926,53,UDP,dns,,3876369855586,wire/pcap,0,0,0,0,0,0.0,0,0,0,none,0,none,0,0,0,no_alert_unknown,no_alert_not_final_benign,-1,dns,port
2025-07-19T23:03:28.141395+0700,103.195.142.74,118.98.44.50,8741,53,UDP,dns,,44337611197368,wire/pcap,0,0,0,0,0,0.0,0,0,0,none,0,none,0,0,0,no_alert_unknown,no_alert_not_final_benign,-1,dns,port
2025-07-19T23:03:28.144745+0700,103.195.142.75,8.8.8.8,41712,53,UDP,dns,,58728883665644,wire/pcap,0,0,0,0,0,0.0,0,0,0,none,0,none,0,0,0,no_alert_unknown,no_alert_not_final_benign,-1,dns,port
2025-07-19T23:03:28.144757+0700,103.195.142.75,8.8.8.8,29109,53,UDP,dns,,58777207390086,wire/pcap,0,0,0,0,0,0.0,0,0,0,none,0,none,0,0,0,no_alert_unknown,no_alert_not_final_benign,-1,dns,port
2025-07-19T23:03:28.158137+0700,103.195.142.74,202.134.0.155,41575,53,UDP,dns,,116244733018939,wire/pcap,0,0,0,0,0,0.0,0,0,0,none,0,none,0,0,0,no_alert_unknown,no_alert_not_final_benign,-1,dns,port
2025-07-19T23:03:28.167911+0700,103.195.142.75,8.8.8.8,7211,53,UDP,dns,,158226187071281,wire/pcap,0,0,0,0,0,0.0,0,0,0,none,0,none,0,0,0,no_alert_unknown,no_alert_not_final_benign,-1,dns,port
2025-07-19T23:03:28.180736+0700,103.195.142.74,118.98.44.20,47361,53,UDP,dns,,213308116871315,wire/pcap,0,0,0,0,0,0.0,0,0,0,none,0,none,0,0,0,no_alert_unknown,no_alert_not_final_benign,-1,dns,port
2025-07-19T23:03:28.180864+0700,103.195.142.74,118.98.44.20,49074,53,UDP,dns,,213856266033866,wire/pcap,0,0,0,0,0,0.0,0,0,0,none,0,none,0,0,0,no_alert_unknown,no_alert_not_final_benign,-1,dns,port
2025-07-19T23:03:28.193607+0700,103.195.142.75,8.8.8.8,42093,53,UDP,dns,,268587208982112,wire/pcap,0,0,0,0,0,0.0,0,0,0,none,0,none,0,0,0,no_alert_unknown,no_alert_not_final_benign,-1,dns,port
2025-07-19T23:03:28.203679+0700,103.195.142.74,118.98.44.100,56582,53,UDP,dns,,30373390623638,wire/pcap,0,0,0,0,0,0.0,0,0,0,none,0,none,0,0,0,no_alert_unknown,no_alert_not_final_benign,-1,dns,port
2025-07-19T23:03:28.214616+0700,103.195.142.74,118.98.44.100,26423,53,UDP,dns,,77347578209278,wire/pcap,0,0,0,0,0,0.0,0,0,0,none,0,none,0,0,0,no_alert_unknown,no_alert_not_final_benign,-1,dns,port
2025-07-19T23:03:28.229837+0700,103.195.142.75,8.8.8.8,61554,53,UDP,dns,,142721036085891,wire/pcap,0,0,0,0,0,0.0,0,0,0,none,0,none,0,0,0,no_alert_unknown,no_alert_not_final_benign,-1,dns,port
2025-07-19T23:03:28.229878+0700,103.195.142.75,8.8.8.8,18419,53,UDP,dns,,142896267542022,wire/pcap,0,0,0,0,0,0.0,0,0,0,none,0,none,0,0,0,no_alert_unknown,no_alert_not_final_benign,-1,dns,port
2025-07-19T23:03:28.229963+0700,103.195.142.74,202.134.0.155,5507,53,UDP,dns,,143260011446636,wire/pcap,0,0,0,0,0,0.0,0,0,0,none,0,none,0,0,0,no_alert_unknown,no_alert_not_final_benign,-1,dns,port
2025-07-19T23:03:28.230791+0700,103.195.142.74,8.8.8.8,48907,53,UDP,dns,,146817173872762,wire/pcap,0,0,0,0,0,0.0,0,0,0,none,0,none,0,0,0,no_alert_unknown,no_alert_not_final_benign,-1,dns,port
2025-07-19T23:03:28.245064+0700,103.195.142.74,118.98.44.100,46037,53,UDP,dns,,208118675486624,wire/pcap,0,0,0,0,0,0.0,0,0,0,none,0,none,0,0,0,no_alert_unknown,no_alert_not_final_benign,-1,dns,port
2025-07-19T23:03:28.268942+0700,103.195.142.74,118.98.44.20,5582,53,UDP,dns,,29199510900197,wire/pcap,0,0,0,0,0,0.0,0,0,0,none,0,none,0,0,0,no_alert_unknown,no_alert_not_final_benign,-1,dns,port
2025-07-19T23:03:28.269107+0700,103.195.142.74,118.98.44.100,52429,53,UDP,dns,,29908221244668,wire/pcap,0,0,0,0,0,0.0,0,0,0,none,0,none,0,0,0,no_alert_unknown,no_alert_not_final_benign,-1,dns,port
2025-07-19T23:03:28.272800+0700,103.195.142.74,202.134.0.155,6735,53,UDP,dns,,45767701676621,wire/pcap,0,0,0,0,0,0.0,0,0,0,none,0,none,0,0,0,no_alert_unknown,no_alert_not_final_benign,-1,dns,port
2025-07-19T23:03:28.306780+0700,103.195.142.74,202.134.0.155,58820,53,UDP,dns,,191714237717706,wire/pcap,0,0,0,0,0,0.0,0,0,0,none,0,none,0,0,0,no_alert_unknown,no_alert_not_final_benign,-1,dns,port
2025-07-19T23:03:28.306998+0700,103.195.142.75,8.8.8.8,1041,53,UDP,dns,,192649428767398,wire/pcap,0,0,0,0,0,0.0,0,0,0,none,0,none,0,0,0,no_alert_unknown,no_alert_not_final_benign,-1,dns,port
2025-07-19T23:03:28.338288+0700,103.195.142.74,118.98.44.100,56468,53,UDP,dns,,45563931107084,wire/pcap,0,0,0,0,0,0.0,0,0,0,none,0,none,0,0,0,no_alert_unknown,no_alert_not_final_benign,-1,dns,port
2025-07-19T23:03:28.341721+0700,103.195.142.74,118.98.44.50,55993,53,UDP,dns,,60307981822663,wire/pcap,0,0,0,0,0,0.0,0,0,0,none,0,none,0,0,0,no_alert_unknown,no_alert_not_final_benign,-1,dns,port
2025-07-19T23:03:28.362676+0700,103.195.142.46,87.98.154.159,53,13854,UDP,flow,failed,485407489803493,,1,1,0,1437,0,0.0,1,1437,0,none,0,none,0,0,0,no_alert_unknown,no_alert_not_final_benign,-1,dns,port
2025-07-19T23:03:28.362929+0700,103.195.142.75,8.8.8.8,49298,53,UDP,dns,,151397222162492,wire/pcap,0,0,0,0,0,0.0,0,0,0,none,0,none,0,0,0,no_alert_unknown,no_alert_not_final_benign,-1,dns,port
2025-07-19T23:03:28.389652+0700,103.195.142.74,118.98.44.100,62267,53,UDP,dns,,266170393569063,wire/pcap,0,0,0,0,0,0.0,0,0,0,none,0,none,0,0,0,no_alert_unknown,no_alert_not_final_benign,-1,dns,port
2025-07-19T23:03:28.397089+0700,103.195.142.108,8.8.8.8,17759,53,UDP,dns,,16638688943041,wire/pcap,0,0,0,0,0,0.0,0,0,0,none,0,none,0,0,0,no_alert_unknown,no_alert_not_final_benign,-1,dns,port
2025-07-19T23:03:28.403408+0700,103.195.142.74,118.98.44.100,10196,53,UDP,dns,,43776329663943,wire/pcap,0,0,0,0,0,0.0,0,0,0,none,0,none,0,0,0,no_alert_unknown,no_alert_not_final_benign,-1,dns,port
2025-07-19T23:03:28.443269+0700,103.195.142.74,118.98.44.50,56358,53,UDP,dns,,214977874013576,wire/pcap,0,0,0,0,0,0.0,0,0,0,none,0,none,0,0,0,no_alert_unknown,no_alert_not_final_benign,-1,dns,port
2025-07-19T23:03:28.448698+0700,103.195.142.74,118.98.44.100,33866,53,UDP,dns,,238294740345309,wire/pcap,0,0,0,0,0,0.0,0,0,0,none,0,none,0,0,0,no_alert_unknown,no_alert_not_final_benign,-1,dns,port
2025-07-19T23:03:28.473289+0700,103.195.142.74,202.134.0.155,41576,53,UDP,flow,dns,1729612416903375,,1,1,0,68,0,0.0,1,68,0,none,0,none,0,0,0,no_alert_unknown,no_alert_not_final_benign,-1,dns,app_proto+port
2025-07-19T23:03:28.473535+0700,103.195.142.75,8.8.8.8,60139,53,UDP,dns,,63493241504796,wire/pcap,0,0,0,0,0,0.0,0,0,0,none,0,none,0,0,0,no_alert_unknown,no_alert_not_final_benign,-1,dns,port
2025-07-19T23:03:28.474629+0700,103.195.142.74,118.98.44.20,13058,53,UDP,dns,,68194277798442,wire/pcap,0,0,0,0,0,0.0,0,0,0,none,0,none,0,0,0,no_alert_unknown,no_alert_not_final_benign,-1,dns,port
2025-07-19T23:03:28.474717+0700,103.195.142.74,118.98.44.20,36290,53,UDP,dns,,68572496001024,wire/pcap,0,0,0,0,0,0.0,0,0,0,none,0,none,0,0,0,no_alert_unknown,no_alert_not_final_benign,-1,dns,port
2025-07-19T23:03:28.584168+0700,103.195.142.74,118.98.44.50,53146,53,UDP,dns,,257184876526499,wire/pcap,0,0,0,0,0,0.0,0,0,0,none,0,none,0,0,0,no_alert_unknown,no_alert_not_final_benign,-1,dns,port
2025-07-19T23:03:28.598633+0700,103.195.142.74,118.98.44.50,8336,53,UDP,dns,,37838212907170,wire/pcap,0,0,0,0,0,0.0,0,0,0,none,0,none,0,0,0,no_alert_unknown,no_alert_not_final_benign,-1,dns,port
2025-07-19T23:03:28.598758+0700,103.195.142.75,8.8.8.8,49044,53,UDP,dns,,38375070538761,wire/pcap,0,0,0,0,0,0.0,0,0,0,none,0,none,0,0,0,no_alert_unknown,no_alert_not_final_benign,-1,dns,port
2025-07-19T23:03:28.636695+0700,103.195.142.74,118.98.44.20,7921,53,UDP,flow,dns,1930542013161021,,1,1,0,75,0,0.0,1,75,0,none,0,none,0,0,0,no_alert_unknown,no_alert_not_final_benign,-1,dns,app_proto+port
2025-07-19T23:03:28.636767+0700,103.195.142.74,118.98.44.100,61828,53,UDP,flow,dns,1367017565920845,,1,1,0,85,0,0.0,1,85,0,none,0,none,0,0,0,no_alert_unknown,no_alert_not_final_benign,-1,dns,app_proto+port
2025-07-19T23:03:28.636809+0700,103.195.142.76,87.98.154.119,53,3603,UDP,flow,failed,37743675645550,,1,1,0,1469,0,0.0,1,1469,0,none,0,none,0,0,0,no_alert_unknown,no_alert_not_final_benign,-1,dns,port
2025-07-19T23:03:28.636832+0700,103.195.142.74,202.134.0.155,6956,53,UDP,flow,dns,881077671435905,,1,1,0,80,0,0.0,1,80,0,none,0,none,0,0,0,no_alert_unknown,no_alert_not_final_benign,-1,dns,app_proto+port
2025-07-19T23:03:28.636882+0700,103.195.142.83,87.98.154.119,53,37209,UDP,flow,failed,1824479622864541,,1,1,0,1190,0,0.0,1,1190,0,none,0,none,0,0,0,no_alert_unknown,no_alert_not_final_benign,-1,dns,port
2025-07-19T23:03:28.636902+0700,103.195.142.2,23.129.64.55,53,60624,UDP,flow,failed,1977164976758436,,1,1,0,148,0,0.0,1,148,0,none,0,none,0,0,0,no_alert_unknown,no_alert_not_final_benign,-1,dns,port
2025-07-19T23:03:28.636922+0700,103.195.142.165,87.98.154.205,53,48328,UDP,flow,failed,934070024281773,,1,1,0,1437,0,0.0,1,1437,0,none,0,none,0,0,0,no_alert_unknown,no_alert_not_final_benign,-1,dns,port
2025-07-19T23:03:28.636941+0700,103.195.142.3,208.67.217.165,53,61904,UDP,flow,failed,1201371640700625,,1,1,0,159,0,0.0,1,159,0,none,0,none,0,0,0,no_alert_unknown,no_alert_not_final_benign,-1,dns,port
2025-07-19T23:03:28.636985+0700,103.195.142.196,87.98.154.29,53,36914,UDP,flow,failed,1254821315288858,,1,1,0,1437,0,0.0,1,1437,0,none,0,none,0,0,0,no_alert_unknown,no_alert_not_final_benign,-1,dns,port
2025-07-19T23:03:28.637004+0700,103.195.142.83,87.98.154.250,53,62177,UDP,flow,failed,157242844061482,,1,1,0,1190,0,0.0,1,1190,0,none,0,none,0,0,0,no_alert_unknown,no_alert_not_final_benign,-1,dns,port
2025-07-19T23:03:28.637022+0700,103.195.142.74,118.98.44.20,36248,53,UDP,flow,dns,1084652793831211,,1,1,0,68,0,0.0,1,68,0,none,0,none,0,0,0,no_alert_unknown,no_alert_not_final_benign,-1,dns,app_proto+port
2025-07-19T23:03:28.637043+0700,103.195.142.75,8.8.8.8,7233,53,UDP,flow,dns,983602555723588,,1,1,0,223,0,0.0,1,223,0,none,0,none,0,0,0,no_alert_unknown,no_alert_not_final_benign,-1,dns,app_proto+port
2025-07-19T23:03:28.637063+0700,103.195.142.46,87.98.154.119,53,25697,UDP,flow,failed,1644407348207456,,1,1,0,1437,0,0.0,1,1437,0,none,0,none,0,0,0,no_alert_unknown,no_alert_not_final_benign,-1,dns,port
2025-07-19T23:03:28.637124+0700,103.195.142.83,87.98.154.242,53,56878,UDP,flow,failed,2214555919327158,,1,1,0,1190,0,0.0,1,1190,0,none,0,none,0,0,0,no_alert_unknown,no_alert_not_final_benign,-1,dns,port
2025-07-19T23:03:28.637150+0700,103.195.142.3,74.114.31.154,53,56489,UDP,flow,failed,1099054276026301,,1,1,0,155,0,0.0,1,155,0,none,0,none,0,0,0,no_alert_unknown,no_alert_not_final_benign,-1,dns,port
2025-07-19T23:03:28.637169+0700,103.195.142.74,118.98.44.100,57331,53,UDP,flow,dns,121032310661059,,1,1,0,80,0,0.0,1,80,0,none,0,none,0,0,0,no_alert_unknown,no_alert_not_final_benign,-1,dns,app_proto+port
2025-07-19T23:03:28.637190+0700,103.195.142.76,87.98.154.166,53,42581,UDP,flow,failed,780027886182340,,1,3,0,4407,0,10.0,3,4407,0,none,0,none,0,0,0,no_alert_unknown,no_alert_not_final_benign,-1,dns,port
2025-07-19T23:03:28.637290+0700,103.195.142.74,202.134.0.155,5956,53,UDP,flow,dns,1803654492004396,,1,1,0,90,0,0.0,1,90,0,none,0,none,0,0,0,no_alert_unknown,no_alert_not_final_benign,-1,dns,app_proto+port
2025-07-19T23:03:28.637310+0700,103.195.142.74,202.134.0.155,54763,53,UDP,flow,dns,2222741090213942,,1,1,0,85,0,0.0,1,85,0,none,0,none,0,0,0,no_alert_unknown,no_alert_not_final_benign,-1,dns,app_proto+port
2025-07-19T23:03:28.637338+0700,103.195.142.74,118.98.44.20,43317,53,UDP,flow,dns,1485461351440439,,1,1,0,214,0,0.0,1,214,0,none,0,none,0,0,0,no_alert_unknown,no_alert_not_final_benign,-1,dns,app_proto+port
2025-07-19T23:03:28.637384+0700,103.195.142.74,118.98.44.100,42563,53,UDP,flow,dns,1470789244821590,,1,1,0,74,0,0.0,1,74,0,none,0,none,0,0,0,no_alert_unknown,no_alert_not_final_benign,-1,dns,app_proto+port
2025-07-19T23:03:28.637408+0700,103.195.142.196,87.98.154.61,53,11501,UDP,flow,failed,2056550406627418,,1,1,0,1437,0,0.0,1,1437,0,none,0,none,0,0,0,no_alert_unknown,no_alert_not_final_benign,-1,dns,port
2025-07-19T23:03:28.637533+0700,103.195.142.109,87.98.154.105,53,24123,UDP,flow,failed,2130372802257064,,1,1,0,1437,0,0.0,1,1437,0,none,0,none,0,0,0,no_alert_unknown,no_alert_not_final_benign,-1,dns,port
2025-07-19T23:03:28.637592+0700,103.195.142.196,87.98.154.119,53,6483,UDP,flow,failed,246641313259754,,1,1,0,1437,0,0.0,1,1437,0,none,0,none,0,0,0,no_alert_unknown,no_alert_not_final_benign,-1,dns,port
2025-07-19T23:03:28.637631+0700,103.195.142.196,87.98.154.119,53,25302,UDP,flow,failed,192462551130402,,1,1,0,1437,0,0.0,1,1437,0,none,0,none,0,0,0,no_alert_unknown,no_alert_not_final_benign,-1,dns,port
2025-07-19T23:03:28.637657+0700,103.195.142.83,87.98.154.190,53,20752,UDP,flow,failed,1487950844010873,,1,1,0,1190,0,0.0,1,1190,0,none,0,none,0,0,0,no_alert_unknown,no_alert_not_final_benign,-1,dns,port
2025-07-19T23:03:28.637676+0700,103.195.142.46,87.98.154.119,53,57706,UDP,flow,failed,976973193683329,,1,1,0,1437,0,0.0,1,1437,0,none,0,none,0,0,0,no_alert_unknown,no_alert_not_final_benign,-1,dns,port
2025-07-19T23:03:28.637694+0700,103.195.142.109,87.98.154.119,53,58442,UDP,flow,failed,1918240898228660,,1,1,0,1437,0,0.0,1,1437,0,none,0,none,0,0,0,no_alert_unknown,no_alert_not_final_benign,-1,dns,port
2025-07-19T23:03:28.637713+0700,103.195.142.76,87.98.154.119,53,32336,UDP,flow,failed,1370929146831292,,1,1,0,1469,0,0.0,1,1469,0,none,0,none,0,0,0,no_alert_unknown,no_alert_not_final_benign,-1,dns,port
2025-07-19T23:03:28.637731+0700,103.195.142.76,87.98.154.117,53,30725,UDP,flow,failed,1476786457420241,,1,1,0,1469,0,0.0,1,1469,0,none,0,none,0,0,0,no_alert_unknown,no_alert_not_final_benign,-1,dns,port
2025-07-19T23:03:28.637750+0700,103.195.142.195,87.98.154.119,53,30276,UDP,flow,failed,26148033995224,,1,1,0,1437,0,0.0,1,1437,0,none,0,none,0,0,0,no_alert_unknown,no_alert_not_final_benign,-1,dns,port
2025-07-19T23:03:28.637842+0700,103.195.142.83,87.98.154.50,53,32001,UDP,flow,failed,1364172198978141,,1,1,0,1190,0,0.0,1,1190,0,none,0,none,0,0,0,no_alert_unknown,no_alert_not_final_benign,-1,dns,port
2025-07-19T23:03:28.637861+0700,103.195.142.165,87.98.154.118,53,33845,UDP,flow,failed,1131934111507055,,1,1,0,1437,0,0.0,1,1437,0,none,0,none,0,0,0,no_alert_unknown,no_alert_not_final_benign,-1,dns,port
2025-07-19T23:03:28.637902+0700,103.195.142.165,87.98.154.149,53,47185,UDP,flow,failed,872087875494568,,1,1,0,1437,0,0.0,1,1437,0,none,0,none,0,0,0,no_alert_unknown,no_alert_not_final_benign,-1,dns,port
2025-07-19T23:03:28.637921+0700,103.195.142.165,87.98.154.181,53,7135,UDP,flow,failed,1746881498587821,,1,3,0,4311,0,10.0,3,4311,0,none,0,none,0,0,0,no_alert_unknown,no_alert_not_final_benign,-1,dns,port
2025-07-19T23:03:28.637939+0700,103.195.142.109,87.98.154.119,53,61334,UDP,flow,failed,1207769509864160,,1,1,0,1437,0,0.0,1,1437,0,none,0,none,0,0,0,no_alert_unknown,no_alert_not_final_benign,-1,dns,port
2025-07-19T23:03:28.637983+0700,103.195.142.109,87.98.154.77,53,30021,UDP,flow,failed,1631987916743431,,1,1,0,1437,0,0.0,1,1437,0,none,0,none,0,0,0,no_alert_unknown,no_alert_not_final_benign,-1,dns,port
2025-07-19T23:03:28.638001+0700,103.195.142.83,87.98.154.106,53,62008,UDP,flow,failed,1927425615602474,,1,1,0,1190,0,0.0,1,1190,0,none,0,none,0,0,0,no_alert_unknown,no_alert_not_final_benign,-1,dns,port
2025-07-19T23:03:28.638020+0700,103.195.142.109,87.98.154.193,53,21417,UDP,flow,failed,1933332775183146,,1,1,0,1437,0,0.0,1,1437,0,none,0,none,0,0,0,no_alert_unknown,no_alert_not_final_benign,-1,dns,port
2025-07-19T23:03:28.638082+0700,103.195.142.2,172.217.47.28,53,62284,UDP,flow,failed,1002980406010770,,1,1,0,161,0,0.0,1,161,0,none,0,none,0,0,0,no_alert_unknown,no_alert_not_final_benign,-1,dns,port
2025-07-19T23:03:28.638143+0700,103.195.142.195,87.98.154.119,53,17607,UDP,flow,failed,1565274604708830,,1,1,0,1437,0,0.0,1,1437,0,none,0,none,0,0,0,no_alert_unknown,no_alert_not_final_benign,-1,dns,port
2025-07-19T23:03:28.638162+0700,103.195.142.74,202.134.0.155,2455,53,UDP,flow,dns,971330276631584,,1,1,0,79,0,0.0,1,79,0,none,0,none,0,0,0,no_alert_unknown,no_alert_not_final_benign,-1,dns,app_proto+port
2025-07-19T23:03:28.638182+0700,103.195.142.83,87.98.154.118,53,26403,UDP,flow,failed,19652531790902,,1,1,0,1190,0,0.0,1,1190,0,none,0,none,0,0,0,no_alert_unknown,no_alert_not_final_benign,-1,dns,port
2025-07-19T23:03:28.638201+0700,103.195.142.165,87.98.154.181,53,28228,UDP,flow,failed,1852158509130810,,1,1,0,1437,0,0.0,1,1437,0,none,0,none,0,0,0,no_alert_unknown,no_alert_not_final_benign,-1,dns,port
2025-07-19T23:03:28.638272+0700,103.195.142.196,87.98.154.57,53,11878,UDP,flow,failed,1492166677308597,,1,1,0,1437,0,0.0,1,1437,0,none,0,none,0,0,0,no_alert_unknown,no_alert_not_final_benign,-1,dns,port
2025-07-19T23:03:28.638291+0700,103.195.142.165,87.98.154.119,53,17225,UDP,flow,failed,1525430476088563,,1,1,0,1437,0,0.0,1,1437,0,none,0,none,0,0,0,no_alert_unknown,no_alert_not_final_benign,-1,dns,port
2025-07-19T23:03:28.638309+0700,103.195.142.74,118.98.44.20,62604,53,UDP,flow,dns,1609834668827903,,1,1,0,214,0,0.0,1,214,0,none,0,none,0,0,0,no_alert_unknown,no_alert_not_final_benign,-1,dns,app_proto+port
2025-07-19T23:03:28.638363+0700,103.195.142.83,87.98.154.119,53,63291,UDP,flow,failed,1231987786458377,,1,1,0,1190,0,0.0,1,1190,0,none,0,none,0,0,0,no_alert_unknown,no_alert_not_final_benign,-1,dns,port
2025-07-19T23:03:28.638406+0700,103.195.142.74,202.134.0.155,31777,53,UDP,flow,dns,1089194327549264,,1,1,0,78,0,0.0,1,78,0,none,0,none,0,0,0,no_alert_unknown,no_alert_not_final_benign,-1,dns,app_proto+port
2025-07-19T23:03:28.638455+0700,103.195.142.46,87.98.154.23,53,57784,UDP,flow,failed,1477762785420689,,1,2,0,2874,0,9.0,2,2874,0,none,0,none,0,0,0,no_alert_unknown,no_alert_not_final_benign,-1,dns,port
2025-07-19T23:03:28.638504+0700,103.195.142.3,13.105.68.218,53,42671,UDP,flow,failed,1008001220093333,,1,1,0,181,0,0.0,1,181,0,none,0,none,0,0,0,no_alert_unknown,no_alert_not_final_benign,-1,dns,port
2025-07-19T23:03:28.638529+0700,103.195.142.74,118.98.44.50,21026,53,UDP,flow,dns,970321544422839,,1,1,0,75,0,0.0,1,75,0,none,0,none,0,0,0,no_alert_unknown,no_alert_not_final_benign,-1,dns,app_proto+port
2025-07-19T23:03:28.638568+0700,103.195.142.76,87.98.154.119,53,24185,UDP,flow,failed,1997283921045083,,1,1,0,1469,0,0.0,1,1469,0,none,0,none,0,0,0,no_alert_unknown,no_alert_not_final_benign,-1,dns,port
2025-07-19T23:03:28.638619+0700,103.195.142.74,118.98.44.50,14263,53,UDP,flow,dns,1641264581191263,,1,1,0,74,0,0.0,1,74,0,none,0,none,0,0,0,no_alert_unknown,no_alert_not_final_benign,-1,dns,app_proto+port
2025-07-19T23:03:28.638744+0700,103.195.142.3,208.67.217.182,53,33319,UDP,flow,failed,1873557938775848,,1,1,0,132,0,0.0,1,132,0,none,0,none,0,0,0,no_alert_unknown,no_alert_not_final_benign,-1,dns,port
2025-07-19T23:03:28.638763+0700,103.195.142.74,118.98.44.20,11008,53,UDP,flow,dns,1778630009431867,,1,1,0,243,0,0.0,1,243,0,none,0,none,0,0,0,no_alert_unknown,no_alert_not_final_benign,-1,dns,app_proto+port
2025-07-19T23:03:28.638783+0700,103.195.142.76,87.98.154.119,53,11690,UDP,flow,failed,1637559332513694,,1,1,0,1469,0,0.0,1,1469,0,none,0,none,0,0,0,no_alert_unknown,no_alert_not_final_benign,-1,dns,port
2025-07-19T23:03:28.638869+0700,103.195.142.196,87.98.154.173,53,53794,UDP,flow,failed,39844932757581,,1,1,0,1437,0,0.0,1,1437,0,none,0,none,0,0,0,no_alert_unknown,no_alert_not_final_benign,-1,dns,port
2025-07-19T23:03:28.639009+0700,103.195.142.3,74.63.24.236,53,19553,UDP,flow,failed,1257170811169088,,1,1,0,135,0,0.0,1,135,0,none,0,none,0,0,0,no_alert_unknown,no_alert_not_final_benign,-1,dns,port
2025-07-19T23:03:28.639036+0700,103.195.142.74,118.98.44.20,52409,53,UDP,flow,dns,2072780505557336,,1,1,0,68,0,0.0,1,68,0,none,0,none,0,0,0,no_alert_unknown,no_alert_not_final_benign,-1,dns,app_proto+port
2025-07-19T23:03:28.639058+0700,103.195.142.195,87.98.154.119,53,19357,UDP,flow,failed,1256237432908125,,1,1,0,1437,0,0.0,1,1437,0,none,0,none,0,0,0,no_alert_unknown,no_alert_not_final_benign,-1,dns,port
2025-07-19T23:03:28.639086+0700,103.195.142.46,87.98.154.251,53,8977,UDP,flow,failed,1706292292430340,,1,1,0,1437,0,0.0,1,1437,0,none,0,none,0,0,0,no_alert_unknown,no_alert_not_final_benign,-1,dns,port
2025-07-19T23:03:28.639144+0700,103.195.142.165,87.98.154.9,53,11648,UDP,flow,failed,220438184471097,,1,1,0,1437,0,0.0,1,1437,0,none,0,none,0,0,0,no_alert_unknown,no_alert_not_final_benign,-1,dns,port
2025-07-19T23:03:28.639199+0700,103.195.142.83,87.98.154.119,53,10923,UDP,flow,failed,177635972557399,,1,1,0,1190,0,0.0,1,1190,0,none,0,none,0,0,0,no_alert_unknown,no_alert_not_final_benign,-1,dns,port
2025-07-19T23:03:28.639223+0700,103.195.142.74,118.98.44.20,43919,53,UDP,flow,dns,2102763974961792,,1,1,0,77,0,0.0,1,77,0,none,0,none,0,0,0,no_alert_unknown,no_alert_not_final_benign,-1,dns,app_proto+port
2025-07-19T23:03:28.639256+0700,103.195.142.74,202.134.0.155,8651,53,UDP,flow,dns,1780197297433295,,1,1,0,223,0,0.0,1,223,0,none,0,none,0,0,0,no_alert_unknown,no_alert_not_final_benign,-1,dns,app_proto+port
2025-07-19T23:03:28.639405+0700,103.195.142.165,87.98.154.119,53,9540,UDP,flow,failed,276154848717532,,1,1,0,1437,0,0.0,1,1437,0,none,0,none,0,0,0,no_alert_unknown,no_alert_not_final_benign,-1,dns,port
2025-07-19T23:03:28.639448+0700,103.195.142.3,46.38.225.230,53,33046,UDP,flow,failed,2244563782085416,,1,1,0,147,0,0.0,1,147,0,none,0,none,0,0,0,no_alert_unknown,no_alert_not_final_benign,-1,dns,port
2025-07-19T23:03:28.639467+0700,103.195.142.76,87.98.154.126,53,33924,UDP,flow,failed,1954624982952808,,1,1,0,1469,0,0.0,1,1469,0,none,0,none,0,0,0,no_alert_unknown,no_alert_not_final_benign,-1,dns,port
2025-07-19T23:03:28.639485+0700,103.195.142.76,87.98.154.119,53,5763,UDP,flow,failed,1364993964780425,,1,1,0,1469,0,0.0,1,1469,0,none,0,none,0,0,0,no_alert_unknown,no_alert_not_final_benign,-1,dns,port
2025-07-19T23:03:28.639504+0700,103.195.142.46,87.98.154.163,53,44637,UDP,flow,failed,1712136183753613,,1,1,0,1437,0,0.0,1,1437,0,none,0,none,0,0,0,no_alert_unknown,no_alert_not_final_benign,-1,dns,port
2025-07-19T23:03:28.639523+0700,103.195.142.74,202.134.0.155,43785,53,UDP,flow,dns,1165066994199445,,1,1,0,71,0,0.0,1,71,0,none,0,none,0,0,0,no_alert_unknown,no_alert_not_final_benign,-1,dns,app_proto+port
2025-07-19T23:03:28.639549+0700,103.195.142.165,87.98.154.9,53,4654,UDP,flow,failed,122584593345471,,1,1,0,1437,0,0.0,1,1437,0,none,0,none,0,0,0,no_alert_unknown,no_alert_not_final_benign,-1,dns,port
2025-07-19T23:03:28.639569+0700,103.195.142.76,87.98.154.102,53,38839,UDP,flow,failed,1492896294579229,,1,1,0,1469,0,0.0,1,1469,0,none,0,none,0,0,0,no_alert_unknown,no_alert_not_final_benign,-1,dns,port
2025-07-19T23:03:28.639609+0700,103.195.142.195,87.98.154.228,53,42724,UDP,flow,failed,1919924727196794,,1,1,0,1437,0,0.0,1,1437,0,none,0,none,0,0,0,no_alert_unknown,no_alert_not_final_benign,-1,dns,port
2025-07-19T23:03:28.639678+0700,103.195.142.195,87.98.154.92,53,27430,UDP,flow,failed,1904408298204363,,1,1,0,1437,0,0.0,1,1437,0,none,0,none,0,0,0,no_alert_unknown,no_alert_not_final_benign,-1,dns,port
2025-07-19T23:03:28.639696+0700,103.195.142.165,87.98.154.93,53,21161,UDP,flow,failed,1614847153614059,,1,1,0,1437,0,0.0,1,1437,0,none,0,none,0,0,0,no_alert_unknown,no_alert_not_final_benign,-1,dns,port
2025-07-19T23:03:28.639769+0700,103.195.142.74,202.134.0.155,3115,53,UDP,flow,dns,1753065885740391,,1,1,0,71,0,0.0,1,71,0,none,0,none,0,0,0,no_alert_unknown,no_alert_not_final_benign,-1,dns,app_proto+port
2025-07-19T23:03:28.639891+0700,103.195.142.76,87.98.154.254,53,20397,UDP,flow,failed,2188649002446308,,1,3,0,4407,0,9.0,3,4407,0,none,0,none,0,0,0,no_alert_unknown,no_alert_not_final_benign,-1,dns,port
2025-07-19T23:03:28.639935+0700,103.195.142.76,87.98.154.119,53,55962,UDP,flow,failed,1933399988776448,,1,1,0,1469,0,0.0,1,1469,0,none,0,none,0,0,0,no_alert_unknown,no_alert_not_final_benign,-1,dns,port
2025-07-19T23:03:28.639957+0700,103.195.142.46,87.98.154.195,53,5378,UDP,flow,failed,2096937303617064,,1,1,0,1437,0,0.0,1,1437,0,none,0,none,0,0,0,no_alert_unknown,no_alert_not_final_benign,-1,dns,port
2025-07-19T23:03:28.639976+0700,103.195.142.3,208.67.217.168,53,37801,UDP,flow,failed,1243702912626239,,1,1,0,159,0,0.0,1,159,0,none,0,none,0,0,0,no_alert_unknown,no_alert_not_final_benign,-1,dns,port
2025-07-19T23:03:28.639995+0700,103.195.142.74,118.98.44.100,50098,53,UDP,flow,dns,1525839932567119,,1,1,0,211,0,0.0,1,211,0,none,0,none,0,0,0,no_alert_unknown,no_alert_not_final_benign,-1,dns,app_proto+port
2025-07-19T23:03:28.640014+0700,103.195.142.3,203.142.84.211,53,61338,UDP,flow,failed,1667847104048781,,1,1,0,136,0,0.0,1,136,0,none,0,none,0,0,0,no_alert_unknown,no_alert_not_final_benign,-1,dns,port
2025-07-19T23:03:28.640033+0700,103.195.142.195,87.98.154.119,53,24140,UDP,flow,failed,1703386148515624,,1,1,0,1437,0,0.0,1,1437,0,none,0,none,0,0,0,no_alert_unknown,no_alert_not_final_benign,-1,dns,port
2025-07-19T23:03:28.640079+0700,103.195.142.109,87.98.154.185,53,52866,UDP,flow,failed,125845311467346,,1,1,0,1437,0,0.0,1,1437,0,none,0,none,0,0,0,no_alert_unknown,no_alert_not_final_benign,-1,dns,port
2025-07-19T23:03:28.640020+0700,103.195.142.74,202.134.0.155,4942,53,UDP,dns,,215593625490587,wire/pcap,0,0,0,0,0,0.0,0,0,0,none,0,none,0,0,0,no_alert_unknown,no_alert_not_final_benign,-1,dns,port
2025-07-19T23:03:28.640147+0700,103.195.142.75,8.8.8.8,41887,53,UDP,flow,dns,1500426759384979,,1,1,0,74,0,0.0,1,74,0,none,0,none,0,0,0,no_alert_unknown,no_alert_not_final_benign,-1,dns,app_proto+port
2025-07-19T23:03:28.640167+0700,103.195.142.74,118.98.44.50,56452,53,UDP,flow,dns,1730451411775381,,1,2,0,204,0,6.0,2,204,0,none,0,none,0,0,0,no_alert_unknown,no_alert_not_final_benign,-1,dns,app_proto+port
2025-07-19T23:03:28.640112+0700,103.195.142.74,118.98.44.100,59056,53,UDP,dns,,215988600628818,wire/pcap,0,0,0,0,0,0.0,0,0,0,none,0,none,0,0,0,no_alert_unknown,no_alert_not_final_benign,-1,dns,port
2025-07-19T23:03:28.640276+0700,103.195.142.83,87.98.154.250,53,41235,UDP,flow,failed,1430521977909273,,1,3,0,3570,0,10.0,3,3570,0,none,0,none,0,0,0,no_alert_unknown,no_alert_not_final_benign,-1,dns,port
2025-07-19T23:03:28.640298+0700,103.195.142.74,202.134.0.155,39759,53,UDP,flow,dns,2135480882442316,,1,1,0,223,0,0.0,1,223,0,none,0,none,0,0,0,no_alert_unknown,no_alert_not_final_benign,-1,dns,app_proto+port
2025-07-19T23:03:28.640382+0700,103.195.142.109,87.98.154.49,53,37689,UDP,flow,failed,1838397800329297,,1,1,0,1437,0,0.0,1,1437,0,none,0,none,0,0,0,no_alert_unknown,no_alert_not_final_benign,-1,dns,port
2025-07-19T23:03:28.640404+0700,103.195.142.195,87.98.154.120,53,29173,UDP,flow,failed,1957471352008835,,1,1,0,1437,0,0.0,1,1437,0,none,0,none,0,0,0,no_alert_unknown,no_alert_not_final_benign,-1,dns,port
2025-07-19T23:03:28.640446+0700,103.195.142.75,45.79.197.241,19491,53,UDP,flow,dns,1153126570340530,,1,1,0,85,0,0.0,1,85,0,none,0,none,0,0,0,no_alert_unknown,no_alert_not_final_benign,-1,dns,app_proto+port
2025-07-19T23:03:28.640476+0700,103.195.142.165,87.98.154.119,53,10381,UDP,flow,failed,1652782593945826,,1,1,0,1437,0,0.0,1,1437,0,none,0,none,0,0,0,no_alert_unknown,no_alert_not_final_benign,-1,dns,port
2025-07-19T23:03:28.640496+0700,103.195.142.2,172.253.255.59,53,58173,UDP,flow,failed,1309945832354022,,1,1,0,247,0,0.0,1,247,0,none,0,none,0,0,0,no_alert_unknown,no_alert_not_final_benign,-1,dns,port
2025-07-19T23:03:28.640515+0700,103.195.142.165,87.98.154.201,53,2927,UDP,flow,failed,2087530465210607,,1,1,0,1437,0,0.0,1,1437,0,none,0,none,0,0,0,no_alert_unknown,no_alert_not_final_benign,-1,dns,port
2025-07-19T23:03:28.640533+0700,103.195.142.109,87.98.154.21,53,10159,UDP,flow,failed,152353753477424,,1,1,0,1437,0,0.0,1,1437,0,none,0,none,0,0,0,no_alert_unknown,no_alert_not_final_benign,-1,dns,port
2025-07-19T23:03:28.640575+0700,103.195.142.74,118.98.44.100,31559,53,UDP,flow,dns,150778303820150,,1,1,0,74,0,0.0,1,74,0,none,0,none,0,0,0,no_alert_unknown,no_alert_not_final_benign,-1,dns,app_proto+port
2025-07-19T23:03:28.640621+0700,103.195.142.109,87.98.154.41,53,13631,UDP,flow,failed,1370038264738325,,1,1,0,1437,0,0.0,1,1437,0,none,0,none,0,0,0,no_alert_unknown,no_alert_not_final_benign,-1,dns,port
2025-07-19T23:03:28.640642+0700,103.195.142.196,87.98.154.89,53,27552,UDP,flow,failed,1822012888068629,,1,3,0,4311,0,9.0,3,4311,0,none,0,none,0,0,0,no_alert_unknown,no_alert_not_final_benign,-1,dns,port
2025-07-19T23:03:28.640662+0700,103.195.142.46,87.98.154.107,53,27318,UDP,flow,failed,593361777865279,,1,3,0,4311,0,10.0,3,4311,0,none,0,none,0,0,0,no_alert_unknown,no_alert_not_final_benign,-1,dns,port
2025-07-19T23:03:28.640694+0700,103.195.142.165,87.98.154.65,53,37056,UDP,flow,failed,135289516707,,1,1,0,1437,0,0.0,1,1437,0,none,0,none,0,0,0,no_alert_unknown,no_alert_not_final_benign,-1,dns,port
2025-07-19T23:03:28.640713+0700,103.195.142.195,87.98.154.119,53,49149,UDP,flow,failed,1975516591633103,,1,1,0,1437,0,0.0,1,1437,0,none,0,none,0,0,0,no_alert_unknown,no_alert_not_final_benign,-1,dns,port
2025-07-19T23:03:28.640737+0700,103.195.142.195,87.98.154.172,53,62039,UDP,flow,failed,157142563304265,,1,1,0,1437,0,0.0,1,1437,0,none,0,none,0,0,0,no_alert_unknown,no_alert_not_final_benign,-1,dns,port
2025-07-19T23:03:28.640776+0700,103.195.142.195,87.98.154.36,53,17636,UDP,flow,failed,1115893199745891,,1,3,0,4311,0,9.0,3,4311,0,none,0,none,0,0,0,no_alert_unknown,no_alert_not_final_benign,-1,dns,port
2025-07-19T23:03:28.640819+0700,103.195.142.46,87.98.154.119,53,16898,UDP,flow,failed,1319571844248487,,1,1,0,1437,0,0.0,1,1437,0,none,0,none,0,0,0,no_alert_unknown,no_alert_not_final_benign,-1,dns,port
2025-07-19T23:03:28.640863+0700,103.195.142.76,87.98.154.119,53,44662,UDP,flow,failed,271969082815475,,1,1,0,1469,0,0.0,1,1469,0,none,0,none,0,0,0,no_alert_unknown,no_alert_not_final_benign,-1,dns,port
2025-07-19T23:03:28.640896+0700,103.195.142.196,87.98.154.119,53,16828,UDP,flow,failed,2153587902198845,,1,1,0,1437,0,0.0,1,1437,0,none,0,none,0,0,0,no_alert_unknown,no_alert_not_final_benign,-1,dns,port
2025-07-19T23:03:28.640956+0700,103.195.142.196,87.98.154.119,53,58712,UDP,flow,failed,1734349409039516,,1,1,0,1437,0,0.0,1,1437,0,none,0,none,0,0,0,no_alert_unknown,no_alert_not_final_benign,-1,dns,port
2025-07-19T23:03:28.640978+0700,103.195.142.196,87.98.154.119,53,28182,UDP,flow,failed,2005460420605228,,1,1,0,1437,0,0.0,1,1437,0,none,0,none,0,0,0,no_alert_unknown,no_alert_not_final_benign,-1,dns,port
2025-07-19T23:03:28.641026+0700,103.195.142.46,87.98.154.135,53,41223,UDP,flow,failed,2183995030386001,,1,1,0,1437,0,0.0,1,1437,0,none,0,none,0,0,0,no_alert_unknown,no_alert_not_final_benign,-1,dns,port
2025-07-19T23:03:28.641045+0700,103.195.142.74,118.98.44.50,65280,53,UDP,flow,dns,1910765144257882,,1,1,0,77,0,0.0,1,77,0,none,0,none,0,0,0,no_alert_unknown,no_alert_not_final_benign,-1,dns,app_proto+port
2025-07-19T23:03:28.641088+0700,103.195.142.74,118.98.44.20,28928,53,UDP,flow,dns,2092834245195171,,1,1,0,88,0,0.0,1,88,0,none,0,none,0,0,0,no_alert_unknown,no_alert_not_final_benign,-1,dns,app_proto+port
2025-07-19T23:03:28.641123+0700,103.195.142.195,87.98.154.92,53,47153,UDP,flow,failed,1448723114899055,,1,1,0,1437,0,0.0,1,1437,0,none,0,none,0,0,0,no_alert_unknown,no_alert_not_final_benign,-1,dns,port
2025-07-19T23:03:28.641142+0700,103.195.142.76,87.98.154.166,53,26030,UDP,flow,failed,1523810512418466,,1,1,0,1469,0,0.0,1,1469,0,none,0,none,0,0,0,no_alert_unknown,no_alert_not_final_benign,-1,dns,port
2025-07-19T23:03:28.641161+0700,103.195.142.196,87.98.154.119,53,33809,UDP,flow,failed,1532744715744965,,1,1,0,1437,0,0.0,1,1437,0,none,0,none,0,0,0,no_alert_unknown,no_alert_not_final_benign,-1,dns,port
2025-07-19T23:03:28.641186+0700,103.195.142.83,87.98.154.119,53,5354,UDP,flow,failed,1685606425114335,,1,1,0,1190,0,0.0,1,1190,0,none,0,none,0,0,0,no_alert_unknown,no_alert_not_final_benign,-1,dns,port
2025-07-19T23:03:28.641227+0700,103.195.142.195,87.98.154.119,53,40274,UDP,flow,failed,2114524713400227,,1,1,0,1437,0,0.0,1,1437,0,none,0,none,0,0,0,no_alert_unknown,no_alert_not_final_benign,-1,dns,port
2025-07-19T23:03:28.641246+0700,103.195.142.195,87.98.154.118,53,17063,UDP,flow,failed,2204511717308485,,1,1,0,1437,0,0.0,1,1437,0,none,0,none,0,0,0,no_alert_unknown,no_alert_not_final_benign,-1,dns,port
2025-07-19T23:03:28.641264+0700,103.195.142.76,87.98.154.118,53,45269,UDP,flow,failed,1440017459722361,,1,1,0,1469,0,0.0,1,1469,0,none,0,none,0,0,0,no_alert_unknown,no_alert_not_final_benign,-1,dns,port
2025-07-19T23:03:28.641304+0700,103.195.142.196,87.98.154.119,53,39269,UDP,flow,failed,1504401837537478,,1,1,0,1437,0,0.0,1,1437,0,none,0,none,0,0,0,no_alert_unknown,no_alert_not_final_benign,-1,dns,port
2025-07-19T23:03:28.641323+0700,103.195.142.3,208.67.217.91,53,41284,UDP,flow,failed,1628607221283020,,1,1,0,159,0,0.0,1,159,0,none,0,none,0,0,0,no_alert_unknown,no_alert_not_final_benign,-1,dns,port
2025-07-19T23:03:28.641346+0700,103.195.142.109,87.98.154.133,53,36674,UDP,flow,failed,1437737951115486,,1,1,0,1437,0,0.0,1,1437,0,none,0,none,0,0,0,no_alert_unknown,no_alert_not_final_benign,-1,dns,port
2025-07-19T23:03:28.641419+0700,103.195.142.196,87.98.154.119,53,44213,UDP,flow,failed,1209374599362902,,1,1,0,1437,0,0.0,1,1437,0,none,0,none,0,0,0,no_alert_unknown,no_alert_not_final_benign,-1,dns,port
2025-07-19T23:03:28.641469+0700,103.195.142.76,87.98.154.118,53,27438,UDP,flow,failed,2082099613415804,,1,1,0,1469,0,0.0,1,1469,0,none,0,none,0,0,0,no_alert_unknown,no_alert_not_final_benign,-1,dns,port
2025-07-19T23:03:28.641488+0700,103.195.142.83,87.98.154.117,53,40321,UDP,flow,failed,1291318999202174,,1,1,0,1190,0,0.0,1,1190,0,none,0,none,0,0,0,no_alert_unknown,no_alert_not_final_benign,-1,dns,port
2025-07-19T23:03:28.641502+0700,103.195.142.75,8.8.8.8,9668,53,UDP,flow,dns,2155099389966741,,1,1,0,88,0,0.0,1,88,0,none,0,none,0,0,0,no_alert_unknown,no_alert_not_final_benign,-1,dns,app_proto+port
2025-07-19T23:03:28.641517+0700,103.195.142.74,202.134.0.155,49720,53,UDP,flow,dns,23464439921064,,1,1,0,74,0,0.0,1,74,0,none,0,none,0,0,0,no_alert_unknown,no_alert_not_final_benign,-1,dns,app_proto+port
2025-07-19T23:03:28.641533+0700,103.195.142.83,87.98.154.190,53,15355,UDP,flow,failed,1161392970807734,,1,1,0,1190,0,0.0,1,1190,0,none,0,none,0,0,0,no_alert_unknown,no_alert_not_final_benign,-1,dns,port
2025-07-19T23:03:28.641580+0700,103.195.142.109,87.98.154.119,53,53905,UDP,flow,failed,1905156726274560,,1,1,0,1437,0,0.0,1,1437,0,none,0,none,0,0,0,no_alert_unknown,no_alert_not_final_benign,-1,dns,port
2025-07-19T23:03:28.641595+0700,103.195.142.76,87.98.154.222,53,46044,UDP,flow,failed,1525610559650376,,1,1,0,1469,0,0.0,1,1469,0,none,0,none,0,0,0,no_alert_unknown,no_alert_not_final_benign,-1,dns,port
2025-07-19T23:03:28.641613+0700,103.195.142.74,118.98.44.50,18895,53,UDP,flow,dns,1905747473021517,,1,1,0,80,0,0.0,1,80,0,none,0,none,0,0,0,no_alert_unknown,no_alert_not_final_benign,-1,dns,app_proto+port
2025-07-19T23:03:28.641629+0700,103.195.142.195,87.98.154.118,53,37009,UDP,flow,failed,1179186812172879,,1,1,0,1437,0,0.0,1,1437,0,none,0,none,0,0,0,no_alert_unknown,no_alert_not_final_benign,-1,dns,port
2025-07-19T23:03:28.641643+0700,103.195.142.3,13.105.68.207,53,21868,UDP,flow,failed,1657066768841322,,1,1,0,154,0,0.0,1,154,0,none,0,none,0,0,0,no_alert_unknown,no_alert_not_final_benign,-1,dns,port
2025-07-19T23:03:28.641690+0700,103.195.142.74,118.98.44.100,19504,53,UDP,flow,dns,1914188897925770,,1,1,0,223,0,0.0,1,223,0,none,0,none,0,0,0,no_alert_unknown,no_alert_not_final_benign,-1,dns,app_proto+port
2025-07-19T23:03:28.641707+0700,103.195.142.74,118.98.44.20,11996,53,UDP,flow,dns,1205409236073104,,1,1,0,74,0,0.0,1,74,0,none,0,none,0,0,0,no_alert_unknown,no_alert_not_final_benign,-1,dns,app_proto+port
2025-07-19T23:03:28.641751+0700,103.195.142.74,202.134.0.155,29145,53,UDP,flow,dns,1313244152543907,,1,1,0,84,0,0.0,1,84,0,none,0,none,0,0,0,no_alert_unknown,no_alert_not_final_benign,-1,dns,app_proto+port
2025-07-19T23:03:28.641772+0700,103.195.142.75,8.8.8.8,55508,53,UDP,flow,dns,173786224605873,,1,1,0,80,0,0.0,1,80,0,none,0,none,0,0,0,no_alert_unknown,no_alert_not_final_benign,-1,dns,app_proto+port
2025-07-19T23:03:28.641790+0700,103.195.142.195,87.98.154.119,53,11714,UDP,flow,failed,1783410160122574,,1,1,0,1437,0,0.0,1,1437,0,none,0,none,0,0,0,no_alert_unknown,no_alert_not_final_benign,-1,dns,port
2025-07-19T23:03:28.641811+0700,103.195.142.195,87.98.154.117,53,21259,UDP,flow,failed,2244634709867341,,1,1,0,1437,0,0.0,1,1437,0,none,0,none,0,0,0,no_alert_unknown,no_alert_not_final_benign,-1,dns,port
2025-07-19T23:03:28.641835+0700,103.195.142.165,87.98.154.119,53,1966,UDP,flow,failed,1356629780085631,,1,1,0,1437,0,0.0,1,1437,0,none,0,none,0,0,0,no_alert_unknown,no_alert_not_final_benign,-1,dns,port
2025-07-19T23:03:28.641850+0700,103.195.142.196,87.98.154.57,53,64399,UDP,flow,failed,1177858237021057,,1,1,0,1437,0,0.0,1,1437,0,none,0,none,0,0,0,no_alert_unknown,no_alert_not_final_benign,-1,dns,port
2025-07-19T23:03:28.641865+0700,103.195.142.165,87.98.154.149,53,36646,UDP,flow,failed,1591997506206666,,1,1,0,1437,0,0.0,1,1437,0,none,0,none,0,0,0,no_alert_unknown,no_alert_not_final_benign,-1,dns,port
2025-07-19T23:03:28.641880+0700,103.195.142.83,87.98.154.134,53,56286,UDP,flow,failed,1776899749985231,,1,1,0,1190,0,0.0,1,1190,0,none,0,none,0,0,0,no_alert_unknown,no_alert_not_final_benign,-1,dns,port
2025-07-19T23:03:28.641914+0700,103.195.142.196,87.98.154.229,53,18525,UDP,flow,failed,1900243914865655,,1,1,0,1437,0,0.0,1,1437,0,none,0,none,0,0,0,no_alert_unknown,no_alert_not_final_benign,-1,dns,port
2025-07-19T23:03:28.641944+0700,103.195.142.74,202.134.0.155,17817,53,UDP,flow,dns,1678228673936376,,1,1,0,77,0,0.0,1,77,0,none,0,none,0,0,0,no_alert_unknown,no_alert_not_final_benign,-1,dns,app_proto+port
2025-07-19T23:03:28.642033+0700,103.195.142.75,216.38.8.121,44722,53,UDP,flow,dns,1902087650622588,,1,1,0,85,0,0.0,1,85,0,none,0,none,0,0,0,no_alert_unknown,no_alert_not_final_benign,-1,dns,app_proto+port
2025-07-19T23:03:28.642050+0700,103.195.142.196,87.98.154.173,53,11959,UDP,flow,failed,242700081839251,,1,1,0,1437,0,0.0,1,1437,0,none,0,none,0,0,0,no_alert_unknown,no_alert_not_final_benign,-1,dns,port
2025-07-19T23:03:28.642065+0700,103.195.142.195,87.98.154.119,53,49623,UDP,flow,failed,163099582938344,,1,1,0,1437,0,0.0,1,1437,0,none,0,none,0,0,0,no_alert_unknown,no_alert_not_final_benign,-1,dns,port
2025-07-19T23:03:28.642162+0700,103.195.142.2,172.253.226.126,53,59761,UDP,flow,failed,2074087734721882,,1,1,0,214,0,0.0,1,214,0,none,0,none,0,0,0,no_alert_unknown,no_alert_not_final_benign,-1,dns,port
2025-07-19T23:03:28.642180+0700,103.195.142.165,87.98.154.119,53,61488,UDP,flow,failed,1840859756445225,,1,1,0,1437,0,0.0,1,1437,0,none,0,none,0,0,0,no_alert_unknown,no_alert_not_final_benign,-1,dns,port
2025-07-19T23:03:28.642209+0700,103.195.142.46,87.98.154.251,53,13427,UDP,flow,failed,1595085399736020,,1,3,0,4311,0,10.0,3,4311,0,none,0,none,0,0,0,no_alert_unknown,no_alert_not_final_benign,-1,dns,port
2025-07-19T23:03:28.642238+0700,103.195.142.75,8.8.8.8,47860,53,UDP,flow,dns,1398239223103198,,1,1,0,74,0,0.0,1,74,0,none,0,none,0,0,0,no_alert_unknown,no_alert_not_final_benign,-1,dns,app_proto+port
2025-07-19T23:03:28.642253+0700,103.195.142.74,185.67.45.232,41313,53,UDP,flow,dns,1620287732924158,,1,1,0,91,0,0.0,1,91,0,none,0,none,0,0,0,no_alert_unknown,no_alert_not_final_benign,-1,dns,app_proto+port
2025-07-19T23:03:28.642275+0700,103.195.142.74,118.98.44.20,63913,53,UDP,flow,dns,1934876353969957,,1,1,0,88,0,0.0,1,88,0,none,0,none,0,0,0,no_alert_unknown,no_alert_not_final_benign,-1,dns,app_proto+port
2025-07-19T23:03:28.642308+0700,103.195.142.83,87.98.154.162,53,18516,UDP,flow,failed,1418627909173116,,1,1,0,1190,0,0.0,1,1190,0,none,0,none,0,0,0,no_alert_unknown,no_alert_not_final_benign,-1,dns,port
2025-07-19T23:03:28.642353+0700,103.195.142.3,13.105.68.212,53,18281,UDP,flow,failed,2089231069429847,,1,1,0,180,0,0.0,1,180,0,none,0,none,0,0,0,no_alert_unknown,no_alert_not_final_benign,-1,dns,port
2025-07-19T23:03:28.642382+0700,103.195.142.46,87.98.154.117,53,32914,UDP,flow,failed,2050353669554339,,1,1,0,1437,0,0.0,1,1437,0,none,0,none,0,0,0,no_alert_unknown,no_alert_not_final_benign,-1,dns,port
2025-07-19T23:03:28.642400+0700,103.195.142.75,8.8.8.8,54568,53,UDP,flow,dns,1944731297595612,,1,1,0,68,0,0.0,1,68,0,none,0,none,0,0,0,no_alert_unknown,no_alert_not_final_benign,-1,dns,app_proto+port
2025-07-19T23:03:28.642416+0700,103.195.142.74,118.98.44.100,35521,53,UDP,flow,dns,1431497389981959,,1,1,0,214,0,0.0,1,214,0,none,0,none,0,0,0,no_alert_unknown,no_alert_not_final_benign,-1,dns,app_proto+port
2025-07-19T23:03:28.642467+0700,103.195.142.109,87.98.154.119,53,27181,UDP,flow,failed,1309809307566517,,1,1,0,1437,0,0.0,1,1437,0,none,0,none,0,0,0,no_alert_unknown,no_alert_not_final_benign,-1,dns,port
2025-07-19T23:03:28.642481+0700,103.195.142.165,87.98.154.119,53,42948,UDP,flow,failed,1179297674969618,,1,1,0,1437,0,0.0,1,1437,0,none,0,none,0,0,0,no_alert_unknown,no_alert_not_final_benign,-1,dns,port
2025-07-19T23:03:28.642495+0700,103.195.142.165,87.98.154.65,53,43974,UDP,flow,failed,663044140843539,,1,3,0,4311,0,10.0,3,4311,0,none,0,none,0,0,0,no_alert_unknown,no_alert_not_final_benign,-1,dns,port
2025-07-19T23:03:28.642530+0700,103.195.142.3,74.63.24.236,53,5791,UDP,flow,failed,1171026224824872,,1,1,0,135,0,0.0,1,135,0,none,0,none,0,0,0,no_alert_unknown,no_alert_not_final_benign,-1,dns,port
2025-07-19T23:03:28.642545+0700,103.195.142.109,87.98.154.13,53,12713,UDP,flow,failed,1609623694885459,,1,1,0,1437,0,0.0,1,1437,0,none,0,none,0,0,0,no_alert_unknown,no_alert_not_final_benign,-1,dns,port
2025-07-19T23:03:28.642559+0700,103.195.142.165,87.98.154.37,53,20792,UDP,flow,failed,107382276309600,,1,1,0,1437,0,0.0,1,1437,0,none,0,none,0,0,0,no_alert_unknown,no_alert_not_final_benign,-1,dns,port
2025-07-19T23:03:28.642573+0700,103.195.142.3,74.125.18.221,53,53737,UDP,flow,failed,2167551246946,,1,1,0,210,0,0.0,1,210,0,none,0,none,0,0,0,no_alert_unknown,no_alert_not_final_benign,-1,dns,port
2025-07-19T23:03:28.642588+0700,103.195.142.3,69.30.209.16,53,35261,UDP,flow,failed,1230313641558633,,1,1,0,154,0,0.0,1,154,0,none,0,none,0,0,0,no_alert_unknown,no_alert_not_final_benign,-1,dns,port
2025-07-19T23:03:28.642602+0700,103.195.142.109,87.98.154.189,53,31661,UDP,flow,failed,1165595173995247,,1,1,0,1437,0,0.0,1,1437,0,none,0,none,0,0,0,no_alert_unknown,no_alert_not_final_benign,-1,dns,port
2025-07-19T23:03:28.642616+0700,103.195.142.2,208.67.217.91,53,63905,UDP,flow,failed,1591702134014759,,1,1,0,175,0,0.0,1,175,0,none,0,none,0,0,0,no_alert_unknown,no_alert_not_final_benign,-1,dns,port
2025-07-19T23:03:28.642650+0700,103.195.142.196,87.98.154.145,53,25338,UDP,flow,failed,118906228392839,,1,1,0,1437,0,0.0,1,1437,0,none,0,none,0,0,0,no_alert_unknown,no_alert_not_final_benign,-1,dns,port
2025-07-19T23:03:28.642679+0700,103.195.142.46,87.98.154.11,53,20018,UDP,flow,failed,1988570732839931,,1,1,0,1437,0,0.0,1,1437,0,none,0,none,0,0,0,no_alert_unknown,no_alert_not_final_benign,-1,dns,port
2025-07-19T23:03:28.642694+0700,103.195.142.109,87.98.154.119,53,52226,UDP,flow,failed,162717095707661,,1,1,0,1437,0,0.0,1,1437,0,none,0,none,0,0,0,no_alert_unknown,no_alert_not_final_benign,-1,dns,port
2025-07-19T23:03:28.642708+0700,103.195.142.74,118.98.44.50,30418,53,UDP,flow,dns,1600777787229202,,1,1,0,232,0,0.0,1,232,0,none,0,none,0,0,0,no_alert_unknown,no_alert_not_final_benign,-1,dns,app_proto+port
2025-07-19T23:03:28.642725+0700,103.195.142.74,118.98.44.50,47509,53,UDP,flow,dns,1367993495077910,,1,1,0,77,0,0.0,1,77,0,none,0,none,0,0,0,no_alert_unknown,no_alert_not_final_benign,-1,dns,app_proto+port
2025-07-19T23:03:28.642785+0700,103.195.142.109,87.98.154.119,53,50385,UDP,flow,failed,1619490361721974,,1,1,0,1437,0,0.0,1,1437,0,none,0,none,0,0,0,no_alert_unknown,no_alert_not_final_benign,-1,dns,port
2025-07-19T23:03:28.642799+0700,103.195.142.75,8.8.8.8,8059,53,UDP,flow,dns,1962887508149415,,1,1,0,80,0,0.0,1,80,0,none,0,none,0,0,0,no_alert_unknown,no_alert_not_final_benign,-1,dns,app_proto+port
2025-07-19T23:03:28.642814+0700,103.195.142.75,8.8.8.8,24877,53,UDP,flow,dns,1935482217055444,,1,1,0,74,0,0.0,1,74,0,none,0,none,0,0,0,no_alert_unknown,no_alert_not_final_benign,-1,dns,app_proto+port
2025-07-19T23:03:28.642851+0700,103.195.142.74,118.98.44.100,14848,53,UDP,flow,dns,270204301624750,,1,1,0,88,0,0.0,1,88,0,none,0,none,0,0,0,no_alert_unknown,no_alert_not_final_benign,-1,dns,app_proto+port
2025-07-19T23:03:28.642883+0700,103.195.142.46,87.98.154.119,53,53354,UDP,flow,failed,115412628882922,,1,1,0,1437,0,0.0,1,1437,0,none,0,none,0,0,0,no_alert_unknown,no_alert_not_final_benign,-1,dns,port
2025-07-19T23:03:28.642897+0700,103.195.142.2,208.67.217.168,53,7205,UDP,flow,failed,1371799078979143,,1,1,0,175,0,0.0,1,175,0,none,0,none,0,0,0,no_alert_unknown,no_alert_not_final_benign,-1,dns,port
2025-07-19T23:03:28.642912+0700,103.195.142.76,87.98.154.50,53,12145,UDP,flow,failed,1360378120324839,,1,1,0,1469,0,0.0,1,1469,0,none,0,none,0,0,0,no_alert_unknown,no_alert_not_final_benign,-1,dns,port
2025-07-19T23:03:28.642944+0700,103.195.142.3,74.63.24.236,53,6092,UDP,flow,failed,1218541843138400,,1,1,0,127,0,0.0,1,127,0,none,0,none,0,0,0,no_alert_unknown,no_alert_not_final_benign,-1,dns,port
2025-07-19T23:03:28.642959+0700,103.195.142.195,87.98.154.118,53,43716,UDP,flow,failed,1597930599761765,,1,1,0,1437,0,0.0,1,1437,0,none,0,none,0,0,0,no_alert_unknown,no_alert_not_final_benign,-1,dns,port
2025-07-19T23:03:28.642977+0700,103.195.142.2,208.67.217.182,53,52830,UDP,flow,failed,1744858868107119,,1,1,0,132,0,0.0,1,132,0,none,0,none,0,0,0,no_alert_unknown,no_alert_not_final_benign,-1,dns,port
2025-07-19T23:03:28.642992+0700,103.195.142.195,87.98.154.124,53,29269,UDP,flow,failed,85579636557698,,1,1,0,1437,0,0.0,1,1437,0,none,0,none,0,0,0,no_alert_unknown,no_alert_not_final_benign,-1,dns,port
2025-07-19T23:03:28.643024+0700,103.195.142.109,87.98.154.49,53,2056,UDP,flow,failed,2225324837062547,,1,1,0,1437,0,0.0,1,1437,0,none,0,none,0,0,0,no_alert_unknown,no_alert_not_final_benign,-1,dns,port
2025-07-19T23:03:28.643052+0700,103.195.142.75,8.8.8.8,40447,53,UDP,flow,dns,46061013125041,,1,2,0,188,0,5.0,2,188,0,none,0,none,0,0,0,no_alert_unknown,no_alert_not_final_benign,-1,dns,app_proto+port
2025-07-19T23:03:28.643068+0700,103.195.142.74,202.134.0.155,54006,53,UDP,flow,dns,1474893415991338,,1,1,0,85,0,0.0,1,85,0,none,0,none,0,0,0,no_alert_unknown,no_alert_not_final_benign,-1,dns,app_proto+port
2025-07-19T23:03:28.643140+0700,103.195.142.165,87.98.154.153,53,30988,UDP,flow,failed,2073596942043250,,1,3,0,4311,0,9.0,3,4311,0,none,0,none,0,0,0,no_alert_unknown,no_alert_not_final_benign,-1,dns,port
2025-07-19T23:03:28.643172+0700,103.195.142.74,118.98.44.100,48658,53,UDP,flow,dns,1486129628268733,,1,1,0,91,0,0.0,1,91,0,none,0,none,0,0,0,no_alert_unknown,no_alert_not_final_benign,-1,dns,app_proto+port
2025-07-19T23:03:28.643188+0700,103.195.142.196,87.98.154.113,53,1574,UDP,flow,failed,1273829525833919,,1,1,0,1437,0,0.0,1,1437,0,none,0,none,0,0,0,no_alert_unknown,no_alert_not_final_benign,-1,dns,port
2025-07-19T23:03:28.643202+0700,103.195.142.46,87.98.154.119,53,17262,UDP,flow,failed,2244326715443435,,1,1,0,1437,0,0.0,1,1437,0,none,0,none,0,0,0,no_alert_unknown,no_alert_not_final_benign,-1,dns,port
2025-07-19T23:03:28.643270+0700,103.195.142.74,118.98.44.50,7026,53,UDP,flow,dns,1194430283860284,,1,1,0,83,0,0.0,1,83,0,none,0,none,0,0,0,no_alert_unknown,no_alert_not_final_benign,-1,dns,app_proto+port
2025-07-19T23:03:28.643285+0700,103.195.142.2,13.105.68.207,53,39233,UDP,flow,failed,1658115087747433,,1,1,0,181,0,0.0,1,181,0,none,0,none,0,0,0,no_alert_unknown,no_alert_not_final_benign,-1,dns,port
2025-07-19T23:03:28.643327+0700,103.195.142.31,8.8.8.8,33100,53,UDP,flow,dns,1870519739500970,,1,1,0,101,0,0.0,1,101,0,none,0,none,0,0,0,no_alert_unknown,no_alert_not_final_benign,-1,dns,app_proto+port
2025-07-19T23:03:28.643351+0700,103.195.142.46,87.98.154.119,53,38859,UDP,flow,failed,2183669487258083,,1,1,0,1437,0,0.0,1,1437,0,none,0,none,0,0,0,no_alert_unknown,no_alert_not_final_benign,-1,dns,port
2025-07-19T23:03:28.643369+0700,103.195.142.109,87.98.154.119,53,31417,UDP,flow,failed,1372108530010631,,1,1,0,1437,0,0.0,1,1437,0,none,0,none,0,0,0,no_alert_unknown,no_alert_not_final_benign,-1,dns,port
2025-07-19T23:03:28.643384+0700,103.195.142.74,118.98.44.100,19673,53,UDP,flow,dns,1335795808356885,,1,1,0,95,0,0.0,1,95,0,none,0,none,0,0,0,no_alert_unknown,no_alert_not_final_benign,-1,dns,app_proto+port
2025-07-19T23:03:28.643421+0700,103.195.142.165,87.98.154.119,53,45206,UDP,flow,failed,2013437560834632,,1,1,0,1437,0,0.0,1,1437,0,none,0,none,0,0,0,no_alert_unknown,no_alert_not_final_benign,-1,dns,port
2025-07-19T23:03:28.643453+0700,103.195.142.76,87.98.154.119,53,47413,UDP,flow,failed,1227678602185329,,1,1,0,1469,0,0.0,1,1469,0,none,0,none,0,0,0,no_alert_unknown,no_alert_not_final_benign,-1,dns,port
2025-07-19T23:03:28.643506+0700,103.195.142.46,87.98.154.119,53,54543,UDP,flow,failed,1182339707849537,,1,1,0,1437,0,0.0,1,1437,0,none,0,none,0,0,0,no_alert_unknown,no_alert_not_final_benign,-1,dns,port
2025-07-19T23:03:28.643521+0700,103.195.142.76,87.98.154.74,53,34660,UDP,flow,failed,1766866273061753,,1,1,0,1469,0,0.0,1,1469,0,none,0,none,0,0,0,no_alert_unknown,no_alert_not_final_benign,-1,dns,port
2025-07-19T23:03:28.643588+0700,103.195.142.76,87.98.154.14,53,7494,UDP,flow,failed,354621900410018,,1,1,0,1469,0,0.0,1,1469,0,none,0,none,0,0,0,no_alert_unknown,no_alert_not_final_benign,-1,dns,port
2025-07-19T23:03:28.643620+0700,103.195.142.74,202.134.0.155,25940,53,UDP,flow,dns,497237769276665,,1,1,0,73,0,0.0,1,73,0,none,0,none,0,0,0,no_alert_unknown,no_alert_not_final_benign,-1,dns,app_proto+port
2025-07-19T23:03:28.643651+0700,103.195.142.46,87.98.154.119,53,21428,UDP,flow,failed,1313239328640283,,1,1,0,1437,0,0.0,1,1437,0,none,0,none,0,0,0,no_alert_unknown,no_alert_not_final_benign,-1,dns,port
2025-07-19T23:03:28.643688+0700,103.195.142.46,87.98.154.239,53,35454,UDP,flow,failed,6501067148625,,1,1,0,1437,0,0.0,1,1437,0,none,0,none,0,0,0,no_alert_unknown,no_alert_not_final_benign,-1,dns,port
2025-07-19T23:03:28.643703+0700,103.195.142.165,87.98.154.119,53,19344,UDP,flow,failed,1466803961220437,,1,1,0,1437,0,0.0,1,1437,0,none,0,none,0,0,0,no_alert_unknown,no_alert_not_final_benign,-1,dns,port
2025-07-19T23:03:28.643732+0700,103.195.142.74,202.134.0.155,51697,53,UDP,flow,dns,506352604433816,,1,1,0,75,0,0.0,1,75,0,none,0,none,0,0,0,no_alert_unknown,no_alert_not_final_benign,-1,dns,app_proto+port
2025-07-19T23:03:28.643747+0700,103.195.142.3,13.105.68.207,53,42360,UDP,flow,failed,1589701360045538,,1,1,0,135,0,0.0,1,135,0,none,0,none,0,0,0,no_alert_unknown,no_alert_not_final_benign,-1,dns,port
2025-07-19T23:03:28.643762+0700,103.195.142.165,87.98.154.65,53,59945,UDP,flow,failed,1991587497266699,,1,1,0,1437,0,0.0,1,1437,0,none,0,none,0,0,0,no_alert_unknown,no_alert_not_final_benign,-1,dns,port
2025-07-19T23:03:28.643778+0700,103.195.142.195,87.98.154.196,53,54739,UDP,flow,failed,212846258507382,,1,1,0,1437,0,0.0,1,1437,0,none,0,none,0,0,0,no_alert_unknown,no_alert_not_final_benign,-1,dns,port
2025-07-19T23:03:28.643819+0700,103.195.142.74,202.134.0.155,13428,53,UDP,flow,dns,1876255248436857,,1,1,0,82,0,0.0,1,82,0,none,0,none,0,0,0,no_alert_unknown,no_alert_not_final_benign,-1,dns,app_proto+port
2025-07-19T23:03:28.643840+0700,103.195.142.74,118.98.44.50,39810,53,UDP,flow,dns,2007682724417174,,1,1,0,74,0,0.0,1,74,0,none,0,none,0,0,0,no_alert_unknown,no_alert_not_final_benign,-1,dns,app_proto+port
2025-07-19T23:03:28.643857+0700,103.195.142.165,87.98.154.117,53,43089,UDP,flow,failed,10746300616360,,1,1,0,1437,0,0.0,1,1437,0,none,0,none,0,0,0,no_alert_unknown,no_alert_not_final_benign,-1,dns,port
2025-07-19T23:03:28.643871+0700,103.195.142.74,118.98.44.50,20815,53,UDP,flow,dns,547502109445832,,1,1,0,81,0,0.0,1,81,0,none,0,none,0,0,0,no_alert_unknown,no_alert_not_final_benign,-1,dns,app_proto+port
2025-07-19T23:03:28.643887+0700,103.195.142.2,23.129.64.55,53,37133,UDP,flow,failed,2119372094853037,,1,1,0,148,0,0.0,1,148,0,none,0,none,0,0,0,no_alert_unknown,no_alert_not_final_benign,-1,dns,port
2025-07-19T23:03:28.643922+0700,103.195.142.76,87.98.154.119,53,19894,UDP,flow,failed,549600492998681,,1,1,0,1469,0,0.0,1,1469,0,none,0,none,0,0,0,no_alert_unknown,no_alert_not_final_benign,-1,dns,port
2025-07-19T23:03:28.665466+0700,103.195.142.74,8.8.8.8,11505,53,UDP,dns,,43406698719662,wire/pcap,0,0,0,0,0,0.0,0,0,0,none,0,none,0,0,0,no_alert_unknown,no_alert_not_final_benign,-1,dns,port
2025-07-19T23:03:28.667272+0700,103.195.142.74,216.38.8.121,50709,53,UDP,dns,,51164504676088,wire/pcap,0,0,0,0,0,0.0,0,0,0,none,0,none,0,0,0,no_alert_unknown,no_alert_not_final_benign,-1,dns,port
2025-07-19T23:03:28.699501+0700,103.195.142.74,216.38.8.121,61703,53,UDP,dns,,189586393998392,wire/pcap,0,0,0,0,0,0.0,0,0,0,none,0,none,0,0,0,no_alert_unknown,no_alert_not_final_benign,-1,dns,port
2025-07-19T23:03:28.717949+0700,103.195.142.74,202.134.0.155,46581,53,UDP,dns,,268821713888430,wire/pcap,0,0,0,0,0,0.0,0,0,0,none,0,none,0,0,0,no_alert_unknown,no_alert_not_final_benign,-1,dns,port
2025-07-19T23:03:28.723101+0700,103.195.142.75,8.8.8.8,23097,53,UDP,dns,,9473106974935,wire/pcap,0,0,0,0,0,0.0,0,0,0,none,0,none,0,0,0,no_alert_unknown,no_alert_not_final_benign,-1,dns,port
2025-07-19T23:03:28.758518+0700,103.195.142.74,118.98.44.50,52993,53,UDP,dns,,161585359185326,wire/pcap,0,0,0,0,0,0.0,0,0,0,none,0,none,0,0,0,no_alert_unknown,no_alert_not_final_benign,-1,dns,port
2025-07-19T23:03:28.820109+0700,103.195.142.75,8.8.8.8,48806,53,UDP,dns,,144643509379201,wire/pcap,0,0,0,0,0,0.0,0,0,0,none,0,none,0,0,0,no_alert_unknown,no_alert_not_final_benign,-1,dns,port
2025-07-19T23:03:28.853018+0700,103.195.142.74,118.98.44.100,25614,53,UDP,dns,,4511544988830,wire/pcap,0,0,0,0,0,0.0,0,0,0,none,0,none,0,0,0,no_alert_unknown,no_alert_not_final_benign,-1,dns,port
2025-07-19T23:03:28.857616+0700,103.195.142.74,202.134.0.155,20911,53,UDP,dns,,24261676618857,wire/pcap,0,0,0,0,0,0.0,0,0,0,none,0,none,0,0,0,no_alert_unknown,no_alert_not_final_benign,-1,dns,port
2025-07-19T23:03:28.865608+0700,103.195.142.74,118.98.44.20,17754,53,UDP,dns,,58585844068827,wire/pcap,0,0,0,0,0,0.0,0,0,0,none,0,none,0,0,0,no_alert_unknown,no_alert_not_final_benign,-1,dns,port
2025-07-19T23:03:28.865849+0700,103.195.142.74,118.98.44.20,62323,53,UDP,dns,,59621259768235,wire/pcap,0,0,0,0,0,0.0,0,0,0,none,0,none,0,0,0,no_alert_unknown,no_alert_not_final_benign,-1,dns,port
2025-07-19T23:03:28.889913+0700,103.195.142.74,216.38.8.121,61592,53,UDP,dns,,162973005278340,wire/pcap,0,0,0,0,0,0.0,0,0,0,none,0,none,0,0,0,no_alert_unknown,no_alert_not_final_benign,-1,dns,port
2025-07-19T23:03:28.898366+0700,103.195.142.74,202.134.0.155,34239,53,UDP,dns,,199279576647753,wire/pcap,0,0,0,0,0,0.0,0,0,0,none,0,none,0,0,0,no_alert_unknown,no_alert_not_final_benign,-1,dns,port
2025-07-19T23:03:28.916633+0700,103.195.142.74,202.134.0.155,64210,53,UDP,dns,,277738114361748,wire/pcap,0,0,0,0,0,0.0,0,0,0,none,0,none,0,0,0,no_alert_unknown,no_alert_not_final_benign,-1,dns,port
2025-07-19T23:03:28.920990+0700,103.195.142.74,118.98.44.50,28680,53,UDP,dns,,14976101565820,wire/pcap,0,0,0,0,0,0.0,0,0,0,none,0,none,0,0,0,no_alert_unknown,no_alert_not_final_benign,-1,dns,port
2025-07-19T23:03:28.927728+0700,103.195.142.108,8.8.8.8,1900,53,UDP,dns,,1216074754602613,wire/pcap,0,0,0,0,0,0.0,0,0,0,none,0,none,0,0,0,no_alert_unknown,no_alert_not_final_benign,-1,dns,port
2025-07-19T23:03:28.955845+0700,103.195.142.75,8.8.8.8,16597,53,UDP,dns,,164674116911083,wire/pcap,0,0,0,0,0,0.0,0,0,0,none,0,none,0,0,0,no_alert_unknown,no_alert_not_final_benign,-1,dns,port
2025-07-19T23:03:28.957170+0700,103.195.142.74,118.98.44.20,32648,53,UDP,dns,,170365345076998,wire/pcap,0,0,0,0,0,0.0,0,0,0,none,0,none,0,0,0,no_alert_unknown,no_alert_not_final_benign,-1,dns,port
2025-07-19T23:03:28.963920+0700,103.195.142.75,8.8.8.8,48004,53,UDP,dns,,199356742809654,wire/pcap,0,0,0,0,0,0.0,0,0,0,none,0,none,0,0,0,no_alert_unknown,no_alert_not_final_benign,-1,dns,port
2025-07-19T23:03:28.990464+0700,103.195.142.74,118.98.44.100,29113,53,UDP,dns,,31886177946810,wire/pcap,0,0,0,0,0,0.0,0,0,0,none,0,none,0,0,0,no_alert_unknown,no_alert_not_final_benign,-1,dns,port
2025-07-19T23:03:29.001951+0700,103.195.142.74,118.98.44.20,37768,53,UDP,dns,,289858008666628,wire/pcap,0,0,0,0,0,0.0,0,0,0,none,0,none,0,0,0,no_alert_unknown,no_alert_not_final_benign,-1,dns,port
2025-07-19T23:03:29.024567+0700,103.195.142.74,118.98.44.100,3894,53,UDP,dns,,386990623137602,wire/pcap,0,0,0,0,0,0.0,0,0,0,none,0,none,0,0,0,no_alert_unknown,no_alert_not_final_benign,-1,dns,port
2025-07-19T23:03:29.025845+0700,103.195.142.74,118.98.44.100,60026,53,UDP,dns,,392481196940841,wire/pcap,0,0,0,0,0,0.0,0,0,0,none,0,none,0,0,0,no_alert_unknown,no_alert_not_final_benign,-1,dns,port
2025-07-19T23:03:29.032652+0700,103.195.142.74,118.98.44.50,23788,53,UDP,dns,,421716847418125,wire/pcap,0,0,0,0,0,0.0,0,0,0,none,0,none,0,0,0,no_alert_unknown,no_alert_not_final_benign,-1,dns,port
2025-07-19T23:03:29.048202+0700,103.195.142.75,8.8.8.8,7048,53,UDP,dns,,488501416541295,wire/pcap,0,0,0,0,0,0.0,0,0,0,none,0,none,0,0,0,no_alert_unknown,no_alert_not_final_benign,-1,dns,port
2025-07-19T23:03:29.053872+0700,103.195.142.74,69.39.238.36,14142,53,UDP,dns,,512855424676308,wire/pcap,0,0,0,0,0,0.0,0,0,0,none,0,none,0,0,0,no_alert_unknown,no_alert_not_final_benign,-1,dns,port
2025-07-19T23:03:29.076336+0700,103.195.142.74,118.98.44.100,10228,53,UDP,dns,,327863193169707,wire/pcap,0,0,0,0,0,0.0,0,0,0,none,0,none,0,0,0,no_alert_unknown,no_alert_not_final_benign,-1,dns,port
2025-07-19T23:03:29.095640+0700,103.195.142.74,118.98.44.100,47215,53,UDP,dns,,410772071058852,wire/pcap,0,0,0,0,0,0.0,0,0,0,none,0,none,0,0,0,no_alert_unknown,no_alert_not_final_benign,-1,dns,port
2025-07-19T23:03:29.095776+0700,103.195.142.74,118.98.44.100,7617,53,UDP,dns,,411357241658585,wire/pcap,0,0,0,0,0,0.0,0,0,0,none,0,none,0,0,0,no_alert_unknown,no_alert_not_final_benign,-1,dns,port
2025-07-19T23:03:29.099640+0700,103.195.142.74,202.134.0.155,33656,53,UDP,dns,,427953924044207,wire/pcap,0,0,0,0,0,0.0,0,0,0,none,0,none,0,0,0,no_alert_unknown,no_alert_not_final_benign,-1,dns,port
2025-07-19T23:03:29.131008+0700,103.195.142.74,202.134.0.155,57852,53,UDP,dns,,562675552009364,wire/pcap,0,0,0,0,0,0.0,0,0,0,none,0,none,0,0,0,no_alert_unknown,no_alert_not_final_benign,-1,dns,port
2025-07-19T23:03:29.134667+0700,103.195.142.74,118.98.44.20,41241,53,UDP,dns,,296915743895563,wire/pcap,0,0,0,0,0,0.0,0,0,0,none,0,none,0,0,0,no_alert_unknown,no_alert_not_final_benign,-1,dns,port
2025-07-19T23:03:29.157728+0700,103.195.142.74,118.98.44.50,43208,53,UDP,dns,,395962021155254,wire/pcap,0,0,0,0,0,0.0,0,0,0,none,0,none,0,0,0,no_alert_unknown,no_alert_not_final_benign,-1,dns,port
2025-07-19T23:03:29.173396+0700,103.195.142.74,118.98.44.20,6865,53,UDP,dns,,463257507950389,wire/pcap,0,0,0,0,0,0.0,0,0,0,none,0,none,0,0,0,no_alert_unknown,no_alert_not_final_benign,-1,dns,port
2025-07-19T23:03:29.200416+0700,103.195.142.74,118.98.44.100,4044,53,UDP,dns,,297830474836474,wire/pcap,0,0,0,0,0,0.0,0,0,0,none,0,none,0,0,0,no_alert_unknown,no_alert_not_final_benign,-1,dns,port
2025-07-19T23:03:29.200486+0700,103.195.142.74,118.98.44.100,57139,53,UDP,dns,,298131443858699,wire/pcap,0,0,0,0,0,0.0,0,0,0,none,0,none,0,0,0,no_alert_unknown,no_alert_not_final_benign,-1,dns,port
2025-07-19T23:03:29.212145+0700,103.195.142.75,8.8.8.8,57942,53,UDP,dns,,348208387930547,wire/pcap,0,0,0,0,0,0.0,0,0,0,none,0,none,0,0,0,no_alert_unknown,no_alert_not_final_benign,-1,dns,port
2025-07-19T23:03:29.212369+0700,103.195.142.74,216.38.8.121,30336,53,UDP,dns,,349168141814598,wire/pcap,0,0,0,0,0,0.0,0,0,0,none,0,none,0,0,0,no_alert_unknown,no_alert_not_final_benign,-1,dns,port
2025-07-19T23:03:29.278775+0700,103.195.142.75,8.8.8.8,44612,53,UDP,dns,,352908041278395,wire/pcap,0,0,0,0,0,0.0,0,0,0,none,0,none,0,0,0,no_alert_unknown,no_alert_not_final_benign,-1,dns,port
2025-07-19T23:03:29.280638+0700,103.195.142.74,118.98.44.100,13814,53,UDP,dns,,360909732402769,wire/pcap,0,0,0,0,0,0.0,0,0,0,none,0,none,0,0,0,no_alert_unknown,no_alert_not_final_benign,-1,dns,port
2025-07-19T23:03:29.290298+0700,103.195.142.74,118.98.44.50,53748,53,UDP,flow,dns,408073103139003,,1,1,0,84,0,0.0,1,84,0,none,0,none,0,0,0,no_alert_unknown,no_alert_not_final_benign,-1,dns,app_proto+port
2025-07-19T23:03:29.305260+0700,103.195.142.74,118.98.44.20,63100,53,UDP,dns,,466660929462684,wire/pcap,0,0,0,0,0,0.0,0,0,0,none,0,none,0,0,0,no_alert_unknown,no_alert_not_final_benign,-1,dns,port
2025-07-19T23:03:29.305291+0700,103.195.142.74,216.38.8.121,47904,53,UDP,dns,,466792883685716,wire/pcap,0,0,0,0,0,0.0,0,0,0,none,0,none,0,0,0,no_alert_unknown,no_alert_not_final_benign,-1,dns,port
2025-07-19T23:03:29.318639+0700,103.195.142.74,202.134.0.155,8971,53,UDP,dns,,524120365148111,wire/pcap,0,0,0,0,0,0.0,0,0,0,none,0,none,0,0,0,no_alert_unknown,no_alert_not_final_benign,-1,dns,port
2025-07-19T23:03:29.328246+0700,103.195.142.74,202.134.0.155,37937,53,UDP,dns,,283907031162046,wire/pcap,0,0,0,0,0,0.0,0,0,0,none,0,none,0,0,0,no_alert_unknown,no_alert_not_final_benign,-1,dns,port
2025-07-19T23:03:29.350930+0700,103.195.142.74,118.98.44.50,45610,53,UDP,dns,,381337011083116,wire/pcap,0,0,0,0,0,0.0,0,0,0,none,0,none,0,0,0,no_alert_unknown,no_alert_not_final_benign,-1,dns,port
2025-07-19T23:03:29.401680+0700,103.195.142.75,8.8.8.8,16775,53,UDP,dns,,317828211205489,wire/pcap,0,0,0,0,0,0.0,0,0,0,none,0,none,0,0,0,no_alert_unknown,no_alert_not_final_benign,-1,dns,port
2025-07-19T23:03:29.453688+0700,103.195.142.75,8.8.8.8,64956,53,UDP,dns,,541200521346675,wire/pcap,0,0,0,0,0,0.0,0,0,0,none,0,none,0,0,0,no_alert_unknown,no_alert_not_final_benign,-1,dns,port
2025-07-19T23:03:29.453822+0700,103.195.142.74,118.98.44.100,20654,53,UDP,dns,,541776960314512,wire/pcap,0,0,0,0,0,0.0,0,0,0,none,0,none,0,0,0,no_alert_unknown,no_alert_not_final_benign,-1,dns,port
2025-07-19T23:03:29.489849+0700,103.195.142.74,118.98.44.20,6288,53,UDP,dns,,415037649446792,wire/pcap,0,0,0,0,0,0.0,0,0,0,none,0,none,0,0,0,no_alert_unknown,no_alert_not_final_benign,-1,dns,port
2025-07-19T23:03:29.511538+0700,103.195.142.74,118.98.44.20,3452,53,UDP,dns,,508191870296232,wire/pcap,0,0,0,0,0,0.0,0,0,0,none,0,none,0,0,0,no_alert_unknown,no_alert_not_final_benign,-1,dns,port
2025-07-19T23:03:29.514535+0700,103.195.142.74,118.98.44.20,60615,53,UDP,dns,,521063199192097,wire/pcap,0,0,0,0,0,0.0,0,0,0,none,0,none,0,0,0,no_alert_unknown,no_alert_not_final_benign,-1,dns,port
2025-07-19T23:03:29.516576+0700,103.195.142.196,87.98.154.119,53,9123,UDP,flow,failed,218715325597459,,1,1,0,1437,0,0.0,1,1437,0,none,0,none,0,0,0,no_alert_unknown,no_alert_not_final_benign,-1,dns,port
2025-07-19T23:03:29.520953+0700,103.195.142.75,8.8.8.8,8005,53,UDP,dns,,548627668907872,wire/pcap,0,0,0,0,0,0.0,0,0,0,none,0,none,0,0,0,no_alert_unknown,no_alert_not_final_benign,-1,dns,port
2025-07-19T23:03:29.527872+0700,103.195.142.74,202.134.0.155,9045,53,UDP,dns,,296870194849208,wire/pcap,0,0,0,0,0,0.0,0,0,0,none,0,none,0,0,0,no_alert_unknown,no_alert_not_final_benign,-1,dns,port
2025-07-19T23:03:29.553453+0700,103.195.142.74,202.134.0.155,5062,53,UDP,dns,,406738241672332,wire/pcap,0,0,0,0,0,0.0,0,0,0,none,0,none,0,0,0,no_alert_unknown,no_alert_not_final_benign,-1,dns,port
2025-07-19T23:03:29.582765+0700,103.195.142.75,50.28.102.86,37025,53,UDP,dns,,532634942064658,wire/pcap,0,0,0,0,0,0.0,0,0,0,none,0,none,0,0,0,no_alert_unknown,no_alert_not_final_benign,-1,dns,port
2025-07-19T23:03:29.612445+0700,103.195.142.74,118.98.44.20,2029,53,UDP,dns,,378632226967861,wire/pcap,0,0,0,0,0,0.0,0,0,0,none,0,none,0,0,0,no_alert_unknown,no_alert_not_final_benign,-1,dns,port
2025-07-19T23:03:29.612466+0700,103.195.142.74,118.98.44.100,60602,53,UDP,dns,,378725710734413,wire/pcap,0,0,0,0,0,0.0,0,0,0,none,0,none,0,0,0,no_alert_unknown,no_alert_not_final_benign,-1,dns,port
2025-07-19T23:03:29.617203+0700,103.195.142.74,118.98.44.50,13434,53,UDP,dns,,399068227930361,wire/pcap,0,0,0,0,0,0.0,0,0,0,none,0,none,0,0,0,no_alert_unknown,no_alert_not_final_benign,-1,dns,port
2025-07-19T23:03:29.617510+0700,103.195.142.74,202.134.0.155,56051,53,UDP,dns,,400388660392815,wire/pcap,0,0,0,0,0,0.0,0,0,0,none,0,none,0,0,0,no_alert_unknown,no_alert_not_final_benign,-1,dns,port
2025-07-19T23:03:29.617808+0700,103.195.142.74,202.134.0.155,63918,53,UDP,dns,,401669151596672,wire/pcap,0,0,0,0,0,0.0,0,0,0,none,0,none,0,0,0,no_alert_unknown,no_alert_not_final_benign,-1,dns,port
2025-07-19T23:03:29.622507+0700,103.195.142.74,118.98.44.20,1818,53,UDP,dns,,421849514411519,wire/pcap,0,0,0,0,0,0.0,0,0,0,none,0,none,0,0,0,no_alert_unknown,no_alert_not_final_benign,-1,dns,port
2025-07-19T23:03:29.629901+0700,103.195.142.76,87.98.154.82,53,63523,UDP,flow,failed,1221974165442689,,1,3,0,4407,0,10.0,3,4407,0,none,0,none,0,0,0,no_alert_unknown,no_alert_not_final_benign,-1,dns,port
2025-07-19T23:03:29.629996+0700,103.195.142.74,118.98.44.50,37764,53,UDP,flow,dns,1756866341982395,,1,1,0,68,0,0.0,1,68,0,none,0,none,0,0,0,no_alert_unknown,no_alert_not_final_benign,-1,dns,app_proto+port
2025-07-19T23:03:29.630095+0700,103.195.142.74,118.98.44.20,41955,53,UDP,flow,dns,400753879175590,,1,1,0,68,0,0.0,1,68,0,none,0,none,0,0,0,no_alert_unknown,no_alert_not_final_benign,-1,dns,app_proto+port
2025-07-19T23:03:29.630136+0700,103.195.142.76,87.98.154.119,53,32242,UDP,flow,failed,1976966627873193,,1,1,0,1469,0,0.0,1,1469,0,none,0,none,0,0,0,no_alert_unknown,no_alert_not_final_benign,-1,dns,port
2025-07-19T23:03:29.630190+0700,103.195.142.195,87.98.154.204,53,23794,UDP,flow,failed,1190311083069927,,1,1,0,1437,0,0.0,1,1437,0,none,0,none,0,0,0,no_alert_unknown,no_alert_not_final_benign,-1,dns,port
2025-07-19T23:03:29.630210+0700,103.195.142.74,118.98.44.20,45167,53,UDP,flow,dns,1347721441661439,,1,1,0,100,0,0.0,1,100,0,none,0,none,0,0,0,no_alert_unknown,no_alert_not_final_benign,-1,dns,app_proto+port
2025-07-19T23:03:29.630231+0700,103.195.142.165,87.98.154.119,53,52773,UDP,flow,failed,51009002557987,,1,1,0,1437,0,0.0,1,1437,0,none,0,none,0,0,0,no_alert_unknown,no_alert_not_final_benign,-1,dns,port
2025-07-19T23:03:29.630250+0700,103.195.142.196,87.98.154.173,53,14485,UDP,flow,failed,1366708223824466,,1,1,0,1437,0,0.0,1,1437,0,none,0,none,0,0,0,no_alert_unknown,no_alert_not_final_benign,-1,dns,port
2025-07-19T23:03:29.630336+0700,103.195.142.165,87.98.154.119,53,62026,UDP,flow,failed,1327498434139006,,1,1,0,1437,0,0.0,1,1437,0,none,0,none,0,0,0,no_alert_unknown,no_alert_not_final_benign,-1,dns,port
2025-07-19T23:03:29.630435+0700,103.195.142.46,87.98.154.119,53,64369,UDP,flow,failed,492985477059531,,1,1,0,1437,0,0.0,1,1437,0,none,0,none,0,0,0,no_alert_unknown,no_alert_not_final_benign,-1,dns,port
2025-07-19T23:03:29.630479+0700,103.195.142.74,118.98.44.20,29373,53,UDP,flow,dns,367483564086239,,1,1,0,93,0,0.0,1,93,0,none,0,none,0,0,0,no_alert_unknown,no_alert_not_final_benign,-1,dns,app_proto+port
2025-07-19T23:03:29.630500+0700,103.195.142.165,87.98.154.121,53,63725,UDP,flow,failed,1657437736227951,,1,1,0,1437,0,0.0,1,1437,0,none,0,none,0,0,0,no_alert_unknown,no_alert_not_final_benign,-1,dns,port
2025-07-19T23:03:29.630519+0700,103.195.142.46,87.98.154.135,53,30207,UDP,flow,failed,1445158972511373,,1,1,0,1437,0,0.0,1,1437,0,none,0,none,0,0,0,no_alert_unknown,no_alert_not_final_benign,-1,dns,port
2025-07-19T23:03:29.630537+0700,103.195.142.74,118.98.44.50,36700,53,UDP,flow,dns,465153961579741,,1,1,0,74,0,0.0,1,74,0,none,0,none,0,0,0,no_alert_unknown,no_alert_not_final_benign,-1,dns,app_proto+port
2025-07-19T23:03:29.630558+0700,103.195.142.195,87.98.154.8,53,2365,UDP,flow,failed,52409523197169,,1,1,0,1437,0,0.0,1,1437,0,none,0,none,0,0,0,no_alert_unknown,no_alert_not_final_benign,-1,dns,port
2025-07-19T23:03:29.630577+0700,103.195.142.74,118.98.44.100,52503,53,UDP,flow,dns,1827928612754753,,1,1,0,68,0,0.0,1,68,0,none,0,none,0,0,0,no_alert_unknown,no_alert_not_final_benign,-1,dns,app_proto+port
2025-07-19T23:03:29.630597+0700,103.195.142.109,87.98.154.119,53,49785,UDP,flow,failed,2085111669871945,,1,1,0,1437,0,0.0,1,1437,0,none,0,none,0,0,0,no_alert_unknown,no_alert_not_final_benign,-1,dns,port
2025-07-19T23:03:29.630658+0700,103.195.142.165,87.98.154.119,53,62472,UDP,flow,failed,2043934497068424,,1,1,0,1437,0,0.0,1,1437,0,none,0,none,0,0,0,no_alert_unknown,no_alert_not_final_benign,-1,dns,port
2025-07-19T23:03:29.630677+0700,103.195.142.165,87.98.154.237,53,55536,UDP,flow,failed,427306968700349,,1,1,0,1437,0,0.0,1,1437,0,none,0,none,0,0,0,no_alert_unknown,no_alert_not_final_benign,-1,dns,port
2025-07-19T23:03:29.630752+0700,103.195.142.195,87.98.154.120,53,49316,UDP,flow,failed,1654978381698505,,1,1,0,1437,0,0.0,1,1437,0,none,0,none,0,0,0,no_alert_unknown,no_alert_not_final_benign,-1,dns,port
2025-07-19T23:03:29.630798+0700,103.195.142.195,87.98.154.180,53,14050,UDP,flow,failed,345611685549531,,1,1,0,1437,0,0.0,1,1437,0,none,0,none,0,0,0,no_alert_unknown,no_alert_not_final_benign,-1,dns,port
2025-07-19T23:03:29.630840+0700,103.195.142.74,118.98.44.20,42364,53,UDP,flow,dns,1280006615553565,,1,1,0,77,0,0.0,1,77,0,none,0,none,0,0,0,no_alert_unknown,no_alert_not_final_benign,-1,dns,app_proto+port
2025-07-19T23:03:29.630860+0700,103.195.142.75,161.232.17.42,40665,53,UDP,flow,dns,2051741327447605,,1,1,0,88,0,0.0,1,88,0,none,0,none,0,0,0,no_alert_unknown,no_alert_not_final_benign,-1,dns,app_proto+port
2025-07-19T23:03:29.630885+0700,103.195.142.76,87.98.154.26,53,51559,UDP,flow,failed,1856104867845701,,1,3,0,4407,0,10.0,3,4407,0,none,0,none,0,0,0,no_alert_unknown,no_alert_not_final_benign,-1,dns,port
2025-07-19T23:03:29.630904+0700,103.195.142.76,87.98.154.54,53,31050,UDP,flow,failed,1575928565946004,,1,3,0,4407,0,10.0,3,4407,0,none,0,none,0,0,0,no_alert_unknown,no_alert_not_final_benign,-1,dns,port
2025-07-19T23:03:29.630923+0700,103.195.142.46,87.98.154.43,53,2816,UDP,flow,failed,1455074439550650,,1,1,0,1437,0,0.0,1,1437,0,none,0,none,0,0,0,no_alert_unknown,no_alert_not_final_benign,-1,dns,port
2025-07-19T23:03:29.630941+0700,103.195.142.74,118.98.44.50,63768,53,UDP,flow,dns,1145178603738867,,1,1,0,86,0,0.0,1,86,0,none,0,none,0,0,0,no_alert_unknown,no_alert_not_final_benign,-1,dns,app_proto+port
2025-07-19T23:03:29.630961+0700,103.195.142.74,118.98.44.50,35900,53,UDP,flow,dns,1364093982889742,,1,1,0,79,0,0.0,1,79,0,none,0,none,0,0,0,no_alert_unknown,no_alert_not_final_benign,-1,dns,app_proto+port
2025-07-19T23:03:29.630981+0700,103.195.142.109,87.98.154.137,53,42069,UDP,flow,failed,183322364630813,,1,3,0,4311,0,9.0,3,4311,0,none,0,none,0,0,0,no_alert_unknown,no_alert_not_final_benign,-1,dns,port
2025-07-19T23:03:29.631019+0700,103.195.142.74,118.98.44.20,50929,53,UDP,flow,dns,315902493677423,,1,1,0,78,0,0.0,1,78,0,none,0,none,0,0,0,no_alert_unknown,no_alert_not_final_benign,-1,dns,app_proto+port
2025-07-19T23:03:29.631044+0700,103.195.142.74,118.98.44.20,35348,53,UDP,flow,dns,164621589829603,,1,1,0,88,0,0.0,1,88,0,none,0,none,0,0,0,no_alert_unknown,no_alert_not_final_benign,-1,dns,app_proto+port
2025-07-19T23:03:29.631065+0700,103.195.142.165,87.98.154.209,53,31723,UDP,flow,failed,1647253627754505,,1,3,0,4311,0,10.0,3,4311,0,none,0,none,0,0,0,no_alert_unknown,no_alert_not_final_benign,-1,dns,port
2025-07-19T23:03:29.631084+0700,103.195.142.76,87.98.154.119,53,31313,UDP,flow,failed,1948538350229533,,1,1,0,1469,0,0.0,1,1469,0,none,0,none,0,0,0,no_alert_unknown,no_alert_not_final_benign,-1,dns,port
2025-07-19T23:03:29.631123+0700,103.195.142.3,23.129.64.50,53,47971,UDP,flow,failed,1895413287704686,,1,1,0,201,0,0.0,1,201,0,none,0,none,0,0,0,no_alert_unknown,no_alert_not_final_benign,-1,dns,port
2025-07-19T23:03:29.631143+0700,103.195.142.76,87.98.154.119,53,28288,UDP,flow,failed,1944541031192721,,1,1,0,1469,0,0.0,1,1469,0,none,0,none,0,0,0,no_alert_unknown,no_alert_not_final_benign,-1,dns,port
2025-07-19T23:03:29.631204+0700,103.195.142.46,87.98.154.79,53,52775,UDP,flow,failed,10817990646022,,1,1,0,1437,0,0.0,1,1437,0,none,0,none,0,0,0,no_alert_unknown,no_alert_not_final_benign,-1,dns,port
2025-07-19T23:03:29.631248+0700,103.195.142.74,118.98.44.20,5632,53,UDP,flow,dns,2007520268147032,,1,1,0,223,0,0.0,1,223,0,none,0,none,0,0,0,no_alert_unknown,no_alert_not_final_benign,-1,dns,app_proto+port
2025-07-19T23:03:29.631291+0700,103.195.142.74,118.98.44.100,52771,53,UDP,flow,dns,1650576442546661,,1,1,0,77,0,0.0,1,77,0,none,0,none,0,0,0,no_alert_unknown,no_alert_not_final_benign,-1,dns,app_proto+port
2025-07-19T23:03:29.631333+0700,103.195.142.74,202.134.0.155,61087,53,UDP,flow,dns,1771660675013171,,1,1,0,106,0,0.0,1,106,0,none,0,none,0,0,0,no_alert_unknown,no_alert_not_final_benign,-1,dns,app_proto+port
2025-07-19T23:03:29.631381+0700,103.195.142.2,172.70.116.71,53,42145,UDP,flow,failed,2202840781707910,,1,1,0,147,0,0.0,1,147,0,none,0,none,0,0,0,no_alert_unknown,no_alert_not_final_benign,-1,dns,port
2025-07-19T23:03:29.631400+0700,103.195.142.74,118.98.44.50,54559,53,UDP,flow,dns,2054817889213090,,1,1,0,75,0,0.0,1,75,0,none,0,none,0,0,0,no_alert_unknown,no_alert_not_final_benign,-1,dns,app_proto+port
2025-07-19T23:03:29.631464+0700,103.195.142.76,87.98.154.82,53,4002,UDP,flow,failed,398961711602527,,1,1,0,1469,0,0.0,1,1469,0,none,0,none,0,0,0,no_alert_unknown,no_alert_not_final_benign,-1,dns,port
2025-07-19T23:03:29.631482+0700,103.195.142.83,87.98.154.110,53,37994,UDP,flow,failed,484895613410158,,1,1,0,1190,0,0.0,1,1190,0,none,0,none,0,0,0,no_alert_unknown,no_alert_not_final_benign,-1,dns,port
2025-07-19T23:03:29.631529+0700,103.195.142.74,118.98.44.20,26722,53,UDP,flow,dns,1526153923484570,,1,1,0,80,0,0.0,1,80,0,none,0,none,0,0,0,no_alert_unknown,no_alert_not_final_benign,-1,dns,app_proto+port
2025-07-19T23:03:29.631622+0700,103.195.142.75,8.8.8.8,4413,53,UDP,flow,dns,1927110070655963,,1,1,0,75,0,0.0,1,75,0,none,0,none,0,0,0,no_alert_unknown,no_alert_not_final_benign,-1,dns,app_proto+port
2025-07-19T23:03:29.631784+0700,103.195.142.196,87.98.154.165,53,57960,UDP,flow,failed,1668331605482687,,1,1,0,1437,0,0.0,1,1437,0,none,0,none,0,0,0,no_alert_unknown,no_alert_not_final_benign,-1,dns,port
2025-07-19T23:03:29.631803+0700,103.195.142.195,87.98.154.119,53,20603,UDP,flow,failed,1863615082618083,,1,1,0,1437,0,0.0,1,1437,0,none,0,none,0,0,0,no_alert_unknown,no_alert_not_final_benign,-1,dns,port
2025-07-19T23:03:29.631868+0700,103.195.142.74,118.98.44.50,6830,53,UDP,flow,dns,1828632346713367,,1,1,0,74,0,0.0,1,74,0,none,0,none,0,0,0,no_alert_unknown,no_alert_not_final_benign,-1,dns,app_proto+port
2025-07-19T23:03:29.631887+0700,103.195.142.83,87.98.154.117,53,22861,UDP,flow,failed,2080624929365278,,1,1,0,1190,0,0.0,1,1190,0,none,0,none,0,0,0,no_alert_unknown,no_alert_not_final_benign,-1,dns,port
2025-07-19T23:03:29.631906+0700,103.195.142.3,118.98.99.141,53,4301,UDP,flow,failed,548040005868841,,1,1,0,177,0,0.0,1,177,0,none,0,none,0,0,0,no_alert_unknown,no_alert_not_final_benign,-1,dns,port
2025-07-19T23:03:29.632012+0700,103.195.142.74,202.134.0.155,15424,53,UDP,flow,dns,1894341905767820,,1,1,0,92,0,0.0,1,92,0,none,0,none,0,0,0,no_alert_unknown,no_alert_not_final_benign,-1,dns,app_proto+port
2025-07-19T23:03:29.632033+0700,103.195.142.165,87.98.154.209,53,58033,UDP,flow,failed,1802675789127069,,1,1,0,1437,0,0.0,1,1437,0,none,0,none,0,0,0,no_alert_unknown,no_alert_not_final_benign,-1,dns,port
2025-07-19T23:03:29.632052+0700,103.195.142.74,118.98.44.100,64904,53,UDP,flow,dns,1674655036562921,,1,1,0,74,0,0.0,1,74,0,none,0,none,0,0,0,no_alert_unknown,no_alert_not_final_benign,-1,dns,app_proto+port
2025-07-19T23:03:29.632072+0700,103.195.142.76,87.98.154.194,53,44803,UDP,flow,failed,1985024440294905,,1,1,0,1469,0,0.0,1,1469,0,none,0,none,0,0,0,no_alert_unknown,no_alert_not_final_benign,-1,dns,port
2025-07-19T23:03:29.632091+0700,103.195.142.109,87.98.154.119,53,1976,UDP,flow,failed,1503022230756901,,1,1,0,1437,0,0.0,1,1437,0,none,0,none,0,0,0,no_alert_unknown,no_alert_not_final_benign,-1,dns,port
2025-07-19T23:03:29.632204+0700,103.195.142.74,118.98.44.100,60625,53,UDP,flow,dns,1418004681154199,,1,1,0,80,0,0.0,1,80,0,none,0,none,0,0,0,no_alert_unknown,no_alert_not_final_benign,-1,dns,app_proto+port
2025-07-19T23:03:29.632224+0700,103.195.142.76,87.98.154.138,53,12502,UDP,flow,failed,2051844292370081,,1,1,0,1469,0,0.0,1,1469,0,none,0,none,0,0,0,no_alert_unknown,no_alert_not_final_benign,-1,dns,port
2025-07-19T23:03:29.632243+0700,103.195.142.109,87.98.154.119,53,52896,UDP,flow,failed,165108222090935,,1,1,0,1437,0,0.0,1,1437,0,none,0,none,0,0,0,no_alert_unknown,no_alert_not_final_benign,-1,dns,port
2025-07-19T23:03:29.632284+0700,103.195.142.196,87.98.154.145,53,40640,UDP,flow,failed,1644147528195980,,1,1,0,1437,0,0.0,1,1437,0,none,0,none,0,0,0,no_alert_unknown,no_alert_not_final_benign,-1,dns,port
2025-07-19T23:03:29.632303+0700,103.195.142.83,87.98.154.134,53,21603,UDP,flow,failed,1443622392520604,,1,1,0,1190,0,0.0,1,1190,0,none,0,none,0,0,0,no_alert_unknown,no_alert_not_final_benign,-1,dns,port
2025-07-19T23:03:29.632391+0700,103.195.142.74,118.98.44.50,12745,53,UDP,flow,dns,1466413049274332,,1,1,0,211,0,0.0,1,211,0,none,0,none,0,0,0,no_alert_unknown,no_alert_not_final_benign,-1,dns,app_proto+port
2025-07-19T23:03:29.632452+0700,103.195.142.83,87.98.154.119,53,44037,UDP,flow,failed,1693143010992211,,1,1,0,1190,0,0.0,1,1190,0,none,0,none,0,0,0,no_alert_unknown,no_alert_not_final_benign,-1,dns,port
2025-07-19T23:03:29.632480+0700,103.195.142.3,13.105.68.211,53,26307,UDP,flow,failed,1668801514791002,,1,1,0,181,0,0.0,1,181,0,none,0,none,0,0,0,no_alert_unknown,no_alert_not_final_benign,-1,dns,port
2025-07-19T23:03:29.632534+0700,103.195.142.195,87.98.154.119,53,51159,UDP,flow,failed,1485122318000260,,1,1,0,1437,0,0.0,1,1437,0,none,0,none,0,0,0,no_alert_unknown,no_alert_not_final_benign,-1,dns,port
2025-07-19T23:03:29.632588+0700,103.195.142.83,87.98.154.214,53,26684,UDP,flow,failed,179271212753144,,1,1,0,1190,0,0.0,1,1190,0,none,0,none,0,0,0,no_alert_unknown,no_alert_not_final_benign,-1,dns,port
2025-07-19T23:03:29.632690+0700,103.195.142.31,8.8.8.8,41921,53,UDP,flow,dns,1868011468972344,,1,1,0,99,0,0.0,1,99,0,none,0,none,0,0,0,no_alert_unknown,no_alert_not_final_benign,-1,dns,app_proto+port
2025-07-19T23:03:29.632780+0700,103.195.142.46,87.98.154.243,53,46083,UDP,flow,failed,2236241343177065,,1,1,0,1437,0,0.0,1,1437,0,none,0,none,0,0,0,no_alert_unknown,no_alert_not_final_benign,-1,dns,port
2025-07-19T23:03:29.632859+0700,103.195.142.165,87.98.154.119,53,24037,UDP,flow,failed,2158384130843115,,1,1,0,1437,0,0.0,1,1437,0,none,0,none,0,0,0,no_alert_unknown,no_alert_not_final_benign,-1,dns,port
2025-07-19T23:03:29.632889+0700,103.195.142.195,87.98.154.152,53,53703,UDP,flow,failed,832734711210532,,1,2,0,2874,0,6.0,2,2874,0,none,0,none,0,0,0,no_alert_unknown,no_alert_not_final_benign,-1,dns,port
2025-07-19T23:03:29.632952+0700,103.195.142.74,118.98.44.50,56901,53,UDP,flow,dns,413447496688304,,1,1,0,196,0,0.0,1,196,0,none,0,none,0,0,0,no_alert_unknown,no_alert_not_final_benign,-1,dns,app_proto+port
2025-07-19T23:03:29.632984+0700,103.195.142.74,118.98.44.20,48715,53,UDP,flow,dns,2154694392636115,,1,1,0,117,0,0.0,1,117,0,none,0,none,0,0,0,no_alert_unknown,no_alert_not_final_benign,-1,dns,app_proto+port
2025-07-19T23:03:29.633052+0700,103.195.142.165,87.98.154.119,53,26655,UDP,flow,failed,1758579536978658,,1,1,0,1437,0,0.0,1,1437,0,none,0,none,0,0,0,no_alert_unknown,no_alert_not_final_benign,-1,dns,port
2025-07-19T23:03:29.633094+0700,103.195.142.74,202.134.0.155,6234,53,UDP,flow,dns,145743280694024,,1,1,0,232,0,0.0,1,232,0,none,0,none,0,0,0,no_alert_unknown,no_alert_not_final_benign,-1,dns,app_proto+port
2025-07-19T23:03:29.633152+0700,103.195.142.74,118.98.44.50,21233,53,UDP,flow,dns,1608719657558877,,1,1,0,211,0,0.0,1,211,0,none,0,none,0,0,0,no_alert_unknown,no_alert_not_final_benign,-1,dns,app_proto+port
2025-07-19T23:03:29.633173+0700,103.195.142.46,87.98.154.119,53,61391,UDP,flow,failed,1542896279380889,,1,1,0,1437,0,0.0,1,1437,0,none,0,none,0,0,0,no_alert_unknown,no_alert_not_final_benign,-1,dns,port
2025-07-19T23:03:29.633211+0700,103.195.142.109,87.98.154.119,53,3874,UDP,flow,failed,257159791993811,,1,1,0,1437,0,0.0,1,1437,0,none,0,none,0,0,0,no_alert_unknown,no_alert_not_final_benign,-1,dns,port
2025-07-19T23:03:29.633236+0700,103.195.142.196,87.98.154.229,53,31895,UDP,flow,failed,2182060411085791,,1,1,0,1437,0,0.0,1,1437,0,none,0,none,0,0,0,no_alert_unknown,no_alert_not_final_benign,-1,dns,port
2025-07-19T23:03:29.633255+0700,103.195.142.74,118.98.44.20,36884,53,UDP,flow,dns,1560353936073708,,1,1,0,211,0,0.0,1,211,0,none,0,none,0,0,0,no_alert_unknown,no_alert_not_final_benign,-1,dns,app_proto+port
2025-07-19T23:03:29.633275+0700,103.195.142.2,69.171.249.133,53,37035,UDP,flow,failed,246247024780276,,1,1,0,127,0,0.0,1,127,0,none,0,none,0,0,0,no_alert_unknown,no_alert_not_final_benign,-1,dns,port
2025-07-19T23:03:29.633294+0700,103.195.142.109,87.98.154.119,53,41030,UDP,flow,failed,326814388806656,,1,1,0,1437,0,0.0,1,1437,0,none,0,none,0,0,0,no_alert_unknown,no_alert_not_final_benign,-1,dns,port
2025-07-19T23:03:29.633312+0700,103.195.142.74,118.98.44.50,36644,53,UDP,flow,dns,320272936952854,,1,1,0,232,0,0.0,1,232,0,none,0,none,0,0,0,no_alert_unknown,no_alert_not_final_benign,-1,dns,app_proto+port
2025-07-19T23:03:29.633332+0700,103.195.142.83,87.98.154.119,53,43028,UDP,flow,failed,2020355157156887,,1,1,0,1190,0,0.0,1,1190,0,none,0,none,0,0,0,no_alert_unknown,no_alert_not_final_benign,-1,dns,port
2025-07-19T23:03:29.633369+0700,103.195.142.74,202.134.0.155,11414,53,UDP,flow,dns,204213166302259,,1,1,0,88,0,0.0,1,88,0,none,0,none,0,0,0,no_alert_unknown,no_alert_not_final_benign,-1,dns,app_proto+port
2025-07-19T23:03:29.633418+0700,103.195.142.195,87.98.154.236,53,27663,UDP,flow,failed,536001639703686,,1,1,0,1437,0,0.0,1,1437,0,none,0,none,0,0,0,no_alert_unknown,no_alert_not_final_benign,-1,dns,port
2025-07-19T23:03:29.633459+0700,103.195.142.76,87.98.154.119,53,40692,UDP,flow,failed,1818716088788129,,1,1,0,1469,0,0.0,1,1469,0,none,0,none,0,0,0,no_alert_unknown,no_alert_not_final_benign,-1,dns,port
2025-07-19T23:03:29.633478+0700,103.195.142.74,118.98.44.50,10160,53,UDP,flow,dns,1548582624388356,,1,1,0,74,0,0.0,1,74,0,none,0,none,0,0,0,no_alert_unknown,no_alert_not_final_benign,-1,dns,app_proto+port
2025-07-19T23:03:29.633588+0700,103.195.142.74,118.98.44.50,16312,53,UDP,flow,dns,1882009532589551,,1,1,0,74,0,0.0,1,74,0,none,0,none,0,0,0,no_alert_unknown,no_alert_not_final_benign,-1,dns,app_proto+port
2025-07-19T23:03:29.633608+0700,103.195.142.75,50.28.32.155,12798,53,UDP,flow,dns,2021720610137609,,1,1,0,85,0,0.0,1,85,0,none,0,none,0,0,0,no_alert_unknown,no_alert_not_final_benign,-1,dns,app_proto+port
2025-07-19T23:03:29.633698+0700,103.195.142.196,87.98.154.117,53,42461,UDP,flow,failed,1474285488399990,,1,1,0,1437,0,0.0,1,1437,0,none,0,none,0,0,0,no_alert_unknown,no_alert_not_final_benign,-1,dns,port
2025-07-19T23:03:29.633742+0700,103.195.142.75,8.8.8.8,21972,53,UDP,flow,dns,2195528361862903,,1,1,0,81,0,0.0,1,81,0,none,0,none,0,0,0,no_alert_unknown,no_alert_not_final_benign,-1,dns,app_proto+port
2025-07-19T23:03:29.633791+0700,103.195.142.196,87.98.154.119,53,41270,UDP,flow,failed,441442190976887,,1,1,0,1437,0,0.0,1,1437,0,none,0,none,0,0,0,no_alert_unknown,no_alert_not_final_benign,-1,dns,port
2025-07-19T23:03:29.633832+0700,103.195.142.74,118.98.44.50,11584,53,UDP,flow,dns,408163645810643,,1,1,0,232,0,0.0,1,232,0,none,0,none,0,0,0,no_alert_unknown,no_alert_not_final_benign,-1,dns,app_proto+port
2025-07-19T23:03:29.633852+0700,103.195.142.196,87.98.154.189,53,52039,UDP,flow,failed,1614118515140565,,1,1,0,1437,0,0.0,1,1437,0,none,0,none,0,0,0,no_alert_unknown,no_alert_not_final_benign,-1,dns,port
2025-07-19T23:03:29.633871+0700,103.195.142.195,87.98.154.96,53,48120,UDP,flow,failed,401328990218280,,1,1,0,1437,0,0.0,1,1437,0,none,0,none,0,0,0,no_alert_unknown,no_alert_not_final_benign,-1,dns,port
2025-07-19T23:03:29.633933+0700,103.195.142.109,87.98.154.193,53,38608,UDP,flow,failed,331507166111972,,1,1,0,1437,0,0.0,1,1437,0,none,0,none,0,0,0,no_alert_unknown,no_alert_not_final_benign,-1,dns,port
2025-07-19T23:03:29.634014+0700,103.195.142.165,87.98.154.119,53,6799,UDP,flow,failed,1695690959841561,,1,1,0,1437,0,0.0,1,1437,0,none,0,none,0,0,0,no_alert_unknown,no_alert_not_final_benign,-1,dns,port
2025-07-19T23:03:29.634052+0700,103.195.142.2,13.105.68.212,53,34966,UDP,flow,failed,501797202651419,,1,1,0,180,0,0.0,1,180,0,none,0,none,0,0,0,no_alert_unknown,no_alert_not_final_benign,-1,dns,port
2025-07-19T23:03:29.634265+0700,103.195.142.74,118.98.44.50,36595,53,UDP,flow,dns,1434777518893614,,1,1,0,92,0,0.0,1,92,0,none,0,none,0,0,0,no_alert_unknown,no_alert_not_final_benign,-1,dns,app_proto+port
2025-07-19T23:03:29.634329+0700,103.195.142.46,87.98.154.163,53,3941,UDP,flow,failed,1478449089243707,,1,1,0,1437,0,0.0,1,1437,0,none,0,none,0,0,0,no_alert_unknown,no_alert_not_final_benign,-1,dns,port
2025-07-19T23:03:29.634354+0700,103.195.142.76,87.98.154.194,53,14364,UDP,flow,failed,1555427831474757,,1,1,0,1469,0,0.0,1,1469,0,none,0,none,0,0,0,no_alert_unknown,no_alert_not_final_benign,-1,dns,port
2025-07-19T23:03:29.634396+0700,103.195.142.74,118.98.44.50,29339,53,UDP,flow,dns,503656644438690,,1,1,0,85,0,0.0,1,85,0,none,0,none,0,0,0,no_alert_unknown,no_alert_not_final_benign,-1,dns,app_proto+port
2025-07-19T23:03:29.634416+0700,103.195.142.196,87.98.154.173,53,53879,UDP,flow,failed,369179139730106,,1,1,0,1437,0,0.0,1,1437,0,none,0,none,0,0,0,no_alert_unknown,no_alert_not_final_benign,-1,dns,port
2025-07-19T23:03:29.634434+0700,103.195.142.74,202.134.0.155,54562,53,UDP,flow,dns,203985015827130,,1,1,0,74,0,0.0,1,74,0,none,0,none,0,0,0,no_alert_unknown,no_alert_not_final_benign,-1,dns,app_proto+port
2025-07-19T23:03:29.634454+0700,103.195.142.74,118.98.44.50,25804,53,UDP,flow,dns,1915505470630627,,1,1,0,88,0,0.0,1,88,0,none,0,none,0,0,0,no_alert_unknown,no_alert_not_final_benign,-1,dns,app_proto+port
2025-07-19T23:03:29.634507+0700,103.195.142.2,180.250.121.49,53,40673,UDP,flow,failed,318587934829394,,1,1,0,134,0,0.0,1,134,0,none,0,none,0,0,0,no_alert_unknown,no_alert_not_final_benign,-1,dns,port
2025-07-19T23:03:29.634525+0700,103.195.142.31,8.8.8.8,36691,53,UDP,flow,dns,1873257068063586,,1,1,0,99,0,0.0,1,99,0,none,0,none,0,0,0,no_alert_unknown,no_alert_not_final_benign,-1,dns,app_proto+port
2025-07-19T23:03:29.634566+0700,103.195.142.76,87.98.154.110,53,62564,UDP,flow,failed,163686580775789,,1,1,0,1469,0,0.0,1,1469,0,none,0,none,0,0,0,no_alert_unknown,no_alert_not_final_benign,-1,dns,port
2025-07-19T23:03:29.634608+0700,103.195.142.76,87.98.154.119,53,8958,UDP,flow,failed,146448723438474,,1,1,0,1469,0,0.0,1,1469,0,none,0,none,0,0,0,no_alert_unknown,no_alert_not_final_benign,-1,dns,port
2025-07-19T23:03:29.634631+0700,103.195.142.46,87.98.154.119,53,3205,UDP,flow,failed,2203683299290006,,1,1,0,1437,0,0.0,1,1437,0,none,0,none,0,0,0,no_alert_unknown,no_alert_not_final_benign,-1,dns,port
2025-07-19T23:03:29.634650+0700,103.195.142.76,87.98.154.246,53,59333,UDP,flow,failed,256641460431849,,1,1,0,1469,0,0.0,1,1469,0,none,0,none,0,0,0,no_alert_unknown,no_alert_not_final_benign,-1,dns,port
2025-07-19T23:03:29.634734+0700,103.195.142.83,87.98.154.194,53,5672,UDP,flow,failed,2024744000580691,,1,1,0,1190,0,0.0,1,1190,0,none,0,none,0,0,0,no_alert_unknown,no_alert_not_final_benign,-1,dns,port
2025-07-19T23:03:29.634753+0700,103.195.142.109,87.98.154.119,53,63794,UDP,flow,failed,2000431718952022,,1,1,0,1437,0,0.0,1,1437,0,none,0,none,0,0,0,no_alert_unknown,no_alert_not_final_benign,-1,dns,port
2025-07-19T23:03:29.634777+0700,103.195.142.74,118.98.44.50,3330,53,UDP,flow,dns,1420228233817289,,1,1,0,74,0,0.0,1,74,0,none,0,none,0,0,0,no_alert_unknown,no_alert_not_final_benign,-1,dns,app_proto+port
2025-07-19T23:03:29.634797+0700,103.195.142.165,87.98.154.181,53,57575,UDP,flow,failed,282250693733638,,1,1,0,1437,0,0.0,1,1437,0,none,0,none,0,0,0,no_alert_unknown,no_alert_not_final_benign,-1,dns,port
2025-07-19T23:03:29.634860+0700,103.195.142.109,87.98.154.249,53,35234,UDP,flow,failed,88282759458159,,1,1,0,1437,0,0.0,1,1437,0,none,0,none,0,0,0,no_alert_unknown,no_alert_not_final_benign,-1,dns,port
2025-07-19T23:03:29.634906+0700,103.195.142.83,87.98.154.78,53,26248,UDP,flow,failed,1940250697821566,,1,1,0,1190,0,0.0,1,1190,0,none,0,none,0,0,0,no_alert_unknown,no_alert_not_final_benign,-1,dns,port
2025-07-19T23:03:29.634938+0700,103.195.142.74,202.134.0.155,49164,53,UDP,flow,dns,411227421044159,,1,1,0,214,0,0.0,1,214,0,none,0,none,0,0,0,no_alert_unknown,no_alert_not_final_benign,-1,dns,app_proto+port
2025-07-19T23:03:29.634959+0700,103.195.142.74,118.98.44.20,27561,53,UDP,flow,dns,1467002910305739,,1,1,0,99,0,0.0,1,99,0,none,0,none,0,0,0,no_alert_unknown,no_alert_not_final_benign,-1,dns,app_proto+port
2025-07-19T23:03:29.634982+0700,103.195.142.46,87.98.154.119,53,21457,UDP,flow,failed,22285465382525,,1,1,0,1437,0,0.0,1,1437,0,none,0,none,0,0,0,no_alert_unknown,no_alert_not_final_benign,-1,dns,port
2025-07-19T23:03:29.635129+0700,103.195.142.46,87.98.154.119,53,4621,UDP,flow,failed,1694264284376783,,1,1,0,1437,0,0.0,1,1437,0,none,0,none,0,0,0,no_alert_unknown,no_alert_not_final_benign,-1,dns,port
2025-07-19T23:03:29.635171+0700,103.195.142.109,87.98.154.133,53,20503,UDP,flow,failed,1613191374532406,,1,1,0,1437,0,0.0,1,1437,0,none,0,none,0,0,0,no_alert_unknown,no_alert_not_final_benign,-1,dns,port
2025-07-19T23:03:29.635200+0700,103.195.142.75,8.8.8.8,42768,53,UDP,flow,dns,390645921181632,,1,1,0,80,0,0.0,1,80,0,none,0,none,0,0,0,no_alert_unknown,no_alert_not_final_benign,-1,dns,app_proto+port
2025-07-19T23:03:29.635220+0700,103.195.142.196,87.98.154.119,53,1365,UDP,flow,failed,343611519496144,,1,1,0,1437,0,0.0,1,1437,0,none,0,none,0,0,0,no_alert_unknown,no_alert_not_final_benign,-1,dns,port
2025-07-19T23:03:29.635263+0700,103.195.142.195,87.98.154.92,53,16367,UDP,flow,failed,2132798957318117,,1,1,0,1437,0,0.0,1,1437,0,none,0,none,0,0,0,no_alert_unknown,no_alert_not_final_benign,-1,dns,port
2025-07-19T23:03:29.635303+0700,103.195.142.83,87.98.154.117,53,10540,UDP,flow,failed,1980768161067014,,1,1,0,1190,0,0.0,1,1190,0,none,0,none,0,0,0,no_alert_unknown,no_alert_not_final_benign,-1,dns,port
2025-07-19T23:03:29.635327+0700,103.195.142.46,87.98.154.15,53,11758,UDP,flow,failed,1704622074916901,,1,1,0,1437,0,0.0,1,1437,0,none,0,none,0,0,0,no_alert_unknown,no_alert_not_final_benign,-1,dns,port
2025-07-19T23:03:29.635347+0700,103.195.142.2,13.105.68.207,53,9044,UDP,flow,failed,1516482067132460,,1,1,0,135,0,0.0,1,135,0,none,0,none,0,0,0,no_alert_unknown,no_alert_not_final_benign,-1,dns,port
2025-07-19T23:03:29.635365+0700,103.195.142.74,118.98.44.20,31174,53,UDP,flow,dns,2200313741865065,,1,1,0,92,0,0.0,1,92,0,none,0,none,0,0,0,no_alert_unknown,no_alert_not_final_benign,-1,dns,app_proto+port
2025-07-19T23:03:29.635408+0700,103.195.142.165,87.98.154.237,53,61966,UDP,flow,failed,1369139026882709,,1,3,0,4311,0,10.0,3,4311,0,none,0,none,0,0,0,no_alert_unknown,no_alert_not_final_benign,-1,dns,port
2025-07-19T23:03:29.635449+0700,103.195.142.195,87.98.154.180,53,13998,UDP,flow,failed,1862275516494064,,1,3,0,4311,0,10.0,3,4311,0,none,0,none,0,0,0,no_alert_unknown,no_alert_not_final_benign,-1,dns,port
2025-07-19T23:03:29.635469+0700,103.195.142.83,87.98.154.119,53,29012,UDP,flow,failed,213493788799220,,1,1,0,1190,0,0.0,1,1190,0,none,0,none,0,0,0,no_alert_unknown,no_alert_not_final_benign,-1,dns,port
2025-07-19T23:03:29.635488+0700,103.195.142.83,87.98.154.106,53,51034,UDP,flow,failed,1452635370320221,,1,1,0,1190,0,0.0,1,1190,0,none,0,none,0,0,0,no_alert_unknown,no_alert_not_final_benign,-1,dns,port
2025-07-19T23:03:29.635506+0700,103.195.142.196,87.98.154.173,53,7693,UDP,flow,failed,2177921451127268,,1,1,0,1437,0,0.0,1,1437,0,none,0,none,0,0,0,no_alert_unknown,no_alert_not_final_benign,-1,dns,port
2025-07-19T23:03:29.635525+0700,103.195.142.2,69.171.249.133,53,14179,UDP,flow,failed,2238493726634493,,1,1,0,174,0,0.0,1,174,0,none,0,none,0,0,0,no_alert_unknown,no_alert_not_final_benign,-1,dns,port
2025-07-19T23:03:29.635544+0700,103.195.142.76,87.98.154.119,53,29561,UDP,flow,failed,2130521517748740,,1,1,0,1469,0,0.0,1,1469,0,none,0,none,0,0,0,no_alert_unknown,no_alert_not_final_benign,-1,dns,port
2025-07-19T23:03:29.635642+0700,103.195.142.74,202.134.0.155,59072,53,UDP,flow,dns,1805951973356268,,1,1,0,85,0,0.0,1,85,0,none,0,none,0,0,0,no_alert_unknown,no_alert_not_final_benign,-1,dns,app_proto+port
2025-07-19T23:03:29.635665+0700,103.195.142.196,87.98.154.25,53,12643,UDP,flow,failed,410429061755634,,1,1,0,1437,0,0.0,1,1437,0,none,0,none,0,0,0,no_alert_unknown,no_alert_not_final_benign,-1,dns,port
2025-07-19T23:03:29.635695+0700,103.195.142.109,87.98.154.119,53,45432,UDP,flow,failed,198601754833681,,1,1,0,1437,0,0.0,1,1437,0,none,0,none,0,0,0,no_alert_unknown,no_alert_not_final_benign,-1,dns,port
2025-07-19T23:03:29.635726+0700,103.195.142.75,8.8.8.8,51148,53,UDP,flow,dns,1778750103909160,,1,1,0,241,0,0.0,1,241,0,none,0,none,0,0,0,no_alert_unknown,no_alert_not_final_benign,-1,dns,app_proto+port
2025-07-19T23:03:29.635791+0700,103.195.142.74,118.98.44.100,25998,53,UDP,flow,dns,1476391609201574,,1,1,0,88,0,0.0,1,88,0,none,0,none,0,0,0,no_alert_unknown,no_alert_not_final_benign,-1,dns,app_proto+port
2025-07-19T23:03:29.635839+0700,103.195.142.83,87.98.154.222,53,46873,UDP,flow,failed,1690165928424373,,1,1,0,1190,0,0.0,1,1190,0,none,0,none,0,0,0,no_alert_unknown,no_alert_not_final_benign,-1,dns,port
2025-07-19T23:03:29.635917+0700,103.195.142.196,87.98.154.119,53,60030,UDP,flow,failed,2124397294548124,,1,1,0,1437,0,0.0,1,1437,0,none,0,none,0,0,0,no_alert_unknown,no_alert_not_final_benign,-1,dns,port
2025-07-19T23:03:29.636007+0700,103.195.142.83,87.98.154.118,53,40285,UDP,flow,failed,130763448088116,,1,1,0,1190,0,0.0,1,1190,0,none,0,none,0,0,0,no_alert_unknown,no_alert_not_final_benign,-1,dns,port
2025-07-19T23:03:29.636069+0700,103.195.142.74,118.98.44.20,15755,53,UDP,flow,dns,312522271454908,,1,1,0,214,0,0.0,1,214,0,none,0,none,0,0,0,no_alert_unknown,no_alert_not_final_benign,-1,dns,app_proto+port
2025-07-19T23:03:29.636094+0700,103.195.142.83,87.98.154.119,53,56769,UDP,flow,failed,483825355355847,,1,1,0,1190,0,0.0,1,1190,0,none,0,none,0,0,0,no_alert_unknown,no_alert_not_final_benign,-1,dns,port
2025-07-19T23:03:29.636139+0700,103.195.142.74,69.39.238.36,18488,53,UDP,flow,dns,2067110400522078,,1,1,0,85,0,0.0,1,85,0,none,0,none,0,0,0,no_alert_unknown,no_alert_not_final_benign,-1,dns,app_proto+port
2025-07-19T23:03:29.636160+0700,103.195.142.165,87.98.154.118,53,31924,UDP,flow,failed,330070804166517,,1,1,0,1437,0,0.0,1,1437,0,none,0,none,0,0,0,no_alert_unknown,no_alert_not_final_benign,-1,dns,port
2025-07-19T23:03:29.636179+0700,103.195.142.195,87.98.154.119,53,11443,UDP,flow,failed,1951793279891402,,1,1,0,1437,0,0.0,1,1437,0,none,0,none,0,0,0,no_alert_unknown,no_alert_not_final_benign,-1,dns,port
2025-07-19T23:03:29.636226+0700,103.195.142.195,87.98.154.168,53,45792,UDP,flow,failed,509044987361233,,1,1,0,1437,0,0.0,1,1437,0,none,0,none,0,0,0,no_alert_unknown,no_alert_not_final_benign,-1,dns,port
2025-07-19T23:03:29.636245+0700,103.195.142.109,87.98.154.119,53,19937,UDP,flow,failed,512651160877019,,1,1,0,1437,0,0.0,1,1437,0,none,0,none,0,0,0,no_alert_unknown,no_alert_not_final_benign,-1,dns,port
2025-07-19T23:03:29.636266+0700,103.195.142.195,87.98.154.119,53,43282,UDP,flow,failed,1713876458239979,,1,1,0,1437,0,0.0,1,1437,0,none,0,none,0,0,0,no_alert_unknown,no_alert_not_final_benign,-1,dns,port
2025-07-19T23:03:29.636298+0700,103.195.142.46,87.98.154.23,53,10962,UDP,flow,failed,341148390160374,,1,1,0,1437,0,0.0,1,1437,0,none,0,none,0,0,0,no_alert_unknown,no_alert_not_final_benign,-1,dns,port
2025-07-19T23:03:29.636330+0700,103.195.142.74,202.134.0.155,14007,53,UDP,flow,dns,2049744895375388,,1,1,0,87,0,0.0,1,87,0,none,0,none,0,0,0,no_alert_unknown,no_alert_not_final_benign,-1,dns,app_proto+port
2025-07-19T23:03:29.636362+0700,103.195.142.195,87.98.154.8,53,46491,UDP,flow,failed,1999429652740154,,1,2,0,2874,0,6.0,2,2874,0,none,0,none,0,0,0,no_alert_unknown,no_alert_not_final_benign,-1,dns,port
2025-07-19T23:03:29.636381+0700,103.195.142.165,87.98.154.119,53,42847,UDP,flow,failed,444285567268960,,1,1,0,1437,0,0.0,1,1437,0,none,0,none,0,0,0,no_alert_unknown,no_alert_not_final_benign,-1,dns,port
2025-07-19T23:03:29.636407+0700,103.195.142.83,87.98.154.134,53,6188,UDP,flow,failed,1917922164832513,,1,1,0,1190,0,0.0,1,1190,0,none,0,none,0,0,0,no_alert_unknown,no_alert_not_final_benign,-1,dns,port
2025-07-19T23:03:29.636426+0700,103.195.142.46,87.98.154.139,53,49909,UDP,flow,failed,500374307502338,,1,1,0,1437,0,0.0,1,1437,0,none,0,none,0,0,0,no_alert_unknown,no_alert_not_final_benign,-1,dns,port
2025-07-19T23:03:29.636444+0700,103.195.142.46,87.98.154.191,53,64245,UDP,flow,failed,1483235269507351,,1,1,0,1437,0,0.0,1,1437,0,none,0,none,0,0,0,no_alert_unknown,no_alert_not_final_benign,-1,dns,port
2025-07-19T23:03:29.636525+0700,103.195.142.3,118.98.101.104,53,28238,UDP,flow,failed,1725250660890985,,1,1,0,129,0,0.0,1,129,0,none,0,none,0,0,0,no_alert_unknown,no_alert_not_final_benign,-1,dns,port
2025-07-19T23:03:29.636544+0700,103.195.142.2,172.217.34.209,53,62975,UDP,flow,failed,300007740242290,,1,1,0,204,0,0.0,1,204,0,none,0,none,0,0,0,no_alert_unknown,no_alert_not_final_benign,-1,dns,port
2025-07-19T23:03:29.636592+0700,103.195.142.83,87.98.154.119,53,50003,UDP,flow,failed,1651266867001797,,1,1,0,1190,0,0.0,1,1190,0,none,0,none,0,0,0,no_alert_unknown,no_alert_not_final_benign,-1,dns,port
2025-07-19T23:03:29.636611+0700,103.195.142.3,208.67.217.168,53,39124,UDP,flow,failed,1415095355668957,,1,1,0,159,0,0.0,1,159,0,none,0,none,0,0,0,no_alert_unknown,no_alert_not_final_benign,-1,dns,port
2025-07-19T23:03:29.636630+0700,103.195.142.74,118.98.44.50,31322,53,UDP,flow,dns,1932709971392991,,1,1,0,77,0,0.0,1,77,0,none,0,none,0,0,0,no_alert_unknown,no_alert_not_final_benign,-1,dns,app_proto+port
2025-07-19T23:03:29.636650+0700,103.195.142.74,118.98.44.50,21901,53,UDP,flow,dns,146865859099104,,1,1,0,243,0,0.0,1,243,0,none,0,none,0,0,0,no_alert_unknown,no_alert_not_final_benign,-1,dns,app_proto+port
2025-07-19T23:03:29.636712+0700,103.195.142.46,87.98.154.119,53,61723,UDP,flow,failed,183999556778571,,1,1,0,1437,0,0.0,1,1437,0,none,0,none,0,0,0,no_alert_unknown,no_alert_not_final_benign,-1,dns,port
2025-07-19T23:03:29.636779+0700,103.195.142.195,87.98.154.119,53,10370,UDP,flow,failed,1825825029454489,,1,1,0,1437,0,0.0,1,1437,0,none,0,none,0,0,0,no_alert_unknown,no_alert_not_final_benign,-1,dns,port
2025-07-19T23:03:29.636798+0700,103.195.142.76,87.98.154.26,53,30653,UDP,flow,failed,1829738208328372,,1,1,0,1469,0,0.0,1,1469,0,none,0,none,0,0,0,no_alert_unknown,no_alert_not_final_benign,-1,dns,port
2025-07-19T23:03:29.636840+0700,103.195.142.196,87.98.154.201,53,59669,UDP,flow,failed,2194984769190641,,1,1,0,1437,0,0.0,1,1437,0,none,0,none,0,0,0,no_alert_unknown,no_alert_not_final_benign,-1,dns,port
2025-07-19T23:03:29.636877+0700,103.195.142.74,118.98.44.20,62547,53,UDP,flow,dns,1936112560995084,,1,1,0,74,0,0.0,1,74,0,none,0,none,0,0,0,no_alert_unknown,no_alert_not_final_benign,-1,dns,app_proto+port
2025-07-19T23:03:29.636898+0700,103.195.142.195,87.98.154.119,53,14178,UDP,flow,failed,737443358866231,,1,1,0,1437,0,0.0,1,1437,0,none,0,none,0,0,0,no_alert_unknown,no_alert_not_final_benign,-1,dns,port
2025-07-19T23:03:29.636982+0700,103.195.142.74,118.98.44.50,6233,53,UDP,flow,dns,1874781871110985,,1,1,0,82,0,0.0,1,82,0,none,0,none,0,0,0,no_alert_unknown,no_alert_not_final_benign,-1,dns,app_proto+port
2025-07-19T23:03:29.637029+0700,103.195.142.196,87.98.154.117,53,9690,UDP,flow,failed,614665472867177,,1,1,0,1437,0,0.0,1,1437,0,none,0,none,0,0,0,no_alert_unknown,no_alert_not_final_benign,-1,dns,port
2025-07-19T23:03:29.637048+0700,103.195.142.83,87.98.154.50,53,21327,UDP,flow,failed,45170304580530,,1,1,0,1190,0,0.0,1,1190,0,none,0,none,0,0,0,no_alert_unknown,no_alert_not_final_benign,-1,dns,port
2025-07-19T23:03:29.637066+0700,103.195.142.109,87.98.154.105,53,1167,UDP,flow,failed,1413775543663557,,1,1,0,1437,0,0.0,1,1437,0,none,0,none,0,0,0,no_alert_unknown,no_alert_not_final_benign,-1,dns,port
2025-07-19T23:03:29.637319+0700,103.195.142.74,118.98.44.20,42972,53,UDP,dns,,485468314403550,wire/pcap,0,0,0,0,0,0.0,0,0,0,none,0,none,0,0,0,no_alert_unknown,no_alert_not_final_benign,-1,dns,port
2025-07-19T23:03:29.666528+0700,103.195.142.75,8.8.8.8,7424,53,UDP,dns,,329444746111390,wire/pcap,0,0,0,0,0,0.0,0,0,0,none,0,none,0,0,0,no_alert_unknown,no_alert_not_final_benign,-1,dns,port
2025-07-19T23:03:29.823119+0700,103.195.142.74,202.134.0.155,42921,53,UDP,dns,,439048440954127,wire/pcap,0,0,0,0,0,0.0,0,0,0,none,0,none,0,0,0,no_alert_unknown,no_alert_not_final_benign,-1,dns,port
2025-07-19T23:03:29.832883+0700,103.195.142.74,118.98.44.100,44099,53,UDP,dns,,480982555900363,wire/pcap,0,0,0,0,0,0.0,0,0,0,none,0,none,0,0,0,no_alert_unknown,no_alert_not_final_benign,-1,dns,port
2025-07-19T23:03:29.853604+0700,103.195.142.74,118.98.44.50,16826,53,UDP,dns,,288502119719621,wire/pcap,0,0,0,0,0,0.0,0,0,0,none,0,none,0,0,0,no_alert_unknown,no_alert_not_final_benign,-1,dns,port
2025-07-19T23:03:29.853715+0700,103.195.142.74,118.98.44.100,6677,53,UDP,dns,,288979667477041,wire/pcap,0,0,0,0,0,0.0,0,0,0,none,0,none,0,0,0,no_alert_unknown,no_alert_not_final_benign,-1,dns,port
2025-07-19T23:03:29.857476+0700,103.195.142.74,202.134.0.155,30061,53,UDP,dns,,305133773354727,wire/pcap,0,0,0,0,0,0.0,0,0,0,none,0,none,0,0,0,no_alert_unknown,no_alert_not_final_benign,-1,dns,port
2025-07-19T23:03:29.863521+0700,103.195.142.74,118.98.44.50,9896,53,UDP,dns,,331096294982417,wire/pcap,0,0,0,0,0,0.0,0,0,0,none,0,none,0,0,0,no_alert_unknown,no_alert_not_final_benign,-1,dns,port
2025-07-19T23:03:29.883987+0700,103.195.142.75,8.8.8.8,2968,53,UDP,dns,,418996324578527,wire/pcap,0,0,0,0,0,0.0,0,0,0,none,0,none,0,0,0,no_alert_unknown,no_alert_not_final_benign,-1,dns,port
2025-07-19T23:03:29.884487+0700,103.195.142.74,118.98.44.20,51002,53,UDP,dns,,421144096533959,wire/pcap,0,0,0,0,0,0.0,0,0,0,none,0,none,0,0,0,no_alert_unknown,no_alert_not_final_benign,-1,dns,port
2025-07-19T23:03:29.885946+0700,103.195.142.2,180.241.27.78,53,32641,UDP,flow,failed,637942986158506,,1,1,0,192,0,0.0,1,192,0,none,0,none,0,0,0,no_alert_unknown,no_alert_not_final_benign,-1,dns,port
2025-07-19T23:03:29.898529+0700,103.195.142.74,118.98.44.50,63953,53,UDP,dns,,481456063940311,wire/pcap,0,0,0,0,0,0.0,0,0,0,none,0,none,0,0,0,no_alert_unknown,no_alert_not_final_benign,-1,dns,port
2025-07-19T23:03:29.907443+0700,103.195.142.74,118.98.44.20,36079,53,UDP,dns,,519738291735444,wire/pcap,0,0,0,0,0,0.0,0,0,0,none,0,none,0,0,0,no_alert_unknown,no_alert_not_final_benign,-1,dns,port
2025-07-19T23:03:29.921814+0700,103.195.142.108,8.8.8.8,1900,53,UDP,dns,,1216074754602613,wire/pcap,0,0,0,0,0,0.0,0,0,0,none,0,none,0,0,0,no_alert_unknown,no_alert_not_final_benign,-1,dns,port
2025-07-19T23:03:29.942727+0700,103.195.142.75,8.8.8.8,11761,53,UDP,dns,,389808310017130,wire/pcap,0,0,0,0,0,0.0,0,0,0,none,0,none,0,0,0,no_alert_unknown,no_alert_not_final_benign,-1,dns,port
2025-07-19T23:03:30.042821+0700,103.195.142.74,118.98.44.100,18179,53,UDP,flow,dns,722881033603092,,1,1,0,74,0,0.0,1,74,0,none,0,none,0,0,0,no_alert_unknown,no_alert_not_final_benign,-1,dns,app_proto+port
2025-07-19T23:03:30.047976+0700,103.195.142.74,118.98.44.50,13979,53,UDP,dns,,769005662239140,wire/pcap,0,0,0,0,0,0.0,0,0,0,none,0,none,0,0,0,no_alert_unknown,no_alert_not_final_benign,-1,dns,port
2025-07-19T23:03:30.048052+0700,103.195.142.74,118.98.44.100,43421,53,UDP,dns,,769334070937138,wire/pcap,0,0,0,0,0,0.0,0,0,0,none,0,none,0,0,0,no_alert_unknown,no_alert_not_final_benign,-1,dns,port
2025-07-19T23:03:30.048859+0700,103.195.142.74,118.98.44.20,33836,53,UDP,dns,,772799621075915,wire/pcap,0,0,0,0,0,0.0,0,0,0,none,0,none,0,0,0,no_alert_unknown,no_alert_not_final_benign,-1,dns,port
2025-07-19T23:03:30.052998+0700,103.195.142.74,202.134.0.155,15369,53,UDP,dns,,790578570370109,wire/pcap,0,0,0,0,0,0.0,0,0,0,none,0,none,0,0,0,no_alert_unknown,no_alert_not_final_benign,-1,dns,port
2025-07-19T23:03:30.064535+0700,103.195.142.74,202.134.0.155,4609,53,UDP,dns,,840126892428716,wire/pcap,0,0,0,0,0,0.0,0,0,0,none,0,none,0,0,0,no_alert_unknown,no_alert_not_final_benign,-1,dns,port
2025-07-19T23:03:30.076012+0700,103.195.142.75,8.8.8.8,17429,53,UDP,dns,,607945792358014,wire/pcap,0,0,0,0,0,0.0,0,0,0,none,0,none,0,0,0,no_alert_unknown,no_alert_not_final_benign,-1,dns,port
2025-07-19T23:03:30.076160+0700,103.195.142.74,118.98.44.20,42973,53,UDP,flow,dns,695924755072638,,1,1,0,196,0,0.0,1,196,0,none,0,none,0,0,0,no_alert_unknown,no_alert_not_final_benign,-1,dns,app_proto+port
2025-07-19T23:03:30.086282+0700,103.195.142.74,118.98.44.50,19822,53,UDP,dns,,652056507620707,wire/pcap,0,0,0,0,0,0.0,0,0,0,none,0,none,0,0,0,no_alert_unknown,no_alert_not_final_benign,-1,dns,port
2025-07-19T23:03:30.086446+0700,103.195.142.195,87.98.154.68,53,55189,UDP,flow,failed,302220124593507,,1,3,0,4311,0,10.0,3,4311,0,none,0,none,0,0,0,no_alert_unknown,no_alert_not_final_benign,-1,dns,port
2025-07-19T23:03:30.103101+0700,103.195.142.74,118.98.44.50,51542,53,UDP,dns,,724291892414564,wire/pcap,0,0,0,0,0,0.0,0,0,0,none,0,none,0,0,0,no_alert_unknown,no_alert_not_final_benign,-1,dns,port
2025-07-19T23:03:30.109387+0700,103.195.142.74,118.98.44.50,14824,53,UDP,dns,,751290020217692,wire/pcap,0,0,0,0,0,0.0,0,0,0,none,0,none,0,0,0,no_alert_unknown,no_alert_not_final_benign,-1,dns,port
2025-07-19T23:03:30.109479+0700,103.195.142.75,8.8.8.8,8587,53,UDP,dns,,751687295406770,wire/pcap,0,0,0,0,0,0.0,0,0,0,none,0,none,0,0,0,no_alert_unknown,no_alert_not_final_benign,-1,dns,port
2025-07-19T23:03:30.137013+0700,103.195.142.74,118.98.44.100,57779,53,UDP,dns,,588470533447001,wire/pcap,0,0,0,0,0,0.0,0,0,0,none,0,none,0,0,0,no_alert_unknown,no_alert_not_final_benign,-1,dns,port
2025-07-19T23:03:30.137059+0700,103.195.142.75,8.8.8.8,29735,53,UDP,dns,,588664567820677,wire/pcap,0,0,0,0,0,0.0,0,0,0,none,0,none,0,0,0,no_alert_unknown,no_alert_not_final_benign,-1,dns,port
2025-07-19T23:03:30.139357+0700,103.195.142.74,118.98.44.100,3122,53,UDP,dns,,598538023112585,wire/pcap,0,0,0,0,0,0.0,0,0,0,none,0,none,0,0,0,no_alert_unknown,no_alert_not_final_benign,-1,dns,port
2025-07-19T23:03:30.162688+0700,103.195.142.74,202.134.0.155,46170,53,UDP,dns,,698743337139722,wire/pcap,0,0,0,0,0,0.0,0,0,0,none,0,none,0,0,0,no_alert_unknown,no_alert_not_final_benign,-1,dns,port
2025-07-19T23:03:30.164330+0700,103.195.142.74,118.98.44.20,11393,53,UDP,dns,,705793526535350,wire/pcap,0,0,0,0,0,0.0,0,0,0,none,0,none,0,0,0,no_alert_unknown,no_alert_not_final_benign,-1,dns,port
2025-07-19T23:03:30.166058+0700,103.195.142.74,118.98.44.100,54847,53,UDP,dns,,713217022670818,wire/pcap,0,0,0,0,0,0.0,0,0,0,none,0,none,0,0,0,no_alert_unknown,no_alert_not_final_benign,-1,dns,port
2025-07-19T23:03:30.177078+0700,103.195.142.74,118.98.44.20,53047,53,UDP,dns,,760544974588102,wire/pcap,0,0,0,0,0,0.0,0,0,0,none,0,none,0,0,0,no_alert_unknown,no_alert_not_final_benign,-1,dns,port
2025-07-19T23:03:30.178358+0700,103.195.142.74,202.134.0.155,20056,53,UDP,dns,,766046024621192,wire/pcap,0,0,0,0,0,0.0,0,0,0,none,0,none,0,0,0,no_alert_unknown,no_alert_not_final_benign,-1,dns,port
2025-07-19T23:03:30.183672+0700,103.195.142.74,118.98.44.50,35464,53,UDP,dns,,788868390618310,wire/pcap,0,0,0,0,0,0.0,0,0,0,none,0,none,0,0,0,no_alert_unknown,no_alert_not_final_benign,-1,dns,port
2025-07-19T23:03:30.184008+0700,103.195.142.75,8.8.8.8,54097,53,UDP,dns,,790310389187767,wire/pcap,0,0,0,0,0,0.0,0,0,0,none,0,none,0,0,0,no_alert_unknown,no_alert_not_final_benign,-1,dns,port
2025-07-19T23:03:30.187274+0700,103.195.142.74,202.134.0.155,60098,53,UDP,dns,,804338556849566,wire/pcap,0,0,0,0,0,0.0,0,0,0,none,0,none,0,0,0,no_alert_unknown,no_alert_not_final_benign,-1,dns,port
2025-07-19T23:03:30.187499+0700,103.195.142.46,87.98.154.119,53,52815,UDP,flow,failed,1000801257246110,,1,1,0,1437,0,0.0,1,1437,0,none,0,none,0,0,0,no_alert_unknown,no_alert_not_final_benign,-1,dns,port
2025-07-19T23:03:30.197544+0700,103.195.142.75,8.8.8.8,16186,53,UDP,dns,,566970230016577,wire/pcap,0,0,0,0,0,0.0,0,0,0,none,0,none,0,0,0,no_alert_unknown,no_alert_not_final_benign,-1,dns,port
2025-07-19T23:03:30.197674+0700,103.195.142.74,202.134.0.155,32150,53,UDP,dns,,567531430012484,wire/pcap,0,0,0,0,0,0.0,0,0,0,none,0,none,0,0,0,no_alert_unknown,no_alert_not_final_benign,-1,dns,port
2025-07-19T23:03:30.198008+0700,103.195.142.74,118.98.44.20,11097,53,UDP,dns,,568965424362628,wire/pcap,0,0,0,0,0,0.0,0,0,0,none,0,none,0,0,0,no_alert_unknown,no_alert_not_final_benign,-1,dns,port
2025-07-19T23:03:30.198413+0700,103.195.142.74,118.98.44.20,38113,53,UDP,dns,,570703552030021,wire/pcap,0,0,0,0,0,0.0,0,0,0,none,0,none,0,0,0,no_alert_unknown,no_alert_not_final_benign,-1,dns,port
2025-07-19T23:03:30.198808+0700,103.195.142.74,118.98.44.100,12354,53,UDP,dns,,572402878677502,wire/pcap,0,0,0,0,0,0.0,0,0,0,none,0,none,0,0,0,no_alert_unknown,no_alert_not_final_benign,-1,dns,port
2025-07-19T23:03:30.235693+0700,103.195.142.74,118.98.44.100,28811,53,UDP,dns,,730820661184221,wire/pcap,0,0,0,0,0,0.0,0,0,0,none,0,none,0,0,0,no_alert_unknown,no_alert_not_final_benign,-1,dns,port
2025-07-19T23:03:30.264918+0700,103.195.142.75,8.8.8.8,18414,53,UDP,dns,,574864438389595,wire/pcap,0,0,0,0,0,0.0,0,0,0,none,0,none,0,0,0,no_alert_unknown,no_alert_not_final_benign,-1,dns,port
2025-07-19T23:03:30.296522+0700,103.195.142.74,118.98.44.50,51045,53,UDP,dns,,710602351916267,wire/pcap,0,0,0,0,0,0.0,0,0,0,none,0,none,0,0,0,no_alert_unknown,no_alert_not_final_benign,-1,dns,port
2025-07-19T23:03:30.296580+0700,103.195.142.74,118.98.44.50,18530,53,UDP,dns,,710853310845016,wire/pcap,0,0,0,0,0,0.0,0,0,0,none,0,none,0,0,0,no_alert_unknown,no_alert_not_final_benign,-1,dns,port
2025-07-19T23:03:30.324154+0700,103.195.142.74,185.67.45.232,53759,53,UDP,flow,dns,957240786116738,,1,1,0,85,0,0.0,1,85,0,none,0,none,0,0,0,no_alert_unknown,no_alert_not_final_benign,-1,dns,app_proto+port
2025-07-19T23:03:30.327876+0700,103.195.142.74,118.98.44.100,47174,53,UDP,dns,,563795196250974,wire/pcap,0,0,0,0,0,0.0,0,0,0,none,0,none,0,0,0,no_alert_unknown,no_alert_not_final_benign,-1,dns,port
2025-07-19T23:03:30.344251+0700,103.195.142.74,50.28.32.153,45193,53,UDP,dns,,634125075732248,wire/pcap,0,0,0,0,0,0.0,0,0,0,none,0,none,0,0,0,no_alert_unknown,no_alert_not_final_benign,-1,dns,port
2025-07-19T23:03:30.346817+0700,103.195.142.74,118.98.44.20,60444,53,UDP,dns,,645145542152357,wire/pcap,0,0,0,0,0,0.0,0,0,0,none,0,none,0,0,0,no_alert_unknown,no_alert_not_final_benign,-1,dns,port
2025-07-19T23:03:30.376211+0700,103.195.142.75,8.8.8.8,62877,53,UDP,dns,,771392948986503,wire/pcap,0,0,0,0,0,0.0,0,0,0,none,0,none,0,0,0,no_alert_unknown,no_alert_not_final_benign,-1,dns,port
2025-07-19T23:03:30.387805+0700,103.195.142.74,118.98.44.100,51972,53,UDP,dns,,821186495539453,wire/pcap,0,0,0,0,0,0.0,0,0,0,none,0,none,0,0,0,no_alert_unknown,no_alert_not_final_benign,-1,dns,port
2025-07-19T23:03:30.394541+0700,103.195.142.75,50.28.32.155,5487,53,UDP,dns,,568644698954022,wire/pcap,0,0,0,0,0,0.0,0,0,0,none,0,none,0,0,0,no_alert_unknown,no_alert_not_final_benign,-1,dns,port
2025-07-19T23:03:30.401032+0700,103.195.142.74,118.98.44.20,13165,53,UDP,dns,,596522086674631,wire/pcap,0,0,0,0,0,0.0,0,0,0,none,0,none,0,0,0,no_alert_unknown,no_alert_not_final_benign,-1,dns,port
2025-07-19T23:03:30.401089+0700,103.195.142.74,118.98.44.50,40435,53,UDP,dns,,596768133059212,wire/pcap,0,0,0,0,0,0.0,0,0,0,none,0,none,0,0,0,no_alert_unknown,no_alert_not_final_benign,-1,dns,port
2025-07-19T23:03:30.410439+0700,103.195.142.74,118.98.44.50,53838,53,UDP,dns,,636923663586163,wire/pcap,0,0,0,0,0,0.0,0,0,0,none,0,none,0,0,0,no_alert_unknown,no_alert_not_final_benign,-1,dns,port
2025-07-19T23:03:30.410509+0700,103.195.142.74,118.98.44.50,62565,53,UDP,dns,,637225577852997,wire/pcap,0,0,0,0,0,0.0,0,0,0,none,0,none,0,0,0,no_alert_unknown,no_alert_not_final_benign,-1,dns,port
2025-07-19T23:03:30.410591+0700,103.195.142.74,118.98.44.20,21091,53,UDP,dns,,637577289335413,wire/pcap,0,0,0,0,0,0.0,0,0,0,none,0,none,0,0,0,no_alert_unknown,no_alert_not_final_benign,-1,dns,port
2025-07-19T23:03:30.415212+0700,103.195.142.74,118.98.44.100,10728,53,UDP,dns,,657423171952288,wire/pcap,0,0,0,0,0,0.0,0,0,0,none,0,none,0,0,0,no_alert_unknown,no_alert_not_final_benign,-1,dns,port
2025-07-19T23:03:30.415309+0700,103.195.142.74,118.98.44.20,14995,53,UDP,dns,,657839255933321,wire/pcap,0,0,0,0,0,0.0,0,0,0,none,0,none,0,0,0,no_alert_unknown,no_alert_not_final_benign,-1,dns,port
2025-07-19T23:03:30.425834+0700,103.195.142.74,118.98.44.20,58937,53,UDP,dns,,703044071776896,wire/pcap,0,0,0,0,0,0.0,0,0,0,none,0,none,0,0,0,no_alert_unknown,no_alert_not_final_benign,-1,dns,port
2025-07-19T23:03:30.432110+0700,103.195.142.74,118.98.44.100,28019,53,UDP,dns,,730001180395431,wire/pcap,0,0,0,0,0,0.0,0,0,0,none,0,none,0,0,0,no_alert_unknown,no_alert_not_final_benign,-1,dns,port
2025-07-19T23:03:30.442830+0700,103.195.142.74,118.98.44.50,27005,53,UDP,dns,,776041885443905,wire/pcap,0,0,0,0,0,0.0,0,0,0,none,0,none,0,0,0,no_alert_unknown,no_alert_not_final_benign,-1,dns,port
2025-07-19T23:03:30.475285+0700,103.195.142.74,118.98.44.100,10831,53,UDP,dns,,633962570687782,wire/pcap,0,0,0,0,0,0.0,0,0,0,none,0,none,0,0,0,no_alert_unknown,no_alert_not_final_benign,-1,dns,port
2025-07-19T23:03:30.484850+0700,103.195.142.74,118.98.44.100,17953,53,UDP,dns,,675043647372911,wire/pcap,0,0,0,0,0,0.0,0,0,0,none,0,none,0,0,0,no_alert_unknown,no_alert_not_final_benign,-1,dns,port
2025-07-19T23:03:30.507589+0700,103.195.142.74,118.98.44.20,17822,53,UDP,dns,,772704955642783,wire/pcap,0,0,0,0,0,0.0,0,0,0,none,0,none,0,0,0,no_alert_unknown,no_alert_not_final_benign,-1,dns,port
2025-07-19T23:03:30.512694+0700,103.195.142.74,202.134.0.155,28435,53,UDP,dns,,794631935368499,wire/pcap,0,0,0,0,0,0.0,0,0,0,none,0,none,0,0,0,no_alert_unknown,no_alert_not_final_benign,-1,dns,port
2025-07-19T23:03:30.519761+0700,103.195.142.75,8.8.8.8,24577,53,UDP,dns,,824985469128227,wire/pcap,0,0,0,0,0,0.0,0,0,0,none,0,none,0,0,0,no_alert_unknown,no_alert_not_final_benign,-1,dns,port
2025-07-19T23:03:30.524418+0700,103.195.142.74,202.134.0.155,23577,53,UDP,dns,,563510626422067,wire/pcap,0,0,0,0,0,0.0,0,0,0,none,0,none,0,0,0,no_alert_unknown,no_alert_not_final_benign,-1,dns,port
2025-07-19T23:03:30.528050+0700,103.195.142.74,202.134.0.155,44776,53,UDP,dns,,579110994290915,wire/pcap,0,0,0,0,0,0.0,0,0,0,none,0,none,0,0,0,no_alert_unknown,no_alert_not_final_benign,-1,dns,port
2025-07-19T23:03:30.530620+0700,103.195.142.74,202.134.0.155,62480,53,UDP,dns,,590146127364680,wire/pcap,0,0,0,0,0,0.0,0,0,0,none,0,none,0,0,0,no_alert_unknown,no_alert_not_final_benign,-1,dns,port
2025-07-19T23:03:30.534598+0700,103.195.142.74,50.28.32.153,60879,53,UDP,dns,,607231996541668,wire/pcap,0,0,0,0,0,0.0,0,0,0,none,0,none,0,0,0,no_alert_unknown,no_alert_not_final_benign,-1,dns,port
2025-07-19T23:03:30.545186+0700,103.195.142.74,118.98.44.20,27101,53,UDP,dns,,652706616270051,wire/pcap,0,0,0,0,0,0.0,0,0,0,none,0,none,0,0,0,no_alert_unknown,no_alert_not_final_benign,-1,dns,port
2025-07-19T23:03:30.553368+0700,103.195.142.74,118.98.44.50,29850,53,UDP,dns,,687851543359628,wire/pcap,0,0,0,0,0,0.0,0,0,0,none,0,none,0,0,0,no_alert_unknown,no_alert_not_final_benign,-1,dns,port
2025-07-19T23:03:30.577715+0700,103.195.142.75,8.8.8.8,23306,53,UDP,dns,,792418109800354,wire/pcap,0,0,0,0,0,0.0,0,0,0,none,0,none,0,0,0,no_alert_unknown,no_alert_not_final_benign,-1,dns,port
2025-07-19T23:03:30.601619+0700,103.195.142.74,118.98.44.20,22202,53,UDP,dns,,613613031056601,wire/pcap,0,0,0,0,0,0.0,0,0,0,none,0,none,0,0,0,no_alert_unknown,no_alert_not_final_benign,-1,dns,port
2025-07-19T23:03:30.612021+0700,103.195.142.75,8.8.8.8,44739,53,UDP,dns,,658288430671594,wire/pcap,0,0,0,0,0,0.0,0,0,0,none,0,none,0,0,0,no_alert_unknown,no_alert_not_final_benign,-1,dns,port
2025-07-19T23:03:30.623142+0700,103.195.142.74,118.98.44.100,41959,53,UDP,flow,dns,667796558150685,,1,1,0,77,0,0.0,1,77,0,none,0,none,0,0,0,no_alert_unknown,no_alert_not_final_benign,-1,dns,app_proto+port
2025-07-19T23:03:30.623232+0700,103.195.142.196,87.98.154.119,53,18013,UDP,flow,failed,1708997759630389,,1,1,0,1437,0,0.0,1,1437,0,none,0,none,0,0,0,no_alert_unknown,no_alert_not_final_benign,-1,dns,port
2025-07-19T23:03:30.623260+0700,103.195.142.74,118.98.44.100,42101,53,UDP,flow,dns,457119324798009,,1,1,0,243,0,0.0,1,243,0,none,0,none,0,0,0,no_alert_unknown,no_alert_not_final_benign,-1,dns,app_proto+port
2025-07-19T23:03:30.623284+0700,103.195.142.76,87.98.154.82,53,34354,UDP,flow,failed,1495227195882553,,1,1,0,1469,0,0.0,1,1469,0,none,0,none,0,0,0,no_alert_unknown,no_alert_not_final_benign,-1,dns,port
2025-07-19T23:03:30.623304+0700,103.195.142.76,87.98.154.119,53,13001,UDP,flow,failed,444724199783499,,1,1,0,1469,0,0.0,1,1469,0,none,0,none,0,0,0,no_alert_unknown,no_alert_not_final_benign,-1,dns,port
2025-07-19T23:03:30.623346+0700,103.195.142.3,172.253.218.209,53,59479,UDP,flow,failed,2031871769607279,,1,1,0,179,0,0.0,1,179,0,none,0,none,0,0,0,no_alert_unknown,no_alert_not_final_benign,-1,dns,port
2025-07-19T23:03:30.623373+0700,103.195.142.74,202.134.0.155,57146,53,UDP,flow,dns,1616955886238853,,1,1,0,88,0,0.0,1,88,0,none,0,none,0,0,0,no_alert_unknown,no_alert_not_final_benign,-1,dns,app_proto+port
2025-07-19T23:03:30.623394+0700,103.195.142.3,180.241.27.242,53,52997,UDP,flow,failed,830846890572938,,1,1,0,106,0,0.0,1,106,0,none,0,none,0,0,0,no_alert_unknown,no_alert_not_final_benign,-1,dns,port
2025-07-19T23:03:30.623413+0700,103.195.142.195,87.98.154.119,53,16032,UDP,flow,failed,1821346782149772,,1,1,0,1437,0,0.0,1,1437,0,none,0,none,0,0,0,no_alert_unknown,no_alert_not_final_benign,-1,dns,port
2025-07-19T23:03:30.623437+0700,103.195.142.74,118.98.44.50,63031,53,UDP,flow,dns,235680892484778,,1,1,0,74,0,0.0,1,74,0,none,0,none,0,0,0,no_alert_unknown,no_alert_not_final_benign,-1,dns,app_proto+port
2025-07-19T23:03:30.623471+0700,103.195.142.83,87.98.154.158,53,41099,UDP,flow,failed,396707044031681,,1,1,0,1190,0,0.0,1,1190,0,none,0,none,0,0,0,no_alert_unknown,no_alert_not_final_benign,-1,dns,port
2025-07-19T23:03:30.623705+0700,103.195.142.76,87.98.154.118,53,49273,UDP,flow,failed,113609761783099,,1,1,0,1469,0,0.0,1,1469,0,none,0,none,0,0,0,no_alert_unknown,no_alert_not_final_benign,-1,dns,port
2025-07-19T23:03:30.623730+0700,103.195.142.74,118.98.44.50,50222,53,UDP,flow,dns,2048917432597822,,1,1,0,85,0,0.0,1,85,0,none,0,none,0,0,0,no_alert_unknown,no_alert_not_final_benign,-1,dns,app_proto+port
2025-07-19T23:03:30.623808+0700,103.195.142.196,87.98.154.1,53,53267,UDP,flow,failed,1481919770492260,,1,1,0,1437,0,0.0,1,1437,0,none,0,none,0,0,0,no_alert_unknown,no_alert_not_final_benign,-1,dns,port
2025-07-19T23:03:30.623862+0700,103.195.142.83,87.98.154.42,53,48660,UDP,flow,failed,1664309416721781,,1,1,0,1190,0,0.0,1,1190,0,none,0,none,0,0,0,no_alert_unknown,no_alert_not_final_benign,-1,dns,port
2025-07-19T23:03:30.623882+0700,103.195.142.196,87.98.154.133,53,37955,UDP,flow,failed,2228155381677438,,1,1,0,1437,0,0.0,1,1437,0,none,0,none,0,0,0,no_alert_unknown,no_alert_not_final_benign,-1,dns,port
2025-07-19T23:03:30.623941+0700,103.195.142.83,87.98.154.119,53,1527,UDP,flow,failed,634321691573700,,1,1,0,1190,0,0.0,1,1190,0,none,0,none,0,0,0,no_alert_unknown,no_alert_not_final_benign,-1,dns,port
2025-07-19T23:03:30.623997+0700,103.195.142.109,87.98.154.105,53,11423,UDP,flow,failed,1717021699243519,,1,1,0,1437,0,0.0,1,1437,0,none,0,none,0,0,0,no_alert_unknown,no_alert_not_final_benign,-1,dns,port
2025-07-19T23:03:30.624085+0700,103.195.142.195,87.98.154.236,53,46099,UDP,flow,failed,1636725451030061,,1,1,0,1437,0,0.0,1,1437,0,none,0,none,0,0,0,no_alert_unknown,no_alert_not_final_benign,-1,dns,port
2025-07-19T23:03:30.624120+0700,103.195.142.74,118.98.44.50,63738,53,UDP,flow,dns,713930022157887,,1,1,0,79,0,0.0,1,79,0,none,0,none,0,0,0,no_alert_unknown,no_alert_not_final_benign,-1,dns,app_proto+port
2025-07-19T23:03:30.624171+0700,103.195.142.109,87.98.154.119,53,6307,UDP,flow,failed,257893362073396,,1,1,0,1437,0,0.0,1,1437,0,none,0,none,0,0,0,no_alert_unknown,no_alert_not_final_benign,-1,dns,port
2025-07-19T23:03:30.624190+0700,103.195.142.2,180.241.27.111,53,8492,UDP,flow,failed,1802425296650038,,1,1,0,129,0,0.0,1,129,0,none,0,none,0,0,0,no_alert_unknown,no_alert_not_final_benign,-1,dns,port
2025-07-19T23:03:30.624209+0700,103.195.142.75,8.8.8.8,16942,53,UDP,flow,dns,1665441583366110,,1,1,0,214,0,0.0,1,214,0,none,0,none,0,0,0,no_alert_unknown,no_alert_not_final_benign,-1,dns,app_proto+port
2025-07-19T23:03:30.624229+0700,103.195.142.75,8.8.8.8,63909,53,UDP,flow,dns,564016426614782,,1,1,0,74,0,0.0,1,74,0,none,0,none,0,0,0,no_alert_unknown,no_alert_not_final_benign,-1,dns,app_proto+port
2025-07-19T23:03:30.624292+0700,103.195.142.74,118.98.44.50,55954,53,UDP,flow,dns,1468945833230428,,1,1,0,74,0,0.0,1,74,0,none,0,none,0,0,0,no_alert_unknown,no_alert_not_final_benign,-1,dns,app_proto+port
2025-07-19T23:03:30.624317+0700,103.195.142.46,87.98.154.119,53,22447,UDP,flow,failed,46112322650211,,1,1,0,1437,0,0.0,1,1437,0,none,0,none,0,0,0,no_alert_unknown,no_alert_not_final_benign,-1,dns,port
2025-07-19T23:03:30.624350+0700,103.195.142.75,208.74.121.116,16887,53,UDP,flow,dns,1763140517527661,,1,1,0,88,0,0.0,1,88,0,none,0,none,0,0,0,no_alert_unknown,no_alert_not_final_benign,-1,dns,app_proto+port
2025-07-19T23:03:30.624601+0700,103.195.142.196,87.98.154.117,53,23152,UDP,flow,failed,453938621743532,,1,1,0,1437,0,0.0,1,1437,0,none,0,none,0,0,0,no_alert_unknown,no_alert_not_final_benign,-1,dns,port
2025-07-19T23:03:30.624643+0700,103.195.142.83,87.98.154.119,53,35317,UDP,flow,failed,2207568807952821,,1,1,0,1190,0,0.0,1,1190,0,none,0,none,0,0,0,no_alert_unknown,no_alert_not_final_benign,-1,dns,port
2025-07-19T23:03:30.624667+0700,103.195.142.196,87.98.154.229,53,63543,UDP,flow,failed,1453212583297511,,1,1,0,1437,0,0.0,1,1437,0,none,0,none,0,0,0,no_alert_unknown,no_alert_not_final_benign,-1,dns,port
2025-07-19T23:03:30.624686+0700,103.195.142.3,3.248.186.142,53,39964,UDP,flow,failed,781277141565966,,1,1,0,184,0,0.0,1,184,0,none,0,none,0,0,0,no_alert_unknown,no_alert_not_final_benign,-1,dns,port
2025-07-19T23:03:30.624753+0700,103.195.142.2,68.237.162.51,53,60122,UDP,flow,failed,1495242173284905,,1,1,0,132,0,0.0,1,132,0,none,0,none,0,0,0,no_alert_unknown,no_alert_not_final_benign,-1,dns,port
2025-07-19T23:03:30.624774+0700,103.195.142.196,87.98.154.119,53,61384,UDP,flow,failed,1837832911487576,,1,1,0,1437,0,0.0,1,1437,0,none,0,none,0,0,0,no_alert_unknown,no_alert_not_final_benign,-1,dns,port
2025-07-19T23:03:30.624810+0700,103.195.142.196,87.98.154.118,53,45456,UDP,flow,failed,29553941381737,,1,1,0,1437,0,0.0,1,1437,0,none,0,none,0,0,0,no_alert_unknown,no_alert_not_final_benign,-1,dns,port
2025-07-19T23:03:30.624848+0700,103.195.142.196,87.98.154.119,53,50025,UDP,flow,failed,653165951025848,,1,1,0,1437,0,0.0,1,1437,0,none,0,none,0,0,0,no_alert_unknown,no_alert_not_final_benign,-1,dns,port
2025-07-19T23:03:30.624866+0700,103.195.142.2,3.105.5.40,53,30787,UDP,flow,failed,2221321922577087,,1,1,0,175,0,0.0,1,175,0,none,0,none,0,0,0,no_alert_unknown,no_alert_not_final_benign,-1,dns,port
2025-07-19T23:03:30.624906+0700,103.195.142.74,118.98.44.50,40904,53,UDP,flow,dns,527253264696071,,1,1,0,223,0,0.0,1,223,0,none,0,none,0,0,0,no_alert_unknown,no_alert_not_final_benign,-1,dns,app_proto+port
2025-07-19T23:03:30.624927+0700,103.195.142.74,202.134.0.155,6205,53,UDP,flow,dns,1795823665185551,,1,1,0,88,0,0.0,1,88,0,none,0,none,0,0,0,no_alert_unknown,no_alert_not_final_benign,-1,dns,app_proto+port
2025-07-19T23:03:30.624947+0700,103.195.142.74,118.98.44.20,14260,53,UDP,flow,dns,1733284787749655,,1,1,0,79,0,0.0,1,79,0,none,0,none,0,0,0,no_alert_unknown,no_alert_not_final_benign,-1,dns,app_proto+port
2025-07-19T23:03:30.624973+0700,103.195.142.74,118.98.44.20,13330,53,UDP,flow,dns,1420544380404527,,1,1,0,81,0,0.0,1,81,0,none,0,none,0,0,0,no_alert_unknown,no_alert_not_final_benign,-1,dns,app_proto+port
2025-07-19T23:03:30.624999+0700,103.195.142.196,87.98.154.119,53,23858,UDP,flow,failed,1638041624740679,,1,1,0,1437,0,0.0,1,1437,0,none,0,none,0,0,0,no_alert_unknown,no_alert_not_final_benign,-1,dns,port
2025-07-19T23:03:30.624980+0700,103.195.142.74,202.134.0.155,4640,53,UDP,dns,,713946865533134,wire/pcap,0,0,0,0,0,0.0,0,0,0,none,0,none,0,0,0,no_alert_unknown,no_alert_not_final_benign,-1,dns,port
2025-07-19T23:03:30.625072+0700,103.195.142.74,118.98.44.100,20146,53,UDP,dns,,714340746858824,wire/pcap,0,0,0,0,0,0.0,0,0,0,none,0,none,0,0,0,no_alert_unknown,no_alert_not_final_benign,-1,dns,port
2025-07-19T23:03:30.625167+0700,103.195.142.74,118.98.44.50,4123,53,UDP,flow,dns,1778148181967949,,1,1,0,211,0,0.0,1,211,0,none,0,none,0,0,0,no_alert_unknown,no_alert_not_final_benign,-1,dns,app_proto+port
2025-07-19T23:03:30.625366+0700,103.195.142.165,87.98.154.119,53,29939,UDP,flow,failed,1748897312441637,,1,1,0,1437,0,0.0,1,1437,0,none,0,none,0,0,0,no_alert_unknown,no_alert_not_final_benign,-1,dns,port
2025-07-19T23:03:30.625387+0700,103.195.142.74,118.98.44.20,16558,53,UDP,flow,dns,1961743394243902,,1,1,0,74,0,0.0,1,74,0,none,0,none,0,0,0,no_alert_unknown,no_alert_not_final_benign,-1,dns,app_proto+port
2025-07-19T23:03:30.625453+0700,103.195.142.74,118.98.44.50,18982,53,UDP,flow,dns,2159638658712924,,1,1,0,75,0,0.0,1,75,0,none,0,none,0,0,0,no_alert_unknown,no_alert_not_final_benign,-1,dns,app_proto+port
2025-07-19T23:03:30.625480+0700,103.195.142.76,87.98.154.118,53,30526,UDP,flow,failed,259757963773353,,1,1,0,1469,0,0.0,1,1469,0,none,0,none,0,0,0,no_alert_unknown,no_alert_not_final_benign,-1,dns,port
2025-07-19T23:03:30.625543+0700,103.195.142.3,208.67.217.164,53,23914,UDP,flow,failed,1653301979350543,,1,1,0,175,0,0.0,1,175,0,none,0,none,0,0,0,no_alert_unknown,no_alert_not_final_benign,-1,dns,port
2025-07-19T23:03:30.625600+0700,103.195.142.46,87.98.154.119,53,50940,UDP,flow,failed,1574062821246517,,1,1,0,1437,0,0.0,1,1437,0,none,0,none,0,0,0,no_alert_unknown,no_alert_not_final_benign,-1,dns,port
2025-07-19T23:03:30.625621+0700,103.195.142.46,87.98.154.119,53,27116,UDP,flow,failed,300355207726719,,1,1,0,1437,0,0.0,1,1437,0,none,0,none,0,0,0,no_alert_unknown,no_alert_not_final_benign,-1,dns,port
2025-07-19T23:03:30.625641+0700,103.195.142.83,87.98.154.119,53,32413,UDP,flow,failed,825773407962758,,1,1,0,1190,0,0.0,1,1190,0,none,0,none,0,0,0,no_alert_unknown,no_alert_not_final_benign,-1,dns,port
2025-07-19T23:03:30.625713+0700,103.195.142.74,118.98.44.50,44522,53,UDP,flow,dns,371086635534052,,1,1,0,68,0,0.0,1,68,0,none,0,none,0,0,0,no_alert_unknown,no_alert_not_final_benign,-1,dns,app_proto+port
2025-07-19T23:03:30.625734+0700,103.195.142.76,87.98.154.254,53,36191,UDP,flow,failed,2137878382151404,,1,1,0,1469,0,0.0,1,1469,0,none,0,none,0,0,0,no_alert_unknown,no_alert_not_final_benign,-1,dns,port
2025-07-19T23:03:30.625774+0700,103.195.142.74,202.134.0.155,54208,53,UDP,flow,dns,181292139186011,,1,1,0,232,0,0.0,1,232,0,none,0,none,0,0,0,no_alert_unknown,no_alert_not_final_benign,-1,dns,app_proto+port
2025-07-19T23:03:30.625816+0700,103.195.142.3,118.98.99.145,53,63982,UDP,flow,failed,2006392846518177,,1,1,0,177,0,0.0,1,177,0,none,0,none,0,0,0,no_alert_unknown,no_alert_not_final_benign,-1,dns,port
2025-07-19T23:03:30.625885+0700,103.195.142.2,69.171.249.133,53,23162,UDP,flow,failed,31847125583817,,1,1,0,189,0,0.0,1,189,0,none,0,none,0,0,0,no_alert_unknown,no_alert_not_final_benign,-1,dns,port
2025-07-19T23:03:30.625923+0700,103.195.142.165,87.98.154.121,53,27700,UDP,flow,failed,1808223807113209,,1,1,0,1437,0,0.0,1,1437,0,none,0,none,0,0,0,no_alert_unknown,no_alert_not_final_benign,-1,dns,port
2025-07-19T23:03:30.625941+0700,103.195.142.74,118.98.44.20,9971,53,UDP,flow,dns,583195684800533,,1,1,0,74,0,0.0,1,74,0,none,0,none,0,0,0,no_alert_unknown,no_alert_not_final_benign,-1,dns,app_proto+port
2025-07-19T23:03:30.625961+0700,103.195.142.196,87.98.154.145,53,3928,UDP,flow,failed,1169595108526140,,1,2,0,2874,0,10.0,2,2874,0,none,0,none,0,0,0,no_alert_unknown,no_alert_not_final_benign,-1,dns,port
2025-07-19T23:03:30.625981+0700,103.195.142.46,87.98.154.223,53,23518,UDP,flow,failed,2007694276462668,,1,1,0,1437,0,0.0,1,1437,0,none,0,none,0,0,0,no_alert_unknown,no_alert_not_final_benign,-1,dns,port
2025-07-19T23:03:30.626028+0700,103.195.142.75,8.8.8.8,4116,53,UDP,flow,dns,2036257961969763,,1,1,0,223,0,0.0,1,223,0,none,0,none,0,0,0,no_alert_unknown,no_alert_not_final_benign,-1,dns,app_proto+port
2025-07-19T23:03:30.626053+0700,103.195.142.2,192.178.36.30,53,64966,UDP,flow,failed,391447323773035,,1,1,0,204,0,0.0,1,204,0,none,0,none,0,0,0,no_alert_unknown,no_alert_not_final_benign,-1,dns,port
2025-07-19T23:03:30.626093+0700,103.195.142.83,87.98.154.22,53,33916,UDP,flow,failed,142279979731122,,1,1,0,1190,0,0.0,1,1190,0,none,0,none,0,0,0,no_alert_unknown,no_alert_not_final_benign,-1,dns,port
2025-07-19T23:03:30.626132+0700,103.195.142.74,202.134.0.155,20359,53,UDP,flow,dns,592901008230665,,1,1,0,68,0,0.0,1,68,0,none,0,none,0,0,0,no_alert_unknown,no_alert_not_final_benign,-1,dns,app_proto+port
2025-07-19T23:03:30.626177+0700,103.195.142.195,87.98.154.119,53,63301,UDP,flow,failed,314700489918777,,1,1,0,1437,0,0.0,1,1437,0,none,0,none,0,0,0,no_alert_unknown,no_alert_not_final_benign,-1,dns,port
2025-07-19T23:03:30.626202+0700,103.195.142.76,87.98.154.117,53,2506,UDP,flow,failed,2099548523366724,,1,1,0,1469,0,0.0,1,1469,0,none,0,none,0,0,0,no_alert_unknown,no_alert_not_final_benign,-1,dns,port
2025-07-19T23:03:30.626240+0700,103.195.142.76,87.98.154.119,53,17799,UDP,flow,failed,760437686045005,,1,1,0,1469,0,0.0,1,1469,0,none,0,none,0,0,0,no_alert_unknown,no_alert_not_final_benign,-1,dns,port
2025-07-19T23:03:30.626418+0700,103.195.142.76,87.98.154.119,53,16726,UDP,flow,failed,618322266982799,,1,1,0,1469,0,0.0,1,1469,0,none,0,none,0,0,0,no_alert_unknown,no_alert_not_final_benign,-1,dns,port
2025-07-19T23:03:30.626448+0700,103.195.142.83,87.98.154.50,53,8741,UDP,flow,failed,223344653601170,,1,1,0,1190,0,0.0,1,1190,0,none,0,none,0,0,0,no_alert_unknown,no_alert_not_final_benign,-1,dns,port
2025-07-19T23:03:30.626468+0700,103.195.142.2,46.38.225.230,53,13967,UDP,flow,failed,2241229576309196,,1,1,0,197,0,0.0,1,197,0,none,0,none,0,0,0,no_alert_unknown,no_alert_not_final_benign,-1,dns,port
2025-07-19T23:03:30.626491+0700,103.195.142.74,118.98.44.100,48124,53,UDP,flow,dns,400183554247165,,1,1,0,88,0,0.0,1,88,0,none,0,none,0,0,0,no_alert_unknown,no_alert_not_final_benign,-1,dns,app_proto+port
2025-07-19T23:03:30.626548+0700,103.195.142.46,87.98.154.23,53,8643,UDP,flow,failed,604485209721414,,1,1,0,1437,0,0.0,1,1437,0,none,0,none,0,0,0,no_alert_unknown,no_alert_not_final_benign,-1,dns,port
2025-07-19T23:03:30.626568+0700,103.195.142.109,87.98.154.249,53,16217,UDP,flow,failed,527369308703303,,1,1,0,1437,0,0.0,1,1437,0,none,0,none,0,0,0,no_alert_unknown,no_alert_not_final_benign,-1,dns,port
2025-07-19T23:03:30.626593+0700,103.195.142.74,118.98.44.20,33663,53,UDP,flow,dns,527597508004484,,1,1,0,223,0,0.0,1,223,0,none,0,none,0,0,0,no_alert_unknown,no_alert_not_final_benign,-1,dns,app_proto+port
2025-07-19T23:03:30.626614+0700,103.195.142.75,8.8.8.8,13881,53,UDP,flow,dns,147895960636061,,1,1,0,88,0,0.0,1,88,0,none,0,none,0,0,0,no_alert_unknown,no_alert_not_final_benign,-1,dns,app_proto+port
2025-07-19T23:03:30.626663+0700,103.195.142.3,118.98.99.210,53,11397,UDP,flow,failed,1974791678757557,,1,1,0,134,0,0.0,1,134,0,none,0,none,0,0,0,no_alert_unknown,no_alert_not_final_benign,-1,dns,port
2025-07-19T23:03:30.626745+0700,103.195.142.83,87.98.154.222,53,63442,UDP,flow,failed,638174590044950,,1,1,0,1190,0,0.0,1,1190,0,none,0,none,0,0,0,no_alert_unknown,no_alert_not_final_benign,-1,dns,port
2025-07-19T23:03:30.626781+0700,103.195.142.74,118.98.44.20,61576,53,UDP,flow,dns,1795922557111123,,1,1,0,130,0,0.0,1,130,0,none,0,none,0,0,0,no_alert_unknown,no_alert_not_final_benign,-1,dns,app_proto+port
2025-07-19T23:03:30.626802+0700,103.195.142.109,87.98.154.49,53,25316,UDP,flow,failed,75469816892263,,1,1,0,1437,0,0.0,1,1437,0,none,0,none,0,0,0,no_alert_unknown,no_alert_not_final_benign,-1,dns,port
2025-07-19T23:03:30.626845+0700,103.195.142.74,118.98.44.20,48064,53,UDP,flow,dns,1934369132284824,,1,1,0,77,0,0.0,1,77,0,none,0,none,0,0,0,no_alert_unknown,no_alert_not_final_benign,-1,dns,app_proto+port
2025-07-19T23:03:30.626865+0700,103.195.142.109,87.98.154.221,53,52705,UDP,flow,failed,288596504710050,,1,1,0,1437,0,0.0,1,1437,0,none,0,none,0,0,0,no_alert_unknown,no_alert_not_final_benign,-1,dns,port
2025-07-19T23:03:30.626998+0700,103.195.142.196,87.98.154.117,53,47157,UDP,flow,failed,370378089598030,,1,1,0,1437,0,0.0,1,1437,0,none,0,none,0,0,0,no_alert_unknown,no_alert_not_final_benign,-1,dns,port
2025-07-19T23:03:30.627061+0700,103.195.142.83,87.98.154.22,53,11069,UDP,flow,failed,558051533622374,,1,1,0,1190,0,0.0,1,1190,0,none,0,none,0,0,0,no_alert_unknown,no_alert_not_final_benign,-1,dns,port
2025-07-19T23:03:30.627110+0700,103.195.142.195,87.98.154.112,53,60790,UDP,flow,failed,632601233820783,,1,1,0,1437,0,0.0,1,1437,0,none,0,none,0,0,0,no_alert_unknown,no_alert_not_final_benign,-1,dns,port
2025-07-19T23:03:30.627171+0700,103.195.142.195,87.98.154.64,53,24416,UDP,flow,failed,2169389616106633,,1,1,0,1437,0,0.0,1,1437,0,none,0,none,0,0,0,no_alert_unknown,no_alert_not_final_benign,-1,dns,port
2025-07-19T23:03:30.627190+0700,103.195.142.75,8.8.8.8,54198,53,UDP,flow,dns,1697279038885032,,1,1,0,74,0,0.0,1,74,0,none,0,none,0,0,0,no_alert_unknown,no_alert_not_final_benign,-1,dns,app_proto+port
2025-07-19T23:03:30.627253+0700,103.195.142.74,202.134.0.155,51177,53,UDP,flow,dns,832114173643978,,1,1,0,77,0,0.0,1,77,0,none,0,none,0,0,0,no_alert_unknown,no_alert_not_final_benign,-1,dns,app_proto+port
2025-07-19T23:03:30.627273+0700,103.195.142.46,87.98.154.119,53,32562,UDP,flow,failed,1911017206877422,,1,1,0,1437,0,0.0,1,1437,0,none,0,none,0,0,0,no_alert_unknown,no_alert_not_final_benign,-1,dns,port
2025-07-19T23:03:30.627318+0700,103.195.142.74,202.134.0.155,5902,53,UDP,flow,dns,2011252544212216,,1,1,0,117,0,0.0,1,117,0,none,0,none,0,0,0,no_alert_unknown,no_alert_not_final_benign,-1,dns,app_proto+port
2025-07-19T23:03:30.627339+0700,103.195.142.74,118.98.44.100,34348,53,UDP,flow,dns,1046010930564407,,1,2,0,204,0,6.0,2,204,0,none,0,none,0,0,0,no_alert_unknown,no_alert_not_final_benign,-1,dns,app_proto+port
2025-07-19T23:03:30.627359+0700,103.195.142.196,87.98.154.119,53,22492,UDP,flow,failed,39556663184705,,1,1,0,1437,0,0.0,1,1437,0,none,0,none,0,0,0,no_alert_unknown,no_alert_not_final_benign,-1,dns,port
2025-07-19T23:03:30.627378+0700,103.195.142.109,87.98.154.221,53,47522,UDP,flow,failed,784339902106989,,1,1,0,1437,0,0.0,1,1437,0,none,0,none,0,0,0,no_alert_unknown,no_alert_not_final_benign,-1,dns,port
2025-07-19T23:03:30.627396+0700,103.195.142.76,87.98.154.110,53,4371,UDP,flow,failed,1977714503880100,,1,1,0,1469,0,0.0,1,1469,0,none,0,none,0,0,0,no_alert_unknown,no_alert_not_final_benign,-1,dns,port
2025-07-19T23:03:30.627489+0700,103.195.142.165,87.98.154.141,53,24085,UDP,flow,failed,695598283066873,,1,1,0,1437,0,0.0,1,1437,0,none,0,none,0,0,0,no_alert_unknown,no_alert_not_final_benign,-1,dns,port
2025-07-19T23:03:30.627530+0700,103.195.142.76,87.98.154.54,53,42645,UDP,flow,failed,1756492570988060,,1,1,0,1469,0,0.0,1,1469,0,none,0,none,0,0,0,no_alert_unknown,no_alert_not_final_benign,-1,dns,port
2025-07-19T23:03:30.627548+0700,103.195.142.46,87.98.154.215,53,43912,UDP,flow,failed,195351140077146,,1,1,0,1437,0,0.0,1,1437,0,none,0,none,0,0,0,no_alert_unknown,no_alert_not_final_benign,-1,dns,port
2025-07-19T23:03:30.627594+0700,103.195.142.76,87.98.154.119,53,27013,UDP,flow,failed,806511188348546,,1,1,0,1469,0,0.0,1,1469,0,none,0,none,0,0,0,no_alert_unknown,no_alert_not_final_benign,-1,dns,port
2025-07-19T23:03:30.627636+0700,103.195.142.76,87.98.154.18,53,47631,UDP,flow,failed,12231710772993,,1,1,0,1469,0,0.0,1,1469,0,none,0,none,0,0,0,no_alert_unknown,no_alert_not_final_benign,-1,dns,port
2025-07-19T23:03:30.627678+0700,103.195.142.196,87.98.154.117,53,49646,UDP,flow,failed,1959187717918512,,1,1,0,1437,0,0.0,1,1437,0,none,0,none,0,0,0,no_alert_unknown,no_alert_not_final_benign,-1,dns,port
2025-07-19T23:03:30.627736+0700,103.195.142.109,87.98.154.119,53,61566,UDP,flow,failed,2124852417236830,,1,1,0,1437,0,0.0,1,1437,0,none,0,none,0,0,0,no_alert_unknown,no_alert_not_final_benign,-1,dns,port
2025-07-19T23:03:30.627761+0700,103.195.142.75,8.8.8.8,47094,53,UDP,flow,dns,606533975445373,,1,1,0,77,0,0.0,1,77,0,none,0,none,0,0,0,no_alert_unknown,no_alert_not_final_benign,-1,dns,app_proto+port
2025-07-19T23:03:30.627847+0700,103.195.142.74,118.98.44.50,59017,53,UDP,flow,dns,825224987250843,,1,1,0,74,0,0.0,1,74,0,none,0,none,0,0,0,no_alert_unknown,no_alert_not_final_benign,-1,dns,app_proto+port
2025-07-19T23:03:30.627886+0700,103.195.142.3,18.140.177.121,53,33694,UDP,flow,failed,2061174561214629,,1,1,0,132,0,0.0,1,132,0,none,0,none,0,0,0,no_alert_unknown,no_alert_not_final_benign,-1,dns,port
2025-07-19T23:03:30.627951+0700,103.195.142.74,118.98.44.50,11556,53,UDP,flow,dns,1746433927975169,,1,1,0,131,0,0.0,1,131,0,none,0,none,0,0,0,no_alert_unknown,no_alert_not_final_benign,-1,dns,app_proto+port
2025-07-19T23:03:30.628015+0700,103.195.142.76,87.98.154.119,53,58179,UDP,flow,failed,277958232084943,,1,1,0,1469,0,0.0,1,1469,0,none,0,none,0,0,0,no_alert_unknown,no_alert_not_final_benign,-1,dns,port
2025-07-19T23:03:30.628033+0700,103.195.142.195,87.98.154.180,53,17302,UDP,flow,failed,1710935022408155,,1,1,0,1437,0,0.0,1,1437,0,none,0,none,0,0,0,no_alert_unknown,no_alert_not_final_benign,-1,dns,port
2025-07-19T23:03:30.628181+0700,103.195.142.3,118.98.99.247,53,43405,UDP,flow,failed,2203939799011890,,1,1,0,177,0,0.0,1,177,0,none,0,none,0,0,0,no_alert_unknown,no_alert_not_final_benign,-1,dns,port
2025-07-19T23:03:30.628202+0700,103.195.142.74,118.98.44.50,53453,53,UDP,flow,dns,801088585503313,,1,1,0,77,0,0.0,1,77,0,none,0,none,0,0,0,no_alert_unknown,no_alert_not_final_benign,-1,dns,app_proto+port
2025-07-19T23:03:30.628301+0700,103.195.142.195,87.98.154.119,53,43368,UDP,flow,failed,1880343521890941,,1,1,0,1437,0,0.0,1,1437,0,none,0,none,0,0,0,no_alert_unknown,no_alert_not_final_benign,-1,dns,port
2025-07-19T23:03:30.628320+0700,103.195.142.74,118.98.44.20,1987,53,UDP,flow,dns,2248526942212762,,1,1,0,80,0,0.0,1,80,0,none,0,none,0,0,0,no_alert_unknown,no_alert_not_final_benign,-1,dns,app_proto+port
2025-07-19T23:03:30.628339+0700,103.195.142.74,118.98.44.50,16755,53,UDP,flow,dns,696413734605494,,1,1,0,211,0,0.0,1,211,0,none,0,none,0,0,0,no_alert_unknown,no_alert_not_final_benign,-1,dns,app_proto+port
2025-07-19T23:03:30.628359+0700,103.195.142.74,118.98.44.100,36086,53,UDP,flow,dns,439059091264230,,1,1,0,214,0,0.0,1,214,0,none,0,none,0,0,0,no_alert_unknown,no_alert_not_final_benign,-1,dns,app_proto+port
2025-07-19T23:03:30.628406+0700,103.195.142.83,87.98.154.78,53,61822,UDP,flow,failed,127769903469342,,1,1,0,1190,0,0.0,1,1190,0,none,0,none,0,0,0,no_alert_unknown,no_alert_not_final_benign,-1,dns,port
2025-07-19T23:03:30.628425+0700,103.195.142.74,69.39.238.36,34656,53,UDP,flow,dns,2141664868078370,,1,1,0,85,0,0.0,1,85,0,none,0,none,0,0,0,no_alert_unknown,no_alert_not_final_benign,-1,dns,app_proto+port
2025-07-19T23:03:30.628444+0700,103.195.142.74,118.98.44.100,6954,53,UDP,flow,dns,2206923567764330,,1,1,0,74,0,0.0,1,74,0,none,0,none,0,0,0,no_alert_unknown,no_alert_not_final_benign,-1,dns,app_proto+port
2025-07-19T23:03:30.628464+0700,103.195.142.74,118.98.44.50,50839,53,UDP,flow,dns,285674591196047,,1,1,0,223,0,0.0,1,223,0,none,0,none,0,0,0,no_alert_unknown,no_alert_not_final_benign,-1,dns,app_proto+port
2025-07-19T23:03:30.628484+0700,103.195.142.3,208.67.217.170,53,6458,UDP,flow,failed,2022822668374933,,1,1,0,159,0,0.0,1,159,0,none,0,none,0,0,0,no_alert_unknown,no_alert_not_final_benign,-1,dns,port
2025-07-19T23:03:30.628588+0700,103.195.142.195,87.98.154.224,53,28410,UDP,flow,failed,2198773704594525,,1,1,0,1437,0,0.0,1,1437,0,none,0,none,0,0,0,no_alert_unknown,no_alert_not_final_benign,-1,dns,port
2025-07-19T23:03:30.628607+0700,103.195.142.83,87.98.154.119,53,37687,UDP,flow,failed,2239435303588965,,1,1,0,1190,0,0.0,1,1190,0,none,0,none,0,0,0,no_alert_unknown,no_alert_not_final_benign,-1,dns,port
2025-07-19T23:03:30.628625+0700,103.195.142.74,202.134.0.155,29527,53,UDP,flow,dns,598255009109106,,1,2,0,204,0,8.0,2,204,0,none,0,none,0,0,0,no_alert_unknown,no_alert_not_final_benign,-1,dns,app_proto+port
2025-07-19T23:03:30.628646+0700,103.195.142.83,87.98.154.119,53,2702,UDP,flow,failed,2178989975245944,,1,1,0,1190,0,0.0,1,1190,0,none,0,none,0,0,0,no_alert_unknown,no_alert_not_final_benign,-1,dns,port
2025-07-19T23:03:30.628665+0700,103.195.142.196,87.98.154.117,53,27467,UDP,flow,failed,584653798872239,,1,1,0,1437,0,0.0,1,1437,0,none,0,none,0,0,0,no_alert_unknown,no_alert_not_final_benign,-1,dns,port
2025-07-19T23:03:30.628683+0700,103.195.142.195,87.98.154.36,53,46070,UDP,flow,failed,1920359248401584,,1,1,0,1437,0,0.0,1,1437,0,none,0,none,0,0,0,no_alert_unknown,no_alert_not_final_benign,-1,dns,port
2025-07-19T23:03:30.628707+0700,103.195.142.76,87.98.154.194,53,54995,UDP,flow,failed,1888721688237265,,1,1,0,1469,0,0.0,1,1469,0,none,0,none,0,0,0,no_alert_unknown,no_alert_not_final_benign,-1,dns,port
2025-07-19T23:03:30.628748+0700,103.195.142.74,118.98.44.100,63110,53,UDP,flow,dns,12468015568200,,1,1,0,232,0,0.0,1,232,0,none,0,none,0,0,0,no_alert_unknown,no_alert_not_final_benign,-1,dns,app_proto+port
2025-07-19T23:03:30.628774+0700,103.195.142.83,87.98.154.119,53,2650,UDP,flow,failed,9644484892241,,1,1,0,1190,0,0.0,1,1190,0,none,0,none,0,0,0,no_alert_unknown,no_alert_not_final_benign,-1,dns,port
2025-07-19T23:03:30.628846+0700,103.195.142.2,74.125.179.20,53,44441,UDP,flow,failed,2035861983434426,,1,1,0,155,0,0.0,1,155,0,none,0,none,0,0,0,no_alert_unknown,no_alert_not_final_benign,-1,dns,port
2025-07-19T23:03:30.628903+0700,103.195.142.76,87.98.154.54,53,56416,UDP,flow,failed,678549834274603,,1,1,0,1469,0,0.0,1,1469,0,none,0,none,0,0,0,no_alert_unknown,no_alert_not_final_benign,-1,dns,port
2025-07-19T23:03:30.628932+0700,103.195.142.3,172.253.236.209,53,49512,UDP,flow,failed,817941041157962,,1,1,0,164,0,0.0,1,164,0,none,0,none,0,0,0,no_alert_unknown,no_alert_not_final_benign,-1,dns,port
2025-07-19T23:03:30.629008+0700,103.195.142.195,87.98.154.119,53,25629,UDP,flow,failed,2157007077480360,,1,1,0,1437,0,0.0,1,1437,0,none,0,none,0,0,0,no_alert_unknown,no_alert_not_final_benign,-1,dns,port
2025-07-19T23:03:30.629022+0700,103.195.142.74,202.134.0.155,39681,53,UDP,flow,dns,283663357089709,,1,1,0,178,0,0.0,1,178,0,none,0,none,0,0,0,no_alert_unknown,no_alert_not_final_benign,-1,dns,app_proto+port
2025-07-19T23:03:30.629046+0700,103.195.142.2,180.241.27.183,53,35269,UDP,flow,failed,828830836168625,,1,1,0,106,0,0.0,1,106,0,none,0,none,0,0,0,no_alert_unknown,no_alert_not_final_benign,-1,dns,port
2025-07-19T23:03:30.629077+0700,103.195.142.3,203.119.13.187,53,45494,UDP,flow,failed,318920952223770,,1,1,0,180,0,0.0,1,180,0,none,0,none,0,0,0,no_alert_unknown,no_alert_not_final_benign,-1,dns,port
2025-07-19T23:03:30.629091+0700,103.195.142.74,118.98.44.20,37131,53,UDP,flow,dns,553529856464923,,1,1,0,68,0,0.0,1,68,0,none,0,none,0,0,0,no_alert_unknown,no_alert_not_final_benign,-1,dns,app_proto+port
2025-07-19T23:03:30.629121+0700,103.195.142.83,87.98.154.38,53,11235,UDP,flow,failed,1926595825408085,,1,1,0,1190,0,0.0,1,1190,0,none,0,none,0,0,0,no_alert_unknown,no_alert_not_final_benign,-1,dns,port
2025-07-19T23:03:30.629136+0700,103.195.142.76,87.98.154.118,53,2024,UDP,flow,failed,622889350371429,,1,1,0,1469,0,0.0,1,1469,0,none,0,none,0,0,0,no_alert_unknown,no_alert_not_final_benign,-1,dns,port
2025-07-19T23:03:30.629172+0700,103.195.142.74,118.98.44.20,54297,53,UDP,flow,dns,2032013495605412,,1,1,0,74,0,0.0,1,74,0,none,0,none,0,0,0,no_alert_unknown,no_alert_not_final_benign,-1,dns,app_proto+port
2025-07-19T23:03:30.629188+0700,103.195.142.46,87.98.154.79,53,21167,UDP,flow,failed,369286640867590,,1,1,0,1437,0,0.0,1,1437,0,none,0,none,0,0,0,no_alert_unknown,no_alert_not_final_benign,-1,dns,port
2025-07-19T23:03:30.629202+0700,103.195.142.75,8.8.8.8,63840,53,UDP,flow,dns,1831817815038222,,1,1,0,110,0,0.0,1,110,0,none,0,none,0,0,0,no_alert_unknown,no_alert_not_final_benign,-1,dns,app_proto+port
2025-07-19T23:03:30.629234+0700,103.195.142.165,87.98.154.119,53,36776,UDP,flow,failed,2027466686241111,,1,1,0,1437,0,0.0,1,1437,0,none,0,none,0,0,0,no_alert_unknown,no_alert_not_final_benign,-1,dns,port
2025-07-19T23:03:30.629248+0700,103.195.142.2,172.217.38.26,53,48035,UDP,flow,failed,379058127280497,,1,1,0,208,0,0.0,1,208,0,none,0,none,0,0,0,no_alert_unknown,no_alert_not_final_benign,-1,dns,port
2025-07-19T23:03:30.629281+0700,103.195.142.3,45.63.101.163,53,21665,UDP,flow,failed,194763068578203,,1,1,0,179,0,0.0,1,179,0,none,0,none,0,0,0,no_alert_unknown,no_alert_not_final_benign,-1,dns,port
2025-07-19T23:03:30.629299+0700,103.195.142.109,87.98.154.119,53,59248,UDP,flow,failed,1846205528381869,,1,1,0,1437,0,0.0,1,1437,0,none,0,none,0,0,0,no_alert_unknown,no_alert_not_final_benign,-1,dns,port
2025-07-19T23:03:30.629362+0700,103.195.142.74,118.98.44.20,41962,53,UDP,flow,dns,623155925326358,,1,1,0,74,0,0.0,1,74,0,none,0,none,0,0,0,no_alert_unknown,no_alert_not_final_benign,-1,dns,app_proto+port
2025-07-19T23:03:30.629377+0700,103.195.142.195,87.98.154.119,53,48027,UDP,flow,failed,168039338056233,,1,1,0,1437,0,0.0,1,1437,0,none,0,none,0,0,0,no_alert_unknown,no_alert_not_final_benign,-1,dns,port
2025-07-19T23:03:30.629408+0700,103.195.142.196,87.98.154.119,53,25138,UDP,flow,failed,13513034734203,,1,1,0,1437,0,0.0,1,1437,0,none,0,none,0,0,0,no_alert_unknown,no_alert_not_final_benign,-1,dns,port
2025-07-19T23:03:30.629426+0700,103.195.142.3,180.241.27.32,53,51469,UDP,flow,failed,733861688220425,,1,1,0,138,0,0.0,1,138,0,none,0,none,0,0,0,no_alert_unknown,no_alert_not_final_benign,-1,dns,port
2025-07-19T23:03:30.629457+0700,103.195.142.75,8.8.8.8,40291,53,UDP,flow,dns,48791691041683,,1,1,0,93,0,0.0,1,93,0,none,0,none,0,0,0,no_alert_unknown,no_alert_not_final_benign,-1,dns,app_proto+port
2025-07-19T23:03:30.629488+0700,103.195.142.83,87.98.154.119,53,5403,UDP,flow,failed,311537257520062,,1,1,0,1190,0,0.0,1,1190,0,none,0,none,0,0,0,no_alert_unknown,no_alert_not_final_benign,-1,dns,port
2025-07-19T23:03:30.629503+0700,103.195.142.46,87.98.154.107,53,60704,UDP,flow,failed,163102585822149,,1,1,0,1437,0,0.0,1,1437,0,none,0,none,0,0,0,no_alert_unknown,no_alert_not_final_benign,-1,dns,port
2025-07-19T23:03:30.629531+0700,103.195.142.46,87.98.154.23,53,36424,UDP,flow,failed,322851461241876,,1,1,0,1437,0,0.0,1,1437,0,none,0,none,0,0,0,no_alert_unknown,no_alert_not_final_benign,-1,dns,port
2025-07-19T23:03:30.629565+0700,103.195.142.2,66.249.79.241,53,34826,UDP,flow,failed,767324430048287,,1,1,0,118,0,0.0,1,118,0,none,0,none,0,0,0,no_alert_unknown,no_alert_not_final_benign,-1,dns,port
2025-07-19T23:03:30.629654+0700,103.195.142.74,118.98.44.50,51798,53,UDP,flow,dns,1762049516936275,,1,1,0,80,0,0.0,1,80,0,none,0,none,0,0,0,no_alert_unknown,no_alert_not_final_benign,-1,dns,app_proto+port
2025-07-19T23:03:30.629675+0700,103.195.142.196,87.98.154.119,53,28270,UDP,flow,failed,2050238070627438,,1,1,0,1437,0,0.0,1,1437,0,none,0,none,0,0,0,no_alert_unknown,no_alert_not_final_benign,-1,dns,port
2025-07-19T23:03:30.629693+0700,103.195.142.83,87.98.154.119,53,31516,UDP,flow,failed,1917802632158406,,1,1,0,1190,0,0.0,1,1190,0,none,0,none,0,0,0,no_alert_unknown,no_alert_not_final_benign,-1,dns,port
2025-07-19T23:03:30.629707+0700,103.195.142.74,118.98.44.50,6805,53,UDP,flow,dns,1746530272845051,,1,1,0,77,0,0.0,1,77,0,none,0,none,0,0,0,no_alert_unknown,no_alert_not_final_benign,-1,dns,app_proto+port
2025-07-19T23:03:30.629851+0700,103.195.142.109,87.98.154.119,53,44247,UDP,flow,failed,365592747023928,,1,1,0,1437,0,0.0,1,1437,0,none,0,none,0,0,0,no_alert_unknown,no_alert_not_final_benign,-1,dns,port
2025-07-19T23:03:30.629879+0700,103.195.142.195,87.98.154.64,53,56766,UDP,flow,failed,92259694845503,,1,1,0,1437,0,0.0,1,1437,0,none,0,none,0,0,0,no_alert_unknown,no_alert_not_final_benign,-1,dns,port
2025-07-19T23:03:30.629931+0700,103.195.142.83,87.98.154.119,53,20756,UDP,flow,failed,2194663358111362,,1,1,0,1190,0,0.0,1,1190,0,none,0,none,0,0,0,no_alert_unknown,no_alert_not_final_benign,-1,dns,port
2025-07-19T23:03:30.629945+0700,103.195.142.75,8.8.8.8,11321,53,UDP,flow,dns,739141991243403,,1,1,0,77,0,0.0,1,77,0,none,0,none,0,0,0,no_alert_unknown,no_alert_not_final_benign,-1,dns,app_proto+port
2025-07-19T23:03:30.629961+0700,103.195.142.3,69.171.249.133,53,54469,UDP,flow,failed,262948033109680,,1,1,0,135,0,0.0,1,135,0,none,0,none,0,0,0,no_alert_unknown,no_alert_not_final_benign,-1,dns,port
2025-07-19T23:03:30.629976+0700,103.195.142.165,87.98.154.119,53,61632,UDP,flow,failed,526367167389430,,1,1,0,1437,0,0.0,1,1437,0,none,0,none,0,0,0,no_alert_unknown,no_alert_not_final_benign,-1,dns,port
2025-07-19T23:03:30.629990+0700,103.195.142.165,87.98.154.119,53,12664,UDP,flow,failed,2006524708560656,,1,1,0,1437,0,0.0,1,1437,0,none,0,none,0,0,0,no_alert_unknown,no_alert_not_final_benign,-1,dns,port
2025-07-19T23:03:30.630020+0700,103.195.142.46,87.98.154.119,53,8802,UDP,flow,failed,255310926880551,,1,1,0,1437,0,0.0,1,1437,0,none,0,none,0,0,0,no_alert_unknown,no_alert_not_final_benign,-1,dns,port
2025-07-19T23:03:30.630038+0700,103.195.142.83,87.98.154.22,53,61206,UDP,flow,failed,550687850209108,,1,1,0,1190,0,0.0,1,1190,0,none,0,none,0,0,0,no_alert_unknown,no_alert_not_final_benign,-1,dns,port
2025-07-19T23:03:30.630070+0700,103.195.142.46,87.98.154.119,53,17211,UDP,flow,failed,374239342141336,,1,1,0,1437,0,0.0,1,1437,0,none,0,none,0,0,0,no_alert_unknown,no_alert_not_final_benign,-1,dns,port
2025-07-19T23:03:30.630084+0700,103.195.142.75,8.8.8.8,48747,53,UDP,flow,dns,613701028388769,,1,1,0,74,0,0.0,1,74,0,none,0,none,0,0,0,no_alert_unknown,no_alert_not_final_benign,-1,dns,app_proto+port
2025-07-19T23:03:30.630126+0700,103.195.142.46,87.98.154.119,53,9867,UDP,flow,failed,772508067602401,,1,1,0,1437,0,0.0,1,1437,0,none,0,none,0,0,0,no_alert_unknown,no_alert_not_final_benign,-1,dns,port
2025-07-19T23:03:30.630141+0700,103.195.142.76,87.98.154.222,53,60799,UDP,flow,failed,1770778290200549,,1,1,0,1469,0,0.0,1,1469,0,none,0,none,0,0,0,no_alert_unknown,no_alert_not_final_benign,-1,dns,port
2025-07-19T23:03:30.630160+0700,103.195.142.109,87.98.154.193,53,61904,UDP,flow,failed,1831084843573236,,1,3,0,4311,0,10.0,3,4311,0,none,0,none,0,0,0,no_alert_unknown,no_alert_not_final_benign,-1,dns,port
2025-07-19T23:03:30.630190+0700,103.195.142.76,87.98.154.119,53,15032,UDP,flow,failed,2156023861977124,,1,1,0,1469,0,0.0,1,1469,0,none,0,none,0,0,0,no_alert_unknown,no_alert_not_final_benign,-1,dns,port
2025-07-19T23:03:30.630205+0700,103.195.142.74,202.134.0.155,51804,53,UDP,flow,dns,2220277422202963,,1,1,0,81,0,0.0,1,81,0,none,0,none,0,0,0,no_alert_unknown,no_alert_not_final_benign,-1,dns,app_proto+port
2025-07-19T23:03:30.630251+0700,103.195.142.195,87.98.154.116,53,27144,UDP,flow,failed,379126563840107,,1,1,0,1437,0,0.0,1,1437,0,none,0,none,0,0,0,no_alert_unknown,no_alert_not_final_benign,-1,dns,port
2025-07-19T23:03:30.630271+0700,103.195.142.83,87.98.154.82,53,4763,UDP,flow,failed,785460283023503,,1,1,0,1190,0,0.0,1,1190,0,none,0,none,0,0,0,no_alert_unknown,no_alert_not_final_benign,-1,dns,port
2025-07-19T23:03:30.630285+0700,103.195.142.74,202.134.0.155,22294,53,UDP,flow,dns,2006957891756297,,1,1,0,211,0,0.0,1,211,0,none,0,none,0,0,0,no_alert_unknown,no_alert_not_final_benign,-1,dns,app_proto+port
2025-07-19T23:03:30.630334+0700,103.195.142.165,87.98.154.119,53,37242,UDP,flow,failed,116535565787481,,1,1,0,1437,0,0.0,1,1437,0,none,0,none,0,0,0,no_alert_unknown,no_alert_not_final_benign,-1,dns,port
2025-07-19T23:03:30.630348+0700,103.195.142.195,87.98.154.140,53,28842,UDP,flow,failed,822410468303265,,1,1,0,1437,0,0.0,1,1437,0,none,0,none,0,0,0,no_alert_unknown,no_alert_not_final_benign,-1,dns,port
2025-07-19T23:03:30.630367+0700,103.195.142.165,87.98.154.119,53,4383,UDP,flow,failed,1518870569722292,,1,2,0,2874,0,27.0,2,2874,0,none,0,none,0,0,0,no_alert_unknown,no_alert_not_final_benign,-1,dns,port
2025-07-19T23:03:30.630381+0700,103.195.142.76,87.98.154.119,53,17810,UDP,flow,failed,770810590503394,,1,1,0,1469,0,0.0,1,1469,0,none,0,none,0,0,0,no_alert_unknown,no_alert_not_final_benign,-1,dns,port
2025-07-19T23:03:30.630395+0700,103.195.142.195,87.98.154.119,53,14439,UDP,flow,failed,1861512290345476,,1,1,0,1437,0,0.0,1,1437,0,none,0,none,0,0,0,no_alert_unknown,no_alert_not_final_benign,-1,dns,port
2025-07-19T23:03:30.630427+0700,103.195.142.165,87.98.154.119,53,49966,UDP,flow,failed,497365597594130,,1,1,0,1437,0,0.0,1,1437,0,none,0,none,0,0,0,no_alert_unknown,no_alert_not_final_benign,-1,dns,port
2025-07-19T23:03:30.630460+0700,103.195.142.83,87.98.154.138,53,52969,UDP,flow,failed,436776669454904,,1,1,0,1190,0,0.0,1,1190,0,none,0,none,0,0,0,no_alert_unknown,no_alert_not_final_benign,-1,dns,port
2025-07-19T23:03:30.630499+0700,103.195.142.74,118.98.44.20,60457,53,UDP,flow,dns,1911976650842694,,1,1,0,68,0,0.0,1,68,0,none,0,none,0,0,0,no_alert_unknown,no_alert_not_final_benign,-1,dns,app_proto+port
2025-07-19T23:03:30.630516+0700,103.195.142.74,118.98.44.50,53372,53,UDP,flow,dns,2097485799334521,,1,1,0,74,0,0.0,1,74,0,none,0,none,0,0,0,no_alert_unknown,no_alert_not_final_benign,-1,dns,app_proto+port
2025-07-19T23:03:30.630532+0700,103.195.142.46,87.98.154.119,53,27596,UDP,flow,failed,729840658850442,,1,1,0,1437,0,0.0,1,1437,0,none,0,none,0,0,0,no_alert_unknown,no_alert_not_final_benign,-1,dns,port
2025-07-19T23:03:30.630546+0700,103.195.142.109,87.98.154.117,53,4329,UDP,flow,failed,1885409481433806,,1,1,0,1437,0,0.0,1,1437,0,none,0,none,0,0,0,no_alert_unknown,no_alert_not_final_benign,-1,dns,port
2025-07-19T23:03:30.630576+0700,103.195.142.109,87.98.154.249,53,3822,UDP,flow,failed,472906412958549,,1,1,0,1437,0,0.0,1,1437,0,none,0,none,0,0,0,no_alert_unknown,no_alert_not_final_benign,-1,dns,port
2025-07-19T23:03:30.630595+0700,103.195.142.75,8.8.8.8,34288,53,UDP,flow,dns,1991377108640737,,1,1,0,74,0,0.0,1,74,0,none,0,none,0,0,0,no_alert_unknown,no_alert_not_final_benign,-1,dns,app_proto+port
2025-07-19T23:03:30.630611+0700,103.195.142.196,87.98.154.119,53,39767,UDP,flow,failed,383513360049145,,1,1,0,1437,0,0.0,1,1437,0,none,0,none,0,0,0,no_alert_unknown,no_alert_not_final_benign,-1,dns,port
2025-07-19T23:03:30.630625+0700,103.195.142.74,202.134.0.155,6743,53,UDP,flow,dns,431726641783820,,1,1,0,74,0,0.0,1,74,0,none,0,none,0,0,0,no_alert_unknown,no_alert_not_final_benign,-1,dns,app_proto+port
2025-07-19T23:03:30.630670+0700,103.195.142.195,87.98.154.119,53,2269,UDP,flow,failed,2130235747705930,,1,1,0,1437,0,0.0,1,1437,0,none,0,none,0,0,0,no_alert_unknown,no_alert_not_final_benign,-1,dns,port
2025-07-19T23:03:30.630700+0700,103.195.142.195,87.98.154.236,53,36299,UDP,flow,failed,104017271563377,,1,1,0,1437,0,0.0,1,1437,0,none,0,none,0,0,0,no_alert_unknown,no_alert_not_final_benign,-1,dns,port
2025-07-19T23:03:30.630718+0700,103.195.142.76,87.98.154.54,53,55828,UDP,flow,failed,472447743534266,,1,1,0,1469,0,0.0,1,1469,0,none,0,none,0,0,0,no_alert_unknown,no_alert_not_final_benign,-1,dns,port
2025-07-19T23:03:30.630750+0700,103.195.142.76,87.98.154.142,53,24471,UDP,flow,failed,621034466223392,,1,1,0,1469,0,0.0,1,1469,0,none,0,none,0,0,0,no_alert_unknown,no_alert_not_final_benign,-1,dns,port
2025-07-19T23:03:30.630765+0700,103.195.142.75,8.8.8.8,7508,53,UDP,flow,dns,770124637119851,,1,1,0,74,0,0.0,1,74,0,none,0,none,0,0,0,no_alert_unknown,no_alert_not_final_benign,-1,dns,app_proto+port
2025-07-19T23:03:30.630797+0700,103.195.142.74,118.98.44.20,55108,53,UDP,flow,dns,2217141450483080,,1,1,0,74,0,0.0,1,74,0,none,0,none,0,0,0,no_alert_unknown,no_alert_not_final_benign,-1,dns,app_proto+port
2025-07-19T23:03:30.630827+0700,103.195.142.109,87.98.154.119,53,61021,UDP,flow,failed,607968301917668,,1,1,0,1437,0,0.0,1,1437,0,none,0,none,0,0,0,no_alert_unknown,no_alert_not_final_benign,-1,dns,port
2025-07-19T23:03:30.630845+0700,103.195.142.76,87.98.154.242,53,31174,UDP,flow,failed,665879809336839,,1,1,0,1469,0,0.0,1,1469,0,none,0,none,0,0,0,no_alert_unknown,no_alert_not_final_benign,-1,dns,port
2025-07-19T23:03:30.630877+0700,103.195.142.83,87.98.154.119,53,47147,UDP,flow,failed,2000658391016983,,1,1,0,1190,0,0.0,1,1190,0,none,0,none,0,0,0,no_alert_unknown,no_alert_not_final_benign,-1,dns,port
2025-07-19T23:03:30.630891+0700,103.195.142.76,87.98.154.119,53,17322,UDP,flow,failed,1842925985703487,,1,1,0,1469,0,0.0,1,1469,0,none,0,none,0,0,0,no_alert_unknown,no_alert_not_final_benign,-1,dns,port
2025-07-19T23:03:30.630906+0700,103.195.142.74,118.98.44.20,20067,53,UDP,flow,dns,204828282955328,,1,1,0,232,0,0.0,1,232,0,none,0,none,0,0,0,no_alert_unknown,no_alert_not_final_benign,-1,dns,app_proto+port
2025-07-19T23:03:30.630921+0700,103.195.142.46,87.98.154.119,53,20133,UDP,flow,failed,1954723822741175,,1,1,0,1437,0,0.0,1,1437,0,none,0,none,0,0,0,no_alert_unknown,no_alert_not_final_benign,-1,dns,port
2025-07-19T23:03:30.630948+0700,103.195.142.74,118.98.44.100,54968,53,UDP,flow,dns,781034130482872,,1,1,0,214,0,0.0,1,214,0,none,0,none,0,0,0,no_alert_unknown,no_alert_not_final_benign,-1,dns,app_proto+port
2025-07-19T23:03:30.631003+0700,103.195.142.3,203.142.82.211,53,5803,UDP,flow,failed,1991253360223989,,1,1,0,208,0,0.0,1,208,0,none,0,none,0,0,0,no_alert_unknown,no_alert_not_final_benign,-1,dns,port
2025-07-19T23:03:30.631017+0700,103.195.142.109,87.98.154.77,53,13644,UDP,flow,failed,68836799457112,,1,1,0,1437,0,0.0,1,1437,0,none,0,none,0,0,0,no_alert_unknown,no_alert_not_final_benign,-1,dns,port
2025-07-19T23:03:30.631031+0700,103.195.142.74,202.134.0.155,12768,53,UDP,flow,dns,842546472658789,,1,1,0,74,0,0.0,1,74,0,none,0,none,0,0,0,no_alert_unknown,no_alert_not_final_benign,-1,dns,app_proto+port
2025-07-19T23:03:30.631046+0700,103.195.142.75,50.28.32.155,20881,53,UDP,flow,dns,2045557527193470,,1,1,0,91,0,0.0,1,91,0,none,0,none,0,0,0,no_alert_unknown,no_alert_not_final_benign,-1,dns,app_proto+port
2025-07-19T23:03:30.631062+0700,103.195.142.2,69.171.249.133,53,65005,UDP,flow,failed,2233951575910302,,1,1,0,154,0,0.0,1,154,0,none,0,none,0,0,0,no_alert_unknown,no_alert_not_final_benign,-1,dns,port
2025-07-19T23:03:30.631076+0700,103.195.142.109,87.98.154.119,53,15659,UDP,flow,failed,2237470920910761,,1,1,0,1437,0,0.0,1,1437,0,none,0,none,0,0,0,no_alert_unknown,no_alert_not_final_benign,-1,dns,port
2025-07-19T23:03:30.631090+0700,103.195.142.165,87.98.154.37,53,6340,UDP,flow,failed,264307808970712,,1,1,0,1437,0,0.0,1,1437,0,none,0,none,0,0,0,no_alert_unknown,no_alert_not_final_benign,-1,dns,port
2025-07-19T23:03:30.631124+0700,103.195.142.46,87.98.154.119,53,24588,UDP,flow,failed,2102523285710867,,1,1,0,1437,0,0.0,1,1437,0,none,0,none,0,0,0,no_alert_unknown,no_alert_not_final_benign,-1,dns,port
2025-07-19T23:03:30.631140+0700,103.195.142.74,118.98.44.50,15807,53,UDP,flow,dns,1995717805123660,,1,1,0,80,0,0.0,1,80,0,none,0,none,0,0,0,no_alert_unknown,no_alert_not_final_benign,-1,dns,app_proto+port
2025-07-19T23:03:30.631173+0700,103.195.142.74,202.134.0.155,36813,53,UDP,flow,dns,176381134219447,,1,1,0,211,0,0.0,1,211,0,none,0,none,0,0,0,no_alert_unknown,no_alert_not_final_benign,-1,dns,app_proto+port
2025-07-19T23:03:30.631262+0700,103.195.142.75,8.8.8.8,8010,53,UDP,flow,dns,648708605127026,,1,1,0,86,0,0.0,1,86,0,none,0,none,0,0,0,no_alert_unknown,no_alert_not_final_benign,-1,dns,app_proto+port
2025-07-19T23:03:30.631295+0700,103.195.142.3,172.217.43.144,53,59027,UDP,flow,failed,2106954713311646,,1,1,0,210,0,0.0,1,210,0,none,0,none,0,0,0,no_alert_unknown,no_alert_not_final_benign,-1,dns,port
2025-07-19T23:03:30.631309+0700,103.195.142.74,118.98.44.50,64627,53,UDP,flow,dns,1777877979408851,,1,1,0,68,0,0.0,1,68,0,none,0,none,0,0,0,no_alert_unknown,no_alert_not_final_benign,-1,dns,app_proto+port
2025-07-19T23:03:30.631325+0700,103.195.142.74,118.98.44.100,43824,53,UDP,flow,dns,669640560716305,,1,1,0,77,0,0.0,1,77,0,none,0,none,0,0,0,no_alert_unknown,no_alert_not_final_benign,-1,dns,app_proto+port
2025-07-19T23:03:30.631340+0700,103.195.142.46,87.98.154.119,53,34977,UDP,flow,failed,1798465834363436,,1,1,0,1437,0,0.0,1,1437,0,none,0,none,0,0,0,no_alert_unknown,no_alert_not_final_benign,-1,dns,port
2025-07-19T23:03:30.631358+0700,103.195.142.165,87.98.154.93,53,32648,UDP,flow,failed,1924093225904746,,1,1,0,1437,0,0.0,1,1437,0,none,0,none,0,0,0,no_alert_unknown,no_alert_not_final_benign,-1,dns,port
2025-07-19T23:03:30.631373+0700,103.195.142.165,87.98.154.37,53,53330,UDP,flow,failed,1765630820133517,,1,1,0,1437,0,0.0,1,1437,0,none,0,none,0,0,0,no_alert_unknown,no_alert_not_final_benign,-1,dns,port
2025-07-19T23:03:30.631426+0700,103.195.142.76,87.98.154.138,53,31841,UDP,flow,failed,1769245812632462,,1,1,0,1469,0,0.0,1,1469,0,none,0,none,0,0,0,no_alert_unknown,no_alert_not_final_benign,-1,dns,port
2025-07-19T23:03:30.631460+0700,103.195.142.76,87.98.154.119,53,41063,UDP,flow,failed,61816409074595,,1,1,0,1469,0,0.0,1,1469,0,none,0,none,0,0,0,no_alert_unknown,no_alert_not_final_benign,-1,dns,port
2025-07-19T23:03:30.631475+0700,103.195.142.196,87.98.154.119,53,56231,UDP,flow,failed,978692992117681,,1,1,0,1437,0,0.0,1,1437,0,none,0,none,0,0,0,no_alert_unknown,no_alert_not_final_benign,-1,dns,port
2025-07-19T23:03:30.631496+0700,103.195.142.74,118.98.44.20,30788,53,UDP,flow,dns,2006233839020988,,1,1,0,74,0,0.0,1,74,0,none,0,none,0,0,0,no_alert_unknown,no_alert_not_final_benign,-1,dns,app_proto+port
2025-07-19T23:03:30.631512+0700,103.195.142.195,87.98.154.36,53,63746,UDP,flow,failed,2175080690133956,,1,1,0,1437,0,0.0,1,1437,0,none,0,none,0,0,0,no_alert_unknown,no_alert_not_final_benign,-1,dns,port
2025-07-19T23:03:30.631559+0700,103.195.142.74,118.98.44.50,27404,53,UDP,flow,dns,1910474551110663,,1,1,0,211,0,0.0,1,211,0,none,0,none,0,0,0,no_alert_unknown,no_alert_not_final_benign,-1,dns,app_proto+port
2025-07-19T23:03:30.631575+0700,103.195.142.195,87.98.154.119,53,51913,UDP,flow,failed,365484474936367,,1,1,0,1437,0,0.0,1,1437,0,none,0,none,0,0,0,no_alert_unknown,no_alert_not_final_benign,-1,dns,port
2025-07-19T23:03:30.631629+0700,103.195.142.165,87.98.154.209,53,23766,UDP,flow,failed,911208559062181,,1,1,0,1437,0,0.0,1,1437,0,none,0,none,0,0,0,no_alert_unknown,no_alert_not_final_benign,-1,dns,port
2025-07-19T23:03:30.631643+0700,103.195.142.76,87.98.154.170,53,49355,UDP,flow,failed,834707453160638,,1,1,0,1469,0,0.0,1,1469,0,none,0,none,0,0,0,no_alert_unknown,no_alert_not_final_benign,-1,dns,port
2025-07-19T23:03:30.631658+0700,103.195.142.46,87.98.154.51,53,6646,UDP,flow,failed,14596035423447,,1,1,0,1437,0,0.0,1,1437,0,none,0,none,0,0,0,no_alert_unknown,no_alert_not_final_benign,-1,dns,port
2025-07-19T23:03:30.637425+0700,103.195.142.75,8.8.8.8,27966,53,UDP,dns,,767397565270142,wire/pcap,0,0,0,0,0,0.0,0,0,0,none,0,none,0,0,0,no_alert_unknown,no_alert_not_final_benign,-1,dns,port
2025-07-19T23:03:30.637537+0700,103.195.142.74,202.134.0.155,26503,53,UDP,dns,,767877734813088,wire/pcap,0,0,0,0,0,0.0,0,0,0,none,0,none,0,0,0,no_alert_unknown,no_alert_not_final_benign,-1,dns,port
2025-07-19T23:03:30.665017+0700,103.195.142.74,202.134.0.155,60563,53,UDP,dns,,604427538000283,wire/pcap,0,0,0,0,0,0.0,0,0,0,none,0,none,0,0,0,no_alert_unknown,no_alert_not_final_benign,-1,dns,port
2025-07-19T23:03:30.665118+0700,103.195.142.74,118.98.44.20,60379,53,UDP,dns,,604861807887558,wire/pcap,0,0,0,0,0,0.0,0,0,0,none,0,none,0,0,0,no_alert_unknown,no_alert_not_final_benign,-1,dns,port
2025-07-19T23:03:30.665175+0700,103.195.142.74,202.134.0.155,61781,53,UDP,dns,,605105354359470,wire/pcap,0,0,0,0,0,0.0,0,0,0,none,0,none,0,0,0,no_alert_unknown,no_alert_not_final_benign,-1,dns,port
2025-07-19T23:03:30.687241+0700,103.195.142.165,87.98.154.41,53,8750,UDP,flow,failed,687279812846362,,1,1,0,1437,0,0.0,1,1437,0,none,0,none,0,0,0,no_alert_unknown,no_alert_not_final_benign,-1,dns,port
2025-07-19T23:03:30.713306+0700,103.195.142.74,118.98.44.20,31235,53,UDP,dns,,811828917540369,wire/pcap,0,0,0,0,0,0.0,0,0,0,none,0,none,0,0,0,no_alert_unknown,no_alert_not_final_benign,-1,dns,port
2025-07-19T23:03:30.714902+0700,103.195.142.74,118.98.44.50,8110,53,UDP,dns,,818683335616636,wire/pcap,0,0,0,0,0,0.0,0,0,0,none,0,none,0,0,0,no_alert_unknown,no_alert_not_final_benign,-1,dns,port
2025-07-19T23:03:30.734637+0700,103.195.142.74,202.134.0.155,9074,53,UDP,dns,,621968107048789,wire/pcap,0,0,0,0,0,0.0,0,0,0,none,0,none,0,0,0,no_alert_unknown,no_alert_not_final_benign,-1,dns,port
2025-07-19T23:03:30.770088+0700,103.195.142.74,118.98.44.100,15361,53,UDP,dns,,774230207457180,wire/pcap,0,0,0,0,0,0.0,0,0,0,none,0,none,0,0,0,no_alert_unknown,no_alert_not_final_benign,-1,dns,port
2025-07-19T23:03:30.784512+0700,103.195.142.74,118.98.44.20,9434,53,UDP,dns,,836179645978840,wire/pcap,0,0,0,0,0,0.0,0,0,0,none,0,none,0,0,0,no_alert_unknown,no_alert_not_final_benign,-1,dns,port
2025-07-19T23:03:30.785463+0700,103.195.142.75,8.8.8.8,9672,53,UDP,dns,,840263112609654,wire/pcap,0,0,0,0,0,0.0,0,0,0,none,0,none,0,0,0,no_alert_unknown,no_alert_not_final_benign,-1,dns,port
2025-07-19T23:03:30.806535+0700,103.195.142.196,87.98.154.233,53,63224,UDP,flow,failed,297577836536128,,1,3,0,4311,0,10.0,3,4311,0,none,0,none,0,0,0,no_alert_unknown,no_alert_not_final_benign,-1,dns,port
2025-07-19T23:03:30.835487+0700,103.195.142.74,118.98.44.50,28268,53,UDP,dns,,773640451051643,wire/pcap,0,0,0,0,0,0.0,0,0,0,none,0,none,0,0,0,no_alert_unknown,no_alert_not_final_benign,-1,dns,port
2025-07-19T23:03:30.843461+0700,103.195.142.74,118.98.44.100,61166,53,UDP,dns,,807888795486943,wire/pcap,0,0,0,0,0,0.0,0,0,0,none,0,none,0,0,0,no_alert_unknown,no_alert_not_final_benign,-1,dns,port
2025-07-19T23:03:30.844749+0700,103.195.142.74,118.98.44.50,61763,53,UDP,dns,,813419975379372,wire/pcap,0,0,0,0,0,0.0,0,0,0,none,0,none,0,0,0,no_alert_unknown,no_alert_not_final_benign,-1,dns,port
2025-07-19T23:03:30.857009+0700,103.195.142.74,50.28.32.153,11568,53,UDP,dns,,584602440667237,wire/pcap,0,0,0,0,0,0.0,0,0,0,none,0,none,0,0,0,no_alert_unknown,no_alert_not_final_benign,-1,dns,port
2025-07-19T23:03:30.867879+0700,103.195.142.74,118.98.44.50,13667,53,UDP,dns,,631290459778790,wire/pcap,0,0,0,0,0,0.0,0,0,0,none,0,none,0,0,0,no_alert_unknown,no_alert_not_final_benign,-1,dns,port
2025-07-19T23:03:30.874430+0700,103.195.142.74,118.98.44.100,21687,53,UDP,dns,,659426060029506,wire/pcap,0,0,0,0,0,0.0,0,0,0,none,0,none,0,0,0,no_alert_unknown,no_alert_not_final_benign,-1,dns,port
2025-07-19T23:03:30.898373+0700,103.195.142.75,8.8.8.8,57640,53,UDP,dns,,762259227079593,wire/pcap,0,0,0,0,0,0.0,0,0,0,none,0,none,0,0,0,no_alert_unknown,no_alert_not_final_benign,-1,dns,port
2025-07-19T23:03:30.904855+0700,103.195.142.74,118.98.44.20,14327,53,UDP,dns,,790100965654166,wire/pcap,0,0,0,0,0,0.0,0,0,0,none,0,none,0,0,0,no_alert_unknown,no_alert_not_final_benign,-1,dns,port
2025-07-19T23:03:30.909815+0700,103.195.142.74,118.98.44.20,49096,53,UDP,dns,,811401379305008,wire/pcap,0,0,0,0,0,0.0,0,0,0,none,0,none,0,0,0,no_alert_unknown,no_alert_not_final_benign,-1,dns,port
2025-07-19T23:03:30.911492+0700,103.195.142.75,8.8.8.8,38204,53,UDP,dns,,818605172110731,wire/pcap,0,0,0,0,0,0.0,0,0,0,none,0,none,0,0,0,no_alert_unknown,no_alert_not_final_benign,-1,dns,port
2025-07-19T23:03:30.928859+0700,103.195.142.74,202.134.0.155,52358,53,UDP,dns,,611723374692692,wire/pcap,0,0,0,0,0,0.0,0,0,0,none,0,none,0,0,0,no_alert_unknown,no_alert_not_final_benign,-1,dns,port
2025-07-19T23:03:30.929368+0700,103.195.142.108,8.8.8.8,1900,53,UDP,dns,,1216074754602613,wire/pcap,0,0,0,0,0,0.0,0,0,0,none,0,none,0,0,0,no_alert_unknown,no_alert_not_final_benign,-1,dns,port
2025-07-19T23:03:30.943097+0700,103.195.142.74,118.98.44.20,37179,53,UDP,dns,,672871476700133,wire/pcap,0,0,0,0,0,0.0,0,0,0,none,0,none,0,0,0,no_alert_unknown,no_alert_not_final_benign,-1,dns,port
2025-07-19T23:03:30.951196+0700,103.195.142.75,8.8.8.8,55632,53,UDP,dns,,707656206786657,wire/pcap,0,0,0,0,0,0.0,0,0,0,none,0,none,0,0,0,no_alert_unknown,no_alert_not_final_benign,-1,dns,port
2025-07-19T23:03:30.965252+0700,103.195.142.74,202.134.0.155,18446,53,UDP,dns,,768026725788825,wire/pcap,0,0,0,0,0,0.0,0,0,0,none,0,none,0,0,0,no_alert_unknown,no_alert_not_final_benign,-1,dns,port
2025-07-19T23:03:30.971160+0700,103.195.142.74,118.98.44.100,44241,53,UDP,dns,,793401707933569,wire/pcap,0,0,0,0,0,0.0,0,0,0,none,0,none,0,0,0,no_alert_unknown,no_alert_not_final_benign,-1,dns,port
2025-07-19T23:03:30.977826+0700,103.195.142.74,118.98.44.100,37601,53,UDP,dns,,822033707046722,wire/pcap,0,0,0,0,0,0.0,0,0,0,none,0,none,0,0,0,no_alert_unknown,no_alert_not_final_benign,-1,dns,port
2025-07-19T23:03:30.996161+0700,103.195.142.74,118.98.44.50,21926,53,UDP,dns,,619305199973381,wire/pcap,0,0,0,0,0,0.0,0,0,0,none,0,none,0,0,0,no_alert_unknown,no_alert_not_final_benign,-1,dns,port
2025-07-19T23:03:30.999848+0700,103.195.142.74,118.98.44.50,11302,53,UDP,dns,,635140133395778,wire/pcap,0,0,0,0,0,0.0,0,0,0,none,0,none,0,0,0,no_alert_unknown,no_alert_not_final_benign,-1,dns,port
2025-07-19T23:03:31.001300+0700,103.195.142.75,8.8.8.8,6393,53,UDP,dns,,850011533378504,wire/pcap,0,0,0,0,0,0.0,0,0,0,none,0,none,0,0,0,no_alert_unknown,no_alert_not_final_benign,-1,dns,port
2025-07-19T23:03:31.022260+0700,103.195.142.74,118.98.44.50,16245,53,UDP,dns,,106398459098833,wire/pcap,0,0,0,0,0,0.0,0,0,0,none,0,none,0,0,0,no_alert_unknown,no_alert_not_final_benign,-1,dns,port
2025-07-19T23:03:31.061122+0700,103.195.142.75,8.8.8.8,30878,53,UDP,flow,dns,1374100394349860,,1,1,0,80,0,0.0,1,80,0,none,0,none,0,0,0,no_alert_unknown,no_alert_not_final_benign,-1,dns,app_proto+port
2025-07-19T23:03:31.073550+0700,103.195.142.75,208.74.124.194,54806,53,UDP,dns,,878847664574651,wire/pcap,0,0,0,0,0,0.0,0,0,0,none,0,none,0,0,0,no_alert_unknown,no_alert_not_final_benign,-1,dns,port
2025-07-19T23:03:31.076008+0700,103.195.142.165,87.98.154.118,53,7993,UDP,flow,failed,981725012649842,,1,1,0,1437,0,0.0,1,1437,0,none,0,none,0,0,0,no_alert_unknown,no_alert_not_final_benign,-1,dns,port
2025-07-19T23:03:31.088432+0700,103.195.142.196,87.98.154.119,53,21421,UDP,flow,failed,850422974472392,,1,1,0,1437,0,0.0,1,1437,0,none,0,none,0,0,0,no_alert_unknown,no_alert_not_final_benign,-1,dns,port
2025-07-19T23:03:31.103699+0700,103.195.142.74,118.98.44.20,52581,53,UDP,dns,,1008337627584419,wire/pcap,0,0,0,0,0,0.0,0,0,0,none,0,none,0,0,0,no_alert_unknown,no_alert_not_final_benign,-1,dns,port
2025-07-19T23:03:31.187420+0700,103.195.142.74,202.134.0.155,54798,53,UDP,dns,,1086438095534975,wire/pcap,0,0,0,0,0,0.0,0,0,0,none,0,none,0,0,0,no_alert_unknown,no_alert_not_final_benign,-1,dns,port
2025-07-19T23:03:31.188647+0700,103.195.142.75,8.8.8.8,30962,53,UDP,flow,dns,505013558503174,,1,1,0,75,0,0.0,1,75,0,none,0,none,0,0,0,no_alert_unknown,no_alert_not_final_benign,-1,dns,app_proto+port
2025-07-19T23:03:31.196537+0700,103.195.142.75,8.8.8.8,3955,53,UDP,dns,,1125595528935024,wire/pcap,0,0,0,0,0,0.0,0,0,0,none,0,none,0,0,0,no_alert_unknown,no_alert_not_final_benign,-1,dns,port
2025-07-19T23:03:31.207159+0700,103.195.142.74,118.98.44.50,17781,53,UDP,dns,,889741893115653,wire/pcap,0,0,0,0,0,0.0,0,0,0,none,0,none,0,0,0,no_alert_unknown,no_alert_not_final_benign,-1,dns,port
2025-07-19T23:03:31.207252+0700,103.195.142.74,118.98.44.100,44044,53,UDP,dns,,890141252264701,wire/pcap,0,0,0,0,0,0.0,0,0,0,none,0,none,0,0,0,no_alert_unknown,no_alert_not_final_benign,-1,dns,port
2025-07-19T23:03:31.207331+0700,103.195.142.75,8.8.8.8,12407,53,UDP,dns,,890481173072753,wire/pcap,0,0,0,0,0,0.0,0,0,0,none,0,none,0,0,0,no_alert_unknown,no_alert_not_final_benign,-1,dns,port
2025-07-19T23:03:31.222128+0700,103.195.142.74,118.98.44.20,17838,53,UDP,dns,,954035306200547,wire/pcap,0,0,0,0,0,0.0,0,0,0,none,0,none,0,0,0,no_alert_unknown,no_alert_not_final_benign,-1,dns,port
2025-07-19T23:03:31.226069+0700,103.195.142.74,118.98.44.50,24859,53,UDP,dns,,970960060643786,wire/pcap,0,0,0,0,0,0.0,0,0,0,none,0,none,0,0,0,no_alert_unknown,no_alert_not_final_benign,-1,dns,port
2025-07-19T23:03:31.237027+0700,103.195.142.74,118.98.44.50,41610,53,UDP,dns,,1018024364508519,wire/pcap,0,0,0,0,0,0.0,0,0,0,none,0,none,0,0,0,no_alert_unknown,no_alert_not_final_benign,-1,dns,port
2025-07-19T23:03:31.238838+0700,103.195.142.2,45.141.215.21,53,9690,UDP,flow,failed,1376077733278432,,1,1,0,201,0,0.0,1,201,0,none,0,none,0,0,0,no_alert_unknown,no_alert_not_final_benign,-1,dns,port
2025-07-19T23:03:31.244191+0700,103.195.142.74,118.98.44.50,23113,53,UDP,dns,,1048795514216410,wire/pcap,0,0,0,0,0,0.0,0,0,0,none,0,none,0,0,0,no_alert_unknown,no_alert_not_final_benign,-1,dns,port
2025-07-19T23:03:31.253152+0700,103.195.142.75,8.8.8.8,27507,53,UDP,dns,,1087279822854807,wire/pcap,0,0,0,0,0,0.0,0,0,0,none,0,none,0,0,0,no_alert_unknown,no_alert_not_final_benign,-1,dns,port
2025-07-19T23:03:31.259026+0700,103.195.142.3,180.241.233.122,53,48482,UDP,flow,failed,1273622379206451,,1,1,0,174,0,0.0,1,174,0,none,0,none,0,0,0,no_alert_unknown,no_alert_not_final_benign,-1,dns,port
2025-07-19T23:03:31.279455+0700,103.195.142.74,118.98.44.100,4822,53,UDP,dns,,918778156588866,wire/pcap,0,0,0,0,0,0.0,0,0,0,none,0,none,0,0,0,no_alert_unknown,no_alert_not_final_benign,-1,dns,port
2025-07-19T23:03:31.287963+0700,103.195.142.74,118.98.44.50,22231,53,UDP,dns,,955319023855063,wire/pcap,0,0,0,0,0,0.0,0,0,0,none,0,none,0,0,0,no_alert_unknown,no_alert_not_final_benign,-1,dns,port
2025-07-19T23:03:31.297395+0700,103.195.142.74,118.98.44.20,48294,53,UDP,dns,,995827077969361,wire/pcap,0,0,0,0,0,0.0,0,0,0,none,0,none,0,0,0,no_alert_unknown,no_alert_not_final_benign,-1,dns,port
2025-07-19T23:03:31.297486+0700,103.195.142.74,118.98.44.20,30310,53,UDP,dns,,996220475652052,wire/pcap,0,0,0,0,0,0.0,0,0,0,none,0,none,0,0,0,no_alert_unknown,no_alert_not_final_benign,-1,dns,port
2025-07-19T23:03:31.305861+0700,103.195.142.74,118.98.44.50,34328,53,UDP,dns,,1032188988001188,wire/pcap,0,0,0,0,0,0.0,0,0,0,none,0,none,0,0,0,no_alert_unknown,no_alert_not_final_benign,-1,dns,port
2025-07-19T23:03:31.317576+0700,103.195.142.74,118.98.44.20,64926,53,UDP,dns,,1082507202397376,wire/pcap,0,0,0,0,0,0.0,0,0,0,none,0,none,0,0,0,no_alert_unknown,no_alert_not_final_benign,-1,dns,port
2025-07-19T23:03:31.317580+0700,103.195.142.74,118.98.44.100,5484,53,UDP,dns,,1082523245467834,wire/pcap,0,0,0,0,0,0.0,0,0,0,none,0,none,0,0,0,no_alert_unknown,no_alert_not_final_benign,-1,dns,port
2025-07-19T23:03:31.318814+0700,103.195.142.74,118.98.44.100,1371,53,UDP,dns,,1087821676314083,wire/pcap,0,0,0,0,0,0.0,0,0,0,none,0,none,0,0,0,no_alert_unknown,no_alert_not_final_benign,-1,dns,port
2025-07-19T23:03:31.318876+0700,103.195.142.74,118.98.44.100,50932,53,UDP,dns,,1088088107770800,wire/pcap,0,0,0,0,0,0.0,0,0,0,none,0,none,0,0,0,no_alert_unknown,no_alert_not_final_benign,-1,dns,port
2025-07-19T23:03:31.340306+0700,103.195.142.74,118.98.44.50,1165,53,UDP,dns,,898653976648347,wire/pcap,0,0,0,0,0,0.0,0,0,0,none,0,none,0,0,0,no_alert_unknown,no_alert_not_final_benign,-1,dns,port
2025-07-19T23:03:31.342036+0700,103.195.142.74,202.134.0.155,5506,53,UDP,dns,,906085247717679,wire/pcap,0,0,0,0,0,0.0,0,0,0,none,0,none,0,0,0,no_alert_unknown,no_alert_not_final_benign,-1,dns,port
2025-07-19T23:03:31.357612+0700,103.195.142.75,8.8.8.8,22829,53,UDP,dns,,972985990551238,wire/pcap,0,0,0,0,0,0.0,0,0,0,none,0,none,0,0,0,no_alert_unknown,no_alert_not_final_benign,-1,dns,port
2025-07-19T23:03:31.364572+0700,103.195.142.74,118.98.44.20,29436,53,UDP,dns,,1002879006842205,wire/pcap,0,0,0,0,0,0.0,0,0,0,none,0,none,0,0,0,no_alert_unknown,no_alert_not_final_benign,-1,dns,port
2025-07-19T23:03:31.364665+0700,103.195.142.74,118.98.44.50,42425,53,UDP,dns,,1003274857204490,wire/pcap,0,0,0,0,0,0.0,0,0,0,none,0,none,0,0,0,no_alert_unknown,no_alert_not_final_benign,-1,dns,port
2025-07-19T23:03:31.367985+0700,103.195.142.76,87.98.154.226,53,9598,UDP,flow,failed,1366964271343352,,1,1,0,1469,0,0.0,1,1469,0,none,0,none,0,0,0,no_alert_unknown,no_alert_not_final_benign,-1,dns,port
2025-07-19T23:03:31.378661+0700,103.195.142.74,118.98.44.50,30539,53,UDP,dns,,1063389038848259,wire/pcap,0,0,0,0,0,0.0,0,0,0,none,0,none,0,0,0,no_alert_unknown,no_alert_not_final_benign,-1,dns,port
2025-07-19T23:03:31.388717+0700,103.195.142.75,8.8.8.8,59281,53,UDP,dns,,1106580238259026,wire/pcap,0,0,0,0,0,0.0,0,0,0,none,0,none,0,0,0,no_alert_unknown,no_alert_not_final_benign,-1,dns,port
2025-07-19T23:03:31.404768+0700,103.195.142.74,118.98.44.100,30562,53,UDP,dns,,894042901832418,wire/pcap,0,0,0,0,0,0.0,0,0,0,none,0,none,0,0,0,no_alert_unknown,no_alert_not_final_benign,-1,dns,port
2025-07-19T23:03:31.407979+0700,103.195.142.74,118.98.44.20,48588,53,UDP,dns,,907834972383903,wire/pcap,0,0,0,0,0,0.0,0,0,0,none,0,none,0,0,0,no_alert_unknown,no_alert_not_final_benign,-1,dns,port
2025-07-19T23:03:31.429443+0700,103.195.142.74,118.98.44.100,14608,53,UDP,dns,,1000020444955152,wire/pcap,0,0,0,0,0,0.0,0,0,0,none,0,none,0,0,0,no_alert_unknown,no_alert_not_final_benign,-1,dns,port
2025-07-19T23:03:31.429424+0700,103.195.142.74,202.134.0.155,29459,53,UDP,dns,,999938930315985,wire/pcap,0,0,0,0,0,0.0,0,0,0,none,0,none,0,0,0,no_alert_unknown,no_alert_not_final_benign,-1,dns,port
2025-07-19T23:03:31.494614+0700,103.195.142.74,118.98.44.50,33664,53,UDP,dns,,998451810333636,wire/pcap,0,0,0,0,0,0.0,0,0,0,none,0,none,0,0,0,no_alert_unknown,no_alert_not_final_benign,-1,dns,port
2025-07-19T23:03:31.588282+0700,103.195.142.74,118.98.44.20,28127,53,UDP,dns,,1119279332018087,wire/pcap,0,0,0,0,0,0.0,0,0,0,none,0,none,0,0,0,no_alert_unknown,no_alert_not_final_benign,-1,dns,port
2025-07-19T23:03:31.588608+0700,103.195.142.74,118.98.44.20,40901,53,UDP,dns,,1120680224778843,wire/pcap,0,0,0,0,0,0.0,0,0,0,none,0,none,0,0,0,no_alert_unknown,no_alert_not_final_benign,-1,dns,port
2025-07-19T23:03:31.593933+0700,103.195.142.74,118.98.44.50,26715,53,UDP,dns,,862074071907151,wire/pcap,0,0,0,0,0,0.0,0,0,0,none,0,none,0,0,0,no_alert_unknown,no_alert_not_final_benign,-1,dns,port
2025-07-19T23:03:31.607773+0700,103.195.142.74,118.98.44.50,46644,53,UDP,dns,,921518432135933,wire/pcap,0,0,0,0,0,0.0,0,0,0,none,0,none,0,0,0,no_alert_unknown,no_alert_not_final_benign,-1,dns,port
2025-07-19T23:03:31.616413+0700,103.195.142.195,87.98.154.60,53,59648,UDP,flow,failed,861707510328542,,1,1,0,1437,0,0.0,1,1437,0,none,0,none,0,0,0,no_alert_unknown,no_alert_not_final_benign,-1,dns,port
2025-07-19T23:03:31.616527+0700,103.195.142.46,87.98.154.119,53,40757,UDP,flow,failed,2232079058775262,,1,1,0,1437,0,0.0,1,1437,0,none,0,none,0,0,0,no_alert_unknown,no_alert_not_final_benign,-1,dns,port
2025-07-19T23:03:31.616555+0700,103.195.142.46,87.98.154.223,53,15971,UDP,flow,failed,1918487652314347,,1,3,0,4311,0,10.0,3,4311,0,none,0,none,0,0,0,no_alert_unknown,no_alert_not_final_benign,-1,dns,port
2025-07-19T23:03:31.616575+0700,103.195.142.74,118.98.44.50,28252,53,UDP,flow,dns,500049126468844,,1,1,0,73,0,0.0,1,73,0,none,0,none,0,0,0,no_alert_unknown,no_alert_not_final_benign,-1,dns,app_proto+port
2025-07-19T23:03:31.616598+0700,103.195.142.109,87.98.154.119,53,57408,UDP,flow,failed,1799893897162001,,1,1,0,1437,0,0.0,1,1437,0,none,0,none,0,0,0,no_alert_unknown,no_alert_not_final_benign,-1,dns,port
2025-07-19T23:03:31.616618+0700,103.195.142.3,51.178.111.233,53,19331,UDP,flow,failed,1027337444830509,,1,1,0,154,0,0.0,1,154,0,none,0,none,0,0,0,no_alert_unknown,no_alert_not_final_benign,-1,dns,port
2025-07-19T23:03:31.616666+0700,103.195.142.109,87.98.154.221,53,64077,UDP,flow,failed,1471839552056745,,1,3,0,4311,0,10.0,3,4311,0,none,0,none,0,0,0,no_alert_unknown,no_alert_not_final_benign,-1,dns,port
2025-07-19T23:03:31.616724+0700,103.195.142.46,87.98.154.117,53,8640,UDP,flow,failed,417766786510272,,1,1,0,1437,0,0.0,1,1437,0,none,0,none,0,0,0,no_alert_unknown,no_alert_not_final_benign,-1,dns,port
2025-07-19T23:03:31.616766+0700,103.195.142.196,87.98.154.233,53,10765,UDP,flow,failed,473958635122131,,1,1,0,1437,0,0.0,1,1437,0,none,0,none,0,0,0,no_alert_unknown,no_alert_not_final_benign,-1,dns,port
2025-07-19T23:03:31.616785+0700,103.195.142.2,65.154.226.165,53,54535,UDP,flow,failed,2035324454350311,,1,1,0,182,0,0.0,1,182,0,none,0,none,0,0,0,no_alert_unknown,no_alert_not_final_benign,-1,dns,port
2025-07-19T23:03:31.616804+0700,103.195.142.76,87.98.154.118,53,4613,UDP,flow,failed,296147151269432,,1,1,0,1469,0,0.0,1,1469,0,none,0,none,0,0,0,no_alert_unknown,no_alert_not_final_benign,-1,dns,port
2025-07-19T23:03:31.616852+0700,103.195.142.196,87.98.154.1,53,50780,UDP,flow,failed,1913796120063575,,1,1,0,1437,0,0.0,1,1437,0,none,0,none,0,0,0,no_alert_unknown,no_alert_not_final_benign,-1,dns,port
2025-07-19T23:03:31.616871+0700,103.195.142.2,172.70.116.71,53,64156,UDP,flow,failed,1993061378272859,,1,1,0,202,0,0.0,1,202,0,none,0,none,0,0,0,no_alert_unknown,no_alert_not_final_benign,-1,dns,port
2025-07-19T23:03:31.616890+0700,103.195.142.195,87.98.154.68,53,53296,UDP,flow,failed,699115068042848,,1,1,0,1437,0,0.0,1,1437,0,none,0,none,0,0,0,no_alert_unknown,no_alert_not_final_benign,-1,dns,port
2025-07-19T23:03:31.616931+0700,103.195.142.74,118.98.44.100,16529,53,UDP,flow,dns,1857854221889158,,1,1,0,77,0,0.0,1,77,0,none,0,none,0,0,0,no_alert_unknown,no_alert_not_final_benign,-1,dns,app_proto+port
2025-07-19T23:03:31.616952+0700,103.195.142.109,87.98.154.117,53,9999,UDP,flow,failed,379885210087056,,1,1,0,1437,0,0.0,1,1437,0,none,0,none,0,0,0,no_alert_unknown,no_alert_not_final_benign,-1,dns,port
2025-07-19T23:03:31.616973+0700,103.195.142.195,87.98.154.119,53,15051,UDP,flow,failed,312416203878057,,1,1,0,1437,0,0.0,1,1437,0,none,0,none,0,0,0,no_alert_unknown,no_alert_not_final_benign,-1,dns,port
2025-07-19T23:03:31.616991+0700,103.195.142.74,118.98.44.100,39167,53,UDP,flow,dns,1851217061326573,,1,1,0,74,0,0.0,1,74,0,none,0,none,0,0,0,no_alert_unknown,no_alert_not_final_benign,-1,dns,app_proto+port
2025-07-19T23:03:31.617062+0700,103.195.142.83,87.98.154.166,53,2024,UDP,flow,failed,113173207232249,,1,1,0,1190,0,0.0,1,1190,0,none,0,none,0,0,0,no_alert_unknown,no_alert_not_final_benign,-1,dns,port
2025-07-19T23:03:31.617188+0700,103.195.142.83,87.98.154.222,53,52840,UDP,flow,failed,918028047527831,,1,1,0,1190,0,0.0,1,1190,0,none,0,none,0,0,0,no_alert_unknown,no_alert_not_final_benign,-1,dns,port
2025-07-19T23:03:31.617208+0700,103.195.142.74,118.98.44.100,17856,53,UDP,flow,dns,1065412806356900,,1,1,0,68,0,0.0,1,68,0,none,0,none,0,0,0,no_alert_unknown,no_alert_not_final_benign,-1,dns,app_proto+port
2025-07-19T23:03:31.617228+0700,103.195.142.109,87.98.154.157,53,9958,UDP,flow,failed,101480788176811,,1,1,0,1437,0,0.0,1,1437,0,none,0,none,0,0,0,no_alert_unknown,no_alert_not_final_benign,-1,dns,port
2025-07-19T23:03:31.617247+0700,103.195.142.165,87.98.154.119,53,52579,UDP,flow,failed,305905153585147,,1,1,0,1437,0,0.0,1,1437,0,none,0,none,0,0,0,no_alert_unknown,no_alert_not_final_benign,-1,dns,port
2025-07-19T23:03:31.617266+0700,103.195.142.74,202.134.0.155,26236,53,UDP,flow,dns,775311436787732,,1,1,0,68,0,0.0,1,68,0,none,0,none,0,0,0,no_alert_unknown,no_alert_not_final_benign,-1,dns,app_proto+port
2025-07-19T23:03:31.617294+0700,103.195.142.196,87.98.154.145,53,64509,UDP,flow,failed,564008032972829,,1,1,0,1437,0,0.0,1,1437,0,none,0,none,0,0,0,no_alert_unknown,no_alert_not_final_benign,-1,dns,port
2025-07-19T23:03:31.617314+0700,103.195.142.165,87.98.154.119,53,10813,UDP,flow,failed,363890955038810,,1,1,0,1437,0,0.0,1,1437,0,none,0,none,0,0,0,no_alert_unknown,no_alert_not_final_benign,-1,dns,port
2025-07-19T23:03:31.617333+0700,103.195.142.76,87.98.154.119,53,50910,UDP,flow,failed,806781266866316,,1,1,0,1469,0,0.0,1,1469,0,none,0,none,0,0,0,no_alert_unknown,no_alert_not_final_benign,-1,dns,port
2025-07-19T23:03:31.617351+0700,103.195.142.195,87.98.154.119,53,9960,UDP,flow,failed,234385712787677,,1,1,0,1437,0,0.0,1,1437,0,none,0,none,0,0,0,no_alert_unknown,no_alert_not_final_benign,-1,dns,port
2025-07-19T23:03:31.617388+0700,103.195.142.83,87.98.154.118,53,5831,UDP,flow,failed,432511600865521,,1,1,0,1190,0,0.0,1,1190,0,none,0,none,0,0,0,no_alert_unknown,no_alert_not_final_benign,-1,dns,port
2025-07-19T23:03:31.617407+0700,103.195.142.74,202.134.0.155,44255,53,UDP,flow,dns,692943068901619,,1,1,0,76,0,0.0,1,76,0,none,0,none,0,0,0,no_alert_unknown,no_alert_not_final_benign,-1,dns,app_proto+port
2025-07-19T23:03:31.617431+0700,103.195.142.74,202.134.0.155,57423,53,UDP,flow,dns,22189579350270,,1,1,0,80,0,0.0,1,80,0,none,0,none,0,0,0,no_alert_unknown,no_alert_not_final_benign,-1,dns,app_proto+port
2025-07-19T23:03:31.617492+0700,103.195.142.108,8.8.8.8,15258,53,UDP,flow,dns,2024503683166546,,1,1,0,68,0,0.0,1,68,0,none,0,none,0,0,0,no_alert_unknown,no_alert_not_final_benign,-1,dns,app_proto+port
2025-07-19T23:03:31.617535+0700,103.195.142.74,118.98.44.50,3944,53,UDP,flow,dns,1722972360979000,,1,1,0,82,0,0.0,1,82,0,none,0,none,0,0,0,no_alert_unknown,no_alert_not_final_benign,-1,dns,app_proto+port
2025-07-19T23:03:31.617586+0700,103.195.142.83,87.98.154.118,53,49448,UDP,flow,failed,1916524022968907,,1,1,0,1190,0,0.0,1,1190,0,none,0,none,0,0,0,no_alert_unknown,no_alert_not_final_benign,-1,dns,port
2025-07-19T23:03:31.617667+0700,103.195.142.109,87.98.154.77,53,3608,UDP,flow,failed,2106917464879812,,1,1,0,1437,0,0.0,1,1437,0,none,0,none,0,0,0,no_alert_unknown,no_alert_not_final_benign,-1,dns,port
2025-07-19T23:03:31.617877+0700,103.195.142.75,8.8.8.8,21807,53,UDP,flow,dns,2200880093639467,,1,1,0,74,0,0.0,1,74,0,none,0,none,0,0,0,no_alert_unknown,no_alert_not_final_benign,-1,dns,app_proto+port
2025-07-19T23:03:31.617941+0700,103.195.142.74,202.134.0.155,33238,53,UDP,flow,dns,485583635329851,,1,1,0,223,0,0.0,1,223,0,none,0,none,0,0,0,no_alert_unknown,no_alert_not_final_benign,-1,dns,app_proto+port
2025-07-19T23:03:31.617965+0700,103.195.142.83,87.98.154.119,53,62781,UDP,flow,failed,434777069695837,,1,1,0,1190,0,0.0,1,1190,0,none,0,none,0,0,0,no_alert_unknown,no_alert_not_final_benign,-1,dns,port
2025-07-19T23:03:31.618014+0700,103.195.142.2,8.0.18.134,53,7492,UDP,flow,failed,908427560792980,,1,1,0,150,0,0.0,1,150,0,none,0,none,0,0,0,no_alert_unknown,no_alert_not_final_benign,-1,dns,port
2025-07-19T23:03:31.618058+0700,103.195.142.76,87.98.154.119,53,17697,UDP,flow,failed,1100713760961582,,1,1,0,1469,0,0.0,1,1469,0,none,0,none,0,0,0,no_alert_unknown,no_alert_not_final_benign,-1,dns,port
2025-07-19T23:03:31.618076+0700,103.195.142.83,87.98.154.194,53,39584,UDP,flow,failed,629363590476849,,1,1,0,1190,0,0.0,1,1190,0,none,0,none,0,0,0,no_alert_unknown,no_alert_not_final_benign,-1,dns,port
2025-07-19T23:03:31.618095+0700,103.195.142.2,208.67.217.182,53,33957,UDP,flow,failed,1759919913940043,,1,1,0,175,0,0.0,1,175,0,none,0,none,0,0,0,no_alert_unknown,no_alert_not_final_benign,-1,dns,port
2025-07-19T23:03:31.618136+0700,103.195.142.3,172.70.116.71,53,62652,UDP,flow,failed,938947608097881,,1,1,0,150,0,0.0,1,150,0,none,0,none,0,0,0,no_alert_unknown,no_alert_not_final_benign,-1,dns,port
2025-07-19T23:03:31.618157+0700,103.195.142.83,87.98.154.119,53,5832,UDP,flow,failed,861495482102925,,1,1,0,1190,0,0.0,1,1190,0,none,0,none,0,0,0,no_alert_unknown,no_alert_not_final_benign,-1,dns,port
2025-07-19T23:03:31.618191+0700,103.195.142.83,87.98.154.119,53,15964,UDP,flow,failed,1713137024677035,,1,1,0,1190,0,0.0,1,1190,0,none,0,none,0,0,0,no_alert_unknown,no_alert_not_final_benign,-1,dns,port
2025-07-19T23:03:31.618230+0700,103.195.142.109,87.98.154.81,53,48018,UDP,flow,failed,488703920158001,,1,3,0,4311,0,10.0,3,4311,0,none,0,none,0,0,0,no_alert_unknown,no_alert_not_final_benign,-1,dns,port
2025-07-19T23:03:31.618281+0700,103.195.142.83,87.98.154.82,53,3827,UDP,flow,failed,602043467412800,,1,3,0,3570,0,9.0,3,3570,0,none,0,none,0,0,0,no_alert_unknown,no_alert_not_final_benign,-1,dns,port
2025-07-19T23:03:31.618303+0700,103.195.142.83,87.98.154.119,53,32049,UDP,flow,failed,373305177781594,,1,1,0,1190,0,0.0,1,1190,0,none,0,none,0,0,0,no_alert_unknown,no_alert_not_final_benign,-1,dns,port
2025-07-19T23:03:31.618342+0700,103.195.142.74,118.98.44.50,17859,53,UDP,flow,dns,723565278967181,,1,1,0,79,0,0.0,1,79,0,none,0,none,0,0,0,no_alert_unknown,no_alert_not_final_benign,-1,dns,app_proto+port
2025-07-19T23:03:31.618362+0700,103.195.142.109,87.98.154.21,53,35713,UDP,flow,failed,557612228916653,,1,1,0,1437,0,0.0,1,1437,0,none,0,none,0,0,0,no_alert_unknown,no_alert_not_final_benign,-1,dns,port
2025-07-19T23:03:31.618406+0700,103.195.142.76,87.98.154.190,53,1198,UDP,flow,failed,796259423073818,,1,1,0,1469,0,0.0,1,1469,0,none,0,none,0,0,0,no_alert_unknown,no_alert_not_final_benign,-1,dns,port
2025-07-19T23:03:31.618448+0700,103.195.142.76,87.98.154.119,53,22123,UDP,flow,failed,79414373430878,,1,1,0,1469,0,0.0,1,1469,0,none,0,none,0,0,0,no_alert_unknown,no_alert_not_final_benign,-1,dns,port
2025-07-19T23:03:31.618517+0700,103.195.142.74,118.98.44.50,1528,53,UDP,flow,dns,319622500300455,,1,1,0,83,0,0.0,1,83,0,none,0,none,0,0,0,no_alert_unknown,no_alert_not_final_benign,-1,dns,app_proto+port
2025-07-19T23:03:31.618538+0700,103.195.142.74,118.98.44.20,28741,53,UDP,flow,dns,2121050410497705,,1,1,0,75,0,0.0,1,75,0,none,0,none,0,0,0,no_alert_unknown,no_alert_not_final_benign,-1,dns,app_proto+port
2025-07-19T23:03:31.618581+0700,103.195.142.74,118.98.44.20,45481,53,UDP,flow,dns,1999728269571813,,1,1,0,68,0,0.0,1,68,0,none,0,none,0,0,0,no_alert_unknown,no_alert_not_final_benign,-1,dns,app_proto+port
2025-07-19T23:03:31.618625+0700,103.195.142.196,87.98.154.81,53,16041,UDP,flow,failed,171572557887229,,1,1,0,1437,0,0.0,1,1437,0,none,0,none,0,0,0,no_alert_unknown,no_alert_not_final_benign,-1,dns,port
2025-07-19T23:03:31.618645+0700,103.195.142.76,87.98.154.119,53,53488,UDP,flow,failed,432432428070695,,1,1,0,1469,0,0.0,1,1469,0,none,0,none,0,0,0,no_alert_unknown,no_alert_not_final_benign,-1,dns,port
2025-07-19T23:03:31.618672+0700,103.195.142.109,87.98.154.105,53,51676,UDP,flow,failed,1855853284341544,,1,1,0,1437,0,0.0,1,1437,0,none,0,none,0,0,0,no_alert_unknown,no_alert_not_final_benign,-1,dns,port
2025-07-19T23:03:31.618717+0700,103.195.142.196,87.98.154.29,53,48030,UDP,flow,failed,1950175834584932,,1,1,0,1437,0,0.0,1,1437,0,none,0,none,0,0,0,no_alert_unknown,no_alert_not_final_benign,-1,dns,port
2025-07-19T23:03:31.618742+0700,103.195.142.74,118.98.44.100,3004,53,UDP,flow,dns,463465340909450,,1,1,0,84,0,0.0,1,84,0,none,0,none,0,0,0,no_alert_unknown,no_alert_not_final_benign,-1,dns,app_proto+port
2025-07-19T23:03:31.618762+0700,103.195.142.109,87.98.154.118,53,7172,UDP,flow,failed,369938902267787,,1,1,0,1437,0,0.0,1,1437,0,none,0,none,0,0,0,no_alert_unknown,no_alert_not_final_benign,-1,dns,port
2025-07-19T23:03:31.618781+0700,103.195.142.2,118.98.101.83,53,28930,UDP,flow,failed,2236037198165919,,1,1,0,177,0,0.0,1,177,0,none,0,none,0,0,0,no_alert_unknown,no_alert_not_final_benign,-1,dns,port
2025-07-19T23:03:31.618865+0700,103.195.142.195,87.98.154.208,53,32689,UDP,flow,failed,1908260770985976,,1,1,0,1437,0,0.0,1,1437,0,none,0,none,0,0,0,no_alert_unknown,no_alert_not_final_benign,-1,dns,port
2025-07-19T23:03:31.618889+0700,103.195.142.74,202.134.0.155,44963,53,UDP,flow,dns,2135444951447558,,1,1,0,78,0,0.0,1,78,0,none,0,none,0,0,0,no_alert_unknown,no_alert_not_final_benign,-1,dns,app_proto+port
2025-07-19T23:03:31.618927+0700,103.195.142.196,87.98.154.137,53,57214,UDP,flow,failed,1940080565139547,,1,1,0,1437,0,0.0,1,1437,0,none,0,none,0,0,0,no_alert_unknown,no_alert_not_final_benign,-1,dns,port
2025-07-19T23:03:31.618982+0700,103.195.142.74,118.98.44.50,14108,53,UDP,flow,dns,1108952085346471,,1,1,0,68,0,0.0,1,68,0,none,0,none,0,0,0,no_alert_unknown,no_alert_not_final_benign,-1,dns,app_proto+port
2025-07-19T23:03:31.619155+0700,103.195.142.75,50.28.32.155,63175,53,UDP,flow,dns,270804597520796,,1,1,0,74,0,0.0,1,74,0,none,0,none,0,0,0,no_alert_unknown,no_alert_not_final_benign,-1,dns,app_proto+port
2025-07-19T23:03:31.619184+0700,103.195.142.196,87.98.154.119,53,51715,UDP,flow,failed,188007512324508,,1,1,0,1437,0,0.0,1,1437,0,none,0,none,0,0,0,no_alert_unknown,no_alert_not_final_benign,-1,dns,port
2025-07-19T23:03:31.619204+0700,103.195.142.76,87.98.154.119,53,32644,UDP,flow,failed,719239896611315,,1,1,0,1469,0,0.0,1,1469,0,none,0,none,0,0,0,no_alert_unknown,no_alert_not_final_benign,-1,dns,port
2025-07-19T23:03:31.619223+0700,103.195.142.76,87.98.154.46,53,42233,UDP,flow,failed,2029259141921300,,1,1,0,1469,0,0.0,1,1469,0,none,0,none,0,0,0,no_alert_unknown,no_alert_not_final_benign,-1,dns,port
2025-07-19T23:03:31.619255+0700,103.195.142.76,87.98.154.218,53,28833,UDP,flow,failed,518279759903331,,1,1,0,1469,0,0.0,1,1469,0,none,0,none,0,0,0,no_alert_unknown,no_alert_not_final_benign,-1,dns,port
2025-07-19T23:03:31.619276+0700,103.195.142.3,208.67.217.182,53,43377,UDP,flow,failed,1977698827418272,,1,1,0,159,0,0.0,1,159,0,none,0,none,0,0,0,no_alert_unknown,no_alert_not_final_benign,-1,dns,port
2025-07-19T23:03:31.619296+0700,103.195.142.74,118.98.44.20,32199,53,UDP,flow,dns,601232165812898,,1,1,0,68,0,0.0,1,68,0,none,0,none,0,0,0,no_alert_unknown,no_alert_not_final_benign,-1,dns,app_proto+port
2025-07-19T23:03:31.619366+0700,103.195.142.46,87.98.154.167,53,56723,UDP,flow,failed,155830297606841,,1,1,0,1437,0,0.0,1,1437,0,none,0,none,0,0,0,no_alert_unknown,no_alert_not_final_benign,-1,dns,port
2025-07-19T23:03:31.619407+0700,103.195.142.109,87.98.154.119,53,45463,UDP,flow,failed,1054864787552982,,1,1,0,1437,0,0.0,1,1437,0,none,0,none,0,0,0,no_alert_unknown,no_alert_not_final_benign,-1,dns,port
2025-07-19T23:03:31.619482+0700,103.195.142.109,87.98.154.119,53,27934,UDP,flow,failed,481836215942126,,1,1,0,1437,0,0.0,1,1437,0,none,0,none,0,0,0,no_alert_unknown,no_alert_not_final_benign,-1,dns,port
2025-07-19T23:03:31.619500+0700,103.195.142.196,87.98.154.119,53,43017,UDP,flow,failed,2154397198433265,,1,1,0,1437,0,0.0,1,1437,0,none,0,none,0,0,0,no_alert_unknown,no_alert_not_final_benign,-1,dns,port
2025-07-19T23:03:31.619540+0700,103.195.142.165,87.98.154.119,53,13214,UDP,flow,failed,161114419346507,,1,1,0,1437,0,0.0,1,1437,0,none,0,none,0,0,0,no_alert_unknown,no_alert_not_final_benign,-1,dns,port
2025-07-19T23:03:31.619563+0700,103.195.142.195,87.98.154.119,53,33375,UDP,flow,failed,218957143915695,,1,1,0,1437,0,0.0,1,1437,0,none,0,none,0,0,0,no_alert_unknown,no_alert_not_final_benign,-1,dns,port
2025-07-19T23:03:31.619600+0700,103.195.142.75,8.8.8.8,37199,53,UDP,flow,dns,987770152271108,,1,1,0,80,0,0.0,1,80,0,none,0,none,0,0,0,no_alert_unknown,no_alert_not_final_benign,-1,dns,app_proto+port
2025-07-19T23:03:31.619621+0700,103.195.142.3,172.70.116.71,53,21291,UDP,flow,failed,876687273540880,,1,1,0,184,0,0.0,1,184,0,none,0,none,0,0,0,no_alert_unknown,no_alert_not_final_benign,-1,dns,port
2025-07-19T23:03:31.619642+0700,103.195.142.2,17.132.66.14,53,49337,UDP,flow,failed,1104071590788401,,1,1,0,209,0,0.0,1,209,0,none,0,none,0,0,0,no_alert_unknown,no_alert_not_final_benign,-1,dns,port
2025-07-19T23:03:31.619689+0700,103.195.142.165,87.98.154.93,53,21223,UDP,flow,failed,2006144525319623,,1,1,0,1437,0,0.0,1,1437,0,none,0,none,0,0,0,no_alert_unknown,no_alert_not_final_benign,-1,dns,port
2025-07-19T23:03:31.619755+0700,103.195.142.74,118.98.44.50,55357,53,UDP,flow,dns,3152543596043,,1,1,0,85,0,0.0,1,85,0,none,0,none,0,0,0,no_alert_unknown,no_alert_not_final_benign,-1,dns,app_proto+port
2025-07-19T23:03:31.619782+0700,103.195.142.74,202.134.0.155,18449,53,UDP,flow,dns,400118934257201,,1,1,0,77,0,0.0,1,77,0,none,0,none,0,0,0,no_alert_unknown,no_alert_not_final_benign,-1,dns,app_proto+port
2025-07-19T23:03:31.619823+0700,103.195.142.83,87.98.154.166,53,43854,UDP,flow,failed,2173086013570684,,1,3,0,3570,0,10.0,3,3570,0,none,0,none,0,0,0,no_alert_unknown,no_alert_not_final_benign,-1,dns,port
2025-07-19T23:03:31.619842+0700,103.195.142.75,8.8.8.8,26158,53,UDP,flow,dns,924413329522302,,1,1,0,223,0,0.0,1,223,0,none,0,none,0,0,0,no_alert_unknown,no_alert_not_final_benign,-1,dns,app_proto+port
2025-07-19T23:03:31.619862+0700,103.195.142.3,3.248.186.163,53,57762,UDP,flow,failed,806073628278420,,1,1,0,184,0,0.0,1,184,0,none,0,none,0,0,0,no_alert_unknown,no_alert_not_final_benign,-1,dns,port
2025-07-19T23:03:31.619880+0700,103.195.142.75,50.116.34.34,27726,53,UDP,flow,dns,412827653488383,,1,1,0,91,0,0.0,1,91,0,none,0,none,0,0,0,no_alert_unknown,no_alert_not_final_benign,-1,dns,app_proto+port
2025-07-19T23:03:31.619920+0700,103.195.142.3,51.38.107.70,53,62839,UDP,flow,failed,999381335850826,,1,1,0,127,0,0.0,1,127,0,none,0,none,0,0,0,no_alert_unknown,no_alert_not_final_benign,-1,dns,port
2025-07-19T23:03:31.619963+0700,103.195.142.74,118.98.44.100,12793,53,UDP,flow,dns,791524803198843,,1,1,0,84,0,0.0,1,84,0,none,0,none,0,0,0,no_alert_unknown,no_alert_not_final_benign,-1,dns,app_proto+port
2025-07-19T23:03:31.620048+0700,103.195.142.2,51.38.107.71,53,33044,UDP,flow,failed,973021588602913,,1,1,0,135,0,0.0,1,135,0,none,0,none,0,0,0,no_alert_unknown,no_alert_not_final_benign,-1,dns,port
2025-07-19T23:03:31.620071+0700,103.195.142.76,87.98.154.119,53,47864,UDP,flow,failed,25663747178623,,1,1,0,1469,0,0.0,1,1469,0,none,0,none,0,0,0,no_alert_unknown,no_alert_not_final_benign,-1,dns,port
2025-07-19T23:03:31.620090+0700,103.195.142.109,87.98.154.165,53,32426,UDP,flow,failed,806440308097234,,1,1,0,1437,0,0.0,1,1437,0,none,0,none,0,0,0,no_alert_unknown,no_alert_not_final_benign,-1,dns,port
2025-07-19T23:03:31.620184+0700,103.195.142.196,87.98.154.1,53,40387,UDP,flow,failed,2165955558097187,,1,1,0,1437,0,0.0,1,1437,0,none,0,none,0,0,0,no_alert_unknown,no_alert_not_final_benign,-1,dns,port
2025-07-19T23:03:31.620203+0700,103.195.142.109,87.98.154.21,53,46337,UDP,flow,failed,2088726444818771,,1,1,0,1437,0,0.0,1,1437,0,none,0,none,0,0,0,no_alert_unknown,no_alert_not_final_benign,-1,dns,port
2025-07-19T23:03:31.620268+0700,103.195.142.165,87.98.154.119,53,33303,UDP,flow,failed,691031971905901,,1,1,0,1437,0,0.0,1,1437,0,none,0,none,0,0,0,no_alert_unknown,no_alert_not_final_benign,-1,dns,port
2025-07-19T23:03:31.620299+0700,103.195.142.165,87.98.154.153,53,14433,UDP,flow,failed,2172237879558528,,1,1,0,1437,0,0.0,1,1437,0,none,0,none,0,0,0,no_alert_unknown,no_alert_not_final_benign,-1,dns,port
2025-07-19T23:03:31.620319+0700,103.195.142.165,87.98.154.9,53,12874,UDP,flow,failed,481437571006851,,1,1,0,1437,0,0.0,1,1437,0,none,0,none,0,0,0,no_alert_unknown,no_alert_not_final_benign,-1,dns,port
2025-07-19T23:03:31.620338+0700,103.195.142.74,202.134.0.155,37569,53,UDP,flow,dns,780882477171117,,1,1,0,101,0,0.0,1,101,0,none,0,none,0,0,0,no_alert_unknown,no_alert_not_final_benign,-1,dns,app_proto+port
2025-07-19T23:03:31.620359+0700,103.195.142.165,87.98.154.119,53,38459,UDP,flow,failed,1975762608374257,,1,1,0,1437,0,0.0,1,1437,0,none,0,none,0,0,0,no_alert_unknown,no_alert_not_final_benign,-1,dns,port
2025-07-19T23:03:31.620378+0700,103.195.142.109,87.98.154.53,53,2191,UDP,flow,failed,732099952951850,,1,1,0,1437,0,0.0,1,1437,0,none,0,none,0,0,0,no_alert_unknown,no_alert_not_final_benign,-1,dns,port
2025-07-19T23:03:31.620402+0700,103.195.142.165,87.98.154.209,53,24587,UDP,flow,failed,724344504828493,,1,1,0,1437,0,0.0,1,1437,0,none,0,none,0,0,0,no_alert_unknown,no_alert_not_final_benign,-1,dns,port
2025-07-19T23:03:31.620463+0700,103.195.142.76,87.98.154.114,53,54236,UDP,flow,failed,960688783672055,,1,1,0,1469,0,0.0,1,1469,0,none,0,none,0,0,0,no_alert_unknown,no_alert_not_final_benign,-1,dns,port
2025-07-19T23:03:31.620481+0700,103.195.142.74,118.98.44.100,26926,53,UDP,flow,dns,278693782274840,,1,1,0,232,0,0.0,1,232,0,none,0,none,0,0,0,no_alert_unknown,no_alert_not_final_benign,-1,dns,app_proto+port
2025-07-19T23:03:31.620524+0700,103.195.142.109,87.98.154.109,53,62794,UDP,flow,failed,341192255914920,,1,1,0,1437,0,0.0,1,1437,0,none,0,none,0,0,0,no_alert_unknown,no_alert_not_final_benign,-1,dns,port
2025-07-19T23:03:31.620564+0700,103.195.142.46,87.98.154.51,53,47231,UDP,flow,failed,295807311725481,,1,1,0,1437,0,0.0,1,1437,0,none,0,none,0,0,0,no_alert_unknown,no_alert_not_final_benign,-1,dns,port
2025-07-19T23:03:31.620612+0700,103.195.142.3,69.171.249.133,53,15503,UDP,flow,failed,2211323428520886,,1,1,0,154,0,0.0,1,154,0,none,0,none,0,0,0,no_alert_unknown,no_alert_not_final_benign,-1,dns,port
2025-07-19T23:03:31.620630+0700,103.195.142.165,87.98.154.119,53,13751,UDP,flow,failed,119482673185825,,1,1,0,1437,0,0.0,1,1437,0,none,0,none,0,0,0,no_alert_unknown,no_alert_not_final_benign,-1,dns,port
2025-07-19T23:03:31.620649+0700,103.195.142.109,87.98.154.119,53,9643,UDP,flow,failed,181204724991017,,1,1,0,1437,0,0.0,1,1437,0,none,0,none,0,0,0,no_alert_unknown,no_alert_not_final_benign,-1,dns,port
2025-07-19T23:03:31.620667+0700,103.195.142.46,87.98.154.195,53,3419,UDP,flow,failed,624088738153552,,1,1,0,1437,0,0.0,1,1437,0,none,0,none,0,0,0,no_alert_unknown,no_alert_not_final_benign,-1,dns,port
2025-07-19T23:03:31.620758+0700,103.195.142.83,87.98.154.119,53,23679,UDP,flow,failed,259757397034115,,1,1,0,1190,0,0.0,1,1190,0,none,0,none,0,0,0,no_alert_unknown,no_alert_not_final_benign,-1,dns,port
2025-07-19T23:03:31.620797+0700,103.195.142.109,87.98.154.165,53,50068,UDP,flow,failed,877631515575641,,1,1,0,1437,0,0.0,1,1437,0,none,0,none,0,0,0,no_alert_unknown,no_alert_not_final_benign,-1,dns,port
2025-07-19T23:03:31.620843+0700,103.195.142.74,202.134.0.155,48066,53,UDP,flow,dns,522669002835412,,1,1,0,80,0,0.0,1,80,0,none,0,none,0,0,0,no_alert_unknown,no_alert_not_final_benign,-1,dns,app_proto+port
2025-07-19T23:03:31.620929+0700,103.195.142.74,118.98.44.50,32332,53,UDP,flow,dns,3621759469171,,1,1,0,223,0,0.0,1,223,0,none,0,none,0,0,0,no_alert_unknown,no_alert_not_final_benign,-1,dns,app_proto+port
2025-07-19T23:03:31.620949+0700,103.195.142.109,87.98.154.213,53,35520,UDP,flow,failed,2138674157176498,,1,1,0,1437,0,0.0,1,1437,0,none,0,none,0,0,0,no_alert_unknown,no_alert_not_final_benign,-1,dns,port
2025-07-19T23:03:31.620967+0700,103.195.142.3,192.178.115.93,53,36393,UDP,flow,failed,170649384371967,,1,1,0,202,0,0.0,1,202,0,none,0,none,0,0,0,no_alert_unknown,no_alert_not_final_benign,-1,dns,port
2025-07-19T23:03:31.620991+0700,103.195.142.74,118.98.44.20,41537,53,UDP,flow,dns,48950656943947,,1,1,0,232,0,0.0,1,232,0,none,0,none,0,0,0,no_alert_unknown,no_alert_not_final_benign,-1,dns,app_proto+port
2025-07-19T23:03:31.621035+0700,103.195.142.196,87.98.154.145,53,30815,UDP,flow,failed,557590444427194,,1,1,0,1437,0,0.0,1,1437,0,none,0,none,0,0,0,no_alert_unknown,no_alert_not_final_benign,-1,dns,port
2025-07-19T23:03:31.621139+0700,103.195.142.76,87.98.154.119,53,43583,UDP,flow,failed,706343707658380,,1,1,0,1469,0,0.0,1,1469,0,none,0,none,0,0,0,no_alert_unknown,no_alert_not_final_benign,-1,dns,port
2025-07-19T23:03:31.621276+0700,103.195.142.74,118.98.44.50,55590,53,UDP,flow,dns,1999424943016219,,1,1,0,77,0,0.0,1,77,0,none,0,none,0,0,0,no_alert_unknown,no_alert_not_final_benign,-1,dns,app_proto+port
2025-07-19T23:03:31.621396+0700,103.195.142.46,87.98.154.119,53,35679,UDP,flow,failed,1016725770914271,,1,1,0,1437,0,0.0,1,1437,0,none,0,none,0,0,0,no_alert_unknown,no_alert_not_final_benign,-1,dns,port
2025-07-19T23:03:31.621439+0700,103.195.142.2,172.70.116.71,53,13434,UDP,flow,failed,931301532355098,,1,1,0,193,0,0.0,1,193,0,none,0,none,0,0,0,no_alert_unknown,no_alert_not_final_benign,-1,dns,port
2025-07-19T23:03:31.621457+0700,103.195.142.83,87.98.154.119,53,2194,UDP,flow,failed,797497564711482,,1,1,0,1190,0,0.0,1,1190,0,none,0,none,0,0,0,no_alert_unknown,no_alert_not_final_benign,-1,dns,port
2025-07-19T23:03:31.621498+0700,103.195.142.76,87.98.154.54,53,37419,UDP,flow,failed,889284474358599,,1,1,0,1469,0,0.0,1,1469,0,none,0,none,0,0,0,no_alert_unknown,no_alert_not_final_benign,-1,dns,port
2025-07-19T23:03:31.621561+0700,103.195.142.74,118.98.44.100,4037,53,UDP,flow,dns,2125710912900111,,1,1,0,89,0,0.0,1,89,0,none,0,none,0,0,0,no_alert_unknown,no_alert_not_final_benign,-1,dns,app_proto+port
2025-07-19T23:03:31.621624+0700,103.195.142.74,118.98.44.20,14771,53,UDP,flow,dns,791430813830245,,1,1,0,77,0,0.0,1,77,0,none,0,none,0,0,0,no_alert_unknown,no_alert_not_final_benign,-1,dns,app_proto+port
2025-07-19T23:03:31.621707+0700,103.195.142.196,87.98.154.119,53,47816,UDP,flow,failed,297021452438771,,1,1,0,1437,0,0.0,1,1437,0,none,0,none,0,0,0,no_alert_unknown,no_alert_not_final_benign,-1,dns,port
2025-07-19T23:03:31.621726+0700,103.195.142.109,87.98.154.21,53,63116,UDP,flow,failed,30842734300451,,1,1,0,1437,0,0.0,1,1437,0,none,0,none,0,0,0,no_alert_unknown,no_alert_not_final_benign,-1,dns,port
2025-07-19T23:03:31.621765+0700,103.195.142.46,87.98.154.119,53,4349,UDP,flow,failed,2115508932365669,,1,1,0,1437,0,0.0,1,1437,0,none,0,none,0,0,0,no_alert_unknown,no_alert_not_final_benign,-1,dns,port
2025-07-19T23:03:31.621783+0700,103.195.142.46,87.98.154.117,53,55317,UDP,flow,failed,109659045154249,,1,1,0,1437,0,0.0,1,1437,0,none,0,none,0,0,0,no_alert_unknown,no_alert_not_final_benign,-1,dns,port
2025-07-19T23:03:31.621814+0700,103.195.142.195,87.98.154.119,53,29087,UDP,flow,failed,690755828698576,,1,1,0,1437,0,0.0,1,1437,0,none,0,none,0,0,0,no_alert_unknown,no_alert_not_final_benign,-1,dns,port
2025-07-19T23:03:31.621841+0700,103.195.142.196,87.98.154.205,53,22437,UDP,flow,failed,829916536622593,,1,1,0,1437,0,0.0,1,1437,0,none,0,none,0,0,0,no_alert_unknown,no_alert_not_final_benign,-1,dns,port
2025-07-19T23:03:31.621868+0700,103.195.142.83,87.98.154.238,53,21991,UDP,flow,failed,232014086196766,,1,1,0,1190,0,0.0,1,1190,0,none,0,none,0,0,0,no_alert_unknown,no_alert_not_final_benign,-1,dns,port
2025-07-19T23:03:31.621890+0700,103.195.142.109,87.98.154.77,53,55732,UDP,flow,failed,2042435667545660,,1,1,0,1437,0,0.0,1,1437,0,none,0,none,0,0,0,no_alert_unknown,no_alert_not_final_benign,-1,dns,port
2025-07-19T23:03:31.621909+0700,103.195.142.109,87.98.154.101,53,55659,UDP,flow,failed,638164549684824,,1,1,0,1437,0,0.0,1,1437,0,none,0,none,0,0,0,no_alert_unknown,no_alert_not_final_benign,-1,dns,port
2025-07-19T23:03:31.621927+0700,103.195.142.74,118.98.44.20,11301,53,UDP,flow,dns,521900268899950,,1,1,0,74,0,0.0,1,74,0,none,0,none,0,0,0,no_alert_unknown,no_alert_not_final_benign,-1,dns,app_proto+port
2025-07-19T23:03:31.621970+0700,103.195.142.165,87.98.154.117,53,53830,UDP,flow,failed,296068067151629,,1,1,0,1437,0,0.0,1,1437,0,none,0,none,0,0,0,no_alert_unknown,no_alert_not_final_benign,-1,dns,port
2025-07-19T23:03:31.621995+0700,103.195.142.165,87.98.154.209,53,7248,UDP,flow,failed,498696180715284,,1,1,0,1437,0,0.0,1,1437,0,none,0,none,0,0,0,no_alert_unknown,no_alert_not_final_benign,-1,dns,port
2025-07-19T23:03:31.622151+0700,103.195.142.74,118.98.44.20,55876,53,UDP,flow,dns,865989301620719,,1,1,0,88,0,0.0,1,88,0,none,0,none,0,0,0,no_alert_unknown,no_alert_not_final_benign,-1,dns,app_proto+port
2025-07-19T23:03:31.622176+0700,103.195.142.74,202.134.0.155,58256,53,UDP,flow,dns,613355787636736,,1,1,0,79,0,0.0,1,79,0,none,0,none,0,0,0,no_alert_unknown,no_alert_not_final_benign,-1,dns,app_proto+port
2025-07-19T23:03:31.622197+0700,103.195.142.109,87.98.154.249,53,44018,UDP,flow,failed,773958382440464,,1,1,0,1437,0,0.0,1,1437,0,none,0,none,0,0,0,no_alert_unknown,no_alert_not_final_benign,-1,dns,port
2025-07-19T23:03:31.622215+0700,103.195.142.83,87.98.154.119,53,14353,UDP,flow,failed,751392038899732,,1,1,0,1190,0,0.0,1,1190,0,none,0,none,0,0,0,no_alert_unknown,no_alert_not_final_benign,-1,dns,port
2025-07-19T23:03:31.622234+0700,103.195.142.196,87.98.154.119,53,50443,UDP,flow,failed,515370130919444,,1,1,0,1437,0,0.0,1,1437,0,none,0,none,0,0,0,no_alert_unknown,no_alert_not_final_benign,-1,dns,port
2025-07-19T23:03:31.622252+0700,103.195.142.196,87.98.154.145,53,33321,UDP,flow,failed,294060119019611,,1,1,0,1437,0,0.0,1,1437,0,none,0,none,0,0,0,no_alert_unknown,no_alert_not_final_benign,-1,dns,port
2025-07-19T23:03:31.622270+0700,103.195.142.74,202.134.0.155,16566,53,UDP,flow,dns,2024877645025403,,1,1,0,77,0,0.0,1,77,0,none,0,none,0,0,0,no_alert_unknown,no_alert_not_final_benign,-1,dns,app_proto+port
2025-07-19T23:03:31.622290+0700,103.195.142.74,118.98.44.50,37735,53,UDP,flow,dns,2118830423920832,,1,1,0,75,0,0.0,1,75,0,none,0,none,0,0,0,no_alert_unknown,no_alert_not_final_benign,-1,dns,app_proto+port
2025-07-19T23:03:31.622310+0700,103.195.142.83,87.98.154.119,53,45675,UDP,flow,failed,41136578941143,,1,1,0,1190,0,0.0,1,1190,0,none,0,none,0,0,0,no_alert_unknown,no_alert_not_final_benign,-1,dns,port
2025-07-19T23:03:31.622333+0700,103.195.142.196,87.98.154.119,53,42316,UDP,flow,failed,939936287150310,,1,1,0,1437,0,0.0,1,1437,0,none,0,none,0,0,0,no_alert_unknown,no_alert_not_final_benign,-1,dns,port
2025-07-19T23:03:31.622352+0700,103.195.142.109,87.98.154.109,53,45540,UDP,flow,failed,181772753424645,,1,3,0,4311,0,10.0,3,4311,0,none,0,none,0,0,0,no_alert_unknown,no_alert_not_final_benign,-1,dns,port
2025-07-19T23:03:31.622370+0700,103.195.142.83,87.98.154.78,53,7837,UDP,flow,failed,2200272173519206,,1,1,0,1190,0,0.0,1,1190,0,none,0,none,0,0,0,no_alert_unknown,no_alert_not_final_benign,-1,dns,port
2025-07-19T23:03:31.622428+0700,103.195.142.195,87.98.154.117,53,36503,UDP,flow,failed,124121952997761,,1,1,0,1437,0,0.0,1,1437,0,none,0,none,0,0,0,no_alert_unknown,no_alert_not_final_benign,-1,dns,port
2025-07-19T23:03:31.622446+0700,103.195.142.74,118.98.44.20,51918,53,UDP,flow,dns,2049991192793477,,1,1,0,68,0,0.0,1,68,0,none,0,none,0,0,0,no_alert_unknown,no_alert_not_final_benign,-1,dns,app_proto+port
2025-07-19T23:03:31.622513+0700,103.195.142.46,87.98.154.51,53,45538,UDP,flow,failed,2187574469185939,,1,1,0,1437,0,0.0,1,1437,0,none,0,none,0,0,0,no_alert_unknown,no_alert_not_final_benign,-1,dns,port
2025-07-19T23:03:31.622596+0700,103.195.142.46,87.98.154.107,53,23451,UDP,flow,failed,1995336065339874,,1,1,0,1437,0,0.0,1,1437,0,none,0,none,0,0,0,no_alert_unknown,no_alert_not_final_benign,-1,dns,port
2025-07-19T23:03:31.622666+0700,103.195.142.165,87.98.154.237,53,63834,UDP,flow,failed,256490626273881,,1,1,0,1437,0,0.0,1,1437,0,none,0,none,0,0,0,no_alert_unknown,no_alert_not_final_benign,-1,dns,port
2025-07-19T23:03:31.622684+0700,103.195.142.165,87.98.154.117,53,26301,UDP,flow,failed,619706859311714,,1,1,0,1437,0,0.0,1,1437,0,none,0,none,0,0,0,no_alert_unknown,no_alert_not_final_benign,-1,dns,port
2025-07-19T23:03:31.622741+0700,103.195.142.165,87.98.154.61,53,31965,UDP,flow,failed,1030303791305353,,1,1,0,1437,0,0.0,1,1437,0,none,0,none,0,0,0,no_alert_unknown,no_alert_not_final_benign,-1,dns,port
2025-07-19T23:03:31.622765+0700,103.195.142.74,118.98.44.20,10545,53,UDP,flow,dns,130455820423839,,1,1,0,223,0,0.0,1,223,0,none,0,none,0,0,0,no_alert_unknown,no_alert_not_final_benign,-1,dns,app_proto+port
2025-07-19T23:03:31.622786+0700,103.195.142.75,8.8.8.8,44515,53,UDP,flow,dns,2213241022239400,,1,1,0,68,0,0.0,1,68,0,none,0,none,0,0,0,no_alert_unknown,no_alert_not_final_benign,-1,dns,app_proto+port
2025-07-19T23:03:31.622806+0700,103.195.142.74,118.98.44.100,22315,53,UDP,flow,dns,2124503552938684,,1,1,0,89,0,0.0,1,89,0,none,0,none,0,0,0,no_alert_unknown,no_alert_not_final_benign,-1,dns,app_proto+port
2025-07-19T23:03:31.622826+0700,103.195.142.3,69.171.249.133,53,59056,UDP,flow,failed,23878366188303,,1,1,0,135,0,0.0,1,135,0,none,0,none,0,0,0,no_alert_unknown,no_alert_not_final_benign,-1,dns,port
2025-07-19T23:03:31.622844+0700,103.195.142.46,87.98.154.79,53,25959,UDP,flow,failed,195490433454960,,1,1,0,1437,0,0.0,1,1437,0,none,0,none,0,0,0,no_alert_unknown,no_alert_not_final_benign,-1,dns,port
2025-07-19T23:03:31.622884+0700,103.195.142.74,118.98.44.100,18736,53,UDP,flow,dns,2034392071590835,,1,1,0,68,0,0.0,1,68,0,none,0,none,0,0,0,no_alert_unknown,no_alert_not_final_benign,-1,dns,app_proto+port
2025-07-19T23:03:31.622948+0700,103.195.142.74,118.98.44.50,7956,53,UDP,flow,dns,1087905644205064,,1,1,0,82,0,0.0,1,82,0,none,0,none,0,0,0,no_alert_unknown,no_alert_not_final_benign,-1,dns,app_proto+port
2025-07-19T23:03:31.622969+0700,103.195.142.195,87.98.154.208,53,61541,UDP,flow,failed,1027517462926400,,1,1,0,1437,0,0.0,1,1437,0,none,0,none,0,0,0,no_alert_unknown,no_alert_not_final_benign,-1,dns,port
2025-07-19T23:03:31.623019+0700,103.195.142.195,87.98.154.8,53,15337,UDP,flow,failed,2150899170727000,,1,1,0,1437,0,0.0,1,1437,0,none,0,none,0,0,0,no_alert_unknown,no_alert_not_final_benign,-1,dns,port
2025-07-19T23:03:31.623091+0700,103.195.142.74,202.134.0.155,52538,53,UDP,flow,dns,2197776276771970,,1,1,0,82,0,0.0,1,82,0,none,0,none,0,0,0,no_alert_unknown,no_alert_not_final_benign,-1,dns,app_proto+port
2025-07-19T23:03:31.623140+0700,103.195.142.75,8.8.8.8,61743,53,UDP,flow,dns,721760062002318,,1,1,0,88,0,0.0,1,88,0,none,0,none,0,0,0,no_alert_unknown,no_alert_not_final_benign,-1,dns,app_proto+port
2025-07-19T23:03:31.623162+0700,103.195.142.3,203.119.13.191,53,22745,UDP,flow,failed,509992075383977,,1,1,0,180,0,0.0,1,180,0,none,0,none,0,0,0,no_alert_unknown,no_alert_not_final_benign,-1,dns,port
2025-07-19T23:03:31.623207+0700,103.195.142.74,118.98.44.20,33563,53,UDP,flow,dns,286886502978814,,1,1,0,232,0,0.0,1,232,0,none,0,none,0,0,0,no_alert_unknown,no_alert_not_final_benign,-1,dns,app_proto+port
2025-07-19T23:03:31.623242+0700,103.195.142.74,118.98.44.20,50231,53,UDP,flow,dns,504024879977802,,1,1,0,107,0,0.0,1,107,0,none,0,none,0,0,0,no_alert_unknown,no_alert_not_final_benign,-1,dns,app_proto+port
2025-07-19T23:03:31.623279+0700,103.195.142.76,87.98.154.118,53,43359,UDP,flow,failed,943730794812750,,1,1,0,1469,0,0.0,1,1469,0,none,0,none,0,0,0,no_alert_unknown,no_alert_not_final_benign,-1,dns,port
2025-07-19T23:03:31.623322+0700,103.195.142.74,118.98.44.50,27360,53,UDP,flow,dns,439572243469674,,1,1,0,223,0,0.0,1,223,0,none,0,none,0,0,0,no_alert_unknown,no_alert_not_final_benign,-1,dns,app_proto+port
2025-07-19T23:03:31.623370+0700,103.195.142.3,118.98.86.53,53,16002,UDP,flow,failed,464211240408531,,1,1,0,182,0,0.0,1,182,0,none,0,none,0,0,0,no_alert_unknown,no_alert_not_final_benign,-1,dns,port
2025-07-19T23:03:31.623389+0700,103.195.142.74,118.98.44.100,2816,53,UDP,flow,dns,374184938100213,,1,1,0,88,0,0.0,1,88,0,none,0,none,0,0,0,no_alert_unknown,no_alert_not_final_benign,-1,dns,app_proto+port
2025-07-19T23:03:31.623467+0700,103.195.142.3,180.241.27.28,53,2565,UDP,flow,failed,636890952947263,,1,1,0,181,0,0.0,1,181,0,none,0,none,0,0,0,no_alert_unknown,no_alert_not_final_benign,-1,dns,port
2025-07-19T23:03:31.623536+0700,103.195.142.74,118.98.44.20,21360,53,UDP,flow,dns,961579306243835,,1,1,0,68,0,0.0,1,68,0,none,0,none,0,0,0,no_alert_unknown,no_alert_not_final_benign,-1,dns,app_proto+port
2025-07-19T23:03:31.623572+0700,103.195.142.195,87.98.154.119,53,43169,UDP,flow,failed,2045509203252996,,1,1,0,1437,0,0.0,1,1437,0,none,0,none,0,0,0,no_alert_unknown,no_alert_not_final_benign,-1,dns,port
2025-07-19T23:03:31.623620+0700,103.195.142.76,87.98.154.166,53,19468,UDP,flow,failed,2218628148025144,,1,1,0,1469,0,0.0,1,1469,0,none,0,none,0,0,0,no_alert_unknown,no_alert_not_final_benign,-1,dns,port
2025-07-19T23:03:31.623639+0700,103.195.142.3,172.69.78.74,53,46968,UDP,flow,failed,644141900158809,,1,1,0,177,0,0.0,1,177,0,none,0,none,0,0,0,no_alert_unknown,no_alert_not_final_benign,-1,dns,port
2025-07-19T23:03:31.623658+0700,103.195.142.46,87.98.154.119,53,55777,UDP,flow,failed,2056084626265972,,1,1,0,1437,0,0.0,1,1437,0,none,0,none,0,0,0,no_alert_unknown,no_alert_not_final_benign,-1,dns,port
2025-07-19T23:03:31.623700+0700,103.195.142.74,118.98.44.50,23074,53,UDP,flow,dns,163906356238317,,1,1,0,76,0,0.0,1,76,0,none,0,none,0,0,0,no_alert_unknown,no_alert_not_final_benign,-1,dns,app_proto+port
2025-07-19T23:03:31.623720+0700,103.195.142.74,118.98.44.20,53660,53,UDP,flow,dns,261961964181486,,1,1,0,74,0,0.0,1,74,0,none,0,none,0,0,0,no_alert_unknown,no_alert_not_final_benign,-1,dns,app_proto+port
2025-07-19T23:03:31.623784+0700,103.195.142.109,87.98.154.221,53,11627,UDP,flow,failed,799909358786611,,1,1,0,1437,0,0.0,1,1437,0,none,0,none,0,0,0,no_alert_unknown,no_alert_not_final_benign,-1,dns,port
2025-07-19T23:03:31.623803+0700,103.195.142.76,87.98.154.166,53,37208,UDP,flow,failed,222493705295952,,1,1,0,1469,0,0.0,1,1469,0,none,0,none,0,0,0,no_alert_unknown,no_alert_not_final_benign,-1,dns,port
2025-07-19T23:03:31.623841+0700,103.195.142.46,87.98.154.107,53,57984,UDP,flow,failed,2155093203605794,,1,1,0,1437,0,0.0,1,1437,0,none,0,none,0,0,0,no_alert_unknown,no_alert_not_final_benign,-1,dns,port
2025-07-19T23:03:31.623860+0700,103.195.142.83,87.98.154.222,53,24934,UDP,flow,failed,379947650636135,,1,1,0,1190,0,0.0,1,1190,0,none,0,none,0,0,0,no_alert_unknown,no_alert_not_final_benign,-1,dns,port
2025-07-19T23:03:31.623878+0700,103.195.142.83,87.98.154.117,53,59514,UDP,flow,failed,750045079460251,,1,1,0,1190,0,0.0,1,1190,0,none,0,none,0,0,0,no_alert_unknown,no_alert_not_final_benign,-1,dns,port
2025-07-19T23:03:31.623934+0700,103.195.142.75,8.8.8.8,41310,53,UDP,flow,dns,900601617242602,,1,1,0,214,0,0.0,1,214,0,none,0,none,0,0,0,no_alert_unknown,no_alert_not_final_benign,-1,dns,app_proto+port
2025-07-19T23:03:31.623955+0700,103.195.142.165,87.98.154.119,53,29791,UDP,flow,failed,992597981780471,,1,1,0,1437,0,0.0,1,1437,0,none,0,none,0,0,0,no_alert_unknown,no_alert_not_final_benign,-1,dns,port
2025-07-19T23:03:31.624011+0700,103.195.142.74,202.134.0.155,8481,53,UDP,flow,dns,1984422512548385,,1,1,0,80,0,0.0,1,80,0,none,0,none,0,0,0,no_alert_unknown,no_alert_not_final_benign,-1,dns,app_proto+port
2025-07-19T23:03:31.624032+0700,103.195.142.2,180.241.27.19,53,16001,UDP,flow,failed,705920886299199,,1,1,0,132,0,0.0,1,132,0,none,0,none,0,0,0,no_alert_unknown,no_alert_not_final_benign,-1,dns,port
2025-07-19T23:03:31.624055+0700,103.195.142.46,87.98.154.118,53,2215,UDP,flow,failed,2001052118538853,,1,1,0,1437,0,0.0,1,1437,0,none,0,none,0,0,0,no_alert_unknown,no_alert_not_final_benign,-1,dns,port
2025-07-19T23:03:31.624095+0700,103.195.142.83,87.98.154.119,53,9218,UDP,flow,failed,45153526798975,,1,1,0,1190,0,0.0,1,1190,0,none,0,none,0,0,0,no_alert_unknown,no_alert_not_final_benign,-1,dns,port
2025-07-19T23:03:31.624152+0700,103.195.142.109,87.98.154.221,53,22822,UDP,flow,failed,1006031257066321,,1,1,0,1437,0,0.0,1,1437,0,none,0,none,0,0,0,no_alert_unknown,no_alert_not_final_benign,-1,dns,port
2025-07-19T23:03:31.624171+0700,103.195.142.75,8.8.8.8,11602,53,UDP,flow,dns,2014582443400031,,1,1,0,68,0,0.0,1,68,0,none,0,none,0,0,0,no_alert_unknown,no_alert_not_final_benign,-1,dns,app_proto+port
2025-07-19T23:03:31.624210+0700,103.195.142.76,87.98.154.117,53,32636,UDP,flow,failed,260360701664113,,1,1,0,1469,0,0.0,1,1469,0,none,0,none,0,0,0,no_alert_unknown,no_alert_not_final_benign,-1,dns,port
2025-07-19T23:03:31.624228+0700,103.195.142.3,172.70.116.71,53,48475,UDP,flow,failed,667699069180790,,1,1,0,178,0,0.0,1,178,0,none,0,none,0,0,0,no_alert_unknown,no_alert_not_final_benign,-1,dns,port
2025-07-19T23:03:31.624267+0700,103.195.142.83,87.98.154.222,53,56570,UDP,flow,failed,1726091574696918,,1,3,0,3570,0,9.0,3,3570,0,none,0,none,0,0,0,no_alert_unknown,no_alert_not_final_benign,-1,dns,port
2025-07-19T23:03:31.624337+0700,103.195.142.109,87.98.154.137,53,41699,UDP,flow,failed,31622241836080,,1,1,0,1437,0,0.0,1,1437,0,none,0,none,0,0,0,no_alert_unknown,no_alert_not_final_benign,-1,dns,port
2025-07-19T23:03:31.624355+0700,103.195.142.83,87.98.154.119,53,50824,UDP,flow,failed,181413979348056,,1,1,0,1190,0,0.0,1,1190,0,none,0,none,0,0,0,no_alert_unknown,no_alert_not_final_benign,-1,dns,port
2025-07-19T23:03:31.624373+0700,103.195.142.195,87.98.154.40,53,44754,UDP,flow,failed,772458158087267,,1,1,0,1437,0,0.0,1,1437,0,none,0,none,0,0,0,no_alert_unknown,no_alert_not_final_benign,-1,dns,port
2025-07-19T23:03:31.624392+0700,103.195.142.74,118.98.44.50,35511,53,UDP,flow,dns,927162531044507,,1,1,0,140,0,0.0,1,140,0,none,0,none,0,0,0,no_alert_unknown,no_alert_not_final_benign,-1,dns,app_proto+port
2025-07-19T23:03:31.624412+0700,103.195.142.74,202.134.0.155,30403,53,UDP,flow,dns,1161693356481738,,1,2,0,204,0,5.0,2,204,0,none,0,none,0,0,0,no_alert_unknown,no_alert_not_final_benign,-1,dns,app_proto+port
2025-07-19T23:03:31.624431+0700,103.195.142.75,8.8.8.8,48571,53,UDP,flow,dns,261645011705067,,1,1,0,88,0,0.0,1,88,0,none,0,none,0,0,0,no_alert_unknown,no_alert_not_final_benign,-1,dns,app_proto+port
2025-07-19T23:03:31.624476+0700,103.195.142.75,8.8.8.8,12169,53,UDP,flow,dns,894145542937949,,1,1,0,140,0,0.0,1,140,0,none,0,none,0,0,0,no_alert_unknown,no_alert_not_final_benign,-1,dns,app_proto+port
2025-07-19T23:03:31.624538+0700,103.195.142.46,87.98.154.119,53,58767,UDP,flow,failed,1044921699982714,,1,1,0,1437,0,0.0,1,1437,0,none,0,none,0,0,0,no_alert_unknown,no_alert_not_final_benign,-1,dns,port
2025-07-19T23:03:31.624556+0700,103.195.142.3,179.43.159.201,53,11856,UDP,flow,failed,783102323842439,,1,1,0,154,0,0.0,1,154,0,none,0,none,0,0,0,no_alert_unknown,no_alert_not_final_benign,-1,dns,port
2025-07-19T23:03:31.624574+0700,103.195.142.74,118.98.44.100,54684,53,UDP,flow,dns,915219257286050,,1,1,0,68,0,0.0,1,68,0,none,0,none,0,0,0,no_alert_unknown,no_alert_not_final_benign,-1,dns,app_proto+port
2025-07-19T23:03:31.624594+0700,103.195.142.75,8.8.8.8,44912,53,UDP,flow,dns,1100284241829312,,1,1,0,82,0,0.0,1,82,0,none,0,none,0,0,0,no_alert_unknown,no_alert_not_final_benign,-1,dns,app_proto+port
2025-07-19T23:03:31.627011+0700,103.195.142.75,8.8.8.8,50504,53,UDP,dns,,1004144101762147,wire/pcap,0,0,0,0,0,0.0,0,0,0,none,0,none,0,0,0,no_alert_unknown,no_alert_not_final_benign,-1,dns,port
2025-07-19T23:03:31.722419+0700,103.195.142.74,118.98.44.50,31250,53,UDP,dns,,850970004467212,wire/pcap,0,0,0,0,0,0.0,0,0,0,none,0,none,0,0,0,no_alert_unknown,no_alert_not_final_benign,-1,dns,port
2025-07-19T23:03:31.748662+0700,103.195.142.74,118.98.44.50,20798,53,UDP,dns,,963683165200202,wire/pcap,0,0,0,0,0,0.0,0,0,0,none,0,none,0,0,0,no_alert_unknown,no_alert_not_final_benign,-1,dns,port
2025-07-19T23:03:31.748695+0700,103.195.142.74,118.98.44.100,51721,53,UDP,dns,,963821252499860,wire/pcap,0,0,0,0,0,0.0,0,0,0,none,0,none,0,0,0,no_alert_unknown,no_alert_not_final_benign,-1,dns,port
2025-07-19T23:03:31.794607+0700,103.195.142.74,118.98.44.50,64526,53,UDP,dns,,879539377092655,wire/pcap,0,0,0,0,0,0.0,0,0,0,none,0,none,0,0,0,no_alert_unknown,no_alert_not_final_benign,-1,dns,port
2025-07-19T23:03:31.881557+0700,103.195.142.74,202.134.0.155,39133,53,UDP,dns,,971509104902456,wire/pcap,0,0,0,0,0,0.0,0,0,0,none,0,none,0,0,0,no_alert_unknown,no_alert_not_final_benign,-1,dns,port
2025-07-19T23:03:31.894307+0700,103.195.142.74,118.98.44.20,25810,53,UDP,dns,,1026272080168212,wire/pcap,0,0,0,0,0,0.0,0,0,0,none,0,none,0,0,0,no_alert_unknown,no_alert_not_final_benign,-1,dns,port
2025-07-19T23:03:31.924680+0700,103.195.142.108,8.8.8.8,1900,53,UDP,dns,,1216074754602613,wire/pcap,0,0,0,0,0,0.0,0,0,0,none,0,none,0,0,0,no_alert_unknown,no_alert_not_final_benign,-1,dns,port
2025-07-19T23:03:31.928228+0700,103.195.142.75,8.8.8.8,46645,53,UDP,dns,,890486742315624,wire/pcap,0,0,0,0,0,0.0,0,0,0,none,0,none,0,0,0,no_alert_unknown,no_alert_not_final_benign,-1,dns,port
2025-07-19T23:03:31.938190+0700,103.195.142.75,50.28.102.86,10850,53,UDP,dns,,933273945758823,wire/pcap,0,0,0,0,0,0.0,0,0,0,none,0,none,0,0,0,no_alert_unknown,no_alert_not_final_benign,-1,dns,port
2025-07-19T23:03:31.949979+0700,103.195.142.74,118.98.44.100,9305,53,UDP,dns,,983906850058482,wire/pcap,0,0,0,0,0,0.0,0,0,0,none,0,none,0,0,0,no_alert_unknown,no_alert_not_final_benign,-1,dns,port
2025-07-19T23:03:31.961070+0700,103.185.193.21,1.1.1.1,45245,53,UDP,dns,,1031542455491138,wire/pcap,0,0,0,0,0,0.0,0,0,0,none,0,none,0,0,0,no_alert_unknown,no_alert_not_final_benign,-1,dns,port
2025-07-19T23:03:31.971270+0700,103.195.142.195,87.98.154.118,53,55407,UDP,flow,failed,335994028700394,,1,1,0,1437,0,0.0,1,1437,0,none,0,none,0,0,0,no_alert_unknown,no_alert_not_final_benign,-1,dns,port
2025-07-19T23:03:31.973909+0700,103.195.142.74,118.98.44.100,50508,53,UDP,dns,,1086684066394537,wire/pcap,0,0,0,0,0,0.0,0,0,0,none,0,none,0,0,0,no_alert_unknown,no_alert_not_final_benign,-1,dns,port
2025-07-19T23:03:32.018361+0700,103.195.142.74,118.98.44.100,30488,53,UDP,dns,,1204762120340726,wire/pcap,0,0,0,0,0,0.0,0,0,0,none,0,none,0,0,0,no_alert_unknown,no_alert_not_final_benign,-1,dns,port
2025-07-19T23:03:32.054009+0700,103.195.142.74,118.98.44.100,27196,53,UDP,dns,,1357869739044572,wire/pcap,0,0,0,0,0,0.0,0,0,0,none,0,none,0,0,0,no_alert_unknown,no_alert_not_final_benign,-1,dns,port
2025-07-19T23:03:32.054421+0700,103.195.142.74,118.98.44.20,35962,53,UDP,dns,,1359636838779568,wire/pcap,0,0,0,0,0,0.0,0,0,0,none,0,none,0,0,0,no_alert_unknown,no_alert_not_final_benign,-1,dns,port
2025-07-19T23:03:32.060842+0700,103.195.142.74,118.98.44.100,56270,53,UDP,dns,,1387216687044143,wire/pcap,0,0,0,0,0,0.0,0,0,0,none,0,none,0,0,0,no_alert_unknown,no_alert_not_final_benign,-1,dns,port
2025-07-19T23:03:32.116724+0700,103.195.142.74,118.98.44.20,42058,53,UDP,dns,,1345754119269125,wire/pcap,0,0,0,0,0,0.0,0,0,0,none,0,none,0,0,0,no_alert_unknown,no_alert_not_final_benign,-1,dns,port
2025-07-19T23:03:32.128482+0700,103.195.142.75,50.28.102.86,45784,53,UDP,dns,,1396251716753945,wire/pcap,0,0,0,0,0,0.0,0,0,0,none,0,none,0,0,0,no_alert_unknown,no_alert_not_final_benign,-1,dns,port
2025-07-19T23:03:32.135945+0700,103.195.142.74,118.98.44.20,60896,53,UDP,flow,dns,1252299609988025,,1,1,0,130,0,0.0,1,130,0,none,0,none,0,0,0,no_alert_unknown,no_alert_not_final_benign,-1,dns,app_proto+port
2025-07-19T23:03:32.157633+0700,103.195.142.76,87.98.154.119,53,45400,UDP,flow,failed,1444688165756507,,1,1,0,1469,0,0.0,1,1469,0,none,0,none,0,0,0,no_alert_unknown,no_alert_not_final_benign,-1,dns,port
2025-07-19T23:03:32.222796+0700,103.195.142.74,118.98.44.20,52194,53,UDP,dns,,1238379715638678,wire/pcap,0,0,0,0,0,0.0,0,0,0,none,0,none,0,0,0,no_alert_unknown,no_alert_not_final_benign,-1,dns,port
2025-07-19T23:03:32.230228+0700,103.195.142.74,118.98.44.20,28009,53,UDP,dns,,1270297969203803,wire/pcap,0,0,0,0,0,0.0,0,0,0,none,0,none,0,0,0,no_alert_unknown,no_alert_not_final_benign,-1,dns,port
2025-07-19T23:03:32.297495+0700,103.195.142.74,118.98.44.20,3187,53,UDP,dns,,1277733165336355,wire/pcap,0,0,0,0,0,0.0,0,0,0,none,0,none,0,0,0,no_alert_unknown,no_alert_not_final_benign,-1,dns,port
2025-07-19T23:03:32.301049+0700,103.195.142.75,8.8.8.8,24094,53,UDP,dns,,1292998798957536,wire/pcap,0,0,0,0,0,0.0,0,0,0,none,0,none,0,0,0,no_alert_unknown,no_alert_not_final_benign,-1,dns,port
2025-07-19T23:03:32.327387+0700,103.195.142.75,8.8.8.8,23944,53,UDP,flow,dns,1415762170621452,,1,1,0,86,0,0.0,1,86,0,none,0,none,0,0,0,no_alert_unknown,no_alert_not_final_benign,-1,dns,app_proto+port
2025-07-19T23:03:32.330786+0700,103.195.142.74,202.134.0.155,64826,53,UDP,dns,,1139241291052496,wire/pcap,0,0,0,0,0,0.0,0,0,0,none,0,none,0,0,0,no_alert_unknown,no_alert_not_final_benign,-1,dns,port
2025-07-19T23:03:32.353390+0700,103.195.142.74,118.98.44.100,23226,53,UDP,dns,,1236327384579167,wire/pcap,0,0,0,0,0,0.0,0,0,0,none,0,none,0,0,0,no_alert_unknown,no_alert_not_final_benign,-1,dns,port
2025-07-19T23:03:32.378403+0700,103.195.142.74,118.98.44.50,9070,53,UDP,dns,,1343756978147292,wire/pcap,0,0,0,0,0,0.0,0,0,0,none,0,none,0,0,0,no_alert_unknown,no_alert_not_final_benign,-1,dns,port
2025-07-19T23:03:32.410302+0700,103.195.142.75,216.38.8.121,58234,53,UDP,dns,,1199283930450489,wire/pcap,0,0,0,0,0,0.0,0,0,0,none,0,none,0,0,0,no_alert_unknown,no_alert_not_final_benign,-1,dns,port
2025-07-19T23:03:32.411781+0700,103.195.142.74,118.98.44.100,13615,53,UDP,dns,,1205637417446308,wire/pcap,0,0,0,0,0,0.0,0,0,0,none,0,none,0,0,0,no_alert_unknown,no_alert_not_final_benign,-1,dns,port
2025-07-19T23:03:32.411989+0700,103.195.142.75,8.8.8.8,54355,53,UDP,dns,,1206532865552140,wire/pcap,0,0,0,0,0,0.0,0,0,0,none,0,none,0,0,0,no_alert_unknown,no_alert_not_final_benign,-1,dns,port
2025-07-19T23:03:32.411915+0700,103.195.142.74,202.134.0.155,55607,53,UDP,dns,,1206213287951571,wire/pcap,0,0,0,0,0,0.0,0,0,0,none,0,none,0,0,0,no_alert_unknown,no_alert_not_final_benign,-1,dns,port
2025-07-19T23:03:32.416031+0700,103.195.142.108,8.8.8.8,16726,53,UDP,dns,,1223892015977459,wire/pcap,0,0,0,0,0,0.0,0,0,0,none,0,none,0,0,0,no_alert_unknown,no_alert_not_final_benign,-1,dns,port
2025-07-19T23:03:32.431921+0700,103.195.142.74,202.134.0.155,42509,53,UDP,dns,,1292139265625301,wire/pcap,0,0,0,0,0,0.0,0,0,0,none,0,none,0,0,0,no_alert_unknown,no_alert_not_final_benign,-1,dns,port
2025-07-19T23:03:32.450585+0700,103.195.142.75,8.8.8.8,58962,53,UDP,dns,,1372298177749677,wire/pcap,0,0,0,0,0,0.0,0,0,0,none,0,none,0,0,0,no_alert_unknown,no_alert_not_final_benign,-1,dns,port
2025-07-19T23:03:32.450568+0700,103.195.142.74,118.98.44.50,61712,53,UDP,dns,,1372225007789380,wire/pcap,0,0,0,0,0,0.0,0,0,0,none,0,none,0,0,0,no_alert_unknown,no_alert_not_final_benign,-1,dns,port
2025-07-19T23:03:32.450979+0700,103.195.142.75,50.28.102.86,39161,53,UDP,dns,,1373994296849994,wire/pcap,0,0,0,0,0,0.0,0,0,0,none,0,none,0,0,0,no_alert_unknown,no_alert_not_final_benign,-1,dns,port
2025-07-19T23:03:32.459697+0700,103.195.142.165,87.98.154.119,53,55742,UDP,flow,failed,1474232426135617,,1,1,0,1437,0,0.0,1,1437,0,none,0,none,0,0,0,no_alert_unknown,no_alert_not_final_benign,-1,dns,port
2025-07-19T23:03:32.488516+0700,103.195.142.74,202.134.0.155,34980,53,UDP,dns,,1253739076920956,wire/pcap,0,0,0,0,0,0.0,0,0,0,none,0,none,0,0,0,no_alert_unknown,no_alert_not_final_benign,-1,dns,port
2025-07-19T23:03:32.496204+0700,103.195.142.74,118.98.44.50,58837,53,UDP,dns,,1286758991202219,wire/pcap,0,0,0,0,0,0.0,0,0,0,none,0,none,0,0,0,no_alert_unknown,no_alert_not_final_benign,-1,dns,port
2025-07-19T23:03:32.496286+0700,103.195.142.74,118.98.44.100,54373,53,UDP,dns,,1287109795999425,wire/pcap,0,0,0,0,0,0.0,0,0,0,none,0,none,0,0,0,no_alert_unknown,no_alert_not_final_benign,-1,dns,port
2025-07-19T23:03:32.504602+0700,103.195.142.74,118.98.44.100,25720,53,UDP,dns,,1322827827931024,wire/pcap,0,0,0,0,0,0.0,0,0,0,none,0,none,0,0,0,no_alert_unknown,no_alert_not_final_benign,-1,dns,port
2025-07-19T23:03:32.517767+0700,103.195.142.74,202.134.0.155,48118,53,UDP,dns,,1379371457273341,wire/pcap,0,0,0,0,0,0.0,0,0,0,none,0,none,0,0,0,no_alert_unknown,no_alert_not_final_benign,-1,dns,port
2025-07-19T23:03:32.532928+0700,103.195.142.75,8.8.8.8,15785,53,UDP,dns,,1163010603027687,wire/pcap,0,0,0,0,0,0.0,0,0,0,none,0,none,0,0,0,no_alert_unknown,no_alert_not_final_benign,-1,dns,port
2025-07-19T23:03:32.533042+0700,103.195.142.74,118.98.44.100,18858,53,UDP,dns,,1163499388134448,wire/pcap,0,0,0,0,0,0.0,0,0,0,none,0,none,0,0,0,no_alert_unknown,no_alert_not_final_benign,-1,dns,port
2025-07-19T23:03:32.533138+0700,103.195.142.74,118.98.44.20,11686,53,UDP,dns,,1163913490638821,wire/pcap,0,0,0,0,0,0.0,0,0,0,none,0,none,0,0,0,no_alert_unknown,no_alert_not_final_benign,-1,dns,port
2025-07-19T23:03:32.535257+0700,103.195.142.74,118.98.44.100,10529,53,UDP,dns,,1173012273436794,wire/pcap,0,0,0,0,0,0.0,0,0,0,none,0,none,0,0,0,no_alert_unknown,no_alert_not_final_benign,-1,dns,port
2025-07-19T23:03:32.551986+0700,103.195.142.75,8.8.8.8,60238,53,UDP,dns,,1244864332951870,wire/pcap,0,0,0,0,0,0.0,0,0,0,none,0,none,0,0,0,no_alert_unknown,no_alert_not_final_benign,-1,dns,port
2025-07-19T23:03:32.578164+0700,103.195.142.74,118.98.44.20,1839,53,UDP,dns,,1357298881314875,wire/pcap,0,0,0,0,0,0.0,0,0,0,none,0,none,0,0,0,no_alert_unknown,no_alert_not_final_benign,-1,dns,port
2025-07-19T23:03:32.578311+0700,103.195.142.74,118.98.44.20,22268,53,UDP,dns,,1357928796643362,wire/pcap,0,0,0,0,0,0.0,0,0,0,none,0,none,0,0,0,no_alert_unknown,no_alert_not_final_benign,-1,dns,port
2025-07-19T23:03:32.579651+0700,103.195.142.74,118.98.44.100,46953,53,UDP,dns,,1363686215753530,wire/pcap,0,0,0,0,0,0.0,0,0,0,none,0,none,0,0,0,no_alert_unknown,no_alert_not_final_benign,-1,dns,port
2025-07-19T23:03:32.591680+0700,103.195.142.74,118.98.44.20,23379,53,UDP,dns,,1133872933133148,wire/pcap,0,0,0,0,0,0.0,0,0,0,none,0,none,0,0,0,no_alert_unknown,no_alert_not_final_benign,-1,dns,port
2025-07-19T23:03:32.602423+0700,103.195.142.74,118.98.44.50,33719,53,UDP,dns,,1180013096547484,wire/pcap,0,0,0,0,0,0.0,0,0,0,none,0,none,0,0,0,no_alert_unknown,no_alert_not_final_benign,-1,dns,port
2025-07-19T23:03:32.609733+0700,103.195.142.2,46.38.225.230,53,54277,UDP,flow,failed,2013245741194855,,1,1,0,175,0,0.0,1,175,0,none,0,none,0,0,0,no_alert_unknown,no_alert_not_final_benign,-1,dns,port
2025-07-19T23:03:32.609783+0700,103.195.142.165,87.98.154.153,53,59825,UDP,flow,failed,743316043718249,,1,1,0,1437,0,0.0,1,1437,0,none,0,none,0,0,0,no_alert_unknown,no_alert_not_final_benign,-1,dns,port
2025-07-19T23:03:32.609860+0700,103.195.142.76,87.98.154.254,53,63471,UDP,flow,failed,700762522181234,,1,1,0,1469,0,0.0,1,1469,0,none,0,none,0,0,0,no_alert_unknown,no_alert_not_final_benign,-1,dns,port
2025-07-19T23:03:32.609879+0700,103.195.142.196,87.98.154.89,53,47911,UDP,flow,failed,965611959606904,,1,1,0,1437,0,0.0,1,1437,0,none,0,none,0,0,0,no_alert_unknown,no_alert_not_final_benign,-1,dns,port
2025-07-19T23:03:32.609921+0700,103.195.142.195,87.98.154.208,53,58393,UDP,flow,failed,820242664119968,,1,1,0,1437,0,0.0,1,1437,0,none,0,none,0,0,0,no_alert_unknown,no_alert_not_final_benign,-1,dns,port
2025-07-19T23:03:32.609940+0700,103.195.142.74,118.98.44.50,13551,53,UDP,flow,dns,309324265152162,,1,1,0,88,0,0.0,1,88,0,none,0,none,0,0,0,no_alert_unknown,no_alert_not_final_benign,-1,dns,app_proto+port
2025-07-19T23:03:32.609989+0700,103.195.142.196,87.98.154.53,53,15715,UDP,flow,failed,183361994874536,,1,1,0,1437,0,0.0,1,1437,0,none,0,none,0,0,0,no_alert_unknown,no_alert_not_final_benign,-1,dns,port
2025-07-19T23:03:32.610071+0700,103.195.142.74,118.98.44.100,33129,53,UDP,flow,dns,1114525778173661,,1,1,0,214,0,0.0,1,214,0,none,0,none,0,0,0,no_alert_unknown,no_alert_not_final_benign,-1,dns,app_proto+port
2025-07-19T23:03:32.610095+0700,103.195.142.165,87.98.154.57,53,10428,UDP,flow,failed,1404163963084530,,1,1,0,1437,0,0.0,1,1437,0,none,0,none,0,0,0,no_alert_unknown,no_alert_not_final_benign,-1,dns,port
2025-07-19T23:03:32.610206+0700,103.195.142.83,87.98.154.50,53,56421,UDP,flow,failed,369268901469991,,1,1,0,1190,0,0.0,1,1190,0,none,0,none,0,0,0,no_alert_unknown,no_alert_not_final_benign,-1,dns,port
2025-07-19T23:03:32.610228+0700,103.195.142.76,87.98.154.119,53,3685,UDP,flow,failed,1251267147128617,,1,1,0,1469,0,0.0,1,1469,0,none,0,none,0,0,0,no_alert_unknown,no_alert_not_final_benign,-1,dns,port
2025-07-19T23:03:32.610248+0700,103.195.142.196,87.98.154.201,53,63108,UDP,flow,failed,172129632903116,,1,1,0,1437,0,0.0,1,1437,0,none,0,none,0,0,0,no_alert_unknown,no_alert_not_final_benign,-1,dns,port
2025-07-19T23:03:32.610268+0700,103.195.142.83,87.98.154.134,53,29458,UDP,flow,failed,2188950401703971,,1,1,0,1190,0,0.0,1,1190,0,none,0,none,0,0,0,no_alert_unknown,no_alert_not_final_benign,-1,dns,port
2025-07-19T23:03:32.610558+0700,103.195.142.74,118.98.44.100,9381,53,UDP,flow,dns,676498135310630,,1,1,0,74,0,0.0,1,74,0,none,0,none,0,0,0,no_alert_unknown,no_alert_not_final_benign,-1,dns,app_proto+port
2025-07-19T23:03:32.610646+0700,103.195.142.74,118.98.44.50,33448,53,UDP,flow,dns,536600498397553,,1,1,0,88,0,0.0,1,88,0,none,0,none,0,0,0,no_alert_unknown,no_alert_not_final_benign,-1,dns,app_proto+port
2025-07-19T23:03:32.610679+0700,103.195.142.76,87.98.154.119,53,10087,UDP,flow,failed,496773748089209,,1,1,0,1469,0,0.0,1,1469,0,none,0,none,0,0,0,no_alert_unknown,no_alert_not_final_benign,-1,dns,port
2025-07-19T23:03:32.610698+0700,103.195.142.195,87.98.154.119,53,47853,UDP,flow,failed,410051122160004,,1,1,0,1437,0,0.0,1,1437,0,none,0,none,0,0,0,no_alert_unknown,no_alert_not_final_benign,-1,dns,port
2025-07-19T23:03:32.610843+0700,103.195.142.196,87.98.154.119,53,34580,UDP,flow,failed,756435310535090,,1,1,0,1437,0,0.0,1,1437,0,none,0,none,0,0,0,no_alert_unknown,no_alert_not_final_benign,-1,dns,port
2025-07-19T23:03:32.610950+0700,103.195.142.83,87.98.154.119,53,53314,UDP,flow,failed,325896303206920,,1,1,0,1190,0,0.0,1,1190,0,none,0,none,0,0,0,no_alert_unknown,no_alert_not_final_benign,-1,dns,port
2025-07-19T23:03:32.611007+0700,103.195.142.196,87.98.154.117,53,34180,UDP,flow,failed,1534676265984575,,1,3,0,4311,0,10.0,3,4311,0,none,0,none,0,0,0,no_alert_unknown,no_alert_not_final_benign,-1,dns,port
2025-07-19T23:03:32.611076+0700,103.195.142.83,87.98.154.54,53,17387,UDP,flow,failed,1087082415121025,,1,1,0,1190,0,0.0,1,1190,0,none,0,none,0,0,0,no_alert_unknown,no_alert_not_final_benign,-1,dns,port
2025-07-19T23:03:32.611096+0700,103.195.142.83,87.98.154.119,53,22422,UDP,flow,failed,291428821295850,,1,1,0,1190,0,0.0,1,1190,0,none,0,none,0,0,0,no_alert_unknown,no_alert_not_final_benign,-1,dns,port
2025-07-19T23:03:32.611150+0700,103.195.142.165,87.98.154.125,53,45667,UDP,flow,failed,1386816843998049,,1,1,0,1437,0,0.0,1,1437,0,none,0,none,0,0,0,no_alert_unknown,no_alert_not_final_benign,-1,dns,port
2025-07-19T23:03:32.611217+0700,103.195.142.83,87.98.154.119,53,32336,UDP,flow,failed,2137380789150724,,1,1,0,1190,0,0.0,1,1190,0,none,0,none,0,0,0,no_alert_unknown,no_alert_not_final_benign,-1,dns,port
2025-07-19T23:03:32.611237+0700,103.195.142.74,118.98.44.20,42647,53,UDP,flow,dns,1361883803608158,,1,1,0,83,0,0.0,1,83,0,none,0,none,0,0,0,no_alert_unknown,no_alert_not_final_benign,-1,dns,app_proto+port
2025-07-19T23:03:32.611281+0700,103.195.142.74,118.98.44.50,9347,53,UDP,flow,dns,559070562083962,,1,1,0,214,0,0.0,1,214,0,none,0,none,0,0,0,no_alert_unknown,no_alert_not_final_benign,-1,dns,app_proto+port
2025-07-19T23:03:32.611345+0700,103.195.142.74,50.28.32.153,29914,53,UDP,flow,dns,1219243943257307,,1,1,0,141,0,0.0,1,141,0,none,0,none,0,0,0,no_alert_unknown,no_alert_not_final_benign,-1,dns,app_proto+port
2025-07-19T23:03:32.611392+0700,103.195.142.75,50.116.34.34,8228,53,UDP,flow,dns,180587718042924,,1,1,0,85,0,0.0,1,85,0,none,0,none,0,0,0,no_alert_unknown,no_alert_not_final_benign,-1,dns,app_proto+port
2025-07-19T23:03:32.611412+0700,103.195.142.76,87.98.154.119,53,11196,UDP,flow,failed,321065516721531,,1,1,0,1469,0,0.0,1,1469,0,none,0,none,0,0,0,no_alert_unknown,no_alert_not_final_benign,-1,dns,port
2025-07-19T23:03:32.611441+0700,103.195.142.74,202.134.0.155,61978,53,UDP,flow,dns,2144285702022538,,1,1,0,77,0,0.0,1,77,0,none,0,none,0,0,0,no_alert_unknown,no_alert_not_final_benign,-1,dns,app_proto+port
2025-07-19T23:03:32.611498+0700,103.195.142.195,87.98.154.119,53,52129,UDP,flow,failed,757398665291158,,1,1,0,1437,0,0.0,1,1437,0,none,0,none,0,0,0,no_alert_unknown,no_alert_not_final_benign,-1,dns,port
2025-07-19T23:03:32.611527+0700,103.195.142.74,202.134.0.155,63545,53,UDP,flow,dns,348032278324752,,1,1,0,214,0,0.0,1,214,0,none,0,none,0,0,0,no_alert_unknown,no_alert_not_final_benign,-1,dns,app_proto+port
2025-07-19T23:03:32.611548+0700,103.195.142.46,87.98.154.51,53,56088,UDP,flow,failed,376845721003561,,1,1,0,1437,0,0.0,1,1437,0,none,0,none,0,0,0,no_alert_unknown,no_alert_not_final_benign,-1,dns,port
2025-07-19T23:03:32.611566+0700,103.195.142.196,87.98.154.89,53,54781,UDP,flow,failed,404665430042200,,1,1,0,1437,0,0.0,1,1437,0,none,0,none,0,0,0,no_alert_unknown,no_alert_not_final_benign,-1,dns,port
2025-07-19T23:03:32.611585+0700,103.195.142.75,8.8.8.8,55683,53,UDP,flow,dns,1369992984716904,,1,2,0,176,0,5.0,2,176,0,none,0,none,0,0,0,no_alert_unknown,no_alert_not_final_benign,-1,dns,app_proto+port
2025-07-19T23:03:32.611626+0700,103.195.142.74,202.134.0.155,14632,53,UDP,flow,dns,17830259648237,,1,1,0,108,0,0.0,1,108,0,none,0,none,0,0,0,no_alert_unknown,no_alert_not_final_benign,-1,dns,app_proto+port
2025-07-19T23:03:32.611655+0700,103.195.142.83,87.98.154.119,53,7754,UDP,flow,failed,1136437899355937,,1,1,0,1190,0,0.0,1,1190,0,none,0,none,0,0,0,no_alert_unknown,no_alert_not_final_benign,-1,dns,port
2025-07-19T23:03:32.611679+0700,103.195.142.195,87.98.154.119,53,3586,UDP,flow,failed,27595129349943,,1,1,0,1437,0,0.0,1,1437,0,none,0,none,0,0,0,no_alert_unknown,no_alert_not_final_benign,-1,dns,port
2025-07-19T23:03:32.611698+0700,103.195.142.83,87.98.154.119,53,42868,UDP,flow,failed,1084676219004778,,1,1,0,1190,0,0.0,1,1190,0,none,0,none,0,0,0,no_alert_unknown,no_alert_not_final_benign,-1,dns,port
2025-07-19T23:03:32.611757+0700,103.195.142.83,87.98.154.110,53,64387,UDP,flow,failed,557657448179656,,1,3,0,3570,0,10.0,3,3570,0,none,0,none,0,0,0,no_alert_unknown,no_alert_not_final_benign,-1,dns,port
2025-07-19T23:03:32.611795+0700,103.195.142.83,87.98.154.194,53,9816,UDP,flow,failed,2069189632518088,,1,3,0,3570,0,9.0,3,3570,0,none,0,none,0,0,0,no_alert_unknown,no_alert_not_final_benign,-1,dns,port
2025-07-19T23:03:32.611832+0700,103.195.142.46,87.98.154.119,53,8887,UDP,flow,failed,866187104479249,,1,1,0,1437,0,0.0,1,1437,0,none,0,none,0,0,0,no_alert_unknown,no_alert_not_final_benign,-1,dns,port
2025-07-19T23:03:32.611913+0700,103.195.142.74,118.98.44.100,43616,53,UDP,flow,dns,1124057920694410,,1,1,0,223,0,0.0,1,223,0,none,0,none,0,0,0,no_alert_unknown,no_alert_not_final_benign,-1,dns,app_proto+port
2025-07-19T23:03:32.611934+0700,103.195.142.3,172.253.226.116,53,40939,UDP,flow,failed,2075776095414495,,1,1,0,160,0,0.0,1,160,0,none,0,none,0,0,0,no_alert_unknown,no_alert_not_final_benign,-1,dns,port
2025-07-19T23:03:32.611953+0700,103.195.142.74,118.98.44.50,63568,53,UDP,flow,dns,263826161199344,,1,2,0,204,0,7.0,2,204,0,none,0,none,0,0,0,no_alert_unknown,no_alert_not_final_benign,-1,dns,app_proto+port
2025-07-19T23:03:32.612039+0700,103.195.142.83,87.98.154.98,53,51292,UDP,flow,failed,1257189443430752,,1,1,0,1190,0,0.0,1,1190,0,none,0,none,0,0,0,no_alert_unknown,no_alert_not_final_benign,-1,dns,port
2025-07-19T23:03:32.612059+0700,103.195.142.74,118.98.44.50,21313,53,UDP,flow,dns,924019527510383,,1,1,0,80,0,0.0,1,80,0,none,0,none,0,0,0,no_alert_unknown,no_alert_not_final_benign,-1,dns,app_proto+port
2025-07-19T23:03:32.612080+0700,103.195.142.74,118.98.44.50,53117,53,UDP,flow,dns,782849861937539,,1,1,0,84,0,0.0,1,84,0,none,0,none,0,0,0,no_alert_unknown,no_alert_not_final_benign,-1,dns,app_proto+port
2025-07-19T23:03:32.612132+0700,103.195.142.165,87.98.154.153,53,3848,UDP,flow,failed,1107761825704354,,1,1,0,1437,0,0.0,1,1437,0,none,0,none,0,0,0,no_alert_unknown,no_alert_not_final_benign,-1,dns,port
2025-07-19T23:03:32.612215+0700,103.195.142.3,180.241.233.107,53,40354,UDP,flow,failed,1133631323695773,,1,1,0,139,0,0.0,1,139,0,none,0,none,0,0,0,no_alert_unknown,no_alert_not_final_benign,-1,dns,port
2025-07-19T23:03:32.612234+0700,103.195.142.75,118.98.44.100,34156,53,UDP,flow,dns,942409535056584,,1,1,0,138,0,0.0,1,138,0,none,0,none,0,0,0,no_alert_unknown,no_alert_not_final_benign,-1,dns,app_proto+port
2025-07-19T23:03:32.612254+0700,103.195.142.74,118.98.44.50,47022,53,UDP,flow,dns,1036471826246367,,1,1,0,109,0,0.0,1,109,0,none,0,none,0,0,0,no_alert_unknown,no_alert_not_final_benign,-1,dns,app_proto+port
2025-07-19T23:03:32.612308+0700,103.195.142.165,87.98.154.119,53,24308,UDP,flow,failed,747104005253865,,1,1,0,1437,0,0.0,1,1437,0,none,0,none,0,0,0,no_alert_unknown,no_alert_not_final_benign,-1,dns,port
2025-07-19T23:03:32.612340+0700,103.195.142.46,87.98.154.119,53,30133,UDP,flow,failed,12087574326013,,1,1,0,1437,0,0.0,1,1437,0,none,0,none,0,0,0,no_alert_unknown,no_alert_not_final_benign,-1,dns,port
2025-07-19T23:03:32.612430+0700,103.195.142.74,118.98.44.100,38031,53,UDP,flow,dns,272454018460645,,1,1,0,108,0,0.0,1,108,0,none,0,none,0,0,0,no_alert_unknown,no_alert_not_final_benign,-1,dns,app_proto+port
2025-07-19T23:03:32.612450+0700,103.195.142.165,87.98.154.118,53,28100,UDP,flow,failed,2079440956405,,1,1,0,1437,0,0.0,1,1437,0,none,0,none,0,0,0,no_alert_unknown,no_alert_not_final_benign,-1,dns,port
2025-07-19T23:03:32.612469+0700,103.195.142.74,118.98.44.100,31496,53,UDP,flow,dns,455700238887949,,1,1,0,223,0,0.0,1,223,0,none,0,none,0,0,0,no_alert_unknown,no_alert_not_final_benign,-1,dns,app_proto+port
2025-07-19T23:03:32.612509+0700,103.195.142.2,194.165.130.139,53,35552,UDP,flow,failed,1398456745323564,,1,1,0,146,0,0.0,1,146,0,none,0,none,0,0,0,no_alert_unknown,no_alert_not_final_benign,-1,dns,port
2025-07-19T23:03:32.612563+0700,103.195.142.165,87.98.154.41,53,43561,UDP,flow,failed,796800202763437,,1,3,0,4311,0,10.0,3,4311,0,none,0,none,0,0,0,no_alert_unknown,no_alert_not_final_benign,-1,dns,port
2025-07-19T23:03:32.612592+0700,103.195.142.109,87.98.154.119,53,45286,UDP,flow,failed,846051093114030,,1,1,0,1437,0,0.0,1,1437,0,none,0,none,0,0,0,no_alert_unknown,no_alert_not_final_benign,-1,dns,port
2025-07-19T23:03:32.612708+0700,103.195.142.109,87.98.154.119,53,45831,UDP,flow,failed,359820613381549,,1,1,0,1437,0,0.0,1,1437,0,none,0,none,0,0,0,no_alert_unknown,no_alert_not_final_benign,-1,dns,port
2025-07-19T23:03:32.612748+0700,103.195.142.74,118.98.44.50,6683,53,UDP,flow,dns,12440903740923,,1,1,0,87,0,0.0,1,87,0,none,0,none,0,0,0,no_alert_unknown,no_alert_not_final_benign,-1,dns,app_proto+port
2025-07-19T23:03:32.612770+0700,103.195.142.75,208.74.121.116,56517,53,UDP,flow,dns,1230062446702159,,1,1,0,88,0,0.0,1,88,0,none,0,none,0,0,0,no_alert_unknown,no_alert_not_final_benign,-1,dns,app_proto+port
2025-07-19T23:03:32.612798+0700,103.195.142.165,87.98.154.117,53,32248,UDP,flow,failed,191259800039122,,1,1,0,1437,0,0.0,1,1437,0,none,0,none,0,0,0,no_alert_unknown,no_alert_not_final_benign,-1,dns,port
2025-07-19T23:03:32.612818+0700,103.195.142.74,118.98.44.50,55879,53,UDP,flow,dns,1050608195137260,,1,1,0,105,0,0.0,1,105,0,none,0,none,0,0,0,no_alert_unknown,no_alert_not_final_benign,-1,dns,app_proto+port
2025-07-19T23:03:32.612838+0700,103.195.142.165,87.98.154.119,53,51578,UDP,flow,failed,190348026900222,,1,1,0,1437,0,0.0,1,1437,0,none,0,none,0,0,0,no_alert_unknown,no_alert_not_final_benign,-1,dns,port
2025-07-19T23:03:32.612877+0700,103.195.142.74,118.98.44.100,2924,53,UDP,flow,dns,184322784030538,,1,1,0,241,0,0.0,1,241,0,none,0,none,0,0,0,no_alert_unknown,no_alert_not_final_benign,-1,dns,app_proto+port
2025-07-19T23:03:32.612897+0700,103.195.142.2,172.69.78.74,53,39433,UDP,flow,failed,794457141604241,,1,1,0,198,0,0.0,1,198,0,none,0,none,0,0,0,no_alert_unknown,no_alert_not_final_benign,-1,dns,port
2025-07-19T23:03:32.612939+0700,103.195.142.75,185.67.45.231,27174,53,UDP,flow,dns,948931416354864,,1,1,0,74,0,0.0,1,74,0,none,0,none,0,0,0,no_alert_unknown,no_alert_not_final_benign,-1,dns,app_proto+port
2025-07-19T23:03:32.612964+0700,103.195.142.74,118.98.44.100,60354,53,UDP,flow,dns,1106469769375793,,1,1,0,74,0,0.0,1,74,0,none,0,none,0,0,0,no_alert_unknown,no_alert_not_final_benign,-1,dns,app_proto+port
2025-07-19T23:03:32.612985+0700,103.195.142.195,87.98.154.236,53,18896,UDP,flow,failed,816173842427995,,1,1,0,1437,0,0.0,1,1437,0,none,0,none,0,0,0,no_alert_unknown,no_alert_not_final_benign,-1,dns,port
2025-07-19T23:03:32.613003+0700,103.195.142.195,87.98.154.8,53,63129,UDP,flow,failed,244698352840827,,1,1,0,1437,0,0.0,1,1437,0,none,0,none,0,0,0,no_alert_unknown,no_alert_not_final_benign,-1,dns,port
2025-07-19T23:03:32.613043+0700,103.195.142.76,87.98.154.82,53,3291,UDP,flow,failed,409025452962016,,1,1,0,1469,0,0.0,1,1469,0,none,0,none,0,0,0,no_alert_unknown,no_alert_not_final_benign,-1,dns,port
2025-07-19T23:03:32.613116+0700,103.195.142.3,179.43.159.201,53,57370,UDP,flow,failed,783870529564956,,1,1,0,154,0,0.0,1,154,0,none,0,none,0,0,0,no_alert_unknown,no_alert_not_final_benign,-1,dns,port
2025-07-19T23:03:32.613139+0700,103.195.142.109,87.98.154.119,53,61556,UDP,flow,failed,622749841355041,,1,1,0,1437,0,0.0,1,1437,0,none,0,none,0,0,0,no_alert_unknown,no_alert_not_final_benign,-1,dns,port
2025-07-19T23:03:32.613158+0700,103.195.142.74,118.98.44.20,7928,53,UDP,flow,dns,506714073657639,,1,1,0,107,0,0.0,1,107,0,none,0,none,0,0,0,no_alert_unknown,no_alert_not_final_benign,-1,dns,app_proto+port
2025-07-19T23:03:32.613180+0700,103.195.142.74,118.98.44.50,12296,53,UDP,flow,dns,1206108225466677,,1,1,0,241,0,0.0,1,241,0,none,0,none,0,0,0,no_alert_unknown,no_alert_not_final_benign,-1,dns,app_proto+port
2025-07-19T23:03:32.613213+0700,103.195.142.109,87.98.154.165,53,14150,UDP,flow,failed,1222163821162822,,1,1,0,1437,0,0.0,1,1437,0,none,0,none,0,0,0,no_alert_unknown,no_alert_not_final_benign,-1,dns,port
2025-07-19T23:03:32.613256+0700,103.195.142.74,202.134.0.155,47249,53,UDP,flow,dns,164302276456774,,1,1,0,87,0,0.0,1,87,0,none,0,none,0,0,0,no_alert_unknown,no_alert_not_final_benign,-1,dns,app_proto+port
2025-07-19T23:03:32.613325+0700,103.195.142.2,3.248.186.200,53,6556,UDP,flow,failed,645786908946838,,1,1,0,141,0,0.0,1,141,0,none,0,none,0,0,0,no_alert_unknown,no_alert_not_final_benign,-1,dns,port
2025-07-19T23:03:32.613366+0700,103.195.142.74,118.98.44.20,17121,53,UDP,flow,dns,833077988225512,,1,1,0,211,0,0.0,1,211,0,none,0,none,0,0,0,no_alert_unknown,no_alert_not_final_benign,-1,dns,app_proto+port
2025-07-19T23:03:32.613408+0700,103.195.142.83,87.98.154.126,53,27348,UDP,flow,failed,946098913669633,,1,1,0,1190,0,0.0,1,1190,0,none,0,none,0,0,0,no_alert_unknown,no_alert_not_final_benign,-1,dns,port
2025-07-19T23:03:32.613428+0700,103.195.142.195,87.98.154.36,53,62170,UDP,flow,failed,222217723048485,,1,1,0,1437,0,0.0,1,1437,0,none,0,none,0,0,0,no_alert_unknown,no_alert_not_final_benign,-1,dns,port
2025-07-19T23:03:32.613449+0700,103.195.142.83,87.98.154.166,53,57937,UDP,flow,failed,1262713032733271,,1,1,0,1190,0,0.0,1,1190,0,none,0,none,0,0,0,no_alert_unknown,no_alert_not_final_benign,-1,dns,port
2025-07-19T23:03:32.613468+0700,103.195.142.76,87.98.154.119,53,36214,UDP,flow,failed,1050216960422515,,1,1,0,1469,0,0.0,1,1469,0,none,0,none,0,0,0,no_alert_unknown,no_alert_not_final_benign,-1,dns,port
2025-07-19T23:03:32.613486+0700,103.195.142.83,87.98.154.186,53,13636,UDP,flow,failed,185598186943207,,1,1,0,1190,0,0.0,1,1190,0,none,0,none,0,0,0,no_alert_unknown,no_alert_not_final_benign,-1,dns,port
2025-07-19T23:03:32.613535+0700,103.195.142.165,87.98.154.13,53,24169,UDP,flow,failed,956630357832504,,1,1,0,1437,0,0.0,1,1437,0,none,0,none,0,0,0,no_alert_unknown,no_alert_not_final_benign,-1,dns,port
2025-07-19T23:03:32.613574+0700,103.195.142.74,202.134.0.155,14030,53,UDP,flow,dns,695515757409119,,1,1,0,76,0,0.0,1,76,0,none,0,none,0,0,0,no_alert_unknown,no_alert_not_final_benign,-1,dns,app_proto+port
2025-07-19T23:03:32.613613+0700,103.195.142.2,180.241.27.188,53,43497,UDP,flow,failed,643842089350070,,1,1,0,132,0,0.0,1,132,0,none,0,none,0,0,0,no_alert_unknown,no_alert_not_final_benign,-1,dns,port
2025-07-19T23:03:32.613652+0700,103.195.142.74,118.98.44.100,46815,53,UDP,flow,dns,685835812140132,,1,1,0,88,0,0.0,1,88,0,none,0,none,0,0,0,no_alert_unknown,no_alert_not_final_benign,-1,dns,app_proto+port
2025-07-19T23:03:32.613680+0700,103.195.142.75,8.8.8.8,52770,53,UDP,flow,dns,837133102019693,,1,1,0,74,0,0.0,1,74,0,none,0,none,0,0,0,no_alert_unknown,no_alert_not_final_benign,-1,dns,app_proto+port
2025-07-19T23:03:32.613737+0700,103.195.142.83,87.98.154.119,53,38632,UDP,flow,failed,480903335376108,,1,1,0,1190,0,0.0,1,1190,0,none,0,none,0,0,0,no_alert_unknown,no_alert_not_final_benign,-1,dns,port
2025-07-19T23:03:32.613756+0700,103.195.142.195,87.98.154.118,53,20504,UDP,flow,failed,1068974163883264,,1,1,0,1437,0,0.0,1,1437,0,none,0,none,0,0,0,no_alert_unknown,no_alert_not_final_benign,-1,dns,port
2025-07-19T23:03:32.613844+0700,103.195.142.109,87.98.154.125,53,25114,UDP,flow,failed,575655532819921,,1,1,0,1437,0,0.0,1,1437,0,none,0,none,0,0,0,no_alert_unknown,no_alert_not_final_benign,-1,dns,port
2025-07-19T23:03:32.613885+0700,103.195.142.165,87.98.154.119,53,7783,UDP,flow,failed,871304741582377,,1,1,0,1437,0,0.0,1,1437,0,none,0,none,0,0,0,no_alert_unknown,no_alert_not_final_benign,-1,dns,port
2025-07-19T23:03:32.613926+0700,103.195.142.76,87.98.154.119,53,9315,UDP,flow,failed,156420241290908,,1,1,0,1469,0,0.0,1,1469,0,none,0,none,0,0,0,no_alert_unknown,no_alert_not_final_benign,-1,dns,port
2025-07-19T23:03:32.613970+0700,103.195.142.76,87.98.154.119,53,53570,UDP,flow,failed,1349698961536672,,1,1,0,1469,0,0.0,1,1469,0,none,0,none,0,0,0,no_alert_unknown,no_alert_not_final_benign,-1,dns,port
2025-07-19T23:03:32.614011+0700,103.195.142.74,118.98.44.100,11733,53,UDP,flow,dns,592504959858425,,1,1,0,79,0,0.0,1,79,0,none,0,none,0,0,0,no_alert_unknown,no_alert_not_final_benign,-1,dns,app_proto+port
2025-07-19T23:03:32.614046+0700,103.195.142.74,118.98.44.50,39587,53,UDP,flow,dns,2188482806544249,,1,2,0,204,0,9.0,2,204,0,none,0,none,0,0,0,no_alert_unknown,no_alert_not_final_benign,-1,dns,app_proto+port
2025-07-19T23:03:32.614066+0700,103.195.142.74,118.98.44.100,9198,53,UDP,flow,dns,331796396439439,,1,1,0,68,0,0.0,1,68,0,none,0,none,0,0,0,no_alert_unknown,no_alert_not_final_benign,-1,dns,app_proto+port
2025-07-19T23:03:32.614093+0700,103.195.142.46,87.98.154.251,53,56942,UDP,flow,failed,615236619139010,,1,1,0,1437,0,0.0,1,1437,0,none,0,none,0,0,0,no_alert_unknown,no_alert_not_final_benign,-1,dns,port
2025-07-19T23:03:32.614166+0700,103.195.142.109,87.98.154.119,53,33603,UDP,flow,failed,668761366329297,,1,1,0,1437,0,0.0,1,1437,0,none,0,none,0,0,0,no_alert_unknown,no_alert_not_final_benign,-1,dns,port
2025-07-19T23:03:32.614184+0700,103.195.142.196,87.98.154.49,53,15162,UDP,flow,failed,328865726527466,,1,1,0,1437,0,0.0,1,1437,0,none,0,none,0,0,0,no_alert_unknown,no_alert_not_final_benign,-1,dns,port
2025-07-19T23:03:32.614223+0700,103.195.142.75,8.8.8.8,35292,53,UDP,flow,dns,471405994178567,,1,1,0,99,0,0.0,1,99,0,none,0,none,0,0,0,no_alert_unknown,no_alert_not_final_benign,-1,dns,app_proto+port
2025-07-19T23:03:32.614294+0700,103.195.142.76,87.98.154.26,53,58834,UDP,flow,failed,480574828509278,,1,1,0,1469,0,0.0,1,1469,0,none,0,none,0,0,0,no_alert_unknown,no_alert_not_final_benign,-1,dns,port
2025-07-19T23:03:32.614312+0700,103.195.142.46,87.98.154.119,53,24131,UDP,flow,failed,247821578729570,,1,1,0,1437,0,0.0,1,1437,0,none,0,none,0,0,0,no_alert_unknown,no_alert_not_final_benign,-1,dns,port
2025-07-19T23:03:32.614351+0700,103.195.142.195,87.98.154.119,53,21373,UDP,flow,failed,787365594003618,,1,1,0,1437,0,0.0,1,1437,0,none,0,none,0,0,0,no_alert_unknown,no_alert_not_final_benign,-1,dns,port
2025-07-19T23:03:32.614370+0700,103.195.142.74,202.134.0.155,5072,53,UDP,flow,dns,1362223413328040,,1,1,0,68,0,0.0,1,68,0,none,0,none,0,0,0,no_alert_unknown,no_alert_not_final_benign,-1,dns,app_proto+port
2025-07-19T23:03:32.614389+0700,103.195.142.165,87.98.154.119,53,61258,UDP,flow,failed,587482079623340,,1,1,0,1437,0,0.0,1,1437,0,none,0,none,0,0,0,no_alert_unknown,no_alert_not_final_benign,-1,dns,port
2025-07-19T23:03:32.614407+0700,103.195.142.165,87.98.154.125,53,38102,UDP,flow,failed,966100615035094,,1,1,0,1437,0,0.0,1,1437,0,none,0,none,0,0,0,no_alert_unknown,no_alert_not_final_benign,-1,dns,port
2025-07-19T23:03:32.614431+0700,103.195.142.75,50.28.32.155,38175,53,UDP,flow,dns,990742559783128,,1,1,0,85,0,0.0,1,85,0,none,0,none,0,0,0,no_alert_unknown,no_alert_not_final_benign,-1,dns,app_proto+port
2025-07-19T23:03:32.614451+0700,103.195.142.195,87.98.154.84,53,55442,UDP,flow,failed,935106059827431,,1,1,0,1437,0,0.0,1,1437,0,none,0,none,0,0,0,no_alert_unknown,no_alert_not_final_benign,-1,dns,port
2025-07-19T23:03:32.614594+0700,103.195.142.109,87.98.154.165,53,35235,UDP,flow,failed,2149292523977134,,1,3,0,4311,0,9.0,3,4311,0,none,0,none,0,0,0,no_alert_unknown,no_alert_not_final_benign,-1,dns,port
2025-07-19T23:03:32.614614+0700,103.195.142.74,118.98.44.50,10883,53,UDP,flow,dns,456242521111001,,1,1,0,241,0,0.0,1,241,0,none,0,none,0,0,0,no_alert_unknown,no_alert_not_final_benign,-1,dns,app_proto+port
2025-07-19T23:03:32.614633+0700,103.195.142.195,87.98.154.119,53,10594,UDP,flow,failed,1082070622665216,,1,1,0,1437,0,0.0,1,1437,0,none,0,none,0,0,0,no_alert_unknown,no_alert_not_final_benign,-1,dns,port
2025-07-19T23:03:32.614671+0700,103.195.142.165,87.98.154.237,53,6095,UDP,flow,failed,721097483811346,,1,1,0,1437,0,0.0,1,1437,0,none,0,none,0,0,0,no_alert_unknown,no_alert_not_final_benign,-1,dns,port
2025-07-19T23:03:32.614689+0700,103.195.142.196,87.98.154.61,53,53593,UDP,flow,failed,599580514712093,,1,2,0,2874,0,6.0,2,2874,0,none,0,none,0,0,0,no_alert_unknown,no_alert_not_final_benign,-1,dns,port
2025-07-19T23:03:32.614734+0700,103.195.142.165,87.98.154.197,53,28374,UDP,flow,failed,119085532117632,,1,1,0,1437,0,0.0,1,1437,0,none,0,none,0,0,0,no_alert_unknown,no_alert_not_final_benign,-1,dns,port
2025-07-19T23:03:32.614770+0700,103.195.142.74,118.98.44.50,4336,53,UDP,flow,dns,485888238811830,,1,1,0,68,0,0.0,1,68,0,none,0,none,0,0,0,no_alert_unknown,no_alert_not_final_benign,-1,dns,app_proto+port
2025-07-19T23:03:32.614790+0700,103.195.142.196,87.98.154.118,53,47881,UDP,flow,failed,1239447299291842,,1,1,0,1437,0,0.0,1,1437,0,none,0,none,0,0,0,no_alert_unknown,no_alert_not_final_benign,-1,dns,port
2025-07-19T23:03:32.614832+0700,103.195.142.109,87.98.154.137,53,47344,UDP,flow,failed,1390726614678437,,1,1,0,1437,0,0.0,1,1437,0,none,0,none,0,0,0,no_alert_unknown,no_alert_not_final_benign,-1,dns,port
2025-07-19T23:03:32.614851+0700,103.195.142.195,87.98.154.208,53,30747,UDP,flow,failed,582831781247978,,1,1,0,1437,0,0.0,1,1437,0,none,0,none,0,0,0,no_alert_unknown,no_alert_not_final_benign,-1,dns,port
2025-07-19T23:03:32.614896+0700,103.195.142.76,87.98.154.110,53,34378,UDP,flow,failed,470107282144273,,1,1,0,1469,0,0.0,1,1469,0,none,0,none,0,0,0,no_alert_unknown,no_alert_not_final_benign,-1,dns,port
2025-07-19T23:03:32.614914+0700,103.195.142.195,87.98.154.96,53,8776,UDP,flow,failed,231644874538023,,1,3,0,4311,0,10.0,3,4311,0,none,0,none,0,0,0,no_alert_unknown,no_alert_not_final_benign,-1,dns,port
2025-07-19T23:03:32.614933+0700,103.195.142.76,87.98.154.226,53,49991,UDP,flow,failed,957031098743922,,1,1,0,1469,0,0.0,1,1469,0,none,0,none,0,0,0,no_alert_unknown,no_alert_not_final_benign,-1,dns,port
2025-07-19T23:03:32.614951+0700,103.195.142.196,87.98.154.119,53,22954,UDP,flow,failed,1399717809421607,,1,1,0,1437,0,0.0,1,1437,0,none,0,none,0,0,0,no_alert_unknown,no_alert_not_final_benign,-1,dns,port
2025-07-19T23:03:32.615014+0700,103.195.142.75,8.8.8.8,32320,53,UDP,flow,dns,1244962790768087,,1,1,0,211,0,0.0,1,211,0,none,0,none,0,0,0,no_alert_unknown,no_alert_not_final_benign,-1,dns,app_proto+port
2025-07-19T23:03:32.615058+0700,103.195.142.195,87.98.154.36,53,27190,UDP,flow,failed,93064901164617,,1,1,0,1437,0,0.0,1,1437,0,none,0,none,0,0,0,no_alert_unknown,no_alert_not_final_benign,-1,dns,port
2025-07-19T23:03:32.615084+0700,103.195.142.74,118.98.44.20,17465,53,UDP,flow,dns,623457162362455,,1,1,0,232,0,0.0,1,232,0,none,0,none,0,0,0,no_alert_unknown,no_alert_not_final_benign,-1,dns,app_proto+port
2025-07-19T23:03:32.615116+0700,103.195.142.83,87.98.154.119,53,37691,UDP,flow,failed,1401865159769689,,1,1,0,1190,0,0.0,1,1190,0,none,0,none,0,0,0,no_alert_unknown,no_alert_not_final_benign,-1,dns,port
2025-07-19T23:03:32.615135+0700,103.195.142.109,87.98.154.117,53,22471,UDP,flow,failed,992824648990309,,1,1,0,1437,0,0.0,1,1437,0,none,0,none,0,0,0,no_alert_unknown,no_alert_not_final_benign,-1,dns,port
2025-07-19T23:03:32.615183+0700,103.195.142.74,118.98.44.50,55888,53,UDP,flow,dns,1293671435730612,,1,1,0,232,0,0.0,1,232,0,none,0,none,0,0,0,no_alert_unknown,no_alert_not_final_benign,-1,dns,app_proto+port
2025-07-19T23:03:32.615204+0700,103.195.142.46,87.98.154.119,53,2765,UDP,flow,failed,1107069618749121,,1,1,0,1437,0,0.0,1,1437,0,none,0,none,0,0,0,no_alert_unknown,no_alert_not_final_benign,-1,dns,port
2025-07-19T23:03:32.615222+0700,103.195.142.165,87.98.154.69,53,64496,UDP,flow,failed,440867139354369,,1,3,0,4311,0,10.0,3,4311,0,none,0,none,0,0,0,no_alert_unknown,no_alert_not_final_benign,-1,dns,port
2025-07-19T23:03:32.615276+0700,103.195.142.165,87.98.154.125,53,6670,UDP,flow,failed,244185603702652,,1,1,0,1437,0,0.0,1,1437,0,none,0,none,0,0,0,no_alert_unknown,no_alert_not_final_benign,-1,dns,port
2025-07-19T23:03:32.615369+0700,103.195.142.46,87.98.154.55,53,12879,UDP,flow,failed,874870425714701,,1,1,0,1437,0,0.0,1,1437,0,none,0,none,0,0,0,no_alert_unknown,no_alert_not_final_benign,-1,dns,port
2025-07-19T23:03:32.615429+0700,103.195.142.165,87.98.154.119,53,41126,UDP,flow,failed,829652247773519,,1,1,0,1437,0,0.0,1,1437,0,none,0,none,0,0,0,no_alert_unknown,no_alert_not_final_benign,-1,dns,port
2025-07-19T23:03:32.615448+0700,103.195.142.83,87.98.154.119,53,18285,UDP,flow,failed,1026183409893724,,1,1,0,1190,0,0.0,1,1190,0,none,0,none,0,0,0,no_alert_unknown,no_alert_not_final_benign,-1,dns,port
2025-07-19T23:03:32.615466+0700,103.195.142.195,87.98.154.119,53,34017,UDP,flow,failed,518742455878026,,1,1,0,1437,0,0.0,1,1437,0,none,0,none,0,0,0,no_alert_unknown,no_alert_not_final_benign,-1,dns,port
2025-07-19T23:03:32.615490+0700,103.195.142.46,87.98.154.187,53,60315,UDP,flow,failed,410050904523174,,1,1,0,1437,0,0.0,1,1437,0,none,0,none,0,0,0,no_alert_unknown,no_alert_not_final_benign,-1,dns,port
2025-07-19T23:03:32.615508+0700,103.195.142.109,87.98.154.119,53,36596,UDP,flow,failed,95093641511355,,1,1,0,1437,0,0.0,1,1437,0,none,0,none,0,0,0,no_alert_unknown,no_alert_not_final_benign,-1,dns,port
2025-07-19T23:03:32.615547+0700,103.195.142.74,202.134.0.155,2850,53,UDP,flow,dns,1001566920180219,,1,1,0,74,0,0.0,1,74,0,none,0,none,0,0,0,no_alert_unknown,no_alert_not_final_benign,-1,dns,app_proto+port
2025-07-19T23:03:32.615589+0700,103.195.142.165,87.98.154.181,53,42982,UDP,flow,failed,1026075949335062,,1,1,0,1437,0,0.0,1,1437,0,none,0,none,0,0,0,no_alert_unknown,no_alert_not_final_benign,-1,dns,port
2025-07-19T23:03:32.615601+0700,103.195.142.46,87.98.154.119,53,63375,UDP,flow,failed,324141705396824,,1,1,0,1437,0,0.0,1,1437,0,none,0,none,0,0,0,no_alert_unknown,no_alert_not_final_benign,-1,dns,port
2025-07-19T23:03:32.615633+0700,103.195.142.3,51.178.111.233,53,62808,UDP,flow,failed,1011978813768321,,1,1,0,165,0,0.0,1,165,0,none,0,none,0,0,0,no_alert_unknown,no_alert_not_final_benign,-1,dns,port
2025-07-19T23:03:32.615645+0700,103.195.142.165,87.98.154.119,53,18466,UDP,flow,failed,635615047778957,,1,1,0,1437,0,0.0,1,1437,0,none,0,none,0,0,0,no_alert_unknown,no_alert_not_final_benign,-1,dns,port
2025-07-19T23:03:32.615715+0700,103.195.142.74,118.98.44.20,44064,53,UDP,flow,dns,340871482311497,,1,1,0,223,0,0.0,1,223,0,none,0,none,0,0,0,no_alert_unknown,no_alert_not_final_benign,-1,dns,app_proto+port
2025-07-19T23:03:32.615761+0700,103.195.142.165,87.98.154.125,53,48285,UDP,flow,failed,1327184229696745,,1,1,0,1437,0,0.0,1,1437,0,none,0,none,0,0,0,no_alert_unknown,no_alert_not_final_benign,-1,dns,port
2025-07-19T23:03:32.615809+0700,103.195.142.165,87.98.154.209,53,59757,UDP,flow,failed,708176087680276,,1,1,0,1437,0,0.0,1,1437,0,none,0,none,0,0,0,no_alert_unknown,no_alert_not_final_benign,-1,dns,port
2025-07-19T23:03:32.615821+0700,103.195.142.195,87.98.154.118,53,37967,UDP,flow,failed,433049026102553,,1,1,0,1437,0,0.0,1,1437,0,none,0,none,0,0,0,no_alert_unknown,no_alert_not_final_benign,-1,dns,port
2025-07-19T23:03:32.615833+0700,103.195.142.165,87.98.154.145,53,16546,UDP,flow,failed,54814841505071,,1,1,0,1437,0,0.0,1,1437,0,none,0,none,0,0,0,no_alert_unknown,no_alert_not_final_benign,-1,dns,port
2025-07-19T23:03:32.615849+0700,103.195.142.74,118.98.44.100,41558,53,UDP,flow,dns,1184016285435198,,1,1,0,74,0,0.0,1,74,0,none,0,none,0,0,0,no_alert_unknown,no_alert_not_final_benign,-1,dns,app_proto+port
2025-07-19T23:03:32.615863+0700,103.195.142.196,87.98.154.119,53,5841,UDP,flow,failed,1398295967892846,,1,1,0,1437,0,0.0,1,1437,0,none,0,none,0,0,0,no_alert_unknown,no_alert_not_final_benign,-1,dns,port
2025-07-19T23:03:32.615894+0700,103.195.142.74,118.98.44.50,46629,53,UDP,flow,dns,588341110572451,,1,1,0,78,0,0.0,1,78,0,none,0,none,0,0,0,no_alert_unknown,no_alert_not_final_benign,-1,dns,app_proto+port
2025-07-19T23:03:32.615922+0700,103.195.142.2,74.125.16.184,53,53554,UDP,flow,failed,633171045647940,,1,1,0,237,0,0.0,1,237,0,none,0,none,0,0,0,no_alert_unknown,no_alert_not_final_benign,-1,dns,port
2025-07-19T23:03:32.615949+0700,103.195.142.74,202.134.0.155,60907,53,UDP,flow,dns,840380530820689,,1,1,0,74,0,0.0,1,74,0,none,0,none,0,0,0,no_alert_unknown,no_alert_not_final_benign,-1,dns,app_proto+port
2025-07-19T23:03:32.615985+0700,103.195.142.109,87.98.154.53,53,54919,UDP,flow,failed,823781033051839,,1,3,0,4311,0,10.0,3,4311,0,none,0,none,0,0,0,no_alert_unknown,no_alert_not_final_benign,-1,dns,port
2025-07-19T23:03:32.615954+0700,103.195.142.74,202.134.0.155,21277,53,UDP,dns,,1238127906897564,wire/pcap,0,0,0,0,0,0.0,0,0,0,none,0,none,0,0,0,no_alert_unknown,no_alert_not_final_benign,-1,dns,port
2025-07-19T23:03:32.616058+0700,103.195.142.196,87.98.154.33,53,16686,UDP,flow,failed,96749323880204,,1,1,0,1437,0,0.0,1,1437,0,none,0,none,0,0,0,no_alert_unknown,no_alert_not_final_benign,-1,dns,port
2025-07-19T23:03:32.616088+0700,103.195.142.46,87.98.154.119,53,48905,UDP,flow,failed,770143513478945,,1,1,0,1437,0,0.0,1,1437,0,none,0,none,0,0,0,no_alert_unknown,no_alert_not_final_benign,-1,dns,port
2025-07-19T23:03:32.616026+0700,103.195.142.74,202.134.0.155,32460,53,UDP,dns,,1238440524878418,wire/pcap,0,0,0,0,0,0.0,0,0,0,none,0,none,0,0,0,no_alert_unknown,no_alert_not_final_benign,-1,dns,port
2025-07-19T23:03:32.616149+0700,103.195.142.196,87.98.154.119,53,2124,UDP,flow,failed,1315748407281546,,1,1,0,1437,0,0.0,1,1437,0,none,0,none,0,0,0,no_alert_unknown,no_alert_not_final_benign,-1,dns,port
2025-07-19T23:03:32.616177+0700,103.195.142.74,118.98.44.50,14218,53,UDP,flow,dns,744675115599828,,1,1,0,74,0,0.0,1,74,0,none,0,none,0,0,0,no_alert_unknown,no_alert_not_final_benign,-1,dns,app_proto+port
2025-07-19T23:03:32.616191+0700,103.195.142.76,87.98.154.82,53,43755,UDP,flow,failed,222416781379588,,1,1,0,1469,0,0.0,1,1469,0,none,0,none,0,0,0,no_alert_unknown,no_alert_not_final_benign,-1,dns,port
2025-07-19T23:03:32.616207+0700,103.195.142.2,180.241.27.181,53,23617,UDP,flow,failed,686358987474998,,1,1,0,192,0,0.0,1,192,0,none,0,none,0,0,0,no_alert_unknown,no_alert_not_final_benign,-1,dns,port
2025-07-19T23:03:32.616220+0700,103.195.142.2,172.253.244.147,53,37006,UDP,flow,failed,670398471014470,,1,1,0,229,0,0.0,1,229,0,none,0,none,0,0,0,no_alert_unknown,no_alert_not_final_benign,-1,dns,port
2025-07-19T23:03:32.616246+0700,103.195.142.109,87.98.154.119,53,58429,UDP,flow,failed,1225505708509284,,1,1,0,1437,0,0.0,1,1437,0,none,0,none,0,0,0,no_alert_unknown,no_alert_not_final_benign,-1,dns,port
2025-07-19T23:03:32.616271+0700,103.195.142.165,87.98.154.237,53,63997,UDP,flow,failed,415968142755960,,1,1,0,1437,0,0.0,1,1437,0,none,0,none,0,0,0,no_alert_unknown,no_alert_not_final_benign,-1,dns,port
2025-07-19T23:03:32.616343+0700,103.195.142.196,87.98.154.197,53,56648,UDP,flow,failed,1185828780247184,,1,1,0,1437,0,0.0,1,1437,0,none,0,none,0,0,0,no_alert_unknown,no_alert_not_final_benign,-1,dns,port
2025-07-19T23:03:32.616384+0700,103.195.142.74,202.134.0.155,40960,53,UDP,flow,dns,413732130982063,,1,1,0,87,0,0.0,1,87,0,none,0,none,0,0,0,no_alert_unknown,no_alert_not_final_benign,-1,dns,app_proto+port
2025-07-19T23:03:32.616399+0700,103.195.142.109,87.98.154.119,53,5751,UDP,flow,failed,286161817831652,,1,1,0,1437,0,0.0,1,1437,0,none,0,none,0,0,0,no_alert_unknown,no_alert_not_final_benign,-1,dns,port
2025-07-19T23:03:32.616411+0700,103.195.142.3,69.171.249.133,53,44472,UDP,flow,failed,260740468902122,,1,1,0,178,0,0.0,1,178,0,none,0,none,0,0,0,no_alert_unknown,no_alert_not_final_benign,-1,dns,port
2025-07-19T23:03:32.616428+0700,103.195.142.76,87.98.154.170,53,38891,UDP,flow,failed,403076337568009,,1,3,0,4407,0,10.0,3,4407,0,none,0,none,0,0,0,no_alert_unknown,no_alert_not_final_benign,-1,dns,port
2025-07-19T23:03:32.616441+0700,103.195.142.165,87.98.154.173,53,23073,UDP,flow,failed,19320817912119,,1,1,0,1437,0,0.0,1,1437,0,none,0,none,0,0,0,no_alert_unknown,no_alert_not_final_benign,-1,dns,port
2025-07-19T23:03:32.616453+0700,103.195.142.2,45.141.215.21,53,52207,UDP,flow,failed,1357747815319878,,1,1,0,173,0,0.0,1,173,0,none,0,none,0,0,0,no_alert_unknown,no_alert_not_final_benign,-1,dns,port
2025-07-19T23:03:32.616467+0700,103.195.142.109,87.98.154.119,53,52622,UDP,flow,failed,646400676727112,,1,1,0,1437,0,0.0,1,1437,0,none,0,none,0,0,0,no_alert_unknown,no_alert_not_final_benign,-1,dns,port
2025-07-19T23:03:32.616479+0700,103.195.142.196,87.98.154.119,53,47226,UDP,flow,failed,49617227680146,,1,1,0,1437,0,0.0,1,1437,0,none,0,none,0,0,0,no_alert_unknown,no_alert_not_final_benign,-1,dns,port
2025-07-19T23:03:32.616525+0700,103.195.142.76,87.98.154.138,53,31842,UDP,flow,failed,101904323709391,,1,1,0,1469,0,0.0,1,1469,0,none,0,none,0,0,0,no_alert_unknown,no_alert_not_final_benign,-1,dns,port
2025-07-19T23:03:32.616557+0700,103.195.142.165,87.98.154.119,53,37627,UDP,flow,failed,1013662407592450,,1,1,0,1437,0,0.0,1,1437,0,none,0,none,0,0,0,no_alert_unknown,no_alert_not_final_benign,-1,dns,port
2025-07-19T23:03:32.616571+0700,103.195.142.195,87.98.154.144,53,52558,UDP,flow,failed,319967094049388,,1,1,0,1437,0,0.0,1,1437,0,none,0,none,0,0,0,no_alert_unknown,no_alert_not_final_benign,-1,dns,port
2025-07-19T23:03:32.616614+0700,103.195.142.46,87.98.154.119,53,4194,UDP,flow,failed,762062130973609,,1,1,0,1437,0,0.0,1,1437,0,none,0,none,0,0,0,no_alert_unknown,no_alert_not_final_benign,-1,dns,port
2025-07-19T23:03:32.616639+0700,103.195.142.109,87.98.154.193,53,10227,UDP,flow,failed,848704153979876,,1,1,0,1437,0,0.0,1,1437,0,none,0,none,0,0,0,no_alert_unknown,no_alert_not_final_benign,-1,dns,port
2025-07-19T23:03:32.616652+0700,103.195.142.165,87.98.154.119,53,46198,UDP,flow,failed,864101313743865,,1,1,0,1437,0,0.0,1,1437,0,none,0,none,0,0,0,no_alert_unknown,no_alert_not_final_benign,-1,dns,port
2025-07-19T23:03:32.616707+0700,103.195.142.74,118.98.44.100,58590,53,UDP,flow,dns,1064552930348151,,1,1,0,68,0,0.0,1,68,0,none,0,none,0,0,0,no_alert_unknown,no_alert_not_final_benign,-1,dns,app_proto+port
2025-07-19T23:03:32.616720+0700,103.195.142.74,118.98.44.50,17125,53,UDP,flow,dns,869355716676738,,1,1,0,103,0,0.0,1,103,0,none,0,none,0,0,0,no_alert_unknown,no_alert_not_final_benign,-1,dns,app_proto+port
2025-07-19T23:03:32.616734+0700,103.195.142.46,87.98.154.251,53,20930,UDP,flow,failed,410266403474566,,1,1,0,1437,0,0.0,1,1437,0,none,0,none,0,0,0,no_alert_unknown,no_alert_not_final_benign,-1,dns,port
2025-07-19T23:03:32.616777+0700,103.195.142.76,87.98.154.119,53,38349,UDP,flow,failed,1544605863775548,,1,1,0,1469,0,0.0,1,1469,0,none,0,none,0,0,0,no_alert_unknown,no_alert_not_final_benign,-1,dns,port
2025-07-19T23:03:32.616808+0700,103.195.142.196,87.98.154.221,53,29151,UDP,flow,failed,1272882251894182,,1,1,0,1437,0,0.0,1,1437,0,none,0,none,0,0,0,no_alert_unknown,no_alert_not_final_benign,-1,dns,port
2025-07-19T23:03:32.616821+0700,103.195.142.2,118.98.99.194,53,49485,UDP,flow,failed,443510844558785,,1,1,0,177,0,0.0,1,177,0,none,0,none,0,0,0,no_alert_unknown,no_alert_not_final_benign,-1,dns,port
2025-07-19T23:03:32.638460+0700,103.195.142.74,118.98.44.50,24067,53,UDP,dns,,1334791389384639,wire/pcap,0,0,0,0,0,0.0,0,0,0,none,0,none,0,0,0,no_alert_unknown,no_alert_not_final_benign,-1,dns,port
2025-07-19T23:03:32.647662+0700,103.195.142.74,118.98.44.20,55311,53,UDP,dns,,1374315140469484,wire/pcap,0,0,0,0,0,0.0,0,0,0,none,0,none,0,0,0,no_alert_unknown,no_alert_not_final_benign,-1,dns,port
2025-07-19T23:03:32.675129+0700,103.195.142.75,8.8.8.8,21909,53,UDP,dns,,1210807403369852,wire/pcap,0,0,0,0,0,0.0,0,0,0,none,0,none,0,0,0,no_alert_unknown,no_alert_not_final_benign,-1,dns,port
2025-07-19T23:03:32.698540+0700,103.195.142.75,8.8.8.8,2939,53,UDP,dns,,1311359377252499,wire/pcap,0,0,0,0,0,0.0,0,0,0,none,0,none,0,0,0,no_alert_unknown,no_alert_not_final_benign,-1,dns,port
2025-07-19T23:03:32.706633+0700,103.195.142.74,118.98.44.100,63752,53,UDP,dns,,1346118333901271,wire/pcap,0,0,0,0,0,0.0,0,0,0,none,0,none,0,0,0,no_alert_unknown,no_alert_not_final_benign,-1,dns,port
2025-07-19T23:03:32.731095+0700,103.195.142.74,202.134.0.155,54246,53,UDP,dns,,1169706333856399,wire/pcap,0,0,0,0,0,0.0,0,0,0,none,0,none,0,0,0,no_alert_unknown,no_alert_not_final_benign,-1,dns,port
2025-07-19T23:03:32.734496+0700,103.195.142.74,118.98.44.20,33486,53,UDP,dns,,1184315052745939,wire/pcap,0,0,0,0,0,0.0,0,0,0,none,0,none,0,0,0,no_alert_unknown,no_alert_not_final_benign,-1,dns,port
2025-07-19T23:03:32.734439+0700,103.195.142.74,34.8.38.57,61385,53,UDP,dns,,1184067003305460,wire/pcap,0,0,0,0,0,0.0,0,0,0,none,0,none,0,0,0,no_alert_unknown,no_alert_not_final_benign,-1,dns,port
2025-07-19T23:03:32.740281+0700,103.195.142.74,118.98.44.100,33858,53,UDP,dns,,1209158164304366,wire/pcap,0,0,0,0,0,0.0,0,0,0,none,0,none,0,0,0,no_alert_unknown,no_alert_not_final_benign,-1,dns,port
2025-07-19T23:03:32.758833+0700,103.195.142.74,202.134.0.155,26281,53,UDP,dns,,1288838710936703,wire/pcap,0,0,0,0,0,0.0,0,0,0,none,0,none,0,0,0,no_alert_unknown,no_alert_not_final_benign,-1,dns,port
2025-07-19T23:03:32.760897+0700,103.195.142.75,34.8.196.142,36779,53,UDP,dns,,1297706629338207,wire/pcap,0,0,0,0,0,0.0,0,0,0,none,0,none,0,0,0,no_alert_unknown,no_alert_not_final_benign,-1,dns,port
2025-07-19T23:03:32.768185+0700,103.195.142.74,118.98.44.100,27323,53,UDP,dns,,1329008756792541,wire/pcap,0,0,0,0,0,0.0,0,0,0,none,0,none,0,0,0,no_alert_unknown,no_alert_not_final_benign,-1,dns,port
2025-07-19T23:03:32.779195+0700,103.195.142.74,118.98.44.50,38290,53,UDP,dns,,1376292798297929,wire/pcap,0,0,0,0,0,0.0,0,0,0,none,0,none,0,0,0,no_alert_unknown,no_alert_not_final_benign,-1,dns,port
2025-07-19T23:03:32.787313+0700,103.195.142.74,118.98.44.50,28480,53,UDP,dns,,1129683870561265,wire/pcap,0,0,0,0,0,0.0,0,0,0,none,0,none,0,0,0,no_alert_unknown,no_alert_not_final_benign,-1,dns,port
2025-07-19T23:03:32.792806+0700,103.195.142.74,202.134.0.155,56105,53,UDP,dns,,1153278070986120,wire/pcap,0,0,0,0,0,0.0,0,0,0,none,0,none,0,0,0,no_alert_unknown,no_alert_not_final_benign,-1,dns,port
2025-07-19T23:03:32.843487+0700,103.195.142.75,8.8.8.8,17764,53,UDP,dns,,1370949496489036,wire/pcap,0,0,0,0,0,0.0,0,0,0,none,0,none,0,0,0,no_alert_unknown,no_alert_not_final_benign,-1,dns,port
2025-07-19T23:03:32.848224+0700,103.195.142.74,118.98.44.50,31214,53,UDP,dns,,1391295747351246,wire/pcap,0,0,0,0,0,0.0,0,0,0,none,0,none,0,0,0,no_alert_unknown,no_alert_not_final_benign,-1,dns,port
2025-07-19T23:03:32.848656+0700,103.195.142.74,118.98.44.100,64490,53,UDP,flow,dns,1664528685423107,,1,1,0,78,0,0.0,1,78,0,none,0,none,0,0,0,no_alert_unknown,no_alert_not_final_benign,-1,dns,app_proto+port
2025-07-19T23:03:32.850707+0700,103.195.142.74,118.98.44.20,22896,53,UDP,dns,,1401960238137000,wire/pcap,0,0,0,0,0,0.0,0,0,0,none,0,none,0,0,0,no_alert_unknown,no_alert_not_final_benign,-1,dns,port
2025-07-19T23:03:32.853338+0700,103.195.142.74,118.98.44.50,3725,53,UDP,dns,,1131786206794661,wire/pcap,0,0,0,0,0,0.0,0,0,0,none,0,none,0,0,0,no_alert_unknown,no_alert_not_final_benign,-1,dns,port
2025-07-19T23:03:32.856589+0700,103.195.142.74,118.98.44.50,47806,53,UDP,dns,,1145750272368549,wire/pcap,0,0,0,0,0,0.0,0,0,0,none,0,none,0,0,0,no_alert_unknown,no_alert_not_final_benign,-1,dns,port
2025-07-19T23:03:32.869788+0700,103.195.142.74,202.134.0.155,56266,53,UDP,dns,,1202438050897717,wire/pcap,0,0,0,0,0,0.0,0,0,0,none,0,none,0,0,0,no_alert_unknown,no_alert_not_final_benign,-1,dns,port
2025-07-19T23:03:32.890753+0700,103.195.142.74,118.98.44.20,19093,53,UDP,dns,,1292483542453056,wire/pcap,0,0,0,0,0,0.0,0,0,0,none,0,none,0,0,0,no_alert_unknown,no_alert_not_final_benign,-1,dns,port
2025-07-19T23:03:32.892283+0700,103.195.142.74,118.98.44.100,16614,53,UDP,dns,,1299053661788452,wire/pcap,0,0,0,0,0,0.0,0,0,0,none,0,none,0,0,0,no_alert_unknown,no_alert_not_final_benign,-1,dns,port
2025-07-19T23:03:32.900175+0700,103.195.142.74,118.98.44.100,43613,53,UDP,dns,,1332951171275536,wire/pcap,0,0,0,0,0,0.0,0,0,0,none,0,none,0,0,0,no_alert_unknown,no_alert_not_final_benign,-1,dns,port
2025-07-19T23:03:32.918202+0700,103.195.142.74,118.98.44.50,28915,53,UDP,dns,,1128901919349278,wire/pcap,0,0,0,0,0,0.0,0,0,0,none,0,none,0,0,0,no_alert_unknown,no_alert_not_final_benign,-1,dns,port
2025-07-19T23:03:32.918403+0700,103.195.142.74,118.98.44.100,6352,53,UDP,dns,,1129763883783099,wire/pcap,0,0,0,0,0,0.0,0,0,0,none,0,none,0,0,0,no_alert_unknown,no_alert_not_final_benign,-1,dns,port
2025-07-19T23:03:32.924194+0700,103.195.142.74,118.98.44.100,3855,53,UDP,dns,,1154633904646195,wire/pcap,0,0,0,0,0,0.0,0,0,0,none,0,none,0,0,0,no_alert_unknown,no_alert_not_final_benign,-1,dns,port
2025-07-19T23:03:32.926323+0700,103.195.142.108,8.8.8.8,1900,53,UDP,dns,,1216074754602613,wire/pcap,0,0,0,0,0,0.0,0,0,0,none,0,none,0,0,0,no_alert_unknown,no_alert_not_final_benign,-1,dns,port
2025-07-19T23:03:32.938971+0700,103.195.142.74,202.134.0.155,3008,53,UDP,dns,,1218103109956140,wire/pcap,0,0,0,0,0,0.0,0,0,0,none,0,none,0,0,0,no_alert_unknown,no_alert_not_final_benign,-1,dns,port
2025-07-19T23:03:32.948728+0700,103.195.142.75,8.8.8.8,34252,53,UDP,dns,,1260008859019307,wire/pcap,0,0,0,0,0,0.0,0,0,0,none,0,none,0,0,0,no_alert_unknown,no_alert_not_final_benign,-1,dns,port
2025-07-19T23:03:32.961947+0700,103.195.142.74,118.98.44.20,16318,53,UDP,dns,,1316784832717845,wire/pcap,0,0,0,0,0,0.0,0,0,0,none,0,none,0,0,0,no_alert_unknown,no_alert_not_final_benign,-1,dns,port
2025-07-19T23:03:32.976270+0700,103.195.142.74,202.134.0.155,37686,53,UDP,dns,,1378299842415172,wire/pcap,0,0,0,0,0,0.0,0,0,0,none,0,none,0,0,0,no_alert_unknown,no_alert_not_final_benign,-1,dns,port
2025-07-19T23:03:32.984705+0700,103.195.142.75,8.8.8.8,11086,53,UDP,dns,,1133052222045088,wire/pcap,0,0,0,0,0,0.0,0,0,0,none,0,none,0,0,0,no_alert_unknown,no_alert_not_final_benign,-1,dns,port
2025-07-19T23:03:32.997450+0700,103.195.142.75,8.8.8.8,10183,53,UDP,dns,,1187790568238336,wire/pcap,0,0,0,0,0,0.0,0,0,0,none,0,none,0,0,0,no_alert_unknown,no_alert_not_final_benign,-1,dns,port
2025-07-19T23:03:33.004797+0700,103.195.142.76,87.98.154.50,53,22335,UDP,flow,failed,1754190093019573,,1,1,0,1469,0,0.0,1,1469,0,none,0,none,0,0,0,no_alert_unknown,no_alert_not_final_benign,-1,dns,port
2025-07-19T23:03:33.011145+0700,103.195.142.74,118.98.44.50,16453,53,UDP,dns,,1455245956927854,wire/pcap,0,0,0,0,0,0.0,0,0,0,none,0,none,0,0,0,no_alert_unknown,no_alert_not_final_benign,-1,dns,port
2025-07-19T23:03:33.011129+0700,103.195.142.75,8.8.8.8,1634,53,UDP,dns,,1455174785252429,wire/pcap,0,0,0,0,0,0.0,0,0,0,none,0,none,0,0,0,no_alert_unknown,no_alert_not_final_benign,-1,dns,port
2025-07-19T23:03:33.011283+0700,103.195.142.74,118.98.44.20,43281,53,UDP,dns,,1455839047748755,wire/pcap,0,0,0,0,0,0.0,0,0,0,none,0,none,0,0,0,no_alert_unknown,no_alert_not_final_benign,-1,dns,port
2025-07-19T23:03:33.015303+0700,103.195.142.75,8.8.8.8,19519,53,UDP,dns,,1473101551487604,wire/pcap,0,0,0,0,0,0.0,0,0,0,none,0,none,0,0,0,no_alert_unknown,no_alert_not_final_benign,-1,dns,port
2025-07-19T23:03:33.032483+0700,103.195.142.46,87.98.154.55,53,55930,UDP,flow,failed,1862325459400475,,1,1,0,1437,0,0.0,1,1437,0,none,0,none,0,0,0,no_alert_unknown,no_alert_not_final_benign,-1,dns,port
2025-07-19T23:03:33.033837+0700,103.195.142.74,118.98.44.20,64084,53,UDP,dns,,1552706443527800,wire/pcap,0,0,0,0,0,0.0,0,0,0,none,0,none,0,0,0,no_alert_unknown,no_alert_not_final_benign,-1,dns,port
2025-07-19T23:03:33.035735+0700,103.195.142.74,118.98.44.20,3556,53,UDP,dns,,1560856746557945,wire/pcap,0,0,0,0,0,0.0,0,0,0,none,0,none,0,0,0,no_alert_unknown,no_alert_not_final_benign,-1,dns,port
2025-07-19T23:03:33.038724+0700,103.195.142.46,87.98.154.118,53,59300,UDP,flow,failed,874114466482779,,1,1,0,1437,0,0.0,1,1437,0,none,0,none,0,0,0,no_alert_unknown,no_alert_not_final_benign,-1,dns,port
2025-07-19T23:03:33.063340+0700,103.195.142.75,8.8.8.8,15799,53,UDP,dns,,1679421046303540,wire/pcap,0,0,0,0,0,0.0,0,0,0,none,0,none,0,0,0,no_alert_unknown,no_alert_not_final_benign,-1,dns,port
2025-07-19T23:03:33.070685+0700,103.195.142.75,8.8.8.8,47275,53,UDP,dns,,1429490839189706,wire/pcap,0,0,0,0,0,0.0,0,0,0,none,0,none,0,0,0,no_alert_unknown,no_alert_not_final_benign,-1,dns,port
2025-07-19T23:03:33.088783+0700,103.195.142.74,185.67.45.232,38180,53,UDP,dns,,1507220175237355,wire/pcap,0,0,0,0,0,0.0,0,0,0,none,0,none,0,0,0,no_alert_unknown,no_alert_not_final_benign,-1,dns,port
2025-07-19T23:03:33.097161+0700,103.195.142.74,118.98.44.100,32314,53,UDP,dns,,1543203700943022,wire/pcap,0,0,0,0,0,0.0,0,0,0,none,0,none,0,0,0,no_alert_unknown,no_alert_not_final_benign,-1,dns,port
2025-07-19T23:03:33.115881+0700,103.195.142.74,118.98.44.50,58014,53,UDP,dns,,1623606886954618,wire/pcap,0,0,0,0,0,0.0,0,0,0,none,0,none,0,0,0,no_alert_unknown,no_alert_not_final_benign,-1,dns,port
2025-07-19T23:03:33.119971+0700,103.195.142.74,118.98.44.100,27743,53,UDP,dns,,1641173990289745,wire/pcap,0,0,0,0,0,0.0,0,0,0,none,0,none,0,0,0,no_alert_unknown,no_alert_not_final_benign,-1,dns,port
2025-07-19T23:03:33.123807+0700,103.195.142.74,202.134.0.155,48459,53,UDP,dns,,1657647644938295,wire/pcap,0,0,0,0,0,0.0,0,0,0,none,0,none,0,0,0,no_alert_unknown,no_alert_not_final_benign,-1,dns,port
2025-07-19T23:03:33.130140+0700,103.195.142.76,87.98.154.170,53,17124,UDP,flow,failed,1724550188305148,,1,1,0,1469,0,0.0,1,1469,0,none,0,none,0,0,0,no_alert_unknown,no_alert_not_final_benign,-1,dns,port
2025-07-19T23:03:33.156870+0700,103.195.142.75,8.8.8.8,39550,53,UDP,dns,,1518178178583594,wire/pcap,0,0,0,0,0,0.0,0,0,0,none,0,none,0,0,0,no_alert_unknown,no_alert_not_final_benign,-1,dns,port
2025-07-19T23:03:33.158522+0700,103.195.142.75,8.8.8.8,42096,53,UDP,dns,,1525275994504428,wire/pcap,0,0,0,0,0,0.0,0,0,0,none,0,none,0,0,0,no_alert_unknown,no_alert_not_final_benign,-1,dns,port
2025-07-19T23:03:33.202333+0700,103.195.142.74,118.98.44.20,12987,53,UDP,dns,,1431964179588882,wire/pcap,0,0,0,0,0,0.0,0,0,0,none,0,none,0,0,0,no_alert_unknown,no_alert_not_final_benign,-1,dns,port
2025-07-19T23:03:33.202408+0700,103.195.142.74,202.134.0.155,35754,53,UDP,dns,,1432285794699820,wire/pcap,0,0,0,0,0,0.0,0,0,0,none,0,none,0,0,0,no_alert_unknown,no_alert_not_final_benign,-1,dns,port
2025-07-19T23:03:33.248139+0700,103.195.142.74,202.134.0.155,63853,53,UDP,dns,,1628700630135952,wire/pcap,0,0,0,0,0,0.0,0,0,0,none,0,none,0,0,0,no_alert_unknown,no_alert_not_final_benign,-1,dns,port
2025-07-19T23:03:33.249012+0700,103.195.142.75,8.8.8.8,30289,53,UDP,dns,,1632448401473424,wire/pcap,0,0,0,0,0,0.0,0,0,0,none,0,none,0,0,0,no_alert_unknown,no_alert_not_final_benign,-1,dns,port
2025-07-19T23:03:33.266562+0700,103.195.142.75,8.8.8.8,6798,53,UDP,dns,,1426351973913130,wire/pcap,0,0,0,0,0,0.0,0,0,0,none,0,none,0,0,0,no_alert_unknown,no_alert_not_final_benign,-1,dns,port
2025-07-19T23:03:33.270789+0700,103.195.142.74,118.98.44.20,62084,53,UDP,dns,,1444508650675095,wire/pcap,0,0,0,0,0,0.0,0,0,0,none,0,none,0,0,0,no_alert_unknown,no_alert_not_final_benign,-1,dns,port
2025-07-19T23:03:33.300170+0700,103.195.142.74,118.98.44.20,63062,53,UDP,dns,,1570695850616048,wire/pcap,0,0,0,0,0,0.0,0,0,0,none,0,none,0,0,0,no_alert_unknown,no_alert_not_final_benign,-1,dns,port
2025-07-19T23:03:33.307961+0700,103.195.142.74,118.98.44.100,31406,53,UDP,dns,,1604158653630379,wire/pcap,0,0,0,0,0,0.0,0,0,0,none,0,none,0,0,0,no_alert_unknown,no_alert_not_final_benign,-1,dns,port
2025-07-19T23:03:33.325920+0700,103.195.142.74,118.98.44.50,61280,53,UDP,dns,,1681292128925904,wire/pcap,0,0,0,0,0,0.0,0,0,0,none,0,none,0,0,0,no_alert_unknown,no_alert_not_final_benign,-1,dns,port
2025-07-19T23:03:33.334616+0700,103.195.142.75,8.8.8.8,54151,53,UDP,dns,,1437165080200477,wire/pcap,0,0,0,0,0,0.0,0,0,0,none,0,none,0,0,0,no_alert_unknown,no_alert_not_final_benign,-1,dns,port
2025-07-19T23:03:33.334623+0700,103.195.142.74,118.98.44.20,20264,53,UDP,dns,,1437198890760442,wire/pcap,0,0,0,0,0,0.0,0,0,0,none,0,none,0,0,0,no_alert_unknown,no_alert_not_final_benign,-1,dns,port
2025-07-19T23:03:33.334703+0700,103.195.142.74,118.98.44.100,59566,53,UDP,dns,,1437542694466621,wire/pcap,0,0,0,0,0,0.0,0,0,0,none,0,none,0,0,0,no_alert_unknown,no_alert_not_final_benign,-1,dns,port
2025-07-19T23:03:33.344809+0700,103.195.142.74,118.98.44.50,51908,53,UDP,dns,,1480947446439996,wire/pcap,0,0,0,0,0,0.0,0,0,0,none,0,none,0,0,0,no_alert_unknown,no_alert_not_final_benign,-1,dns,port
2025-07-19T23:03:33.348578+0700,103.195.142.74,118.98.44.50,56652,53,UDP,dns,,1497132151095953,wire/pcap,0,0,0,0,0,0.0,0,0,0,none,0,none,0,0,0,no_alert_unknown,no_alert_not_final_benign,-1,dns,port
2025-07-19T23:03:33.369877+0700,103.195.142.46,87.98.154.247,53,3492,UDP,flow,failed,1958259625735885,,1,1,0,1437,0,0.0,1,1437,0,none,0,none,0,0,0,no_alert_unknown,no_alert_not_final_benign,-1,dns,port
2025-07-19T23:03:33.380665+0700,103.195.142.74,118.98.44.50,9813,53,UDP,flow,dns,1741151405955596,,1,1,0,241,0,0.0,1,241,0,none,0,none,0,0,0,no_alert_unknown,no_alert_not_final_benign,-1,dns,app_proto+port
2025-07-19T23:03:33.396711+0700,103.195.142.74,202.134.0.155,15407,53,UDP,dns,,1422386015260854,wire/pcap,0,0,0,0,0,0.0,0,0,0,none,0,none,0,0,0,no_alert_unknown,no_alert_not_final_benign,-1,dns,port
2025-07-19T23:03:33.411720+0700,103.195.142.74,118.98.44.100,25972,53,UDP,dns,,1486849563721498,wire/pcap,0,0,0,0,0,0.0,0,0,0,none,0,none,0,0,0,no_alert_unknown,no_alert_not_final_benign,-1,dns,port
2025-07-19T23:03:33.411807+0700,103.195.142.74,118.98.44.20,36454,53,UDP,dns,,1487226016569714,wire/pcap,0,0,0,0,0,0.0,0,0,0,none,0,none,0,0,0,no_alert_unknown,no_alert_not_final_benign,-1,dns,port
2025-07-19T23:03:33.448148+0700,103.195.142.74,202.134.0.155,32440,53,UDP,dns,,1643308878205243,wire/pcap,0,0,0,0,0,0.0,0,0,0,none,0,none,0,0,0,no_alert_unknown,no_alert_not_final_benign,-1,dns,port
2025-07-19T23:03:33.462288+0700,103.195.142.74,118.98.44.100,55079,53,UDP,dns,,1422564880723028,wire/pcap,0,0,0,0,0,0.0,0,0,0,none,0,none,0,0,0,no_alert_unknown,no_alert_not_final_benign,-1,dns,port
2025-07-19T23:03:33.486564+0700,103.195.142.74,202.134.0.155,42675,53,UDP,dns,,1526826650441327,wire/pcap,0,0,0,0,0,0.0,0,0,0,none,0,none,0,0,0,no_alert_unknown,no_alert_not_final_benign,-1,dns,port
2025-07-19T23:03:33.499688+0700,103.195.142.74,202.134.0.155,3737,53,UDP,dns,,1583194680013782,wire/pcap,0,0,0,0,0,0.0,0,0,0,none,0,none,0,0,0,no_alert_unknown,no_alert_not_final_benign,-1,dns,port
2025-07-19T23:03:33.571286+0700,103.195.142.74,118.98.44.100,29708,53,UDP,dns,,1609233219497183,wire/pcap,0,0,0,0,0,0.0,0,0,0,none,0,none,0,0,0,no_alert_unknown,no_alert_not_final_benign,-1,dns,port
2025-07-19T23:03:33.591152+0700,103.195.142.74,69.16.230.48,19601,53,UDP,dns,,1413082876922129,wire/pcap,0,0,0,0,0,0.0,0,0,0,none,0,none,0,0,0,no_alert_unknown,no_alert_not_final_benign,-1,dns,port
2025-07-19T23:03:33.602886+0700,103.195.142.83,87.98.154.117,53,19368,UDP,flow,failed,447615702207999,,1,1,0,1190,0,0.0,1,1190,0,none,0,none,0,0,0,no_alert_unknown,no_alert_not_final_benign,-1,dns,port
2025-07-19T23:03:33.602957+0700,103.195.142.74,118.98.44.20,14407,53,UDP,flow,dns,456507660504607,,1,1,0,223,0,0.0,1,223,0,none,0,none,0,0,0,no_alert_unknown,no_alert_not_final_benign,-1,dns,app_proto+port
2025-07-19T23:03:33.602999+0700,103.195.142.165,87.98.154.119,53,39676,UDP,flow,failed,1093751764880993,,1,1,0,1437,0,0.0,1,1437,0,none,0,none,0,0,0,no_alert_unknown,no_alert_not_final_benign,-1,dns,port
2025-07-19T23:03:33.603054+0700,103.195.142.75,8.8.8.8,8352,53,UDP,flow,dns,592697480384178,,1,1,0,68,0,0.0,1,68,0,none,0,none,0,0,0,no_alert_unknown,no_alert_not_final_benign,-1,dns,app_proto+port
2025-07-19T23:03:33.603077+0700,103.195.142.83,87.98.154.210,53,60931,UDP,flow,failed,524844161765071,,1,1,0,1190,0,0.0,1,1190,0,none,0,none,0,0,0,no_alert_unknown,no_alert_not_final_benign,-1,dns,port
2025-07-19T23:03:33.603096+0700,103.195.142.109,87.98.154.129,53,32968,UDP,flow,failed,335952253554393,,1,1,0,1437,0,0.0,1,1437,0,none,0,none,0,0,0,no_alert_unknown,no_alert_not_final_benign,-1,dns,port
2025-07-19T23:03:33.603134+0700,103.195.142.195,87.98.154.88,53,56175,UDP,flow,failed,669664801197803,,1,1,0,1437,0,0.0,1,1437,0,none,0,none,0,0,0,no_alert_unknown,no_alert_not_final_benign,-1,dns,port
2025-07-19T23:03:33.603203+0700,103.195.142.195,87.98.154.119,53,37942,UDP,flow,failed,787384880664338,,1,1,0,1437,0,0.0,1,1437,0,none,0,none,0,0,0,no_alert_unknown,no_alert_not_final_benign,-1,dns,port
2025-07-19T23:03:33.603248+0700,103.195.142.83,87.98.154.138,53,11254,UDP,flow,failed,242072821370644,,1,3,0,3570,0,10.0,3,3570,0,none,0,none,0,0,0,no_alert_unknown,no_alert_not_final_benign,-1,dns,port
2025-07-19T23:03:33.603301+0700,103.195.142.109,87.98.154.118,53,28524,UDP,flow,failed,710205278064522,,1,1,0,1437,0,0.0,1,1437,0,none,0,none,0,0,0,no_alert_unknown,no_alert_not_final_benign,-1,dns,port
2025-07-19T23:03:33.603341+0700,103.195.142.74,118.98.44.20,32021,53,UDP,flow,dns,1294044637302673,,1,1,0,241,0,0.0,1,241,0,none,0,none,0,0,0,no_alert_unknown,no_alert_not_final_benign,-1,dns,app_proto+port
2025-07-19T23:03:33.603430+0700,103.195.142.74,118.98.44.100,43082,53,UDP,flow,dns,756518692327427,,1,1,0,74,0,0.0,1,74,0,none,0,none,0,0,0,no_alert_unknown,no_alert_not_final_benign,-1,dns,app_proto+port
2025-07-19T23:03:33.603462+0700,103.195.142.3,118.98.101.74,53,15629,UDP,flow,failed,495742080454674,,1,1,0,134,0,0.0,1,134,0,none,0,none,0,0,0,no_alert_unknown,no_alert_not_final_benign,-1,dns,port
2025-07-19T23:03:33.603519+0700,103.195.142.165,87.98.154.119,53,8810,UDP,flow,failed,1565251996225582,,1,1,0,1437,0,0.0,1,1437,0,none,0,none,0,0,0,no_alert_unknown,no_alert_not_final_benign,-1,dns,port
2025-07-19T23:03:33.603567+0700,103.195.142.74,202.134.0.155,55175,53,UDP,flow,dns,1019240772407347,,1,1,0,87,0,0.0,1,87,0,none,0,none,0,0,0,no_alert_unknown,no_alert_not_final_benign,-1,dns,app_proto+port
2025-07-19T23:03:33.603639+0700,103.195.142.83,87.98.154.250,53,32177,UDP,flow,failed,573799572508836,,1,1,0,1190,0,0.0,1,1190,0,none,0,none,0,0,0,no_alert_unknown,no_alert_not_final_benign,-1,dns,port
2025-07-19T23:03:33.603658+0700,103.195.142.76,87.98.154.119,53,16414,UDP,flow,failed,1182680462987430,,1,1,0,1469,0,0.0,1,1469,0,none,0,none,0,0,0,no_alert_unknown,no_alert_not_final_benign,-1,dns,port
2025-07-19T23:03:33.603753+0700,103.195.142.74,118.98.44.100,25552,53,UDP,flow,dns,456712209306099,,1,1,0,74,0,0.0,1,74,0,none,0,none,0,0,0,no_alert_unknown,no_alert_not_final_benign,-1,dns,app_proto+port
2025-07-19T23:03:33.603819+0700,103.195.142.74,118.98.44.20,23394,53,UDP,flow,dns,1100011213558416,,1,1,0,91,0,0.0,1,91,0,none,0,none,0,0,0,no_alert_unknown,no_alert_not_final_benign,-1,dns,app_proto+port
2025-07-19T23:03:33.603862+0700,103.195.142.46,87.98.154.131,53,51511,UDP,flow,failed,744262647943890,,1,1,0,1437,0,0.0,1,1437,0,none,0,none,0,0,0,no_alert_unknown,no_alert_not_final_benign,-1,dns,port
2025-07-19T23:03:33.603907+0700,103.195.142.76,87.98.154.226,53,58120,UDP,flow,failed,214562940850932,,1,1,0,1469,0,0.0,1,1469,0,none,0,none,0,0,0,no_alert_unknown,no_alert_not_final_benign,-1,dns,port
2025-07-19T23:03:33.603926+0700,103.195.142.75,8.8.8.8,36100,53,UDP,flow,dns,778576768144122,,1,1,0,84,0,0.0,1,84,0,none,0,none,0,0,0,no_alert_unknown,no_alert_not_final_benign,-1,dns,app_proto+port
2025-07-19T23:03:33.603970+0700,103.195.142.165,87.98.154.89,53,3341,UDP,flow,failed,827028072174346,,1,1,0,1437,0,0.0,1,1437,0,none,0,none,0,0,0,no_alert_unknown,no_alert_not_final_benign,-1,dns,port
2025-07-19T23:03:33.603989+0700,103.195.142.75,8.8.8.8,41489,53,UDP,flow,dns,283347223253783,,1,1,0,77,0,0.0,1,77,0,none,0,none,0,0,0,no_alert_unknown,no_alert_not_final_benign,-1,dns,app_proto+port
2025-07-19T23:03:33.604030+0700,103.195.142.109,87.98.154.119,53,38615,UDP,flow,failed,160782334628668,,1,1,0,1437,0,0.0,1,1437,0,none,0,none,0,0,0,no_alert_unknown,no_alert_not_final_benign,-1,dns,port
2025-07-19T23:03:33.604073+0700,103.195.142.195,87.98.154.119,53,45977,UDP,flow,failed,113341810807705,,1,1,0,1437,0,0.0,1,1437,0,none,0,none,0,0,0,no_alert_unknown,no_alert_not_final_benign,-1,dns,port
2025-07-19T23:03:33.604091+0700,103.195.142.76,87.98.154.114,53,2501,UDP,flow,failed,1036803524924350,,1,3,0,4407,0,9.0,3,4407,0,none,0,none,0,0,0,no_alert_unknown,no_alert_not_final_benign,-1,dns,port
2025-07-19T23:03:33.604144+0700,103.195.142.195,87.98.154.119,53,30726,UDP,flow,failed,678545663857627,,1,1,0,1437,0,0.0,1,1437,0,none,0,none,0,0,0,no_alert_unknown,no_alert_not_final_benign,-1,dns,port
2025-07-19T23:03:33.604166+0700,103.195.142.165,87.98.154.13,53,57823,UDP,flow,failed,1089993410155486,,1,3,0,4311,0,9.0,3,4311,0,none,0,none,0,0,0,no_alert_unknown,no_alert_not_final_benign,-1,dns,port
2025-07-19T23:03:33.604207+0700,103.195.142.74,118.98.44.20,28394,53,UDP,flow,dns,1311711241966682,,1,1,0,211,0,0.0,1,211,0,none,0,none,0,0,0,no_alert_unknown,no_alert_not_final_benign,-1,dns,app_proto+port
2025-07-19T23:03:33.604240+0700,103.195.142.165,87.98.154.119,53,8878,UDP,flow,failed,1116653055710302,,1,1,0,1437,0,0.0,1,1437,0,none,0,none,0,0,0,no_alert_unknown,no_alert_not_final_benign,-1,dns,port
2025-07-19T23:03:33.604260+0700,103.195.142.195,87.98.154.8,53,42815,UDP,flow,failed,342032811889826,,1,1,0,1437,0,0.0,1,1437,0,none,0,none,0,0,0,no_alert_unknown,no_alert_not_final_benign,-1,dns,port
2025-07-19T23:03:33.604280+0700,103.195.142.195,87.98.154.119,53,3191,UDP,flow,failed,1230991082525894,,1,1,0,1437,0,0.0,1,1437,0,none,0,none,0,0,0,no_alert_unknown,no_alert_not_final_benign,-1,dns,port
2025-07-19T23:03:33.604395+0700,103.195.142.196,87.98.154.5,53,63293,UDP,flow,failed,419168114447709,,1,1,0,1437,0,0.0,1,1437,0,none,0,none,0,0,0,no_alert_unknown,no_alert_not_final_benign,-1,dns,port
2025-07-19T23:03:33.604415+0700,103.195.142.76,87.98.154.119,53,31192,UDP,flow,failed,1089771947890032,,1,1,0,1469,0,0.0,1,1469,0,none,0,none,0,0,0,no_alert_unknown,no_alert_not_final_benign,-1,dns,port
2025-07-19T23:03:33.604434+0700,103.195.142.46,87.98.154.167,53,9494,UDP,flow,failed,900649572636027,,1,1,0,1437,0,0.0,1,1437,0,none,0,none,0,0,0,no_alert_unknown,no_alert_not_final_benign,-1,dns,port
2025-07-19T23:03:33.604459+0700,103.195.142.75,45.79.197.241,33512,53,UDP,flow,dns,1658279504844161,,1,1,0,85,0,0.0,1,85,0,none,0,none,0,0,0,no_alert_unknown,no_alert_not_final_benign,-1,dns,app_proto+port
2025-07-19T23:03:33.604479+0700,103.195.142.76,87.98.154.138,53,14381,UDP,flow,failed,250897715303821,,1,1,0,1469,0,0.0,1,1469,0,none,0,none,0,0,0,no_alert_unknown,no_alert_not_final_benign,-1,dns,port
2025-07-19T23:03:33.604667+0700,103.195.142.165,87.98.154.119,53,30232,UDP,flow,failed,1471619776189984,,1,1,0,1437,0,0.0,1,1437,0,none,0,none,0,0,0,no_alert_unknown,no_alert_not_final_benign,-1,dns,port
2025-07-19T23:03:33.604686+0700,103.195.142.196,87.98.154.119,53,59147,UDP,flow,failed,627907483539006,,1,1,0,1437,0,0.0,1,1437,0,none,0,none,0,0,0,no_alert_unknown,no_alert_not_final_benign,-1,dns,port
2025-07-19T23:03:33.604704+0700,103.195.142.74,50.28.102.86,49969,53,UDP,flow,dns,1171879132665529,,1,1,0,91,0,0.0,1,91,0,none,0,none,0,0,0,no_alert_unknown,no_alert_not_final_benign,-1,dns,app_proto+port
2025-07-19T23:03:33.604856+0700,103.195.142.196,87.98.154.119,53,58609,UDP,flow,failed,1336615178672023,,1,1,0,1437,0,0.0,1,1437,0,none,0,none,0,0,0,no_alert_unknown,no_alert_not_final_benign,-1,dns,port
2025-07-19T23:03:33.605004+0700,103.195.142.76,87.98.154.110,53,62381,UDP,flow,failed,61693923497938,,1,1,0,1469,0,0.0,1,1469,0,none,0,none,0,0,0,no_alert_unknown,no_alert_not_final_benign,-1,dns,port
2025-07-19T23:03:33.605023+0700,103.195.142.74,202.134.0.155,30682,53,UDP,flow,dns,1553638252681197,,1,1,0,220,0,0.0,1,220,0,none,0,none,0,0,0,no_alert_unknown,no_alert_not_final_benign,-1,dns,app_proto+port
2025-07-19T23:03:33.605042+0700,103.195.142.109,87.98.154.119,53,13114,UDP,flow,failed,396470291535877,,1,1,0,1437,0,0.0,1,1437,0,none,0,none,0,0,0,no_alert_unknown,no_alert_not_final_benign,-1,dns,port
2025-07-19T23:03:33.605089+0700,103.195.142.74,202.134.0.155,38978,53,UDP,flow,dns,1273776171391020,,1,1,0,91,0,0.0,1,91,0,none,0,none,0,0,0,no_alert_unknown,no_alert_not_final_benign,-1,dns,app_proto+port
2025-07-19T23:03:33.605125+0700,103.195.142.196,87.98.154.119,53,58853,UDP,flow,failed,756503973664854,,1,1,0,1437,0,0.0,1,1437,0,none,0,none,0,0,0,no_alert_unknown,no_alert_not_final_benign,-1,dns,port
2025-07-19T23:03:33.605209+0700,103.195.142.46,87.98.154.119,53,21846,UDP,flow,failed,1401250812205279,,1,1,0,1437,0,0.0,1,1437,0,none,0,none,0,0,0,no_alert_unknown,no_alert_not_final_benign,-1,dns,port
2025-07-19T23:03:33.605227+0700,103.195.142.74,118.98.44.20,41012,53,UDP,flow,dns,147614961047839,,1,1,0,88,0,0.0,1,88,0,none,0,none,0,0,0,no_alert_unknown,no_alert_not_final_benign,-1,dns,app_proto+port
2025-07-19T23:03:33.605253+0700,103.195.142.74,118.98.44.100,50382,53,UDP,flow,dns,1294320891599241,,1,1,0,223,0,0.0,1,223,0,none,0,none,0,0,0,no_alert_unknown,no_alert_not_final_benign,-1,dns,app_proto+port
2025-07-19T23:03:33.605273+0700,103.195.142.46,87.98.154.55,53,62742,UDP,flow,failed,1010240091134366,,1,3,0,4311,0,10.0,3,4311,0,none,0,none,0,0,0,no_alert_unknown,no_alert_not_final_benign,-1,dns,port
2025-07-19T23:03:33.605360+0700,103.195.142.109,87.98.154.109,53,61603,UDP,flow,failed,1528497459239387,,1,1,0,1437,0,0.0,1,1437,0,none,0,none,0,0,0,no_alert_unknown,no_alert_not_final_benign,-1,dns,port
2025-07-19T23:03:33.605379+0700,103.195.142.75,8.8.8.8,15317,53,UDP,flow,dns,536890273569286,,1,1,0,211,0,0.0,1,211,0,none,0,none,0,0,0,no_alert_unknown,no_alert_not_final_benign,-1,dns,app_proto+port
2025-07-19T23:03:33.605425+0700,103.195.142.195,87.98.154.240,53,31716,UDP,flow,failed,1232326560586262,,1,3,0,4311,0,9.0,3,4311,0,none,0,none,0,0,0,no_alert_unknown,no_alert_not_final_benign,-1,dns,port
2025-07-19T23:03:33.605583+0700,103.195.142.46,87.98.154.119,53,56817,UDP,flow,failed,442969355525060,,1,1,0,1437,0,0.0,1,1437,0,none,0,none,0,0,0,no_alert_unknown,no_alert_not_final_benign,-1,dns,port
2025-07-19T23:03:33.605603+0700,103.195.142.83,87.98.154.18,53,48839,UDP,flow,failed,1442299141495766,,1,1,0,1190,0,0.0,1,1190,0,none,0,none,0,0,0,no_alert_unknown,no_alert_not_final_benign,-1,dns,port
2025-07-19T23:03:33.605642+0700,103.195.142.2,194.165.130.139,53,51134,UDP,flow,failed,1469997954767900,,1,1,0,143,0,0.0,1,143,0,none,0,none,0,0,0,no_alert_unknown,no_alert_not_final_benign,-1,dns,port
2025-07-19T23:03:33.605666+0700,103.195.142.3,8.0.18.142,53,43379,UDP,flow,failed,955702570196090,,1,1,0,215,0,0.0,1,215,0,none,0,none,0,0,0,no_alert_unknown,no_alert_not_final_benign,-1,dns,port
2025-07-19T23:03:33.605708+0700,103.195.142.76,87.98.154.198,53,12172,UDP,flow,failed,74945059495109,,1,3,0,4407,0,10.0,3,4407,0,none,0,none,0,0,0,no_alert_unknown,no_alert_not_final_benign,-1,dns,port
2025-07-19T23:03:33.605726+0700,103.195.142.196,87.98.154.61,53,10008,UDP,flow,failed,1281577241418980,,1,1,0,1437,0,0.0,1,1437,0,none,0,none,0,0,0,no_alert_unknown,no_alert_not_final_benign,-1,dns,port
2025-07-19T23:03:33.605788+0700,103.195.142.109,87.98.154.119,53,23753,UDP,flow,failed,1637712398654798,,1,1,0,1437,0,0.0,1,1437,0,none,0,none,0,0,0,no_alert_unknown,no_alert_not_final_benign,-1,dns,port
2025-07-19T23:03:33.605812+0700,103.195.142.46,87.98.154.119,53,17677,UDP,flow,failed,1319097455353180,,1,1,0,1437,0,0.0,1,1437,0,none,0,none,0,0,0,no_alert_unknown,no_alert_not_final_benign,-1,dns,port
2025-07-19T23:03:33.605831+0700,103.195.142.196,87.98.154.225,53,48799,UDP,flow,failed,935263314386273,,1,1,0,1437,0,0.0,1,1437,0,none,0,none,0,0,0,no_alert_unknown,no_alert_not_final_benign,-1,dns,port
2025-07-19T23:03:33.605849+0700,103.195.142.74,118.98.44.20,39284,53,UDP,flow,dns,1001671902895471,,1,1,0,101,0,0.0,1,101,0,none,0,none,0,0,0,no_alert_unknown,no_alert_not_final_benign,-1,dns,app_proto+port
2025-07-19T23:03:33.605890+0700,103.195.142.74,202.134.0.155,4076,53,UDP,flow,dns,424478039088570,,1,1,0,82,0,0.0,1,82,0,none,0,none,0,0,0,no_alert_unknown,no_alert_not_final_benign,-1,dns,app_proto+port
2025-07-19T23:03:33.605910+0700,103.195.142.75,8.8.8.8,39491,53,UDP,flow,dns,1202657484807642,,1,1,0,214,0,0.0,1,214,0,none,0,none,0,0,0,no_alert_unknown,no_alert_not_final_benign,-1,dns,app_proto+port
2025-07-19T23:03:33.605931+0700,103.195.142.75,8.8.8.8,38966,53,UDP,flow,dns,1379574481690090,,1,1,0,74,0,0.0,1,74,0,none,0,none,0,0,0,no_alert_unknown,no_alert_not_final_benign,-1,dns,app_proto+port
2025-07-19T23:03:33.605999+0700,103.195.142.74,202.134.0.155,39204,53,UDP,flow,dns,1091173301165661,,1,1,0,74,0,0.0,1,74,0,none,0,none,0,0,0,no_alert_unknown,no_alert_not_final_benign,-1,dns,app_proto+port
2025-07-19T23:03:33.606020+0700,103.195.142.74,118.98.44.20,23560,53,UDP,flow,dns,295723610152609,,1,1,0,223,0,0.0,1,223,0,none,0,none,0,0,0,no_alert_unknown,no_alert_not_final_benign,-1,dns,app_proto+port
2025-07-19T23:03:33.606041+0700,103.195.142.74,202.134.0.155,30861,53,UDP,flow,dns,314487158415025,,1,1,0,214,0,0.0,1,214,0,none,0,none,0,0,0,no_alert_unknown,no_alert_not_final_benign,-1,dns,app_proto+port
2025-07-19T23:03:33.606119+0700,103.195.142.76,87.98.154.142,53,52136,UDP,flow,failed,735788595683239,,1,3,0,4407,0,10.0,3,4407,0,none,0,none,0,0,0,no_alert_unknown,no_alert_not_final_benign,-1,dns,port
2025-07-19T23:03:33.606260+0700,103.195.142.76,87.98.154.226,53,36241,UDP,flow,failed,268552525193245,,1,3,0,4407,0,9.0,3,4407,0,none,0,none,0,0,0,no_alert_unknown,no_alert_not_final_benign,-1,dns,port
2025-07-19T23:03:33.606345+0700,103.195.142.165,87.98.154.113,53,10797,UDP,flow,failed,785819835637850,,1,1,0,1437,0,0.0,1,1437,0,none,0,none,0,0,0,no_alert_unknown,no_alert_not_final_benign,-1,dns,port
2025-07-19T23:03:33.606365+0700,103.195.142.76,87.98.154.119,53,3522,UDP,flow,failed,580471756234855,,1,1,0,1469,0,0.0,1,1469,0,none,0,none,0,0,0,no_alert_unknown,no_alert_not_final_benign,-1,dns,port
2025-07-19T23:03:33.606385+0700,103.195.142.165,87.98.154.119,53,37542,UDP,flow,failed,1193125143126155,,1,1,0,1437,0,0.0,1,1437,0,none,0,none,0,0,0,no_alert_unknown,no_alert_not_final_benign,-1,dns,port
2025-07-19T23:03:33.606440+0700,103.195.142.165,87.98.154.241,53,5301,UDP,flow,failed,1399789314187439,,1,3,0,4311,0,9.0,3,4311,0,none,0,none,0,0,0,no_alert_unknown,no_alert_not_final_benign,-1,dns,port
2025-07-19T23:03:33.606459+0700,103.195.142.74,118.98.44.50,35409,53,UDP,flow,dns,1173732266746049,,1,1,0,76,0,0.0,1,76,0,none,0,none,0,0,0,no_alert_unknown,no_alert_not_final_benign,-1,dns,app_proto+port
2025-07-19T23:03:33.606479+0700,103.195.142.3,45.141.215.21,53,38413,UDP,flow,failed,1378892864823505,,1,1,0,148,0,0.0,1,148,0,none,0,none,0,0,0,no_alert_unknown,no_alert_not_final_benign,-1,dns,port
2025-07-19T23:03:33.606498+0700,103.195.142.74,118.98.44.100,53745,53,UDP,flow,dns,614159683952851,,1,1,0,211,0,0.0,1,211,0,none,0,none,0,0,0,no_alert_unknown,no_alert_not_final_benign,-1,dns,app_proto+port
2025-07-19T23:03:33.606517+0700,103.195.142.2,180.241.27.247,53,37389,UDP,flow,failed,576367104499936,,1,1,0,132,0,0.0,1,132,0,none,0,none,0,0,0,no_alert_unknown,no_alert_not_final_benign,-1,dns,port
2025-07-19T23:03:33.606543+0700,103.195.142.75,8.8.8.8,31361,53,UDP,flow,dns,1007494818177269,,1,1,0,138,0,0.0,1,138,0,none,0,none,0,0,0,no_alert_unknown,no_alert_not_final_benign,-1,dns,app_proto+port
2025-07-19T23:03:33.606562+0700,103.195.142.3,74.125.177.16,53,59073,UDP,flow,failed,683207070261540,,1,1,0,159,0,0.0,1,159,0,none,0,none,0,0,0,no_alert_unknown,no_alert_not_final_benign,-1,dns,port
2025-07-19T23:03:33.606581+0700,103.195.142.83,87.98.154.250,53,25825,UDP,flow,failed,841304545763666,,1,1,0,1190,0,0.0,1,1190,0,none,0,none,0,0,0,no_alert_unknown,no_alert_not_final_benign,-1,dns,port
2025-07-19T23:03:33.606622+0700,103.195.142.76,87.98.154.26,53,25403,UDP,flow,failed,1032313808298326,,1,1,0,1469,0,0.0,1,1469,0,none,0,none,0,0,0,no_alert_unknown,no_alert_not_final_benign,-1,dns,port
2025-07-19T23:03:33.606708+0700,103.195.142.46,87.98.154.167,53,30389,UDP,flow,failed,1324409544974811,,1,1,0,1437,0,0.0,1,1437,0,none,0,none,0,0,0,no_alert_unknown,no_alert_not_final_benign,-1,dns,port
2025-07-19T23:03:33.606760+0700,103.195.142.165,87.98.154.69,53,28433,UDP,flow,failed,584120808251909,,1,1,0,1437,0,0.0,1,1437,0,none,0,none,0,0,0,no_alert_unknown,no_alert_not_final_benign,-1,dns,port
2025-07-19T23:03:33.606779+0700,103.195.142.46,87.98.154.117,53,15677,UDP,flow,failed,528168215126559,,1,1,0,1437,0,0.0,1,1437,0,none,0,none,0,0,0,no_alert_unknown,no_alert_not_final_benign,-1,dns,port
2025-07-19T23:03:33.606814+0700,103.195.142.75,8.8.8.8,63982,53,UDP,flow,dns,589267312386595,,1,1,0,85,0,0.0,1,85,0,none,0,none,0,0,0,no_alert_unknown,no_alert_not_final_benign,-1,dns,app_proto+port
2025-07-19T23:03:33.606857+0700,103.195.142.75,8.8.8.8,35375,53,UDP,flow,dns,1234873473901160,,1,1,0,79,0,0.0,1,79,0,none,0,none,0,0,0,no_alert_unknown,no_alert_not_final_benign,-1,dns,app_proto+port
2025-07-19T23:03:33.606899+0700,103.195.142.74,118.98.44.100,56891,53,UDP,flow,dns,1504462493852442,,1,1,0,88,0,0.0,1,88,0,none,0,none,0,0,0,no_alert_unknown,no_alert_not_final_benign,-1,dns,app_proto+port
2025-07-19T23:03:33.606839+0700,103.195.142.74,118.98.44.20,2050,53,UDP,dns,,1480457050480100,wire/pcap,0,0,0,0,0,0.0,0,0,0,none,0,none,0,0,0,no_alert_unknown,no_alert_not_final_benign,-1,dns,port
2025-07-19T23:03:33.606959+0700,103.195.142.3,51.38.107.71,53,13442,UDP,flow,failed,685069229826928,,1,1,0,154,0,0.0,1,154,0,none,0,none,0,0,0,no_alert_unknown,no_alert_not_final_benign,-1,dns,port
2025-07-19T23:03:33.607002+0700,103.195.142.165,87.98.154.153,53,3827,UDP,flow,failed,1136369627964369,,1,1,0,1437,0,0.0,1,1437,0,none,0,none,0,0,0,no_alert_unknown,no_alert_not_final_benign,-1,dns,port
2025-07-19T23:03:33.607045+0700,103.195.142.75,8.8.8.8,52496,53,UDP,flow,dns,1433813712118799,,1,1,0,93,0,0.0,1,93,0,none,0,none,0,0,0,no_alert_unknown,no_alert_not_final_benign,-1,dns,app_proto+port
2025-07-19T23:03:33.607080+0700,103.195.142.74,118.98.44.20,15090,53,UDP,flow,dns,1387958433621042,,1,1,0,241,0,0.0,1,241,0,none,0,none,0,0,0,no_alert_unknown,no_alert_not_final_benign,-1,dns,app_proto+port
2025-07-19T23:03:33.607109+0700,103.195.142.83,87.98.154.82,53,27164,UDP,flow,failed,1654309169734729,,1,1,0,1190,0,0.0,1,1190,0,none,0,none,0,0,0,no_alert_unknown,no_alert_not_final_benign,-1,dns,port
2025-07-19T23:03:33.607132+0700,103.195.142.195,87.98.154.119,53,21900,UDP,flow,failed,1202931830170713,,1,1,0,1437,0,0.0,1,1437,0,none,0,none,0,0,0,no_alert_unknown,no_alert_not_final_benign,-1,dns,port
2025-07-19T23:03:33.607151+0700,103.195.142.75,8.8.8.8,30723,53,UDP,flow,dns,794166670664867,,1,1,0,214,0,0.0,1,214,0,none,0,none,0,0,0,no_alert_unknown,no_alert_not_final_benign,-1,dns,app_proto+port
2025-07-19T23:03:33.607171+0700,103.195.142.3,172.253.0.28,53,48109,UDP,flow,failed,1025651635659984,,1,1,0,162,0,0.0,1,162,0,none,0,none,0,0,0,no_alert_unknown,no_alert_not_final_benign,-1,dns,port
2025-07-19T23:03:33.607189+0700,103.195.142.74,202.134.0.155,28089,53,UDP,flow,dns,1024152036451577,,1,1,0,82,0,0.0,1,82,0,none,0,none,0,0,0,no_alert_unknown,no_alert_not_final_benign,-1,dns,app_proto+port
2025-07-19T23:03:33.607239+0700,103.195.142.165,87.98.154.241,53,1679,UDP,flow,failed,1261092970308892,,1,1,0,1437,0,0.0,1,1437,0,none,0,none,0,0,0,no_alert_unknown,no_alert_not_final_benign,-1,dns,port
2025-07-19T23:03:33.607401+0700,103.195.142.74,118.98.44.100,44509,53,UDP,flow,dns,1101676057994818,,1,1,0,78,0,0.0,1,78,0,none,0,none,0,0,0,no_alert_unknown,no_alert_not_final_benign,-1,dns,app_proto+port
2025-07-19T23:03:33.607421+0700,103.195.142.196,87.98.154.5,53,10975,UDP,flow,failed,237843487139485,,1,3,0,4311,0,10.0,3,4311,0,none,0,none,0,0,0,no_alert_unknown,no_alert_not_final_benign,-1,dns,port
2025-07-19T23:03:33.607440+0700,103.195.142.108,8.8.8.8,14910,53,UDP,flow,dns,984147708618456,,1,1,0,68,0,0.0,1,68,0,none,0,none,0,0,0,no_alert_unknown,no_alert_not_final_benign,-1,dns,app_proto+port
2025-07-19T23:03:33.607460+0700,103.195.142.165,87.98.154.169,53,54321,UDP,flow,failed,426166152275677,,1,1,0,1437,0,0.0,1,1437,0,none,0,none,0,0,0,no_alert_unknown,no_alert_not_final_benign,-1,dns,port
2025-07-19T23:03:33.607504+0700,103.195.142.2,51.178.111.233,53,40387,UDP,flow,failed,999457968236281,,1,1,0,154,0,0.0,1,154,0,none,0,none,0,0,0,no_alert_unknown,no_alert_not_final_benign,-1,dns,port
2025-07-19T23:03:33.607530+0700,103.195.142.196,87.98.154.119,53,21718,UDP,flow,failed,691879537485567,,1,1,0,1437,0,0.0,1,1437,0,none,0,none,0,0,0,no_alert_unknown,no_alert_not_final_benign,-1,dns,port
2025-07-19T23:03:33.607549+0700,103.195.142.75,69.39.238.37,56293,53,UDP,flow,dns,1238846060635911,,1,1,0,85,0,0.0,1,85,0,none,0,none,0,0,0,no_alert_unknown,no_alert_not_final_benign,-1,dns,app_proto+port
2025-07-19T23:03:33.607619+0700,103.195.142.165,87.98.154.125,53,13525,UDP,flow,failed,1626686499465172,,1,1,0,1437,0,0.0,1,1437,0,none,0,none,0,0,0,no_alert_unknown,no_alert_not_final_benign,-1,dns,port
2025-07-19T23:03:33.607728+0700,103.195.142.3,180.241.27.24,53,57989,UDP,flow,failed,832063454586957,,1,1,0,106,0,0.0,1,106,0,none,0,none,0,0,0,no_alert_unknown,no_alert_not_final_benign,-1,dns,port
2025-07-19T23:03:33.607749+0700,103.195.142.165,87.98.154.125,53,54898,UDP,flow,failed,161790415808597,,1,3,0,4311,0,9.0,3,4311,0,none,0,none,0,0,0,no_alert_unknown,no_alert_not_final_benign,-1,dns,port
2025-07-19T23:03:33.607788+0700,103.195.142.196,87.98.154.121,53,8743,UDP,flow,failed,1407857620232354,,1,1,0,1437,0,0.0,1,1437,0,none,0,none,0,0,0,no_alert_unknown,no_alert_not_final_benign,-1,dns,port
2025-07-19T23:03:33.607807+0700,103.195.142.3,118.98.101.76,53,54245,UDP,flow,failed,625006747265188,,1,1,0,132,0,0.0,1,132,0,none,0,none,0,0,0,no_alert_unknown,no_alert_not_final_benign,-1,dns,port
2025-07-19T23:03:33.607831+0700,103.195.142.165,87.98.154.119,53,42034,UDP,flow,failed,810453639112916,,1,1,0,1437,0,0.0,1,1437,0,none,0,none,0,0,0,no_alert_unknown,no_alert_not_final_benign,-1,dns,port
2025-07-19T23:03:33.607850+0700,103.195.142.83,87.98.154.119,53,1144,UDP,flow,failed,849689394882809,,1,1,0,1190,0,0.0,1,1190,0,none,0,none,0,0,0,no_alert_unknown,no_alert_not_final_benign,-1,dns,port
2025-07-19T23:03:33.607868+0700,103.195.142.109,87.98.154.119,53,62925,UDP,flow,failed,952716608940316,,1,1,0,1437,0,0.0,1,1437,0,none,0,none,0,0,0,no_alert_unknown,no_alert_not_final_benign,-1,dns,port
2025-07-19T23:03:33.607907+0700,103.195.142.109,87.98.154.119,53,12779,UDP,flow,failed,754944083569028,,1,1,0,1437,0,0.0,1,1437,0,none,0,none,0,0,0,no_alert_unknown,no_alert_not_final_benign,-1,dns,port
2025-07-19T23:03:33.607925+0700,103.195.142.74,202.134.0.155,61395,53,UDP,flow,dns,906531768707565,,1,1,0,78,0,0.0,1,78,0,none,0,none,0,0,0,no_alert_unknown,no_alert_not_final_benign,-1,dns,app_proto+port
2025-07-19T23:03:33.607945+0700,103.195.142.83,87.98.154.182,53,39644,UDP,flow,failed,322340922141232,,1,1,0,1190,0,0.0,1,1190,0,none,0,none,0,0,0,no_alert_unknown,no_alert_not_final_benign,-1,dns,port
2025-07-19T23:03:33.607991+0700,103.195.142.75,8.8.8.8,13614,53,UDP,flow,dns,893391132043882,,1,1,0,121,0,0.0,1,121,0,none,0,none,0,0,0,no_alert_unknown,no_alert_not_final_benign,-1,dns,app_proto+port
2025-07-19T23:03:33.608023+0700,103.195.142.76,87.98.154.86,53,37130,UDP,flow,failed,1237235372206713,,1,1,0,1469,0,0.0,1,1469,0,none,0,none,0,0,0,no_alert_unknown,no_alert_not_final_benign,-1,dns,port
2025-07-19T23:03:33.608132+0700,103.195.142.195,87.98.154.119,53,53240,UDP,flow,failed,664718163258085,,1,1,0,1437,0,0.0,1,1437,0,none,0,none,0,0,0,no_alert_unknown,no_alert_not_final_benign,-1,dns,port
2025-07-19T23:03:33.608174+0700,103.195.142.2,172.217.43.144,53,57214,UDP,flow,failed,1098279915301659,,1,1,0,200,0,0.0,1,200,0,none,0,none,0,0,0,no_alert_unknown,no_alert_not_final_benign,-1,dns,port
2025-07-19T23:03:33.608251+0700,103.195.142.46,87.98.154.139,53,37798,UDP,flow,failed,1668187291331543,,1,1,0,1437,0,0.0,1,1437,0,none,0,none,0,0,0,no_alert_unknown,no_alert_not_final_benign,-1,dns,port
2025-07-19T23:03:33.608361+0700,103.195.142.165,87.98.154.181,53,56063,UDP,flow,failed,1087571150384424,,1,1,0,1437,0,0.0,1,1437,0,none,0,none,0,0,0,no_alert_unknown,no_alert_not_final_benign,-1,dns,port
2025-07-19T23:03:33.608390+0700,103.195.142.74,118.98.44.100,34345,53,UDP,flow,dns,1405356127235400,,1,1,0,75,0,0.0,1,75,0,none,0,none,0,0,0,no_alert_unknown,no_alert_not_final_benign,-1,dns,app_proto+port
2025-07-19T23:03:33.608411+0700,103.195.142.195,87.98.154.124,53,18921,UDP,flow,failed,1194614372576604,,1,1,0,1437,0,0.0,1,1437,0,none,0,none,0,0,0,no_alert_unknown,no_alert_not_final_benign,-1,dns,port
2025-07-19T23:03:33.608562+0700,103.195.142.76,87.98.154.117,53,48129,UDP,flow,failed,588910268067554,,1,1,0,1469,0,0.0,1,1469,0,none,0,none,0,0,0,no_alert_unknown,no_alert_not_final_benign,-1,dns,port
2025-07-19T23:03:33.608609+0700,103.195.142.74,118.98.44.100,41474,53,UDP,flow,dns,1524404063579941,,1,1,0,68,0,0.0,1,68,0,none,0,none,0,0,0,no_alert_unknown,no_alert_not_final_benign,-1,dns,app_proto+port
2025-07-19T23:03:33.608671+0700,103.195.142.195,87.98.154.180,53,50705,UDP,flow,failed,1281933399240785,,1,1,0,1437,0,0.0,1,1437,0,none,0,none,0,0,0,no_alert_unknown,no_alert_not_final_benign,-1,dns,port
2025-07-19T23:03:33.608706+0700,103.195.142.195,87.98.154.119,53,4275,UDP,flow,failed,610369512484971,,1,1,0,1437,0,0.0,1,1437,0,none,0,none,0,0,0,no_alert_unknown,no_alert_not_final_benign,-1,dns,port
2025-07-19T23:03:33.608787+0700,103.195.142.74,118.98.44.20,46770,53,UDP,flow,dns,759569633521883,,1,1,0,211,0,0.0,1,211,0,none,0,none,0,0,0,no_alert_unknown,no_alert_not_final_benign,-1,dns,app_proto+port
2025-07-19T23:03:33.608829+0700,103.195.142.46,87.98.154.119,53,27480,UDP,flow,failed,1479191962923351,,1,1,0,1437,0,0.0,1,1437,0,none,0,none,0,0,0,no_alert_unknown,no_alert_not_final_benign,-1,dns,port
2025-07-19T23:03:33.608870+0700,103.195.142.74,118.98.44.50,62464,53,UDP,flow,dns,893780866052563,,1,1,0,214,0,0.0,1,214,0,none,0,none,0,0,0,no_alert_unknown,no_alert_not_final_benign,-1,dns,app_proto+port
2025-07-19T23:03:33.608890+0700,103.195.142.74,118.98.44.20,26131,53,UDP,flow,dns,1019004279730723,,1,1,0,241,0,0.0,1,241,0,none,0,none,0,0,0,no_alert_unknown,no_alert_not_final_benign,-1,dns,app_proto+port
2025-07-19T23:03:33.608916+0700,103.195.142.195,87.98.154.119,53,55495,UDP,flow,failed,1551687337521702,,1,1,0,1437,0,0.0,1,1437,0,none,0,none,0,0,0,no_alert_unknown,no_alert_not_final_benign,-1,dns,port
2025-07-19T23:03:33.608935+0700,103.195.142.74,202.134.0.155,65346,53,UDP,flow,dns,528133811089969,,1,1,0,68,0,0.0,1,68,0,none,0,none,0,0,0,no_alert_unknown,no_alert_not_final_benign,-1,dns,app_proto+port
2025-07-19T23:03:33.608954+0700,103.195.142.109,87.98.154.253,53,22476,UDP,flow,failed,1324967503409733,,1,1,0,1437,0,0.0,1,1437,0,none,0,none,0,0,0,no_alert_unknown,no_alert_not_final_benign,-1,dns,port
2025-07-19T23:03:33.608973+0700,103.195.142.46,87.98.154.119,53,53338,UDP,flow,failed,1620249937064545,,1,1,0,1437,0,0.0,1,1437,0,none,0,none,0,0,0,no_alert_unknown,no_alert_not_final_benign,-1,dns,port
2025-07-19T23:03:33.608991+0700,103.195.142.74,118.98.44.50,15781,53,UDP,flow,dns,1526298011841132,,1,2,0,204,0,8.0,2,204,0,none,0,none,0,0,0,no_alert_unknown,no_alert_not_final_benign,-1,dns,app_proto+port
2025-07-19T23:03:33.609011+0700,103.195.142.46,87.98.154.195,53,57665,UDP,flow,failed,1982587630727869,,1,3,0,4311,0,10.0,3,4311,0,none,0,none,0,0,0,no_alert_unknown,no_alert_not_final_benign,-1,dns,port
2025-07-19T23:03:33.609029+0700,103.195.142.46,87.98.154.139,53,52161,UDP,flow,failed,527316141421267,,1,3,0,4311,0,9.0,3,4311,0,none,0,none,0,0,0,no_alert_unknown,no_alert_not_final_benign,-1,dns,port
2025-07-19T23:03:33.609048+0700,103.195.142.76,87.98.154.119,53,64149,UDP,flow,failed,600627641135839,,1,1,0,1469,0,0.0,1,1469,0,none,0,none,0,0,0,no_alert_unknown,no_alert_not_final_benign,-1,dns,port
2025-07-19T23:03:33.609072+0700,103.195.142.195,87.98.154.96,53,50385,UDP,flow,failed,1339221310452494,,1,1,0,1437,0,0.0,1,1437,0,none,0,none,0,0,0,no_alert_unknown,no_alert_not_final_benign,-1,dns,port
2025-07-19T23:03:33.609126+0700,103.195.142.74,118.98.44.20,62439,53,UDP,flow,dns,1366335754416963,,1,1,0,72,0,0.0,1,72,0,none,0,none,0,0,0,no_alert_unknown,no_alert_not_final_benign,-1,dns,app_proto+port
2025-07-19T23:03:33.609146+0700,103.195.142.165,87.98.154.97,53,35908,UDP,flow,failed,1242335554777945,,1,1,0,1437,0,0.0,1,1437,0,none,0,none,0,0,0,no_alert_unknown,no_alert_not_final_benign,-1,dns,port
2025-07-19T23:03:33.609164+0700,103.195.142.46,87.98.154.251,53,52924,UDP,flow,failed,617016757793657,,1,1,0,1437,0,0.0,1,1437,0,none,0,none,0,0,0,no_alert_unknown,no_alert_not_final_benign,-1,dns,port
2025-07-19T23:03:33.609182+0700,103.195.142.165,87.98.154.119,53,7336,UDP,flow,failed,1339715317281680,,1,1,0,1437,0,0.0,1,1437,0,none,0,none,0,0,0,no_alert_unknown,no_alert_not_final_benign,-1,dns,port
2025-07-19T23:03:33.609202+0700,103.195.142.196,87.98.154.5,53,24727,UDP,flow,failed,1593719181882280,,1,1,0,1437,0,0.0,1,1437,0,none,0,none,0,0,0,no_alert_unknown,no_alert_not_final_benign,-1,dns,port
2025-07-19T23:03:33.609227+0700,103.195.142.83,87.98.154.74,53,30395,UDP,flow,failed,909865443144646,,1,1,0,1190,0,0.0,1,1190,0,none,0,none,0,0,0,no_alert_unknown,no_alert_not_final_benign,-1,dns,port
2025-07-19T23:03:33.609252+0700,103.195.142.75,8.8.8.8,15253,53,UDP,flow,dns,1504517806437327,,1,2,0,492,0,4.0,2,492,0,none,0,none,0,0,0,no_alert_unknown,no_alert_not_final_benign,-1,dns,app_proto+port
2025-07-19T23:03:33.609272+0700,103.195.142.74,118.98.44.50,8467,53,UDP,flow,dns,1406658580526047,,1,1,0,68,0,0.0,1,68,0,none,0,none,0,0,0,no_alert_unknown,no_alert_not_final_benign,-1,dns,app_proto+port
2025-07-19T23:03:33.609292+0700,103.195.142.165,87.98.154.117,53,23232,UDP,flow,failed,940035055891551,,1,1,0,1437,0,0.0,1,1437,0,none,0,none,0,0,0,no_alert_unknown,no_alert_not_final_benign,-1,dns,port
2025-07-19T23:03:33.609331+0700,103.195.142.76,87.98.154.82,53,52095,UDP,flow,failed,675393963111636,,1,1,0,1469,0,0.0,1,1469,0,none,0,none,0,0,0,no_alert_unknown,no_alert_not_final_benign,-1,dns,port
2025-07-19T23:03:33.609350+0700,103.195.142.74,202.134.0.155,59243,53,UDP,flow,dns,478325667869908,,1,1,0,223,0,0.0,1,223,0,none,0,none,0,0,0,no_alert_unknown,no_alert_not_final_benign,-1,dns,app_proto+port
2025-07-19T23:03:33.609370+0700,103.195.142.75,185.67.45.231,44507,53,UDP,flow,dns,972974952363282,,1,1,0,80,0,0.0,1,80,0,none,0,none,0,0,0,no_alert_unknown,no_alert_not_final_benign,-1,dns,app_proto+port
2025-07-19T23:03:33.609420+0700,103.195.142.165,87.98.154.5,53,36332,UDP,flow,failed,1305248958723454,,1,1,0,1437,0,0.0,1,1437,0,none,0,none,0,0,0,no_alert_unknown,no_alert_not_final_benign,-1,dns,port
2025-07-19T23:03:33.609439+0700,103.195.142.75,8.8.8.8,34457,53,UDP,flow,dns,1561766578107792,,1,1,0,241,0,0.0,1,241,0,none,0,none,0,0,0,no_alert_unknown,no_alert_not_final_benign,-1,dns,app_proto+port
2025-07-19T23:03:33.609459+0700,103.185.193.21,1.1.1.1,35402,53,UDP,flow,dns,1525228742391191,,1,2,0,316,0,0.0,2,316,0,none,0,none,0,0,0,no_alert_unknown,no_alert_not_final_benign,-1,dns,app_proto+port
2025-07-19T23:03:33.609540+0700,103.195.142.83,87.98.154.117,53,30892,UDP,flow,failed,863334883210749,,1,1,0,1190,0,0.0,1,1190,0,none,0,none,0,0,0,no_alert_unknown,no_alert_not_final_benign,-1,dns,port
2025-07-19T23:03:33.609579+0700,103.195.142.196,87.98.154.118,53,55525,UDP,flow,failed,474842024982087,,1,1,0,1437,0,0.0,1,1437,0,none,0,none,0,0,0,no_alert_unknown,no_alert_not_final_benign,-1,dns,port
2025-07-19T23:03:33.609624+0700,103.195.142.74,118.98.44.50,9014,53,UDP,flow,dns,695698092275329,,1,1,0,74,0,0.0,1,74,0,none,0,none,0,0,0,no_alert_unknown,no_alert_not_final_benign,-1,dns,app_proto+port
2025-07-19T23:03:33.609711+0700,103.195.142.46,87.98.154.111,53,20212,UDP,flow,failed,738377060988717,,1,1,0,1437,0,0.0,1,1437,0,none,0,none,0,0,0,no_alert_unknown,no_alert_not_final_benign,-1,dns,port
2025-07-19T23:03:33.609729+0700,103.195.142.196,87.98.154.118,53,61857,UDP,flow,failed,1562924289636148,,1,1,0,1437,0,0.0,1,1437,0,none,0,none,0,0,0,no_alert_unknown,no_alert_not_final_benign,-1,dns,port
2025-07-19T23:03:33.609748+0700,103.195.142.165,87.98.154.97,53,61640,UDP,flow,failed,315821337556871,,1,1,0,1437,0,0.0,1,1437,0,none,0,none,0,0,0,no_alert_unknown,no_alert_not_final_benign,-1,dns,port
2025-07-19T23:03:33.609771+0700,103.195.142.83,87.98.154.70,53,26525,UDP,flow,failed,1548207684663185,,1,1,0,1190,0,0.0,1,1190,0,none,0,none,0,0,0,no_alert_unknown,no_alert_not_final_benign,-1,dns,port
2025-07-19T23:03:33.609789+0700,103.195.142.196,87.98.154.89,53,18870,UDP,flow,failed,870575613949843,,1,1,0,1437,0,0.0,1,1437,0,none,0,none,0,0,0,no_alert_unknown,no_alert_not_final_benign,-1,dns,port
2025-07-19T23:03:33.609808+0700,103.195.142.46,87.98.154.119,53,42682,UDP,flow,failed,1086656715241395,,1,1,0,1437,0,0.0,1,1437,0,none,0,none,0,0,0,no_alert_unknown,no_alert_not_final_benign,-1,dns,port
2025-07-19T23:03:33.609848+0700,103.195.142.196,87.98.154.119,53,1613,UDP,flow,failed,658664117450757,,1,1,0,1437,0,0.0,1,1437,0,none,0,none,0,0,0,no_alert_unknown,no_alert_not_final_benign,-1,dns,port
2025-07-19T23:03:33.609866+0700,103.195.142.75,8.8.8.8,5951,53,UDP,flow,dns,890807868078125,,1,1,0,68,0,0.0,1,68,0,none,0,none,0,0,0,no_alert_unknown,no_alert_not_final_benign,-1,dns,app_proto+port
2025-07-19T23:03:33.609904+0700,103.195.142.196,87.98.154.61,53,38239,UDP,flow,failed,1051719800535097,,1,1,0,1437,0,0.0,1,1437,0,none,0,none,0,0,0,no_alert_unknown,no_alert_not_final_benign,-1,dns,port
2025-07-19T23:03:33.609923+0700,103.195.142.83,87.98.154.119,53,1218,UDP,flow,failed,624880124508245,,1,1,0,1190,0,0.0,1,1190,0,none,0,none,0,0,0,no_alert_unknown,no_alert_not_final_benign,-1,dns,port
2025-07-19T23:03:33.610071+0700,103.195.142.2,179.43.159.201,53,4494,UDP,flow,failed,781829872302265,,1,1,0,201,0,0.0,1,201,0,none,0,none,0,0,0,no_alert_unknown,no_alert_not_final_benign,-1,dns,port
2025-07-19T23:03:33.610090+0700,103.195.142.76,87.98.154.198,53,8953,UDP,flow,failed,556666212989119,,1,1,0,1469,0,0.0,1,1469,0,none,0,none,0,0,0,no_alert_unknown,no_alert_not_final_benign,-1,dns,port
2025-07-19T23:03:33.610187+0700,103.195.142.195,87.98.154.119,53,45041,UDP,flow,failed,1531324479256906,,1,1,0,1437,0,0.0,1,1437,0,none,0,none,0,0,0,no_alert_unknown,no_alert_not_final_benign,-1,dns,port
2025-07-19T23:03:33.610205+0700,103.195.142.74,118.98.44.50,4558,53,UDP,flow,dns,1345817931561365,,1,1,0,243,0,0.0,1,243,0,none,0,none,0,0,0,no_alert_unknown,no_alert_not_final_benign,-1,dns,app_proto+port
